210740000,2022-01-01T00:02:18,24.15597,-80.72839,11.5,59.3,58.0,LENA,IMO9347750,5BYF3,70,0,139,22,8.8,79,A
210740000,2022-01-01T00:03:58,24.15873,-80.72340,11.5,59.1,58.0,LENA,IMO9347750,5BYF3,70,0,139,22,8.8,79,A
210740000,2022-01-01T00:31:57,24.20588,-80.63903,11.6,58.2,59.0,LENA,IMO9347750,5BYF3,70,0,139,22,8.8,79,A
210740000,2022-01-01T00:38:58,24.21751,-80.61769,11.6,59.8,59.0,LENA,IMO9347750,5BYF3,70,0,139,22,8.8,79,A
210740000,2022-01-01T00:45:27,24.22817,-80.59794,11.5,59.6,62.0,LENA,IMO9347750,5BYF3,70,0,139,22,8.8,79,A
210740000,2022-01-01T00:43:08,24.22438,-80.60496,11.6,59.7,60.0,LENA,IMO9347750,5BYF3,70,0,139,22,8.8,79,A
210740000,2022-01-01T00:46:58,24.23051,-80.59326,11.5,62.0,62.0,LENA,IMO9347750,5BYF3,70,0,139,22,8.8,79,A
210740000,2022-01-01T00:52:48,24.23935,-80.57507,11.6,63.1,64.0,LENA,IMO9347750,5BYF3,70,0,139,22,8.8,79,A
210740000,2022-01-01T01:03:27,24.25341,-80.54243,10.0,64.6,66.0,LENA,IMO9347750,5BYF3,70,0,139,22,8.8,79,A
210740000,2022-01-01T01:13:29,24.26551,-80.51557,9.7,62.3,60.0,LENA,IMO9347750,5BYF3,70,0,139,22,8.8,79,A
210740000,2022-01-01T01:14:58,24.26758,-80.51184,9.4,59.0,62.0,LENA,IMO9347750,5BYF3,70,0,139,22,8.8,79,A
210740000,2022-01-01T01:16:08,24.26909,-80.50899,9.3,60.0,61.0,LENA,IMO9347750,5BYF3,70,0,139,22,8.8,79,A
210740000,2022-01-01T01:21:28,24.27612,-80.49608,9.1,59.1,61.0,LENA,IMO9347750,5BYF3,70,0,139,22,8.8,79,A
210740000,2022-01-01T01:25:37,24.28154,-80.48619,9.1,59.1,60.0,LENA,IMO9347750,5BYF3,70,0,139,22,8.8,79,A
210740000,2022-01-01T01:23:18,24.27851,-80.49168,9.1,59.0,60.0,LENA,IMO9347750,5BYF3,70,0,139,22,8.8,79,A
210740000,2022-01-01T01:24:27,24.28002,-80.48892,9.1,59.3,61.0,LENA,IMO9347750,5BYF3,70,0,139,22,8.8,79,A
210740000,2022-01-01T01:30:47,24.28829,-80.47383,9.1,59.4,60.0,LENA,IMO9347750,5BYF3,70,0,139,22,8.8,79,A
210740000,2022-01-01T01:29:17,24.28637,-80.47739,9.1,59.0,60.0,LENA,IMO9347750,5BYF3,70,0,139,22,8.8,79,A
210740000,2022-01-01T01:42:37,24.30372,-80.44552,9.1,59.5,61.0,LENA,IMO9347750,5BYF3,70,0,139,22,8.8,79,A
210740000,2022-01-01T00:57:58,24.24650,-80.55860,11.6,65.0,66.0,LENA,IMO9347750,5BYF3,70,0,139,22,8.8,79,A
210740000,2022-01-01T01:43:48,24.30530,-80.44263,9.1,59.0,60.0,LENA,IMO9347750,5BYF3,70,0,139,22,8.8,79,A
210740000,2022-01-01T01:47:18,24.30985,-80.43431,9.1,59.4,61.0,LENA,IMO9347750,5BYF3,70,0,139,22,8.8,79,A
210740000,2022-01-01T01:40:57,24.30153,-80.44952,9.1,58.7,60.0,LENA,IMO9347750,5BYF3,70,0,139,22,8.8,79,A
210740000,2022-01-01T01:52:48,24.31705,-80.42119,9.1,59.3,61.0,LENA,IMO9347750,5BYF3,70,0,139,22,8.8,79,A
210740000,2022-01-01T01:50:59,24.31469,-80.42549,9.1,59.2,61.0,LENA,IMO9347750,5BYF3,70,0,139,22,8.8,79,A
210740000,2022-01-01T01:55:49,24.32099,-80.41402,9.1,59.7,61.0,LENA,IMO9347750,5BYF3,70,0,139,22,8.8,79,A
210740000,2022-01-01T02:06:27,24.33479,-80.38868,9.0,59.3,60.0,LENA,IMO9347750,5BYF3,70,0,139,22,8.8,79,A
210740000,2022-01-01T02:07:37,24.33629,-80.38592,9.0,59.3,61.0,LENA,IMO9347750,5BYF3,70,0,139,22,8.8,79,A
210740000,2022-01-01T02:03:29,24.33099,-80.39574,9.0,59.4,61.0,LENA,IMO9347750,5BYF3,70,0,139,22,8.8,79,A
210740000,2022-01-01T02:08:57,24.33799,-80.38276,9.0,59.7,61.0,LENA,IMO9347750,5BYF3,70,0,139,22,8.8,79,A
210740000,2022-01-01T02:05:09,24.33311,-80.39179,9.0,60.0,61.0,LENA,IMO9347750,5BYF3,70,0,139,22,8.8,79,A
210740000,2022-01-01T02:11:57,24.34181,-80.37567,9.0,59.7,61.0,LENA,IMO9347750,5BYF3,70,0,139,22,8.8,79,A
210740000,2022-01-01T02:12:58,24.34310,-80.37329,8.9,59.1,60.0,LENA,IMO9347750,5BYF3,70,0,139,22,8.8,79,A
210740000,2022-01-01T02:15:38,24.34650,-80.36701,9.0,59.6,60.0,LENA,IMO9347750,5BYF3,70,0,139,22,8.8,79,A
210740000,2022-01-01T02:16:48,24.34801,-80.36423,9.0,59.0,60.0,LENA,IMO9347750,5BYF3,70,0,139,22,8.8,79,A
210740000,2022-01-01T02:21:49,24.35441,-80.35244,8.9,59.5,61.0,LENA,IMO9347750,5BYF3,70,0,139,22,8.8,79,A
210740000,2022-01-01T02:10:37,24.34010,-80.37885,9.0,59.3,60.0,LENA,IMO9347750,5BYF3,70,0,139,22,8.8,79,A
210740000,2022-01-01T02:22:58,24.35586,-80.34976,8.9,59.4,61.0,LENA,IMO9347750,5BYF3,70,0,139,22,8.8,79,A
210740000,2022-01-01T02:19:48,24.35184,-80.35714,8.9,59.7,61.0,LENA,IMO9347750,5BYF3,70,0,139,22,8.8,79,A
210740000,2022-01-01T02:18:27,24.35011,-80.36035,9.0,59.2,61.0,LENA,IMO9347750,5BYF3,70,0,139,22,8.8,79,A
210740000,2022-01-01T02:32:37,24.36799,-80.32729,8.8,59.9,61.0,LENA,IMO9347750,5BYF3,70,0,139,22,8.8,79,A
210740000,2022-01-01T02:34:08,24.36987,-80.32375,8.8,59.1,61.0,LENA,IMO9347750,5BYF3,70,0,139,22,8.8,79,A
210740000,2022-01-01T02:25:48,24.35945,-80.34310,8.9,59.4,61.0,LENA,IMO9347750,5BYF3,70,0,139,22,8.8,79,A
210740000,2022-01-01T02:35:29,24.37156,-80.32065,8.7,59.7,60.0,LENA,IMO9347750,5BYF3,70,0,139,22,8.8,79,A
210740000,2022-01-01T02:27:17,24.36132,-80.33964,8.8,59.6,61.0,LENA,IMO9347750,5BYF3,70,0,139,22,8.8,79,A
210740000,2022-01-01T02:36:37,24.37298,-80.31803,8.7,59.3,60.0,LENA,IMO9347750,5BYF3,70,0,139,22,8.8,79,A
210740000,2022-01-01T02:29:17,24.36379,-80.33500,8.8,59.5,60.0,LENA,IMO9347750,5BYF3,70,0,139,22,8.8,79,A
210740000,2022-01-01T02:39:08,24.37612,-80.31232,8.7,59.0,60.0,LENA,IMO9347750,5BYF3,70,0,139,22,8.8,79,A
210740000,2022-01-01T02:30:18,24.36508,-80.33264,8.8,59.0,61.0,LENA,IMO9347750,5BYF3,70,0,139,22,8.8,79,A
210740000,2022-01-01T02:31:29,24.36657,-80.32992,8.8,59.5,61.0,LENA,IMO9347750,5BYF3,70,0,139,22,8.8,79,A
210740000,2022-01-01T02:46:38,24.38549,-80.29510,8.7,58.8,60.0,LENA,IMO9347750,5BYF3,70,0,139,22,8.8,79,A
210740000,2022-01-01T02:37:49,24.37447,-80.31530,8.8,59.3,60.0,LENA,IMO9347750,5BYF3,70,0,139,22,8.8,79,A
210740000,2022-01-01T02:45:27,24.38401,-80.29781,8.7,59.2,60.0,LENA,IMO9347750,5BYF3,70,0,139,22,8.8,79,A
210740000,2022-01-01T02:42:38,24.38048,-80.30428,8.7,59.1,60.0,LENA,IMO9347750,5BYF3,70,0,139,22,8.8,79,A
210740000,2022-01-01T02:40:58,24.37839,-80.30814,8.7,59.7,61.0,LENA,IMO9347750,5BYF3,70,0,139,22,8.8,79,A
210740000,2022-01-01T02:47:57,24.38713,-80.29212,8.6,59.2,61.0,LENA,IMO9347750,5BYF3,70,0,139,22,8.8,79,A
210740000,2022-01-01T02:44:09,24.38239,-80.30080,8.7,59.1,61.0,LENA,IMO9347750,5BYF3,70,0,139,22,8.8,79,A
210740000,2022-01-01T03:04:49,24.40809,-80.25380,8.6,58.6,60.0,LENA,IMO9347750,5BYF3,70,0,139,22,8.8,79,A
210740000,2022-01-01T01:26:57,24.28329,-80.48298,9.1,59.2,60.0,LENA,IMO9347750,5BYF3,70,0,139,22,8.8,79,A
210740000,2022-01-01T02:57:18,24.39879,-80.27083,8.7,59.2,61.0,LENA,IMO9347750,5BYF3,70,0,139,22,8.8,79,A
210740000,2022-01-01T01:31:57,24.28979,-80.47107,9.1,59.3,60.0,LENA,IMO9347750,5BYF3,70,0,139,22,8.8,79,A
210740000,2022-01-01T03:05:57,24.40951,-80.25122,8.6,59.2,61.0,LENA,IMO9347750,5BYF3,70,0,139,22,8.8,79,A
210740000,2022-01-01T03:07:08,24.41102,-80.24851,8.7,58.6,60.0,LENA,IMO9347750,5BYF3,70,0,139,22,8.8,79,A
210740000,2022-01-01T03:01:37,24.40413,-80.26104,8.6,58.8,61.0,LENA,IMO9347750,5BYF3,70,0,139,22,8.8,79,A
210740000,2022-01-01T03:14:37,24.42040,-80.23172,8.5,58.2,61.0,LENA,IMO9347750,5BYF3,70,0,139,22,8.8,79,A
210740000,2022-01-01T02:51:58,24.39215,-80.28297,8.7,58.8,61.0,LENA,IMO9347750,5BYF3,70,0,139,22,8.8,79,A
210740000,2022-01-01T01:36:27,24.29563,-80.46025,9.1,59.1,61.0,LENA,IMO9347750,5BYF3,70,0,139,22,8.8,79,A
210740000,2022-01-01T03:21:37,24.42943,-80.21622,8.6,57.8,61.0,LENA,IMO9347750,5BYF3,70,0,139,22,8.8,79,A
210740000,2022-01-01T03:19:19,24.42643,-80.22133,8.6,57.3,60.0,LENA,IMO9347750,5BYF3,70,0,139,22,8.8,79,A
210740000,2022-01-01T03:02:57,24.40580,-80.25794,8.6,59.6,61.0,LENA,IMO9347750,5BYF3,70,0,139,22,8.8,79,A
210740000,2022-01-01T03:23:57,24.43242,-80.21107,8.5,58.1,61.0,LENA,IMO9347750,5BYF3,70,0,139,22,8.8,79,A
210740000,2022-01-01T03:27:38,24.43712,-80.20289,8.6,57.8,60.0,LENA,IMO9347750,5BYF3,70,0,139,22,8.8,79,A
210740000,2022-01-01T03:25:08,24.43394,-80.20844,8.6,57.3,60.0,LENA,IMO9347750,5BYF3,70,0,139,22,8.8,79,A
210740000,2022-01-01T03:20:28,24.42794,-80.21878,8.6,57.2,61.0,LENA,IMO9347750,5BYF3,70,0,139,22,8.8,79,A
210740000,2022-01-01T03:09:29,24.41390,-80.24319,8.6,59.5,60.0,LENA,IMO9347750,5BYF3,70,0,139,22,8.8,79,A
210740000,2022-01-01T03:31:17,24.44176,-80.19476,8.5,57.9,60.0,LENA,IMO9347750,5BYF3,70,0,139,22,8.8,79,A
210740000,2022-01-01T03:12:08,24.41724,-80.23721,8.5,58.4,60.0,LENA,IMO9347750,5BYF3,70,0,139,22,8.8,79,A
210740000,2022-01-01T03:26:19,24.43545,-80.20586,8.5,58.2,61.0,LENA,IMO9347750,5BYF3,70,0,139,22,8.8,79,A
210740000,2022-01-01T03:33:39,24.44476,-80.18962,8.5,57.4,61.0,LENA,IMO9347750,5BYF3,70,0,139,22,8.8,79,A
210740000,2022-01-01T01:45:57,24.30809,-80.43756,9.1,59.1,60.0,LENA,IMO9347750,5BYF3,70,0,139,22,8.8,79,A
210740000,2022-01-01T03:34:59,24.44648,-80.18665,8.6,58.1,61.0,LENA,IMO9347750,5BYF3,70,0,139,22,8.8,79,A
210740000,2022-01-01T03:36:07,24.44798,-80.18404,8.5,57.6,60.0,LENA,IMO9347750,5BYF3,70,0,139,22,8.8,79,A
210740000,2022-01-01T03:28:48,24.43861,-80.20030,8.5,57.7,61.0,LENA,IMO9347750,5BYF3,70,0,139,22,8.8,79,A
210740000,2022-01-01T03:18:09,24.42492,-80.22390,8.6,57.5,61.0,LENA,IMO9347750,5BYF3,70,0,139,22,8.8,79,A
210740000,2022-01-01T03:29:57,24.44005,-80.19775,8.5,58.3,61.0,LENA,IMO9347750,5BYF3,70,0,139,22,8.8,79,A
210740000,2022-01-01T03:40:59,24.45414,-80.17348,8.6,57.8,60.0,LENA,IMO9347750,5BYF3,70,0,139,22,8.8,79,A
210740000,2022-01-01T03:49:07,24.46464,-80.15540,8.6,57.6,60.0,LENA,IMO9347750,5BYF3,70,0,139,22,8.8,79,A
210740000,2022-01-01T03:39:37,24.45244,-80.17643,8.5,58.0,61.0,LENA,IMO9347750,5BYF3,70,0,139,22,8.8,79,A
210740000,2022-01-01T03:50:27,24.46640,-80.15241,8.6,57.3,60.0,LENA,IMO9347750,5BYF3,70,0,139,22,8.8,79,A
210740000,2022-01-01T03:44:27,24.45866,-80.16573,8.6,57.6,61.0,LENA,IMO9347750,5BYF3,70,0,139,22,8.8,79,A
210740000,2022-01-01T03:42:07,24.45560,-80.17094,8.6,57.9,60.0,LENA,IMO9347750,5BYF3,70,0,139,22,8.8,79,A
210740000,2022-01-01T03:46:38,24.46142,-80.16093,8.6,57.1,60.0,LENA,IMO9347750,5BYF3,70,0,139,22,8.8,79,A
210740000,2022-01-01T03:45:28,24.45990,-80.16352,8.5,58.0,61.0,LENA,IMO9347750,5BYF3,70,0,139,22,8.8,79,A
210740000,2022-01-01T03:43:18,24.45714,-80.16829,8.6,57.2,60.0,LENA,IMO9347750,5BYF3,70,0,139,22,8.8,79,A
210740000,2022-01-01T03:38:28,24.45099,-80.17896,8.5,57.2,61.0,LENA,IMO9347750,5BYF3,70,0,139,22,8.8,79,A
210740000,2022-01-01T03:58:28,24.47677,-80.13458,8.6,57.5,60.0,LENA,IMO9347750,5BYF3,70,0,139,22,8.8,79,A
210740000,2022-01-01T03:37:18,24.44948,-80.18151,8.5,57.1,61.0,LENA,IMO9347750,5BYF3,70,0,139,22,8.8,79,A
210740000,2022-01-01T03:55:08,24.47243,-80.14205,8.6,57.8,61.0,LENA,IMO9347750,5BYF3,70,0,139,22,8.8,79,A
210740000,2022-01-01T03:53:58,24.47093,-80.14463,8.6,57.5,60.0,LENA,IMO9347750,5BYF3,70,0,139,22,8.8,79,A
210740000,2022-01-01T03:51:38,24.46792,-80.14983,8.6,57.5,61.0,LENA,IMO9347750,5BYF3,70,0,139,22,8.8,79,A
210740000,2022-01-01T03:47:47,24.46291,-80.15837,8.6,58.0,61.0,LENA,IMO9347750,5BYF3,70,0,139,22,8.8,79,A
210740000,2022-01-01T02:01:48,24.32880,-80.39979,9.0,59.4,61.0,LENA,IMO9347750,5BYF3,70,0,139,22,8.8,79,A
210740000,2022-01-01T04:07:27,24.48836,-80.11465,8.6,57.6,60.0,LENA,IMO9347750,5BYF3,70,0,139,22,8.8,79,A
210740000,2022-01-01T04:11:57,24.49416,-80.10453,8.7,57.8,60.0,LENA,IMO9347750,5BYF3,70,0,139,22,8.8,79,A
210740000,2022-01-01T04:05:17,24.48560,-80.11945,8.6,57.2,61.0,LENA,IMO9347750,5BYF3,70,0,139,22,8.8,79,A
210740000,2022-01-01T04:15:27,24.49868,-80.09662,8.6,57.8,60.0,LENA,IMO9347750,5BYF3,70,0,139,22,8.8,79,A
210740000,2022-01-01T03:57:19,24.47525,-80.13720,8.6,57.6,61.0,LENA,IMO9347750,5BYF3,70,0,139,22,8.8,79,A
210740000,2022-01-01T04:09:38,24.49120,-80.10977,8.7,58.2,61.0,LENA,IMO9347750,5BYF3,70,0,139,22,8.8,79,A
210740000,2022-01-01T04:14:18,24.49717,-80.09925,8.6,58.0,60.0,LENA,IMO9347750,5BYF3,70,0,139,22,8.8,79,A
210740000,2022-01-01T04:10:47,24.49269,-80.10711,8.7,58.4,60.0,LENA,IMO9347750,5BYF3,70,0,139,22,8.8,79,A
210740000,2022-01-01T03:59:38,24.47827,-80.13201,8.6,57.5,61.0,LENA,IMO9347750,5BYF3,70,0,139,22,8.8,79,A
210740000,2022-01-01T03:56:18,24.47395,-80.13942,8.6,57.5,60.0,LENA,IMO9347750,5BYF3,70,0,139,22,8.8,79,A
210740000,2022-01-01T04:17:57,24.50185,-80.09105,8.6,58.5,60.0,LENA,IMO9347750,5BYF3,70,0,139,22,8.8,79,A
210740000,2022-01-01T04:23:47,24.50929,-80.07792,8.6,58.0,61.0,LENA,IMO9347750,5BYF3,70,0,139,22,8.8,79,A
210740000,2022-01-01T04:19:08,24.50335,-80.08839,8.6,58.5,60.0,LENA,IMO9347750,5BYF3,70,0,139,22,8.8,79,A
210740000,2022-01-01T04:06:18,24.48692,-80.11716,8.6,58.0,61.0,LENA,IMO9347750,5BYF3,70,0,139,22,8.8,79,A
210740000,2022-01-01T04:01:47,24.48106,-80.12722,8.7,57.2,60.0,LENA,IMO9347750,5BYF3,70,0,139,22,8.8,79,A
210740000,2022-01-01T04:21:28,24.50632,-80.08311,8.6,58.8,60.0,LENA,IMO9347750,5BYF3,70,0,139,22,8.8,79,A
210740000,2022-01-01T04:28:37,24.51539,-80.06708,8.7,57.7,60.0,LENA,IMO9347750,5BYF3,70,0,139,22,8.8,79,A
210740000,2022-01-01T04:24:58,24.51078,-80.07528,8.6,58.9,61.0,LENA,IMO9347750,5BYF3,70,0,139,22,8.8,79,A
210740000,2022-01-01T04:20:18,24.50484,-80.08575,8.7,58.2,61.0,LENA,IMO9347750,5BYF3,70,0,139,22,8.8,79,A
210740000,2022-01-01T04:36:18,24.52520,-80.04974,8.6,58.3,60.0,LENA,IMO9347750,5BYF3,70,0,139,22,8.8,79,A
210740000,2022-01-01T04:29:49,24.51693,-80.06440,8.6,58.7,61.0,LENA,IMO9347750,5BYF3,70,0,139,22,8.8,79,A
210740000,2022-01-01T04:26:08,24.51224,-80.07266,8.6,58.4,60.0,LENA,IMO9347750,5BYF3,70,0,139,22,8.8,79,A
210740000,2022-01-01T04:13:09,24.49575,-80.10180,8.6,58.3,61.0,LENA,IMO9347750,5BYF3,70,0,139,22,8.8,79,A
210740000,2022-01-01T04:16:38,24.50017,-80.09401,8.6,58.1,61.0,LENA,IMO9347750,5BYF3,70,0,139,22,8.8,79,A
210740000,2022-01-01T04:27:18,24.51372,-80.07004,8.6,58.5,60.0,LENA,IMO9347750,5BYF3,70,0,139,22,8.8,79,A
210740000,2022-01-01T04:42:17,24.53281,-80.03647,8.5,57.3,60.0,LENA,IMO9347750,5BYF3,70,0,139,22,8.8,79,A
210740000,2022-01-01T04:30:59,24.51839,-80.06179,8.7,58.6,60.0,LENA,IMO9347750,5BYF3,70,0,139,22,8.8,79,A
210740000,2022-01-01T04:32:07,24.51988,-80.05916,8.7,58.2,60.0,LENA,IMO9347750,5BYF3,70,0,139,22,8.8,79,A
210740000,2022-01-01T04:35:07,24.52372,-80.05241,8.6,58.6,61.0,LENA,IMO9347750,5BYF3,70,0,139,22,8.8,79,A
210740000,2022-01-01T04:39:58,24.52989,-80.04158,8.5,58.3,61.0,LENA,IMO9347750,5BYF3,70,0,139,22,8.8,79,A
210740000,2022-01-01T04:41:07,24.53133,-80.03907,8.5,58.2,61.0,LENA,IMO9347750,5BYF3,70,0,139,22,8.8,79,A
210740000,2022-01-01T04:51:49,24.54495,-80.01588,8.3,56.8,61.0,LENA,IMO9347750,5BYF3,70,0,139,22,8.8,79,A
210740000,2022-01-01T04:43:28,24.53433,-80.03389,8.5,57.5,61.0,LENA,IMO9347750,5BYF3,70,0,139,22,8.8,79,A
210740000,2022-01-01T04:44:38,24.53578,-80.03135,8.5,58.0,60.0,LENA,IMO9347750,5BYF3,70,0,139,22,8.8,79,A
210740000,2022-01-01T04:37:29,24.52673,-80.04711,8.5,57.8,60.0,LENA,IMO9347750,5BYF3,70,0,139,22,8.8,79,A
210740000,2022-01-01T04:33:28,24.52162,-80.05613,8.7,57.8,60.0,LENA,IMO9347750,5BYF3,70,0,139,22,8.8,79,A
210740000,2022-01-01T04:46:58,24.53875,-80.02631,8.4,57.2,61.0,LENA,IMO9347750,5BYF3,70,0,139,22,8.8,79,A
210740000,2022-01-01T04:38:48,24.52845,-80.04417,8.5,58.2,61.0,LENA,IMO9347750,5BYF3,70,0,139,22,8.8,79,A
210740000,2022-01-01T04:48:07,24.54022,-80.02381,8.4,57.2,61.0,LENA,IMO9347750,5BYF3,70,0,139,22,8.8,79,A
210740000,2022-01-01T05:04:58,24.56237,-79.98820,8.4,55.3,61.0,LENA,IMO9347750,5BYF3,70,0,139,22,8.8,79,A
210740000,2022-01-01T04:50:37,24.54341,-80.01841,8.3,56.6,60.0,LENA,IMO9347750,5BYF3,70,0,139,22,8.8,79,A
210740000,2022-01-01T04:45:48,24.53725,-80.02881,8.4,57.1,60.0,LENA,IMO9347750,5BYF3,70,0,139,22,8.8,79,A
210740000,2022-01-01T04:57:38,24.55255,-80.00361,8.3,55.6,62.0,LENA,IMO9347750,5BYF3,70,0,139,22,8.8,79,A
210740000,2022-01-01T05:02:47,24.55941,-79.99278,8.4,54.8,60.0,LENA,IMO9347750,5BYF3,70,0,139,22,8.8,79,A
210740000,2022-01-01T04:56:37,24.55119,-80.00573,8.3,54.6,60.0,LENA,IMO9347750,5BYF3,70,0,139,22,8.8,79,A
210740000,2022-01-01T04:49:29,24.54195,-80.02085,8.4,57.4,60.0,LENA,IMO9347750,5BYF3,70,0,139,22,8.8,79,A
210740000,2022-01-01T05:01:38,24.55785,-79.99522,8.4,54.9,60.0,LENA,IMO9347750,5BYF3,70,0,139,22,8.8,79,A
210740000,2022-01-01T05:03:57,24.56100,-79.99033,8.4,54.8,61.0,LENA,IMO9347750,5BYF3,70,0,139,22,8.8,79,A
210740000,2022-01-01T04:58:47,24.55404,-80.00119,8.3,56.1,61.0,LENA,IMO9347750,5BYF3,70,0,139,22,8.8,79,A
210740000,2022-01-01T05:13:07,24.57339,-79.97093,8.5,54.8,60.0,LENA,IMO9347750,5BYF3,70,0,139,22,8.8,79,A
210740000,2022-01-01T05:09:38,24.56868,-79.97833,8.5,54.5,60.0,LENA,IMO9347750,5BYF3,70,0,139,22,8.8,79,A
210740000,2022-01-01T05:07:17,24.56551,-79.98331,8.4,54.9,60.0,LENA,IMO9347750,5BYF3,70,0,139,22,8.8,79,A
210740000,2022-01-01T05:10:48,24.57024,-79.97585,8.4,55.2,61.0,LENA,IMO9347750,5BYF3,70,0,139,22,8.8,79,A
210740000,2022-01-01T05:08:27,24.56709,-79.98081,8.4,55.5,60.0,LENA,IMO9347750,5BYF3,70,0,139,22,8.8,79,A
210740000,2022-01-01T05:14:18,24.57502,-79.96848,8.4,54.2,61.0,LENA,IMO9347750,5BYF3,70,0,139,22,8.8,79,A
210740000,2022-01-01T05:24:57,24.58933,-79.94598,8.4,55.4,60.0,LENA,IMO9347750,5BYF3,70,0,139,22,8.8,79,A
210740000,2022-01-01T05:28:28,24.59398,-79.93851,8.4,55.9,61.0,LENA,IMO9347750,5BYF3,70,0,139,22,8.8,79,A
210740000,2022-01-01T05:19:07,24.58150,-79.95836,8.4,55.0,61.0,LENA,IMO9347750,5BYF3,70,0,139,22,8.8,79,A
210740000,2022-01-01T05:11:58,24.57180,-79.97340,8.5,55.3,61.0,LENA,IMO9347750,5BYF3,70,0,139,22,8.8,79,A
210740000,2022-01-01T05:26:07,24.59085,-79.94353,8.4,56.1,61.0,LENA,IMO9347750,5BYF3,70,0,139,22,8.8,79,A
210740000,2022-01-01T05:21:18,24.58442,-79.95376,8.4,55.9,60.0,LENA,IMO9347750,5BYF3,70,0,139,22,8.8,79,A
210740000,2022-01-01T05:23:48,24.58778,-79.94844,8.4,55.4,60.0,LENA,IMO9347750,5BYF3,70,0,139,22,8.8,79,A
210740000,2022-01-01T05:39:57,24.60913,-79.91366,8.5,56.1,60.0,LENA,IMO9347750,5BYF3,70,0,139,22,8.8,79,A
210740000,2022-01-01T05:32:58,24.59992,-79.92884,8.5,56.0,61.0,LENA,IMO9347750,5BYF3,70,0,139,22,8.8,79,A
210740000,2022-01-01T05:20:09,24.58291,-79.95616,8.4,55.0,61.0,LENA,IMO9347750,5BYF3,70,0,139,22,8.8,79,A
210740000,2022-01-01T05:36:29,24.60456,-79.92119,8.5,56.3,60.0,LENA,IMO9347750,5BYF3,70,0,139,22,8.8,79,A
210740000,2022-01-01T05:50:38,24.62302,-79.89057,8.4,57.1,60.0,LENA,IMO9347750,5BYF3,70,0,139,22,8.8,79,A
210740000,2022-01-01T05:37:38,24.60609,-79.91870,8.5,56.0,61.0,LENA,IMO9347750,5BYF3,70,0,139,22,8.8,79,A
210740000,2022-01-01T05:38:48,24.60762,-79.91616,8.5,57.0,61.0,LENA,IMO9347750,5BYF3,70,0,139,22,8.8,79,A
210740000,2022-01-01T05:27:18,24.59243,-79.94101,8.4,55.2,60.0,LENA,IMO9347750,5BYF3,70,0,139,22,8.8,79,A
210740000,2022-01-01T05:43:27,24.61369,-79.90615,8.5,57.2,61.0,LENA,IMO9347750,5BYF3,70,0,139,22,8.8,79,A
210740000,2022-01-01T05:45:47,24.61673,-79.90109,8.5,56.6,60.0,LENA,IMO9347750,5BYF3,70,0,139,22,8.8,79,A
210740000,2022-01-01T05:41:07,24.61068,-79.91115,8.4,55.7,60.0,LENA,IMO9347750,5BYF3,70,0,139,22,8.8,79,A
210740000,2022-01-01T05:31:47,24.59834,-79.93139,8.5,56.1,60.0,LENA,IMO9347750,5BYF3,70,0,139,22,8.8,79,A
210740000,2022-01-01T05:34:07,24.60144,-79.92633,8.5,56.4,61.0,LENA,IMO9347750,5BYF3,70,0,139,22,8.8,79,A
210740000,2022-01-01T05:42:17,24.61219,-79.90867,8.4,56.6,61.0,LENA,IMO9347750,5BYF3,70,0,139,22,8.8,79,A
210740000,2022-01-01T05:47:08,24.61853,-79.89811,8.5,56.4,60.0,LENA,IMO9347750,5BYF3,70,0,139,22,8.8,79,A
210740000,2022-01-01T02:49:08,24.38863,-80.28942,8.7,59.2,61.0,LENA,IMO9347750,5BYF3,70,0,139,22,8.8,79,A
210740000,2022-01-01T05:51:47,24.62450,-79.88806,8.4,56.9,60.0,LENA,IMO9347750,5BYF3,70,0,139,22,8.8,79,A
210740000,2022-01-01T05:49:28,24.62152,-79.89310,8.4,57.1,61.0,LENA,IMO9347750,5BYF3,70,0,139,22,8.8,79,A
210740000,2022-01-01T06:11:17,24.64918,-79.84666,8.1,57.4,61.0,LENA,IMO9347750,5BYF3,70,0,139,22,8.8,79,A
210740000,2022-01-01T02:54:48,24.39568,-80.27651,8.7,59.4,61.0,LENA,IMO9347750,5BYF3,70,0,139,22,8.8,79,A
210740000,2022-01-01T05:58:58,24.63375,-79.87265,8.3,57.3,61.0,LENA,IMO9347750,5BYF3,70,0,139,22,8.8,79,A
210740000,2022-01-01T05:52:58,24.62604,-79.88555,8.4,56.4,60.0,LENA,IMO9347750,5BYF3,70,0,139,22,8.8,79,A
210740000,2022-01-01T05:44:39,24.61524,-79.90355,8.5,56.7,60.0,LENA,IMO9347750,5BYF3,70,0,139,22,8.8,79,A
210740000,2022-01-01T06:04:08,24.64029,-79.86164,8.2,57.0,60.0,LENA,IMO9347750,5BYF3,70,0,139,22,8.8,79,A
210740000,2022-01-01T05:56:27,24.63052,-79.87799,8.4,57.2,60.0,LENA,IMO9347750,5BYF3,70,0,139,22,8.8,79,A
210740000,2022-01-01T06:06:38,24.64343,-79.85639,8.1,56.9,60.0,LENA,IMO9347750,5BYF3,70,0,139,22,8.8,79,A
210740000,2022-01-01T05:57:38,24.63205,-79.87547,8.4,56.2,60.0,LENA,IMO9347750,5BYF3,70,0,139,22,8.8,79,A
210740000,2022-01-01T05:48:18,24.62004,-79.89561,8.4,56.9,61.0,LENA,IMO9347750,5BYF3,70,0,139,22,8.8,79,A
210740000,2022-01-01T06:05:29,24.64197,-79.85882,8.1,57.0,61.0,LENA,IMO9347750,5BYF3,70,0,139,22,8.8,79,A
210740000,2022-01-01T06:26:18,24.67391,-79.82302,8.0,27.2,25.0,LENA,IMO9347750,5BYF3,70,0,139,22,8.8,79,A
210740000,2022-01-01T06:07:47,24.64488,-79.85395,8.2,57.2,60.0,LENA,IMO9347750,5BYF3,70,0,139,22,8.8,79,A
210740000,2022-01-01T06:10:07,24.64774,-79.84911,8.1,57.2,60.0,LENA,IMO9347750,5BYF3,70,0,139,22,8.8,79,A
210740000,2022-01-01T06:15:07,24.65386,-79.83869,8.0,57.2,61.0,LENA,IMO9347750,5BYF3,70,0,139,22,8.8,79,A
210740000,2022-01-01T06:12:29,24.65064,-79.84415,8.1,57.4,61.0,LENA,IMO9347750,5BYF3,70,0,139,22,8.8,79,A
210740000,2022-01-01T06:21:48,24.66492,-79.82824,8.0,31.0,28.0,LENA,IMO9347750,5BYF3,70,0,139,22,8.8,79,A
210740000,2022-01-01T06:18:19,24.65823,-79.83257,7.9,35.0,27.0,LENA,IMO9347750,5BYF3,70,0,139,22,8.8,79,A
210740000,2022-01-01T06:17:18,24.65657,-79.83417,8.0,52.0,41.0,LENA,IMO9347750,5BYF3,70,0,139,22,8.8,79,A
210740000,2022-01-01T06:19:28,24.66047,-79.83116,8.0,29.3,29.0,LENA,IMO9347750,5BYF3,70,0,139,22,8.8,79,A
210740000,2022-01-01T06:13:38,24.65208,-79.84171,8.0,57.3,61.0,LENA,IMO9347750,5BYF3,70,0,139,22,8.8,79,A
210740000,2022-01-01T06:22:58,24.66722,-79.82681,8.1,28.4,25.0,LENA,IMO9347750,5BYF3,70,0,139,22,8.8,79,A
210740000,2022-01-01T03:08:17,24.41247,-80.24591,8.7,59.2,61.0,LENA,IMO9347750,5BYF3,70,0,139,22,8.8,79,A
210740000,2022-01-01T06:16:17,24.65528,-79.83626,7.9,58.5,59.0,LENA,IMO9347750,5BYF3,70,0,139,22,8.8,79,A
210740000,2022-01-01T06:24:08,24.66958,-79.82548,8.1,27.3,25.0,LENA,IMO9347750,5BYF3,70,0,139,22,8.8,79,A
210740000,2022-01-01T03:10:39,24.41536,-80.24055,8.6,58.8,60.0,LENA,IMO9347750,5BYF3,70,0,139,22,8.8,79,A
210740000,2022-01-01T06:28:57,24.67924,-79.82004,8.1,27.4,25.0,LENA,IMO9347750,5BYF3,70,0,139,22,8.8,79,A
210740000,2022-01-01T06:20:37,24.66269,-79.82972,8.0,31.5,30.0,LENA,IMO9347750,5BYF3,70,0,139,22,8.8,79,A
210740000,2022-01-01T06:29:58,24.68128,-79.81890,8.1,27.0,24.0,LENA,IMO9347750,5BYF3,70,0,139,22,8.8,79,A
210740000,2022-01-01T06:32:08,24.68570,-79.81650,8.1,25.7,25.0,LENA,IMO9347750,5BYF3,70,0,139,22,8.8,79,A
210740000,2022-01-01T06:33:18,24.68809,-79.81521,8.1,26.8,25.0,LENA,IMO9347750,5BYF3,70,0,139,22,8.8,79,A
210740000,2022-01-01T06:31:07,24.68363,-79.81761,8.1,26.2,24.0,LENA,IMO9347750,5BYF3,70,0,139,22,8.8,79,A
210740000,2022-01-01T03:13:18,24.41871,-80.23465,8.5,57.9,60.0,LENA,IMO9347750,5BYF3,70,0,139,22,8.8,79,A
210740000,2022-01-01T06:34:28,24.69048,-79.81386,8.1,27.1,25.0,LENA,IMO9347750,5BYF3,70,0,139,22,8.8,79,A
210740000,2022-01-01T06:41:58,24.70562,-79.80537,8.1,27.9,27.0,LENA,IMO9347750,5BYF3,70,0,139,22,8.8,79,A
210740000,2022-01-01T06:37:08,24.69585,-79.81095,8.1,26.7,26.0,LENA,IMO9347750,5BYF3,70,0,139,22,8.8,79,A
210740000,2022-01-01T07:01:58,24.74586,-79.78279,8.1,26.7,27.0,LENA,IMO9347750,5BYF3,70,0,139,22,8.8,79,A
210740000,2022-01-01T06:27:38,24.67660,-79.82150,8.0,26.9,25.0,LENA,IMO9347750,5BYF3,70,0,139,22,8.8,79,A
210740000,2022-01-01T06:39:37,24.70085,-79.80807,8.1,27.3,26.0,LENA,IMO9347750,5BYF3,70,0,139,22,8.8,79,A
210740000,2022-01-01T06:44:17,24.71028,-79.80272,8.1,27.4,26.0,LENA,IMO9347750,5BYF3,70,0,139,22,8.8,79,A
210740000,2022-01-01T03:15:48,24.42190,-80.22908,8.6,57.6,60.0,LENA,IMO9347750,5BYF3,70,0,139,22,8.8,79,A
210740000,2022-01-01T03:16:49,24.42321,-80.22686,8.5,57.3,61.0,LENA,IMO9347750,5BYF3,70,0,139,22,8.8,79,A
210740000,2022-01-01T07:06:57,24.75586,-79.77725,8.1,27.3,26.0,LENA,IMO9347750,5BYF3,70,0,139,22,8.8,79,A
210740000,2022-01-01T06:43:08,24.70792,-79.80405,8.1,27.3,26.0,LENA,IMO9347750,5BYF3,70,0,139,22,8.8,79,A
210740000,2022-01-01T06:45:27,24.71263,-79.80139,8.1,27.3,27.0,LENA,IMO9347750,5BYF3,70,0,139,22,8.8,79,A
210740000,2022-01-01T06:25:17,24.67190,-79.82415,8.1,27.5,25.0,LENA,IMO9347750,5BYF3,70,0,139,22,8.8,79,A
210740000,2022-01-01T06:46:37,24.71499,-79.80003,8.1,27.7,27.0,LENA,IMO9347750,5BYF3,70,0,139,22,8.8,79,A
210740000,2022-01-01T06:47:47,24.71729,-79.79873,8.1,27.3,27.0,LENA,IMO9347750,5BYF3,70,0,139,22,8.8,79,A
210740000,2022-01-01T06:38:19,24.69822,-79.80960,8.1,28.4,27.0,LENA,IMO9347750,5BYF3,70,0,139,22,8.8,79,A
210740000,2022-01-01T06:53:58,24.72977,-79.79175,8.1,26.8,26.0,LENA,IMO9347750,5BYF3,70,0,139,22,8.8,79,A
210740000,2022-01-01T07:15:47,24.77358,-79.76722,8.0,27.6,27.0,LENA,IMO9347750,5BYF3,70,0,139,22,8.8,79,A
210740000,2022-01-01T03:22:48,24.43094,-80.21362,8.6,57.5,61.0,LENA,IMO9347750,5BYF3,70,0,139,22,8.8,79,A
210740000,2022-01-01T06:48:59,24.71967,-79.79738,8.1,27.4,26.0,LENA,IMO9347750,5BYF3,70,0,139,22,8.8,79,A
210740000,2022-01-01T06:55:38,24.73313,-79.78988,8.1,26.9,27.0,LENA,IMO9347750,5BYF3,70,0,139,22,8.8,79,A
210740000,2022-01-01T06:50:08,24.72205,-79.79605,8.1,27.0,26.0,LENA,IMO9347750,5BYF3,70,0,139,22,8.8,79,A
210740000,2022-01-01T06:51:27,24.72467,-79.79459,8.1,26.8,26.0,LENA,IMO9347750,5BYF3,70,0,139,22,8.8,79,A
210740000,2022-01-01T07:19:18,24.78061,-79.76327,7.9,27.2,27.0,LENA,IMO9347750,5BYF3,70,0,139,22,8.8,79,A
210740000,2022-01-01T06:56:58,24.73579,-79.78836,8.1,27.4,27.0,LENA,IMO9347750,5BYF3,70,0,139,22,8.8,79,A
210740000,2022-01-01T06:40:48,24.70326,-79.80672,8.1,27.1,27.0,LENA,IMO9347750,5BYF3,70,0,139,22,8.8,79,A
210740000,2022-01-01T07:05:47,24.75353,-79.77855,8.0,27.0,26.0,LENA,IMO9347750,5BYF3,70,0,139,22,8.8,79,A
210740000,2022-01-01T07:03:17,24.74852,-79.78132,8.0,27.6,27.0,LENA,IMO9347750,5BYF3,70,0,139,22,8.8,79,A
210740000,2022-01-01T07:09:18,24.76061,-79.77459,8.1,27.7,27.0,LENA,IMO9347750,5BYF3,70,0,139,22,8.8,79,A
210740000,2022-01-01T06:52:48,24.72739,-79.79308,8.1,27.3,26.0,LENA,IMO9347750,5BYF3,70,0,139,22,8.8,79,A
210740000,2022-01-01T07:10:38,24.76322,-79.77309,8.1,27.7,26.0,LENA,IMO9347750,5BYF3,70,0,139,22,8.8,79,A
210740000,2022-01-01T06:58:08,24.73810,-79.78707,8.1,27.2,27.0,LENA,IMO9347750,5BYF3,70,0,139,22,8.8,79,A
210740000,2022-01-01T07:12:57,24.76794,-79.77043,8.0,27.9,27.0,LENA,IMO9347750,5BYF3,70,0,139,22,8.8,79,A
210740000,2022-01-01T07:22:58,24.78808,-79.75950,8.0,18.4,15.0,LENA,IMO9347750,5BYF3,70,0,139,22,8.8,79,A
210740000,2022-01-01T07:18:08,24.77827,-79.76458,8.0,27.0,26.0,LENA,IMO9347750,5BYF3,70,0,139,22,8.8,79,A
210740000,2022-01-01T07:16:58,24.77592,-79.76589,8.0,27.4,26.0,LENA,IMO9347750,5BYF3,70,0,139,22,8.8,79,A
210740000,2022-01-01T07:20:47,24.78356,-79.76154,8.0,28.8,25.0,LENA,IMO9347750,5BYF3,70,0,139,22,8.8,79,A
210740000,2022-01-01T07:50:08,24.84891,-79.73851,8.9,17.9,15.0,LENA,IMO9347750,5BYF3,70,0,139,22,8.8,79,A
210740000,2022-01-01T07:53:37,24.85721,-79.73598,8.8,17.1,18.0,LENA,IMO9347750,5BYF3,70,0,139,22,8.8,79,A
210740000,2022-01-01T07:28:18,24.79935,-79.75562,7.9,17.6,16.0,LENA,IMO9347750,5BYF3,70,0,139,22,8.8,79,A
210740000,2022-01-01T07:54:38,24.85963,-79.73518,8.8,15.8,15.0,LENA,IMO9347750,5BYF3,70,0,139,22,8.8,79,A
210740000,2022-01-01T07:32:18,24.80779,-79.75272,7.8,17.6,16.0,LENA,IMO9347750,5BYF3,70,0,139,22,8.8,79,A
210740000,2022-01-01T07:29:29,24.80183,-79.75475,7.9,17.5,15.0,LENA,IMO9347750,5BYF3,70,0,139,22,8.8,79,A
210740000,2022-01-01T03:32:28,24.44326,-80.19220,8.5,57.3,60.0,LENA,IMO9347750,5BYF3,70,0,139,22,8.8,79,A
210740000,2022-01-01T07:33:27,24.81019,-79.75188,7.9,17.1,15.0,LENA,IMO9347750,5BYF3,70,0,139,22,8.8,79,A
210740000,2022-01-01T07:34:38,24.81271,-79.75103,8.0,17.0,15.0,LENA,IMO9347750,5BYF3,70,0,139,22,8.8,79,A
210740000,2022-01-01T07:21:48,24.78558,-79.76045,8.0,23.2,17.0,LENA,IMO9347750,5BYF3,70,0,139,22,8.8,79,A
210740000,2022-01-01T07:14:37,24.77125,-79.76855,8.0,27.3,27.0,LENA,IMO9347750,5BYF3,70,0,139,22,8.8,79,A
210740000,2022-01-01T07:44:08,24.83463,-79.74352,8.8,18.0,15.0,LENA,IMO9347750,5BYF3,70,0,139,22,8.8,79,A
210740000,2022-01-01T07:45:18,24.83746,-79.74254,8.9,17.6,15.0,LENA,IMO9347750,5BYF3,70,0,139,22,8.8,79,A
210740000,2022-01-01T07:24:09,24.79056,-79.75865,8.0,17.0,14.0,LENA,IMO9347750,5BYF3,70,0,139,22,8.8,79,A
210740000,2022-01-01T07:25:18,24.79307,-79.75785,8.0,16.5,15.0,LENA,IMO9347750,5BYF3,70,0,139,22,8.8,79,A
210740000,2022-01-01T07:38:27,24.82133,-79.74817,8.7,17.1,15.0,LENA,IMO9347750,5BYF3,70,0,139,22,8.8,79,A
210740000,2022-01-01T07:47:48,24.84335,-79.74047,8.9,18.0,15.0,LENA,IMO9347750,5BYF3,70,0,139,22,8.8,79,A
210740000,2022-01-01T07:43:07,24.83233,-79.74434,8.8,18.0,15.0,LENA,IMO9347750,5BYF3,70,0,139,22,8.8,79,A
210740000,2022-01-01T07:41:58,24.82959,-79.74532,8.8,17.8,16.0,LENA,IMO9347750,5BYF3,70,0,139,22,8.8,79,A
210740000,2022-01-01T07:26:29,24.79557,-79.75696,7.9,18.4,16.0,LENA,IMO9347750,5BYF3,70,0,139,22,8.8,79,A
210740000,2022-01-01T07:36:08,24.81600,-79.74995,8.3,16.9,15.0,LENA,IMO9347750,5BYF3,70,0,139,22,8.8,79,A
210740000,2022-01-01T07:56:07,24.86320,-79.73416,9.0,13.5,15.0,LENA,IMO9347750,5BYF3,70,0,139,22,8.8,79,A
210740000,2022-01-01T07:52:28,24.85451,-79.73679,8.9,13.9,15.0,LENA,IMO9347750,5BYF3,70,0,139,22,8.8,79,A
210740000,2022-01-01T07:40:48,24.82686,-79.74626,8.8,17.4,15.0,LENA,IMO9347750,5BYF3,70,0,139,22,8.8,79,A
210740000,2022-01-01T07:57:19,24.86614,-79.73338,9.1,13.5,15.0,LENA,IMO9347750,5BYF3,70,0,139,22,8.8,79,A
210740000,2022-01-01T07:48:59,24.84617,-79.73949,8.9,17.3,15.0,LENA,IMO9347750,5BYF3,70,0,139,22,8.8,79,A
210740000,2022-01-01T07:59:39,24.87197,-79.73179,9.2,14.1,16.0,LENA,IMO9347750,5BYF3,70,0,139,22,8.8,79,A
210740000,2022-01-01T08:03:09,24.88076,-79.72952,9.3,12.6,15.0,LENA,IMO9347750,5BYF3,70,0,139,22,8.8,79,A
210740000,2022-01-01T07:39:38,24.82410,-79.74721,8.8,17.6,16.0,LENA,IMO9347750,5BYF3,70,0,139,22,8.8,79,A
210740000,2022-01-01T08:04:19,24.88378,-79.72880,9.4,11.9,15.0,LENA,IMO9347750,5BYF3,70,0,139,22,8.8,79,A
210740000,2022-01-01T07:58:27,24.86895,-79.73261,9.1,13.7,16.0,LENA,IMO9347750,5BYF3,70,0,139,22,8.8,79,A
210740000,2022-01-01T08:06:38,24.88972,-79.72751,9.3,12.2,17.0,LENA,IMO9347750,5BYF3,70,0,139,22,8.8,79,A
210740000,2022-01-01T08:08:57,24.89560,-79.72608,9.1,12.8,18.0,LENA,IMO9347750,5BYF3,70,0,139,22,8.8,79,A
210740000,2022-01-01T08:09:58,24.89813,-79.72542,9.0,13.8,19.0,LENA,IMO9347750,5BYF3,70,0,139,22,8.8,79,A
210740000,2022-01-01T08:12:28,24.90420,-79.72383,8.9,13.2,19.0,LENA,IMO9347750,5BYF3,70,0,139,22,8.8,79,A
210740000,2022-01-01T08:14:49,24.90986,-79.72237,8.9,13.4,18.0,LENA,IMO9347750,5BYF3,70,0,139,22,8.8,79,A
210740000,2022-01-01T07:51:19,24.85170,-79.73756,8.9,16.7,14.0,LENA,IMO9347750,5BYF3,70,0,139,22,8.8,79,A
210740000,2022-01-01T08:05:27,24.88666,-79.72818,9.4,10.9,16.0,LENA,IMO9347750,5BYF3,70,0,139,22,8.8,79,A
210740000,2022-01-01T03:52:48,24.46943,-80.14725,8.6,57.9,61.0,LENA,IMO9347750,5BYF3,70,0,139,22,8.8,79,A
210740000,2022-01-01T08:26:07,24.93708,-79.71457,8.9,16.5,25.0,LENA,IMO9347750,5BYF3,70,0,139,22,8.8,79,A
210740000,2022-01-01T08:02:08,24.87822,-79.73015,9.3,13.9,15.0,LENA,IMO9347750,5BYF3,70,0,139,22,8.8,79,A
210740000,2022-01-01T08:19:59,24.92245,-79.71924,8.9,12.4,20.0,LENA,IMO9347750,5BYF3,70,0,139,22,8.8,79,A
210740000,2022-01-01T08:24:38,24.93352,-79.71574,8.9,16.3,25.0,LENA,IMO9347750,5BYF3,70,0,139,22,8.8,79,A
210740000,2022-01-01T08:53:57,25.00539,-79.69192,9.0,16.0,26.0,LENA,IMO9347750,5BYF3,70,0,139,22,8.8,79,A
210740000,2022-01-01T08:16:08,24.91309,-79.72153,8.9,12.9,18.0,LENA,IMO9347750,5BYF3,70,0,139,22,8.8,79,A
210740000,2022-01-01T08:56:28,25.01145,-79.68994,8.9,16.5,27.0,LENA,IMO9347750,5BYF3,70,0,139,22,8.8,79,A
210740000,2022-01-01T08:33:17,24.95444,-79.70883,9.2,16.8,26.0,LENA,IMO9347750,5BYF3,70,0,139,22,8.8,79,A
210740000,2022-01-01T08:30:57,24.94877,-79.71080,9.0,18.4,27.0,LENA,IMO9347750,5BYF3,70,0,139,22,8.8,79,A
210740000,2022-01-01T08:34:27,24.95732,-79.70786,9.2,17.4,27.0,LENA,IMO9347750,5BYF3,70,0,139,22,8.8,79,A
210740000,2022-01-01T08:32:07,24.95158,-79.70979,9.1,17.4,26.0,LENA,IMO9347750,5BYF3,70,0,139,22,8.8,79,A
210740000,2022-01-01T08:29:38,24.94558,-79.71189,9.0,16.0,26.0,LENA,IMO9347750,5BYF3,70,0,139,22,8.8,79,A
210740000,2022-01-01T08:07:48,24.89270,-79.72680,9.3,12.3,17.0,LENA,IMO9347750,5BYF3,70,0,139,22,8.8,79,A
210740000,2022-01-01T08:21:08,24.92524,-79.71847,8.8,15.2,23.0,LENA,IMO9347750,5BYF3,70,0,139,22,8.8,79,A
210740000,2022-01-01T08:35:38,24.96019,-79.70686,9.2,17.6,27.0,LENA,IMO9347750,5BYF3,70,0,139,22,8.8,79,A
210740000,2022-01-01T08:37:58,24.96601,-79.70495,9.2,17.1,27.0,LENA,IMO9347750,5BYF3,70,0,139,22,8.8,79,A
210740000,2022-01-01T08:59:47,25.01933,-79.68742,8.9,16.0,27.0,LENA,IMO9347750,5BYF3,70,0,139,22,8.8,79,A
210740000,2022-01-01T08:36:47,24.96311,-79.70589,9.2,16.5,26.0,LENA,IMO9347750,5BYF3,70,0,139,22,8.8,79,A
210740000,2022-01-01T08:40:18,24.97182,-79.70300,9.3,16.4,26.0,LENA,IMO9347750,5BYF3,70,0,139,22,8.8,79,A
210740000,2022-01-01T08:13:38,24.90701,-79.72311,8.9,13.5,19.0,LENA,IMO9347750,5BYF3,70,0,139,22,8.8,79,A
210740000,2022-01-01T09:10:48,25.04565,-79.67915,8.8,16.8,27.0,LENA,IMO9347750,5BYF3,70,0,139,22,8.8,79,A
210740000,2022-01-01T08:43:48,24.98053,-79.70014,9.3,17.8,27.0,LENA,IMO9347750,5BYF3,70,0,139,22,8.8,79,A
210740000,2022-01-01T08:22:17,24.92795,-79.71759,8.8,17.9,25.0,LENA,IMO9347750,5BYF3,70,0,139,22,8.8,79,A
210740000,2022-01-01T09:14:27,25.05432,-79.67630,8.8,16.0,26.0,LENA,IMO9347750,5BYF3,70,0,139,22,8.8,79,A
210740000,2022-01-01T04:03:07,24.48278,-80.12422,8.6,57.8,60.0,LENA,IMO9347750,5BYF3,70,0,139,22,8.8,79,A
210740000,2022-01-01T08:42:37,24.97759,-79.70112,9.3,16.7,27.0,LENA,IMO9347750,5BYF3,70,0,139,22,8.8,79,A
210740000,2022-01-01T04:04:08,24.48409,-80.12197,8.6,57.3,60.0,LENA,IMO9347750,5BYF3,70,0,139,22,8.8,79,A
210740000,2022-01-01T08:27:19,24.93994,-79.71364,9.0,16.7,24.0,LENA,IMO9347750,5BYF3,70,0,139,22,8.8,79,A
210740000,2022-01-01T08:57:37,25.01416,-79.68905,8.9,16.9,27.0,LENA,IMO9347750,5BYF3,70,0,139,22,8.8,79,A
210740000,2022-01-01T08:28:28,24.94279,-79.71275,9.1,15.2,24.0,LENA,IMO9347750,5BYF3,70,0,139,22,8.8,79,A
210740000,2022-01-01T08:46:07,24.98633,-79.69816,9.4,16.3,26.0,LENA,IMO9347750,5BYF3,70,0,139,22,8.8,79,A
210740000,2022-01-01T04:08:37,24.48992,-80.11200,8.7,57.8,61.0,LENA,IMO9347750,5BYF3,70,0,139,22,8.8,79,A
210740000,2022-01-01T08:50:29,24.99697,-79.69465,9.0,16.3,26.0,LENA,IMO9347750,5BYF3,70,0,139,22,8.8,79,A
210740000,2022-01-01T09:04:58,25.03176,-79.68354,8.9,15.7,27.0,LENA,IMO9347750,5BYF3,70,0,139,22,8.8,79,A
210740000,2022-01-01T09:07:17,25.03729,-79.68179,8.9,16.0,26.0,LENA,IMO9347750,5BYF3,70,0,139,22,8.8,79,A
210740000,2022-01-01T09:33:07,25.09884,-79.66255,8.7,17.6,27.0,LENA,IMO9347750,5BYF3,70,0,139,22,8.8,79,A
210740000,2022-01-01T09:03:57,25.02932,-79.68430,8.9,15.9,26.0,LENA,IMO9347750,5BYF3,70,0,139,22,8.8,79,A
210740000,2022-01-01T08:41:28,24.97470,-79.70207,9.3,17.0,26.0,LENA,IMO9347750,5BYF3,70,0,139,22,8.8,79,A
210740000,2022-01-01T09:06:08,25.03452,-79.68264,8.9,16.8,27.0,LENA,IMO9347750,5BYF3,70,0,139,22,8.8,79,A
210740000,2022-01-01T09:08:28,25.04008,-79.68091,8.9,16.2,26.0,LENA,IMO9347750,5BYF3,70,0,139,22,8.8,79,A
210740000,2022-01-01T09:15:37,25.05709,-79.67540,8.8,17.0,27.0,LENA,IMO9347750,5BYF3,70,0,139,22,8.8,79,A
210740000,2022-01-01T08:44:57,24.98336,-79.69914,9.4,17.3,26.0,LENA,IMO9347750,5BYF3,70,0,139,22,8.8,79,A
210740000,2022-01-01T09:02:47,25.02654,-79.68518,8.9,16.0,27.0,LENA,IMO9347750,5BYF3,70,0,139,22,8.8,79,A
210740000,2022-01-01T08:47:09,24.98890,-79.69732,9.2,17.1,27.0,LENA,IMO9347750,5BYF3,70,0,139,22,8.8,79,A
210740000,2022-01-01T09:20:17,25.06809,-79.67168,8.8,17.4,27.0,LENA,IMO9347750,5BYF3,70,0,139,22,8.8,79,A
210740000,2022-01-01T08:49:27,24.99448,-79.69544,9.1,16.1,26.0,LENA,IMO9347750,5BYF3,70,0,139,22,8.8,79,A
210740000,2022-01-01T09:22:38,25.07356,-79.66974,8.8,17.2,23.0,LENA,IMO9347750,5BYF3,70,0,139,22,8.8,79,A
210740000,2022-01-01T08:51:37,24.99978,-79.69374,9.0,16.9,27.0,LENA,IMO9347750,5BYF3,70,0,139,22,8.8,79,A
210740000,2022-01-01T08:52:48,25.00259,-79.69280,9.0,16.6,26.0,LENA,IMO9347750,5BYF3,70,0,139,22,8.8,79,A
210740000,2022-01-01T09:23:48,25.07641,-79.66892,9.0,13.1,20.0,LENA,IMO9347750,5BYF3,70,0,139,22,8.8,79,A
210740000,2022-01-01T09:25:07,25.07962,-79.66810,8.9,13.9,22.0,LENA,IMO9347750,5BYF3,70,0,139,22,8.8,79,A
210740000,2022-01-01T09:09:38,25.04290,-79.68005,8.9,16.4,27.0,LENA,IMO9347750,5BYF3,70,0,139,22,8.8,79,A
210740000,2022-01-01T09:19:08,25.06536,-79.67261,8.8,17.0,26.0,LENA,IMO9347750,5BYF3,70,0,139,22,8.8,79,A
210740000,2022-01-01T09:51:48,25.14188,-79.64630,8.6,18.1,23.0,LENA,IMO9347750,5BYF3,70,0,139,22,8.8,79,A
210740000,2022-01-01T08:55:17,25.00855,-79.69089,8.9,16.8,27.0,LENA,IMO9347750,5BYF3,70,0,139,22,8.8,79,A
210740000,2022-01-01T09:13:18,25.05157,-79.67718,8.8,16.6,26.0,LENA,IMO9347750,5BYF3,70,0,139,22,8.8,79,A
210740000,2022-01-01T08:58:38,25.01655,-79.68828,8.9,16.1,26.0,LENA,IMO9347750,5BYF3,70,0,139,22,8.8,79,A
210740000,2022-01-01T09:01:38,25.02379,-79.68602,8.9,15.8,26.0,LENA,IMO9347750,5BYF3,70,0,139,22,8.8,79,A
210740000,2022-01-01T09:31:27,25.09485,-79.66379,8.9,14.7,22.0,LENA,IMO9347750,5BYF3,70,0,139,22,8.8,79,A
210740000,2022-01-01T09:17:57,25.06258,-79.67354,8.8,16.7,26.0,LENA,IMO9347750,5BYF3,70,0,139,22,8.8,79,A
210740000,2022-01-01T09:26:58,25.08404,-79.66682,8.9,14.2,21.0,LENA,IMO9347750,5BYF3,70,0,139,22,8.8,79,A
210740000,2022-01-01T09:35:28,25.10425,-79.66053,8.7,18.7,26.0,LENA,IMO9347750,5BYF3,70,0,139,22,8.8,79,A
210740000,2022-01-01T09:21:28,25.07083,-79.67073,8.8,18.2,27.0,LENA,IMO9347750,5BYF3,70,0,139,22,8.8,79,A
210740000,2022-01-01T10:03:49,25.16956,-79.63661,8.6,17.7,22.0,LENA,IMO9347750,5BYF3,70,0,139,22,8.8,79,A
210740000,2022-01-01T09:29:17,25.08967,-79.66527,8.9,14.1,22.0,LENA,IMO9347750,5BYF3,70,0,139,22,8.8,79,A
210740000,2022-01-01T10:04:57,25.17219,-79.63567,8.6,17.7,21.0,LENA,IMO9347750,5BYF3,70,0,139,22,8.8,79,A
210740000,2022-01-01T04:22:37,24.50779,-80.08054,8.6,58.2,60.0,LENA,IMO9347750,5BYF3,70,0,139,22,8.8,79,A
210740000,2022-01-01T09:40:09,25.11504,-79.65643,8.7,19.6,26.0,LENA,IMO9347750,5BYF3,70,0,139,22,8.8,79,A
210740000,2022-01-01T09:28:07,25.08687,-79.66605,9.0,14.2,21.0,LENA,IMO9347750,5BYF3,70,0,139,22,8.8,79,A
210740000,2022-01-01T09:42:38,25.12074,-79.65424,8.7,19.7,27.0,LENA,IMO9347750,5BYF3,70,0,139,22,8.8,79,A
210740000,2022-01-01T09:37:57,25.10998,-79.65838,8.7,19.0,27.0,LENA,IMO9347750,5BYF3,70,0,139,22,8.8,79,A
210740000,2022-01-01T09:41:17,25.11772,-79.65540,8.7,19.2,26.0,LENA,IMO9347750,5BYF3,70,0,139,22,8.8,79,A
210740000,2022-01-01T09:43:47,25.12344,-79.65315,8.7,20.3,27.0,LENA,IMO9347750,5BYF3,70,0,139,22,8.8,79,A
210740000,2022-01-01T09:44:48,25.12572,-79.65224,8.7,19.6,26.0,LENA,IMO9347750,5BYF3,70,0,139,22,8.8,79,A
210740000,2022-01-01T09:47:08,25.13108,-79.65013,8.7,19.5,24.0,LENA,IMO9347750,5BYF3,70,0,139,22,8.8,79,A
210740000,2022-01-01T09:49:29,25.13651,-79.64825,8.7,17.7,24.0,LENA,IMO9347750,5BYF3,70,0,139,22,8.8,79,A
210740000,2022-01-01T09:36:47,25.10730,-79.65939,8.8,19.0,26.0,LENA,IMO9347750,5BYF3,70,0,139,22,8.8,79,A
210740000,2022-01-01T10:18:58,25.20584,-79.63318,8.7,355.2,352.0,LENA,IMO9347750,5BYF3,70,0,139,22,8.8,79,A
210740000,2022-01-01T09:39:07,25.11267,-79.65735,8.7,19.4,26.0,LENA,IMO9347750,5BYF3,70,0,139,22,8.8,79,A
210740000,2022-01-01T09:48:17,25.13377,-79.64918,8.7,17.1,23.0,LENA,IMO9347750,5BYF3,70,0,139,22,8.8,79,A
210740000,2022-01-01T09:30:19,25.09212,-79.66457,8.9,14.7,22.0,LENA,IMO9347750,5BYF3,70,0,139,22,8.8,79,A
210740000,2022-01-01T09:56:27,25.15261,-79.64248,8.7,17.6,23.0,LENA,IMO9347750,5BYF3,70,0,139,22,8.8,79,A
210740000,2022-01-01T09:55:18,25.14993,-79.64344,8.6,18.7,23.0,LENA,IMO9347750,5BYF3,70,0,139,22,8.8,79,A
210740000,2022-01-01T09:45:57,25.12835,-79.65122,8.7,19.6,26.0,LENA,IMO9347750,5BYF3,70,0,139,22,8.8,79,A
210740000,2022-01-01T09:34:27,25.10189,-79.66140,8.7,19.3,27.0,LENA,IMO9347750,5BYF3,70,0,139,22,8.8,79,A
210740000,2022-01-01T09:58:47,25.15797,-79.64058,8.6,16.9,21.0,LENA,IMO9347750,5BYF3,70,0,139,22,8.8,79,A
210740000,2022-01-01T10:08:38,25.18076,-79.63310,8.8,6.6,7.0,LENA,IMO9347750,5BYF3,70,0,139,22,8.8,79,A
210740000,2022-01-01T10:36:18,25.24819,-79.63807,8.8,353.1,350.0,LENA,IMO9347750,5BYF3,70,0,139,22,8.8,79,A
210740000,2022-01-01T09:54:08,25.14725,-79.64441,8.7,17.8,24.0,LENA,IMO9347750,5BYF3,70,0,139,22,8.8,79,A
210740000,2022-01-01T10:10:58,25.18646,-79.63225,8.7,9.0,8.0,LENA,IMO9347750,5BYF3,70,0,139,22,8.8,79,A
210740000,2022-01-01T09:59:49,25.16033,-79.63980,8.6,17.0,22.0,LENA,IMO9347750,5BYF3,70,0,139,22,8.8,79,A
210740000,2022-01-01T10:06:18,25.17533,-79.63463,8.6,17.3,21.0,LENA,IMO9347750,5BYF3,70,0,139,22,8.8,79,A
210740000,2022-01-01T10:40:57,25.25957,-79.63974,8.8,352.2,351.0,LENA,IMO9347750,5BYF3,70,0,139,22,8.8,79,A
210740000,2022-01-01T10:17:47,25.20302,-79.63299,8.7,358.0,355.0,LENA,IMO9347750,5BYF3,70,0,139,22,8.8,79,A
210740000,2022-01-01T10:14:18,25.19457,-79.63207,8.7,351.0,347.0,LENA,IMO9347750,5BYF3,70,0,139,22,8.8,79,A
210740000,2022-01-01T10:44:27,25.26814,-79.64116,8.9,352.2,352.0,LENA,IMO9347750,5BYF3,70,0,139,22,8.8,79,A
210740000,2022-01-01T10:07:28,25.17799,-79.63368,8.6,16.6,15.0,LENA,IMO9347750,5BYF3,70,0,139,22,8.8,79,A
210740000,2022-01-01T10:16:37,25.20018,-79.63288,8.6,356.6,356.0,LENA,IMO9347750,5BYF3,70,0,139,22,8.8,79,A
210740000,2022-01-01T10:09:48,25.18359,-79.63276,8.7,7.8,11.0,LENA,IMO9347750,5BYF3,70,0,139,22,8.8,79,A
210740000,2022-01-01T09:57:37,25.15528,-79.64153,8.6,18.7,23.0,LENA,IMO9347750,5BYF3,70,0,139,22,8.8,79,A
210740000,2022-01-01T10:25:58,25.22295,-79.63496,8.8,354.7,352.0,LENA,IMO9347750,5BYF3,70,0,139,22,8.8,79,A
210740000,2022-01-01T10:56:09,25.29700,-79.64566,8.9,352.2,351.0,LENA,IMO9347750,5BYF3,70,0,139,22,8.8,79,A
210740000,2022-01-01T10:11:59,25.18885,-79.63191,8.7,6.2,3.0,LENA,IMO9347750,5BYF3,70,0,139,22,8.8,79,A
210740000,2022-01-01T10:20:08,25.20866,-79.63350,8.7,354.5,352.0,LENA,IMO9347750,5BYF3,70,0,139,22,8.8,79,A
210740000,2022-01-01T10:30:37,25.23434,-79.63630,8.8,352.6,352.0,LENA,IMO9347750,5BYF3,70,0,139,22,8.8,79,A
210740000,2022-01-01T10:28:17,25.22866,-79.63554,8.8,355.1,352.0,LENA,IMO9347750,5BYF3,70,0,139,22,8.8,79,A
210740000,2022-01-01T10:31:48,25.23721,-79.63663,8.7,354.2,351.0,LENA,IMO9347750,5BYF3,70,0,139,22,8.8,79,A
210740000,2022-01-01T10:34:08,25.24288,-79.63736,8.8,352.6,350.0,LENA,IMO9347750,5BYF3,70,0,139,22,8.8,79,A
210740000,2022-01-01T10:13:07,25.19169,-79.63176,8.8,0.1,353.0,LENA,IMO9347750,5BYF3,70,0,139,22,8.8,79,A
210740000,2022-01-01T11:08:27,25.32740,-79.65036,8.9,351.8,351.0,LENA,IMO9347750,5BYF3,70,0,139,22,8.8,79,A
210740000,2022-01-01T10:38:38,25.25391,-79.63885,8.8,352.6,350.0,LENA,IMO9347750,5BYF3,70,0,139,22,8.8,79,A
210740000,2022-01-01T10:47:59,25.27684,-79.64258,8.9,351.7,351.0,LENA,IMO9347750,5BYF3,70,0,139,22,8.8,79,A
210740000,2022-01-01T11:15:39,25.34521,-79.65296,8.9,352.3,351.0,LENA,IMO9347750,5BYF3,70,0,139,22,8.8,79,A
210740000,2022-01-01T10:42:08,25.26242,-79.64017,8.8,351.8,350.0,LENA,IMO9347750,5BYF3,70,0,139,22,8.8,79,A
210740000,2022-01-01T10:24:49,25.22011,-79.63469,8.8,355.4,353.0,LENA,IMO9347750,5BYF3,70,0,139,22,8.8,79,A
210740000,2022-01-01T10:27:08,25.22582,-79.63527,8.8,354.3,353.0,LENA,IMO9347750,5BYF3,70,0,139,22,8.8,79,A
210740000,2022-01-01T10:37:29,25.25107,-79.63845,8.8,353.3,351.0,LENA,IMO9347750,5BYF3,70,0,139,22,8.8,79,A
210740000,2022-01-01T11:23:48,25.36540,-79.65588,8.9,353.0,352.0,LENA,IMO9347750,5BYF3,70,0,139,22,8.8,79,A
210740000,2022-01-01T10:39:48,25.25675,-79.63929,8.8,351.5,350.0,LENA,IMO9347750,5BYF3,70,0,139,22,8.8,79,A
210740000,2022-01-01T10:52:47,25.28868,-79.64449,8.9,352.0,352.0,LENA,IMO9347750,5BYF3,70,0,139,22,8.8,79,A
210740000,2022-01-01T04:53:07,24.54664,-80.01307,8.3,56.5,60.0,LENA,IMO9347750,5BYF3,70,0,139,22,8.8,79,A
210740000,2022-01-01T10:50:18,25.28252,-79.64346,8.9,351.6,350.0,LENA,IMO9347750,5BYF3,70,0,139,22,8.8,79,A
210740000,2022-01-01T10:29:28,25.23153,-79.63588,8.8,352.8,350.0,LENA,IMO9347750,5BYF3,70,0,139,22,8.8,79,A
210740000,2022-01-01T04:54:18,24.54816,-80.01055,8.3,56.6,61.0,LENA,IMO9347750,5BYF3,70,0,139,22,8.8,79,A
210740000,2022-01-01T04:55:28,24.54966,-80.00808,8.3,55.7,59.0,LENA,IMO9347750,5BYF3,70,0,139,22,8.8,79,A
210740000,2022-01-01T10:59:38,25.30567,-79.64699,8.9,351.4,351.0,LENA,IMO9347750,5BYF3,70,0,139,22,8.8,79,A
210740000,2022-01-01T10:53:59,25.29163,-79.64491,8.9,352.8,352.0,LENA,IMO9347750,5BYF3,70,0,139,22,8.8,79,A
210740000,2022-01-01T11:32:07,25.38601,-79.65875,8.9,352.8,351.0,LENA,IMO9347750,5BYF3,70,0,139,22,8.8,79,A
210740000,2022-01-01T10:32:58,25.24003,-79.63698,8.8,353.6,350.0,LENA,IMO9347750,5BYF3,70,0,139,22,8.8,79,A
210740000,2022-01-01T10:58:28,25.30272,-79.64650,8.9,352.4,351.0,LENA,IMO9347750,5BYF3,70,0,139,22,8.8,79,A
210740000,2022-01-01T10:35:17,25.24574,-79.63775,8.8,353.3,351.0,LENA,IMO9347750,5BYF3,70,0,139,22,8.8,79,A
210740000,2022-01-01T11:07:17,25.32455,-79.64990,8.9,351.8,351.0,LENA,IMO9347750,5BYF3,70,0,139,22,8.8,79,A
210740000,2022-01-01T11:39:09,25.40341,-79.66103,8.9,353.2,352.0,LENA,IMO9347750,5BYF3,70,0,139,22,8.8,79,A
210740000,2022-01-01T11:10:48,25.33319,-79.65120,8.9,352.5,352.0,LENA,IMO9347750,5BYF3,70,0,139,22,8.8,79,A
210740000,2022-01-01T11:09:38,25.33037,-79.65080,8.9,352.5,352.0,LENA,IMO9347750,5BYF3,70,0,139,22,8.8,79,A
210740000,2022-01-01T10:57:18,25.29986,-79.64609,8.9,352.6,352.0,LENA,IMO9347750,5BYF3,70,0,139,22,8.8,79,A
210740000,2022-01-01T11:13:19,25.33941,-79.65214,9.0,352.0,351.0,LENA,IMO9347750,5BYF3,70,0,139,22,8.8,79,A
210740000,2022-01-01T11:14:27,25.34228,-79.65254,8.9,352.7,352.0,LENA,IMO9347750,5BYF3,70,0,139,22,8.8,79,A
210740000,2022-01-01T05:06:08,24.56392,-79.98575,8.4,55.1,60.0,LENA,IMO9347750,5BYF3,70,0,139,22,8.8,79,A
210740000,2022-01-01T10:45:38,25.27104,-79.64157,8.9,352.4,350.0,LENA,IMO9347750,5BYF3,70,0,139,22,8.8,79,A
210740000,2022-01-01T10:51:29,25.28543,-79.64396,8.9,351.1,350.0,LENA,IMO9347750,5BYF3,70,0,139,22,8.8,79,A
210740000,2022-01-01T11:26:08,25.37113,-79.65671,8.9,352.7,352.0,LENA,IMO9347750,5BYF3,70,0,139,22,8.8,79,A
210740000,2022-01-01T11:22:38,25.36254,-79.65547,8.9,352.7,352.0,LENA,IMO9347750,5BYF3,70,0,139,22,8.8,79,A
210740000,2022-01-01T11:24:59,25.36832,-79.65629,8.9,352.7,352.0,LENA,IMO9347750,5BYF3,70,0,139,22,8.8,79,A
210740000,2022-01-01T11:34:27,25.39177,-79.65953,8.9,353.3,352.0,LENA,IMO9347750,5BYF3,70,0,139,22,8.8,79,A
210740000,2022-01-01T11:28:28,25.37695,-79.65749,8.9,352.6,351.0,LENA,IMO9347750,5BYF3,70,0,139,22,8.8,79,A
210740000,2022-01-01T11:37:58,25.40048,-79.66065,8.9,353.4,352.0,LENA,IMO9347750,5BYF3,70,0,139,22,8.8,79,A
210740000,2022-01-01T12:05:47,25.46949,-79.66877,8.9,354.4,352.0,LENA,IMO9347750,5BYF3,70,0,139,22,8.8,79,A
210740000,2022-01-01T11:03:47,25.31586,-79.64855,8.9,351.8,351.0,LENA,IMO9347750,5BYF3,70,0,139,22,8.8,79,A
210740000,2022-01-01T11:27:18,25.37409,-79.65710,8.9,353.1,352.0,LENA,IMO9347750,5BYF3,70,0,139,22,8.8,79,A
210740000,2022-01-01T11:40:18,25.40632,-79.66139,8.9,353.6,352.0,LENA,IMO9347750,5BYF3,70,0,139,22,8.8,79,A
210740000,2022-01-01T11:30:47,25.38271,-79.65830,8.9,353.1,352.0,LENA,IMO9347750,5BYF3,70,0,139,22,8.8,79,A
210740000,2022-01-01T11:35:38,25.39473,-79.65991,8.9,353.2,352.0,LENA,IMO9347750,5BYF3,70,0,139,22,8.8,79,A
210740000,2022-01-01T11:36:49,25.39764,-79.66029,8.9,353.3,352.0,LENA,IMO9347750,5BYF3,70,0,139,22,8.8,79,A
210740000,2022-01-01T11:48:28,25.42651,-79.66393,8.9,353.6,351.0,LENA,IMO9347750,5BYF3,70,0,139,22,8.8,79,A
210740000,2022-01-01T11:42:38,25.41208,-79.66216,8.9,353.4,352.0,LENA,IMO9347750,5BYF3,70,0,139,22,8.8,79,A
210740000,2022-01-01T11:12:17,25.33688,-79.65174,8.9,352.4,351.0,LENA,IMO9347750,5BYF3,70,0,139,22,8.8,79,A
210740000,2022-01-01T11:44:58,25.41787,-79.66290,8.9,353.1,352.0,LENA,IMO9347750,5BYF3,70,0,139,22,8.8,79,A
210740000,2022-01-01T11:46:07,25.42071,-79.66323,8.9,353.9,352.0,LENA,IMO9347750,5BYF3,70,0,139,22,8.8,79,A
210740000,2022-01-01T05:15:28,24.57659,-79.96603,8.4,55.4,62.0,LENA,IMO9347750,5BYF3,70,0,139,22,8.8,79,A
210740000,2022-01-01T11:33:18,25.38894,-79.65916,8.9,353.0,352.0,LENA,IMO9347750,5BYF3,70,0,139,22,8.8,79,A
210740000,2022-01-01T05:16:38,24.57813,-79.96353,8.4,55.7,60.0,LENA,IMO9347750,5BYF3,70,0,139,22,8.8,79,A
210740000,2022-01-01T11:16:47,25.34803,-79.65339,8.9,352.2,351.0,LENA,IMO9347750,5BYF3,70,0,139,22,8.8,79,A
210740000,2022-01-01T11:41:27,25.40912,-79.66179,9.0,353.0,351.0,LENA,IMO9347750,5BYF3,70,0,139,22,8.8,79,A
210740000,2022-01-01T11:55:39,25.44429,-79.66599,8.9,354.2,352.0,LENA,IMO9347750,5BYF3,70,0,139,22,8.8,79,A
210740000,2022-01-01T11:19:07,25.35383,-79.65421,8.9,352.5,351.0,LENA,IMO9347750,5BYF3,70,0,139,22,8.8,79,A
210740000,2022-01-01T11:20:18,25.35672,-79.65464,8.9,352.2,351.0,LENA,IMO9347750,5BYF3,70,0,139,22,8.8,79,A
210740000,2022-01-01T05:17:57,24.57993,-79.96074,8.4,54.3,60.0,LENA,IMO9347750,5BYF3,70,0,139,22,8.8,79,A
210740000,2022-01-01T11:21:28,25.35964,-79.65506,8.9,352.6,352.0,LENA,IMO9347750,5BYF3,70,0,139,22,8.8,79,A
210740000,2022-01-01T11:53:18,25.43853,-79.66532,8.9,354.4,351.0,LENA,IMO9347750,5BYF3,70,0,139,22,8.8,79,A
210740000,2022-01-01T11:54:28,25.44140,-79.66566,8.9,353.9,351.0,LENA,IMO9347750,5BYF3,70,0,139,22,8.8,79,A
210740000,2022-01-01T11:43:48,25.41496,-79.66251,8.9,353.5,351.0,LENA,IMO9347750,5BYF3,70,0,139,22,8.8,79,A
210740000,2022-01-01T11:49:38,25.42941,-79.66428,8.9,353.9,352.0,LENA,IMO9347750,5BYF3,70,0,139,22,8.8,79,A
210740000,2022-01-01T12:08:28,25.47616,-79.66951,8.9,354.4,352.0,LENA,IMO9347750,5BYF3,70,0,139,22,8.8,79,A
210740000,2022-01-01T12:01:08,25.45797,-79.66749,8.9,354.3,351.0,LENA,IMO9347750,5BYF3,70,0,139,22,8.8,79,A
210740000,2022-01-01T11:56:48,25.44719,-79.66628,8.9,354.4,351.0,LENA,IMO9347750,5BYF3,70,0,139,22,8.8,79,A
210740000,2022-01-01T12:37:59,25.54995,-79.67827,9.0,353.7,349.0,LENA,IMO9347750,5BYF3,70,0,139,22,8.8,79,A
210740000,2022-01-01T11:50:47,25.43228,-79.66462,8.9,354.0,352.0,LENA,IMO9347750,5BYF3,70,0,139,22,8.8,79,A
210740000,2022-01-01T11:58:57,25.45250,-79.66688,8.9,354.2,352.0,LENA,IMO9347750,5BYF3,70,0,139,22,8.8,79,A
210740000,2022-01-01T05:22:38,24.58624,-79.95086,8.4,55.1,60.0,LENA,IMO9347750,5BYF3,70,0,139,22,8.8,79,A
210740000,2022-01-01T12:04:38,25.46665,-79.66844,8.9,354.3,351.0,LENA,IMO9347750,5BYF3,70,0,139,22,8.8,79,A
210740000,2022-01-01T12:19:57,25.50480,-79.67253,9.0,355.0,351.0,LENA,IMO9347750,5BYF3,70,0,139,22,8.8,79,A
210740000,2022-01-01T12:21:08,25.50780,-79.67287,8.9,354.2,351.0,LENA,IMO9347750,5BYF3,70,0,139,22,8.8,79,A
210740000,2022-01-01T12:11:58,25.48486,-79.67046,8.9,354.0,351.0,LENA,IMO9347750,5BYF3,70,0,139,22,8.8,79,A
210740000,2022-01-01T12:09:38,25.47908,-79.66981,8.9,354.9,352.0,LENA,IMO9347750,5BYF3,70,0,139,22,8.8,79,A
210740000,2022-01-01T12:14:07,25.49021,-79.67101,9.0,354.6,351.0,LENA,IMO9347750,5BYF3,70,0,139,22,8.8,79,A
210740000,2022-01-01T12:10:48,25.48197,-79.67012,8.9,354.3,351.0,LENA,IMO9347750,5BYF3,70,0,139,22,8.8,79,A
210740000,2022-01-01T12:03:28,25.46375,-79.66814,8.9,354.5,352.0,LENA,IMO9347750,5BYF3,70,0,139,22,8.8,79,A
210740000,2022-01-01T12:18:47,25.50187,-79.67224,9.0,354.3,351.0,LENA,IMO9347750,5BYF3,70,0,139,22,8.8,79,A
210740000,2022-01-01T12:28:48,25.52698,-79.67506,9.0,352.4,349.0,LENA,IMO9347750,5BYF3,70,0,139,22,8.8,79,A
210740000,2022-01-01T12:07:18,25.47330,-79.66918,8.9,354.0,351.0,LENA,IMO9347750,5BYF3,70,0,139,22,8.8,79,A
210740000,2022-01-01T12:56:28,25.59663,-79.68419,9.1,351.7,346.0,LENA,IMO9347750,5BYF3,70,0,139,22,8.8,79,A
210740000,2022-01-01T05:29:37,24.59551,-79.93601,8.4,56.2,61.0,LENA,IMO9347750,5BYF3,70,0,139,22,8.8,79,A
210740000,2022-01-01T12:16:28,25.49607,-79.67167,8.9,355.0,352.0,LENA,IMO9347750,5BYF3,70,0,139,22,8.8,79,A
210740000,2022-01-01T05:30:38,24.59682,-79.93386,8.4,56.1,60.0,LENA,IMO9347750,5BYF3,70,0,139,22,8.8,79,A
210740000,2022-01-01T12:12:59,25.48738,-79.67072,8.9,355.0,352.0,LENA,IMO9347750,5BYF3,70,0,139,22,8.8,79,A
210740000,2022-01-01T11:57:49,25.44968,-79.66656,8.9,353.8,351.0,LENA,IMO9347750,5BYF3,70,0,139,22,8.8,79,A
210740000,2022-01-01T12:22:39,25.51151,-79.67323,9.0,355.3,352.0,LENA,IMO9347750,5BYF3,70,0,139,22,8.8,79,A
210740000,2022-01-01T12:23:48,25.51446,-79.67351,9.1,354.9,351.0,LENA,IMO9347750,5BYF3,70,0,139,22,8.8,79,A
210740000,2022-01-01T12:17:38,25.49905,-79.67194,8.9,355.1,351.0,LENA,IMO9347750,5BYF3,70,0,139,22,8.8,79,A
210740000,2022-01-01T12:02:18,25.46081,-79.66781,9.0,354.1,351.0,LENA,IMO9347750,5BYF3,70,0,139,22,8.8,79,A
210740000,2022-01-01T05:35:17,24.60300,-79.92378,8.5,56.7,61.0,LENA,IMO9347750,5BYF3,70,0,139,22,8.8,79,A
210740000,2022-01-01T12:34:37,25.54153,-79.67710,9.0,352.9,349.0,LENA,IMO9347750,5BYF3,70,0,139,22,8.8,79,A
210740000,2022-01-01T12:44:58,25.56755,-79.68044,9.1,353.9,349.0,LENA,IMO9347750,5BYF3,70,0,139,22,8.8,79,A
210740000,2022-01-01T12:46:07,25.57047,-79.68077,9.1,354.4,350.0,LENA,IMO9347750,5BYF3,70,0,139,22,8.8,79,A
210740000,2022-01-01T13:14:47,25.64312,-79.69207,9.2,351.2,345.0,LENA,IMO9347750,5BYF3,70,0,139,22,8.8,79,A
210740000,2022-01-01T12:32:18,25.53567,-79.67631,9.0,352.8,349.0,LENA,IMO9347750,5BYF3,70,0,139,22,8.8,79,A
210740000,2022-01-01T12:39:08,25.55284,-79.67865,9.0,352.7,348.0,LENA,IMO9347750,5BYF3,70,0,139,22,8.8,79,A
210740000,2022-01-01T13:18:07,25.65056,-79.69455,7.0,314.2,289.0,LENA,IMO9347750,5BYF3,70,0,139,22,8.8,79,A
210740000,2022-01-01T12:27:38,25.52409,-79.67461,9.0,351.7,348.0,LENA,IMO9347750,5BYF3,70,0,139,22,8.8,79,A
210740000,2022-01-01T12:41:27,25.55866,-79.67940,9.1,354.5,349.0,LENA,IMO9347750,5BYF3,70,0,139,22,8.8,79,A
210740000,2022-01-01T12:36:49,25.54700,-79.67788,9.0,353.0,349.0,LENA,IMO9347750,5BYF3,70,0,139,22,8.8,79,A
210740000,2022-01-01T13:25:07,25.65987,-79.70765,8.1,308.5,291.0,LENA,IMO9347750,5BYF3,70,0,139,22,8.8,79,A
210740000,2022-01-01T12:40:17,25.55571,-79.67906,9.0,353.3,350.0,LENA,IMO9347750,5BYF3,70,0,139,22,8.8,79,A
210740000,2022-01-01T12:42:38,25.56167,-79.67976,9.1,353.6,349.0,LENA,IMO9347750,5BYF3,70,0,139,22,8.8,79,A
210740000,2022-01-01T12:43:48,25.56462,-79.68010,9.1,354.2,350.0,LENA,IMO9347750,5BYF3,70,0,139,22,8.8,79,A
210740000,2022-01-01T12:49:39,25.57939,-79.68176,9.1,354.4,349.0,LENA,IMO9347750,5BYF3,70,0,139,22,8.8,79,A
210740000,2022-01-01T12:59:57,25.60544,-79.68567,9.1,351.1,345.0,LENA,IMO9347750,5BYF3,70,0,139,22,8.8,79,A
210740000,2022-01-01T12:50:48,25.58231,-79.68209,9.1,354.0,349.0,LENA,IMO9347750,5BYF3,70,0,139,22,8.8,79,A
210740000,2022-01-01T12:15:17,25.49313,-79.67134,9.0,354.0,351.0,LENA,IMO9347750,5BYF3,70,0,139,22,8.8,79,A
210740000,2022-01-01T12:58:48,25.60248,-79.68517,9.1,351.3,346.0,LENA,IMO9347750,5BYF3,70,0,139,22,8.8,79,A
210740000,2022-01-01T12:53:08,25.58826,-79.68277,9.1,353.3,346.0,LENA,IMO9347750,5BYF3,70,0,139,22,8.8,79,A
210740000,2022-01-01T12:24:58,25.51737,-79.67379,9.0,354.9,352.0,LENA,IMO9347750,5BYF3,70,0,139,22,8.8,79,A
210740000,2022-01-01T05:54:09,24.62755,-79.88304,8.4,56.8,61.0,LENA,IMO9347750,5BYF3,70,0,139,22,8.8,79,A
210740000,2022-01-01T12:55:27,25.59408,-79.68378,9.1,351.3,346.0,LENA,IMO9347750,5BYF3,70,0,139,22,8.8,79,A
210740000,2022-01-01T12:26:08,25.52030,-79.67409,9.1,354.6,350.0,LENA,IMO9347750,5BYF3,70,0,139,22,8.8,79,A
210740000,2022-01-01T13:10:07,25.63117,-79.69006,9.2,351.1,346.0,LENA,IMO9347750,5BYF3,70,0,139,22,8.8,79,A
210740000,2022-01-01T12:51:58,25.58532,-79.68243,9.1,354.5,349.0,LENA,IMO9347750,5BYF3,70,0,139,22,8.8,79,A
210740000,2022-01-01T12:29:57,25.52986,-79.67544,9.0,353.2,349.0,LENA,IMO9347750,5BYF3,70,0,139,22,8.8,79,A
210740000,2022-01-01T12:54:17,25.59115,-79.68325,9.1,350.9,345.0,LENA,IMO9347750,5BYF3,70,0,139,22,8.8,79,A
210740000,2022-01-01T12:33:28,25.53863,-79.67670,9.0,353.0,349.0,LENA,IMO9347750,5BYF3,70,0,139,22,8.8,79,A
210740000,2022-01-01T12:57:38,25.59961,-79.68469,9.1,351.1,345.0,LENA,IMO9347750,5BYF3,70,0,139,22,8.8,79,A
210740000,2022-01-01T12:35:48,25.54450,-79.67752,9.0,352.7,348.0,LENA,IMO9347750,5BYF3,70,0,139,22,8.8,79,A
210740000,2022-01-01T05:55:19,24.62906,-79.88050,8.4,57.2,61.0,LENA,IMO9347750,5BYF3,70,0,139,22,8.8,79,A
210740000,2022-01-01T13:04:18,25.61636,-79.68754,9.1,351.3,346.0,LENA,IMO9347750,5BYF3,70,0,139,22,8.8,79,A
210740000,2022-01-01T13:01:08,25.60836,-79.68618,9.1,350.9,345.0,LENA,IMO9347750,5BYF3,70,0,139,22,8.8,79,A
210740000,2022-01-01T13:03:08,25.61342,-79.68705,9.1,351.3,346.0,LENA,IMO9347750,5BYF3,70,0,139,22,8.8,79,A
210740000,2022-01-01T13:08:57,25.62822,-79.68956,9.2,351.5,346.0,LENA,IMO9347750,5BYF3,70,0,139,22,8.8,79,A
210740000,2022-01-01T13:05:27,25.61936,-79.68805,9.1,351.2,345.0,LENA,IMO9347750,5BYF3,70,0,139,22,8.8,79,A
210740000,2022-01-01T13:06:38,25.62231,-79.68856,9.2,351.5,346.0,LENA,IMO9347750,5BYF3,70,0,139,22,8.8,79,A
210740000,2022-01-01T13:07:49,25.62528,-79.68906,9.2,351.0,345.0,LENA,IMO9347750,5BYF3,70,0,139,22,8.8,79,A
210740000,2022-01-01T13:20:28,25.65347,-79.69873,7.6,308.5,293.0,LENA,IMO9347750,5BYF3,70,0,139,22,8.8,79,A
210740000,2022-01-01T13:12:28,25.63721,-79.69107,9.2,351.4,345.0,LENA,IMO9347750,5BYF3,70,0,139,22,8.8,79,A
210740000,2022-01-01T13:13:37,25.64012,-79.69156,9.2,351.3,346.0,LENA,IMO9347750,5BYF3,70,0,139,22,8.8,79,A
210740000,2022-01-01T13:15:57,25.64613,-79.69257,9.3,353.7,344.0,LENA,IMO9347750,5BYF3,70,0,139,22,8.8,79,A
210740000,2022-01-01T13:30:57,25.66802,-79.71926,7.9,303.3,281.0,LENA,IMO9347750,5BYF3,70,0,139,22,8.8,79,A
210740000,2022-01-01T12:48:28,25.57642,-79.68145,9.1,354.5,350.0,LENA,IMO9347750,5BYF3,70,0,139,22,8.8,79,A
210740000,2022-01-01T13:34:18,25.67180,-79.72625,7.8,302.1,281.0,LENA,IMO9347750,5BYF3,70,0,139,22,8.8,79,A
210740000,2022-01-01T14:15:29,25.71805,-79.81122,7.9,303.1,278.0,LENA,IMO9347750,5BYF3,70,0,139,22,8.8,79,A
210740000,2022-01-01T13:21:39,25.65512,-79.70090,7.9,310.3,292.0,LENA,IMO9347750,5BYF3,70,0,139,22,8.8,79,A
210740000,2022-01-01T13:23:57,25.65826,-79.70537,8.0,306.8,290.0,LENA,IMO9347750,5BYF3,70,0,139,22,8.8,79,A
210740000,2022-01-01T14:20:29,25.72407,-79.82142,7.9,303.5,279.0,LENA,IMO9347750,5BYF3,70,0,139,22,8.8,79,A
210740000,2022-01-01T13:32:39,25.66985,-79.72280,7.8,300.3,283.0,LENA,IMO9347750,5BYF3,70,0,139,22,8.8,79,A
210740000,2022-01-01T13:22:48,25.65673,-79.70309,7.9,307.6,290.0,LENA,IMO9347750,5BYF3,70,0,139,22,8.8,79,A
210740000,2022-01-01T13:41:18,25.67954,-79.74078,7.7,297.9,278.0,LENA,IMO9347750,5BYF3,70,0,139,22,8.8,79,A
210740000,2022-01-01T13:27:28,25.66316,-79.71229,8.1,307.4,290.0,LENA,IMO9347750,5BYF3,70,0,139,22,8.8,79,A
210740000,2022-01-01T13:47:08,25.68577,-79.75293,7.7,300.0,279.0,LENA,IMO9347750,5BYF3,70,0,139,22,8.8,79,A
210740000,2022-01-01T13:35:28,25.67312,-79.72866,7.8,300.1,280.0,LENA,IMO9347750,5BYF3,70,0,139,22,8.8,79,A
210740000,2022-01-01T13:36:38,25.67439,-79.73109,7.8,300.2,282.0,LENA,IMO9347750,5BYF3,70,0,139,22,8.8,79,A
210740000,2022-01-01T14:30:08,25.73515,-79.84138,7.4,293.6,265.0,LENA,IMO9347750,5BYF3,70,0,139,22,8.8,79,A
210740000,2022-01-01T06:08:57,24.64633,-79.85152,8.2,57.0,60.0,LENA,IMO9347750,5BYF3,70,0,139,22,8.8,79,A
210740000,2022-01-01T13:43:38,25.68205,-79.74569,7.7,298.9,278.0,LENA,IMO9347750,5BYF3,70,0,139,22,8.8,79,A
210740000,2022-01-01T13:37:47,25.67570,-79.73348,7.9,301.6,282.0,LENA,IMO9347750,5BYF3,70,0,139,22,8.8,79,A
210740000,2022-01-01T13:11:17,25.63415,-79.69057,9.2,351.4,346.0,LENA,IMO9347750,5BYF3,70,0,139,22,8.8,79,A
210740000,2022-01-01T13:38:58,25.67707,-79.73593,7.9,301.7,281.0,LENA,IMO9347750,5BYF3,70,0,139,22,8.8,79,A
210740000,2022-01-01T13:55:17,25.69469,-79.76983,7.8,300.8,279.0,LENA,IMO9347750,5BYF3,70,0,139,22,8.8,79,A
210740000,2022-01-01T13:40:08,25.67836,-79.73832,7.8,299.3,277.0,LENA,IMO9347750,5BYF3,70,0,139,22,8.8,79,A
210740000,2022-01-01T13:17:01,25.64874,-79.69306,8.5,342.5,309.0,LENA,IMO9347750,5BYF3,70,0,139,22,8.8,79,A
210740000,2022-01-01T13:56:29,25.69603,-79.77223,7.8,301.0,279.0,LENA,IMO9347750,5BYF3,70,0,139,22,8.8,79,A
210740000,2022-01-01T13:48:18,25.68703,-79.75534,7.7,299.5,278.0,LENA,IMO9347750,5BYF3,70,0,139,22,8.8,79,A
210740000,2022-01-01T13:54:07,25.69344,-79.76742,7.7,300.9,279.0,LENA,IMO9347750,5BYF3,70,0,139,22,8.8,79,A
210740000,2022-01-01T14:05:58,25.70682,-79.79166,7.8,302.3,279.0,LENA,IMO9347750,5BYF3,70,0,139,22,8.8,79,A
210740000,2022-01-01T13:57:37,25.69731,-79.77458,7.8,301.3,278.0,LENA,IMO9347750,5BYF3,70,0,139,22,8.8,79,A
210740000,2022-01-01T14:52:07,25.75044,-79.88665,7.0,290.4,260.0,LENA,IMO9347750,5BYF3,70,0,139,22,8.8,79,A
210740000,2022-01-01T13:59:48,25.69976,-79.77912,7.8,301.0,279.0,LENA,IMO9347750,5BYF3,70,0,139,22,8.8,79,A
210740000,2022-01-01T14:04:47,25.70545,-79.78925,7.8,302.2,279.0,LENA,IMO9347750,5BYF3,70,0,139,22,8.8,79,A
210740000,2022-01-01T14:07:08,25.70819,-79.79409,7.9,302.3,278.0,LENA,IMO9347750,5BYF3,70,0,139,22,8.8,79,A
210740000,2022-01-01T14:18:07,25.72122,-79.81663,7.9,303.2,279.0,LENA,IMO9347750,5BYF3,70,0,139,22,8.8,79,A
210740000,2022-01-01T14:10:39,25.71229,-79.80127,7.9,303.4,279.0,LENA,IMO9347750,5BYF3,70,0,139,22,8.8,79,A
210740000,2022-01-01T13:42:29,25.68081,-79.74328,7.8,300.5,279.0,LENA,IMO9347750,5BYF3,70,0,139,22,8.8,79,A
210740000,2022-01-01T14:11:48,25.71370,-79.80369,7.9,302.3,278.0,LENA,IMO9347750,5BYF3,70,0,139,22,8.8,79,A
210740000,2022-01-01T13:45:58,25.68452,-79.75054,7.7,299.5,279.0,LENA,IMO9347750,5BYF3,70,0,139,22,8.8,79,A
210740000,2022-01-01T14:26:39,25.73157,-79.83414,8.0,303.4,278.0,LENA,IMO9347750,5BYF3,70,0,139,22,8.8,79,A
210740000,2022-01-01T15:09:28,25.76074,-79.92793,8.3,283.3,257.0,LENA,IMO9347750,5BYF3,70,0,139,22,8.8,79,A
210740000,2022-01-01T14:28:59,25.73410,-79.83894,7.6,297.5,270.0,LENA,IMO9347750,5BYF3,70,0,139,22,8.8,79,A
210740000,2022-01-01T13:50:38,25.68955,-79.76021,7.7,300.2,279.0,LENA,IMO9347750,5BYF3,70,0,139,22,8.8,79,A
210740000,2022-01-01T13:51:48,25.69085,-79.76259,7.7,300.8,279.0,LENA,IMO9347750,5BYF3,70,0,139,22,8.8,79,A
210740000,2022-01-01T14:24:17,25.72867,-79.82925,7.9,303.7,279.0,LENA,IMO9347750,5BYF3,70,0,139,22,8.8,79,A
210740000,2022-01-01T15:15:37,25.76411,-79.94291,8.0,283.4,257.0,LENA,IMO9347750,5BYF3,70,0,139,22,8.8,79,A
210740000,2022-01-01T14:21:37,25.72546,-79.82377,7.9,302.9,278.0,LENA,IMO9347750,5BYF3,70,0,139,22,8.8,79,A
210740000,2022-01-01T14:33:39,25.73788,-79.84873,7.3,293.0,265.0,LENA,IMO9347750,5BYF3,70,0,139,22,8.8,79,A
210740000,2022-01-01T14:23:09,25.72726,-79.82696,7.9,302.7,278.0,LENA,IMO9347750,5BYF3,70,0,139,22,8.8,79,A
210740000,2022-01-01T14:35:57,25.73966,-79.85355,7.3,292.8,266.0,LENA,IMO9347750,5BYF3,70,0,139,22,8.8,79,A
210740000,2022-01-01T15:17:57,25.76541,-79.94864,8.1,283.2,257.0,LENA,IMO9347750,5BYF3,70,0,139,22,8.8,79,A
210740000,2022-01-01T15:18:58,25.76590,-79.95113,8.2,283.2,258.0,LENA,IMO9347750,5BYF3,70,0,139,22,8.8,79,A
210740000,2022-01-01T13:58:39,25.69848,-79.77670,7.8,300.8,278.0,LENA,IMO9347750,5BYF3,70,0,139,22,8.8,79,A
210740000,2022-01-01T14:39:28,25.74225,-79.86083,6.8,286.6,259.0,LENA,IMO9347750,5BYF3,70,0,139,22,8.8,79,A
210740000,2022-01-01T14:27:47,25.73294,-79.83648,7.8,300.7,272.0,LENA,IMO9347750,5BYF3,70,0,139,22,8.8,79,A
210740000,2022-01-01T14:44:08,25.74512,-79.87035,6.9,288.4,261.0,LENA,IMO9347750,5BYF3,70,0,139,22,8.8,79,A
210740000,2022-01-01T14:25:27,25.73007,-79.83164,8.0,303.6,279.0,LENA,IMO9347750,5BYF3,70,0,139,22,8.8,79,A
210740000,2022-01-01T14:02:29,25.70277,-79.78454,7.7,301.4,279.0,LENA,IMO9347750,5BYF3,70,0,139,22,8.8,79,A
210740000,2022-01-01T14:03:39,25.70411,-79.78691,7.8,302.1,279.0,LENA,IMO9347750,5BYF3,70,0,139,22,8.8,79,A
210740000,2022-01-01T14:31:18,25.73604,-79.84384,7.3,291.5,266.0,LENA,IMO9347750,5BYF3,70,0,139,22,8.8,79,A
210740000,2022-01-01T14:08:18,25.70957,-79.79651,7.8,302.0,278.0,LENA,IMO9347750,5BYF3,70,0,139,22,8.8,79,A
210740000,2022-01-01T14:50:58,25.74963,-79.88432,7.0,290.0,261.0,LENA,IMO9347750,5BYF3,70,0,139,22,8.8,79,A
210740000,2022-01-01T06:35:37,24.69276,-79.81261,8.1,26.1,24.0,LENA,IMO9347750,5BYF3,70,0,139,22,8.8,79,A
210740000,2022-01-01T14:32:28,25.73692,-79.84627,7.4,293.0,267.0,LENA,IMO9347750,5BYF3,70,0,139,22,8.8,79,A
210740000,2022-01-01T14:54:28,25.75205,-79.89141,7.0,291.2,261.0,LENA,IMO9347750,5BYF3,70,0,139,22,8.8,79,A
210740000,2022-01-01T15:33:07,25.77266,-79.98617,8.3,281.1,258.0,LENA,IMO9347750,5BYF3,70,0,139,22,8.8,79,A
210740000,2022-01-01T14:14:18,25.71665,-79.80882,7.9,302.8,279.0,LENA,IMO9347750,5BYF3,70,0,139,22,8.8,79,A
210740000,2022-01-01T14:38:19,25.74153,-79.85847,7.2,291.2,260.0,LENA,IMO9347750,5BYF3,70,0,139,22,8.8,79,A
210740000,2022-01-01T14:46:19,25.74657,-79.87480,7.0,289.3,260.0,LENA,IMO9347750,5BYF3,70,0,139,22,8.8,79,A
210740000,2022-01-01T14:56:48,25.75374,-79.89615,7.0,292.1,261.0,LENA,IMO9347750,5BYF3,70,0,139,22,8.8,79,A
210740000,2022-01-01T14:16:37,25.71943,-79.81357,7.9,302.6,278.0,LENA,IMO9347750,5BYF3,70,0,139,22,8.8,79,A
210740000,2022-01-01T14:59:08,25.75540,-79.90102,7.7,286.3,257.0,LENA,IMO9347750,5BYF3,70,0,139,22,8.8,79,A
210740000,2022-01-01T15:36:39,25.77415,-79.99496,8.2,280.5,257.0,LENA,IMO9347750,5BYF3,70,0,139,22,8.8,79,A
210740000,2022-01-01T14:19:18,25.72266,-79.81906,7.9,303.3,279.0,LENA,IMO9347750,5BYF3,70,0,139,22,8.8,79,A
210740000,2022-01-01T14:45:18,25.74592,-79.87276,7.1,290.9,261.0,LENA,IMO9347750,5BYF3,70,0,139,22,8.8,79,A
210740000,2022-01-01T15:40:08,25.77546,-80.00374,8.2,279.3,259.0,LENA,IMO9347750,5BYF3,70,0,139,22,8.8,79,A
210740000,2022-01-01T14:53:17,25.75125,-79.88904,7.0,290.6,260.0,LENA,IMO9347750,5BYF3,70,0,139,22,8.8,79,A
210740000,2022-01-01T15:03:28,25.75768,-79.91189,8.6,282.1,258.0,LENA,IMO9347750,5BYF3,70,0,139,22,8.8,79,A
210740000,2022-01-01T15:06:58,25.75946,-79.92150,9.1,281.8,258.0,LENA,IMO9347750,5BYF3,70,0,139,22,8.8,79,A
210740000,2022-01-01T15:45:18,25.77738,-80.01677,8.2,278.6,259.0,LENA,IMO9347750,5BYF3,70,0,139,22,8.8,79,A
210740000,2022-01-01T14:55:37,25.75287,-79.89374,7.0,291.0,261.0,LENA,IMO9347750,5BYF3,70,0,139,22,8.8,79,A
210740000,2022-01-01T15:05:49,25.75888,-79.91831,9.1,281.1,257.0,LENA,IMO9347750,5BYF3,70,0,139,22,8.8,79,A
210740000,2022-01-01T14:37:08,25.74062,-79.85596,7.3,293.6,265.0,LENA,IMO9347750,5BYF3,70,0,139,22,8.8,79,A
210740000,2022-01-01T15:20:07,25.76652,-79.95397,8.2,283.3,258.0,LENA,IMO9347750,5BYF3,70,0,139,22,8.8,79,A
210740000,2022-01-01T15:23:37,25.76831,-79.96261,8.2,282.3,258.0,LENA,IMO9347750,5BYF3,70,0,139,22,8.8,79,A
210740000,2022-01-01T14:40:38,25.74290,-79.86324,7.0,288.3,262.0,LENA,IMO9347750,5BYF3,70,0,139,22,8.8,79,A
210740000,2022-01-01T15:08:19,25.76014,-79.92502,8.4,282.2,257.0,LENA,IMO9347750,5BYF3,70,0,139,22,8.8,79,A
210740000,2022-01-01T15:58:07,25.78417,-80.04916,8.2,291.2,272.0,LENA,IMO9347750,5BYF3,70,0,139,22,8.8,79,A
210740000,2022-01-01T15:14:28,25.76347,-79.94014,8.1,284.8,258.0,LENA,IMO9347750,5BYF3,70,0,139,22,8.8,79,A
210740000,2022-01-01T16:01:38,25.78696,-80.05717,6.9,292.2,268.0,LENA,IMO9347750,5BYF3,70,0,139,22,8.8,79,A
210740000,2022-01-01T15:11:49,25.76200,-79.93370,8.2,284.3,257.0,LENA,IMO9347750,5BYF3,70,0,139,22,8.8,79,A
210740000,2022-01-01T15:04:38,25.75829,-79.91503,9.0,282.7,258.0,LENA,IMO9347750,5BYF3,70,0,139,22,8.8,79,A
210740000,2022-01-01T15:16:48,25.76472,-79.94580,8.2,284.9,258.0,LENA,IMO9347750,5BYF3,70,0,139,22,8.8,79,A
210740000,2022-01-01T14:48:38,25.74806,-79.87959,7.0,289.8,261.0,LENA,IMO9347750,5BYF3,70,0,139,22,8.8,79,A
210740000,2022-01-01T15:22:27,25.76773,-79.95973,8.2,282.0,257.0,LENA,IMO9347750,5BYF3,70,0,139,22,8.8,79,A
210740000,2022-01-01T15:30:47,25.77167,-79.98034,8.2,281.1,257.0,LENA,IMO9347750,5BYF3,70,0,139,22,8.8,79,A
210740000,2022-01-01T15:10:38,25.76136,-79.93080,8.1,283.7,258.0,LENA,IMO9347750,5BYF3,70,0,139,22,8.8,79,A
210740000,2022-01-01T15:34:18,25.77316,-79.98910,8.2,280.9,258.0,LENA,IMO9347750,5BYF3,70,0,139,22,8.8,79,A
210740000,2022-01-01T16:14:08,25.79056,-80.07251,2.3,270.0,234.0,LENA,IMO9347750,5BYF3,70,0,139,22,8.8,79,A
210740000,2022-01-01T15:25:58,25.76942,-79.96839,8.2,281.5,258.0,LENA,IMO9347750,5BYF3,70,0,139,22,8.8,79,A
210740000,2022-01-01T16:16:27,25.79040,-80.07420,2.3,270.0,226.0,LENA,IMO9347750,5BYF3,70,0,139,22,8.8,79,A
210740000,2022-01-01T15:41:18,25.77592,-80.00669,8.1,278.5,257.0,LENA,IMO9347750,5BYF3,70,0,139,22,8.8,79,A
210740000,2022-01-01T16:20:58,25.78993,-80.07676,1.2,270.0,198.0,LENA,IMO9347750,5BYF3,70,0,139,22,8.8,79,A
210740000,2022-01-01T15:31:48,25.77208,-79.98281,8.1,280.0,257.0,LENA,IMO9347750,5BYF3,70,0,139,22,8.8,79,A
210740000,2022-01-01T15:44:08,25.77690,-80.01377,8.4,281.9,261.0,LENA,IMO9347750,5BYF3,70,0,139,22,8.8,79,A
210740000,2022-01-01T16:25:37,25.79003,-80.07755,0.6,320.3,137.0,LENA,IMO9347750,5BYF3,70,0,139,22,8.8,79,A
210740000,2022-01-01T15:26:59,25.76989,-79.97091,8.2,282.4,258.0,LENA,IMO9347750,5BYF3,70,0,139,22,8.8,79,A
210740000,2022-01-01T15:38:58,25.77509,-80.00086,8.1,277.4,256.0,LENA,IMO9347750,5BYF3,70,0,139,22,8.8,79,A
210740000,2022-01-01T15:13:18,25.76282,-79.93728,8.0,283.5,257.0,LENA,IMO9347750,5BYF3,70,0,139,22,8.8,79,A
210740000,2022-01-01T16:34:08,25.79173,-80.07937,1.4,283.2,59.0,LENA,IMO9347750,5BYF3,70,0,139,22,8.8,79,A
210740000,2022-01-01T16:35:17,25.79197,-80.07976,1.8,344.4,69.0,LENA,IMO9347750,5BYF3,70,0,139,22,8.8,79,A
210740000,2022-01-01T15:47:28,25.77823,-80.02219,8.4,280.7,261.0,LENA,IMO9347750,5BYF3,70,0,139,22,8.8,79,A
210740000,2022-01-01T06:59:18,24.74047,-79.78577,8.1,26.3,26.0,LENA,IMO9347750,5BYF3,70,0,139,22,8.8,79,A
210740000,2022-01-01T15:48:38,25.77869,-80.02514,8.3,279.3,260.0,LENA,IMO9347750,5BYF3,70,0,139,22,8.8,79,A
210740000,2022-01-01T15:49:48,25.77914,-80.02814,8.4,279.1,261.0,LENA,IMO9347750,5BYF3,70,0,139,22,8.8,79,A
210740000,2022-01-01T15:24:47,25.76889,-79.96547,8.2,282.4,257.0,LENA,IMO9347750,5BYF3,70,0,139,22,8.8,79,A
210740000,2022-01-01T16:02:49,25.78772,-80.05937,6.0,290.1,267.0,LENA,IMO9347750,5BYF3,70,0,139,22,8.8,79,A
210740000,2022-01-01T15:52:07,25.78001,-80.03411,8.4,278.4,262.0,LENA,IMO9347750,5BYF3,70,0,139,22,8.8,79,A
210740000,2022-01-01T07:04:27,24.75086,-79.78001,8.0,26.7,26.0,LENA,IMO9347750,5BYF3,70,0,139,22,8.8,79,A
210740000,2022-01-01T15:29:38,25.77112,-79.97746,8.2,282.1,258.0,LENA,IMO9347750,5BYF3,70,0,139,22,8.8,79,A
210740000,2022-01-01T16:00:27,25.78605,-80.05471,7.9,291.4,272.0,LENA,IMO9347750,5BYF3,70,0,139,22,8.8,79,A
210740000,2022-01-01T16:10:18,25.79042,-80.06929,3.1,276.4,244.0,LENA,IMO9347750,5BYF3,70,0,139,22,8.8,79,A
210740000,2022-01-01T15:59:18,25.78512,-80.05200,8.2,290.3,272.0,LENA,IMO9347750,5BYF3,70,0,139,22,8.8,79,A
210740000,2022-01-01T07:08:08,24.75829,-79.77590,8.1,26.6,26.0,LENA,IMO9347750,5BYF3,70,0,139,22,8.8,79,A
210740000,2022-01-01T15:37:48,25.77464,-79.99787,8.3,281.1,258.0,LENA,IMO9347750,5BYF3,70,0,139,22,8.8,79,A
210740000,2022-01-01T16:07:57,25.79000,-80.06678,4.1,284.2,256.0,LENA,IMO9347750,5BYF3,70,0,139,22,8.8,79,A
210740000,2022-01-01T15:42:28,25.77623,-80.00955,8.1,276.6,259.0,LENA,IMO9347750,5BYF3,70,0,139,22,8.8,79,A
210740000,2022-01-01T16:06:47,25.78973,-80.06532,4.2,281.4,255.0,LENA,IMO9347750,5BYF3,70,0,139,22,8.8,79,A
210740000,2022-01-01T16:12:38,25.79056,-80.07133,2.8,275.3,239.0,LENA,IMO9347750,5BYF3,70,0,139,22,8.8,79,A
210740000,2022-01-01T16:09:08,25.79029,-80.06809,3.5,281.4,249.0,LENA,IMO9347750,5BYF3,70,0,139,22,8.8,79,A
210740000,2022-01-01T15:46:19,25.77774,-80.01929,8.3,279.6,261.0,LENA,IMO9347750,5BYF3,70,0,139,22,8.8,79,A
210740000,2022-01-01T16:15:18,25.79051,-80.07339,2.4,270.0,230.0,LENA,IMO9347750,5BYF3,70,0,139,22,8.8,79,A
210740000,2022-01-01T07:11:47,24.76554,-79.77176,8.1,27.1,26.0,LENA,IMO9347750,5BYF3,70,0,139,22,8.8,79,A
210740000,2022-01-01T16:11:27,25.79049,-80.07030,2.7,271.8,243.0,LENA,IMO9347750,5BYF3,70,0,139,22,8.8,79,A
210740000,2022-01-01T15:50:58,25.77958,-80.03113,8.4,279.6,261.0,LENA,IMO9347750,5BYF3,70,0,139,22,8.8,79,A
210740000,2022-01-01T17:09:38,25.79162,-80.08073,0.3,0.1,167.0,LENA,IMO9347750,5BYF3,70,1,139,22,8.8,79,A
210740000,2022-01-01T16:30:07,25.79110,-80.07846,0.5,348.7,107.0,LENA,IMO9347750,5BYF3,70,0,139,22,8.8,79,A
210740000,2022-01-01T16:17:39,25.79027,-80.07500,2.1,258.5,220.0,LENA,IMO9347750,5BYF3,70,0,139,22,8.8,79,A
210740000,2022-01-01T16:27:57,25.79063,-80.07807,1.4,319.7,123.0,LENA,IMO9347750,5BYF3,70,0,139,22,8.8,79,A
210740000,2022-01-01T16:18:47,25.79008,-80.07568,1.9,248.4,218.0,LENA,IMO9347750,5BYF3,70,0,139,22,8.8,79,A
210740000,2022-01-01T15:54:48,25.78164,-80.04101,8.7,286.3,268.0,LENA,IMO9347750,5BYF3,70,0,139,22,8.8,79,A
210740000,2022-01-01T15:55:57,25.78241,-80.04396,8.4,287.0,270.0,LENA,IMO9347750,5BYF3,70,0,139,22,8.8,79,A
210740000,2022-01-01T15:56:59,25.78321,-80.04646,8.3,290.9,273.0,LENA,IMO9347750,5BYF3,70,0,139,22,8.8,79,A
210740000,2022-01-01T16:23:18,25.78994,-80.07728,0.4,270.0,164.0,LENA,IMO9347750,5BYF3,70,0,139,22,8.8,79,A
210740000,2022-01-01T16:26:48,25.79027,-80.07776,1.2,322.7,129.0,LENA,IMO9347750,5BYF3,70,0,139,22,8.8,79,A
210740000,2022-01-01T16:37:22,25.79277,-80.07866,3.1,90.0,146.0,LENA,IMO9347750,5BYF3,70,0,139,22,8.8,79,A
210740000,2022-01-01T16:32:28,25.79154,-80.07881,1.0,303.7,80.0,LENA,IMO9347750,5BYF3,70,0,139,22,8.8,79,A
210740000,2022-01-01T16:28:58,25.79090,-80.07835,0.9,319.0,116.0,LENA,IMO9347750,5BYF3,70,0,139,22,8.8,79,A
210740000,2022-01-01T16:36:18,25.79253,-80.07947,2.0,43.5,104.0,LENA,IMO9347750,5BYF3,70,0,139,22,8.8,79,A
210740000,2022-01-01T16:39:28,25.79166,-80.07808,2.4,200.5,202.0,LENA,IMO9347750,5BYF3,70,0,139,22,8.8,79,A
210740000,2022-01-01T16:42:58,25.79023,-80.07948,1.1,258.9,221.0,LENA,IMO9347750,5BYF3,70,0,139,22,8.8,79,A
210740000,2022-01-01T16:45:28,25.79041,-80.08012,0.8,316.9,188.0,LENA,IMO9347750,5BYF3,70,0,139,22,8.8,79,A
210740000,2022-01-01T16:41:47,25.79042,-80.07904,1.7,232.1,219.0,LENA,IMO9347750,5BYF3,70,0,139,22,8.8,79,A
210740000,2022-01-01T16:54:38,25.79103,-80.08099,0.3,0.1,108.0,LENA,IMO9347750,5BYF3,70,1,139,22,8.8,79,A
210740000,2022-01-01T16:44:17,25.79026,-80.07989,0.8,270.0,205.0,LENA,IMO9347750,5BYF3,70,0,139,22,8.8,79,A
210740000,2022-01-01T16:22:08,25.78996,-80.07709,0.6,270.0,179.0,LENA,IMO9347750,5BYF3,70,0,139,22,8.8,79,A
210740000,2022-01-01T16:48:36,25.79056,-80.08055,0.2,270.0,143.0,LENA,IMO9347750,5BYF3,70,1,139,22,8.8,79,A
210740000,2022-01-01T16:24:27,25.78991,-80.07742,0.3,270.0,148.0,LENA,IMO9347750,5BYF3,70,0,139,22,8.8,79,A
210740000,2022-01-01T17:03:37,25.79143,-80.08043,0.0,0.1,150.0,LENA,IMO9347750,5BYF3,70,1,139,22,8.8,79,A
210740000,2022-01-01T16:31:18,25.79134,-80.07856,0.9,325.7,100.0,LENA,IMO9347750,5BYF3,70,0,139,22,8.8,79,A
210740000,2022-01-01T16:57:39,25.79133,-80.08078,0.3,0.1,127.0,LENA,IMO9347750,5BYF3,70,1,139,22,8.8,79,A
210740000,2022-01-01T17:06:33,25.79158,-80.08050,0.0,0.1,164.0,LENA,IMO9347750,5BYF3,70,1,139,22,8.8,79,A
210740000,2022-01-01T16:40:38,25.79093,-80.07852,2.5,211.3,212.0,LENA,IMO9347750,5BYF3,70,0,139,22,8.8,79,A
210740000,2022-01-01T17:21:39,25.79118,-80.08140,0.3,0.1,119.0,LENA,IMO9347750,5BYF3,70,1,139,22,8.8,79,A
210740000,2022-01-01T07:30:47,24.80463,-79.75382,7.9,17.5,16.0,LENA,IMO9347750,5BYF3,70,0,139,22,8.8,79,A
210740000,2022-01-01T17:24:39,25.79140,-80.08114,0.4,90.0,130.0,LENA,IMO9347750,5BYF3,70,1,139,22,8.8,79,A
210740000,2022-01-01T17:15:39,25.79118,-80.08147,0.3,236.0,133.0,LENA,IMO9347750,5BYF3,70,1,139,22,8.8,79,A
210740000,2022-01-01T16:51:38,25.79064,-80.08089,0.5,294.1,100.0,LENA,IMO9347750,5BYF3,70,1,139,22,8.8,79,A
210740000,2022-01-01T17:36:33,25.79136,-80.08115,0.3,0.1,152.0,LENA,IMO9347750,5BYF3,70,1,139,22,8.8,79,A
210740000,2022-01-01T17:27:41,25.79156,-80.08087,0.2,90.0,152.0,LENA,IMO9347750,5BYF3,70,1,139,22,8.8,79,A
210740000,2022-01-01T17:45:42,25.79135,-80.08122,0.3,0.1,133.0,LENA,IMO9347750,5BYF3,70,1,139,22,8.8,79,A
210740000,2022-01-01T07:37:18,24.81867,-79.74907,8.6,16.8,15.0,LENA,IMO9347750,5BYF3,70,0,139,22,8.8,79,A
210740000,2022-01-01T17:51:43,25.79160,-80.08095,0.0,0.1,148.0,LENA,IMO9347750,5BYF3,70,1,139,22,8.8,79,A
210740000,2022-01-01T17:39:43,25.79127,-80.08138,0.0,0.1,134.0,LENA,IMO9347750,5BYF3,70,1,139,22,8.8,79,A
210740000,2022-01-01T17:48:38,25.79144,-80.08105,0.0,0.1,140.0,LENA,IMO9347750,5BYF3,70,1,139,22,8.8,79,A
210740000,2022-01-01T18:42:39,25.79149,-80.08100,0.0,0.1,141.0,LENA,IMO9347750,5BYF3,70,1,139,22,8.8,79,A
210740000,2022-01-01T07:46:28,24.84021,-79.74159,8.9,17.8,16.0,LENA,IMO9347750,5BYF3,70,0,139,22,8.8,79,A
210740000,2022-01-01T18:00:36,25.79129,-80.08127,0.4,270.0,154.0,LENA,IMO9347750,5BYF3,70,1,139,22,8.8,79,A
210740000,2022-01-01T18:06:35,25.79108,-80.08160,0.2,0.1,114.0,LENA,IMO9347750,5BYF3,70,1,139,22,8.8,79,A
210740000,2022-01-01T18:21:38,25.79152,-80.08079,0.0,0.1,163.0,LENA,IMO9347750,5BYF3,70,1,139,22,8.8,79,A
210740000,2022-01-01T18:09:35,25.79120,-80.08134,0.3,0.1,118.0,LENA,IMO9347750,5BYF3,70,1,139,22,8.8,79,A
210740000,2022-01-01T18:12:38,25.79141,-80.08108,0.3,0.1,129.0,LENA,IMO9347750,5BYF3,70,1,139,22,8.8,79,A
210740000,2022-01-01T18:18:33,25.79162,-80.08076,0.0,0.1,160.0,LENA,IMO9347750,5BYF3,70,1,139,22,8.8,79,A
210740000,2022-01-01T18:24:38,25.79144,-80.08095,0.1,0.1,161.0,LENA,IMO9347750,5BYF3,70,1,139,22,8.8,79,A
210740000,2022-01-01T18:33:39,25.79131,-80.08139,0.0,0.1,128.0,LENA,IMO9347750,5BYF3,70,1,139,22,8.8,79,A
210740000,2022-01-01T18:48:38,25.79155,-80.08091,0.0,0.1,153.0,LENA,IMO9347750,5BYF3,70,1,139,22,8.8,79,A
210740000,2022-01-01T18:36:39,25.79136,-80.08127,0.0,0.1,130.0,LENA,IMO9347750,5BYF3,70,1,139,22,8.8,79,A
210740000,2022-01-01T18:51:36,25.79149,-80.08103,0.0,0.1,153.0,LENA,IMO9347750,5BYF3,70,1,139,22,8.8,79,A
210740000,2022-01-01T18:54:33,25.79137,-80.08117,0.2,0.1,144.0,LENA,IMO9347750,5BYF3,70,1,139,22,8.8,79,A
210740000,2022-01-01T18:15:36,25.79157,-80.08085,0.2,0.1,148.0,LENA,IMO9347750,5BYF3,70,1,139,22,8.8,79,A
210740000,2022-01-01T18:45:38,25.79154,-80.08089,0.0,0.1,148.0,LENA,IMO9347750,5BYF3,70,1,139,22,8.8,79,A
210740000,2022-01-01T19:42:38,25.79156,-80.08060,0.0,0.1,169.0,LENA,IMO9347750,5BYF3,70,1,139,22,8.8,79,A
210740000,2022-01-01T19:03:37,25.79130,-80.08123,0.0,0.1,126.0,LENA,IMO9347750,5BYF3,70,1,139,22,8.8,79,A
210740000,2022-01-01T18:27:38,25.79141,-80.08112,0.2,0.1,153.0,LENA,IMO9347750,5BYF3,70,1,139,22,8.8,79,A
210740000,2022-01-01T18:57:38,25.79129,-80.08137,0.0,0.1,130.0,LENA,IMO9347750,5BYF3,70,1,139,22,8.8,79,A
210740000,2022-01-01T19:12:36,25.79158,-80.08080,0.0,0.1,151.0,LENA,IMO9347750,5BYF3,70,1,139,22,8.8,79,A
210740000,2022-01-01T19:06:34,25.79139,-80.08114,0.1,0.1,129.0,LENA,IMO9347750,5BYF3,70,1,139,22,8.8,79,A
210740000,2022-01-01T08:11:07,24.90093,-79.72464,8.9,13.5,18.0,LENA,IMO9347750,5BYF3,70,0,139,22,8.8,79,A
210740000,2022-01-01T08:17:38,24.91671,-79.72063,8.9,12.8,18.0,LENA,IMO9347750,5BYF3,70,0,139,22,8.8,79,A
210740000,2022-01-01T08:18:49,24.91960,-79.71992,8.9,12.7,19.0,LENA,IMO9347750,5BYF3,70,0,139,22,8.8,79,A
210740000,2022-01-01T08:23:28,24.93071,-79.71663,8.9,16.4,23.0,LENA,IMO9347750,5BYF3,70,0,139,22,8.8,79,A
210740000,2022-01-01T19:27:39,25.79137,-80.08125,0.0,0.1,131.0,LENA,IMO9347750,5BYF3,70,1,139,22,8.8,79,A
210740000,2022-01-01T19:36:39,25.79160,-80.08067,0.0,0.1,156.0,LENA,IMO9347750,5BYF3,70,1,139,22,8.8,79,A
210740000,2022-01-01T20:39:39,25.79157,-80.08082,0.0,0.1,158.0,LENA,IMO9347750,5BYF3,70,1,139,22,8.8,79,A
210740000,2022-01-01T19:18:37,25.79156,-80.08077,0.0,0.1,167.0,LENA,IMO9347750,5BYF3,70,1,139,22,8.8,79,A
210740000,2022-01-01T19:39:40,25.79164,-80.08058,0.0,0.1,166.0,LENA,IMO9347750,5BYF3,70,1,139,22,8.8,79,A
210740000,2022-01-01T19:51:40,25.79152,-80.08097,0.0,0.1,155.0,LENA,IMO9347750,5BYF3,70,1,139,22,8.8,79,A
210740000,2022-01-01T20:51:38,25.79168,-80.08043,0.2,0.1,157.0,LENA,IMO9347750,5BYF3,70,1,139,22,8.8,79,A
210740000,2022-01-01T19:48:37,25.79156,-80.08085,0.1,0.1,163.0,LENA,IMO9347750,5BYF3,70,1,139,22,8.8,79,A
210740000,2022-01-01T08:39:08,24.96884,-79.70398,9.2,17.2,26.0,LENA,IMO9347750,5BYF3,70,0,139,22,8.8,79,A
210740000,2022-01-01T20:03:40,25.79158,-80.08077,0.2,90.0,154.0,LENA,IMO9347750,5BYF3,70,1,139,22,8.8,79,A
210740000,2022-01-01T20:18:34,25.79153,-80.08083,0.0,0.1,161.0,LENA,IMO9347750,5BYF3,70,1,139,22,8.8,79,A
210740000,2022-01-01T20:27:37,25.79156,-80.08069,0.0,0.1,161.0,LENA,IMO9347750,5BYF3,70,1,139,22,8.8,79,A
210740000,2022-01-01T19:45:40,25.79153,-80.08071,0.0,0.1,166.0,LENA,IMO9347750,5BYF3,70,1,139,22,8.8,79,A
210740000,2022-01-01T20:09:40,25.79160,-80.08055,0.0,0.1,174.0,LENA,IMO9347750,5BYF3,70,1,139,22,8.8,79,A
210740000,2022-01-01T20:12:34,25.79157,-80.08062,0.0,0.1,173.0,LENA,IMO9347750,5BYF3,70,1,139,22,8.8,79,A
210740000,2022-01-01T20:06:38,25.79162,-80.08058,0.0,0.1,167.0,LENA,IMO9347750,5BYF3,70,1,139,22,8.8,79,A
210740000,2022-01-01T20:15:38,25.79154,-80.08075,0.0,0.1,166.0,LENA,IMO9347750,5BYF3,70,1,139,22,8.8,79,A
210740000,2022-01-01T19:54:37,25.79147,-80.08103,0.0,0.1,149.0,LENA,IMO9347750,5BYF3,70,1,139,22,8.8,79,A
210740000,2022-01-01T08:48:19,24.99172,-79.69633,9.1,17.5,27.0,LENA,IMO9347750,5BYF3,70,0,139,22,8.8,79,A
210740000,2022-01-01T19:57:40,25.79149,-80.08104,0.0,0.1,146.0,LENA,IMO9347750,5BYF3,70,1,139,22,8.8,79,A
210740000,2022-01-01T20:45:40,25.79154,-80.08075,0.0,0.1,152.0,LENA,IMO9347750,5BYF3,70,1,139,22,8.8,79,A
210740000,2022-01-01T20:33:36,25.79163,-80.08073,0.0,0.1,164.0,LENA,IMO9347750,5BYF3,70,1,139,22,8.8,79,A
210740000,2022-01-01T20:36:34,25.79155,-80.08078,0.0,0.1,160.0,LENA,IMO9347750,5BYF3,70,1,139,22,8.8,79,A
210740000,2022-01-01T21:00:36,25.79160,-80.07979,0.0,0.1,177.0,LENA,IMO9347750,5BYF3,70,1,139,22,8.8,79,A
210740000,2022-01-01T20:21:37,25.79161,-80.08082,0.0,0.1,159.0,LENA,IMO9347750,5BYF3,70,1,139,22,8.8,79,A
210740000,2022-01-01T20:48:37,25.79161,-80.08061,0.0,0.1,153.0,LENA,IMO9347750,5BYF3,70,1,139,22,8.8,79,A
210740000,2022-01-01T20:42:37,25.79160,-80.08085,0.0,0.1,155.0,LENA,IMO9347750,5BYF3,70,1,139,22,8.8,79,A
210740000,2022-01-01T20:54:36,25.79157,-80.08016,0.2,0.1,161.0,LENA,IMO9347750,5BYF3,70,1,139,22,8.8,79,A
210740000,2022-01-01T21:57:34,25.79163,-80.08033,0.0,0.1,172.0,LENA,IMO9347750,5BYF3,70,1,139,22,8.8,79,A
210740000,2022-01-01T22:00:36,25.79166,-80.08035,0.0,0.1,171.0,LENA,IMO9347750,5BYF3,70,1,139,22,8.8,79,A
210740000,2022-01-01T21:09:36,25.79162,-80.07988,0.0,0.1,185.0,LENA,IMO9347750,5BYF3,70,1,139,22,8.8,79,A
210740000,2022-01-01T21:06:38,25.79157,-80.07977,0.0,0.1,187.0,LENA,IMO9347750,5BYF3,70,1,139,22,8.8,79,A
210740000,2022-01-01T21:27:37,25.79165,-80.08002,0.0,0.1,175.0,LENA,IMO9347750,5BYF3,70,1,139,22,8.8,79,A
210740000,2022-01-01T09:12:08,25.04887,-79.67807,8.8,16.8,27.0,LENA,IMO9347750,5BYF3,70,0,139,22,8.8,79,A
210740000,2022-01-01T22:18:36,25.79163,-80.08038,0.0,0.1,165.0,LENA,IMO9347750,5BYF3,70,1,139,22,8.8,79,A
210740000,2022-01-01T21:21:39,25.79166,-80.08028,0.0,0.1,165.0,LENA,IMO9347750,5BYF3,70,1,139,22,8.8,79,A
210740000,2022-01-01T21:36:42,25.79167,-80.08028,0.0,0.1,169.0,LENA,IMO9347750,5BYF3,70,1,139,22,8.8,79,A
210740000,2022-01-01T09:16:48,25.05988,-79.67446,8.8,17.6,27.0,LENA,IMO9347750,5BYF3,70,0,139,22,8.8,79,A
210740000,2022-01-01T21:15:37,25.79171,-80.08017,0.0,0.1,173.0,LENA,IMO9347750,5BYF3,70,1,139,22,8.8,79,A
210740000,2022-01-01T21:03:34,25.79159,-80.07971,0.0,0.1,184.0,LENA,IMO9347750,5BYF3,70,1,139,22,8.8,79,A
210740000,2022-01-01T22:36:38,25.79165,-80.08014,0.0,0.1,178.0,LENA,IMO9347750,5BYF3,70,1,139,22,8.8,79,A
210740000,2022-01-01T22:39:37,25.79167,-80.08028,0.1,0.1,178.0,LENA,IMO9347750,5BYF3,70,1,139,22,8.8,79,A
210740000,2022-01-01T21:12:40,25.79170,-80.08004,0.0,0.1,180.0,LENA,IMO9347750,5BYF3,70,1,139,22,8.8,79,A
210740000,2022-01-01T21:42:42,25.79165,-80.08024,0.0,0.1,171.0,LENA,IMO9347750,5BYF3,70,1,139,22,8.8,79,A
210740000,2022-01-01T21:54:35,25.79164,-80.08031,0.0,0.1,172.0,LENA,IMO9347750,5BYF3,70,1,139,22,8.8,79,A
210740000,2022-01-01T21:18:42,25.79166,-80.08029,0.0,0.1,167.0,LENA,IMO9347750,5BYF3,70,1,139,22,8.8,79,A
210740000,2022-01-01T21:24:43,25.79165,-80.08019,0.0,0.1,165.0,LENA,IMO9347750,5BYF3,70,1,139,22,8.8,79,A
210740000,2022-01-01T21:39:34,25.79166,-80.08029,0.0,0.1,167.0,LENA,IMO9347750,5BYF3,70,1,139,22,8.8,79,A
210740000,2022-01-01T21:48:44,25.79167,-80.08032,0.0,0.1,169.0,LENA,IMO9347750,5BYF3,70,1,139,22,8.8,79,A
210740000,2022-01-01T22:03:40,25.79164,-80.08034,0.0,0.1,168.0,LENA,IMO9347750,5BYF3,70,1,139,22,8.8,79,A
210740000,2022-01-01T22:12:38,25.79168,-80.08038,0.0,0.1,170.0,LENA,IMO9347750,5BYF3,70,1,139,22,8.8,79,A
210740000,2022-01-01T21:45:37,25.79165,-80.08027,0.0,0.1,170.0,LENA,IMO9347750,5BYF3,70,1,139,22,8.8,79,A
210740000,2022-01-01T22:33:37,25.79165,-80.08021,0.0,0.1,169.0,LENA,IMO9347750,5BYF3,70,1,139,22,8.8,79,A
210740000,2022-01-01T23:24:40,25.79162,-80.08057,0.0,0.1,159.0,LENA,IMO9347750,5BYF3,70,1,139,22,8.8,79,A
210740000,2022-01-01T21:51:38,25.79166,-80.08033,0.0,0.1,171.0,LENA,IMO9347750,5BYF3,70,1,139,22,8.8,79,A
210740000,2022-01-01T22:06:40,25.79162,-80.08027,0.0,0.1,170.0,LENA,IMO9347750,5BYF3,70,1,139,22,8.8,79,A
210740000,2022-01-01T22:15:39,25.79163,-80.08043,0.0,0.1,165.0,LENA,IMO9347750,5BYF3,70,1,139,22,8.8,79,A
210740000,2022-01-01T22:48:39,25.79163,-80.08051,0.0,0.1,161.0,LENA,IMO9347750,5BYF3,70,1,139,22,8.8,79,A
210740000,2022-01-01T22:51:39,25.79166,-80.08041,0.0,0.1,163.0,LENA,IMO9347750,5BYF3,70,1,139,22,8.8,79,A
210740000,2022-01-01T09:50:38,25.13916,-79.64728,8.6,18.4,24.0,LENA,IMO9347750,5BYF3,70,0,139,22,8.8,79,A
210740000,2022-01-01T22:57:41,25.79166,-80.08037,0.0,0.1,174.0,LENA,IMO9347750,5BYF3,70,1,139,22,8.8,79,A
210740000,2022-01-01T09:52:57,25.14451,-79.64537,8.7,17.8,23.0,LENA,IMO9347750,5BYF3,70,0,139,22,8.8,79,A
210740000,2022-01-01T23:06:35,25.79161,-80.08061,0.0,0.1,157.0,LENA,IMO9347750,5BYF3,70,1,139,22,8.8,79,A
210740000,2022-01-01T23:09:37,25.79164,-80.08051,0.0,0.1,158.0,LENA,IMO9347750,5BYF3,70,1,139,22,8.8,79,A
210740000,2022-01-01T22:24:37,25.79165,-80.08043,0.0,0.1,167.0,LENA,IMO9347750,5BYF3,70,1,139,22,8.8,79,A
210740000,2022-01-01T23:15:38,25.79164,-80.08038,0.0,0.1,170.0,LENA,IMO9347750,5BYF3,70,1,139,22,8.8,79,A
210740000,2022-01-01T22:42:37,25.79163,-80.08048,0.0,0.1,169.0,LENA,IMO9347750,5BYF3,70,1,139,22,8.8,79,A
210740000,2022-01-01T23:21:36,25.79163,-80.08054,0.0,0.1,165.0,LENA,IMO9347750,5BYF3,70,1,139,22,8.8,79,A
210740000,2022-01-01T23:18:35,25.79165,-80.08047,0.0,0.1,169.0,LENA,IMO9347750,5BYF3,70,1,139,22,8.8,79,A
210740000,2022-01-01T23:27:38,25.79164,-80.08047,0.0,0.1,160.0,LENA,IMO9347750,5BYF3,70,1,139,22,8.8,79,A
210740000,2022-01-01T23:36:41,25.79166,-80.08040,0.0,0.1,171.0,LENA,IMO9347750,5BYF3,70,1,139,22,8.8,79,A
210740000,2022-01-01T22:54:41,25.79166,-80.08031,0.0,0.1,173.0,LENA,IMO9347750,5BYF3,70,1,139,22,8.8,79,A
210740000,2022-01-01T23:39:39,25.79166,-80.08049,0.0,0.1,169.0,LENA,IMO9347750,5BYF3,70,1,139,22,8.8,79,A
210740000,2022-01-01T23:03:39,25.79161,-80.08058,0.0,0.1,162.0,LENA,IMO9347750,5BYF3,70,1,139,22,8.8,79,A
210740000,2022-01-01T23:33:38,25.79166,-80.08035,0.0,0.1,172.0,LENA,IMO9347750,5BYF3,70,1,139,22,8.8,79,A
210740000,2022-01-01T23:51:38,25.79166,-80.08050,0.0,0.1,165.0,LENA,IMO9347750,5BYF3,70,1,139,22,8.8,79,A
210740000,2022-01-01T23:42:40,25.79163,-80.08055,0.0,0.1,165.0,LENA,IMO9347750,5BYF3,70,1,139,22,8.8,79,A
210740000,2022-01-01T23:45:38,25.79161,-80.08056,0.0,0.1,162.0,LENA,IMO9347750,5BYF3,70,1,139,22,8.8,79,A
210740000,2022-01-01T10:15:29,25.19742,-79.63261,8.7,351.2,352.0,LENA,IMO9347750,5BYF3,70,0,139,22,8.8,79,A
210740000,2022-01-01T23:48:41,25.79166,-80.08053,0.0,0.1,164.0,LENA,IMO9347750,5BYF3,70,1,139,22,8.8,79,A
210740000,2022-01-01T10:21:17,25.21151,-79.63379,8.8,354.9,352.0,LENA,IMO9347750,5BYF3,70,0,139,22,8.8,79,A
210740000,2022-01-01T10:22:28,25.21436,-79.63407,8.8,354.6,352.0,LENA,IMO9347750,5BYF3,70,0,139,22,8.8,79,A
210740000,2022-01-01T10:23:39,25.21731,-79.63442,8.8,354.3,353.0,LENA,IMO9347750,5BYF3,70,0,139,22,8.8,79,A
210740000,2022-01-01T23:57:39,25.79164,-80.08046,0.0,0.1,164.0,LENA,IMO9347750,5BYF3,70,1,139,22,8.8,79,A
210740000,2022-01-01T23:54:35,25.79163,-80.08048,0.0,0.1,164.0,LENA,IMO9347750,5BYF3,70,1,139,22,8.8,79,A
210740000,2022-01-01T10:43:18,25.26535,-79.64068,8.9,350.5,350.0,LENA,IMO9347750,5BYF3,70,0,139,22,8.8,79,A
210740000,2022-01-01T10:46:47,25.27390,-79.64205,8.9,350.8,349.0,LENA,IMO9347750,5BYF3,70,0,139,22,8.8,79,A
210740000,2022-01-01T10:49:09,25.27969,-79.64301,8.9,352.4,351.0,LENA,IMO9347750,5BYF3,70,0,139,22,8.8,79,A
210740000,2022-01-01T10:55:08,25.29450,-79.64531,8.9,353.0,351.0,LENA,IMO9347750,5BYF3,70,0,139,22,8.8,79,A
210740000,2022-01-01T11:02:38,25.31305,-79.64812,8.9,352.0,352.0,LENA,IMO9347750,5BYF3,70,0,139,22,8.8,79,A
210740000,2022-01-01T11:04:58,25.31873,-79.64902,8.9,352.0,351.0,LENA,IMO9347750,5BYF3,70,0,139,22,8.8,79,A
210740000,2022-01-01T11:06:07,25.32158,-79.64945,8.9,352.2,352.0,LENA,IMO9347750,5BYF3,70,0,139,22,8.8,79,A
210740000,2022-01-01T11:17:57,25.35092,-79.65383,9.0,352.6,352.0,LENA,IMO9347750,5BYF3,70,0,139,22,8.8,79,A
210740000,2022-01-01T11:29:38,25.37977,-79.65791,8.9,352.7,351.0,LENA,IMO9347750,5BYF3,70,0,139,22,8.8,79,A
210740000,2022-01-01T11:47:17,25.42360,-79.66358,8.9,354.0,352.0,LENA,IMO9347750,5BYF3,70,0,139,22,8.8,79,A
210740000,2022-01-01T11:51:58,25.43517,-79.66495,8.9,354.2,352.0,LENA,IMO9347750,5BYF3,70,0,139,22,8.8,79,A
210740000,2022-01-01T12:31:07,25.53274,-79.67587,9.0,352.1,348.0,LENA,IMO9347750,5BYF3,70,0,139,22,8.8,79,A
210740000,2022-01-01T12:47:19,25.57350,-79.68111,9.1,353.8,349.0,LENA,IMO9347750,5BYF3,70,0,139,22,8.8,79,A
210740000,2022-01-01T13:19:17,25.65200,-79.69656,7.1,305.0,288.0,LENA,IMO9347750,5BYF3,70,0,139,22,8.8,79,A
210740000,2022-01-01T13:26:18,25.66157,-79.71000,8.1,308.2,290.0,LENA,IMO9347750,5BYF3,70,0,139,22,8.8,79,A
210740000,2022-01-01T13:28:39,25.66482,-79.71467,8.2,308.3,291.0,LENA,IMO9347750,5BYF3,70,0,139,22,8.8,79,A
210740000,2022-01-01T13:29:48,25.66646,-79.71694,8.3,309.1,289.0,LENA,IMO9347750,5BYF3,70,0,139,22,8.8,79,A
210740000,2022-01-01T13:44:48,25.68327,-79.74813,7.7,299.7,279.0,LENA,IMO9347750,5BYF3,70,0,139,22,8.8,79,A
210740000,2022-01-01T13:49:29,25.68832,-79.75781,7.7,299.7,278.0,LENA,IMO9347750,5BYF3,70,0,139,22,8.8,79,A
210740000,2022-01-01T13:52:58,25.69218,-79.76505,7.7,299.9,278.0,LENA,IMO9347750,5BYF3,70,0,139,22,8.8,79,A
210740000,2022-01-01T14:09:28,25.71090,-79.79889,7.8,302.2,279.0,LENA,IMO9347750,5BYF3,70,0,139,22,8.8,79,A
210740000,2022-01-01T14:13:07,25.71524,-79.80638,7.9,302.4,278.0,LENA,IMO9347750,5BYF3,70,0,139,22,8.8,79,A
210740000,2022-01-01T14:34:48,25.73877,-79.85115,7.3,291.6,265.0,LENA,IMO9347750,5BYF3,70,0,139,22,8.8,79,A
210740000,2022-01-01T14:41:48,25.74370,-79.86561,7.1,290.9,262.0,LENA,IMO9347750,5BYF3,70,0,139,22,8.8,79,A
210740000,2022-01-01T14:42:57,25.74445,-79.86794,6.9,287.9,259.0,LENA,IMO9347750,5BYF3,70,0,139,22,8.8,79,A
210740000,2022-01-01T14:47:28,25.74731,-79.87717,7.0,289.5,261.0,LENA,IMO9347750,5BYF3,70,0,139,22,8.8,79,A
210740000,2022-01-01T14:49:49,25.74886,-79.88195,7.0,290.0,261.0,LENA,IMO9347750,5BYF3,70,0,139,22,8.8,79,A
210740000,2022-01-01T14:57:59,25.75463,-79.89850,7.1,292.2,260.0,LENA,IMO9347750,5BYF3,70,0,139,22,8.8,79,A
210740000,2022-01-01T15:01:08,25.75648,-79.90592,8.6,282.6,257.0,LENA,IMO9347750,5BYF3,70,0,139,22,8.8,79,A
210740000,2022-01-01T15:02:18,25.75708,-79.90894,8.5,282.6,257.0,LENA,IMO9347750,5BYF3,70,0,139,22,8.8,79,A
210740000,2022-01-01T15:21:18,25.76716,-79.95692,8.2,283.4,257.0,LENA,IMO9347750,5BYF3,70,0,139,22,8.8,79,A
210740000,2022-01-01T15:28:18,25.77051,-79.97418,8.1,281.2,257.0,LENA,IMO9347750,5BYF3,70,0,139,22,8.8,79,A
210740000,2022-01-01T15:35:28,25.77366,-79.99202,8.2,280.4,257.0,LENA,IMO9347750,5BYF3,70,0,139,22,8.8,79,A
210740000,2022-01-01T15:53:37,25.78079,-80.03799,8.7,286.7,270.0,LENA,IMO9347750,5BYF3,70,0,139,22,8.8,79,A
210740000,2022-01-01T16:03:59,25.78842,-80.06130,5.8,294.7,270.0,LENA,IMO9347750,5BYF3,70,0,139,22,8.8,79,A
210740000,2022-01-01T16:19:48,25.78991,-80.07628,1.7,259.0,215.0,LENA,IMO9347750,5BYF3,70,0,139,22,8.8,79,A
210740000,2022-01-01T16:38:24,25.79233,-80.07796,2.1,156.5,190.0,LENA,IMO9347750,5BYF3,70,0,139,22,8.8,79,A
210740000,2022-01-01T17:12:37,25.79138,-80.08110,0.5,270.0,153.0,LENA,IMO9347750,5BYF3,70,1,139,22,8.8,79,A
210740000,2022-01-01T17:42:33,25.79127,-80.08147,0.0,0.1,124.0,LENA,IMO9347750,5BYF3,70,1,139,22,8.8,79,A
210740000,2022-01-01T17:54:37,25.79151,-80.08083,0.0,0.1,162.0,LENA,IMO9347750,5BYF3,70,1,139,22,8.8,79,A
210740000,2022-01-01T17:57:43,25.79140,-80.08095,0.2,0.1,165.0,LENA,IMO9347750,5BYF3,70,1,139,22,8.8,79,A
210740000,2022-01-01T19:15:39,25.79159,-80.08067,0.0,0.1,165.0,LENA,IMO9347750,5BYF3,70,1,139,22,8.8,79,A
210740000,2022-01-01T19:21:37,25.79148,-80.08095,0.2,0.1,158.0,LENA,IMO9347750,5BYF3,70,1,139,22,8.8,79,A
210740000,2022-01-01T20:24:39,25.79160,-80.08076,0.0,0.1,158.0,LENA,IMO9347750,5BYF3,70,1,139,22,8.8,79,A
210740000,2022-01-01T20:57:40,25.79158,-80.07995,0.2,0.1,169.0,LENA,IMO9347750,5BYF3,70,1,139,22,8.8,79,A
210740000,2022-01-01T22:09:38,25.79165,-80.08029,0.0,0.1,174.0,LENA,IMO9347750,5BYF3,70,1,139,22,8.8,79,A
210740000,2022-01-01T22:21:39,25.79166,-80.08039,0.0,0.1,169.0,LENA,IMO9347750,5BYF3,70,1,139,22,8.8,79,A
210740000,2022-01-01T22:27:39,25.79163,-80.08044,0.0,0.1,162.0,LENA,IMO9347750,5BYF3,70,1,139,22,8.8,79,A
210740000,2022-01-01T22:45:40,25.79161,-80.08056,0.0,0.1,163.0,LENA,IMO9347750,5BYF3,70,1,139,22,8.8,79,A
210740000,2022-01-01T23:12:38,25.79166,-80.08039,0.0,0.1,166.0,LENA,IMO9347750,5BYF3,70,1,139,22,8.8,79,A
210740000,2022-01-02T00:03:39,25.79164,-80.08052,0.0,0.1,168.0,LENA,IMO9347750,5BYF3,70,1,139,22,8.8,79,A
210740000,2022-01-02T00:12:40,25.79166,-80.08053,0.0,0.1,161.0,LENA,IMO9347750,5BYF3,70,1,139,22,8.8,79,A
210740000,2022-01-02T00:09:37,25.79162,-80.08063,0.0,0.1,158.0,LENA,IMO9347750,5BYF3,70,1,139,22,8.8,79,A
210740000,2022-01-02T00:06:41,25.79156,-80.08058,0.0,0.1,162.0,LENA,IMO9347750,5BYF3,70,1,139,22,8.8,79,A
210740000,2022-01-02T00:15:38,25.79162,-80.08039,0.0,0.1,168.0,LENA,IMO9347750,5BYF3,70,1,139,22,8.8,79,A
210740000,2022-01-02T00:18:42,25.79159,-80.08036,0.0,0.1,174.0,LENA,IMO9347750,5BYF3,70,1,139,22,8.8,79,A
210740000,2022-01-02T00:21:40,25.79166,-80.08046,0.0,0.1,174.0,LENA,IMO9347750,5BYF3,70,1,139,22,8.8,79,A
210740000,2022-01-02T00:27:39,25.79155,-80.08069,0.0,0.1,155.0,LENA,IMO9347750,5BYF3,70,1,139,22,8.8,79,A
210740000,2022-01-02T00:33:35,25.79164,-80.08061,0.0,0.1,164.0,LENA,IMO9347750,5BYF3,70,1,139,22,8.8,79,A
210740000,2022-01-02T00:42:41,25.79155,-80.08094,0.0,0.1,152.0,LENA,IMO9347750,5BYF3,70,1,139,22,8.8,79,A
210740000,2022-01-02T00:39:39,25.79154,-80.08082,0.0,0.1,158.0,LENA,IMO9347750,5BYF3,70,1,139,22,8.8,79,A
210740000,2022-01-02T00:45:37,25.79154,-80.08095,0.0,0.1,150.0,LENA,IMO9347750,5BYF3,70,1,139,22,8.8,79,A
210740000,2022-01-02T00:48:43,25.79153,-80.08092,0.0,0.1,149.0,LENA,IMO9347750,5BYF3,70,1,139,22,8.8,79,A
210740000,2022-01-02T00:51:38,25.79156,-80.08090,0.0,0.1,151.0,LENA,IMO9347750,5BYF3,70,1,139,22,8.8,79,A
210740000,2022-01-02T00:54:44,25.79158,-80.08092,0.0,0.1,152.0,LENA,IMO9347750,5BYF3,70,1,139,22,8.8,79,A
210740000,2022-01-02T00:24:41,25.79162,-80.08065,0.0,0.1,162.0,LENA,IMO9347750,5BYF3,70,1,139,22,8.8,79,A
210740000,2022-01-02T00:57:35,25.79154,-80.08089,0.0,0.1,150.0,LENA,IMO9347750,5BYF3,70,1,139,22,8.8,79,A
210740000,2022-01-02T01:12:41,25.79155,-80.08090,0.0,0.1,145.0,LENA,IMO9347750,5BYF3,70,1,139,22,8.8,79,A
210740000,2022-01-02T01:06:35,25.79151,-80.08097,0.0,0.1,151.0,LENA,IMO9347750,5BYF3,70,1,139,22,8.8,79,A
210740000,2022-01-02T01:15:40,25.79156,-80.08068,0.0,0.1,159.0,LENA,IMO9347750,5BYF3,70,1,139,22,8.8,79,A
210740000,2022-01-02T01:21:41,25.79152,-80.08087,0.2,0.1,158.0,LENA,IMO9347750,5BYF3,70,1,139,22,8.8,79,A
210740000,2022-01-02T01:27:39,25.79149,-80.08099,0.0,0.1,141.0,LENA,IMO9347750,5BYF3,70,1,139,22,8.8,79,A
210740000,2022-01-02T01:39:38,25.79157,-80.08068,0.0,0.1,161.0,LENA,IMO9347750,5BYF3,70,1,139,22,8.8,79,A
210740000,2022-01-02T01:33:40,25.79155,-80.08062,0.0,0.1,160.0,LENA,IMO9347750,5BYF3,70,1,139,22,8.8,79,A
210740000,2022-01-02T01:54:40,25.79154,-80.08072,0.0,0.1,160.0,LENA,IMO9347750,5BYF3,70,1,139,22,8.8,79,A
210740000,2022-01-02T01:45:37,25.79157,-80.08071,0.0,0.1,153.0,LENA,IMO9347750,5BYF3,70,1,139,22,8.8,79,A
210740000,2022-01-02T01:48:41,25.79164,-80.08071,0.0,0.1,157.0,LENA,IMO9347750,5BYF3,70,1,139,22,8.8,79,A
210740000,2022-01-02T02:03:39,25.79153,-80.08089,0.0,0.1,148.0,LENA,IMO9347750,5BYF3,70,1,139,22,8.8,79,A
210740000,2022-01-02T01:57:41,25.79157,-80.08083,0.0,0.1,158.0,LENA,IMO9347750,5BYF3,70,1,139,22,8.8,79,A
210740000,2022-01-02T02:09:39,25.79162,-80.08071,0.0,0.1,156.0,LENA,IMO9347750,5BYF3,70,1,139,22,8.8,79,A
210740000,2022-01-02T02:06:41,25.79155,-80.08083,0.0,0.1,152.0,LENA,IMO9347750,5BYF3,70,1,139,22,8.8,79,A
210740000,2022-01-02T02:12:42,25.79159,-80.08065,0.0,0.1,161.0,LENA,IMO9347750,5BYF3,70,1,139,22,8.8,79,A
210740000,2022-01-02T02:18:41,25.79153,-80.08087,0.0,0.1,155.0,LENA,IMO9347750,5BYF3,70,1,139,22,8.8,79,A
210740000,2022-01-02T01:03:37,25.79153,-80.08091,0.0,0.1,153.0,LENA,IMO9347750,5BYF3,70,1,139,22,8.8,79,A
210740000,2022-01-02T02:15:40,25.79154,-80.08072,0.0,0.1,161.0,LENA,IMO9347750,5BYF3,70,1,139,22,8.8,79,A
210740000,2022-01-02T02:21:39,25.79154,-80.08091,0.0,0.1,148.0,LENA,IMO9347750,5BYF3,70,1,139,22,8.8,79,A
210740000,2022-01-02T02:27:38,25.79161,-80.08053,0.0,0.1,162.0,LENA,IMO9347750,5BYF3,70,1,139,22,8.8,79,A
210740000,2022-01-02T02:36:42,25.79154,-80.08079,0.0,0.1,154.0,LENA,IMO9347750,5BYF3,70,1,139,22,8.8,79,A
210740000,2022-01-02T02:39:36,25.79155,-80.08084,0.0,0.1,148.0,LENA,IMO9347750,5BYF3,70,1,139,22,8.8,79,A
210740000,2022-01-02T02:48:41,25.79164,-80.08046,0.0,0.1,164.0,LENA,IMO9347750,5BYF3,70,1,139,22,8.8,79,A
210740000,2022-01-02T02:42:41,25.79159,-80.08067,0.0,0.1,151.0,LENA,IMO9347750,5BYF3,70,1,139,22,8.8,79,A
210740000,2022-01-02T02:54:41,25.79162,-80.08042,0.0,0.1,163.0,LENA,IMO9347750,5BYF3,70,1,139,22,8.8,79,A
210740000,2022-01-02T02:45:37,25.79158,-80.08048,0.0,0.1,160.0,LENA,IMO9347750,5BYF3,70,1,139,22,8.8,79,A
210740000,2022-01-02T01:24:41,25.79151,-80.08106,0.0,0.1,144.0,LENA,IMO9347750,5BYF3,70,1,139,22,8.8,79,A
210740000,2022-01-02T02:57:38,25.79161,-80.08041,0.0,0.1,163.0,LENA,IMO9347750,5BYF3,70,1,139,22,8.8,79,A
210740000,2022-01-02T03:03:38,25.79166,-80.08039,0.0,0.1,163.0,LENA,IMO9347750,5BYF3,70,1,139,22,8.8,79,A
210740000,2022-01-02T03:06:42,25.79162,-80.08040,0.0,0.1,161.0,LENA,IMO9347750,5BYF3,70,1,139,22,8.8,79,A
210740000,2022-01-02T03:15:40,25.79161,-80.08029,0.0,0.1,160.0,LENA,IMO9347750,5BYF3,70,1,139,22,8.8,79,A
210740000,2022-01-02T03:18:41,25.79164,-80.08025,0.0,0.1,162.0,LENA,IMO9347750,5BYF3,70,1,139,22,8.8,79,A
210740000,2022-01-02T01:42:41,25.79153,-80.08072,0.0,0.1,155.0,LENA,IMO9347750,5BYF3,70,1,139,22,8.8,79,A
210740000,2022-01-02T03:27:40,25.79165,-80.08020,0.0,0.1,164.0,LENA,IMO9347750,5BYF3,70,1,139,22,8.8,79,A
210740000,2022-01-02T03:24:43,25.79164,-80.08021,0.0,0.1,165.0,LENA,IMO9347750,5BYF3,70,1,139,22,8.8,79,A
210740000,2022-01-02T03:21:38,25.79164,-80.08020,0.0,0.1,164.0,LENA,IMO9347750,5BYF3,70,1,139,22,8.8,79,A
210740000,2022-01-02T03:33:40,25.79163,-80.08017,0.0,0.1,166.0,LENA,IMO9347750,5BYF3,70,1,139,22,8.8,79,A
210740000,2022-01-02T03:36:41,25.79164,-80.08016,0.0,0.1,166.0,LENA,IMO9347750,5BYF3,70,1,139,22,8.8,79,A
210740000,2022-01-02T03:42:40,25.79166,-80.08014,0.0,0.1,169.0,LENA,IMO9347750,5BYF3,70,1,139,22,8.8,79,A
210740000,2022-01-02T01:51:39,25.79158,-80.08069,0.0,0.1,159.0,LENA,IMO9347750,5BYF3,70,1,139,22,8.8,79,A
210740000,2022-01-02T03:39:41,25.79168,-80.08013,0.0,0.1,168.0,LENA,IMO9347750,5BYF3,70,1,139,22,8.8,79,A
210740000,2022-01-02T03:54:39,25.79167,-80.08015,0.0,0.1,166.0,LENA,IMO9347750,5BYF3,70,1,139,22,8.8,79,A
210740000,2022-01-02T03:51:38,25.79165,-80.08015,0.0,0.1,167.0,LENA,IMO9347750,5BYF3,70,1,139,22,8.8,79,A
210740000,2022-01-02T03:48:41,25.79163,-80.08014,0.0,0.1,167.0,LENA,IMO9347750,5BYF3,70,1,139,22,8.8,79,A
210740000,2022-01-02T04:00:40,25.79164,-80.08005,0.0,0.1,168.0,LENA,IMO9347750,5BYF3,70,1,139,22,8.8,79,A
210740000,2022-01-02T03:45:36,25.79165,-80.08015,0.0,0.1,167.0,LENA,IMO9347750,5BYF3,70,1,139,22,8.8,79,A
210740000,2022-01-02T04:03:39,25.79164,-80.08003,0.0,0.1,168.0,LENA,IMO9347750,5BYF3,70,1,139,22,8.8,79,A
210740000,2022-01-02T03:57:39,25.79168,-80.08011,0.0,0.1,167.0,LENA,IMO9347750,5BYF3,70,1,139,22,8.8,79,A
210740000,2022-01-02T04:06:41,25.79167,-80.08003,0.0,0.1,171.0,LENA,IMO9347750,5BYF3,70,1,139,22,8.8,79,A
210740000,2022-01-02T04:12:36,25.79170,-80.08022,0.0,0.1,166.0,LENA,IMO9347750,5BYF3,70,1,139,22,8.8,79,A
210740000,2022-01-02T04:21:42,25.79163,-80.08007,0.0,0.1,166.0,LENA,IMO9347750,5BYF3,70,1,139,22,8.8,79,A
210740000,2022-01-02T04:15:41,25.79171,-80.08021,0.0,0.1,163.0,LENA,IMO9347750,5BYF3,70,1,139,22,8.8,79,A
210740000,2022-01-02T04:30:42,25.79166,-80.08008,0.0,0.1,164.0,LENA,IMO9347750,5BYF3,70,1,139,22,8.8,79,A
210740000,2022-01-02T04:24:40,25.79168,-80.08006,0.0,0.1,166.0,LENA,IMO9347750,5BYF3,70,1,139,22,8.8,79,A
210740000,2022-01-02T04:33:43,25.79164,-80.08001,0.0,0.1,164.0,LENA,IMO9347750,5BYF3,70,1,139,22,8.8,79,A
210740000,2022-01-02T04:36:41,25.79164,-80.07996,0.0,0.1,166.0,LENA,IMO9347750,5BYF3,70,1,139,22,8.8,79,A
210740000,2022-01-02T04:39:41,25.79164,-80.07995,0.0,0.1,167.0,LENA,IMO9347750,5BYF3,70,1,139,22,8.8,79,A
210740000,2022-01-02T04:48:42,25.79165,-80.07991,0.0,0.1,168.0,LENA,IMO9347750,5BYF3,70,1,139,22,8.8,79,A
210740000,2022-01-02T04:54:43,25.79171,-80.08010,0.0,0.1,166.0,LENA,IMO9347750,5BYF3,70,1,139,22,8.8,79,A
210740000,2022-01-02T04:42:42,25.79165,-80.07998,0.0,0.1,167.0,LENA,IMO9347750,5BYF3,70,1,139,22,8.8,79,A
210740000,2022-01-02T04:45:39,25.79168,-80.07999,0.0,0.1,165.0,LENA,IMO9347750,5BYF3,70,1,139,22,8.8,79,A
210740000,2022-01-02T02:24:40,25.79157,-80.08074,0.2,0.1,151.0,LENA,IMO9347750,5BYF3,70,1,139,22,8.8,79,A
210740000,2022-01-02T05:03:42,25.79168,-80.08010,0.0,0.1,162.0,LENA,IMO9347750,5BYF3,70,1,139,22,8.8,79,A
210740000,2022-01-02T05:09:41,25.79167,-80.08009,0.0,0.1,165.0,LENA,IMO9347750,5BYF3,70,1,139,22,8.8,79,A
210740000,2022-01-02T04:51:41,25.79170,-80.08000,0.0,0.1,169.0,LENA,IMO9347750,5BYF3,70,1,139,22,8.8,79,A
210740000,2022-01-02T05:12:46,25.79168,-80.08012,0.0,0.1,163.0,LENA,IMO9347750,5BYF3,70,1,139,22,8.8,79,A
210740000,2022-01-02T05:15:37,25.79168,-80.08013,0.0,0.1,162.0,LENA,IMO9347750,5BYF3,70,1,139,22,8.8,79,A
210740000,2022-01-02T04:57:40,25.79168,-80.08016,0.0,0.1,164.0,LENA,IMO9347750,5BYF3,70,1,139,22,8.8,79,A
210740000,2022-01-02T05:18:46,25.79168,-80.08013,0.0,0.1,161.0,LENA,IMO9347750,5BYF3,70,1,139,22,8.8,79,A
210740000,2022-01-02T02:33:37,25.79161,-80.08063,0.2,0.1,165.0,LENA,IMO9347750,5BYF3,70,1,139,22,8.8,79,A
210740000,2022-01-02T05:21:40,25.79168,-80.08012,0.0,0.1,164.0,LENA,IMO9347750,5BYF3,70,1,139,22,8.8,79,A
210740000,2022-01-02T05:06:45,25.79168,-80.08005,0.0,0.1,166.0,LENA,IMO9347750,5BYF3,70,1,139,22,8.8,79,A
210740000,2022-01-02T05:24:46,25.79165,-80.08016,0.0,0.1,160.0,LENA,IMO9347750,5BYF3,70,1,139,22,8.8,79,A
210740000,2022-01-02T05:30:36,25.79166,-80.08011,0.0,0.1,164.0,LENA,IMO9347750,5BYF3,70,1,139,22,8.8,79,A
210740000,2022-01-02T05:33:38,25.79165,-80.08011,0.0,0.1,162.0,LENA,IMO9347750,5BYF3,70,1,139,22,8.8,79,A
210740000,2022-01-02T05:27:36,25.79169,-80.08011,0.0,0.1,163.0,LENA,IMO9347750,5BYF3,70,1,139,22,8.8,79,A
210740000,2022-01-02T05:39:41,25.79168,-80.08015,0.0,0.1,161.0,LENA,IMO9347750,5BYF3,70,1,139,22,8.8,79,A
210740000,2022-01-02T05:45:42,25.79167,-80.08023,0.0,0.1,162.0,LENA,IMO9347750,5BYF3,70,1,139,22,8.8,79,A
210740000,2022-01-02T05:51:43,25.79169,-80.08031,0.0,0.1,159.0,LENA,IMO9347750,5BYF3,70,1,139,22,8.8,79,A
210740000,2022-01-02T05:57:44,25.79167,-80.08023,0.0,0.1,159.0,LENA,IMO9347750,5BYF3,70,1,139,22,8.8,79,A
210740000,2022-01-02T06:00:40,25.79165,-80.08017,0.0,0.1,160.0,LENA,IMO9347750,5BYF3,70,1,139,22,8.8,79,A
210740000,2022-01-02T06:06:41,25.79168,-80.08009,0.0,0.1,162.0,LENA,IMO9347750,5BYF3,70,1,139,22,8.8,79,A
210740000,2022-01-02T02:51:40,25.79165,-80.08044,0.0,0.1,164.0,LENA,IMO9347750,5BYF3,70,1,139,22,8.8,79,A
210740000,2022-01-02T05:54:39,25.79168,-80.08029,0.0,0.1,159.0,LENA,IMO9347750,5BYF3,70,1,139,22,8.8,79,A
210740000,2022-01-02T06:18:40,25.79159,-80.07994,0.0,0.1,162.0,LENA,IMO9347750,5BYF3,70,1,139,22,8.8,79,A
210740000,2022-01-02T06:15:41,25.79160,-80.07990,0.0,0.1,167.0,LENA,IMO9347750,5BYF3,70,1,139,22,8.8,79,A
210740000,2022-01-02T06:21:41,25.79164,-80.07983,0.0,0.1,165.0,LENA,IMO9347750,5BYF3,70,1,139,22,8.8,79,A
210740000,2022-01-02T06:03:43,25.79167,-80.08016,0.0,0.1,159.0,LENA,IMO9347750,5BYF3,70,1,139,22,8.8,79,A
210740000,2022-01-02T06:24:41,25.79156,-80.07974,0.0,0.1,170.0,LENA,IMO9347750,5BYF3,70,1,139,22,8.8,79,A
210740000,2022-01-02T06:09:41,25.79169,-80.08006,0.0,0.1,165.0,LENA,IMO9347750,5BYF3,70,1,139,22,8.8,79,A
210740000,2022-01-02T06:30:40,25.79170,-80.07988,0.0,0.1,171.0,LENA,IMO9347750,5BYF3,70,1,139,22,8.8,79,A
210740000,2022-01-02T03:00:40,25.79165,-80.08040,0.0,0.1,162.0,LENA,IMO9347750,5BYF3,70,1,139,22,8.8,79,A
210740000,2022-01-02T06:45:45,25.79167,-80.08025,0.0,0.1,159.0,LENA,IMO9347750,5BYF3,70,1,139,22,8.8,79,A
210740000,2022-01-02T06:27:42,25.79164,-80.07982,0.0,0.1,169.0,LENA,IMO9347750,5BYF3,70,1,139,22,8.8,79,A
210740000,2022-01-02T03:12:43,25.79165,-80.08034,0.0,0.1,161.0,LENA,IMO9347750,5BYF3,70,1,139,22,8.8,79,A
210740000,2022-01-02T06:33:43,25.79167,-80.08000,0.0,0.1,166.0,LENA,IMO9347750,5BYF3,70,1,139,22,8.8,79,A
210740000,2022-01-02T06:36:38,25.79165,-80.08008,0.0,0.1,163.0,LENA,IMO9347750,5BYF3,70,1,139,22,8.8,79,A
210740000,2022-01-02T07:03:37,25.79168,-80.08025,0.0,0.1,160.0,LENA,IMO9347750,5BYF3,70,1,139,22,8.8,79,A
210740000,2022-01-02T06:51:43,25.79167,-80.08022,0.0,0.1,161.0,LENA,IMO9347750,5BYF3,70,1,139,22,8.8,79,A
210740000,2022-01-02T07:15:41,25.79166,-80.08025,0.0,0.1,158.0,LENA,IMO9347750,5BYF3,70,1,139,22,8.8,79,A
210740000,2022-01-02T06:57:44,25.79168,-80.08029,0.0,0.1,159.0,LENA,IMO9347750,5BYF3,70,1,139,22,8.8,79,A
210740000,2022-01-02T07:00:40,25.79165,-80.08028,0.0,0.1,157.0,LENA,IMO9347750,5BYF3,70,1,139,22,8.8,79,A
210740000,2022-01-02T07:12:40,25.79168,-80.08031,0.0,0.1,157.0,LENA,IMO9347750,5BYF3,70,1,139,22,8.8,79,A
210740000,2022-01-02T07:33:37,25.79166,-80.08022,0.0,0.1,161.0,LENA,IMO9347750,5BYF3,70,1,139,22,8.8,79,A
210740000,2022-01-02T07:24:40,25.79163,-80.08016,0.0,0.1,161.0,LENA,IMO9347750,5BYF3,70,1,139,22,8.8,79,A
210740000,2022-01-02T07:27:42,25.79170,-80.08022,0.0,0.1,160.0,LENA,IMO9347750,5BYF3,70,1,139,22,8.8,79,A
210740000,2022-01-02T07:51:41,25.79165,-80.08031,0.0,0.1,157.0,LENA,IMO9347750,5BYF3,70,1,139,22,8.8,79,A
210740000,2022-01-02T07:30:39,25.79167,-80.08017,0.0,0.1,161.0,LENA,IMO9347750,5BYF3,70,1,139,22,8.8,79,A
210740000,2022-01-02T07:42:42,25.79164,-80.08048,0.0,0.1,150.0,LENA,IMO9347750,5BYF3,70,1,139,22,8.8,79,A
210740000,2022-01-02T07:39:41,25.79165,-80.08052,0.0,0.1,153.0,LENA,IMO9347750,5BYF3,70,1,139,22,8.8,79,A
210740000,2022-01-02T08:09:42,25.79166,-80.08022,0.0,0.1,156.0,LENA,IMO9347750,5BYF3,70,1,139,22,8.8,79,A
210740000,2022-01-02T07:45:42,25.79163,-80.08032,0.0,0.1,155.0,LENA,IMO9347750,5BYF3,70,1,139,22,8.8,79,A
210740000,2022-01-02T08:12:40,25.79168,-80.08016,0.0,0.1,161.0,LENA,IMO9347750,5BYF3,70,1,139,22,8.8,79,A
210740000,2022-01-02T08:15:41,25.79169,-80.08023,0.0,0.1,160.0,LENA,IMO9347750,5BYF3,70,1,139,22,8.8,79,A
210740000,2022-01-02T07:54:40,25.79167,-80.08040,0.0,0.1,157.0,LENA,IMO9347750,5BYF3,70,1,139,22,8.8,79,A
210740000,2022-01-02T08:06:40,25.79165,-80.08029,0.0,0.1,156.0,LENA,IMO9347750,5BYF3,70,1,139,22,8.8,79,A
210740000,2022-01-02T07:57:42,25.79164,-80.08044,0.0,0.1,153.0,LENA,IMO9347750,5BYF3,70,1,139,22,8.8,79,A
210740000,2022-01-02T08:27:40,25.79168,-80.08026,0.0,0.1,159.0,LENA,IMO9347750,5BYF3,70,1,139,22,8.8,79,A
210740000,2022-01-02T08:21:42,25.79168,-80.08026,0.0,0.1,159.0,LENA,IMO9347750,5BYF3,70,1,139,22,8.8,79,A
210740000,2022-01-02T08:54:44,25.79165,-80.08017,0.0,0.1,156.0,LENA,IMO9347750,5BYF3,70,1,139,22,8.8,79,A
210740000,2022-01-02T09:15:40,25.79164,-80.08007,0.0,0.1,161.0,LENA,IMO9347750,5BYF3,70,1,139,22,8.8,79,A
210740000,2022-01-02T08:42:42,25.79167,-80.08003,0.0,0.1,162.0,LENA,IMO9347750,5BYF3,70,1,139,22,8.8,79,A
210740000,2022-01-02T08:45:40,25.79163,-80.08006,0.0,0.1,163.0,LENA,IMO9347750,5BYF3,70,1,139,22,8.8,79,A
210740000,2022-01-02T04:09:40,25.79171,-80.08011,0.0,0.1,172.0,LENA,IMO9347750,5BYF3,70,1,139,22,8.8,79,A
210740000,2022-01-02T09:30:43,25.79171,-80.08019,0.0,0.1,161.0,LENA,IMO9347750,5BYF3,70,1,139,22,8.8,79,A
210740000,2022-01-02T09:03:37,25.79168,-80.08008,0.0,0.1,160.0,LENA,IMO9347750,5BYF3,70,1,139,22,8.8,79,A
210740000,2022-01-02T09:24:40,25.79170,-80.08007,0.0,0.1,162.0,LENA,IMO9347750,5BYF3,70,1,139,22,8.8,79,A
210740000,2022-01-02T09:09:41,25.79164,-80.08009,0.0,0.1,158.0,LENA,IMO9347750,5BYF3,70,1,139,22,8.8,79,A
210740000,2022-01-02T09:12:40,25.79166,-80.08004,0.0,0.1,161.0,LENA,IMO9347750,5BYF3,70,1,139,22,8.8,79,A
210740000,2022-01-02T09:42:45,25.79170,-80.08029,0.0,0.1,157.0,LENA,IMO9347750,5BYF3,70,1,139,22,8.8,79,A
210740000,2022-01-02T09:48:37,25.79166,-80.08025,0.0,0.1,158.0,LENA,IMO9347750,5BYF3,70,1,139,22,8.8,79,A
210740000,2022-01-02T09:39:44,25.79171,-80.08029,0.0,0.1,158.0,LENA,IMO9347750,5BYF3,70,1,139,22,8.8,79,A
210740000,2022-01-02T04:18:40,25.79167,-80.08013,0.0,0.1,164.0,LENA,IMO9347750,5BYF3,70,1,139,22,8.8,79,A
210740000,2022-01-02T09:18:42,25.79169,-80.08015,0.0,0.1,160.0,LENA,IMO9347750,5BYF3,70,1,139,22,8.8,79,A
210740000,2022-01-02T09:51:47,25.79165,-80.08022,0.0,0.1,158.0,LENA,IMO9347750,5BYF3,70,1,139,22,8.8,79,A
210740000,2022-01-02T09:27:42,25.79169,-80.08014,0.0,0.1,163.0,LENA,IMO9347750,5BYF3,70,1,139,22,8.8,79,A
210740000,2022-01-02T09:33:43,25.79169,-80.08021,0.0,0.1,162.0,LENA,IMO9347750,5BYF3,70,1,139,22,8.8,79,A
210740000,2022-01-02T10:00:38,25.79168,-80.08035,0.0,0.1,157.0,LENA,IMO9347750,5BYF3,70,1,139,22,8.8,79,A
210740000,2022-01-02T10:12:43,25.79172,-80.08034,0.0,0.1,158.0,LENA,IMO9347750,5BYF3,70,1,139,22,8.8,79,A
210740000,2022-01-02T09:45:45,25.79169,-80.08026,0.0,0.1,158.0,LENA,IMO9347750,5BYF3,70,1,139,22,8.8,79,A
210740000,2022-01-02T09:54:41,25.79166,-80.08022,0.0,0.1,158.0,LENA,IMO9347750,5BYF3,70,1,139,22,8.8,79,A
210740000,2022-01-02T10:18:45,25.79168,-80.08025,0.0,0.1,158.0,LENA,IMO9347750,5BYF3,70,1,139,22,8.8,79,A
210740000,2022-01-02T10:27:45,25.79170,-80.08042,0.0,0.1,157.0,LENA,IMO9347750,5BYF3,70,1,139,22,8.8,79,A
210740000,2022-01-02T10:06:42,25.79166,-80.08035,0.0,0.1,155.0,LENA,IMO9347750,5BYF3,70,1,139,22,8.8,79,A
210740000,2022-01-02T09:57:47,25.79171,-80.08025,0.0,0.1,160.0,LENA,IMO9347750,5BYF3,70,1,139,22,8.8,79,A
210740000,2022-01-02T10:30:38,25.79172,-80.08043,0.0,0.1,156.0,LENA,IMO9347750,5BYF3,70,1,139,22,8.8,79,A
210740000,2022-01-02T10:42:40,25.79168,-80.08044,0.0,0.1,156.0,LENA,IMO9347750,5BYF3,70,1,139,22,8.8,79,A
210740000,2022-01-02T10:45:45,25.79172,-80.08043,0.0,0.1,157.0,LENA,IMO9347750,5BYF3,70,1,139,22,8.8,79,A
210740000,2022-01-02T10:09:44,25.79169,-80.08033,0.0,0.1,157.0,LENA,IMO9347750,5BYF3,70,1,139,22,8.8,79,A
210740000,2022-01-02T10:21:46,25.79167,-80.08029,0.0,0.1,160.0,LENA,IMO9347750,5BYF3,70,1,139,22,8.8,79,A
210740000,2022-01-02T10:48:43,25.79168,-80.08045,0.0,0.1,157.0,LENA,IMO9347750,5BYF3,70,1,139,22,8.8,79,A
210740000,2022-01-02T10:24:44,25.79173,-80.08039,0.0,0.1,158.0,LENA,IMO9347750,5BYF3,70,1,139,22,8.8,79,A
210740000,2022-01-02T10:51:45,25.79171,-80.08050,0.0,0.1,155.0,LENA,IMO9347750,5BYF3,70,1,139,22,8.8,79,A
210740000,2022-01-02T10:54:38,25.79167,-80.08050,0.0,0.1,155.0,LENA,IMO9347750,5BYF3,70,1,139,22,8.8,79,A
210740000,2022-01-02T10:57:44,25.79169,-80.08049,0.0,0.1,155.0,LENA,IMO9347750,5BYF3,70,1,139,22,8.8,79,A
210740000,2022-01-02T10:36:41,25.79168,-80.08039,0.0,0.1,156.0,LENA,IMO9347750,5BYF3,70,1,139,22,8.8,79,A
210740000,2022-01-02T10:33:47,25.79168,-80.08042,0.0,0.1,156.0,LENA,IMO9347750,5BYF3,70,1,139,22,8.8,79,A
210740000,2022-01-02T10:39:47,25.79168,-80.08038,0.0,0.1,159.0,LENA,IMO9347750,5BYF3,70,1,139,22,8.8,79,A
210740000,2022-01-02T11:21:45,25.79168,-80.08052,0.0,0.1,153.0,LENA,IMO9347750,5BYF3,70,1,139,22,8.8,79,A
210740000,2022-01-02T11:03:45,25.79168,-80.08055,0.0,0.1,154.0,LENA,IMO9347750,5BYF3,70,1,139,22,8.8,79,A
210740000,2022-01-02T11:24:43,25.79167,-80.08045,0.0,0.1,155.0,LENA,IMO9347750,5BYF3,70,1,139,22,8.8,79,A
210740000,2022-01-02T11:12:42,25.79172,-80.08039,0.0,0.1,159.0,LENA,IMO9347750,5BYF3,70,1,139,22,8.8,79,A
210740000,2022-01-02T11:15:45,25.79172,-80.08047,0.0,0.1,160.0,LENA,IMO9347750,5BYF3,70,1,139,22,8.8,79,A
210740000,2022-01-02T12:00:43,25.79180,-80.08055,0.0,0.1,161.0,LENA,IMO9347750,5BYF3,70,1,139,22,8.8,79,A
210740000,2022-01-02T11:30:41,25.79170,-80.08040,0.0,0.1,160.0,LENA,IMO9347750,5BYF3,70,1,139,22,8.8,79,A
210740000,2022-01-02T12:09:38,25.79061,-80.08006,0.6,180.0,173.0,LENA,IMO9347750,5BYF3,70,1,139,22,8.8,79,A
210740000,2022-01-02T11:36:40,25.79170,-80.08052,0.0,0.1,157.0,LENA,IMO9347750,5BYF3,70,1,139,22,8.8,79,A
210740000,2022-01-02T11:39:45,25.79171,-80.08050,0.0,0.1,154.0,LENA,IMO9347750,5BYF3,70,1,139,22,8.8,79,A
210740000,2022-01-02T11:57:43,25.79180,-80.08037,0.0,0.1,167.0,LENA,IMO9347750,5BYF3,70,1,139,22,8.8,79,A
210740000,2022-01-02T11:48:43,25.79172,-80.08066,0.2,0.1,158.0,LENA,IMO9347750,5BYF3,70,1,139,22,8.8,79,A
210740000,2022-01-02T12:25:14,25.79229,-80.08093,2.0,0.1,186.0,LENA,IMO9347750,5BYF3,70,0,139,22,8.8,79,A
210740000,2022-01-02T11:51:43,25.79175,-80.08062,0.0,0.1,152.0,LENA,IMO9347750,5BYF3,70,1,139,22,8.8,79,A
210740000,2022-01-02T11:42:41,25.79178,-80.08030,0.0,0.1,164.0,LENA,IMO9347750,5BYF3,70,1,139,22,8.8,79,A
210740000,2022-01-02T11:54:44,25.79176,-80.08037,0.0,0.1,161.0,LENA,IMO9347750,5BYF3,70,1,139,22,8.8,79,A
210740000,2022-01-02T12:03:43,25.79162,-80.08044,0.5,0.1,157.0,LENA,IMO9347750,5BYF3,70,1,139,22,8.8,79,A
210740000,2022-01-02T12:38:54,25.78910,-80.06536,5.3,112.0,131.0,LENA,IMO9347750,5BYF3,70,0,139,22,8.8,79,A
210740000,2022-01-02T12:37:45,25.78960,-80.06719,5.4,100.7,123.0,LENA,IMO9347750,5BYF3,70,0,139,22,8.8,79,A
210740000,2022-01-02T12:40:23,25.78809,-80.06313,5.8,118.7,134.0,LENA,IMO9347750,5BYF3,70,0,139,22,8.8,79,A
210740000,2022-01-02T12:27:18,25.79276,-80.08138,1.2,206.7,140.0,LENA,IMO9347750,5BYF3,70,0,139,22,8.8,79,A
210740000,2022-01-02T12:28:24,25.79239,-80.08088,2.9,117.9,122.0,LENA,IMO9347750,5BYF3,70,0,139,22,8.8,79,A
210740000,2022-01-02T12:30:44,25.79156,-80.07767,5.7,100.4,112.0,LENA,IMO9347750,5BYF3,70,0,139,22,8.8,79,A
210740000,2022-01-02T12:48:34,25.77787,-80.05097,6.3,135.9,146.0,LENA,IMO9347750,5BYF3,70,0,139,22,8.8,79,A
210740000,2022-01-02T12:31:55,25.79131,-80.07570,5.0,96.5,117.0,LENA,IMO9347750,5BYF3,70,0,139,22,8.8,79,A
210740000,2022-01-02T05:36:39,25.79166,-80.08012,0.0,0.1,164.0,LENA,IMO9347750,5BYF3,70,1,139,22,8.8,79,A
210740000,2022-01-02T12:06:43,25.79114,-80.08012,0.7,180.0,167.0,LENA,IMO9347750,5BYF3,70,1,139,22,8.8,79,A
210740000,2022-01-02T12:33:03,25.79111,-80.07408,4.4,102.7,124.0,LENA,IMO9347750,5BYF3,70,0,139,22,8.8,79,A
210740000,2022-01-02T12:12:43,25.79010,-80.08024,0.5,216.6,174.0,LENA,IMO9347750,5BYF3,70,1,139,22,8.8,79,A
210740000,2022-01-02T12:52:57,25.77265,-80.04524,5.7,131.2,158.0,LENA,IMO9347750,5BYF3,70,0,139,22,8.8,79,A
210740000,2022-01-02T12:51:54,25.77380,-80.04662,5.8,135.0,147.0,LENA,IMO9347750,5BYF3,70,0,139,22,8.8,79,A
210740000,2022-01-02T12:18:42,25.79021,-80.08062,0.5,0.1,164.0,LENA,IMO9347750,5BYF3,70,1,139,22,8.8,79,A
210740000,2022-01-02T12:15:40,25.78992,-80.08052,0.0,0.1,164.0,LENA,IMO9347750,5BYF3,70,1,139,22,8.8,79,A
210740000,2022-01-02T12:56:24,25.76983,-80.04721,6.2,267.3,249.0,LENA,IMO9347750,5BYF3,70,0,139,22,8.8,79,A
210740000,2022-01-02T12:57:35,25.76970,-80.04954,6.2,259.6,240.0,LENA,IMO9347750,5BYF3,70,0,139,22,8.8,79,A
210740000,2022-01-02T12:24:04,25.79167,-80.08092,1.7,0.1,177.0,LENA,IMO9347750,5BYF3,70,0,139,22,8.8,79,A
210740000,2022-01-02T13:00:14,25.76873,-80.05487,6.9,258.6,241.0,LENA,IMO9347750,5BYF3,70,0,139,22,8.8,79,A
210740000,2022-01-02T12:21:43,25.79077,-80.08078,0.9,0.1,166.0,LENA,IMO9347750,5BYF3,70,1,139,22,8.8,79,A
210740000,2022-01-02T12:59:54,25.76886,-80.05416,6.8,258.2,241.0,LENA,IMO9347750,5BYF3,70,0,139,22,8.8,79,A
210740000,2022-01-02T12:26:17,25.79284,-80.08106,1.5,319.4,176.0,LENA,IMO9347750,5BYF3,70,0,139,22,8.8,79,A
210740000,2022-01-02T12:29:35,25.79195,-80.07954,4.6,107.3,115.0,LENA,IMO9347750,5BYF3,70,0,139,22,8.8,79,A
210740000,2022-01-02T12:22:53,25.79115,-80.08084,1.3,0.1,171.0,LENA,IMO9347750,5BYF3,70,0,139,22,8.8,79,A
210740000,2022-01-02T13:07:14,25.76648,-80.07033,8.0,261.6,248.0,LENA,IMO9347750,5BYF3,70,0,139,22,8.8,79,A
210740000,2022-01-02T13:09:34,25.76512,-80.07749,11.4,256.4,251.0,LENA,IMO9347750,5BYF3,70,0,139,22,8.8,79,A
210740000,2022-01-02T12:36:34,25.78989,-80.06912,5.3,98.9,117.0,LENA,IMO9347750,5BYF3,70,0,139,22,8.8,79,A
210740000,2022-01-02T05:48:39,25.79174,-80.08025,0.0,0.1,161.0,LENA,IMO9347750,5BYF3,70,1,139,22,8.8,79,A
210740000,2022-01-02T12:58:45,25.76928,-80.05184,6.6,257.7,241.0,LENA,IMO9347750,5BYF3,70,0,139,22,8.8,79,A
210740000,2022-01-02T12:41:34,25.78700,-80.06121,6.4,125.4,139.0,LENA,IMO9347750,5BYF3,70,0,139,22,8.8,79,A
210740000,2022-01-02T13:15:23,25.76078,-80.09977,13.3,251.5,250.0,LENA,IMO9347750,5BYF3,70,0,139,22,8.8,79,A
210740000,2022-01-02T12:42:44,25.78567,-80.05932,6.7,130.3,143.0,LENA,IMO9347750,5BYF3,70,0,139,22,8.8,79,A
210740000,2022-01-02T12:35:23,25.79023,-80.07094,4.8,106.9,119.0,LENA,IMO9347750,5BYF3,70,0,139,22,8.8,79,A
210740000,2022-01-02T12:34:13,25.79070,-80.07254,4.5,108.3,125.0,LENA,IMO9347750,5BYF3,70,0,139,22,8.8,79,A
210740000,2022-01-02T12:45:04,25.78245,-80.05583,6.9,136.4,145.0,LENA,IMO9347750,5BYF3,70,0,139,22,8.8,79,A
210740000,2022-01-02T12:43:54,25.78412,-80.05757,6.9,136.8,146.0,LENA,IMO9347750,5BYF3,70,0,139,22,8.8,79,A
210740000,2022-01-02T12:46:15,25.78086,-80.05413,6.6,135.5,146.0,LENA,IMO9347750,5BYF3,70,0,139,22,8.8,79,A
210740000,2022-01-02T12:49:43,25.77640,-80.04940,6.2,135.7,147.0,LENA,IMO9347750,5BYF3,70,0,139,22,8.8,79,A
210740000,2022-01-02T13:24:45,25.76290,-80.13136,10.1,294.4,292.0,LENA,IMO9347750,5BYF3,70,0,139,22,8.8,79,A
210740000,2022-01-02T12:53:58,25.77144,-80.04442,4.3,167.4,200.0,LENA,IMO9347750,5BYF3,70,0,139,22,8.8,79,A
210740000,2022-01-02T12:47:25,25.77936,-80.05253,6.4,137.1,147.0,LENA,IMO9347750,5BYF3,70,0,139,22,8.8,79,A
210740000,2022-01-02T12:50:44,25.77517,-80.04810,5.9,135.8,147.0,LENA,IMO9347750,5BYF3,70,0,139,22,8.8,79,A
210740000,2022-01-02T13:01:24,25.76827,-80.05736,7.1,258.5,242.0,LENA,IMO9347750,5BYF3,70,0,139,22,8.8,79,A
210740000,2022-01-02T13:23:34,25.76151,-80.12798,10.1,295.0,292.0,LENA,IMO9347750,5BYF3,70,0,139,22,8.8,79,A
210740000,2022-01-02T13:39:04,25.76552,-80.15889,2.8,275.3,279.0,LENA,IMO9347750,5BYF3,70,0,139,22,8.8,79,A
210740000,2022-01-02T13:04:45,25.76715,-80.06468,7.3,261.6,245.0,LENA,IMO9347750,5BYF3,70,0,139,22,8.8,79,A
210740000,2022-01-02T13:05:55,25.76682,-80.06730,7.4,265.0,248.0,LENA,IMO9347750,5BYF3,70,0,139,22,8.8,79,A
210740000,2022-01-02T13:03:35,25.76750,-80.06210,7.3,261.5,244.0,LENA,IMO9347750,5BYF3,70,0,139,22,8.8,79,A
210740000,2022-01-02T12:55:14,25.77025,-80.04526,4.8,230.3,234.0,LENA,IMO9347750,5BYF3,70,0,139,22,8.8,79,A
210740000,2022-01-02T13:40:14,25.76559,-80.15968,2.0,280.7,287.0,LENA,IMO9347750,5BYF3,70,0,139,22,8.8,79,A
210740000,2022-01-02T13:26:57,25.76525,-80.13759,9.5,284.2,270.0,LENA,IMO9347750,5BYF3,70,0,139,22,8.8,79,A
210740000,2022-01-02T13:10:43,25.76463,-80.08165,12.3,266.6,262.0,LENA,IMO9347750,5BYF3,70,0,139,22,8.8,79,A
210740000,2022-01-02T13:08:24,25.76594,-80.07366,10.1,258.9,248.0,LENA,IMO9347750,5BYF3,70,0,139,22,8.8,79,A
210740000,2022-01-02T13:11:55,25.76445,-80.08643,13.1,267.6,261.0,LENA,IMO9347750,5BYF3,70,0,139,22,8.8,79,A
210740000,2022-01-02T13:32:44,25.76505,-80.15047,5.4,270.0,268.0,LENA,IMO9347750,5BYF3,70,0,139,22,8.8,79,A
210740000,2022-01-02T13:34:03,25.76510,-80.15261,5.0,270.0,269.0,LENA,IMO9347750,5BYF3,70,0,139,22,8.8,79,A
210740000,2022-01-02T13:16:35,25.75944,-80.10442,13.1,252.7,250.0,LENA,IMO9347750,5BYF3,70,0,139,22,8.8,79,A
210740000,2022-01-02T13:13:04,25.76371,-80.09098,13.0,253.8,247.0,LENA,IMO9347750,5BYF3,70,0,139,22,8.8,79,A
210740000,2022-01-02T13:22:24,25.76010,-80.12464,10.4,293.4,293.0,LENA,IMO9347750,5BYF3,70,0,139,22,8.8,79,A
210740000,2022-01-02T13:57:43,25.76670,-80.16199,0.0,0.1,294.0,LENA,IMO9347750,5BYF3,70,0,139,22,8.8,79,A
210740000,2022-01-02T13:41:24,25.76587,-80.16041,2.3,298.4,282.0,LENA,IMO9347750,5BYF3,70,0,139,22,8.8,79,A
210740000,2022-01-02T13:17:44,25.75815,-80.10877,12.4,251.7,253.0,LENA,IMO9347750,5BYF3,70,0,139,22,8.8,79,A
210740000,2022-01-02T14:02:34,25.76668,-80.16195,0.0,0.1,294.0,LENA,IMO9347750,5BYF3,70,0,139,22,8.8,79,A
210740000,2022-01-02T13:14:14,25.76223,-80.09530,13.2,250.5,248.0,LENA,IMO9347750,5BYF3,70,0,139,22,8.8,79,A
210740000,2022-01-02T14:00:15,25.76678,-80.16202,0.0,0.1,294.0,LENA,IMO9347750,5BYF3,70,0,139,22,8.8,79,A
210740000,2022-01-02T13:28:05,25.76536,-80.14069,8.5,270.0,267.0,LENA,IMO9347750,5BYF3,70,0,139,22,8.8,79,A
210740000,2022-01-02T06:12:41,25.79166,-80.08003,0.0,0.1,163.0,LENA,IMO9347750,5BYF3,70,1,139,22,8.8,79,A
210740000,2022-01-02T13:21:15,25.75877,-80.12108,11.4,285.3,289.0,LENA,IMO9347750,5BYF3,70,0,139,22,8.8,79,A
210740000,2022-01-02T13:49:34,25.76665,-80.16198,0.0,0.1,291.0,LENA,IMO9347750,5BYF3,70,0,139,22,8.8,79,A
210740000,2022-01-02T13:31:34,25.76501,-80.14843,5.9,270.0,266.0,LENA,IMO9347750,5BYF3,70,0,139,22,8.8,79,A
210740000,2022-01-02T14:06:03,25.76670,-80.16199,0.0,0.1,294.0,LENA,IMO9347750,5BYF3,70,5,139,22,8.8,79,A
210740000,2022-01-02T13:53:04,25.76668,-80.16208,0.0,0.1,294.0,LENA,IMO9347750,5BYF3,70,0,139,22,8.8,79,A
210740000,2022-01-02T13:54:14,25.76667,-80.16205,0.0,0.1,293.0,LENA,IMO9347750,5BYF3,70,0,139,22,8.8,79,A
210740000,2022-01-02T13:36:44,25.76527,-80.15638,4.0,270.0,273.0,LENA,IMO9347750,5BYF3,70,0,139,22,8.8,79,A
210740000,2022-01-02T14:09:02,25.76671,-80.16197,0.0,0.1,294.0,LENA,IMO9347750,5BYF3,70,5,139,22,8.8,79,A
210740000,2022-01-02T13:25:55,25.76425,-80.13464,9.9,295.6,289.0,LENA,IMO9347750,5BYF3,70,0,139,22,8.8,79,A
210740000,2022-01-02T13:58:45,25.76671,-80.16211,0.0,0.1,294.0,LENA,IMO9347750,5BYF3,70,0,139,22,8.8,79,A
210740000,2022-01-02T13:29:13,25.76534,-80.14348,7.7,270.0,265.0,LENA,IMO9347750,5BYF3,70,0,139,22,8.8,79,A
210740000,2022-01-02T14:18:05,25.76674,-80.16193,0.0,0.1,294.0,LENA,IMO9347750,5BYF3,70,5,139,22,8.8,79,A
210740000,2022-01-02T13:48:25,25.76657,-80.16194,0.4,326.1,292.0,LENA,IMO9347750,5BYF3,70,0,139,22,8.8,79,A
210740000,2022-01-02T13:47:15,25.76650,-80.16181,0.3,296.5,284.0,LENA,IMO9347750,5BYF3,70,0,139,22,8.8,79,A
210740000,2022-01-02T13:35:34,25.76520,-80.15484,4.6,270.0,270.0,LENA,IMO9347750,5BYF3,70,0,139,22,8.8,79,A
210740000,2022-01-02T13:43:45,25.76632,-80.16143,0.4,294.2,276.0,LENA,IMO9347750,5BYF3,70,0,139,22,8.8,79,A
210740000,2022-01-02T13:44:54,25.76637,-80.16150,0.0,0.1,272.0,LENA,IMO9347750,5BYF3,70,0,139,22,8.8,79,A
210740000,2022-01-02T13:56:34,25.76669,-80.16196,0.0,0.1,294.0,LENA,IMO9347750,5BYF3,70,0,139,22,8.8,79,A
210740000,2022-01-02T13:50:43,25.76670,-80.16199,0.0,0.1,294.0,LENA,IMO9347750,5BYF3,70,0,139,22,8.8,79,A
210740000,2022-01-02T14:01:24,25.76671,-80.16198,0.0,0.1,294.0,LENA,IMO9347750,5BYF3,70,0,139,22,8.8,79,A
210740000,2022-01-02T13:51:53,25.76672,-80.16203,0.0,0.1,294.0,LENA,IMO9347750,5BYF3,70,0,139,22,8.8,79,A
210740000,2022-01-02T14:27:02,25.76672,-80.16197,0.0,0.1,294.0,LENA,IMO9347750,5BYF3,70,5,139,22,8.8,79,A
210740000,2022-01-02T14:36:05,25.76669,-80.16199,0.0,0.1,294.0,LENA,IMO9347750,5BYF3,70,5,139,22,8.8,79,A
210740000,2022-01-02T14:12:03,25.76671,-80.16199,0.0,0.1,294.0,LENA,IMO9347750,5BYF3,70,5,139,22,8.8,79,A
210740000,2022-01-02T13:59:53,25.76676,-80.16203,0.0,0.1,294.0,LENA,IMO9347750,5BYF3,70,0,139,22,8.8,79,A
210740000,2022-01-02T14:03:45,25.76669,-80.16203,0.0,0.1,294.0,LENA,IMO9347750,5BYF3,70,5,139,22,8.8,79,A
210740000,2022-01-02T15:06:03,25.76671,-80.16197,0.0,0.1,294.0,LENA,IMO9347750,5BYF3,70,5,139,22,8.8,79,A
210740000,2022-01-02T06:39:43,25.79164,-80.08011,0.0,0.1,165.0,LENA,IMO9347750,5BYF3,70,1,139,22,8.8,79,A
210740000,2022-01-02T15:03:03,25.76673,-80.16200,0.0,0.1,294.0,LENA,IMO9347750,5BYF3,70,5,139,22,8.8,79,A
210740000,2022-01-02T14:30:04,25.76667,-80.16199,0.0,0.1,294.0,LENA,IMO9347750,5BYF3,70,5,139,22,8.8,79,A
210740000,2022-01-02T15:09:04,25.76672,-80.16200,0.0,0.1,294.0,LENA,IMO9347750,5BYF3,70,5,139,22,8.8,79,A
210740000,2022-01-02T14:23:59,25.76672,-80.16198,0.0,0.1,294.0,LENA,IMO9347750,5BYF3,70,5,139,22,8.8,79,A
210740000,2022-01-02T15:15:04,25.76673,-80.16196,0.3,0.1,294.0,LENA,IMO9347750,5BYF3,70,5,139,22,8.8,79,A
210740000,2022-01-02T14:39:05,25.76676,-80.16200,0.0,0.1,294.0,LENA,IMO9347750,5BYF3,70,5,139,22,8.8,79,A
210740000,2022-01-02T14:42:07,25.76672,-80.16198,0.0,0.1,294.0,LENA,IMO9347750,5BYF3,70,5,139,22,8.8,79,A
210740000,2022-01-02T15:27:08,25.76673,-80.16201,0.0,0.1,294.0,LENA,IMO9347750,5BYF3,70,5,139,22,8.8,79,A
210740000,2022-01-02T15:21:06,25.76672,-80.16198,0.7,54.5,294.0,LENA,IMO9347750,5BYF3,70,5,139,22,8.8,79,A
210740000,2022-01-02T14:57:01,25.76671,-80.16197,0.0,0.1,294.0,LENA,IMO9347750,5BYF3,70,5,139,22,8.8,79,A
210740000,2022-01-02T15:24:04,25.76671,-80.16197,0.0,0.1,294.0,LENA,IMO9347750,5BYF3,70,5,139,22,8.8,79,A
210740000,2022-01-02T15:00:00,25.76668,-80.16201,0.0,0.1,294.0,LENA,IMO9347750,5BYF3,70,5,139,22,8.8,79,A
210740000,2022-01-02T14:45:04,25.76670,-80.16196,0.0,0.1,294.0,LENA,IMO9347750,5BYF3,70,5,139,22,8.8,79,A
210740000,2022-01-02T15:33:08,25.76674,-80.16208,0.2,0.1,294.0,LENA,IMO9347750,5BYF3,70,5,139,22,8.8,79,A
210740000,2022-01-02T15:42:04,25.76673,-80.16201,0.0,0.1,294.0,LENA,IMO9347750,5BYF3,70,5,139,22,8.8,79,A
210740000,2022-01-02T14:54:08,25.76668,-80.16205,0.0,0.1,294.0,LENA,IMO9347750,5BYF3,70,5,139,22,8.8,79,A
210740000,2022-01-02T06:48:41,25.79168,-80.08018,0.0,0.1,160.0,LENA,IMO9347750,5BYF3,70,1,139,22,8.8,79,A
210740000,2022-01-02T15:18:04,25.76672,-80.16197,0.0,0.1,294.0,LENA,IMO9347750,5BYF3,70,5,139,22,8.8,79,A
210740000,2022-01-02T15:12:05,25.76669,-80.16198,0.0,0.1,294.0,LENA,IMO9347750,5BYF3,70,5,139,22,8.8,79,A
210740000,2022-01-02T15:51:06,25.76672,-80.16196,0.0,0.1,294.0,LENA,IMO9347750,5BYF3,70,5,139,22,8.8,79,A
210740000,2022-01-02T06:54:41,25.79170,-80.08026,0.0,0.1,160.0,LENA,IMO9347750,5BYF3,70,1,139,22,8.8,79,A
210740000,2022-01-02T16:03:07,25.76669,-80.16200,0.0,0.1,294.0,LENA,IMO9347750,5BYF3,70,5,139,22,8.8,79,A
210740000,2022-01-02T16:12:06,25.76669,-80.16199,0.0,0.1,294.0,LENA,IMO9347750,5BYF3,70,5,139,22,8.8,79,A
210740000,2022-01-02T16:09:05,25.76672,-80.16203,0.0,0.1,294.0,LENA,IMO9347750,5BYF3,70,5,139,22,8.8,79,A
210740000,2022-01-02T16:21:06,25.76676,-80.16201,0.0,0.1,294.0,LENA,IMO9347750,5BYF3,70,5,139,22,8.8,79,A
210740000,2022-01-02T15:48:04,25.76670,-80.16199,0.0,0.1,294.0,LENA,IMO9347750,5BYF3,70,5,139,22,8.8,79,A
210740000,2022-01-02T15:45:05,25.76675,-80.16205,0.0,0.1,294.0,LENA,IMO9347750,5BYF3,70,5,139,22,8.8,79,A
210740000,2022-01-02T16:06:06,25.76673,-80.16198,0.0,0.1,294.0,LENA,IMO9347750,5BYF3,70,5,139,22,8.8,79,A
210740000,2022-01-02T16:36:09,25.76674,-80.16200,0.0,0.1,294.0,LENA,IMO9347750,5BYF3,70,5,139,22,8.8,79,A
210740000,2022-01-02T15:57:05,25.76673,-80.16199,0.0,0.1,294.0,LENA,IMO9347750,5BYF3,70,5,139,22,8.8,79,A
210740000,2022-01-02T16:48:05,25.76668,-80.16191,0.0,0.1,294.0,LENA,IMO9347750,5BYF3,70,5,139,22,8.8,79,A
210740000,2022-01-02T07:18:42,25.79167,-80.08017,0.0,0.1,159.0,LENA,IMO9347750,5BYF3,70,1,139,22,8.8,79,A
210740000,2022-01-02T16:57:05,25.76671,-80.16196,0.0,0.1,294.0,LENA,IMO9347750,5BYF3,70,5,139,22,8.8,79,A
210740000,2022-01-02T16:54:05,25.76671,-80.16196,0.0,0.1,294.0,LENA,IMO9347750,5BYF3,70,5,139,22,8.8,79,A
210740000,2022-01-02T16:27:07,25.76674,-80.16199,0.0,0.1,294.0,LENA,IMO9347750,5BYF3,70,5,139,22,8.8,79,A
210740000,2022-01-02T16:15:04,25.76673,-80.16200,0.0,0.1,294.0,LENA,IMO9347750,5BYF3,70,5,139,22,8.8,79,A
210740000,2022-01-02T16:18:07,25.76672,-80.16201,0.0,0.1,294.0,LENA,IMO9347750,5BYF3,70,5,139,22,8.8,79,A
210740000,2022-01-02T17:18:10,25.76672,-80.16200,0.0,0.1,294.0,LENA,IMO9347750,5BYF3,70,5,139,22,8.8,79,A
210740000,2022-01-02T16:30:08,25.76672,-80.16199,0.0,0.1,294.0,LENA,IMO9347750,5BYF3,70,5,139,22,8.8,79,A
210740000,2022-01-02T17:12:09,25.76672,-80.16200,0.0,0.1,294.0,LENA,IMO9347750,5BYF3,70,5,139,22,8.8,79,A
210740000,2022-01-02T16:51:06,25.76671,-80.16197,0.0,0.1,294.0,LENA,IMO9347750,5BYF3,70,5,139,22,8.8,79,A
210740000,2022-01-02T17:35:14,25.76674,-80.16204,0.0,0.1,294.0,LENA,IMO9347750,5BYF3,70,5,139,22,8.8,79,A
210740000,2022-01-02T17:37:34,25.76674,-80.16198,0.0,0.1,294.0,LENA,IMO9347750,5BYF3,70,5,139,22,8.8,79,A
210740000,2022-01-02T16:42:07,25.76672,-80.16200,0.0,0.1,294.0,LENA,IMO9347750,5BYF3,70,5,139,22,8.8,79,A
210740000,2022-01-02T17:06:08,25.76674,-80.16201,0.0,0.1,294.0,LENA,IMO9347750,5BYF3,70,5,139,22,8.8,79,A
210740000,2022-01-02T17:30:00,25.76673,-80.16196,0.0,0.1,294.0,LENA,IMO9347750,5BYF3,70,5,139,22,8.8,79,A
210740000,2022-01-02T17:21:00,25.76669,-80.16198,0.0,0.1,294.0,LENA,IMO9347750,5BYF3,70,5,139,22,8.8,79,A
210740000,2022-01-02T17:24:11,25.76671,-80.16199,0.0,0.1,294.0,LENA,IMO9347750,5BYF3,70,5,139,22,8.8,79,A
210740000,2022-01-02T17:09:04,25.76670,-80.16199,0.0,0.1,294.0,LENA,IMO9347750,5BYF3,70,5,139,22,8.8,79,A
210740000,2022-01-02T17:27:05,25.76669,-80.16201,0.0,0.1,294.0,LENA,IMO9347750,5BYF3,70,5,139,22,8.8,79,A
210740000,2022-01-02T17:15:01,25.76671,-80.16197,0.0,0.1,294.0,LENA,IMO9347750,5BYF3,70,5,139,22,8.8,79,A
210740000,2022-01-02T17:34:04,25.76672,-80.16201,0.0,0.1,294.0,LENA,IMO9347750,5BYF3,70,5,139,22,8.8,79,A
210740000,2022-01-02T07:48:42,25.79162,-80.08028,0.0,0.1,157.0,LENA,IMO9347750,5BYF3,70,1,139,22,8.8,79,A
210740000,2022-01-02T18:04:33,25.76676,-80.16196,0.0,0.1,294.0,LENA,IMO9347750,5BYF3,70,5,139,22,8.8,79,A
210740000,2022-01-02T18:07:33,25.76676,-80.16192,0.0,0.1,294.0,LENA,IMO9347750,5BYF3,70,5,139,22,8.8,79,A
210740000,2022-01-02T17:31:34,25.76684,-80.16220,2.9,292.1,294.0,LENA,IMO9347750,5BYF3,70,5,139,22,8.8,79,A
210740000,2022-01-02T18:13:32,25.76672,-80.16200,0.0,0.1,294.0,LENA,IMO9347750,5BYF3,70,5,139,22,8.8,79,A
210740000,2022-01-02T18:19:32,25.76666,-80.16201,0.0,0.1,294.0,LENA,IMO9347750,5BYF3,70,5,139,22,8.8,79,A
210740000,2022-01-02T17:55:33,25.76673,-80.16199,0.0,0.1,294.0,LENA,IMO9347750,5BYF3,70,5,139,22,8.8,79,A
210740000,2022-01-02T17:46:33,25.76674,-80.16201,0.0,0.1,294.0,LENA,IMO9347750,5BYF3,70,5,139,22,8.8,79,A
210740000,2022-01-02T18:01:32,25.76671,-80.16199,0.0,0.1,294.0,LENA,IMO9347750,5BYF3,70,5,139,22,8.8,79,A
210740000,2022-01-02T17:43:35,25.76672,-80.16198,0.0,0.1,294.0,LENA,IMO9347750,5BYF3,70,5,139,22,8.8,79,A
210740000,2022-01-02T18:49:34,25.76674,-80.16199,0.0,0.1,294.0,LENA,IMO9347750,5BYF3,70,5,139,22,8.8,79,A
210740000,2022-01-02T18:37:33,25.76669,-80.16194,0.0,0.1,294.0,LENA,IMO9347750,5BYF3,70,5,139,22,8.8,79,A
210740000,2022-01-02T18:16:33,25.76670,-80.16195,0.0,0.1,294.0,LENA,IMO9347750,5BYF3,70,5,139,22,8.8,79,A
210740000,2022-01-02T17:58:34,25.76673,-80.16198,0.0,0.1,294.0,LENA,IMO9347750,5BYF3,70,5,139,22,8.8,79,A
210740000,2022-01-02T19:04:35,25.76672,-80.16202,0.0,0.1,294.0,LENA,IMO9347750,5BYF3,70,5,139,22,8.8,79,A
210740000,2022-01-02T18:22:34,25.76676,-80.16201,0.0,0.1,294.0,LENA,IMO9347750,5BYF3,70,5,139,22,8.8,79,A
210740000,2022-01-02T18:25:29,25.76682,-80.16196,0.0,0.1,294.0,LENA,IMO9347750,5BYF3,70,5,139,22,8.8,79,A
210740000,2022-01-02T18:40:36,25.76671,-80.16197,0.0,0.1,294.0,LENA,IMO9347750,5BYF3,70,5,139,22,8.8,79,A
210740000,2022-01-02T18:31:34,25.76668,-80.16201,0.0,0.1,294.0,LENA,IMO9347750,5BYF3,70,5,139,22,8.8,79,A
210740000,2022-01-02T18:46:36,25.76673,-80.16203,0.0,0.1,294.0,LENA,IMO9347750,5BYF3,70,5,139,22,8.8,79,A
210740000,2022-01-02T19:10:37,25.76673,-80.16201,0.0,0.1,294.0,LENA,IMO9347750,5BYF3,70,5,139,22,8.8,79,A
210740000,2022-01-02T18:52:36,25.76670,-80.16197,0.0,0.1,294.0,LENA,IMO9347750,5BYF3,70,5,139,22,8.8,79,A
210740000,2022-01-02T18:58:34,25.76675,-80.16199,0.0,0.1,294.0,LENA,IMO9347750,5BYF3,70,5,139,22,8.8,79,A
210740000,2022-01-02T19:07:32,25.76675,-80.16196,0.0,0.1,294.0,LENA,IMO9347750,5BYF3,70,5,139,22,8.8,79,A
210740000,2022-01-02T08:24:42,25.79169,-80.08025,0.0,0.1,160.0,LENA,IMO9347750,5BYF3,70,1,139,22,8.8,79,A
210740000,2022-01-02T19:16:37,25.76673,-80.16196,0.0,0.1,294.0,LENA,IMO9347750,5BYF3,70,5,139,22,8.8,79,A
210740000,2022-01-02T19:13:33,25.76672,-80.16198,0.0,0.1,294.0,LENA,IMO9347750,5BYF3,70,5,139,22,8.8,79,A
210740000,2022-01-02T19:46:31,25.76670,-80.16202,0.0,0.1,294.0,LENA,IMO9347750,5BYF3,70,5,139,22,8.8,79,A
210740000,2022-01-02T19:37:35,25.76673,-80.16201,0.0,0.1,294.0,LENA,IMO9347750,5BYF3,70,5,139,22,8.8,79,A
210740000,2022-01-02T19:40:33,25.76674,-80.16194,0.0,0.1,294.0,LENA,IMO9347750,5BYF3,70,5,139,22,8.8,79,A
210740000,2022-01-02T19:25:33,25.76669,-80.16198,0.0,0.1,294.0,LENA,IMO9347750,5BYF3,70,5,139,22,8.8,79,A
210740000,2022-01-02T20:04:35,25.76670,-80.16200,0.0,0.1,294.0,LENA,IMO9347750,5BYF3,70,5,139,22,8.8,79,A
210740000,2022-01-02T19:43:34,25.76674,-80.16197,0.0,0.1,294.0,LENA,IMO9347750,5BYF3,70,5,139,22,8.8,79,A
210740000,2022-01-02T19:58:33,25.76673,-80.16195,0.0,0.1,294.0,LENA,IMO9347750,5BYF3,70,5,139,22,8.8,79,A
210740000,2022-01-02T19:28:35,25.76680,-80.16194,0.0,0.1,294.0,LENA,IMO9347750,5BYF3,70,5,139,22,8.8,79,A
210740000,2022-01-02T20:31:36,25.76671,-80.16201,0.0,0.1,294.0,LENA,IMO9347750,5BYF3,70,5,139,22,8.8,79,A
210740000,2022-01-02T19:49:32,25.76671,-80.16200,0.0,0.1,294.0,LENA,IMO9347750,5BYF3,70,5,139,22,8.8,79,A
210740000,2022-01-02T20:16:35,25.76675,-80.16200,0.0,0.1,294.0,LENA,IMO9347750,5BYF3,70,5,139,22,8.8,79,A
210740000,2022-01-02T20:10:34,25.76674,-80.16200,0.0,0.1,294.0,LENA,IMO9347750,5BYF3,70,5,139,22,8.8,79,A
210740000,2022-01-02T19:55:32,25.76670,-80.16197,0.0,0.1,294.0,LENA,IMO9347750,5BYF3,70,5,139,22,8.8,79,A
210740000,2022-01-02T20:13:35,25.76670,-80.16194,0.0,0.1,294.0,LENA,IMO9347750,5BYF3,70,5,139,22,8.8,79,A
210740000,2022-01-02T20:46:38,25.76670,-80.16196,0.0,0.1,294.0,LENA,IMO9347750,5BYF3,70,5,139,22,8.8,79,A
210740000,2022-01-02T20:19:36,25.76671,-80.16200,0.0,0.1,294.0,LENA,IMO9347750,5BYF3,70,5,139,22,8.8,79,A
210740000,2022-01-02T20:52:38,25.76676,-80.16201,0.0,0.1,294.0,LENA,IMO9347750,5BYF3,70,5,139,22,8.8,79,A
210740000,2022-01-02T08:48:42,25.79168,-80.08011,0.0,0.1,161.0,LENA,IMO9347750,5BYF3,70,1,139,22,8.8,79,A
210740000,2022-01-02T20:07:32,25.76669,-80.16197,0.0,0.1,294.0,LENA,IMO9347750,5BYF3,70,5,139,22,8.8,79,A
210740000,2022-01-02T08:51:43,25.79166,-80.08015,0.0,0.1,162.0,LENA,IMO9347750,5BYF3,70,1,139,22,8.8,79,A
210740000,2022-01-02T21:07:35,25.76671,-80.16197,0.0,0.1,294.0,LENA,IMO9347750,5BYF3,70,5,139,22,8.8,79,A
210740000,2022-01-02T20:55:33,25.76671,-80.16201,0.0,0.1,294.0,LENA,IMO9347750,5BYF3,70,5,139,22,8.8,79,A
210740000,2022-01-02T20:49:33,25.76671,-80.16201,0.0,0.1,294.0,LENA,IMO9347750,5BYF3,70,5,139,22,8.8,79,A
210740000,2022-01-02T08:57:41,25.79165,-80.08008,0.0,0.1,160.0,LENA,IMO9347750,5BYF3,70,1,139,22,8.8,79,A
210740000,2022-01-02T21:10:30,25.76672,-80.16198,0.0,0.1,294.0,LENA,IMO9347750,5BYF3,70,5,139,22,8.8,79,A
210740000,2022-01-02T21:28:32,25.76668,-80.16198,0.0,0.1,294.0,LENA,IMO9347750,5BYF3,70,5,139,22,8.8,79,A
210740000,2022-01-02T20:37:35,25.76675,-80.16201,0.0,0.1,294.0,LENA,IMO9347750,5BYF3,70,5,139,22,8.8,79,A
210740000,2022-01-02T20:28:35,25.76672,-80.16204,0.0,0.1,294.0,LENA,IMO9347750,5BYF3,70,5,139,22,8.8,79,A
210740000,2022-01-02T20:40:37,25.76674,-80.16205,0.0,0.1,294.0,LENA,IMO9347750,5BYF3,70,5,139,22,8.8,79,A
210740000,2022-01-02T21:31:36,25.76669,-80.16192,0.0,0.1,294.0,LENA,IMO9347750,5BYF3,70,5,139,22,8.8,79,A
210740000,2022-01-02T20:58:39,25.76670,-80.16200,0.0,0.1,294.0,LENA,IMO9347750,5BYF3,70,5,139,22,8.8,79,A
210740000,2022-01-02T21:34:34,25.76677,-80.16201,0.0,0.1,294.0,LENA,IMO9347750,5BYF3,70,5,139,22,8.8,79,A
210740000,2022-01-02T21:16:33,25.76672,-80.16198,0.0,0.1,294.0,LENA,IMO9347750,5BYF3,70,5,139,22,8.8,79,A
210740000,2022-01-02T21:13:36,25.76672,-80.16199,0.0,0.1,294.0,LENA,IMO9347750,5BYF3,70,5,139,22,8.8,79,A
210740000,2022-01-02T21:04:40,25.76672,-80.16197,0.0,0.1,294.0,LENA,IMO9347750,5BYF3,70,5,139,22,8.8,79,A
210740000,2022-01-02T21:43:33,25.76671,-80.16199,0.0,0.1,294.0,LENA,IMO9347750,5BYF3,70,5,139,22,8.8,79,A
210740000,2022-01-02T22:04:37,25.76671,-80.16200,0.0,0.1,294.0,LENA,IMO9347750,5BYF3,70,5,139,22,8.8,79,A
210740000,2022-01-02T21:49:34,25.76672,-80.16200,0.0,0.1,294.0,LENA,IMO9347750,5BYF3,70,5,139,22,8.8,79,A
210740000,2022-01-02T09:21:42,25.79166,-80.08015,0.0,0.1,158.0,LENA,IMO9347750,5BYF3,70,1,139,22,8.8,79,A
210740000,2022-01-02T21:46:34,25.76672,-80.16200,0.0,0.1,294.0,LENA,IMO9347750,5BYF3,70,5,139,22,8.8,79,A
210740000,2022-01-02T21:22:33,25.76671,-80.16194,0.0,0.1,294.0,LENA,IMO9347750,5BYF3,70,5,139,22,8.8,79,A
210740000,2022-01-02T22:16:35,25.76671,-80.16200,0.0,0.1,294.0,LENA,IMO9347750,5BYF3,70,5,139,22,8.8,79,A
210740000,2022-01-02T21:25:37,25.76673,-80.16201,0.0,0.1,294.0,LENA,IMO9347750,5BYF3,70,5,139,22,8.8,79,A
210740000,2022-01-02T21:55:32,25.76671,-80.16199,0.0,0.1,294.0,LENA,IMO9347750,5BYF3,70,5,139,22,8.8,79,A
210740000,2022-01-02T22:22:36,25.76672,-80.16201,0.0,0.1,294.0,LENA,IMO9347750,5BYF3,70,5,139,22,8.8,79,A
210740000,2022-01-02T21:58:38,25.76672,-80.16200,0.0,0.1,294.0,LENA,IMO9347750,5BYF3,70,5,139,22,8.8,79,A
210740000,2022-01-02T21:37:34,25.76673,-80.16200,0.0,0.1,294.0,LENA,IMO9347750,5BYF3,70,5,139,22,8.8,79,A
210740000,2022-01-02T21:40:34,25.76670,-80.16192,0.0,0.1,294.0,LENA,IMO9347750,5BYF3,70,5,139,22,8.8,79,A
210740000,2022-01-02T22:28:36,25.76675,-80.16200,0.0,0.1,294.0,LENA,IMO9347750,5BYF3,70,5,139,22,8.8,79,A
210740000,2022-01-02T21:52:36,25.76673,-80.16197,0.0,0.1,294.0,LENA,IMO9347750,5BYF3,70,5,139,22,8.8,79,A
210740000,2022-01-02T22:25:30,25.76668,-80.16198,0.0,0.1,294.0,LENA,IMO9347750,5BYF3,70,5,139,22,8.8,79,A
210740000,2022-01-02T22:46:40,25.76669,-80.16195,0.0,0.1,294.0,LENA,IMO9347750,5BYF3,70,5,139,22,8.8,79,A
210740000,2022-01-02T22:52:30,25.76672,-80.16200,0.0,0.1,294.0,LENA,IMO9347750,5BYF3,70,5,139,22,8.8,79,A
210740000,2022-01-02T22:31:34,25.76669,-80.16202,0.0,0.1,294.0,LENA,IMO9347750,5BYF3,70,5,139,22,8.8,79,A
210740000,2022-01-02T22:34:38,25.76673,-80.16200,0.0,0.1,294.0,LENA,IMO9347750,5BYF3,70,5,139,22,8.8,79,A
210740000,2022-01-02T23:13:37,25.76670,-80.16200,0.0,0.1,294.0,LENA,IMO9347750,5BYF3,70,5,139,22,8.8,79,A
210740000,2022-01-02T22:55:36,25.76673,-80.16198,0.0,0.1,294.0,LENA,IMO9347750,5BYF3,70,5,139,22,8.8,79,A
210740000,2022-01-02T23:16:34,25.76676,-80.16202,0.0,0.1,294.0,LENA,IMO9347750,5BYF3,70,5,139,22,8.8,79,A
210740000,2022-01-02T23:04:35,25.76673,-80.16198,0.0,0.1,294.0,LENA,IMO9347750,5BYF3,70,5,139,22,8.8,79,A
210740000,2022-01-02T23:25:36,25.76672,-80.16197,0.0,0.1,294.0,LENA,IMO9347750,5BYF3,70,5,139,22,8.8,79,A
210740000,2022-01-02T22:43:34,25.76670,-80.16195,0.0,0.1,294.0,LENA,IMO9347750,5BYF3,70,5,139,22,8.8,79,A
210740000,2022-01-02T22:49:32,25.76671,-80.16196,0.0,0.1,294.0,LENA,IMO9347750,5BYF3,70,5,139,22,8.8,79,A
210740000,2022-01-02T23:19:35,25.76673,-80.16200,0.0,0.1,294.0,LENA,IMO9347750,5BYF3,70,5,139,22,8.8,79,A
210740000,2022-01-02T22:37:33,25.76671,-80.16196,0.0,0.1,294.0,LENA,IMO9347750,5BYF3,70,5,139,22,8.8,79,A
210740000,2022-01-02T23:22:35,25.76669,-80.16199,0.0,0.1,294.0,LENA,IMO9347750,5BYF3,70,5,139,22,8.8,79,A
210740000,2022-01-02T22:58:33,25.76669,-80.16200,0.0,0.1,294.0,LENA,IMO9347750,5BYF3,70,5,139,22,8.8,79,A
210740000,2022-01-02T23:43:36,25.76673,-80.16200,0.0,0.1,294.0,LENA,IMO9347750,5BYF3,70,5,139,22,8.8,79,A
210740000,2022-01-02T23:07:35,25.76671,-80.16201,0.0,0.1,294.0,LENA,IMO9347750,5BYF3,70,5,139,22,8.8,79,A
210740000,2022-01-02T23:58:35,25.76675,-80.16201,0.0,0.1,294.0,LENA,IMO9347750,5BYF3,70,5,139,22,8.8,79,A
210740000,2022-01-02T10:03:46,25.79169,-80.08035,0.0,0.1,156.0,LENA,IMO9347750,5BYF3,70,1,139,22,8.8,79,A
210740000,2022-01-02T23:55:33,25.76672,-80.16199,0.0,0.1,294.0,LENA,IMO9347750,5BYF3,70,5,139,22,8.8,79,A
210740000,2022-01-02T23:31:35,25.76670,-80.16199,0.0,0.1,294.0,LENA,IMO9347750,5BYF3,70,5,139,22,8.8,79,A
210740000,2022-01-02T23:10:34,25.76671,-80.16197,0.0,0.1,294.0,LENA,IMO9347750,5BYF3,70,5,139,22,8.8,79,A
210740000,2022-01-02T23:37:34,25.76670,-80.16197,0.0,0.1,294.0,LENA,IMO9347750,5BYF3,70,5,139,22,8.8,79,A
210740000,2022-01-02T23:49:31,25.76672,-80.16197,0.0,0.1,294.0,LENA,IMO9347750,5BYF3,70,5,139,22,8.8,79,A
210740000,2022-01-02T23:52:36,25.76674,-80.16200,0.0,0.1,294.0,LENA,IMO9347750,5BYF3,70,5,139,22,8.8,79,A
210740000,2022-01-02T10:15:45,25.79166,-80.08033,0.0,0.1,155.0,LENA,IMO9347750,5BYF3,70,1,139,22,8.8,79,A
210740000,2022-01-02T11:06:43,25.79171,-80.08052,0.0,0.1,153.0,LENA,IMO9347750,5BYF3,70,1,139,22,8.8,79,A
210740000,2022-01-02T11:09:44,25.79168,-80.08039,0.0,0.1,157.0,LENA,IMO9347750,5BYF3,70,1,139,22,8.8,79,A
210740000,2022-01-02T11:18:44,25.79169,-80.08056,0.0,0.1,155.0,LENA,IMO9347750,5BYF3,70,1,139,22,8.8,79,A
210740000,2022-01-02T11:27:46,25.79169,-80.08039,0.0,0.1,157.0,LENA,IMO9347750,5BYF3,70,1,139,22,8.8,79,A
210740000,2022-01-02T11:33:45,25.79171,-80.08048,0.0,0.1,158.0,LENA,IMO9347750,5BYF3,70,1,139,22,8.8,79,A
210740000,2022-01-02T11:45:43,25.79175,-80.08037,0.0,0.1,170.0,LENA,IMO9347750,5BYF3,70,1,139,22,8.8,79,A
210740000,2022-01-02T13:02:34,25.76780,-80.05986,7.2,261.0,244.0,LENA,IMO9347750,5BYF3,70,0,139,22,8.8,79,A
210740000,2022-01-02T13:18:54,25.75744,-80.11307,11.8,265.4,267.0,LENA,IMO9347750,5BYF3,70,0,139,22,8.8,79,A
210740000,2022-01-02T13:20:04,25.75774,-80.11716,11.3,282.6,284.0,LENA,IMO9347750,5BYF3,70,0,139,22,8.8,79,A
210740000,2022-01-02T13:30:24,25.76518,-80.14615,6.8,265.7,263.0,LENA,IMO9347750,5BYF3,70,0,139,22,8.8,79,A
210740000,2022-01-02T13:37:54,25.76540,-80.15776,3.5,276.8,276.0,LENA,IMO9347750,5BYF3,70,0,139,22,8.8,79,A
210740000,2022-01-02T13:42:33,25.76620,-80.16109,1.8,295.8,275.0,LENA,IMO9347750,5BYF3,70,0,139,22,8.8,79,A
210740000,2022-01-02T13:46:05,25.76643,-80.16168,0.6,292.5,278.0,LENA,IMO9347750,5BYF3,70,0,139,22,8.8,79,A
210740000,2022-01-02T13:55:25,25.76673,-80.16204,0.0,0.1,293.0,LENA,IMO9347750,5BYF3,70,0,139,22,8.8,79,A
210740000,2022-01-02T14:15:05,25.76673,-80.16199,0.0,0.1,294.0,LENA,IMO9347750,5BYF3,70,5,139,22,8.8,79,A
210740000,2022-01-02T14:21:04,25.76675,-80.16199,0.0,0.1,294.0,LENA,IMO9347750,5BYF3,70,5,139,22,8.8,79,A
210740000,2022-01-02T14:48:07,25.76673,-80.16200,0.0,0.1,294.0,LENA,IMO9347750,5BYF3,70,5,139,22,8.8,79,A
210740000,2022-01-02T14:51:00,25.76670,-80.16199,0.0,0.1,294.0,LENA,IMO9347750,5BYF3,70,5,139,22,8.8,79,A
210740000,2022-01-02T15:30:06,25.76671,-80.16202,0.0,0.1,294.0,LENA,IMO9347750,5BYF3,70,5,139,22,8.8,79,A
210740000,2022-01-02T15:39:07,25.76676,-80.16197,0.0,0.1,294.0,LENA,IMO9347750,5BYF3,70,5,139,22,8.8,79,A
210740000,2022-01-02T15:54:06,25.76672,-80.16198,0.0,0.1,294.0,LENA,IMO9347750,5BYF3,70,5,139,22,8.8,79,A
210740000,2022-01-02T16:39:05,25.76674,-80.16199,0.0,0.1,294.0,LENA,IMO9347750,5BYF3,70,5,139,22,8.8,79,A
210740000,2022-01-02T16:45:05,25.76672,-80.16196,0.0,0.1,294.0,LENA,IMO9347750,5BYF3,70,5,139,22,8.8,79,A
210740000,2022-01-02T17:32:44,25.76673,-80.16199,0.0,0.1,294.0,LENA,IMO9347750,5BYF3,70,5,139,22,8.8,79,A
210740000,2022-01-02T17:40:33,25.76673,-80.16200,0.0,0.1,294.0,LENA,IMO9347750,5BYF3,70,5,139,22,8.8,79,A
210740000,2022-01-02T17:49:34,25.76673,-80.16197,0.0,0.1,294.0,LENA,IMO9347750,5BYF3,70,5,139,22,8.8,79,A
210740000,2022-01-02T17:52:34,25.76671,-80.16194,0.0,0.1,294.0,LENA,IMO9347750,5BYF3,70,5,139,22,8.8,79,A
210740000,2022-01-02T18:10:33,25.76671,-80.16192,0.0,0.1,294.0,LENA,IMO9347750,5BYF3,70,5,139,22,8.8,79,A
210740000,2022-01-02T18:28:36,25.76671,-80.16204,0.3,0.1,294.0,LENA,IMO9347750,5BYF3,70,5,139,22,8.8,79,A
210740000,2022-01-02T18:55:34,25.76672,-80.16199,0.0,0.1,294.0,LENA,IMO9347750,5BYF3,70,5,139,22,8.8,79,A
210740000,2022-01-02T19:01:33,25.76671,-80.16198,0.0,0.1,294.0,LENA,IMO9347750,5BYF3,70,5,139,22,8.8,79,A
210740000,2022-01-02T19:19:33,25.76668,-80.16197,0.0,0.1,294.0,LENA,IMO9347750,5BYF3,70,5,139,22,8.8,79,A
210740000,2022-01-02T19:22:35,25.76670,-80.16200,0.0,0.1,294.0,LENA,IMO9347750,5BYF3,70,5,139,22,8.8,79,A
210740000,2022-01-02T19:31:33,25.76669,-80.16208,0.0,0.1,294.0,LENA,IMO9347750,5BYF3,70,5,139,22,8.8,79,A
210740000,2022-01-02T19:52:32,25.76671,-80.16200,0.0,0.1,294.0,LENA,IMO9347750,5BYF3,70,5,139,22,8.8,79,A
210740000,2022-01-02T20:22:36,25.76670,-80.16200,0.0,0.1,294.0,LENA,IMO9347750,5BYF3,70,5,139,22,8.8,79,A
210740000,2022-01-02T20:43:34,25.76673,-80.16197,0.0,0.1,294.0,LENA,IMO9347750,5BYF3,70,5,139,22,8.8,79,A
210740000,2022-01-02T21:01:32,25.76670,-80.16198,0.0,0.1,294.0,LENA,IMO9347750,5BYF3,70,5,139,22,8.8,79,A
210740000,2022-01-02T21:19:38,25.76671,-80.16196,0.0,0.1,294.0,LENA,IMO9347750,5BYF3,70,5,139,22,8.8,79,A
210740000,2022-01-02T22:07:35,25.76672,-80.16201,0.0,0.1,294.0,LENA,IMO9347750,5BYF3,70,5,139,22,8.8,79,A
210740000,2022-01-02T22:10:35,25.76679,-80.16187,0.0,0.1,294.0,LENA,IMO9347750,5BYF3,70,5,139,22,8.8,79,A
210740000,2022-01-02T22:13:35,25.76673,-80.16202,0.0,0.1,294.0,LENA,IMO9347750,5BYF3,70,5,139,22,8.8,79,A
210740000,2022-01-02T22:19:34,25.76672,-80.16198,0.0,0.1,294.0,LENA,IMO9347750,5BYF3,70,5,139,22,8.8,79,A
210740000,2022-01-02T22:40:39,25.76671,-80.16196,0.0,0.1,294.0,LENA,IMO9347750,5BYF3,70,5,139,22,8.8,79,A
210740000,2022-01-02T23:28:31,25.76667,-80.16201,0.0,0.1,294.0,LENA,IMO9347750,5BYF3,70,5,139,22,8.8,79,A
210740000,2022-01-02T23:34:31,25.76673,-80.16198,0.0,0.1,294.0,LENA,IMO9347750,5BYF3,70,5,139,22,8.8,79,A
210740000,2022-01-02T23:40:34,25.76673,-80.16198,0.0,0.1,294.0,LENA,IMO9347750,5BYF3,70,5,139,22,8.8,79,A
210740000,2022-01-02T23:46:36,25.76672,-80.16201,0.0,0.1,294.0,LENA,IMO9347750,5BYF3,70,5,139,22,8.8,79,A
210740000,2022-01-03T00:01:35,25.76670,-80.16200,0.0,0.1,294.0,LENA,IMO9347750,5BYF3,70,5,139,22,8.8,79,A
210740000,2022-01-03T00:04:35,25.76673,-80.16198,0.0,0.1,294.0,LENA,IMO9347750,5BYF3,70,5,139,22,8.8,79,A
210740000,2022-01-03T00:07:31,25.76673,-80.16196,0.0,0.1,294.0,LENA,IMO9347750,5BYF3,70,5,139,22,8.8,79,A
210740000,2022-01-03T00:10:31,25.76674,-80.16201,0.0,0.1,294.0,LENA,IMO9347750,5BYF3,70,5,139,22,8.8,79,A
210740000,2022-01-03T00:13:36,25.76672,-80.16198,0.0,0.1,294.0,LENA,IMO9347750,5BYF3,70,5,139,22,8.8,79,A
210740000,2022-01-03T00:16:36,25.76672,-80.16200,0.0,0.1,294.0,LENA,IMO9347750,5BYF3,70,5,139,22,8.8,79,A
210740000,2022-01-03T00:19:37,25.76672,-80.16199,0.0,0.1,294.0,LENA,IMO9347750,5BYF3,70,5,139,22,8.8,79,A
210740000,2022-01-03T00:22:38,25.76671,-80.16199,0.0,0.1,294.0,LENA,IMO9347750,5BYF3,70,5,139,22,8.8,79,A
210740000,2022-01-03T00:25:37,25.76672,-80.16198,0.0,0.1,294.0,LENA,IMO9347750,5BYF3,70,5,139,22,8.8,79,A
210740000,2022-01-03T00:28:36,25.76668,-80.16200,0.0,0.1,294.0,LENA,IMO9347750,5BYF3,70,5,139,22,8.8,79,A
210740000,2022-01-03T00:34:35,25.76672,-80.16200,0.0,0.1,294.0,LENA,IMO9347750,5BYF3,70,5,139,22,8.8,79,A
210740000,2022-01-03T00:40:33,25.76673,-80.16199,0.0,0.1,294.0,LENA,IMO9347750,5BYF3,70,5,139,22,8.8,79,A
210740000,2022-01-03T00:43:41,25.76672,-80.16201,0.0,0.1,294.0,LENA,IMO9347750,5BYF3,70,5,139,22,8.8,79,A
210740000,2022-01-03T00:46:31,25.76673,-80.16200,0.0,0.1,294.0,LENA,IMO9347750,5BYF3,70,5,139,22,8.8,79,A
210740000,2022-01-03T00:52:33,25.76671,-80.16197,0.0,0.1,294.0,LENA,IMO9347750,5BYF3,70,5,139,22,8.8,79,A
210740000,2022-01-03T00:55:40,25.76674,-80.16202,0.0,0.1,294.0,LENA,IMO9347750,5BYF3,70,5,139,22,8.8,79,A
210740000,2022-01-03T00:58:35,25.76673,-80.16197,0.0,0.1,294.0,LENA,IMO9347750,5BYF3,70,5,139,22,8.8,79,A
210740000,2022-01-03T01:04:33,25.76673,-80.16195,0.0,0.1,294.0,LENA,IMO9347750,5BYF3,70,5,139,22,8.8,79,A
210740000,2022-01-03T01:10:33,25.76672,-80.16199,0.0,0.1,294.0,LENA,IMO9347750,5BYF3,70,5,139,22,8.8,79,A
210740000,2022-01-03T01:01:41,25.76672,-80.16199,0.0,0.1,294.0,LENA,IMO9347750,5BYF3,70,5,139,22,8.8,79,A
210740000,2022-01-03T01:07:41,25.76673,-80.16198,0.0,0.1,294.0,LENA,IMO9347750,5BYF3,70,5,139,22,8.8,79,A
210740000,2022-01-03T00:31:37,25.76668,-80.16197,0.0,0.1,294.0,LENA,IMO9347750,5BYF3,70,5,139,22,8.8,79,A
210740000,2022-01-03T01:16:36,25.76674,-80.16201,0.0,0.1,294.0,LENA,IMO9347750,5BYF3,70,5,139,22,8.8,79,A
210740000,2022-01-03T01:13:31,25.76671,-80.16196,0.0,0.1,294.0,LENA,IMO9347750,5BYF3,70,5,139,22,8.8,79,A
210740000,2022-01-03T01:22:35,25.76671,-80.16198,0.0,0.1,294.0,LENA,IMO9347750,5BYF3,70,5,139,22,8.8,79,A
210740000,2022-01-03T00:37:39,25.76672,-80.16198,0.0,0.1,294.0,LENA,IMO9347750,5BYF3,70,5,139,22,8.8,79,A
210740000,2022-01-03T01:25:33,25.76671,-80.16198,0.0,0.1,294.0,LENA,IMO9347750,5BYF3,70,5,139,22,8.8,79,A
210740000,2022-01-03T01:31:34,25.76671,-80.16198,0.0,0.1,294.0,LENA,IMO9347750,5BYF3,70,5,139,22,8.8,79,A
210740000,2022-01-03T01:28:35,25.76674,-80.16201,0.0,0.1,294.0,LENA,IMO9347750,5BYF3,70,5,139,22,8.8,79,A
210740000,2022-01-03T01:34:36,25.76671,-80.16200,0.0,0.1,294.0,LENA,IMO9347750,5BYF3,70,5,139,22,8.8,79,A
210740000,2022-01-03T01:49:37,25.76675,-80.16202,0.0,0.1,294.0,LENA,IMO9347750,5BYF3,70,5,139,22,8.8,79,A
210740000,2022-01-03T01:40:37,25.76672,-80.16196,0.0,0.1,294.0,LENA,IMO9347750,5BYF3,70,5,139,22,8.8,79,A
210740000,2022-01-03T01:46:36,25.76673,-80.16200,0.0,0.1,294.0,LENA,IMO9347750,5BYF3,70,5,139,22,8.8,79,A
210740000,2022-01-03T01:43:35,25.76672,-80.16196,0.0,0.1,294.0,LENA,IMO9347750,5BYF3,70,5,139,22,8.8,79,A
210740000,2022-01-03T00:49:41,25.76672,-80.16200,0.0,0.1,294.0,LENA,IMO9347750,5BYF3,70,5,139,22,8.8,79,A
210740000,2022-01-03T02:04:35,25.76672,-80.16201,0.0,0.1,294.0,LENA,IMO9347750,5BYF3,70,5,139,22,8.8,79,A
210740000,2022-01-03T01:55:37,25.76669,-80.16195,0.0,0.1,294.0,LENA,IMO9347750,5BYF3,70,5,139,22,8.8,79,A
210740000,2022-01-03T01:52:35,25.76670,-80.16196,0.0,0.1,294.0,LENA,IMO9347750,5BYF3,70,5,139,22,8.8,79,A
210740000,2022-01-03T01:58:34,25.76672,-80.16196,0.0,0.1,294.0,LENA,IMO9347750,5BYF3,70,5,139,22,8.8,79,A
210740000,2022-01-03T02:22:36,25.76668,-80.16197,0.0,0.1,294.0,LENA,IMO9347750,5BYF3,70,5,139,22,8.8,79,A
210740000,2022-01-03T02:16:37,25.76675,-80.16204,0.0,0.1,294.0,LENA,IMO9347750,5BYF3,70,5,139,22,8.8,79,A
210740000,2022-01-03T02:07:39,25.76670,-80.16199,0.0,0.1,294.0,LENA,IMO9347750,5BYF3,70,5,139,22,8.8,79,A
210740000,2022-01-03T02:31:36,25.76670,-80.16191,0.0,0.1,294.0,LENA,IMO9347750,5BYF3,70,5,139,22,8.8,79,A
210740000,2022-01-03T02:25:37,25.76667,-80.16198,0.0,0.1,294.0,LENA,IMO9347750,5BYF3,70,5,139,22,8.8,79,A
210740000,2022-01-03T01:19:35,25.76673,-80.16198,0.0,0.1,294.0,LENA,IMO9347750,5BYF3,70,5,139,22,8.8,79,A
210740000,2022-01-03T02:37:31,25.76671,-80.16200,0.0,0.1,294.0,LENA,IMO9347750,5BYF3,70,5,139,22,8.8,79,A
210740000,2022-01-03T02:46:34,25.76672,-80.16199,0.0,0.1,294.0,LENA,IMO9347750,5BYF3,70,5,139,22,8.8,79,A
210740000,2022-01-03T02:43:37,25.76673,-80.16201,0.0,0.1,294.0,LENA,IMO9347750,5BYF3,70,5,139,22,8.8,79,A
210740000,2022-01-03T02:55:35,25.76671,-80.16198,0.0,0.1,294.0,LENA,IMO9347750,5BYF3,70,5,139,22,8.8,79,A
210740000,2022-01-03T02:49:35,25.76668,-80.16197,0.0,0.1,294.0,LENA,IMO9347750,5BYF3,70,5,139,22,8.8,79,A
210740000,2022-01-03T02:52:33,25.76672,-80.16197,0.0,0.1,294.0,LENA,IMO9347750,5BYF3,70,5,139,22,8.8,79,A
210740000,2022-01-03T01:37:37,25.76673,-80.16198,0.0,0.1,294.0,LENA,IMO9347750,5BYF3,70,5,139,22,8.8,79,A
210740000,2022-01-03T03:10:37,25.76669,-80.16196,0.0,0.1,294.0,LENA,IMO9347750,5BYF3,70,5,139,22,8.8,79,A
210740000,2022-01-03T03:25:35,25.76672,-80.16197,0.0,0.1,294.0,LENA,IMO9347750,5BYF3,70,5,139,22,8.8,79,A
210740000,2022-01-03T03:04:36,25.76668,-80.16199,0.0,0.1,294.0,LENA,IMO9347750,5BYF3,70,5,139,22,8.8,79,A
210740000,2022-01-03T03:01:34,25.76670,-80.16196,0.0,0.1,294.0,LENA,IMO9347750,5BYF3,70,5,139,22,8.8,79,A
210740000,2022-01-03T03:13:34,25.76675,-80.16202,0.0,0.1,294.0,LENA,IMO9347750,5BYF3,70,5,139,22,8.8,79,A
210740000,2022-01-03T03:07:34,25.76670,-80.16197,0.0,0.1,294.0,LENA,IMO9347750,5BYF3,70,5,139,22,8.8,79,A
210740000,2022-01-03T03:28:32,25.76673,-80.16200,0.0,0.1,294.0,LENA,IMO9347750,5BYF3,70,5,139,22,8.8,79,A
210740000,2022-01-03T03:31:34,25.76674,-80.16200,0.0,0.1,294.0,LENA,IMO9347750,5BYF3,70,5,139,22,8.8,79,A
210740000,2022-01-03T03:22:38,25.76674,-80.16199,0.0,0.1,294.0,LENA,IMO9347750,5BYF3,70,5,139,22,8.8,79,A
210740000,2022-01-03T03:40:38,25.76669,-80.16196,0.0,0.1,294.0,LENA,IMO9347750,5BYF3,70,5,139,22,8.8,79,A
210740000,2022-01-03T03:43:35,25.76674,-80.16201,0.0,0.1,294.0,LENA,IMO9347750,5BYF3,70,5,139,22,8.8,79,A
210740000,2022-01-03T03:49:36,25.76668,-80.16197,0.0,0.1,294.0,LENA,IMO9347750,5BYF3,70,5,139,22,8.8,79,A
210740000,2022-01-03T03:46:38,25.76669,-80.16199,0.0,0.1,294.0,LENA,IMO9347750,5BYF3,70,5,139,22,8.8,79,A
210740000,2022-01-03T03:55:37,25.76669,-80.16197,0.0,0.1,294.0,LENA,IMO9347750,5BYF3,70,5,139,22,8.8,79,A
210740000,2022-01-03T03:52:37,25.76671,-80.16197,0.0,0.1,294.0,LENA,IMO9347750,5BYF3,70,5,139,22,8.8,79,A
210740000,2022-01-03T03:58:38,25.76669,-80.16197,0.0,0.1,294.0,LENA,IMO9347750,5BYF3,70,5,139,22,8.8,79,A
210740000,2022-01-03T04:04:32,25.76673,-80.16198,0.0,0.1,294.0,LENA,IMO9347750,5BYF3,70,5,139,22,8.8,79,A
210740000,2022-01-03T04:01:35,25.76671,-80.16197,0.0,0.1,294.0,LENA,IMO9347750,5BYF3,70,5,139,22,8.8,79,A
210740000,2022-01-03T02:10:36,25.76672,-80.16197,0.0,0.1,294.0,LENA,IMO9347750,5BYF3,70,5,139,22,8.8,79,A
210740000,2022-01-03T04:13:32,25.76671,-80.16199,0.0,0.1,294.0,LENA,IMO9347750,5BYF3,70,5,139,22,8.8,79,A
210740000,2022-01-03T04:16:36,25.76670,-80.16197,0.0,0.1,294.0,LENA,IMO9347750,5BYF3,70,5,139,22,8.8,79,A
210740000,2022-01-03T02:13:38,25.76673,-80.16199,0.0,0.1,294.0,LENA,IMO9347750,5BYF3,70,5,139,22,8.8,79,A
210740000,2022-01-03T04:22:35,25.76670,-80.16197,0.0,0.1,294.0,LENA,IMO9347750,5BYF3,70,5,139,22,8.8,79,A
210740000,2022-01-03T04:25:36,25.76667,-80.16198,0.0,0.1,294.0,LENA,IMO9347750,5BYF3,70,5,139,22,8.8,79,A
210740000,2022-01-03T04:07:36,25.76672,-80.16199,0.0,0.1,294.0,LENA,IMO9347750,5BYF3,70,5,139,22,8.8,79,A
210740000,2022-01-03T04:10:35,25.76673,-80.16198,0.0,0.1,294.0,LENA,IMO9347750,5BYF3,70,5,139,22,8.8,79,A
210740000,2022-01-03T04:46:36,25.76676,-80.16216,0.0,0.1,294.0,LENA,IMO9347750,5BYF3,70,5,139,22,8.8,79,A
210740000,2022-01-03T04:52:35,25.76670,-80.16200,0.0,0.1,294.0,LENA,IMO9347750,5BYF3,70,5,139,22,8.8,79,A
210740000,2022-01-03T04:40:35,25.76673,-80.16199,0.0,0.1,294.0,LENA,IMO9347750,5BYF3,70,5,139,22,8.8,79,A
210740000,2022-01-03T04:34:35,25.76672,-80.16198,0.0,0.1,294.0,LENA,IMO9347750,5BYF3,70,5,139,22,8.8,79,A
210740000,2022-01-03T04:28:36,25.76670,-80.16193,0.0,0.1,294.0,LENA,IMO9347750,5BYF3,70,5,139,22,8.8,79,A
210740000,2022-01-03T04:49:35,25.76669,-80.16199,0.0,0.1,294.0,LENA,IMO9347750,5BYF3,70,5,139,22,8.8,79,A
210740000,2022-01-03T04:31:36,25.76670,-80.16198,0.0,0.1,294.0,LENA,IMO9347750,5BYF3,70,5,139,22,8.8,79,A
210740000,2022-01-03T02:28:34,25.76671,-80.16192,0.0,0.1,294.0,LENA,IMO9347750,5BYF3,70,5,139,22,8.8,79,A
210740000,2022-01-03T04:55:36,25.76675,-80.16200,0.0,0.1,294.0,LENA,IMO9347750,5BYF3,70,5,139,22,8.8,79,A
210740000,2022-01-03T04:43:36,25.76673,-80.16197,0.0,0.1,294.0,LENA,IMO9347750,5BYF3,70,5,139,22,8.8,79,A
210740000,2022-01-03T05:04:35,25.76673,-80.16197,0.0,0.1,294.0,LENA,IMO9347750,5BYF3,70,5,139,22,8.8,79,A
210740000,2022-01-03T05:10:35,25.76671,-80.16200,0.0,0.1,294.0,LENA,IMO9347750,5BYF3,70,5,139,22,8.8,79,A
210740000,2022-01-03T05:22:36,25.76671,-80.16200,0.0,0.1,294.0,LENA,IMO9347750,5BYF3,70,5,139,22,8.8,79,A
210740000,2022-01-03T05:13:38,25.76671,-80.16200,0.0,0.1,294.0,LENA,IMO9347750,5BYF3,70,5,139,22,8.8,79,A
210740000,2022-01-03T04:58:34,25.76671,-80.16198,0.0,0.1,294.0,LENA,IMO9347750,5BYF3,70,5,139,22,8.8,79,A
210740000,2022-01-03T05:40:36,25.76674,-80.16200,0.0,0.1,294.0,LENA,IMO9347750,5BYF3,70,5,139,22,8.8,79,A
210740000,2022-01-03T02:40:35,25.76670,-80.16197,0.0,0.1,294.0,LENA,IMO9347750,5BYF3,70,5,139,22,8.8,79,A
210740000,2022-01-03T05:43:37,25.76674,-80.16199,0.0,0.1,294.0,LENA,IMO9347750,5BYF3,70,5,139,22,8.8,79,A
210740000,2022-01-03T05:07:36,25.76673,-80.16201,0.0,0.1,294.0,LENA,IMO9347750,5BYF3,70,5,139,22,8.8,79,A
210740000,2022-01-03T05:58:37,25.76671,-80.16200,0.0,0.1,294.0,LENA,IMO9347750,5BYF3,70,5,139,22,8.8,79,A
210740000,2022-01-03T05:25:34,25.76670,-80.16197,0.0,0.1,294.0,LENA,IMO9347750,5BYF3,70,5,139,22,8.8,79,A
210740000,2022-01-03T05:28:35,25.76673,-80.16198,0.0,0.1,294.0,LENA,IMO9347750,5BYF3,70,5,139,22,8.8,79,A
210740000,2022-01-03T05:31:36,25.76673,-80.16201,0.0,0.1,294.0,LENA,IMO9347750,5BYF3,70,5,139,22,8.8,79,A
210740000,2022-01-03T05:34:37,25.76671,-80.16200,0.0,0.1,294.0,LENA,IMO9347750,5BYF3,70,5,139,22,8.8,79,A
210740000,2022-01-03T06:07:38,25.76666,-80.16199,0.0,0.1,294.0,LENA,IMO9347750,5BYF3,70,5,139,22,8.8,79,A
210740000,2022-01-03T06:01:37,25.76673,-80.16198,0.0,0.1,294.0,LENA,IMO9347750,5BYF3,70,5,139,22,8.8,79,A
210740000,2022-01-03T05:46:35,25.76667,-80.16200,0.0,0.1,294.0,LENA,IMO9347750,5BYF3,70,5,139,22,8.8,79,A
210740000,2022-01-03T05:52:36,25.76676,-80.16198,0.0,0.1,294.0,LENA,IMO9347750,5BYF3,70,5,139,22,8.8,79,A
210740000,2022-01-03T02:58:34,25.76674,-80.16200,0.0,0.1,294.0,LENA,IMO9347750,5BYF3,70,5,139,22,8.8,79,A
210740000,2022-01-03T05:49:38,25.76671,-80.16201,0.0,0.1,294.0,LENA,IMO9347750,5BYF3,70,5,139,22,8.8,79,A
210740000,2022-01-03T05:55:37,25.76677,-80.16200,0.0,0.1,294.0,LENA,IMO9347750,5BYF3,70,5,139,22,8.8,79,A
210740000,2022-01-03T06:34:37,25.76669,-80.16198,0.0,0.1,294.0,LENA,IMO9347750,5BYF3,70,5,139,22,8.8,79,A
210740000,2022-01-03T06:10:37,25.76672,-80.16200,0.0,0.1,294.0,LENA,IMO9347750,5BYF3,70,5,139,22,8.8,79,A
210740000,2022-01-03T06:13:40,25.76670,-80.16198,0.0,0.1,294.0,LENA,IMO9347750,5BYF3,70,5,139,22,8.8,79,A
210740000,2022-01-03T06:16:36,25.76679,-80.16205,0.0,0.1,294.0,LENA,IMO9347750,5BYF3,70,5,139,22,8.8,79,A
210740000,2022-01-03T06:31:42,25.76677,-80.16199,0.0,0.1,294.0,LENA,IMO9347750,5BYF3,70,5,139,22,8.8,79,A
210740000,2022-01-03T06:19:39,25.76673,-80.16198,0.0,0.1,294.0,LENA,IMO9347750,5BYF3,70,5,139,22,8.8,79,A
210740000,2022-01-03T06:22:36,25.76673,-80.16200,0.0,0.1,294.0,LENA,IMO9347750,5BYF3,70,5,139,22,8.8,79,A
210740000,2022-01-03T06:52:36,25.76670,-80.16196,0.0,0.1,294.0,LENA,IMO9347750,5BYF3,70,5,139,22,8.8,79,A
210740000,2022-01-03T06:37:32,25.76673,-80.16200,0.0,0.1,294.0,LENA,IMO9347750,5BYF3,70,5,139,22,8.8,79,A
210740000,2022-01-03T03:16:37,25.76672,-80.16195,0.0,0.1,294.0,LENA,IMO9347750,5BYF3,70,5,139,22,8.8,79,A
210740000,2022-01-03T06:49:36,25.76673,-80.16200,0.0,0.1,294.0,LENA,IMO9347750,5BYF3,70,5,139,22,8.8,79,A
210740000,2022-01-03T06:43:37,25.76672,-80.16201,0.0,0.1,294.0,LENA,IMO9347750,5BYF3,70,5,139,22,8.8,79,A
210740000,2022-01-03T06:28:38,25.76675,-80.16201,0.0,0.1,294.0,LENA,IMO9347750,5BYF3,70,5,139,22,8.8,79,A
210740000,2022-01-03T06:58:35,25.76671,-80.16197,0.0,0.1,294.0,LENA,IMO9347750,5BYF3,70,5,139,22,8.8,79,A
210740000,2022-01-03T06:55:35,25.76671,-80.16199,0.0,0.1,294.0,LENA,IMO9347750,5BYF3,70,5,139,22,8.8,79,A
210740000,2022-01-03T07:04:36,25.76672,-80.16200,0.0,0.1,294.0,LENA,IMO9347750,5BYF3,70,5,139,22,8.8,79,A
210740000,2022-01-03T07:25:39,25.76667,-80.16199,0.0,0.1,294.0,LENA,IMO9347750,5BYF3,70,5,139,22,8.8,79,A
210740000,2022-01-03T03:37:34,25.76672,-80.16194,0.0,0.1,294.0,LENA,IMO9347750,5BYF3,70,5,139,22,8.8,79,A
210740000,2022-01-03T07:13:40,25.76671,-80.16202,0.0,0.1,294.0,LENA,IMO9347750,5BYF3,70,5,139,22,8.8,79,A
210740000,2022-01-03T07:22:39,25.76668,-80.16200,0.0,0.1,294.0,LENA,IMO9347750,5BYF3,70,5,139,22,8.8,79,A
210740000,2022-01-03T07:34:41,25.76664,-80.16196,0.0,0.1,294.0,LENA,IMO9347750,5BYF3,70,5,139,22,8.8,79,A
210740000,2022-01-03T07:37:38,25.76664,-80.16199,0.0,0.1,294.0,LENA,IMO9347750,5BYF3,70,5,139,22,8.8,79,A
210740000,2022-01-03T07:49:38,25.76671,-80.16198,0.0,0.1,294.0,LENA,IMO9347750,5BYF3,70,5,139,22,8.8,79,A
210740000,2022-01-03T07:40:42,25.76668,-80.16196,0.0,0.1,294.0,LENA,IMO9347750,5BYF3,70,5,139,22,8.8,79,A
210740000,2022-01-03T07:43:37,25.76669,-80.16202,0.0,0.1,294.0,LENA,IMO9347750,5BYF3,70,5,139,22,8.8,79,A
210740000,2022-01-03T07:46:42,25.76671,-80.16197,0.0,0.1,294.0,LENA,IMO9347750,5BYF3,70,5,139,22,8.8,79,A
210740000,2022-01-03T07:52:42,25.76669,-80.16199,0.0,0.1,294.0,LENA,IMO9347750,5BYF3,70,5,139,22,8.8,79,A
210740000,2022-01-03T08:31:36,25.76672,-80.16201,0.0,0.1,294.0,LENA,IMO9347750,5BYF3,70,5,139,22,8.8,79,A
210740000,2022-01-03T07:58:40,25.76671,-80.16200,0.0,0.1,294.0,LENA,IMO9347750,5BYF3,70,5,139,22,8.8,79,A
210740000,2022-01-03T08:04:38,25.76670,-80.16204,0.0,0.1,294.0,LENA,IMO9347750,5BYF3,70,5,139,22,8.8,79,A
210740000,2022-01-03T08:07:38,25.76672,-80.16201,0.0,0.1,294.0,LENA,IMO9347750,5BYF3,70,5,139,22,8.8,79,A
210740000,2022-01-03T08:13:38,25.76671,-80.16198,0.0,0.1,294.0,LENA,IMO9347750,5BYF3,70,5,139,22,8.8,79,A
210740000,2022-01-03T08:28:41,25.76670,-80.16206,0.0,0.1,294.0,LENA,IMO9347750,5BYF3,70,5,139,22,8.8,79,A
210740000,2022-01-03T08:01:38,25.76672,-80.16198,0.0,0.1,294.0,LENA,IMO9347750,5BYF3,70,5,139,22,8.8,79,A
210740000,2022-01-03T08:19:36,25.76673,-80.16200,0.0,0.1,294.0,LENA,IMO9347750,5BYF3,70,5,139,22,8.8,79,A
210740000,2022-01-03T08:22:39,25.76672,-80.16196,0.0,0.1,294.0,LENA,IMO9347750,5BYF3,70,5,139,22,8.8,79,A
210740000,2022-01-03T08:37:36,25.76671,-80.16200,0.0,0.1,294.0,LENA,IMO9347750,5BYF3,70,5,139,22,8.8,79,A
210740000,2022-01-03T08:49:38,25.76672,-80.16199,0.0,0.1,294.0,LENA,IMO9347750,5BYF3,70,5,139,22,8.8,79,A
210740000,2022-01-03T08:43:37,25.76673,-80.16199,0.0,0.1,294.0,LENA,IMO9347750,5BYF3,70,5,139,22,8.8,79,A
210740000,2022-01-03T08:40:33,25.76674,-80.16199,0.0,0.1,294.0,LENA,IMO9347750,5BYF3,70,5,139,22,8.8,79,A
210740000,2022-01-03T08:46:37,25.76673,-80.16200,0.0,0.1,294.0,LENA,IMO9347750,5BYF3,70,5,139,22,8.8,79,A
210740000,2022-01-03T04:19:37,25.76674,-80.16198,0.0,0.1,294.0,LENA,IMO9347750,5BYF3,70,5,139,22,8.8,79,A
210740000,2022-01-03T09:01:40,25.76671,-80.16200,0.0,0.1,294.0,LENA,IMO9347750,5BYF3,70,5,139,22,8.8,79,A
210740000,2022-01-03T09:40:41,25.76668,-80.16197,0.0,0.1,294.0,LENA,IMO9347750,5BYF3,70,5,139,22,8.8,79,A
210740000,2022-01-03T08:52:38,25.76671,-80.16197,0.0,0.1,294.0,LENA,IMO9347750,5BYF3,70,5,139,22,8.8,79,A
210740000,2022-01-03T09:07:41,25.76674,-80.16201,0.0,0.1,294.0,LENA,IMO9347750,5BYF3,70,5,139,22,8.8,79,A
210740000,2022-01-03T09:04:40,25.76675,-80.16201,0.0,0.1,294.0,LENA,IMO9347750,5BYF3,70,5,139,22,8.8,79,A
210740000,2022-01-03T09:55:38,25.76671,-80.16200,0.0,0.1,294.0,LENA,IMO9347750,5BYF3,70,5,139,22,8.8,79,A
210740000,2022-01-03T09:10:38,25.76669,-80.16197,0.0,0.1,294.0,LENA,IMO9347750,5BYF3,70,5,139,22,8.8,79,A
210740000,2022-01-03T09:22:41,25.76673,-80.16199,0.0,0.1,294.0,LENA,IMO9347750,5BYF3,70,5,139,22,8.8,79,A
210740000,2022-01-03T09:16:39,25.76678,-80.16202,0.0,0.1,294.0,LENA,IMO9347750,5BYF3,70,5,139,22,8.8,79,A
210740000,2022-01-03T04:37:36,25.76669,-80.16200,0.0,0.1,294.0,LENA,IMO9347750,5BYF3,70,5,139,22,8.8,79,A
210740000,2022-01-03T09:28:39,25.76671,-80.16197,0.0,0.1,294.0,LENA,IMO9347750,5BYF3,70,5,139,22,8.8,79,A
210740000,2022-01-03T10:16:38,25.76674,-80.16199,0.0,0.1,294.0,LENA,IMO9347750,5BYF3,70,5,139,22,8.8,79,A
210740000,2022-01-03T09:13:39,25.76678,-80.16195,0.0,0.1,294.0,LENA,IMO9347750,5BYF3,70,5,139,22,8.8,79,A
210740000,2022-01-03T10:22:39,25.76672,-80.16197,0.0,0.1,294.0,LENA,IMO9347750,5BYF3,70,5,139,22,8.8,79,A
210740000,2022-01-03T09:34:39,25.76668,-80.16196,0.0,0.1,294.0,LENA,IMO9347750,5BYF3,70,5,139,22,8.8,79,A
210740000,2022-01-03T09:46:42,25.76671,-80.16199,0.0,0.1,294.0,LENA,IMO9347750,5BYF3,70,5,139,22,8.8,79,A
210740000,2022-01-03T09:25:39,25.76663,-80.16194,0.0,0.1,294.0,LENA,IMO9347750,5BYF3,70,5,139,22,8.8,79,A
210740000,2022-01-03T09:43:43,25.76668,-80.16196,0.0,0.1,294.0,LENA,IMO9347750,5BYF3,70,5,139,22,8.8,79,A
210740000,2022-01-03T09:31:40,25.76672,-80.16201,0.0,0.1,294.0,LENA,IMO9347750,5BYF3,70,5,139,22,8.8,79,A
210740000,2022-01-03T09:49:33,25.76673,-80.16200,0.0,0.1,294.0,LENA,IMO9347750,5BYF3,70,5,139,22,8.8,79,A
210740000,2022-01-03T09:58:33,25.76672,-80.16199,0.0,0.1,294.0,LENA,IMO9347750,5BYF3,70,5,139,22,8.8,79,A
210740000,2022-01-03T09:52:43,25.76673,-80.16200,0.0,0.1,294.0,LENA,IMO9347750,5BYF3,70,5,139,22,8.8,79,A
210740000,2022-01-03T10:10:38,25.76671,-80.16197,0.0,0.1,294.0,LENA,IMO9347750,5BYF3,70,5,139,22,8.8,79,A
210740000,2022-01-03T10:07:37,25.76672,-80.16199,0.0,0.1,294.0,LENA,IMO9347750,5BYF3,70,5,139,22,8.8,79,A
210740000,2022-01-03T10:04:36,25.76672,-80.16198,0.0,0.1,294.0,LENA,IMO9347750,5BYF3,70,5,139,22,8.8,79,A
210740000,2022-01-03T05:01:35,25.76672,-80.16201,0.0,0.1,294.0,LENA,IMO9347750,5BYF3,70,5,139,22,8.8,79,A
210740000,2022-01-03T10:01:37,25.76672,-80.16199,0.0,0.1,294.0,LENA,IMO9347750,5BYF3,70,5,139,22,8.8,79,A
210740000,2022-01-03T10:58:39,25.76668,-80.16193,0.0,0.1,294.0,LENA,IMO9347750,5BYF3,70,5,139,22,8.8,79,A
210740000,2022-01-03T10:13:39,25.76673,-80.16199,0.0,0.1,294.0,LENA,IMO9347750,5BYF3,70,5,139,22,8.8,79,A
210740000,2022-01-03T10:19:40,25.76673,-80.16197,0.0,0.1,294.0,LENA,IMO9347750,5BYF3,70,5,139,22,8.8,79,A
210740000,2022-01-03T05:16:35,25.76670,-80.16200,0.0,0.1,294.0,LENA,IMO9347750,5BYF3,70,5,139,22,8.8,79,A
210740000,2022-01-03T10:25:41,25.76672,-80.16198,0.0,0.1,294.0,LENA,IMO9347750,5BYF3,70,5,139,22,8.8,79,A
210740000,2022-01-03T05:19:36,25.76670,-80.16202,0.0,0.1,294.0,LENA,IMO9347750,5BYF3,70,5,139,22,8.8,79,A
210740000,2022-01-03T10:28:38,25.76673,-80.16202,0.0,0.1,294.0,LENA,IMO9347750,5BYF3,70,5,139,22,8.8,79,A
210740000,2022-01-03T10:31:41,25.76671,-80.16199,0.0,0.1,294.0,LENA,IMO9347750,5BYF3,70,5,139,22,8.8,79,A
210740000,2022-01-03T10:37:42,25.76674,-80.16199,0.0,0.1,294.0,LENA,IMO9347750,5BYF3,70,5,139,22,8.8,79,A
210740000,2022-01-03T10:49:40,25.76673,-80.16201,0.0,0.1,294.0,LENA,IMO9347750,5BYF3,70,5,139,22,8.8,79,A
210740000,2022-01-03T11:25:37,25.76673,-80.16196,0.0,0.1,294.0,LENA,IMO9347750,5BYF3,70,5,139,22,8.8,79,A
210740000,2022-01-03T10:46:38,25.76675,-80.16197,0.0,0.1,294.0,LENA,IMO9347750,5BYF3,70,5,139,22,8.8,79,A
210740000,2022-01-03T10:43:41,25.76674,-80.16203,0.0,0.1,294.0,LENA,IMO9347750,5BYF3,70,5,139,22,8.8,79,A
210740000,2022-01-03T10:52:38,25.76676,-80.16197,0.0,0.1,294.0,LENA,IMO9347750,5BYF3,70,5,139,22,8.8,79,A
210740000,2022-01-03T11:13:38,25.76671,-80.16200,0.0,0.1,294.0,LENA,IMO9347750,5BYF3,70,5,139,22,8.8,79,A
210740000,2022-01-03T11:52:38,25.76669,-80.16200,0.0,0.1,294.0,LENA,IMO9347750,5BYF3,70,5,139,22,8.8,79,A
210740000,2022-01-03T11:01:38,25.76671,-80.16199,0.0,0.1,294.0,LENA,IMO9347750,5BYF3,70,5,139,22,8.8,79,A
210740000,2022-01-03T10:55:39,25.76670,-80.16196,0.0,0.1,294.0,LENA,IMO9347750,5BYF3,70,5,139,22,8.8,79,A
210740000,2022-01-03T11:58:37,25.76676,-80.16200,0.0,0.1,294.0,LENA,IMO9347750,5BYF3,70,5,139,22,8.8,79,A
210740000,2022-01-03T11:10:38,25.76672,-80.16203,0.0,0.1,294.0,LENA,IMO9347750,5BYF3,70,5,139,22,8.8,79,A
210740000,2022-01-03T11:04:38,25.76674,-80.16197,0.0,0.1,294.0,LENA,IMO9347750,5BYF3,70,5,139,22,8.8,79,A
210740000,2022-01-03T11:07:37,25.76674,-80.16199,0.0,0.1,294.0,LENA,IMO9347750,5BYF3,70,5,139,22,8.8,79,A
210740000,2022-01-03T11:34:41,25.76674,-80.16201,0.0,0.1,294.0,LENA,IMO9347750,5BYF3,70,5,139,22,8.8,79,A
210740000,2022-01-03T11:16:38,25.76671,-80.16200,0.0,0.1,294.0,LENA,IMO9347750,5BYF3,70,5,139,22,8.8,79,A
210740000,2022-01-03T11:22:38,25.76673,-80.16215,0.0,0.1,294.0,LENA,IMO9347750,5BYF3,70,5,139,22,8.8,79,A
210740000,2022-01-03T11:28:40,25.76670,-80.16199,0.0,0.1,294.0,LENA,IMO9347750,5BYF3,70,5,139,22,8.8,79,A
210740000,2022-01-03T11:40:34,25.76673,-80.16203,0.0,0.1,294.0,LENA,IMO9347750,5BYF3,70,5,139,22,8.8,79,A
210740000,2022-01-03T11:31:36,25.76673,-80.16199,0.0,0.1,294.0,LENA,IMO9347750,5BYF3,70,5,139,22,8.8,79,A
210740000,2022-01-03T11:55:36,25.76673,-80.16203,0.0,0.1,294.0,LENA,IMO9347750,5BYF3,70,5,139,22,8.8,79,A
210740000,2022-01-03T11:49:38,25.76672,-80.16198,0.0,0.1,294.0,LENA,IMO9347750,5BYF3,70,5,139,22,8.8,79,A
210740000,2022-01-03T11:43:36,25.76671,-80.16202,0.0,0.1,294.0,LENA,IMO9347750,5BYF3,70,5,139,22,8.8,79,A
210740000,2022-01-03T11:46:38,25.76674,-80.16198,0.0,0.1,294.0,LENA,IMO9347750,5BYF3,70,5,139,22,8.8,79,A
210740000,2022-01-03T06:04:37,25.76668,-80.16198,0.0,0.1,294.0,LENA,IMO9347750,5BYF3,70,5,139,22,8.8,79,A
210740000,2022-01-03T12:04:37,25.76678,-80.16204,0.0,0.1,294.0,LENA,IMO9347750,5BYF3,70,5,139,22,8.8,79,A
210740000,2022-01-03T12:16:40,25.76673,-80.16200,0.0,0.1,294.0,LENA,IMO9347750,5BYF3,70,5,139,22,8.8,79,A
210740000,2022-01-03T12:13:36,25.76674,-80.16200,0.0,0.1,294.0,LENA,IMO9347750,5BYF3,70,5,139,22,8.8,79,A
210740000,2022-01-03T12:01:39,25.76675,-80.16202,0.0,0.1,294.0,LENA,IMO9347750,5BYF3,70,5,139,22,8.8,79,A
210740000,2022-01-03T12:19:39,25.76669,-80.16199,0.0,0.1,294.0,LENA,IMO9347750,5BYF3,70,5,139,22,8.8,79,A
210740000,2022-01-03T12:22:38,25.76671,-80.16201,0.0,0.1,294.0,LENA,IMO9347750,5BYF3,70,5,139,22,8.8,79,A
210740000,2022-01-03T12:07:37,25.76670,-80.16199,0.0,0.1,294.0,LENA,IMO9347750,5BYF3,70,5,139,22,8.8,79,A
210740000,2022-01-03T12:10:38,25.76667,-80.16194,0.0,0.1,294.0,LENA,IMO9347750,5BYF3,70,5,139,22,8.8,79,A
210740000,2022-01-03T12:28:37,25.76668,-80.16200,0.0,0.1,294.0,LENA,IMO9347750,5BYF3,70,5,139,22,8.8,79,A
210740000,2022-01-03T12:31:38,25.76674,-80.16203,0.0,0.1,294.0,LENA,IMO9347750,5BYF3,70,5,139,22,8.8,79,A
210740000,2022-01-03T12:25:38,25.76665,-80.16205,0.0,0.1,294.0,LENA,IMO9347750,5BYF3,70,5,139,22,8.8,79,A
210740000,2022-01-03T12:43:37,25.76671,-80.16200,0.0,0.1,294.0,LENA,IMO9347750,5BYF3,70,5,139,22,8.8,79,A
210740000,2022-01-03T12:46:39,25.76675,-80.16199,0.0,0.1,294.0,LENA,IMO9347750,5BYF3,70,5,139,22,8.8,79,A
210740000,2022-01-03T12:58:39,25.76672,-80.16198,0.0,0.1,294.0,LENA,IMO9347750,5BYF3,70,5,139,22,8.8,79,A
210740000,2022-01-03T12:52:38,25.76664,-80.16206,0.0,0.1,294.0,LENA,IMO9347750,5BYF3,70,5,139,22,8.8,79,A
210740000,2022-01-03T12:40:34,25.76671,-80.16199,0.0,0.1,294.0,LENA,IMO9347750,5BYF3,70,5,139,22,8.8,79,A
210740000,2022-01-03T12:49:37,25.76675,-80.16198,0.0,0.1,294.0,LENA,IMO9347750,5BYF3,70,5,139,22,8.8,79,A
210740000,2022-01-03T13:04:39,25.76668,-80.16201,0.0,0.1,294.0,LENA,IMO9347750,5BYF3,70,5,139,22,8.8,79,A
210740000,2022-01-03T13:07:38,25.76673,-80.16198,0.0,0.1,294.0,LENA,IMO9347750,5BYF3,70,5,139,22,8.8,79,A
210740000,2022-01-03T13:01:37,25.76673,-80.16200,0.0,0.1,294.0,LENA,IMO9347750,5BYF3,70,5,139,22,8.8,79,A
210740000,2022-01-03T13:16:38,25.76675,-80.16202,0.0,0.1,294.0,LENA,IMO9347750,5BYF3,70,5,139,22,8.8,79,A
210740000,2022-01-03T13:19:39,25.76674,-80.16200,0.0,0.1,294.0,LENA,IMO9347750,5BYF3,70,5,139,22,8.8,79,A
210740000,2022-01-03T13:37:40,25.76672,-80.16200,0.0,0.1,294.0,LENA,IMO9347750,5BYF3,70,5,139,22,8.8,79,A
210740000,2022-01-03T13:10:37,25.76671,-80.16202,0.0,0.1,294.0,LENA,IMO9347750,5BYF3,70,5,139,22,8.8,79,A
210740000,2022-01-03T13:28:40,25.76673,-80.16201,0.0,0.1,294.0,LENA,IMO9347750,5BYF3,70,5,139,22,8.8,79,A
210740000,2022-01-03T13:13:40,25.76671,-80.16199,0.0,0.1,294.0,LENA,IMO9347750,5BYF3,70,5,139,22,8.8,79,A
210740000,2022-01-03T13:31:40,25.76672,-80.16200,0.0,0.1,294.0,LENA,IMO9347750,5BYF3,70,5,139,22,8.8,79,A
210740000,2022-01-03T14:19:34,25.76678,-80.16197,0.0,0.1,294.0,LENA,IMO9347750,5BYF3,70,5,139,22,8.8,79,A
210740000,2022-01-03T13:25:40,25.76670,-80.16200,0.0,0.1,294.0,LENA,IMO9347750,5BYF3,70,5,139,22,8.8,79,A
210740000,2022-01-03T06:46:35,25.76674,-80.16202,0.0,0.1,294.0,LENA,IMO9347750,5BYF3,70,5,139,22,8.8,79,A
210740000,2022-01-03T14:28:40,25.76669,-80.16197,0.0,0.1,294.0,LENA,IMO9347750,5BYF3,70,5,139,22,8.8,79,A
210740000,2022-01-03T13:40:43,25.76667,-80.16214,0.0,0.1,294.0,LENA,IMO9347750,5BYF3,70,5,139,22,8.8,79,A
210740000,2022-01-03T13:46:43,25.76673,-80.16201,0.0,0.1,294.0,LENA,IMO9347750,5BYF3,70,5,139,22,8.8,79,A
210740000,2022-01-03T13:34:41,25.76675,-80.16200,0.0,0.1,294.0,LENA,IMO9347750,5BYF3,70,5,139,22,8.8,79,A
210740000,2022-01-03T13:52:34,25.76674,-80.16197,0.0,0.1,294.0,LENA,IMO9347750,5BYF3,70,5,139,22,8.8,79,A
210740000,2022-01-03T13:43:41,25.76676,-80.16200,0.0,0.1,294.0,LENA,IMO9347750,5BYF3,70,5,139,22,8.8,79,A
210740000,2022-01-03T13:58:38,25.76670,-80.16195,0.0,0.1,294.0,LENA,IMO9347750,5BYF3,70,5,139,22,8.8,79,A
210740000,2022-01-03T14:13:39,25.76671,-80.16200,0.0,0.1,294.0,LENA,IMO9347750,5BYF3,70,5,139,22,8.8,79,A
210740000,2022-01-03T13:49:43,25.76671,-80.16197,0.0,0.1,294.0,LENA,IMO9347750,5BYF3,70,5,139,22,8.8,79,A
210740000,2022-01-03T14:01:35,25.76671,-80.16199,0.0,0.1,294.0,LENA,IMO9347750,5BYF3,70,5,139,22,8.8,79,A
210740000,2022-01-03T13:55:44,25.76672,-80.16197,0.0,0.1,294.0,LENA,IMO9347750,5BYF3,70,5,139,22,8.8,79,A
210740000,2022-01-03T14:04:36,25.76674,-80.16201,0.0,0.1,294.0,LENA,IMO9347750,5BYF3,70,5,139,22,8.8,79,A
210740000,2022-01-03T14:07:35,25.76672,-80.16199,0.0,0.1,294.0,LENA,IMO9347750,5BYF3,70,5,139,22,8.8,79,A
210740000,2022-01-03T14:31:36,25.76670,-80.16197,0.0,0.1,294.0,LENA,IMO9347750,5BYF3,70,5,139,22,8.8,79,A
210740000,2022-01-03T07:01:37,25.76675,-80.16199,0.0,0.1,294.0,LENA,IMO9347750,5BYF3,70,5,139,22,8.8,79,A
210740000,2022-01-03T14:43:40,25.76670,-80.16200,0.0,0.1,294.0,LENA,IMO9347750,5BYF3,70,5,139,22,8.8,79,A
210740000,2022-01-03T14:16:38,25.76671,-80.16199,0.0,0.1,294.0,LENA,IMO9347750,5BYF3,70,5,139,22,8.8,79,A
210740000,2022-01-03T14:37:39,25.76672,-80.16196,0.0,0.1,294.0,LENA,IMO9347750,5BYF3,70,5,139,22,8.8,79,A
210740000,2022-01-03T14:34:40,25.76683,-80.16197,0.0,0.1,294.0,LENA,IMO9347750,5BYF3,70,5,139,22,8.8,79,A
210740000,2022-01-03T07:07:38,25.76668,-80.16199,0.0,0.1,294.0,LENA,IMO9347750,5BYF3,70,5,139,22,8.8,79,A
210740000,2022-01-03T14:49:39,25.76674,-80.16199,0.0,0.1,294.0,LENA,IMO9347750,5BYF3,70,5,139,22,8.8,79,A
210740000,2022-01-03T15:13:41,25.76668,-80.16198,0.0,0.1,294.0,LENA,IMO9347750,5BYF3,70,5,139,22,8.8,79,A
210740000,2022-01-03T14:40:40,25.76673,-80.16199,0.0,0.1,294.0,LENA,IMO9347750,5BYF3,70,5,139,22,8.8,79,A
210740000,2022-01-03T15:19:39,25.76674,-80.16197,0.0,0.1,294.0,LENA,IMO9347750,5BYF3,70,5,139,22,8.8,79,A
210740000,2022-01-03T15:01:39,25.76673,-80.16198,0.0,0.1,294.0,LENA,IMO9347750,5BYF3,70,5,139,22,8.8,79,A
210740000,2022-01-03T14:52:41,25.76671,-80.16199,0.0,0.1,294.0,LENA,IMO9347750,5BYF3,70,5,139,22,8.8,79,A
210740000,2022-01-03T15:52:41,25.76672,-80.16198,0.0,0.1,294.0,LENA,IMO9347750,5BYF3,70,5,139,22,8.8,79,A
210740000,2022-01-03T15:04:40,25.76670,-80.16200,0.0,0.1,294.0,LENA,IMO9347750,5BYF3,70,5,139,22,8.8,79,A
210740000,2022-01-03T14:58:41,25.76676,-80.16197,0.0,0.1,294.0,LENA,IMO9347750,5BYF3,70,5,139,22,8.8,79,A
210740000,2022-01-03T07:16:37,25.76670,-80.16200,0.0,0.1,294.0,LENA,IMO9347750,5BYF3,70,5,139,22,8.8,79,A
210740000,2022-01-03T15:22:38,25.76670,-80.16200,0.0,0.1,294.0,LENA,IMO9347750,5BYF3,70,5,139,22,8.8,79,A
210740000,2022-01-03T15:07:40,25.76672,-80.16195,0.0,0.1,294.0,LENA,IMO9347750,5BYF3,70,5,139,22,8.8,79,A
210740000,2022-01-03T15:10:40,25.76673,-80.16191,0.0,0.1,294.0,LENA,IMO9347750,5BYF3,70,5,139,22,8.8,79,A
210740000,2022-01-03T15:46:40,25.76668,-80.16197,0.0,0.1,294.0,LENA,IMO9347750,5BYF3,70,5,139,22,8.8,79,A
210740000,2022-01-03T07:19:40,25.76678,-80.16204,0.0,0.1,294.0,LENA,IMO9347750,5BYF3,70,5,139,22,8.8,79,A
210740000,2022-01-03T15:16:38,25.76672,-80.16198,0.0,0.1,294.0,LENA,IMO9347750,5BYF3,70,5,139,22,8.8,79,A
210740000,2022-01-03T15:31:41,25.76658,-80.16184,0.1,0.1,294.0,LENA,IMO9347750,5BYF3,70,5,139,22,8.8,79,A
210740000,2022-01-03T15:40:40,25.76673,-80.16200,0.0,0.1,294.0,LENA,IMO9347750,5BYF3,70,5,139,22,8.8,79,A
210740000,2022-01-03T15:25:39,25.76672,-80.16202,0.0,0.1,294.0,LENA,IMO9347750,5BYF3,70,5,139,22,8.8,79,A
210740000,2022-01-03T15:43:39,25.76672,-80.16196,0.0,0.1,294.0,LENA,IMO9347750,5BYF3,70,5,139,22,8.8,79,A
210740000,2022-01-03T16:01:40,25.76670,-80.16196,0.0,0.1,294.0,LENA,IMO9347750,5BYF3,70,5,139,22,8.8,79,A
210740000,2022-01-03T15:37:39,25.76674,-80.16199,0.0,0.1,294.0,LENA,IMO9347750,5BYF3,70,5,139,22,8.8,79,A
210740000,2022-01-03T07:28:41,25.76670,-80.16199,0.0,0.1,294.0,LENA,IMO9347750,5BYF3,70,5,139,22,8.8,79,A
210740000,2022-01-03T15:49:40,25.76672,-80.16196,0.0,0.1,294.0,LENA,IMO9347750,5BYF3,70,5,139,22,8.8,79,A
210740000,2022-01-03T15:55:41,25.76672,-80.16197,0.0,0.1,294.0,LENA,IMO9347750,5BYF3,70,5,139,22,8.8,79,A
210740000,2022-01-03T16:22:40,25.76672,-80.16197,0.0,0.1,294.0,LENA,IMO9347750,5BYF3,70,5,139,22,8.8,79,A
210740000,2022-01-03T07:31:37,25.76665,-80.16197,0.0,0.1,294.0,LENA,IMO9347750,5BYF3,70,5,139,22,8.8,79,A
210740000,2022-01-03T16:07:39,25.76672,-80.16199,0.0,0.1,294.0,LENA,IMO9347750,5BYF3,70,5,139,22,8.8,79,A
210740000,2022-01-03T16:13:39,25.76670,-80.16194,0.0,0.1,294.0,LENA,IMO9347750,5BYF3,70,5,139,22,8.8,79,A
210740000,2022-01-03T16:31:40,25.76673,-80.16199,0.0,0.1,294.0,LENA,IMO9347750,5BYF3,70,5,139,22,8.8,79,A
210740000,2022-01-03T17:01:40,25.76675,-80.16197,0.0,0.1,294.0,LENA,IMO9347750,5BYF3,70,5,139,22,8.8,79,A
210740000,2022-01-03T16:10:38,25.76672,-80.16201,0.0,0.1,294.0,LENA,IMO9347750,5BYF3,70,5,139,22,8.8,79,A
210740000,2022-01-03T16:16:38,25.76672,-80.16198,0.0,0.1,294.0,LENA,IMO9347750,5BYF3,70,5,139,22,8.8,79,A
210740000,2022-01-03T16:19:40,25.76672,-80.16196,0.0,0.1,294.0,LENA,IMO9347750,5BYF3,70,5,139,22,8.8,79,A
210740000,2022-01-03T16:49:40,25.76668,-80.16196,0.0,0.1,294.0,LENA,IMO9347750,5BYF3,70,5,139,22,8.8,79,A
210740000,2022-01-03T16:25:41,25.76671,-80.16197,0.0,0.1,294.0,LENA,IMO9347750,5BYF3,70,5,139,22,8.8,79,A
210740000,2022-01-03T17:19:37,25.76669,-80.16201,0.0,0.1,294.0,LENA,IMO9347750,5BYF3,70,5,139,22,8.8,79,A
210740000,2022-01-03T16:28:39,25.76671,-80.16196,0.0,0.1,294.0,LENA,IMO9347750,5BYF3,70,5,139,22,8.8,79,A
210740000,2022-01-03T16:37:35,25.76670,-80.16196,0.0,0.1,294.0,LENA,IMO9347750,5BYF3,70,5,139,22,8.8,79,A
210740000,2022-01-03T16:34:38,25.76670,-80.16197,0.0,0.1,294.0,LENA,IMO9347750,5BYF3,70,5,139,22,8.8,79,A
210740000,2022-01-03T16:40:40,25.76675,-80.16195,0.0,0.1,294.0,LENA,IMO9347750,5BYF3,70,5,139,22,8.8,79,A
210740000,2022-01-03T16:46:39,25.76669,-80.16194,0.0,0.1,294.0,LENA,IMO9347750,5BYF3,70,5,139,22,8.8,79,A
210740000,2022-01-03T17:10:39,25.76671,-80.16199,0.0,0.1,294.0,LENA,IMO9347750,5BYF3,70,5,139,22,8.8,79,A
210740000,2022-01-03T07:55:39,25.76668,-80.16198,0.0,0.1,294.0,LENA,IMO9347750,5BYF3,70,5,139,22,8.8,79,A
210740000,2022-01-03T16:52:40,25.76672,-80.16194,0.0,0.1,294.0,LENA,IMO9347750,5BYF3,70,5,139,22,8.8,79,A
210740000,2022-01-03T16:43:35,25.76668,-80.16191,0.0,0.1,294.0,LENA,IMO9347750,5BYF3,70,5,139,22,8.8,79,A
210740000,2022-01-03T16:58:39,25.76673,-80.16200,0.0,0.1,294.0,LENA,IMO9347750,5BYF3,70,5,139,22,8.8,79,A
210740000,2022-01-03T17:04:38,25.76671,-80.16196,0.0,0.1,294.0,LENA,IMO9347750,5BYF3,70,5,139,22,8.8,79,A
210740000,2022-01-03T18:01:35,25.76674,-80.16198,0.0,0.1,295.0,LENA,IMO9347750,5BYF3,70,5,139,22,8.8,79,A
210740000,2022-01-03T17:28:39,25.76670,-80.16201,0.0,0.1,294.0,LENA,IMO9347750,5BYF3,70,5,139,22,8.8,79,A
210740000,2022-01-03T16:55:41,25.76670,-80.16197,0.0,0.1,294.0,LENA,IMO9347750,5BYF3,70,5,139,22,8.8,79,A
210740000,2022-01-03T18:10:41,25.76673,-80.16200,0.0,0.1,294.0,LENA,IMO9347750,5BYF3,70,5,139,22,8.8,79,A
210740000,2022-01-03T17:37:37,25.76674,-80.16198,0.0,0.1,294.0,LENA,IMO9347750,5BYF3,70,5,139,22,8.8,79,A
210740000,2022-01-03T17:25:40,25.76676,-80.16196,0.0,0.1,294.0,LENA,IMO9347750,5BYF3,70,5,139,22,8.8,79,A
210740000,2022-01-03T17:13:39,25.76668,-80.16200,0.0,0.1,294.0,LENA,IMO9347750,5BYF3,70,5,139,22,8.8,79,A
210740000,2022-01-03T17:31:36,25.76671,-80.16201,0.0,0.1,294.0,LENA,IMO9347750,5BYF3,70,5,139,22,8.8,79,A
210740000,2022-01-03T17:22:40,25.76673,-80.16203,0.0,0.1,294.0,LENA,IMO9347750,5BYF3,70,5,139,22,8.8,79,A
210740000,2022-01-03T17:16:38,25.76670,-80.16197,0.0,0.1,294.0,LENA,IMO9347750,5BYF3,70,5,139,22,8.8,79,A
210740000,2022-01-03T08:16:41,25.76671,-80.16200,0.0,0.1,294.0,LENA,IMO9347750,5BYF3,70,5,139,22,8.8,79,A
210740000,2022-01-03T17:46:40,25.76671,-80.16200,0.0,0.1,295.0,LENA,IMO9347750,5BYF3,70,5,139,22,8.8,79,A
210740000,2022-01-03T17:49:39,25.76671,-80.16200,0.0,0.1,295.0,LENA,IMO9347750,5BYF3,70,5,139,22,8.8,79,A
210740000,2022-01-03T17:52:39,25.76667,-80.16198,0.0,0.1,295.0,LENA,IMO9347750,5BYF3,70,5,139,22,8.8,79,A
210740000,2022-01-03T18:07:39,25.76673,-80.16195,0.0,0.1,295.0,LENA,IMO9347750,5BYF3,70,5,139,22,8.8,79,A
210740000,2022-01-03T17:40:40,25.76673,-80.16196,0.0,0.1,295.0,LENA,IMO9347750,5BYF3,70,5,139,22,8.8,79,A
210740000,2022-01-03T18:58:41,25.76672,-80.16199,0.0,0.1,294.0,LENA,IMO9347750,5BYF3,70,5,139,22,8.8,79,A
210740000,2022-01-03T17:43:36,25.76674,-80.16198,0.0,0.1,295.0,LENA,IMO9347750,5BYF3,70,5,139,22,8.8,79,A
210740000,2022-01-03T18:13:41,25.76672,-80.16198,0.0,0.1,294.0,LENA,IMO9347750,5BYF3,70,5,139,22,8.8,79,A
210740000,2022-01-03T19:04:42,25.76675,-80.16196,0.0,0.1,294.0,LENA,IMO9347750,5BYF3,70,5,139,22,8.8,79,A
210740000,2022-01-03T17:55:39,25.76671,-80.16196,0.0,0.1,295.0,LENA,IMO9347750,5BYF3,70,5,139,22,8.8,79,A
210740000,2022-01-03T18:04:40,25.76674,-80.16191,0.0,0.1,295.0,LENA,IMO9347750,5BYF3,70,5,139,22,8.8,79,A
210740000,2022-01-03T18:28:42,25.76669,-80.16194,0.0,0.1,294.0,LENA,IMO9347750,5BYF3,70,5,139,22,8.8,79,A
210740000,2022-01-03T19:10:40,25.76672,-80.16197,0.0,0.1,294.0,LENA,IMO9347750,5BYF3,70,5,139,22,8.8,79,A
210740000,2022-01-03T17:58:38,25.76674,-80.16200,0.0,0.1,295.0,LENA,IMO9347750,5BYF3,70,5,139,22,8.8,79,A
210740000,2022-01-03T08:34:42,25.76672,-80.16197,0.0,0.1,294.0,LENA,IMO9347750,5BYF3,70,5,139,22,8.8,79,A
210740000,2022-01-03T18:40:39,25.76673,-80.16197,0.0,0.1,294.0,LENA,IMO9347750,5BYF3,70,5,139,22,8.8,79,A
210740000,2022-01-03T18:43:36,25.76673,-80.16199,0.0,0.1,294.0,LENA,IMO9347750,5BYF3,70,5,139,22,8.8,79,A
210740000,2022-01-03T18:22:40,25.76670,-80.16200,0.0,0.1,294.0,LENA,IMO9347750,5BYF3,70,5,139,22,8.8,79,A
210740000,2022-01-03T19:40:42,25.76671,-80.16197,0.0,0.1,294.0,LENA,IMO9347750,5BYF3,70,5,139,22,8.8,79,A
210740000,2022-01-03T18:55:38,25.76672,-80.16198,0.0,0.1,294.0,LENA,IMO9347750,5BYF3,70,5,139,22,8.8,79,A
210740000,2022-01-03T19:49:45,25.76671,-80.16203,0.0,0.1,294.0,LENA,IMO9347750,5BYF3,70,5,139,22,8.8,79,A
210740000,2022-01-03T18:31:39,25.76669,-80.16197,0.0,0.1,294.0,LENA,IMO9347750,5BYF3,70,5,139,22,8.8,79,A
210740000,2022-01-03T18:52:36,25.76675,-80.16202,0.0,0.1,294.0,LENA,IMO9347750,5BYF3,70,5,139,22,8.8,79,A
210740000,2022-01-03T19:19:41,25.76669,-80.16187,0.2,0.1,294.0,LENA,IMO9347750,5BYF3,70,5,139,22,8.8,79,A
210740000,2022-01-03T19:07:40,25.76671,-80.16196,0.0,0.1,294.0,LENA,IMO9347750,5BYF3,70,5,139,22,8.8,79,A
210740000,2022-01-03T19:13:41,25.76672,-80.16197,0.0,0.1,294.0,LENA,IMO9347750,5BYF3,70,5,139,22,8.8,79,A
210740000,2022-01-03T19:22:39,25.76675,-80.16197,0.1,0.1,294.0,LENA,IMO9347750,5BYF3,70,5,139,22,8.8,79,A
210740000,2022-01-03T20:22:41,25.76674,-80.16198,0.0,0.1,294.0,LENA,IMO9347750,5BYF3,70,5,139,22,8.8,79,A
210740000,2022-01-03T19:16:41,25.76672,-80.16193,0.0,0.1,294.0,LENA,IMO9347750,5BYF3,70,5,139,22,8.8,79,A
210740000,2022-01-03T19:37:42,25.76671,-80.16202,0.0,0.1,294.0,LENA,IMO9347750,5BYF3,70,5,139,22,8.8,79,A
210740000,2022-01-03T19:25:41,25.76672,-80.16202,0.0,0.1,294.0,LENA,IMO9347750,5BYF3,70,5,139,22,8.8,79,A
210740000,2022-01-03T08:58:38,25.76675,-80.16202,0.0,0.1,294.0,LENA,IMO9347750,5BYF3,70,5,139,22,8.8,79,A
210740000,2022-01-03T19:58:41,25.76676,-80.16202,0.0,0.1,294.0,LENA,IMO9347750,5BYF3,70,5,139,22,8.8,79,A
210740000,2022-01-03T19:28:41,25.76672,-80.16197,0.0,0.1,294.0,LENA,IMO9347750,5BYF3,70,5,139,22,8.8,79,A
210740000,2022-01-03T19:31:40,25.76671,-80.16200,0.0,0.1,294.0,LENA,IMO9347750,5BYF3,70,5,139,22,8.8,79,A
210740000,2022-01-03T20:52:39,25.76674,-80.16202,0.0,0.1,294.0,LENA,IMO9347750,5BYF3,70,5,139,22,8.8,79,A
210740000,2022-01-03T20:16:39,25.76674,-80.16201,0.0,0.1,294.0,LENA,IMO9347750,5BYF3,70,5,139,22,8.8,79,A
210740000,2022-01-03T19:52:38,25.76678,-80.16198,0.0,0.1,294.0,LENA,IMO9347750,5BYF3,70,5,139,22,8.8,79,A
210740000,2022-01-03T19:43:43,25.76672,-80.16200,0.0,0.1,294.0,LENA,IMO9347750,5BYF3,70,5,139,22,8.8,79,A
210740000,2022-01-03T19:46:40,25.76671,-80.16193,0.0,0.1,294.0,LENA,IMO9347750,5BYF3,70,5,139,22,8.8,79,A
210740000,2022-01-03T20:10:38,25.76674,-80.16200,0.0,0.1,294.0,LENA,IMO9347750,5BYF3,70,5,139,22,8.8,79,A
210740000,2022-01-03T21:07:40,25.76676,-80.16200,0.0,0.1,294.0,LENA,IMO9347750,5BYF3,70,5,139,22,8.8,79,A
210740000,2022-01-03T20:28:40,25.76672,-80.16200,0.0,0.1,294.0,LENA,IMO9347750,5BYF3,70,5,139,22,8.8,79,A
210740000,2022-01-03T20:31:44,25.76673,-80.16198,0.0,0.1,294.0,LENA,IMO9347750,5BYF3,70,5,139,22,8.8,79,A
210740000,2022-01-03T09:19:41,25.76669,-80.16199,0.0,0.1,294.0,LENA,IMO9347750,5BYF3,70,5,139,22,8.8,79,A
210740000,2022-01-03T19:55:36,25.76673,-80.16196,0.0,0.1,294.0,LENA,IMO9347750,5BYF3,70,5,139,22,8.8,79,A
210740000,2022-01-03T20:04:39,25.76673,-80.16199,0.0,0.1,294.0,LENA,IMO9347750,5BYF3,70,5,139,22,8.8,79,A
210740000,2022-01-03T20:19:42,25.76672,-80.16195,0.0,0.1,294.0,LENA,IMO9347750,5BYF3,70,5,139,22,8.8,79,A
210740000,2022-01-03T20:37:42,25.76675,-80.16201,0.0,0.1,294.0,LENA,IMO9347750,5BYF3,70,5,139,22,8.8,79,A
210740000,2022-01-03T20:25:43,25.76675,-80.16197,0.0,0.1,294.0,LENA,IMO9347750,5BYF3,70,5,139,22,8.8,79,A
210740000,2022-01-03T20:40:39,25.76671,-80.16199,0.0,0.1,294.0,LENA,IMO9347750,5BYF3,70,5,139,22,8.8,79,A
210740000,2022-01-03T20:43:43,25.76671,-80.16197,0.0,0.1,294.0,LENA,IMO9347750,5BYF3,70,5,139,22,8.8,79,A
210740000,2022-01-03T20:46:39,25.76672,-80.16199,0.0,0.1,294.0,LENA,IMO9347750,5BYF3,70,5,139,22,8.8,79,A
210740000,2022-01-03T21:46:44,25.76673,-80.16198,0.0,0.1,294.0,LENA,IMO9347750,5BYF3,70,5,139,22,8.8,79,A
210740000,2022-01-03T21:13:37,25.76673,-80.16200,0.0,0.1,294.0,LENA,IMO9347750,5BYF3,70,5,139,22,8.8,79,A
210740000,2022-01-03T20:34:36,25.76675,-80.16204,0.0,0.1,294.0,LENA,IMO9347750,5BYF3,70,5,139,22,8.8,79,A
210740000,2022-01-03T20:49:43,25.76673,-80.16199,0.0,0.1,294.0,LENA,IMO9347750,5BYF3,70,5,139,22,8.8,79,A
210740000,2022-01-03T09:37:41,25.76669,-80.16196,0.0,0.1,294.0,LENA,IMO9347750,5BYF3,70,5,139,22,8.8,79,A
210740000,2022-01-03T21:01:42,25.76675,-80.16200,0.0,0.1,294.0,LENA,IMO9347750,5BYF3,70,5,139,22,8.8,79,A
210740000,2022-01-03T21:04:40,25.76669,-80.16195,0.0,0.1,294.0,LENA,IMO9347750,5BYF3,70,5,139,22,8.8,79,A
210740000,2022-01-03T20:58:37,25.76669,-80.16195,0.0,0.1,294.0,LENA,IMO9347750,5BYF3,70,5,139,22,8.8,79,A
210740000,2022-01-03T21:16:42,25.76670,-80.16198,0.0,0.1,294.0,LENA,IMO9347750,5BYF3,70,5,139,22,8.8,79,A
210740000,2022-01-03T21:19:41,25.76674,-80.16199,0.0,0.1,294.0,LENA,IMO9347750,5BYF3,70,5,139,22,8.8,79,A
210740000,2022-01-03T21:55:40,25.76671,-80.16198,0.0,0.1,294.0,LENA,IMO9347750,5BYF3,70,5,139,22,8.8,79,A
210740000,2022-01-03T21:22:43,25.76673,-80.16198,0.0,0.1,294.0,LENA,IMO9347750,5BYF3,70,5,139,22,8.8,79,A
210740000,2022-01-03T21:28:45,25.76671,-80.16200,0.0,0.1,294.0,LENA,IMO9347750,5BYF3,70,5,139,22,8.8,79,A
210740000,2022-01-03T21:25:42,25.76671,-80.16202,0.0,0.1,294.0,LENA,IMO9347750,5BYF3,70,5,139,22,8.8,79,A
210740000,2022-01-03T22:10:37,25.76673,-80.16199,0.0,0.1,294.0,LENA,IMO9347750,5BYF3,70,5,139,22,8.8,79,A
210740000,2022-01-03T21:31:41,25.76670,-80.16199,0.0,0.1,294.0,LENA,IMO9347750,5BYF3,70,5,139,22,8.8,79,A
210740000,2022-01-03T21:34:45,25.76669,-80.16197,0.0,0.1,294.0,LENA,IMO9347750,5BYF3,70,5,139,22,8.8,79,A
210740000,2022-01-03T21:40:46,25.76670,-80.16198,0.0,0.1,294.0,LENA,IMO9347750,5BYF3,70,5,139,22,8.8,79,A
210740000,2022-01-03T21:37:40,25.76673,-80.16198,0.0,0.1,294.0,LENA,IMO9347750,5BYF3,70,5,139,22,8.8,79,A
210740000,2022-01-03T22:07:41,25.76671,-80.16198,0.0,0.1,294.0,LENA,IMO9347750,5BYF3,70,5,139,22,8.8,79,A
210740000,2022-01-03T21:49:42,25.76671,-80.16198,0.0,0.1,294.0,LENA,IMO9347750,5BYF3,70,5,139,22,8.8,79,A
210740000,2022-01-03T21:52:45,25.76673,-80.16196,0.0,0.1,294.0,LENA,IMO9347750,5BYF3,70,5,139,22,8.8,79,A
210740000,2022-01-03T22:19:41,25.76671,-80.16200,0.0,0.1,294.0,LENA,IMO9347750,5BYF3,70,5,139,22,8.8,79,A
210740000,2022-01-03T22:22:37,25.76673,-80.16197,0.0,0.1,294.0,LENA,IMO9347750,5BYF3,70,5,139,22,8.8,79,A
210740000,2022-01-03T22:37:43,25.76673,-80.16197,0.0,0.1,294.0,LENA,IMO9347750,5BYF3,70,5,139,22,8.8,79,A
210740000,2022-01-03T21:58:44,25.76672,-80.16199,0.0,0.1,294.0,LENA,IMO9347750,5BYF3,70,5,139,22,8.8,79,A
210740000,2022-01-03T22:25:37,25.76670,-80.16201,0.0,0.1,294.0,LENA,IMO9347750,5BYF3,70,5,139,22,8.8,79,A
210740000,2022-01-03T22:01:41,25.76672,-80.16200,0.0,0.1,294.0,LENA,IMO9347750,5BYF3,70,5,139,22,8.8,79,A
210740000,2022-01-03T22:04:46,25.76671,-80.16197,0.0,0.1,294.0,LENA,IMO9347750,5BYF3,70,5,139,22,8.8,79,A
210740000,2022-01-03T22:13:37,25.76671,-80.16200,0.0,0.1,294.0,LENA,IMO9347750,5BYF3,70,5,139,22,8.8,79,A
210740000,2022-01-03T22:16:42,25.76670,-80.16199,0.0,0.1,294.0,LENA,IMO9347750,5BYF3,70,5,139,22,8.8,79,A
210740000,2022-01-03T23:40:44,25.76672,-80.16199,0.0,0.1,294.0,LENA,IMO9347750,5BYF3,70,5,139,22,8.8,79,A
210740000,2022-01-03T23:01:40,25.76672,-80.16197,0.0,0.1,294.0,LENA,IMO9347750,5BYF3,70,5,139,22,8.8,79,A
210740000,2022-01-03T22:49:41,25.76671,-80.16199,0.0,0.1,294.0,LENA,IMO9347750,5BYF3,70,5,139,22,8.8,79,A
210740000,2022-01-03T23:49:42,25.76670,-80.16197,0.0,0.1,294.0,LENA,IMO9347750,5BYF3,70,5,139,22,8.8,79,A
210740000,2022-01-03T22:31:42,25.76672,-80.16198,0.0,0.1,294.0,LENA,IMO9347750,5BYF3,70,5,139,22,8.8,79,A
210740000,2022-01-03T23:16:41,25.76676,-80.16199,0.0,0.1,294.0,LENA,IMO9347750,5BYF3,70,5,139,22,8.8,79,A
210740000,2022-01-03T22:34:42,25.76673,-80.16195,0.0,0.1,294.0,LENA,IMO9347750,5BYF3,70,5,139,22,8.8,79,A
210740000,2022-01-03T22:40:42,25.76671,-80.16201,0.0,0.1,294.0,LENA,IMO9347750,5BYF3,70,5,139,22,8.8,79,A
210740000,2022-01-03T22:58:41,25.76669,-80.16197,0.0,0.1,294.0,LENA,IMO9347750,5BYF3,70,5,139,22,8.8,79,A
210740000,2022-01-03T10:40:36,25.76673,-80.16200,0.0,0.1,294.0,LENA,IMO9347750,5BYF3,70,5,139,22,8.8,79,A
210740000,2022-01-03T23:19:42,25.76673,-80.16200,0.0,0.1,294.0,LENA,IMO9347750,5BYF3,70,5,139,22,8.8,79,A
210740000,2022-01-03T23:22:42,25.76672,-80.16199,0.0,0.1,294.0,LENA,IMO9347750,5BYF3,70,5,139,22,8.8,79,A
210740000,2022-01-03T23:37:37,25.76673,-80.16195,0.0,0.1,294.0,LENA,IMO9347750,5BYF3,70,5,139,22,8.8,79,A
210740000,2022-01-03T23:04:42,25.76671,-80.16198,0.0,0.1,294.0,LENA,IMO9347750,5BYF3,70,5,139,22,8.8,79,A
210740000,2022-01-03T23:13:37,25.76673,-80.16197,0.0,0.1,294.0,LENA,IMO9347750,5BYF3,70,5,139,22,8.8,79,A
210740000,2022-01-03T23:55:41,25.76672,-80.16198,0.0,0.1,294.0,LENA,IMO9347750,5BYF3,70,5,139,22,8.8,79,A
210740000,2022-01-03T23:46:42,25.76671,-80.16198,0.0,0.1,294.0,LENA,IMO9347750,5BYF3,70,5,139,22,8.8,79,A
210740000,2022-01-03T23:58:41,25.76670,-80.16198,0.0,0.1,294.0,LENA,IMO9347750,5BYF3,70,5,139,22,8.8,79,A
210740000,2022-01-03T23:28:40,25.76675,-80.16198,0.0,0.1,294.0,LENA,IMO9347750,5BYF3,70,5,139,22,8.8,79,A
210740000,2022-01-03T23:25:44,25.76673,-80.16197,0.0,0.1,294.0,LENA,IMO9347750,5BYF3,70,5,139,22,8.8,79,A
210740000,2022-01-03T23:31:46,25.76672,-80.16200,0.0,0.1,294.0,LENA,IMO9347750,5BYF3,70,5,139,22,8.8,79,A
210740000,2022-01-03T11:19:36,25.76672,-80.16200,0.0,0.1,294.0,LENA,IMO9347750,5BYF3,70,5,139,22,8.8,79,A
210740000,2022-01-03T12:37:36,25.76673,-80.16200,0.0,0.1,294.0,LENA,IMO9347750,5BYF3,70,5,139,22,8.8,79,A
210740000,2022-01-03T12:55:39,25.76672,-80.16196,0.0,0.1,294.0,LENA,IMO9347750,5BYF3,70,5,139,22,8.8,79,A
210740000,2022-01-03T13:22:39,25.76668,-80.16199,0.0,0.1,294.0,LENA,IMO9347750,5BYF3,70,5,139,22,8.8,79,A
210740000,2022-01-03T14:10:38,25.76672,-80.16200,0.0,0.1,294.0,LENA,IMO9347750,5BYF3,70,5,139,22,8.8,79,A
210740000,2022-01-03T14:22:38,25.76672,-80.16199,0.0,0.1,294.0,LENA,IMO9347750,5BYF3,70,5,139,22,8.8,79,A
210740000,2022-01-03T14:25:36,25.76676,-80.16198,0.0,0.1,294.0,LENA,IMO9347750,5BYF3,70,5,139,22,8.8,79,A
210740000,2022-01-03T14:46:39,25.76671,-80.16199,0.0,0.1,294.0,LENA,IMO9347750,5BYF3,70,5,139,22,8.8,79,A
210740000,2022-01-03T14:55:38,25.76669,-80.16199,0.0,0.1,294.0,LENA,IMO9347750,5BYF3,70,5,139,22,8.8,79,A
210740000,2022-01-03T15:28:38,25.76673,-80.16201,0.0,0.1,294.0,LENA,IMO9347750,5BYF3,70,5,139,22,8.8,79,A
210740000,2022-01-03T15:58:35,25.76671,-80.16197,0.0,0.1,294.0,LENA,IMO9347750,5BYF3,70,5,139,22,8.8,79,A
210740000,2022-01-03T16:04:38,25.76670,-80.16196,0.0,0.1,294.0,LENA,IMO9347750,5BYF3,70,5,139,22,8.8,79,A
210740000,2022-01-03T17:07:38,25.76672,-80.16198,0.0,0.1,294.0,LENA,IMO9347750,5BYF3,70,5,139,22,8.8,79,A
210740000,2022-01-03T18:16:42,25.76669,-80.16199,0.0,0.1,294.0,LENA,IMO9347750,5BYF3,70,5,139,22,8.8,79,A
210740000,2022-01-03T18:19:40,25.76674,-80.16200,0.0,0.1,294.0,LENA,IMO9347750,5BYF3,70,5,139,22,8.8,79,A
210740000,2022-01-03T18:25:39,25.76668,-80.16194,0.0,0.1,294.0,LENA,IMO9347750,5BYF3,70,5,139,22,8.8,79,A
210740000,2022-01-03T18:46:37,25.76672,-80.16198,0.0,0.1,294.0,LENA,IMO9347750,5BYF3,70,5,139,22,8.8,79,A
210740000,2022-01-03T18:49:39,25.76673,-80.16200,0.0,0.1,294.0,LENA,IMO9347750,5BYF3,70,5,139,22,8.8,79,A
210740000,2022-01-03T19:01:39,25.76672,-80.16196,0.0,0.1,294.0,LENA,IMO9347750,5BYF3,70,5,139,22,8.8,79,A
210740000,2022-01-03T20:01:40,25.76672,-80.16198,0.0,0.1,294.0,LENA,IMO9347750,5BYF3,70,5,139,22,8.8,79,A
210740000,2022-01-03T20:07:40,25.76671,-80.16198,0.0,0.1,294.0,LENA,IMO9347750,5BYF3,70,5,139,22,8.8,79,A
210740000,2022-01-03T20:13:40,25.76674,-80.16199,0.0,0.1,294.0,LENA,IMO9347750,5BYF3,70,5,139,22,8.8,79,A
210740000,2022-01-03T20:55:43,25.76671,-80.16198,0.0,0.1,294.0,LENA,IMO9347750,5BYF3,70,5,139,22,8.8,79,A
210740000,2022-01-03T21:10:41,25.76671,-80.16199,0.0,0.1,294.0,LENA,IMO9347750,5BYF3,70,5,139,22,8.8,79,A
210740000,2022-01-03T21:43:40,25.76673,-80.16196,0.0,0.1,294.0,LENA,IMO9347750,5BYF3,70,5,139,22,8.8,79,A
210740000,2022-01-03T22:28:41,25.76671,-80.16196,0.0,0.1,294.0,LENA,IMO9347750,5BYF3,70,5,139,22,8.8,79,A
210740000,2022-01-03T22:43:41,25.76672,-80.16198,0.0,0.1,294.0,LENA,IMO9347750,5BYF3,70,5,139,22,8.8,79,A
210740000,2022-01-03T22:46:40,25.76670,-80.16197,0.0,0.1,294.0,LENA,IMO9347750,5BYF3,70,5,139,22,8.8,79,A
210740000,2022-01-03T22:55:41,25.76673,-80.16199,0.0,0.1,294.0,LENA,IMO9347750,5BYF3,70,5,139,22,8.8,79,A
210740000,2022-01-03T23:07:40,25.76671,-80.16196,0.0,0.1,294.0,LENA,IMO9347750,5BYF3,70,5,139,22,8.8,79,A
210740000,2022-01-03T23:52:37,25.76671,-80.16199,0.0,0.1,294.0,LENA,IMO9347750,5BYF3,70,5,139,22,8.8,79,A
210740000,2022-01-04T00:01:43,25.76672,-80.16198,0.0,0.1,294.0,LENA,IMO9347750,5BYF3,70,5,139,22,8.8,79,A
210740000,2022-01-04T00:04:40,25.76674,-80.16198,0.0,0.1,294.0,LENA,IMO9347750,5BYF3,70,5,139,22,8.8,79,A
210740000,2022-01-04T00:07:43,25.76674,-80.16200,0.0,0.1,294.0,LENA,IMO9347750,5BYF3,70,5,139,22,8.8,79,A
210740000,2022-01-04T00:10:41,25.76674,-80.16199,0.0,0.1,294.0,LENA,IMO9347750,5BYF3,70,5,139,22,8.8,79,A
210740000,2022-01-04T00:16:40,25.76672,-80.16199,0.0,0.1,294.0,LENA,IMO9347750,5BYF3,70,5,139,22,8.8,79,A
210740000,2022-01-04T00:13:42,25.76675,-80.16195,0.0,0.1,294.0,LENA,IMO9347750,5BYF3,70,5,139,22,8.8,79,A
210740000,2022-01-04T00:25:43,25.76669,-80.16199,0.0,0.1,294.0,LENA,IMO9347750,5BYF3,70,5,139,22,8.8,79,A
210740000,2022-01-04T00:19:41,25.76672,-80.16196,0.0,0.1,294.0,LENA,IMO9347750,5BYF3,70,5,139,22,8.8,79,A
210740000,2022-01-04T00:22:42,25.76673,-80.16201,0.0,0.1,294.0,LENA,IMO9347750,5BYF3,70,5,139,22,8.8,79,A
210740000,2022-01-04T00:37:42,25.76671,-80.16195,0.0,0.1,294.0,LENA,IMO9347750,5BYF3,70,5,139,22,8.8,79,A
210740000,2022-01-04T00:31:43,25.76670,-80.16197,0.0,0.1,294.0,LENA,IMO9347750,5BYF3,70,5,139,22,8.8,79,A
210740000,2022-01-04T00:28:44,25.76681,-80.16203,0.0,0.1,294.0,LENA,IMO9347750,5BYF3,70,5,139,22,8.8,79,A
210740000,2022-01-04T00:40:45,25.76674,-80.16197,0.0,0.1,294.0,LENA,IMO9347750,5BYF3,70,5,139,22,8.8,79,A
210740000,2022-01-04T00:34:45,25.76675,-80.16200,0.0,0.1,294.0,LENA,IMO9347750,5BYF3,70,5,139,22,8.8,79,A
210740000,2022-01-04T00:46:43,25.76672,-80.16199,0.0,0.1,294.0,LENA,IMO9347750,5BYF3,70,5,139,22,8.8,79,A
210740000,2022-01-04T00:52:44,25.76672,-80.16195,0.0,0.1,294.0,LENA,IMO9347750,5BYF3,70,5,139,22,8.8,79,A
210740000,2022-01-04T01:07:40,25.76670,-80.16195,0.0,0.1,295.0,LENA,IMO9347750,5BYF3,70,5,139,22,8.8,79,A
210740000,2022-01-04T00:58:44,25.76672,-80.16197,0.0,0.1,294.0,LENA,IMO9347750,5BYF3,70,5,139,22,8.8,79,A
210740000,2022-01-04T00:49:42,25.76672,-80.16198,0.0,0.1,294.0,LENA,IMO9347750,5BYF3,70,5,139,22,8.8,79,A
210740000,2022-01-04T00:43:41,25.76672,-80.16199,0.0,0.1,294.0,LENA,IMO9347750,5BYF3,70,5,139,22,8.8,79,A
210740000,2022-01-04T00:55:41,25.76671,-80.16196,0.0,0.1,294.0,LENA,IMO9347750,5BYF3,70,5,139,22,8.8,79,A
210740000,2022-01-04T01:04:44,25.76672,-80.16200,0.0,0.1,294.0,LENA,IMO9347750,5BYF3,70,5,139,22,8.8,79,A
210740000,2022-01-04T01:13:39,25.76673,-80.16200,0.0,0.1,295.0,LENA,IMO9347750,5BYF3,70,5,139,22,8.8,79,A
210740000,2022-01-04T01:16:46,25.76673,-80.16197,0.0,0.1,294.0,LENA,IMO9347750,5BYF3,70,5,139,22,8.8,79,A
210740000,2022-01-04T01:10:45,25.76672,-80.16198,0.0,0.1,295.0,LENA,IMO9347750,5BYF3,70,5,139,22,8.8,79,A
210740000,2022-01-04T01:19:41,25.76671,-80.16195,0.0,0.1,295.0,LENA,IMO9347750,5BYF3,70,5,139,22,8.8,79,A
210740000,2022-01-04T01:25:41,25.76671,-80.16194,0.2,90.0,294.0,LENA,IMO9347750,5BYF3,70,5,139,22,8.8,79,A
210740000,2022-01-04T01:43:43,25.76677,-80.16215,0.0,0.1,294.0,LENA,IMO9347750,5BYF3,70,5,139,22,8.8,79,A
210740000,2022-01-04T01:28:44,25.76659,-80.16183,0.0,0.1,294.0,LENA,IMO9347750,5BYF3,70,5,139,22,8.8,79,A
210740000,2022-01-04T01:34:43,25.76675,-80.16200,0.0,0.1,294.0,LENA,IMO9347750,5BYF3,70,5,139,22,8.8,79,A
210740000,2022-01-04T01:22:46,25.76670,-80.16195,0.0,0.1,294.0,LENA,IMO9347750,5BYF3,70,5,139,22,8.8,79,A
210740000,2022-01-04T01:40:43,25.76677,-80.16206,0.0,0.1,294.0,LENA,IMO9347750,5BYF3,70,5,139,22,8.8,79,A
210740000,2022-01-04T01:31:42,25.76673,-80.16202,0.0,0.1,294.0,LENA,IMO9347750,5BYF3,70,5,139,22,8.8,79,A
210740000,2022-01-04T01:37:41,25.76674,-80.16201,0.0,0.1,294.0,LENA,IMO9347750,5BYF3,70,5,139,22,8.8,79,A
210740000,2022-01-04T01:49:44,25.76671,-80.16189,0.0,0.1,294.0,LENA,IMO9347750,5BYF3,70,5,139,22,8.8,79,A
210740000,2022-01-04T01:55:45,25.76665,-80.16187,0.0,0.1,294.0,LENA,IMO9347750,5BYF3,70,5,139,22,8.8,79,A
210740000,2022-01-04T01:46:45,25.76671,-80.16195,0.0,0.1,294.0,LENA,IMO9347750,5BYF3,70,5,139,22,8.8,79,A
210740000,2022-01-04T01:58:44,25.76673,-80.16199,0.0,0.1,294.0,LENA,IMO9347750,5BYF3,70,5,139,22,8.8,79,A
210740000,2022-01-04T02:04:46,25.76667,-80.16195,0.0,0.1,295.0,LENA,IMO9347750,5BYF3,70,5,139,22,8.8,79,A
210740000,2022-01-04T02:01:43,25.76662,-80.16189,0.0,0.1,294.0,LENA,IMO9347750,5BYF3,70,5,139,22,8.8,79,A
210740000,2022-01-04T02:28:38,25.76669,-80.16188,0.0,0.1,295.0,LENA,IMO9347750,5BYF3,70,5,139,22,8.8,79,A
210740000,2022-01-04T02:16:48,25.76672,-80.16199,0.0,0.1,295.0,LENA,IMO9347750,5BYF3,70,5,139,22,8.8,79,A
210740000,2022-01-04T02:07:42,25.76679,-80.16206,0.0,0.1,295.0,LENA,IMO9347750,5BYF3,70,5,139,22,8.8,79,A
210740000,2022-01-04T02:10:47,25.76667,-80.16187,0.0,90.0,295.0,LENA,IMO9347750,5BYF3,70,5,139,22,8.8,79,A
210740000,2022-01-04T02:13:43,25.76670,-80.16195,0.0,0.1,295.0,LENA,IMO9347750,5BYF3,70,5,139,22,8.8,79,A
210740000,2022-01-04T02:19:44,25.76667,-80.16196,0.0,0.1,295.0,LENA,IMO9347750,5BYF3,70,5,139,22,8.8,79,A
210740000,2022-01-04T02:37:46,25.76666,-80.16192,0.0,0.1,294.0,LENA,IMO9347750,5BYF3,70,5,139,22,8.8,79,A
210740000,2022-01-04T02:31:46,25.76671,-80.16203,0.0,0.1,295.0,LENA,IMO9347750,5BYF3,70,5,139,22,8.8,79,A
210740000,2022-01-04T02:40:45,25.76670,-80.16199,0.0,0.1,294.0,LENA,IMO9347750,5BYF3,70,5,139,22,8.8,79,A
210740000,2022-01-04T02:43:45,25.76671,-80.16197,0.0,0.1,294.0,LENA,IMO9347750,5BYF3,70,5,139,22,8.8,79,A
210740000,2022-01-04T02:49:46,25.76671,-80.16196,0.0,0.1,295.0,LENA,IMO9347750,5BYF3,70,5,139,22,8.8,79,A
210740000,2022-01-04T02:55:45,25.76672,-80.16194,0.0,0.1,294.0,LENA,IMO9347750,5BYF3,70,5,139,22,8.8,79,A
210740000,2022-01-04T01:52:45,25.76660,-80.16176,0.0,0.1,294.0,LENA,IMO9347750,5BYF3,70,5,139,22,8.8,79,A
210740000,2022-01-04T02:46:44,25.76669,-80.16200,0.0,0.1,294.0,LENA,IMO9347750,5BYF3,70,5,139,22,8.8,79,A
210740000,2022-01-04T03:07:44,25.76677,-80.16194,0.0,0.1,294.0,LENA,IMO9347750,5BYF3,70,5,139,22,8.8,79,A
210740000,2022-01-04T03:13:44,25.76671,-80.16199,0.0,0.1,294.0,LENA,IMO9347750,5BYF3,70,5,139,22,8.8,79,A
210740000,2022-01-04T02:52:46,25.76672,-80.16196,0.0,0.1,294.0,LENA,IMO9347750,5BYF3,70,5,139,22,8.8,79,A
210740000,2022-01-04T03:19:43,25.76673,-80.16197,0.0,0.1,294.0,LENA,IMO9347750,5BYF3,70,5,139,22,8.8,79,A
210740000,2022-01-04T03:04:44,25.76678,-80.16200,0.0,0.1,294.0,LENA,IMO9347750,5BYF3,70,5,139,22,8.8,79,A
210740000,2022-01-04T03:28:43,25.76673,-80.16200,0.0,0.1,294.0,LENA,IMO9347750,5BYF3,70,5,139,22,8.8,79,A
210740000,2022-01-04T03:22:43,25.76672,-80.16192,0.0,0.1,294.0,LENA,IMO9347750,5BYF3,70,5,139,22,8.8,79,A
210740000,2022-01-04T02:22:48,25.76669,-80.16189,0.1,0.1,295.0,LENA,IMO9347750,5BYF3,70,5,139,22,8.8,79,A
210740000,2022-01-04T03:25:43,25.76671,-80.16194,0.0,0.1,294.0,LENA,IMO9347750,5BYF3,70,5,139,22,8.8,79,A
210740000,2022-01-04T02:25:44,25.76666,-80.16198,0.0,0.1,295.0,LENA,IMO9347750,5BYF3,70,5,139,22,8.8,79,A
210740000,2022-01-04T03:43:40,25.76672,-80.16197,0.0,0.1,295.0,LENA,IMO9347750,5BYF3,70,5,139,22,8.8,79,A
210740000,2022-01-04T04:04:45,25.76671,-80.16198,0.0,0.1,295.0,LENA,IMO9347750,5BYF3,70,5,139,22,8.8,79,A
210740000,2022-01-04T03:46:45,25.76669,-80.16202,0.0,0.1,295.0,LENA,IMO9347750,5BYF3,70,5,139,22,8.8,79,A
210740000,2022-01-04T03:52:44,25.76669,-80.16197,0.0,0.1,295.0,LENA,IMO9347750,5BYF3,70,5,139,22,8.8,79,A
210740000,2022-01-04T04:10:45,25.76670,-80.16197,0.0,0.1,295.0,LENA,IMO9347750,5BYF3,70,5,139,22,8.8,79,A
210740000,2022-01-04T03:37:42,25.76671,-80.16201,0.0,0.1,294.0,LENA,IMO9347750,5BYF3,70,5,139,22,8.8,79,A
210740000,2022-01-04T03:58:43,25.76666,-80.16196,0.0,0.1,295.0,LENA,IMO9347750,5BYF3,70,5,139,22,8.8,79,A
210740000,2022-01-04T03:40:45,25.76672,-80.16196,0.0,0.1,295.0,LENA,IMO9347750,5BYF3,70,5,139,22,8.8,79,A
210740000,2022-01-04T04:01:44,25.76672,-80.16200,0.0,0.1,295.0,LENA,IMO9347750,5BYF3,70,5,139,22,8.8,79,A
210740000,2022-01-04T03:49:38,25.76669,-80.16196,0.0,0.1,295.0,LENA,IMO9347750,5BYF3,70,5,139,22,8.8,79,A
210740000,2022-01-04T04:34:43,25.76667,-80.16198,0.0,0.1,295.0,LENA,IMO9347750,5BYF3,70,5,139,22,8.8,79,A
210740000,2022-01-04T03:01:43,25.76669,-80.16198,0.0,0.1,294.0,LENA,IMO9347750,5BYF3,70,5,139,22,8.8,79,A
210740000,2022-01-04T04:16:44,25.76673,-80.16196,0.0,0.1,295.0,LENA,IMO9347750,5BYF3,70,5,139,22,8.8,79,A
210740000,2022-01-04T04:07:44,25.76670,-80.16199,0.0,0.1,295.0,LENA,IMO9347750,5BYF3,70,5,139,22,8.8,79,A
210740000,2022-01-04T04:25:48,25.76667,-80.16197,0.0,0.1,295.0,LENA,IMO9347750,5BYF3,70,5,139,22,8.8,79,A
210740000,2022-01-04T03:10:42,25.76674,-80.16199,0.0,0.1,294.0,LENA,IMO9347750,5BYF3,70,5,139,22,8.8,79,A
210740000,2022-01-04T04:55:40,25.76675,-80.16200,0.0,0.1,295.0,LENA,IMO9347750,5BYF3,70,5,139,22,8.8,79,A
210740000,2022-01-04T04:19:46,25.76666,-80.16192,0.2,0.1,295.0,LENA,IMO9347750,5BYF3,70,5,139,22,8.8,79,A
210740000,2022-01-04T03:16:41,25.76675,-80.16200,0.0,0.1,294.0,LENA,IMO9347750,5BYF3,70,5,139,22,8.8,79,A
210740000,2022-01-04T04:49:42,25.76672,-80.16197,0.0,0.1,295.0,LENA,IMO9347750,5BYF3,70,5,139,22,8.8,79,A
210740000,2022-01-04T04:13:45,25.76673,-80.16199,0.0,0.1,295.0,LENA,IMO9347750,5BYF3,70,5,139,22,8.8,79,A
210740000,2022-01-04T05:10:44,25.76670,-80.16198,0.0,0.1,295.0,LENA,IMO9347750,5BYF3,70,5,139,22,8.8,79,A
210740000,2022-01-04T04:22:46,25.76672,-80.16197,0.0,0.1,295.0,LENA,IMO9347750,5BYF3,70,5,139,22,8.8,79,A
210740000,2022-01-04T04:28:44,25.76671,-80.16197,0.0,0.1,295.0,LENA,IMO9347750,5BYF3,70,5,139,22,8.8,79,A
210740000,2022-01-04T03:31:42,25.76669,-80.16193,0.0,0.1,294.0,LENA,IMO9347750,5BYF3,70,5,139,22,8.8,79,A
210740000,2022-01-04T04:46:46,25.76674,-80.16197,0.0,0.1,295.0,LENA,IMO9347750,5BYF3,70,5,139,22,8.8,79,A
210740000,2022-01-04T04:31:49,25.76675,-80.16201,0.0,0.1,295.0,LENA,IMO9347750,5BYF3,70,5,139,22,8.8,79,A
210740000,2022-01-04T05:22:42,25.76672,-80.16197,0.1,0.1,294.0,LENA,IMO9347750,5BYF3,70,5,139,22,8.8,79,A
210740000,2022-01-04T03:34:45,25.76672,-80.16196,0.0,0.1,294.0,LENA,IMO9347750,5BYF3,70,5,139,22,8.8,79,A
210740000,2022-01-04T05:07:40,25.76672,-80.16200,0.0,0.1,295.0,LENA,IMO9347750,5BYF3,70,5,139,22,8.8,79,A
210740000,2022-01-04T05:28:44,25.76672,-80.16198,0.0,0.1,294.0,LENA,IMO9347750,5BYF3,70,5,139,22,8.8,79,A
210740000,2022-01-04T04:40:44,25.76673,-80.16198,0.0,0.1,295.0,LENA,IMO9347750,5BYF3,70,5,139,22,8.8,79,A
210740000,2022-01-04T04:43:43,25.76675,-80.16197,0.0,0.1,295.0,LENA,IMO9347750,5BYF3,70,5,139,22,8.8,79,A
210740000,2022-01-04T05:01:38,25.76671,-80.16200,0.0,0.1,295.0,LENA,IMO9347750,5BYF3,70,5,139,22,8.8,79,A
210740000,2022-01-04T05:04:42,25.76670,-80.16200,0.0,0.1,295.0,LENA,IMO9347750,5BYF3,70,5,139,22,8.8,79,A
210740000,2022-01-04T05:34:45,25.76674,-80.16203,0.0,0.1,294.0,LENA,IMO9347750,5BYF3,70,5,139,22,8.8,79,A
210740000,2022-01-04T03:55:43,25.76672,-80.16199,0.0,0.1,295.0,LENA,IMO9347750,5BYF3,70,5,139,22,8.8,79,A
210740000,2022-01-04T05:52:39,25.76672,-80.16198,0.0,0.1,294.0,LENA,IMO9347750,5BYF3,70,5,139,22,8.8,79,A
210740000,2022-01-04T05:31:39,25.76669,-80.16194,0.0,0.1,294.0,LENA,IMO9347750,5BYF3,70,5,139,22,8.8,79,A
210740000,2022-01-04T05:55:44,25.76678,-80.16199,0.0,0.1,294.0,LENA,IMO9347750,5BYF3,70,5,139,22,8.8,79,A
210740000,2022-01-04T05:16:43,25.76672,-80.16201,0.0,0.1,294.0,LENA,IMO9347750,5BYF3,70,5,139,22,8.8,79,A
210740000,2022-01-04T05:37:43,25.76679,-80.16204,0.0,0.1,295.0,LENA,IMO9347750,5BYF3,70,5,139,22,8.8,79,A
210740000,2022-01-04T06:07:44,25.76671,-80.16200,0.0,0.1,294.0,LENA,IMO9347750,5BYF3,70,5,139,22,8.8,79,A
210740000,2022-01-04T05:43:44,25.76679,-80.16200,0.0,0.1,294.0,LENA,IMO9347750,5BYF3,70,5,139,22,8.8,79,A
210740000,2022-01-04T05:19:44,25.76670,-80.16201,0.0,0.1,294.0,LENA,IMO9347750,5BYF3,70,5,139,22,8.8,79,A
210740000,2022-01-04T06:16:45,25.76672,-80.16201,0.0,0.1,295.0,LENA,IMO9347750,5BYF3,70,5,139,22,8.8,79,A
210740000,2022-01-04T05:58:41,25.76673,-80.16200,0.0,0.1,294.0,LENA,IMO9347750,5BYF3,70,5,139,22,8.8,79,A
210740000,2022-01-04T06:19:39,25.76673,-80.16199,0.0,0.1,295.0,LENA,IMO9347750,5BYF3,70,5,139,22,8.8,79,A
210740000,2022-01-04T06:01:42,25.76671,-80.16198,0.0,0.1,294.0,LENA,IMO9347750,5BYF3,70,5,139,22,8.8,79,A
210740000,2022-01-04T06:22:46,25.76673,-80.16196,0.0,0.1,295.0,LENA,IMO9347750,5BYF3,70,5,139,22,8.8,79,A
210740000,2022-01-04T06:28:45,25.76675,-80.16198,0.0,0.1,295.0,LENA,IMO9347750,5BYF3,70,5,139,22,8.8,79,A
210740000,2022-01-04T06:10:45,25.76670,-80.16200,0.0,0.1,294.0,LENA,IMO9347750,5BYF3,70,5,139,22,8.8,79,A
210740000,2022-01-04T05:49:43,25.76680,-80.16200,0.0,0.1,294.0,LENA,IMO9347750,5BYF3,70,5,139,22,8.8,79,A
210740000,2022-01-04T06:13:45,25.76667,-80.16197,0.0,0.1,294.0,LENA,IMO9347750,5BYF3,70,5,139,22,8.8,79,A
210740000,2022-01-04T06:25:39,25.76673,-80.16198,0.0,0.1,295.0,LENA,IMO9347750,5BYF3,70,5,139,22,8.8,79,A
210740000,2022-01-04T06:40:48,25.76674,-80.16197,0.0,0.1,295.0,LENA,IMO9347750,5BYF3,70,5,139,22,8.8,79,A
210740000,2022-01-04T06:46:46,25.76671,-80.16202,0.0,0.1,295.0,LENA,IMO9347750,5BYF3,70,5,139,22,8.8,79,A
210740000,2022-01-04T06:34:46,25.76672,-80.16200,0.0,0.1,295.0,LENA,IMO9347750,5BYF3,70,5,139,22,8.8,79,A
210740000,2022-01-04T04:37:39,25.76670,-80.16197,0.0,0.1,295.0,LENA,IMO9347750,5BYF3,70,5,139,22,8.8,79,A
210740000,2022-01-04T06:37:43,25.76674,-80.16199,0.0,0.1,295.0,LENA,IMO9347750,5BYF3,70,5,139,22,8.8,79,A
210740000,2022-01-04T07:07:44,25.76671,-80.16198,0.0,0.1,295.0,LENA,IMO9347750,5BYF3,70,5,139,22,8.8,79,A
210740000,2022-01-04T06:49:44,25.76669,-80.16199,0.0,0.1,295.0,LENA,IMO9347750,5BYF3,70,5,139,22,8.8,79,A
210740000,2022-01-04T04:52:45,25.76674,-80.16196,0.0,0.1,295.0,LENA,IMO9347750,5BYF3,70,5,139,22,8.8,79,A
210740000,2022-01-04T06:55:43,25.76669,-80.16197,0.0,0.1,295.0,LENA,IMO9347750,5BYF3,70,5,139,22,8.8,79,A
210740000,2022-01-04T07:22:42,25.76670,-80.16203,0.0,0.1,295.0,LENA,IMO9347750,5BYF3,70,5,139,22,8.8,79,A
210740000,2022-01-04T07:25:44,25.76670,-80.16199,0.0,0.1,295.0,LENA,IMO9347750,5BYF3,70,5,139,22,8.8,79,A
210740000,2022-01-04T04:58:43,25.76672,-80.16197,0.0,0.1,295.0,LENA,IMO9347750,5BYF3,70,5,139,22,8.8,79,A
210740000,2022-01-04T07:28:42,25.76667,-80.16203,0.0,0.1,295.0,LENA,IMO9347750,5BYF3,70,5,139,22,8.8,79,A
210740000,2022-01-04T07:10:43,25.76672,-80.16200,0.0,0.1,295.0,LENA,IMO9347750,5BYF3,70,5,139,22,8.8,79,A
210740000,2022-01-04T06:43:42,25.76668,-80.16195,0.0,0.1,295.0,LENA,IMO9347750,5BYF3,70,5,139,22,8.8,79,A
210740000,2022-01-04T05:13:43,25.76669,-80.16199,0.0,0.1,295.0,LENA,IMO9347750,5BYF3,70,5,139,22,8.8,79,A
210740000,2022-01-04T07:43:48,25.76672,-80.16201,0.0,0.1,295.0,LENA,IMO9347750,5BYF3,70,5,139,22,8.8,79,A
210740000,2022-01-04T06:52:39,25.76672,-80.16199,0.0,0.1,295.0,LENA,IMO9347750,5BYF3,70,5,139,22,8.8,79,A
210740000,2022-01-04T07:40:44,25.76670,-80.16201,0.0,0.1,295.0,LENA,IMO9347750,5BYF3,70,5,139,22,8.8,79,A
210740000,2022-01-04T07:13:39,25.76669,-80.16199,0.0,0.1,295.0,LENA,IMO9347750,5BYF3,70,5,139,22,8.8,79,A
210740000,2022-01-04T07:37:46,25.76670,-80.16201,0.0,0.1,295.0,LENA,IMO9347750,5BYF3,70,5,139,22,8.8,79,A
210740000,2022-01-04T07:16:43,25.76667,-80.16201,0.0,0.1,295.0,LENA,IMO9347750,5BYF3,70,5,139,22,8.8,79,A
210740000,2022-01-04T07:19:42,25.76665,-80.16217,0.0,0.1,295.0,LENA,IMO9347750,5BYF3,70,5,139,22,8.8,79,A
210740000,2022-01-04T07:52:45,25.76671,-80.16198,0.0,0.1,295.0,LENA,IMO9347750,5BYF3,70,5,139,22,8.8,79,A
210740000,2022-01-04T07:46:45,25.76670,-80.16198,0.0,0.1,295.0,LENA,IMO9347750,5BYF3,70,5,139,22,8.8,79,A
210740000,2022-01-04T07:01:43,25.76671,-80.16198,0.0,0.1,295.0,LENA,IMO9347750,5BYF3,70,5,139,22,8.8,79,A
210740000,2022-01-04T07:58:46,25.76670,-80.16198,0.0,0.1,295.0,LENA,IMO9347750,5BYF3,70,5,139,22,8.8,79,A
210740000,2022-01-04T07:31:44,25.76672,-80.16197,0.0,0.1,295.0,LENA,IMO9347750,5BYF3,70,5,139,22,8.8,79,A
210740000,2022-01-04T05:25:45,25.76674,-80.16201,0.0,0.1,294.0,LENA,IMO9347750,5BYF3,70,5,139,22,8.8,79,A
210740000,2022-01-04T07:04:42,25.76670,-80.16199,0.0,0.1,295.0,LENA,IMO9347750,5BYF3,70,5,139,22,8.8,79,A
210740000,2022-01-04T07:49:46,25.76668,-80.16203,0.0,0.1,295.0,LENA,IMO9347750,5BYF3,70,5,139,22,8.8,79,A
210740000,2022-01-04T09:37:45,25.76671,-80.16198,0.0,0.1,295.0,LENA,IMO9347750,5BYF3,70,5,139,22,8.8,79,A
210740000,2022-01-04T09:40:48,25.76672,-80.16197,0.0,0.1,295.0,LENA,IMO9347750,5BYF3,70,5,139,22,8.8,79,A
210740000,2022-01-04T05:40:45,25.76673,-80.16199,0.0,0.1,295.0,LENA,IMO9347750,5BYF3,70,5,139,22,8.8,79,A
210740000,2022-01-04T05:46:44,25.76665,-80.16197,0.0,0.1,295.0,LENA,IMO9347750,5BYF3,70,5,139,22,8.8,79,A
210740000,2022-01-04T07:55:44,25.76671,-80.16199,0.0,0.1,295.0,LENA,IMO9347750,5BYF3,70,5,139,22,8.8,79,A
210740000,2022-01-04T07:34:44,25.76672,-80.16198,0.5,90.0,295.0,LENA,IMO9347750,5BYF3,70,5,139,22,8.8,79,A
210740000,2022-01-04T09:34:48,25.76673,-80.16199,0.0,0.1,295.0,LENA,IMO9347750,5BYF3,70,5,139,22,8.8,79,A
210740000,2022-01-04T09:46:46,25.76671,-80.16198,0.0,0.1,295.0,LENA,IMO9347750,5BYF3,70,5,139,22,8.8,79,A
210740000,2022-01-04T10:16:46,25.76672,-80.16194,0.0,0.1,294.0,LENA,IMO9347750,5BYF3,70,5,139,22,8.8,79,A
210740000,2022-01-04T06:04:44,25.76671,-80.16197,0.0,0.1,294.0,LENA,IMO9347750,5BYF3,70,5,139,22,8.8,79,A
210740000,2022-01-04T10:22:45,25.76673,-80.16196,0.0,0.1,293.0,LENA,IMO9347750,5BYF3,70,5,139,22,8.8,79,A
210740000,2022-01-04T10:04:44,25.76672,-80.16200,0.0,0.1,295.0,LENA,IMO9347750,5BYF3,70,5,139,22,8.8,79,A
210740000,2022-01-04T10:07:45,25.76671,-80.16198,0.0,0.1,295.0,LENA,IMO9347750,5BYF3,70,5,139,22,8.8,79,A
210740000,2022-01-04T10:31:44,25.76671,-80.16199,0.0,0.1,293.0,LENA,IMO9347750,5BYF3,70,5,139,22,8.8,79,A
210740000,2022-01-04T10:19:45,25.76673,-80.16197,0.0,0.1,294.0,LENA,IMO9347750,5BYF3,70,5,139,22,8.8,79,A
210740000,2022-01-04T10:25:45,25.76673,-80.16195,0.0,0.1,293.0,LENA,IMO9347750,5BYF3,70,5,139,22,8.8,79,A
210740000,2022-01-04T10:28:45,25.76672,-80.16200,0.0,0.1,293.0,LENA,IMO9347750,5BYF3,70,5,139,22,8.8,79,A
210740000,2022-01-04T06:31:39,25.76677,-80.16204,0.0,0.1,295.0,LENA,IMO9347750,5BYF3,70,5,139,22,8.8,79,A
210740000,2022-01-04T11:04:44,25.76671,-80.16199,0.0,0.1,295.0,LENA,IMO9347750,5BYF3,70,5,139,22,8.8,79,A
210740000,2022-01-04T09:52:46,25.76672,-80.16199,0.0,0.1,295.0,LENA,IMO9347750,5BYF3,70,5,139,22,8.8,79,A
210740000,2022-01-04T10:40:40,25.76672,-80.16199,0.0,0.1,294.0,LENA,IMO9347750,5BYF3,70,5,139,22,8.8,79,A
210740000,2022-01-04T11:13:42,25.76672,-80.16204,0.0,0.1,295.0,LENA,IMO9347750,5BYF3,70,5,139,22,8.8,79,A
210740000,2022-01-04T10:01:44,25.76674,-80.16199,0.0,0.1,295.0,LENA,IMO9347750,5BYF3,70,5,139,22,8.8,79,A
210740000,2022-01-04T10:58:45,25.76672,-80.16200,0.0,0.1,294.0,LENA,IMO9347750,5BYF3,70,5,139,22,8.8,79,A
210740000,2022-01-04T11:19:43,25.76673,-80.16214,0.0,0.1,295.0,LENA,IMO9347750,5BYF3,70,5,139,22,8.8,79,A
210740000,2022-01-04T11:26:49,25.76673,-80.16197,0.0,0.1,295.0,LENA,IMO9347750,5BYF3,70,0,139,22,8.8,79,A
210740000,2022-01-04T10:10:44,25.76673,-80.16201,0.0,0.1,294.0,LENA,IMO9347750,5BYF3,70,5,139,22,8.8,79,A
210740000,2022-01-04T11:29:07,25.76673,-80.16202,0.0,0.1,295.0,LENA,IMO9347750,5BYF3,70,0,139,22,8.8,79,A
210740000,2022-01-04T10:55:43,25.76674,-80.16193,0.0,0.1,294.0,LENA,IMO9347750,5BYF3,70,5,139,22,8.8,79,A
210740000,2022-01-04T10:46:46,25.76674,-80.16198,0.0,0.1,294.0,LENA,IMO9347750,5BYF3,70,5,139,22,8.8,79,A
210740000,2022-01-04T11:16:43,25.76673,-80.16198,0.0,0.1,295.0,LENA,IMO9347750,5BYF3,70,5,139,22,8.8,79,A
210740000,2022-01-04T11:47:09,25.76672,-80.16193,0.0,0.1,294.0,LENA,IMO9347750,5BYF3,70,0,139,22,8.8,79,A
210740000,2022-01-04T06:58:42,25.76674,-80.16200,0.0,0.1,295.0,LENA,IMO9347750,5BYF3,70,5,139,22,8.8,79,A
210740000,2022-01-04T11:01:46,25.76670,-80.16201,0.0,0.1,295.0,LENA,IMO9347750,5BYF3,70,5,139,22,8.8,79,A
210740000,2022-01-04T11:51:48,25.76665,-80.16249,1.4,270.0,286.0,LENA,IMO9347750,5BYF3,70,0,139,22,8.8,79,A
210740000,2022-01-04T11:25:37,25.76678,-80.16201,0.0,0.1,295.0,LENA,IMO9347750,5BYF3,70,0,139,22,8.8,79,A
210740000,2022-01-04T11:55:17,25.76706,-80.16483,2.6,291.7,284.0,LENA,IMO9347750,5BYF3,70,0,139,22,8.8,79,A
210740000,2022-01-04T11:27:57,25.76676,-80.16195,0.0,0.1,295.0,LENA,IMO9347750,5BYF3,70,0,139,22,8.8,79,A
210740000,2022-01-04T11:54:07,25.76684,-80.16396,2.4,280.7,288.0,LENA,IMO9347750,5BYF3,70,0,139,22,8.8,79,A
210740000,2022-01-04T11:32:27,25.76671,-80.16202,0.0,0.1,295.0,LENA,IMO9347750,5BYF3,70,0,139,22,8.8,79,A
210740000,2022-01-04T11:07:40,25.76669,-80.16196,0.0,0.1,295.0,LENA,IMO9347750,5BYF3,70,5,139,22,8.8,79,A
210740000,2022-01-04T12:01:05,25.76697,-80.16764,1.9,169.3,128.0,LENA,IMO9347750,5BYF3,70,0,139,22,8.8,79,A
210740000,2022-01-04T12:04:18,25.76557,-80.16375,5.8,95.5,92.0,LENA,IMO9347750,5BYF3,70,0,139,22,8.8,79,A
210740000,2022-01-04T12:00:02,25.76733,-80.16748,1.0,241.7,158.0,LENA,IMO9347750,5BYF3,70,0,139,22,8.8,79,A
210740000,2022-01-04T10:43:44,25.76673,-80.16199,0.0,0.1,294.0,LENA,IMO9347750,5BYF3,70,5,139,22,8.8,79,A
210740000,2022-01-04T11:40:19,25.76674,-80.16199,0.0,0.1,295.0,LENA,IMO9347750,5BYF3,70,0,139,22,8.8,79,A
210740000,2022-01-04T11:34:38,25.76671,-80.16199,0.0,0.1,295.0,LENA,IMO9347750,5BYF3,70,0,139,22,8.8,79,A
210740000,2022-01-04T11:35:47,25.76675,-80.16198,0.0,0.1,295.0,LENA,IMO9347750,5BYF3,70,0,139,22,8.8,79,A
210740000,2022-01-04T10:52:40,25.76672,-80.16197,0.0,0.1,294.0,LENA,IMO9347750,5BYF3,70,5,139,22,8.8,79,A
210740000,2022-01-04T12:19:38,25.76197,-80.12922,10.8,115.9,114.0,LENA,IMO9347750,5BYF3,70,0,139,22,8.8,79,A
210740000,2022-01-04T11:49:29,25.76670,-80.16197,0.0,0.1,293.0,LENA,IMO9347750,5BYF3,70,0,139,22,8.8,79,A
210740000,2022-01-04T12:15:52,25.76585,-80.13926,8.9,92.3,108.0,LENA,IMO9347750,5BYF3,70,0,139,22,8.8,79,A
210740000,2022-01-04T11:41:29,25.76674,-80.16205,0.0,0.1,295.0,LENA,IMO9347750,5BYF3,70,0,139,22,8.8,79,A
210740000,2022-01-04T11:46:08,25.76673,-80.16196,0.0,0.1,294.0,LENA,IMO9347750,5BYF3,70,0,139,22,8.8,79,A
210740000,2022-01-04T11:36:57,25.76672,-80.16198,0.0,0.1,295.0,LENA,IMO9347750,5BYF3,70,0,139,22,8.8,79,A
210740000,2022-01-04T11:39:18,25.76668,-80.16204,0.0,0.1,295.0,LENA,IMO9347750,5BYF3,70,0,139,22,8.8,79,A
210740000,2022-01-04T12:28:59,25.76229,-80.09571,11.2,70.2,70.0,LENA,IMO9347750,5BYF3,70,0,139,22,8.8,79,A
210740000,2022-01-04T11:10:44,25.76671,-80.16199,0.0,0.1,295.0,LENA,IMO9347750,5BYF3,70,5,139,22,8.8,79,A
210740000,2022-01-04T11:42:38,25.76671,-80.16198,0.0,0.1,295.0,LENA,IMO9347750,5BYF3,70,0,139,22,8.8,79,A
210740000,2022-01-04T12:38:07,25.75709,-80.07685,9.9,112.9,119.0,LENA,IMO9347750,5BYF3,70,0,139,22,8.8,79,A
210740000,2022-01-04T12:40:29,25.75448,-80.06977,11.1,113.7,120.0,LENA,IMO9347750,5BYF3,70,0,139,22,8.8,79,A
210740000,2022-01-04T12:12:29,25.76514,-80.14759,6.7,93.2,87.0,LENA,IMO9347750,5BYF3,70,0,139,22,8.8,79,A
210740000,2022-01-04T12:10:07,25.76515,-80.15234,6.3,91.2,91.0,LENA,IMO9347750,5BYF3,70,0,139,22,8.8,79,A
210740000,2022-01-04T12:14:47,25.76560,-80.14218,8.8,79.4,84.0,LENA,IMO9347750,5BYF3,70,0,139,22,8.8,79,A
210740000,2022-01-04T12:41:38,25.75308,-80.06602,11.7,112.2,118.0,LENA,IMO9347750,5BYF3,70,0,139,22,8.8,79,A
210740000,2022-01-04T12:02:08,25.76633,-80.16696,3.7,123.6,107.0,LENA,IMO9347750,5BYF3,70,0,139,22,8.8,79,A
210740000,2022-01-04T11:50:38,25.76664,-80.16209,0.6,270.0,291.0,LENA,IMO9347750,5BYF3,70,0,139,22,8.8,79,A
210740000,2022-01-04T12:03:09,25.76588,-80.16573,4.9,105.1,97.0,LENA,IMO9347750,5BYF3,70,0,139,22,8.8,79,A
210740000,2022-01-04T12:18:07,25.76377,-80.13348,9.4,115.1,115.0,LENA,IMO9347750,5BYF3,70,0,139,22,8.8,79,A
210740000,2022-01-04T12:05:28,25.76549,-80.16156,6.3,92.6,92.0,LENA,IMO9347750,5BYF3,70,0,139,22,8.8,79,A
210740000,2022-01-04T12:45:07,25.74858,-80.05352,12.8,111.3,119.0,LENA,IMO9347750,5BYF3,70,0,139,22,8.8,79,A
210740000,2022-01-04T12:07:48,25.76528,-80.15683,6.4,92.9,92.0,LENA,IMO9347750,5BYF3,70,0,139,22,8.8,79,A
210740000,2022-01-04T12:08:58,25.76517,-80.15458,6.4,91.6,92.0,LENA,IMO9347750,5BYF3,70,0,139,22,8.8,79,A
210740000,2022-01-04T11:33:37,25.76675,-80.16202,0.0,0.1,295.0,LENA,IMO9347750,5BYF3,70,0,139,22,8.8,79,A
210740000,2022-01-04T12:13:38,25.76521,-80.14510,7.4,84.9,80.0,LENA,IMO9347750,5BYF3,70,0,139,22,8.8,79,A
210740000,2022-01-04T12:16:59,25.76497,-80.13646,8.7,114.4,114.0,LENA,IMO9347750,5BYF3,70,0,139,22,8.8,79,A
210740000,2022-01-04T12:06:38,25.76541,-80.15921,6.4,92.2,93.0,LENA,IMO9347750,5BYF3,70,0,139,22,8.8,79,A
210740000,2022-01-04T11:44:58,25.76674,-80.16196,0.0,0.1,294.0,LENA,IMO9347750,5BYF3,70,0,139,22,8.8,79,A
210740000,2022-01-04T12:25:29,25.75805,-80.10872,12.9,71.9,70.0,LENA,IMO9347750,5BYF3,70,0,139,22,8.8,79,A
210740000,2022-01-04T11:48:18,25.76676,-80.16206,0.0,0.1,292.0,LENA,IMO9347750,5BYF3,70,0,139,22,8.8,79,A
210740000,2022-01-04T13:11:28,25.68791,-79.97563,13.6,154.5,158.0,LENA,IMO9347750,5BYF3,70,0,139,22,8.8,79,A
210740000,2022-01-04T12:33:19,25.76230,-80.08670,5.9,152.0,150.0,LENA,IMO9347750,5BYF3,70,0,139,22,8.8,79,A
210740000,2022-01-04T12:34:22,25.76071,-80.08569,6.4,132.9,121.0,LENA,IMO9347750,5BYF3,70,0,139,22,8.8,79,A
210740000,2022-01-04T12:43:58,25.75009,-80.05778,12.6,111.8,119.0,LENA,IMO9347750,5BYF3,70,0,139,22,8.8,79,A
210740000,2022-01-04T13:14:57,25.67591,-79.96959,13.6,155.7,158.0,LENA,IMO9347750,5BYF3,70,0,139,22,8.8,79,A
210740000,2022-01-04T12:23:08,25.75745,-80.11753,12.0,103.8,96.0,LENA,IMO9347750,5BYF3,70,0,139,22,8.8,79,A
210740000,2022-01-04T12:48:27,25.74423,-80.04118,13.2,110.5,119.0,LENA,IMO9347750,5BYF3,70,0,139,22,8.8,79,A
210740000,2022-01-04T13:16:07,25.67185,-79.96759,13.6,154.1,157.0,LENA,IMO9347750,5BYF3,70,0,139,22,8.8,79,A
210740000,2022-01-04T11:56:22,25.76738,-80.16572,3.1,288.9,257.0,LENA,IMO9347750,5BYF3,70,0,139,22,8.8,79,A
210740000,2022-01-04T12:49:38,25.74260,-80.03668,13.4,111.4,118.0,LENA,IMO9347750,5BYF3,70,0,139,22,8.8,79,A
210740000,2022-01-04T12:27:48,25.76094,-80.09986,13.0,70.3,69.0,LENA,IMO9347750,5BYF3,70,0,139,22,8.8,79,A
210740000,2022-01-04T11:57:24,25.76741,-80.16664,2.3,270.0,224.0,LENA,IMO9347750,5BYF3,70,0,139,22,8.8,79,A
210740000,2022-01-04T12:31:11,25.76420,-80.08983,7.6,79.9,101.0,LENA,IMO9347750,5BYF3,70,0,139,22,8.8,79,A
210740000,2022-01-04T12:32:12,25.76376,-80.08780,6.1,122.0,143.0,LENA,IMO9347750,5BYF3,70,0,139,22,8.8,79,A
210740000,2022-01-04T12:55:20,25.73468,-80.01432,14.1,111.1,119.0,LENA,IMO9347750,5BYF3,70,0,139,22,8.8,79,A
210740000,2022-01-04T12:35:48,25.75940,-80.08286,7.8,111.7,116.0,LENA,IMO9347750,5BYF3,70,0,139,22,8.8,79,A
210740000,2022-01-04T12:53:08,25.73782,-80.02314,13.8,110.0,119.0,LENA,IMO9347750,5BYF3,70,0,139,22,8.8,79,A
210740000,2022-01-04T12:36:59,25.75834,-80.07998,9.1,113.0,119.0,LENA,IMO9347750,5BYF3,70,0,139,22,8.8,79,A
210740000,2022-01-04T12:54:14,25.73626,-80.01877,13.8,111.5,119.0,LENA,IMO9347750,5BYF3,70,0,139,22,8.8,79,A
210740000,2022-01-04T12:57:32,25.73141,-80.00528,14.3,112.0,118.0,LENA,IMO9347750,5BYF3,70,0,139,22,8.8,79,A
210740000,2022-01-04T12:39:18,25.75582,-80.07342,10.5,112.4,118.0,LENA,IMO9347750,5BYF3,70,0,139,22,8.8,79,A
210740000,2022-01-04T13:29:57,25.62419,-79.94388,13.5,155.2,157.0,LENA,IMO9347750,5BYF3,70,0,139,22,8.8,79,A
210740000,2022-01-04T13:34:28,25.60819,-79.93622,14.2,157.1,157.0,LENA,IMO9347750,5BYF3,70,0,139,22,8.8,79,A
210740000,2022-01-04T12:46:17,25.74707,-80.04921,12.8,111.2,119.0,LENA,IMO9347750,5BYF3,70,0,139,22,8.8,79,A
210740000,2022-01-04T12:56:27,25.73307,-80.00986,14.3,112.2,119.0,LENA,IMO9347750,5BYF3,70,0,139,22,8.8,79,A
210740000,2022-01-04T13:32:17,25.61607,-79.93994,13.9,157.1,158.0,LENA,IMO9347750,5BYF3,70,0,139,22,8.8,79,A
210740000,2022-01-04T13:33:22,25.61220,-79.93809,14.1,155.4,157.0,LENA,IMO9347750,5BYF3,70,0,139,22,8.8,79,A
210740000,2022-01-04T12:47:19,25.74571,-80.04543,12.9,111.3,119.0,LENA,IMO9347750,5BYF3,70,0,139,22,8.8,79,A
210740000,2022-01-04T13:09:08,25.69604,-79.97975,13.6,155.3,158.0,LENA,IMO9347750,5BYF3,70,0,139,22,8.8,79,A
210740000,2022-01-04T12:11:17,25.76520,-80.15003,6.3,90.0,92.0,LENA,IMO9347750,5BYF3,70,0,139,22,8.8,79,A
210740000,2022-01-04T13:41:10,25.58317,-79.92450,14.8,158.5,157.0,LENA,IMO9347750,5BYF3,70,0,139,22,8.8,79,A
210740000,2022-01-04T13:20:47,25.65571,-79.95950,13.5,157.5,158.0,LENA,IMO9347750,5BYF3,70,0,139,22,8.8,79,A
210740000,2022-01-04T13:45:34,25.56655,-79.91685,14.6,157.9,158.0,LENA,IMO9347750,5BYF3,70,0,139,22,8.8,79,A
210740000,2022-01-04T12:58:38,25.72984,-80.00083,14.5,111.4,122.0,LENA,IMO9347750,5BYF3,70,0,139,22,8.8,79,A
210740000,2022-01-04T13:24:08,25.64426,-79.95378,13.5,154.9,157.0,LENA,IMO9347750,5BYF3,70,0,139,22,8.8,79,A
210740000,2022-01-04T12:59:40,25.72760,-79.99730,12.7,141.7,152.0,LENA,IMO9347750,5BYF3,70,0,139,22,8.8,79,A
210740000,2022-01-04T12:20:48,25.76054,-80.12560,11.5,115.7,115.0,LENA,IMO9347750,5BYF3,70,0,139,22,8.8,79,A
210740000,2022-01-04T13:00:02,25.72650,-79.99652,12.7,148.6,154.0,LENA,IMO9347750,5BYF3,70,0,139,22,8.8,79,A
210740000,2022-01-04T13:26:28,25.63628,-79.94982,13.5,156.3,158.0,LENA,IMO9347750,5BYF3,70,0,139,22,8.8,79,A
210740000,2022-01-04T13:48:52,25.55434,-79.91151,14.2,159.4,160.0,LENA,IMO9347750,5BYF3,70,0,139,22,8.8,79,A
210740000,2022-01-04T13:53:10,25.53822,-79.90485,14.2,159.5,159.0,LENA,IMO9347750,5BYF3,70,0,139,22,8.8,79,A
210740000,2022-01-04T13:28:47,25.62822,-79.94583,13.5,156.1,158.0,LENA,IMO9347750,5BYF3,70,0,139,22,8.8,79,A
210740000,2022-01-04T13:04:28,25.71209,-79.98784,13.4,156.3,157.0,LENA,IMO9347750,5BYF3,70,0,139,22,8.8,79,A
210740000,2022-01-04T12:26:38,25.75947,-80.10432,13.3,70.0,70.0,LENA,IMO9347750,5BYF3,70,0,139,22,8.8,79,A
210740000,2022-01-04T13:25:19,25.64024,-79.95179,13.5,156.3,157.0,LENA,IMO9347750,5BYF3,70,0,139,22,8.8,79,A
210740000,2022-01-04T13:17:18,25.66776,-79.96554,13.7,155.6,157.0,LENA,IMO9347750,5BYF3,70,0,139,22,8.8,79,A
210740000,2022-01-04T13:58:40,25.51798,-79.89645,13.8,161.1,159.0,LENA,IMO9347750,5BYF3,70,0,139,22,8.8,79,A
210740000,2022-01-04T13:22:58,25.64829,-79.95581,13.5,156.8,157.0,LENA,IMO9347750,5BYF3,70,0,139,22,8.8,79,A
210740000,2022-01-04T14:01:28,25.50781,-79.89223,13.5,160.2,160.0,LENA,IMO9347750,5BYF3,70,0,139,22,8.8,79,A
210740000,2022-01-04T13:38:58,25.59160,-79.92842,14.7,157.8,157.0,LENA,IMO9347750,5BYF3,70,0,139,22,8.8,79,A
210740000,2022-01-04T09:43:44,25.76672,-80.16198,0.0,0.1,295.0,LENA,IMO9347750,5BYF3,70,5,139,22,8.8,79,A
210740000,2022-01-04T13:36:46,25.59976,-79.93225,14.3,157.1,156.0,LENA,IMO9347750,5BYF3,70,0,139,22,8.8,79,A
210740000,2022-01-04T14:05:10,25.49441,-79.88666,13.5,159.5,160.0,LENA,IMO9347750,5BYF3,70,0,139,22,8.8,79,A
210740000,2022-01-04T13:31:07,25.62018,-79.94194,13.7,156.6,156.0,LENA,IMO9347750,5BYF3,70,0,139,22,8.8,79,A
210740000,2022-01-04T14:11:57,25.47466,-79.87430,11.5,138.3,143.0,LENA,IMO9347750,5BYF3,70,0,139,22,8.8,79,A
210740000,2022-01-04T13:44:28,25.57069,-79.91875,14.5,157.1,158.0,LENA,IMO9347750,5BYF3,70,0,139,22,8.8,79,A
210740000,2022-01-04T12:42:48,25.75162,-80.06193,12.4,110.6,119.0,LENA,IMO9347750,5BYF3,70,0,139,22,8.8,79,A
210740000,2022-01-04T13:19:38,25.65978,-79.96152,13.5,155.9,158.0,LENA,IMO9347750,5BYF3,70,0,139,22,8.8,79,A
210740000,2022-01-04T14:15:48,25.46601,-79.86421,12.5,126.3,130.0,LENA,IMO9347750,5BYF3,70,0,139,22,8.8,79,A
210740000,2022-01-04T09:49:42,25.76672,-80.16198,0.0,0.1,295.0,LENA,IMO9347750,5BYF3,70,5,139,22,8.8,79,A
210740000,2022-01-04T13:37:52,25.59575,-79.93032,14.5,156.9,158.0,LENA,IMO9347750,5BYF3,70,0,139,22,8.8,79,A
210740000,2022-01-04T14:21:01,25.45555,-79.84511,14.5,119.4,124.0,LENA,IMO9347750,5BYF3,70,0,139,22,8.8,79,A
210740000,2022-01-04T13:51:03,25.54618,-79.90812,14.3,159.1,160.0,LENA,IMO9347750,5BYF3,70,0,139,22,8.8,79,A
210740000,2022-01-04T09:55:45,25.76672,-80.16199,0.0,0.1,295.0,LENA,IMO9347750,5BYF3,70,5,139,22,8.8,79,A
210740000,2022-01-04T13:42:16,25.57900,-79.92259,14.9,157.9,157.0,LENA,IMO9347750,5BYF3,70,0,139,22,8.8,79,A
210740000,2022-01-04T13:27:38,25.63225,-79.94780,13.7,154.9,157.0,LENA,IMO9347750,5BYF3,70,0,139,22,8.8,79,A
210740000,2022-01-04T13:54:16,25.53413,-79.90316,14.3,160.0,159.0,LENA,IMO9347750,5BYF3,70,0,139,22,8.8,79,A
210740000,2022-01-04T12:51:58,25.73939,-80.02765,13.5,111.4,119.0,LENA,IMO9347750,5BYF3,70,0,139,22,8.8,79,A
210740000,2022-01-04T13:55:22,25.53000,-79.90142,14.3,159.2,160.0,LENA,IMO9347750,5BYF3,70,0,139,22,8.8,79,A
210740000,2022-01-04T14:24:19,25.44870,-79.83238,14.5,122.5,124.0,LENA,IMO9347750,5BYF3,70,0,139,22,8.8,79,A
210740000,2022-01-04T13:47:47,25.55839,-79.91319,14.2,161.5,160.0,LENA,IMO9347750,5BYF3,70,0,139,22,8.8,79,A
210740000,2022-01-04T09:58:45,25.76672,-80.16197,0.0,0.1,295.0,LENA,IMO9347750,5BYF3,70,5,139,22,8.8,79,A
210740000,2022-01-04T13:01:07,25.72310,-79.99440,13.3,149.4,152.0,LENA,IMO9347750,5BYF3,70,0,139,22,8.8,79,A
210740000,2022-01-04T14:31:00,25.43507,-79.80656,14.5,119.4,124.0,LENA,IMO9347750,5BYF3,70,0,139,22,8.8,79,A
210740000,2022-01-04T13:02:14,25.71946,-79.99205,13.4,151.3,154.0,LENA,IMO9347750,5BYF3,70,0,139,22,8.8,79,A
210740000,2022-01-04T13:03:19,25.71597,-79.98991,13.5,151.5,155.0,LENA,IMO9347750,5BYF3,70,0,139,22,8.8,79,A
210740000,2022-01-04T14:32:06,25.43283,-79.80231,14.4,120.0,125.0,LENA,IMO9347750,5BYF3,70,0,139,22,8.8,79,A
210740000,2022-01-04T14:33:12,25.43060,-79.79798,14.5,118.5,125.0,LENA,IMO9347750,5BYF3,70,0,139,22,8.8,79,A
210740000,2022-01-04T14:03:58,25.49872,-79.88847,14.0,159.6,159.0,LENA,IMO9347750,5BYF3,70,0,139,22,8.8,79,A
210740000,2022-01-04T13:56:28,25.52601,-79.89974,14.2,158.4,159.0,LENA,IMO9347750,5BYF3,70,0,139,22,8.8,79,A
210740000,2022-01-04T14:07:52,25.48541,-79.88295,12.2,160.9,157.0,LENA,IMO9347750,5BYF3,70,0,139,22,8.8,79,A
210740000,2022-01-04T13:05:37,25.70812,-79.98587,13.5,156.5,157.0,LENA,IMO9347750,5BYF3,70,0,139,22,8.8,79,A
210740000,2022-01-04T13:06:48,25.70408,-79.98381,13.6,155.5,158.0,LENA,IMO9347750,5BYF3,70,0,139,22,8.8,79,A
210740000,2022-01-04T13:40:04,25.58747,-79.92648,14.8,156.8,157.0,LENA,IMO9347750,5BYF3,70,0,139,22,8.8,79,A
210740000,2022-01-04T13:07:57,25.70010,-79.98183,13.7,155.2,157.0,LENA,IMO9347750,5BYF3,70,0,139,22,8.8,79,A
210740000,2022-01-04T13:43:21,25.57483,-79.92067,14.9,157.0,159.0,LENA,IMO9347750,5BYF3,70,0,139,22,8.8,79,A
210740000,2022-01-04T14:10:27,25.47830,-79.87771,11.6,139.8,142.0,LENA,IMO9347750,5BYF3,70,0,139,22,8.8,79,A
210740000,2022-01-04T14:06:40,25.48929,-79.88453,12.6,159.5,160.0,LENA,IMO9347750,5BYF3,70,0,139,22,8.8,79,A
210740000,2022-01-04T13:46:40,25.56246,-79.91498,14.5,157.4,157.0,LENA,IMO9347750,5BYF3,70,0,139,22,8.8,79,A
210740000,2022-01-04T14:13:27,25.47102,-79.87094,11.4,141.8,140.0,LENA,IMO9347750,5BYF3,70,0,139,22,8.8,79,A
210740000,2022-01-04T10:13:44,25.76673,-80.16199,0.0,0.1,294.0,LENA,IMO9347750,5BYF3,70,5,139,22,8.8,79,A
210740000,2022-01-04T14:48:30,25.40000,-79.73893,14.5,119.1,124.0,LENA,IMO9347750,5BYF3,70,0,139,22,8.8,79,A
210740000,2022-01-04T13:49:58,25.55019,-79.90978,14.3,158.9,159.0,LENA,IMO9347750,5BYF3,70,0,139,22,8.8,79,A
210740000,2022-01-04T13:52:04,25.54235,-79.90657,14.1,160.5,159.0,LENA,IMO9347750,5BYF3,70,0,139,22,8.8,79,A
210740000,2022-01-04T14:51:48,25.39327,-79.72617,14.6,120.3,124.0,LENA,IMO9347750,5BYF3,70,0,139,22,8.8,79,A
210740000,2022-01-04T13:18:27,25.66376,-79.96349,13.5,155.4,158.0,LENA,IMO9347750,5BYF3,70,0,139,22,8.8,79,A
210740000,2022-01-04T14:26:29,25.44423,-79.82395,14.5,119.8,125.0,LENA,IMO9347750,5BYF3,70,0,139,22,8.8,79,A
210740000,2022-01-04T14:18:24,25.46087,-79.85506,14.2,120.3,125.0,LENA,IMO9347750,5BYF3,70,0,139,22,8.8,79,A
210740000,2022-01-04T14:55:06,25.38658,-79.71337,14.5,121.5,125.0,LENA,IMO9347750,5BYF3,70,0,139,22,8.8,79,A
210740000,2022-01-04T14:56:12,25.38433,-79.70907,14.6,119.9,124.0,LENA,IMO9347750,5BYF3,70,0,139,22,8.8,79,A
210740000,2022-01-04T13:21:48,25.65229,-79.95778,13.5,155.5,157.0,LENA,IMO9347750,5BYF3,70,0,139,22,8.8,79,A
210740000,2022-01-04T13:59:58,25.51328,-79.89449,14.0,160.5,160.0,LENA,IMO9347750,5BYF3,70,0,139,22,8.8,79,A
210740000,2022-01-04T14:58:24,25.37979,-79.70059,14.6,121.4,124.0,LENA,IMO9347750,5BYF3,70,0,139,22,8.8,79,A
210740000,2022-01-04T15:02:06,25.37151,-79.68692,14.4,136.7,138.0,LENA,IMO9347750,5BYF3,70,0,139,22,8.8,79,A
210740000,2022-01-04T14:34:18,25.42837,-79.79373,14.5,118.7,125.0,LENA,IMO9347750,5BYF3,70,0,139,22,8.8,79,A
210740000,2022-01-04T14:39:43,25.41759,-79.77286,14.4,120.1,125.0,LENA,IMO9347750,5BYF3,70,0,139,22,8.8,79,A
210740000,2022-01-04T15:06:36,25.35694,-79.67415,15.3,150.5,150.0,LENA,IMO9347750,5BYF3,70,0,139,22,8.8,79,A
210740000,2022-01-04T15:09:54,25.34448,-79.66698,15.2,156.3,156.0,LENA,IMO9347750,5BYF3,70,0,139,22,8.8,79,A
210740000,2022-01-04T10:34:44,25.76671,-80.16201,0.0,0.1,293.0,LENA,IMO9347750,5BYF3,70,5,139,22,8.8,79,A
210740000,2022-01-04T15:11:00,25.34012,-79.66483,15.3,156.1,157.0,LENA,IMO9347750,5BYF3,70,0,139,22,8.8,79,A
210740000,2022-01-04T14:40:48,25.41541,-79.76865,14.5,120.0,124.0,LENA,IMO9347750,5BYF3,70,0,139,22,8.8,79,A
210740000,2022-01-04T15:13:12,25.33147,-79.66078,15.2,161.7,162.0,LENA,IMO9347750,5BYF3,70,0,139,22,8.8,79,A
210740000,2022-01-04T14:37:35,25.42182,-79.78108,14.4,120.7,124.0,LENA,IMO9347750,5BYF3,70,0,139,22,8.8,79,A
210740000,2022-01-04T13:35:34,25.60419,-79.93431,14.2,156.8,158.0,LENA,IMO9347750,5BYF3,70,0,139,22,8.8,79,A
210740000,2022-01-04T14:38:36,25.41981,-79.77717,14.4,120.2,125.0,LENA,IMO9347750,5BYF3,70,0,139,22,8.8,79,A
210740000,2022-01-04T10:37:43,25.76672,-80.16196,0.0,0.1,294.0,LENA,IMO9347750,5BYF3,70,5,139,22,8.8,79,A
210740000,2022-01-04T15:17:36,25.31323,-79.65605,15.3,172.8,171.0,LENA,IMO9347750,5BYF3,70,0,139,22,8.8,79,A
210740000,2022-01-04T14:43:00,25.41104,-79.76021,14.5,119.9,125.0,LENA,IMO9347750,5BYF3,70,0,139,22,8.8,79,A
210740000,2022-01-04T15:18:43,25.30847,-79.65538,15.4,173.5,171.0,LENA,IMO9347750,5BYF3,70,0,139,22,8.8,79,A
210740000,2022-01-04T14:45:12,25.40661,-79.75167,14.5,119.7,124.0,LENA,IMO9347750,5BYF3,70,0,139,22,8.8,79,A
210740000,2022-01-04T14:25:24,25.44646,-79.82819,14.5,120.7,124.0,LENA,IMO9347750,5BYF3,70,0,139,22,8.8,79,A
210740000,2022-01-04T15:23:00,25.28991,-79.65422,15.4,178.6,176.0,LENA,IMO9347750,5BYF3,70,0,139,22,8.8,79,A
210740000,2022-01-04T14:47:24,25.40220,-79.74320,14.5,121.3,125.0,LENA,IMO9347750,5BYF3,70,0,139,22,8.8,79,A
210740000,2022-01-04T14:52:54,25.39110,-79.72198,14.6,120.8,124.0,LENA,IMO9347750,5BYF3,70,0,139,22,8.8,79,A
210740000,2022-01-04T14:28:42,25.43972,-79.81545,14.6,120.6,125.0,LENA,IMO9347750,5BYF3,70,0,139,22,8.8,79,A
210740000,2022-01-04T14:59:59,25.37653,-79.69442,14.6,120.4,125.0,LENA,IMO9347750,5BYF3,70,0,139,22,8.8,79,A
210740000,2022-01-04T10:49:40,25.76674,-80.16196,0.0,0.1,294.0,LENA,IMO9347750,5BYF3,70,5,139,22,8.8,79,A
210740000,2022-01-04T15:28:30,25.26601,-79.65361,15.6,178.7,176.0,LENA,IMO9347750,5BYF3,70,0,139,22,8.8,79,A
210740000,2022-01-04T15:03:11,25.36837,-79.68349,14.8,134.0,139.0,LENA,IMO9347750,5BYF3,70,0,139,22,8.8,79,A
210740000,2022-01-04T15:34:06,25.24179,-79.65489,15.7,182.8,181.0,LENA,IMO9347750,5BYF3,70,0,139,22,8.8,79,A
210740000,2022-01-04T14:35:24,25.42617,-79.78947,14.4,118.7,125.0,LENA,IMO9347750,5BYF3,70,0,139,22,8.8,79,A
210740000,2022-01-04T15:35:12,25.23697,-79.65523,15.6,183.7,180.0,LENA,IMO9347750,5BYF3,70,0,139,22,8.8,79,A
210740000,2022-01-04T15:05:30,25.36094,-79.67679,15.1,143.0,148.0,LENA,IMO9347750,5BYF3,70,0,139,22,8.8,79,A
210740000,2022-01-04T15:40:48,25.21262,-79.65663,15.6,182.3,180.0,LENA,IMO9347750,5BYF3,70,0,139,22,8.8,79,A
210740000,2022-01-04T15:12:06,25.33584,-79.66276,15.2,156.5,157.0,LENA,IMO9347750,5BYF3,70,0,139,22,8.8,79,A
210740000,2022-01-04T15:38:36,25.22211,-79.65605,15.6,183.3,182.0,LENA,IMO9347750,5BYF3,70,0,139,22,8.8,79,A
210740000,2022-01-04T15:07:42,25.35292,-79.67155,15.4,150.4,151.0,LENA,IMO9347750,5BYF3,70,0,139,22,8.8,79,A
210740000,2022-01-04T15:45:12,25.19343,-79.65767,15.5,183.8,180.0,LENA,IMO9347750,5BYF3,70,0,139,22,8.8,79,A
210740000,2022-01-04T14:46:18,25.40442,-79.74740,14.5,120.1,124.0,LENA,IMO9347750,5BYF3,70,0,139,22,8.8,79,A
210740000,2022-01-04T15:14:18,25.32695,-79.65913,15.4,160.9,162.0,LENA,IMO9347750,5BYF3,70,0,139,22,8.8,79,A
210740000,2022-01-04T15:15:24,25.32251,-79.65758,15.3,165.3,167.0,LENA,IMO9347750,5BYF3,70,0,139,22,8.8,79,A
210740000,2022-01-04T13:57:34,25.52188,-79.89802,13.8,158.2,160.0,LENA,IMO9347750,5BYF3,70,0,139,22,8.8,79,A
210740000,2022-01-04T15:47:24,25.18385,-79.65815,15.5,182.1,180.0,LENA,IMO9347750,5BYF3,70,0,139,22,8.8,79,A
210740000,2022-01-04T13:59:46,25.51399,-79.89478,14.0,159.6,160.0,LENA,IMO9347750,5BYF3,70,0,139,22,8.8,79,A
210740000,2022-01-04T14:50:42,25.39556,-79.73051,14.6,120.2,124.0,LENA,IMO9347750,5BYF3,70,0,139,22,8.8,79,A
210740000,2022-01-04T14:02:34,25.50381,-79.89059,13.8,159.8,160.0,LENA,IMO9347750,5BYF3,70,0,139,22,8.8,79,A
210740000,2022-01-04T15:46:18,25.18869,-79.65787,15.4,181.6,181.0,LENA,IMO9347750,5BYF3,70,0,139,22,8.8,79,A
210740000,2022-01-04T14:08:58,25.48216,-79.88111,11.9,147.2,146.0,LENA,IMO9347750,5BYF3,70,0,139,22,8.8,79,A
210740000,2022-01-04T15:25:12,25.28041,-79.65397,15.5,178.8,176.0,LENA,IMO9347750,5BYF3,70,0,139,22,8.8,79,A
210740000,2022-01-04T14:17:18,25.46307,-79.85914,13.5,120.6,125.0,LENA,IMO9347750,5BYF3,70,0,139,22,8.8,79,A
210740000,2022-01-04T15:27:24,25.27080,-79.65370,15.6,178.5,176.0,LENA,IMO9347750,5BYF3,70,0,139,22,8.8,79,A
210740000,2022-01-04T15:31:54,25.25133,-79.65429,15.6,182.9,181.0,LENA,IMO9347750,5BYF3,70,0,139,22,8.8,79,A
210740000,2022-01-04T16:07:36,25.09640,-79.66836,15.6,193.6,191.0,LENA,IMO9347750,5BYF3,70,0,139,22,8.8,79,A
210740000,2022-01-04T14:22:05,25.45333,-79.84096,14.6,120.6,124.0,LENA,IMO9347750,5BYF3,70,0,139,22,8.8,79,A
210740000,2022-01-04T15:37:30,25.22692,-79.65581,15.6,183.5,180.0,LENA,IMO9347750,5BYF3,70,0,139,22,8.8,79,A
210740000,2022-01-04T16:16:30,25.05808,-79.67775,15.7,192.8,192.0,LENA,IMO9347750,5BYF3,70,0,139,22,8.8,79,A
210740000,2022-01-04T16:08:42,25.09166,-79.66955,15.7,193.1,190.0,LENA,IMO9347750,5BYF3,70,0,139,22,8.8,79,A
210740000,2022-01-04T15:43:00,25.20294,-79.65717,15.6,183.3,180.0,LENA,IMO9347750,5BYF3,70,0,139,22,8.8,79,A
210740000,2022-01-04T15:39:42,25.21740,-79.65635,15.5,183.3,181.0,LENA,IMO9347750,5BYF3,70,0,139,22,8.8,79,A
210740000,2022-01-04T15:44:06,25.19827,-79.65741,15.5,184.6,180.0,LENA,IMO9347750,5BYF3,70,0,139,22,8.8,79,A
210740000,2022-01-04T16:19:47,25.04400,-79.68171,15.7,194.0,191.0,LENA,IMO9347750,5BYF3,70,0,139,22,8.8,79,A
210740000,2022-01-04T11:22:44,25.76672,-80.16199,0.0,0.1,295.0,LENA,IMO9347750,5BYF3,70,5,139,22,8.8,79,A
210740000,2022-01-04T16:15:24,25.06285,-79.67660,15.7,191.1,190.0,LENA,IMO9347750,5BYF3,70,0,139,22,8.8,79,A
210740000,2022-01-04T11:24:27,25.76672,-80.16197,0.0,0.1,295.0,LENA,IMO9347750,5BYF3,70,0,139,22,8.8,79,A
210740000,2022-01-04T15:49:36,25.17433,-79.65859,15.6,182.7,181.0,LENA,IMO9347750,5BYF3,70,0,139,22,8.8,79,A
210740000,2022-01-04T15:50:42,25.16958,-79.65883,15.5,182.2,181.0,LENA,IMO9347750,5BYF3,70,0,139,22,8.8,79,A
210740000,2022-01-04T15:51:48,25.16479,-79.65902,15.7,182.2,181.0,LENA,IMO9347750,5BYF3,70,0,139,22,8.8,79,A
210740000,2022-01-04T15:52:49,25.16040,-79.65927,15.6,182.9,180.0,LENA,IMO9347750,5BYF3,70,0,139,22,8.8,79,A
210740000,2022-01-04T14:36:30,25.42399,-79.78527,14.5,119.7,125.0,LENA,IMO9347750,5BYF3,70,0,139,22,8.8,79,A
210740000,2022-01-04T16:18:42,25.04866,-79.68040,15.7,194.3,193.0,LENA,IMO9347750,5BYF3,70,0,139,22,8.8,79,A
210740000,2022-01-04T15:21:55,25.29469,-79.65436,15.3,178.3,177.0,LENA,IMO9347750,5BYF3,70,0,139,22,8.8,79,A
210740000,2022-01-04T15:24:06,25.28520,-79.65409,15.4,178.7,177.0,LENA,IMO9347750,5BYF3,70,0,139,22,8.8,79,A
210740000,2022-01-04T15:58:24,25.13608,-79.66080,15.4,186.2,185.0,LENA,IMO9347750,5BYF3,70,0,139,22,8.8,79,A
210740000,2022-01-04T15:56:12,25.14556,-79.65989,15.7,182.2,180.0,LENA,IMO9347750,5BYF3,70,0,139,22,8.8,79,A
210740000,2022-01-04T11:30:08,25.76670,-80.16201,0.0,0.1,295.0,LENA,IMO9347750,5BYF3,70,0,139,22,8.8,79,A
210740000,2022-01-04T16:31:49,24.99221,-79.69587,15.9,192.7,193.0,LENA,IMO9347750,5BYF3,70,0,139,22,8.8,79,A
210740000,2022-01-04T15:57:18,25.14078,-79.66025,15.4,187.3,185.0,LENA,IMO9347750,5BYF3,70,0,139,22,8.8,79,A
210740000,2022-01-04T11:31:17,25.76670,-80.16199,0.0,0.1,295.0,LENA,IMO9347750,5BYF3,70,0,139,22,8.8,79,A
210740000,2022-01-04T16:23:00,25.03018,-79.68552,15.8,194.5,193.0,LENA,IMO9347750,5BYF3,70,0,139,22,8.8,79,A
210740000,2022-01-04T16:01:00,25.12479,-79.66227,15.6,188.9,189.0,LENA,IMO9347750,5BYF3,70,0,139,22,8.8,79,A
210740000,2022-01-04T16:24:12,25.02510,-79.68691,15.8,194.9,193.0,LENA,IMO9347750,5BYF3,70,0,139,22,8.8,79,A
210740000,2022-01-04T15:29:37,25.26125,-79.65372,15.5,184.6,181.0,LENA,IMO9347750,5BYF3,70,0,139,22,8.8,79,A
210740000,2022-01-04T16:05:24,25.10583,-79.66629,15.6,191.4,189.0,LENA,IMO9347750,5BYF3,70,0,139,22,8.8,79,A
210740000,2022-01-04T14:41:54,25.41321,-79.76441,14.3,120.5,125.0,LENA,IMO9347750,5BYF3,70,0,139,22,8.8,79,A
210740000,2022-01-04T16:26:24,25.01568,-79.68951,15.7,193.0,192.0,LENA,IMO9347750,5BYF3,70,0,139,22,8.8,79,A
210740000,2022-01-04T14:44:06,25.40884,-79.75596,14.4,120.2,124.0,LENA,IMO9347750,5BYF3,70,0,139,22,8.8,79,A
210740000,2022-01-04T16:02:06,25.12005,-79.66328,15.7,190.5,189.0,LENA,IMO9347750,5BYF3,70,0,139,22,8.8,79,A
210740000,2022-01-04T15:33:00,25.24655,-79.65460,15.5,182.6,181.0,LENA,IMO9347750,5BYF3,70,0,139,22,8.8,79,A
210740000,2022-01-04T16:03:12,25.11536,-79.66428,15.7,191.4,188.0,LENA,IMO9347750,5BYF3,70,0,139,22,8.8,79,A
210740000,2022-01-04T16:28:30,25.00655,-79.69204,16.1,194.0,193.0,LENA,IMO9347750,5BYF3,70,0,139,22,8.8,79,A
210740000,2022-01-04T15:36:24,25.23171,-79.65552,15.6,183.6,181.0,LENA,IMO9347750,5BYF3,70,0,139,22,8.8,79,A
210740000,2022-01-04T16:39:36,24.95872,-79.70496,15.9,193.9,192.0,LENA,IMO9347750,5BYF3,70,0,139,22,8.8,79,A
210740000,2022-01-04T16:30:48,24.99654,-79.69472,16.0,193.4,193.0,LENA,IMO9347750,5BYF3,70,0,139,22,8.8,79,A
210740000,2022-01-04T11:38:08,25.76672,-80.16196,0.0,0.1,295.0,LENA,IMO9347750,5BYF3,70,0,139,22,8.8,79,A
210740000,2022-01-04T14:49:36,25.39777,-79.73472,14.4,120.8,124.0,LENA,IMO9347750,5BYF3,70,0,139,22,8.8,79,A
210740000,2022-01-04T16:32:55,24.98745,-79.69718,15.9,194.3,193.0,LENA,IMO9347750,5BYF3,70,0,139,22,8.8,79,A
210740000,2022-01-04T16:09:48,25.08689,-79.67072,15.7,191.8,190.0,LENA,IMO9347750,5BYF3,70,0,139,22,8.8,79,A
210740000,2022-01-04T15:41:54,25.20774,-79.65688,15.6,182.0,180.0,LENA,IMO9347750,5BYF3,70,0,139,22,8.8,79,A
210740000,2022-01-04T16:36:17,24.97289,-79.70108,16.0,192.7,193.0,LENA,IMO9347750,5BYF3,70,0,139,22,8.8,79,A
210740000,2022-01-04T11:43:48,25.76674,-80.16201,0.0,0.1,294.0,LENA,IMO9347750,5BYF3,70,0,139,22,8.8,79,A
210740000,2022-01-04T15:48:30,25.17912,-79.65839,15.5,182.4,180.0,LENA,IMO9347750,5BYF3,70,0,139,22,8.8,79,A
210740000,2022-01-04T14:57:19,25.38209,-79.70484,14.6,120.9,124.0,LENA,IMO9347750,5BYF3,70,0,139,22,8.8,79,A
210740000,2022-01-04T16:41:55,24.94867,-79.70774,16.0,194.9,192.0,LENA,IMO9347750,5BYF3,70,0,139,22,8.8,79,A
210740000,2022-01-04T11:52:58,25.76668,-80.16309,2.0,270.0,287.0,LENA,IMO9347750,5BYF3,70,0,139,22,8.8,79,A
210740000,2022-01-04T16:49:48,24.91449,-79.71720,15.9,194.8,192.0,LENA,IMO9347750,5BYF3,70,0,139,22,8.8,79,A
210740000,2022-01-04T16:29:42,25.00132,-79.69342,15.9,193.2,193.0,LENA,IMO9347750,5BYF3,70,0,139,22,8.8,79,A
210740000,2022-01-04T16:35:12,24.97758,-79.69982,15.8,193.7,192.0,LENA,IMO9347750,5BYF3,70,0,139,22,8.8,79,A
210740000,2022-01-04T15:08:48,25.34879,-79.66908,15.3,156.4,157.0,LENA,IMO9347750,5BYF3,70,0,139,22,8.8,79,A
210740000,2022-01-04T11:58:25,25.76734,-80.16710,1.0,265.2,199.0,LENA,IMO9347750,5BYF3,70,0,139,22,8.8,79,A
210740000,2022-01-04T11:59:27,25.76739,-80.16736,0.7,270.0,175.0,LENA,IMO9347750,5BYF3,70,0,139,22,8.8,79,A
210740000,2022-01-04T16:38:30,24.96349,-79.70366,16.0,194.8,193.0,LENA,IMO9347750,5BYF3,70,0,139,22,8.8,79,A
210740000,2022-01-04T17:01:06,24.86674,-79.73451,16.0,199.8,198.0,LENA,IMO9347750,5BYF3,70,0,139,22,8.8,79,A
210740000,2022-01-04T15:16:30,25.31788,-79.65671,15.4,174.0,171.0,LENA,IMO9347750,5BYF3,70,0,139,22,8.8,79,A
210740000,2022-01-04T17:06:42,24.84312,-79.74354,16.1,198.5,198.0,LENA,IMO9347750,5BYF3,70,0,139,22,8.8,79,A
210740000,2022-01-04T16:46:23,24.92930,-79.71310,15.9,193.5,193.0,LENA,IMO9347750,5BYF3,70,0,139,22,8.8,79,A
210740000,2022-01-04T16:45:18,24.93403,-79.71183,16.0,194.6,192.0,LENA,IMO9347750,5BYF3,70,0,139,22,8.8,79,A
210740000,2022-01-04T15:20:54,25.29900,-79.65455,15.3,180.0,175.0,LENA,IMO9347750,5BYF3,70,0,139,22,8.8,79,A
210740000,2022-01-04T17:23:35,24.77151,-79.77038,16.1,197.8,198.0,LENA,IMO9347750,5BYF3,70,0,139,22,8.8,79,A
210740000,2022-01-04T16:47:30,24.92450,-79.71441,16.1,193.3,192.0,LENA,IMO9347750,5BYF3,70,0,139,22,8.8,79,A
210740000,2022-01-04T17:14:30,24.81020,-79.75607,16.0,198.2,198.0,LENA,IMO9347750,5BYF3,70,0,139,22,8.8,79,A
210740000,2022-01-04T17:16:42,24.80091,-79.75962,16.1,199.8,197.0,LENA,IMO9347750,5BYF3,70,0,139,22,8.8,79,A
210740000,2022-01-04T16:56:48,24.88470,-79.72758,15.9,198.6,198.0,LENA,IMO9347750,5BYF3,70,0,139,22,8.8,79,A
210740000,2022-01-04T16:52:06,24.90467,-79.72015,16.0,197.8,196.0,LENA,IMO9347750,5BYF3,70,0,139,22,8.8,79,A
210740000,2022-01-04T16:54:18,24.89527,-79.72356,16.0,201.0,196.0,LENA,IMO9347750,5BYF3,70,0,139,22,8.8,79,A
210740000,2022-01-04T15:30:48,25.25605,-79.65403,15.5,183.8,181.0,LENA,IMO9347750,5BYF3,70,0,139,22,8.8,79,A
210740000,2022-01-04T12:21:58,25.75887,-80.12161,12.5,114.2,112.0,LENA,IMO9347750,5BYF3,70,0,139,22,8.8,79,A
210740000,2022-01-04T17:21:18,24.78136,-79.76695,16.0,198.3,197.0,LENA,IMO9347750,5BYF3,70,0,139,22,8.8,79,A
210740000,2022-01-04T17:22:24,24.77664,-79.76859,16.1,198.1,198.0,LENA,IMO9347750,5BYF3,70,0,139,22,8.8,79,A
210740000,2022-01-04T12:24:18,25.75723,-80.11318,12.2,86.0,82.0,LENA,IMO9347750,5BYF3,70,0,139,22,8.8,79,A
210740000,2022-01-04T12:30:08,25.76339,-80.09240,9.1,69.2,70.0,LENA,IMO9347750,5BYF3,70,0,139,22,8.8,79,A
210740000,2022-01-04T17:05:36,24.84779,-79.74175,15.9,199.6,197.0,LENA,IMO9347750,5BYF3,70,0,139,22,8.8,79,A
210740000,2022-01-04T17:07:48,24.83857,-79.74531,16.2,198.8,197.0,LENA,IMO9347750,5BYF3,70,0,139,22,8.8,79,A
210740000,2022-01-04T17:11:06,24.82450,-79.75067,16.1,199.6,197.0,LENA,IMO9347750,5BYF3,70,0,139,22,8.8,79,A
210740000,2022-01-04T17:13:23,24.81484,-79.75433,16.0,198.5,198.0,LENA,IMO9347750,5BYF3,70,0,139,22,8.8,79,A
210740000,2022-01-04T17:10:00,24.82917,-79.74893,16.1,199.8,197.0,LENA,IMO9347750,5BYF3,70,0,139,22,8.8,79,A
210740000,2022-01-04T17:34:36,24.72419,-79.78716,16.3,197.1,198.0,LENA,IMO9347750,5BYF3,70,0,139,22,8.8,79,A
210740000,2022-01-04T17:18:00,24.79537,-79.76173,16.1,198.5,198.0,LENA,IMO9347750,5BYF3,70,0,139,22,8.8,79,A
210740000,2022-01-04T17:15:35,24.80558,-79.75785,16.1,199.2,197.0,LENA,IMO9347750,5BYF3,70,0,139,22,8.8,79,A
210740000,2022-01-04T17:19:06,24.79069,-79.76349,16.1,198.8,198.0,LENA,IMO9347750,5BYF3,70,0,139,22,8.8,79,A
210740000,2022-01-04T18:02:18,24.64257,-79.88232,16.2,239.2,236.0,LENA,IMO9347750,5BYF3,70,0,139,22,8.8,79,A
210740000,2022-01-04T12:50:48,25.74100,-80.03218,13.4,112.1,119.0,LENA,IMO9347750,5BYF3,70,0,139,22,8.8,79,A
210740000,2022-01-04T16:51:00,24.90928,-79.71864,15.8,194.8,194.0,LENA,IMO9347750,5BYF3,70,0,139,22,8.8,79,A
210740000,2022-01-04T17:30:07,24.74346,-79.78030,16.1,197.8,198.0,LENA,IMO9347750,5BYF3,70,0,139,22,8.8,79,A
210740000,2022-01-04T17:32:25,24.73366,-79.78380,16.2,198.0,197.0,LENA,IMO9347750,5BYF3,70,0,139,22,8.8,79,A
210740000,2022-01-04T18:11:05,24.62188,-79.91924,16.1,237.7,235.0,LENA,IMO9347750,5BYF3,70,0,139,22,8.8,79,A
210740000,2022-01-04T17:29:01,24.74824,-79.77859,16.1,198.1,198.0,LENA,IMO9347750,5BYF3,70,0,139,22,8.8,79,A
210740000,2022-01-04T15:54:00,25.15525,-79.65950,15.6,183.7,181.0,LENA,IMO9347750,5BYF3,70,0,139,22,8.8,79,A
210740000,2022-01-04T18:12:17,24.61906,-79.92426,16.1,239.0,236.0,LENA,IMO9347750,5BYF3,70,0,139,22,8.8,79,A
210740000,2022-01-04T15:55:06,25.15038,-79.65970,15.6,182.4,181.0,LENA,IMO9347750,5BYF3,70,0,139,22,8.8,79,A
210740000,2022-01-04T17:31:13,24.73878,-79.78196,16.2,197.3,198.0,LENA,IMO9347750,5BYF3,70,0,139,22,8.8,79,A
210740000,2022-01-04T18:15:29,24.61160,-79.93762,16.1,240.2,235.0,LENA,IMO9347750,5BYF3,70,0,139,22,8.8,79,A
210740000,2022-01-04T16:59:06,24.87517,-79.73125,15.9,199.7,198.0,LENA,IMO9347750,5BYF3,70,0,139,22,8.8,79,A
210740000,2022-01-04T17:59:48,24.64843,-79.87179,16.1,239.1,236.0,LENA,IMO9347750,5BYF3,70,0,139,22,8.8,79,A
210740000,2022-01-04T17:35:42,24.71947,-79.78883,16.2,197.2,198.0,LENA,IMO9347750,5BYF3,70,0,139,22,8.8,79,A
210740000,2022-01-04T17:40:12,24.70016,-79.79559,16.3,196.6,199.0,LENA,IMO9347750,5BYF3,70,0,139,22,8.8,79,A
210740000,2022-01-04T17:36:48,24.71480,-79.79050,16.2,198.7,197.0,LENA,IMO9347750,5BYF3,70,0,139,22,8.8,79,A
210740000,2022-01-04T17:41:14,24.69615,-79.79775,15.4,216.9,219.0,LENA,IMO9347750,5BYF3,70,0,139,22,8.8,79,A
210740000,2022-01-04T16:04:17,25.11063,-79.66527,15.7,191.5,188.0,LENA,IMO9347750,5BYF3,70,0,139,22,8.8,79,A
210740000,2022-01-04T17:03:18,24.85744,-79.73808,15.9,199.1,197.0,LENA,IMO9347750,5BYF3,70,0,139,22,8.8,79,A
210740000,2022-01-04T16:06:30,25.10115,-79.66726,15.8,190.5,189.0,LENA,IMO9347750,5BYF3,70,0,139,22,8.8,79,A
210740000,2022-01-04T17:42:18,24.69257,-79.80104,15.6,221.9,224.0,LENA,IMO9347750,5BYF3,70,0,139,22,8.8,79,A
210740000,2022-01-04T18:05:36,24.63485,-79.89620,16.1,238.7,235.0,LENA,IMO9347750,5BYF3,70,0,139,22,8.8,79,A
210740000,2022-01-04T13:10:18,25.69199,-79.97772,13.7,156.4,157.0,LENA,IMO9347750,5BYF3,70,0,139,22,8.8,79,A
210740000,2022-01-04T18:24:36,24.59023,-79.97557,16.0,238.0,235.0,LENA,IMO9347750,5BYF3,70,0,139,22,8.8,79,A
210740000,2022-01-04T17:43:24,24.68924,-79.80490,15.9,225.5,224.0,LENA,IMO9347750,5BYF3,70,0,139,22,8.8,79,A
210740000,2022-01-04T17:45:36,24.68249,-79.81268,16.2,226.1,225.0,LENA,IMO9347750,5BYF3,70,0,139,22,8.8,79,A
210740000,2022-01-04T17:46:48,24.67877,-79.81703,15.9,227.9,232.0,LENA,IMO9347750,5BYF3,70,0,139,22,8.8,79,A
210740000,2022-01-04T17:08:54,24.83384,-79.74711,16.1,198.9,197.0,LENA,IMO9347750,5BYF3,70,0,139,22,8.8,79,A
210740000,2022-01-04T16:14:18,25.06756,-79.67551,15.7,194.3,190.0,LENA,IMO9347750,5BYF3,70,0,139,22,8.8,79,A
210740000,2022-01-04T18:32:30,24.57175,-80.00810,15.7,238.6,236.0,LENA,IMO9347750,5BYF3,70,0,139,22,8.8,79,A
210740000,2022-01-04T17:12:12,24.81993,-79.75243,16.0,201.1,197.0,LENA,IMO9347750,5BYF3,70,0,139,22,8.8,79,A
210740000,2022-01-04T18:17:36,24.60666,-79.94642,16.0,238.9,235.0,LENA,IMO9347750,5BYF3,70,0,139,22,8.8,79,A
210740000,2022-01-04T13:12:38,25.68387,-79.97361,13.6,155.5,158.0,LENA,IMO9347750,5BYF3,70,0,139,22,8.8,79,A
210740000,2022-01-04T13:13:48,25.67988,-79.97163,13.6,156.9,157.0,LENA,IMO9347750,5BYF3,70,0,139,22,8.8,79,A
210740000,2022-01-04T18:21:07,24.59843,-79.96109,16.0,238.7,235.0,LENA,IMO9347750,5BYF3,70,0,139,22,8.8,79,A
210740000,2022-01-04T16:20:48,25.03966,-79.68292,15.9,194.6,192.0,LENA,IMO9347750,5BYF3,70,0,139,22,8.8,79,A
210740000,2022-01-04T18:39:18,24.55569,-80.03610,15.9,238.7,235.0,LENA,IMO9347750,5BYF3,70,0,139,22,8.8,79,A
210740000,2022-01-04T17:57:31,24.65380,-79.86212,16.1,239.2,237.0,LENA,IMO9347750,5BYF3,70,0,139,22,8.8,79,A
210740000,2022-01-04T17:20:12,24.78598,-79.76522,16.2,198.8,197.0,LENA,IMO9347750,5BYF3,70,0,139,22,8.8,79,A
210740000,2022-01-04T18:00:00,24.64797,-79.87262,16.2,238.3,236.0,LENA,IMO9347750,5BYF3,70,0,139,22,8.8,79,A
210740000,2022-01-04T18:43:42,24.54523,-80.05429,15.8,237.8,236.0,LENA,IMO9347750,5BYF3,70,0,139,22,8.8,79,A
210740000,2022-01-04T16:25:18,25.02042,-79.68819,15.9,192.7,193.0,LENA,IMO9347750,5BYF3,70,0,139,22,8.8,79,A
210740000,2022-01-04T18:01:12,24.64518,-79.87766,16.1,239.0,235.0,LENA,IMO9347750,5BYF3,70,0,139,22,8.8,79,A
210740000,2022-01-04T18:48:18,24.53443,-80.07327,15.8,239.8,235.0,LENA,IMO9347750,5BYF3,70,0,139,22,8.8,79,A
210740000,2022-01-04T17:26:48,24.75777,-79.77524,16.2,197.0,197.0,LENA,IMO9347750,5BYF3,70,0,139,22,8.8,79,A
210740000,2022-01-04T18:06:43,24.63218,-79.90092,16.1,238.7,236.0,LENA,IMO9347750,5BYF3,70,0,139,22,8.8,79,A
210740000,2022-01-04T17:27:54,24.75298,-79.77691,16.2,197.1,197.0,LENA,IMO9347750,5BYF3,70,0,139,22,8.8,79,A
210740000,2022-01-04T18:54:54,24.51897,-80.10062,16.0,239.2,235.0,LENA,IMO9347750,5BYF3,70,0,139,22,8.8,79,A
210740000,2022-01-04T18:10:00,24.62450,-79.91464,16.2,237.4,235.0,LENA,IMO9347750,5BYF3,70,0,139,22,8.8,79,A
210740000,2022-01-04T18:40:25,24.55303,-80.04073,15.9,238.3,235.0,LENA,IMO9347750,5BYF3,70,0,139,22,8.8,79,A
210740000,2022-01-04T16:37:24,24.96814,-79.70238,15.9,194.2,192.0,LENA,IMO9347750,5BYF3,70,0,139,22,8.8,79,A
210740000,2022-01-04T18:13:18,24.61673,-79.92843,16.1,238.5,236.0,LENA,IMO9347750,5BYF3,70,0,139,22,8.8,79,A
210740000,2022-01-04T18:14:24,24.61416,-79.93305,16.0,237.6,235.0,LENA,IMO9347750,5BYF3,70,0,139,22,8.8,79,A
210740000,2022-01-04T19:02:12,24.50190,-80.13091,15.9,238.8,235.0,LENA,IMO9347750,5BYF3,70,0,139,22,8.8,79,A
210740000,2022-01-04T18:18:42,24.60410,-79.95103,16.0,239.7,235.0,LENA,IMO9347750,5BYF3,70,0,139,22,8.8,79,A
210740000,2022-01-04T18:16:30,24.60923,-79.94183,15.9,237.9,235.0,LENA,IMO9347750,5BYF3,70,0,139,22,8.8,79,A
210740000,2022-01-04T19:04:30,24.49648,-80.14051,16.0,237.7,235.0,LENA,IMO9347750,5BYF3,70,0,139,22,8.8,79,A
210740000,2022-01-04T18:22:18,24.59566,-79.96599,15.9,239.6,236.0,LENA,IMO9347750,5BYF3,70,0,139,22,8.8,79,A
210740000,2022-01-04T19:07:54,24.48852,-80.15460,15.8,238.2,235.0,LENA,IMO9347750,5BYF3,70,0,139,22,8.8,79,A
210740000,2022-01-04T19:09:00,24.48594,-80.15908,15.9,238.4,236.0,LENA,IMO9347750,5BYF3,70,0,139,22,8.8,79,A
210740000,2022-01-04T18:26:54,24.58484,-79.98503,15.7,239.1,235.0,LENA,IMO9347750,5BYF3,70,0,139,22,8.8,79,A
210740000,2022-01-04T19:11:11,24.48084,-80.16806,15.8,239.4,237.0,LENA,IMO9347750,5BYF3,70,0,139,22,8.8,79,A
210740000,2022-01-04T18:29:12,24.57944,-79.99456,15.9,238.2,235.0,LENA,IMO9347750,5BYF3,70,0,139,22,8.8,79,A
210740000,2022-01-04T18:30:18,24.57689,-79.99907,15.9,238.6,235.0,LENA,IMO9347750,5BYF3,70,0,139,22,8.8,79,A
210740000,2022-01-04T18:31:24,24.57429,-80.00365,16.0,240.9,236.0,LENA,IMO9347750,5BYF3,70,0,139,22,8.8,79,A
210740000,2022-01-04T18:59:24,24.50843,-80.11934,16.0,238.9,235.0,LENA,IMO9347750,5BYF3,70,0,139,22,8.8,79,A
210740000,2022-01-04T17:51:18,24.66821,-79.83585,16.1,238.7,236.0,LENA,IMO9347750,5BYF3,70,0,139,22,8.8,79,A
210740000,2022-01-04T17:52:24,24.66566,-79.84053,16.2,239.4,235.0,LENA,IMO9347750,5BYF3,70,0,139,22,8.8,79,A
210740000,2022-01-04T18:36:06,24.56320,-80.02299,15.9,237.4,235.0,LENA,IMO9347750,5BYF3,70,0,139,22,8.8,79,A
210740000,2022-01-04T18:37:12,24.56059,-80.02752,16.0,237.4,235.0,LENA,IMO9347750,5BYF3,70,0,139,22,8.8,79,A
210740000,2022-01-04T18:38:13,24.55822,-80.03172,16.1,239.6,236.0,LENA,IMO9347750,5BYF3,70,0,139,22,8.8,79,A
210740000,2022-01-04T16:53:12,24.89991,-79.72175,16.1,196.1,195.0,LENA,IMO9347750,5BYF3,70,0,139,22,8.8,79,A
210740000,2022-01-04T16:55:30,24.89021,-79.72545,15.8,200.1,197.0,LENA,IMO9347750,5BYF3,70,0,139,22,8.8,79,A
210740000,2022-01-04T16:58:00,24.87975,-79.72949,16.0,199.1,198.0,LENA,IMO9347750,5BYF3,70,0,139,22,8.8,79,A
210740000,2022-01-04T18:42:35,24.54785,-80.04977,16.0,238.8,235.0,LENA,IMO9347750,5BYF3,70,0,139,22,8.8,79,A
210740000,2022-01-04T19:29:54,24.43717,-80.24455,15.7,237.4,236.0,LENA,IMO9347750,5BYF3,70,0,139,22,8.8,79,A
210740000,2022-01-04T18:47:06,24.53725,-80.06830,15.9,238.1,235.0,LENA,IMO9347750,5BYF3,70,0,139,22,8.8,79,A
210740000,2022-01-04T18:04:30,24.63745,-79.89155,16.2,240.0,234.0,LENA,IMO9347750,5BYF3,70,0,139,22,8.8,79,A
210740000,2022-01-04T17:02:12,24.86210,-79.73632,15.9,199.0,197.0,LENA,IMO9347750,5BYF3,70,0,139,22,8.8,79,A
210740000,2022-01-04T19:18:12,24.46442,-80.19686,15.7,238.1,235.0,LENA,IMO9347750,5BYF3,70,0,139,22,8.8,79,A
210740000,2022-01-04T18:50:30,24.52927,-80.08232,15.9,237.5,235.0,LENA,IMO9347750,5BYF3,70,0,139,22,8.8,79,A
210740000,2022-01-04T18:07:48,24.62968,-79.90550,16.0,237.6,235.0,LENA,IMO9347750,5BYF3,70,0,139,22,8.8,79,A
210740000,2022-01-04T18:52:41,24.52415,-80.09144,16.0,239.0,235.0,LENA,IMO9347750,5BYF3,70,0,139,22,8.8,79,A
210740000,2022-01-04T18:56:00,24.51636,-80.10518,16.0,237.8,235.0,LENA,IMO9347750,5BYF3,70,0,139,22,8.8,79,A
210740000,2022-01-04T19:01:07,24.50444,-80.12640,15.9,238.8,235.0,LENA,IMO9347750,5BYF3,70,0,139,22,8.8,79,A
210740000,2022-01-04T18:19:47,24.60155,-79.95557,16.1,239.2,235.0,LENA,IMO9347750,5BYF3,70,0,139,22,8.8,79,A
210740000,2022-01-04T14:14:38,25.46833,-79.86783,12.0,128.2,129.0,LENA,IMO9347750,5BYF3,70,0,139,22,8.8,79,A
210740000,2022-01-04T19:05:42,24.49370,-80.14540,16.0,238.3,237.0,LENA,IMO9347750,5BYF3,70,0,139,22,8.8,79,A
210740000,2022-01-04T19:35:13,24.42474,-80.26628,15.8,237.8,235.0,LENA,IMO9347750,5BYF3,70,0,139,22,8.8,79,A
210740000,2022-01-04T14:19:30,25.45864,-79.85092,14.5,121.0,124.0,LENA,IMO9347750,5BYF3,70,0,139,22,8.8,79,A
210740000,2022-01-04T19:10:06,24.48340,-80.16361,15.8,238.7,235.0,LENA,IMO9347750,5BYF3,70,0,139,22,8.8,79,A
210740000,2022-01-04T19:41:30,24.41006,-80.29176,15.7,239.0,236.0,LENA,IMO9347750,5BYF3,70,0,139,22,8.8,79,A
210740000,2022-01-04T14:23:17,25.45085,-79.83629,14.5,120.7,125.0,LENA,IMO9347750,5BYF3,70,0,139,22,8.8,79,A
210740000,2022-01-04T19:14:48,24.47238,-80.18286,15.9,237.6,235.0,LENA,IMO9347750,5BYF3,70,0,139,22,8.8,79,A
210740000,2022-01-04T19:12:18,24.47821,-80.17261,15.8,238.3,237.0,LENA,IMO9347750,5BYF3,70,0,139,22,8.8,79,A
210740000,2022-01-04T18:33:54,24.56839,-80.01396,15.9,238.5,237.0,LENA,IMO9347750,5BYF3,70,0,139,22,8.8,79,A
210740000,2022-01-04T14:27:36,25.44199,-79.81968,14.6,118.8,125.0,LENA,IMO9347750,5BYF3,70,0,139,22,8.8,79,A
210740000,2022-01-04T18:35:00,24.56579,-80.01844,15.9,236.9,236.0,LENA,IMO9347750,5BYF3,70,0,139,22,8.8,79,A
210740000,2022-01-04T17:24:36,24.76719,-79.77192,16.0,199.1,197.0,LENA,IMO9347750,5BYF3,70,0,139,22,8.8,79,A
210740000,2022-01-04T17:25:43,24.76240,-79.77361,16.1,197.9,198.0,LENA,IMO9347750,5BYF3,70,0,139,22,8.8,79,A
210740000,2022-01-04T14:29:48,25.43747,-79.81113,14.5,120.2,125.0,LENA,IMO9347750,5BYF3,70,0,139,22,8.8,79,A
210740000,2022-01-04T19:24:06,24.45071,-80.22089,15.7,238.5,235.0,LENA,IMO9347750,5BYF3,70,0,139,22,8.8,79,A
210740000,2022-01-04T19:21:42,24.45626,-80.21113,15.8,238.2,236.0,LENA,IMO9347750,5BYF3,70,0,139,22,8.8,79,A
210740000,2022-01-04T19:25:12,24.44818,-80.22530,15.7,239.1,237.0,LENA,IMO9347750,5BYF3,70,0,139,22,8.8,79,A
210740000,2022-01-04T19:28:48,24.43976,-80.24007,15.8,238.2,236.0,LENA,IMO9347750,5BYF3,70,0,139,22,8.8,79,A
210740000,2022-01-04T19:27:30,24.44285,-80.23473,15.8,237.3,236.0,LENA,IMO9347750,5BYF3,70,0,139,22,8.8,79,A
210740000,2022-01-04T18:44:48,24.54263,-80.05885,16.0,237.5,236.0,LENA,IMO9347750,5BYF3,70,0,139,22,8.8,79,A
210740000,2022-01-04T19:31:06,24.43439,-80.24941,15.8,238.7,235.0,LENA,IMO9347750,5BYF3,70,0,139,22,8.8,79,A
210740000,2022-01-04T18:45:54,24.54009,-80.06335,15.9,238.4,235.0,LENA,IMO9347750,5BYF3,70,0,139,22,8.8,79,A
210740000,2022-01-04T19:32:13,24.43181,-80.25393,15.8,237.8,236.0,LENA,IMO9347750,5BYF3,70,0,139,22,8.8,79,A
210740000,2022-01-04T18:49:24,24.53184,-80.07783,16.0,237.6,236.0,LENA,IMO9347750,5BYF3,70,0,139,22,8.8,79,A
210740000,2022-01-04T18:53:48,24.52153,-80.09599,16.0,238.9,237.0,LENA,IMO9347750,5BYF3,70,0,139,22,8.8,79,A
210740000,2022-01-04T19:38:36,24.41681,-80.27998,15.9,237.7,237.0,LENA,IMO9347750,5BYF3,70,0,139,22,8.8,79,A
210740000,2022-01-04T18:57:12,24.51358,-80.11011,16.0,237.7,236.0,LENA,IMO9347750,5BYF3,70,0,139,22,8.8,79,A
210740000,2022-01-04T19:42:36,24.40752,-80.29617,15.7,237.3,236.0,LENA,IMO9347750,5BYF3,70,0,139,22,8.8,79,A
210740000,2022-01-04T19:03:24,24.49913,-80.13581,16.1,238.3,235.0,LENA,IMO9347750,5BYF3,70,0,139,22,8.8,79,A
210740000,2022-01-04T14:53:59,25.38888,-79.71776,14.6,121.7,125.0,LENA,IMO9347750,5BYF3,70,0,139,22,8.8,79,A
210740000,2022-01-04T14:59:30,25.37756,-79.69636,14.6,119.9,125.0,LENA,IMO9347750,5BYF3,70,0,139,22,8.8,79,A
210740000,2022-01-04T15:01:00,25.37445,-79.69049,14.7,120.8,131.0,LENA,IMO9347750,5BYF3,70,0,139,22,8.8,79,A
210740000,2022-01-04T17:56:12,24.65692,-79.85655,16.2,237.0,235.0,LENA,IMO9347750,5BYF3,70,0,139,22,8.8,79,A
210740000,2022-01-04T15:04:23,25.36467,-79.67984,14.8,144.7,147.0,LENA,IMO9347750,5BYF3,70,0,139,22,8.8,79,A
210740000,2022-01-04T19:16:00,24.46958,-80.18780,15.8,239.5,237.0,LENA,IMO9347750,5BYF3,70,0,139,22,8.8,79,A
210740000,2022-01-04T20:40:29,24.30217,-80.48903,1.6,243.7,234.0,LENA,IMO9347750,5BYF3,70,0,139,22,8.8,79,A
210740000,2022-01-04T19:23:00,24.45327,-80.21639,15.8,239.1,235.0,LENA,IMO9347750,5BYF3,70,0,139,22,8.8,79,A
210740000,2022-01-04T19:36:30,24.42174,-80.27151,15.7,239.0,235.0,LENA,IMO9347750,5BYF3,70,0,139,22,8.8,79,A
210740000,2022-01-04T15:19:48,25.30379,-79.65472,15.5,173.4,174.0,LENA,IMO9347750,5BYF3,70,0,139,22,8.8,79,A
210740000,2022-01-04T18:28:06,24.58202,-79.99000,15.9,237.4,235.0,LENA,IMO9347750,5BYF3,70,0,139,22,8.8,79,A
210740000,2022-01-04T15:26:18,25.27556,-79.65382,15.5,178.9,177.0,LENA,IMO9347750,5BYF3,70,0,139,22,8.8,79,A
210740000,2022-01-04T18:41:30,24.55046,-80.04522,15.8,239.5,235.0,LENA,IMO9347750,5BYF3,70,0,139,22,8.8,79,A
210740000,2022-01-04T18:51:36,24.52667,-80.08690,16.0,236.7,235.0,LENA,IMO9347750,5BYF3,70,0,139,22,8.8,79,A
210740000,2022-01-04T19:06:47,24.49114,-80.14999,16.0,237.8,235.0,LENA,IMO9347750,5BYF3,70,0,139,22,8.8,79,A
210740000,2022-01-04T16:10:54,25.08221,-79.67193,15.7,193.2,190.0,LENA,IMO9347750,5BYF3,70,0,139,22,8.8,79,A
210740000,2022-01-04T16:12:06,25.07699,-79.67323,15.9,192.3,190.0,LENA,IMO9347750,5BYF3,70,0,139,22,8.8,79,A
210740000,2022-01-04T19:13:30,24.47543,-80.17754,15.9,240.1,236.0,LENA,IMO9347750,5BYF3,70,0,139,22,8.8,79,A
210740000,2022-01-04T16:13:12,25.07229,-79.67436,15.8,194.0,190.0,LENA,IMO9347750,5BYF3,70,0,139,22,8.8,79,A
210740000,2022-01-04T19:17:07,24.46702,-80.19232,15.7,238.3,236.0,LENA,IMO9347750,5BYF3,70,0,139,22,8.8,79,A
210740000,2022-01-04T16:17:36,25.05344,-79.67907,15.8,194.6,192.0,LENA,IMO9347750,5BYF3,70,0,139,22,8.8,79,A
210740000,2022-01-04T19:20:36,24.45883,-80.20660,15.9,237.3,235.0,LENA,IMO9347750,5BYF3,70,0,139,22,8.8,79,A
210740000,2022-01-04T16:21:54,25.03492,-79.68422,15.8,195.9,192.0,LENA,IMO9347750,5BYF3,70,0,139,22,8.8,79,A
210740000,2022-01-04T16:27:29,25.01088,-79.69086,16.0,194.7,192.0,LENA,IMO9347750,5BYF3,70,0,139,22,8.8,79,A
210740000,2022-01-04T16:34:00,24.98278,-79.69841,15.9,193.0,192.0,LENA,IMO9347750,5BYF3,70,0,139,22,8.8,79,A
210740000,2022-01-04T16:40:48,24.95350,-79.70641,15.9,194.3,191.0,LENA,IMO9347750,5BYF3,70,0,139,22,8.8,79,A
210740000,2022-01-04T16:42:59,24.94401,-79.70903,16.0,193.4,191.0,LENA,IMO9347750,5BYF3,70,0,139,22,8.8,79,A
210740000,2022-01-04T16:44:13,24.93875,-79.71051,16.0,194.4,192.0,LENA,IMO9347750,5BYF3,70,0,139,22,8.8,79,A
210740000,2022-01-04T16:48:42,24.91925,-79.71588,16.0,193.7,192.0,LENA,IMO9347750,5BYF3,70,0,139,22,8.8,79,A
210740000,2022-01-04T17:00:00,24.87135,-79.73274,15.9,199.6,197.0,LENA,IMO9347750,5BYF3,70,0,139,22,8.8,79,A
210740000,2022-01-04T17:04:24,24.85291,-79.73983,15.9,200.9,197.0,LENA,IMO9347750,5BYF3,70,0,139,22,8.8,79,A
210740000,2022-01-04T22:44:57,24.05591,-80.91598,15.6,238.2,239.0,LENA,IMO9347750,5BYF3,70,0,139,22,8.8,79,A
210740000,2022-01-04T17:33:30,24.72898,-79.78549,16.1,198.5,198.0,LENA,IMO9347750,5BYF3,70,0,139,22,8.8,79,A
210740000,2022-01-04T17:38:00,24.70957,-79.79231,16.2,198.3,198.0,LENA,IMO9347750,5BYF3,70,0,139,22,8.8,79,A
210740000,2022-01-04T17:39:06,24.70491,-79.79396,16.2,197.5,197.0,LENA,IMO9347750,5BYF3,70,0,139,22,8.8,79,A
210740000,2022-01-04T17:44:30,24.68590,-79.80876,16.0,226.6,224.0,LENA,IMO9347750,5BYF3,70,0,139,22,8.8,79,A
210740000,2022-01-04T17:48:00,24.67593,-79.82195,15.9,237.6,235.0,LENA,IMO9347750,5BYF3,70,0,139,22,8.8,79,A
210740000,2022-01-04T17:49:06,24.67334,-79.82656,16.0,239.4,236.0,LENA,IMO9347750,5BYF3,70,0,139,22,8.8,79,A
210740000,2022-01-04T17:50:12,24.67081,-79.83117,16.1,238.2,235.0,LENA,IMO9347750,5BYF3,70,0,139,22,8.8,79,A
210740000,2022-01-04T17:53:31,24.66311,-79.84520,16.1,239.5,235.0,LENA,IMO9347750,5BYF3,70,0,139,22,8.8,79,A
210740000,2022-01-04T17:54:48,24.66014,-79.85072,16.2,240.0,235.0,LENA,IMO9347750,5BYF3,70,0,139,22,8.8,79,A
210740000,2022-01-04T17:58:36,24.65127,-79.86671,16.1,237.9,236.0,LENA,IMO9347750,5BYF3,70,0,139,22,8.8,79,A
210740000,2022-01-04T18:03:24,24.64002,-79.88692,16.2,240.0,235.0,LENA,IMO9347750,5BYF3,70,0,139,22,8.8,79,A
210740000,2022-01-04T18:08:54,24.62712,-79.90996,16.1,237.4,236.0,LENA,IMO9347750,5BYF3,70,0,139,22,8.8,79,A
210740000,2022-01-04T18:23:24,24.59305,-79.97061,15.9,239.9,235.0,LENA,IMO9347750,5BYF3,70,0,139,22,8.8,79,A
210740000,2022-01-04T18:25:42,24.58766,-79.98008,16.0,238.7,236.0,LENA,IMO9347750,5BYF3,70,0,139,22,8.8,79,A
210740000,2022-01-04T18:58:18,24.51104,-80.11470,16.0,238.3,235.0,LENA,IMO9347750,5BYF3,70,0,139,22,8.8,79,A
210740000,2022-01-04T19:00:00,24.50700,-80.12182,15.9,237.1,235.0,LENA,IMO9347750,5BYF3,70,0,139,22,8.8,79,A
210740000,2022-01-04T19:19:18,24.46185,-80.20130,15.8,237.6,236.0,LENA,IMO9347750,5BYF3,70,0,139,22,8.8,79,A
210740000,2022-01-04T19:26:18,24.44561,-80.22984,15.7,237.2,236.0,LENA,IMO9347750,5BYF3,70,0,139,22,8.8,79,A
210740000,2022-01-04T19:33:48,24.42803,-80.26049,15.8,238.1,235.0,LENA,IMO9347750,5BYF3,70,0,139,22,8.8,79,A
210740000,2022-01-05T00:09:08,23.86960,-81.27326,16.1,248.7,249.0,LENA,IMO9347750,5BYF3,70,0,139,22,8.8,79,A
210740000,2022-01-05T00:15:02,23.85944,-81.29984,16.1,246.6,246.0,LENA,IMO9347750,5BYF3,70,0,139,22,8.8,79,A
210740000,2022-01-05T00:24:14,23.84298,-81.34148,16.3,246.9,247.0,LENA,IMO9347750,5BYF3,70,0,139,22,8.8,79,A
210740000,2022-01-05T00:28:44,23.83494,-81.36203,16.3,247.7,246.0,LENA,IMO9347750,5BYF3,70,0,139,22,8.8,79,A
210740000,2022-01-05T00:31:14,23.83057,-81.37339,16.2,247.3,246.0,LENA,IMO9347750,5BYF3,70,0,139,22,8.8,79,A
210740000,2022-01-05T00:34:14,23.82514,-81.38684,16.2,245.8,247.0,LENA,IMO9347750,5BYF3,70,0,139,22,8.8,79,A
210740000,2022-01-05T00:46:56,23.80120,-81.44345,16.3,245.2,247.0,LENA,IMO9347750,5BYF3,70,0,139,22,8.8,79,A
210740000,2022-01-05T00:39:44,23.81490,-81.41136,16.1,245.1,246.0,LENA,IMO9347750,5BYF3,70,0,139,22,8.8,79,A
210740000,2022-01-05T07:25:09,23.17670,-83.23484,16.1,251.5,250.0,LENA,IMO9347750,5BYF3,70,0,139,22,8.8,79,A
