366727190,2022-01-01T00:01:02,40.64101,-74.12906,0.0,252.1,357.0,JILL REINAUER,IMO7042813,WCW9655,31,0,30,8,3.8,57,A
366727190,2022-01-01T00:00:01,40.64104,-74.12908,0.0,195.9,358.0,JILL REINAUER,IMO7042813,WCW9655,31,0,30,8,3.8,57,A
366727190,2022-01-01T00:02:13,40.64101,-74.12908,0.0,285.1,358.0,JILL REINAUER,IMO7042813,WCW9655,31,0,30,8,3.8,57,A
366727190,2022-01-01T00:03:22,40.64105,-74.12908,0.0,3.6,357.0,JILL REINAUER,IMO7042813,WCW9655,31,0,30,8,3.8,57,A
366727190,2022-01-01T00:04:23,40.64106,-74.12909,0.0,183.4,358.0,JILL REINAUER,IMO7042813,WCW9655,31,0,30,8,3.8,57,A
366727190,2022-01-01T00:06:42,40.64107,-74.12912,0.0,183.3,358.0,JILL REINAUER,IMO7042813,WCW9655,31,0,30,8,3.8,57,A
366727190,2022-01-01T00:05:32,40.64106,-74.12912,0.0,339.7,357.0,JILL REINAUER,IMO7042813,WCW9655,31,0,30,8,3.8,57,A
366727190,2022-01-01T00:07:52,40.64111,-74.12908,0.0,238.6,359.0,JILL REINAUER,IMO7042813,WCW9655,31,0,30,8,3.8,57,A
366727190,2022-01-01T00:09:02,40.64111,-74.12911,0.0,307.9,359.0,JILL REINAUER,IMO7042813,WCW9655,31,0,30,8,3.8,57,A
366727190,2022-01-01T00:11:23,40.64107,-74.12903,0.0,127.7,0.0,JILL REINAUER,IMO7042813,WCW9655,31,0,30,8,3.8,57,A
366727190,2022-01-01T00:12:31,40.64109,-74.12904,0.0,173.5,0.0,JILL REINAUER,IMO7042813,WCW9655,31,0,30,8,3.8,57,A
366727190,2022-01-01T00:10:11,40.64107,-74.12902,0.0,287.2,359.0,JILL REINAUER,IMO7042813,WCW9655,31,0,30,8,3.8,57,A
366727190,2022-01-01T00:13:42,40.64106,-74.12905,0.0,206.1,0.0,JILL REINAUER,IMO7042813,WCW9655,31,0,30,8,3.8,57,A
366727190,2022-01-01T00:14:53,40.64108,-74.12907,0.0,268.2,359.0,JILL REINAUER,IMO7042813,WCW9655,31,0,30,8,3.8,57,A
366727190,2022-01-01T00:17:13,40.64110,-74.12905,0.0,299.8,359.0,JILL REINAUER,IMO7042813,WCW9655,31,0,30,8,3.8,57,A
366727190,2022-01-01T00:18:23,40.64108,-74.12908,0.0,187.6,359.0,JILL REINAUER,IMO7042813,WCW9655,31,0,30,8,3.8,57,A
366727190,2022-01-01T00:19:32,40.64111,-74.12906,0.0,251.5,359.0,JILL REINAUER,IMO7042813,WCW9655,31,0,30,8,3.8,57,A
366727190,2022-01-01T00:16:01,40.64107,-74.12905,0.0,355.5,0.0,JILL REINAUER,IMO7042813,WCW9655,31,0,30,8,3.8,57,A
366727190,2022-01-01T00:21:51,40.64106,-74.12907,0.0,238.1,359.0,JILL REINAUER,IMO7042813,WCW9655,31,0,30,8,3.8,57,A
366727190,2022-01-01T00:23:02,40.64104,-74.12908,0.0,312.1,359.0,JILL REINAUER,IMO7042813,WCW9655,31,0,30,8,3.8,57,A
366727190,2022-01-01T00:27:41,40.64102,-74.12906,0.0,320.8,357.0,JILL REINAUER,IMO7042813,WCW9655,31,0,30,8,3.8,57,A
366727190,2022-01-01T00:20:43,40.64107,-74.12907,0.0,192.8,359.0,JILL REINAUER,IMO7042813,WCW9655,31,0,30,8,3.8,57,A
366727190,2022-01-01T00:25:23,40.64106,-74.12909,0.0,173.0,359.0,JILL REINAUER,IMO7042813,WCW9655,31,0,30,8,3.8,57,A
366727190,2022-01-01T00:26:33,40.64102,-74.12907,0.0,262.5,358.0,JILL REINAUER,IMO7042813,WCW9655,31,0,30,8,3.8,57,A
366727190,2022-01-01T00:33:33,40.64102,-74.12905,0.0,310.3,357.0,JILL REINAUER,IMO7042813,WCW9655,31,0,30,8,3.8,57,A
366727190,2022-01-01T00:28:51,40.64106,-74.12905,0.1,321.8,357.0,JILL REINAUER,IMO7042813,WCW9655,31,0,30,8,3.8,57,A
366727190,2022-01-01T00:34:42,40.64103,-74.12902,0.0,8.8,357.0,JILL REINAUER,IMO7042813,WCW9655,31,0,30,8,3.8,57,A
366727190,2022-01-01T00:32:23,40.64108,-74.12905,0.0,315.2,357.0,JILL REINAUER,IMO7042813,WCW9655,31,0,30,8,3.8,57,A
366727190,2022-01-01T00:35:43,40.64104,-74.12902,0.0,232.0,357.0,JILL REINAUER,IMO7042813,WCW9655,31,0,30,8,3.8,57,A
366727190,2022-01-01T00:24:12,40.64104,-74.12908,0.0,180.3,359.0,JILL REINAUER,IMO7042813,WCW9655,31,0,30,8,3.8,57,A
366727190,2022-01-01T00:38:01,40.64106,-74.12904,0.0,300.9,357.0,JILL REINAUER,IMO7042813,WCW9655,31,0,30,8,3.8,57,A
366727190,2022-01-01T00:39:12,40.64107,-74.12905,0.0,316.7,357.0,JILL REINAUER,IMO7042813,WCW9655,31,0,30,8,3.8,57,A
366727190,2022-01-01T00:42:36,40.64115,-74.12910,1.3,344.6,345.0,JILL REINAUER,IMO7042813,WCW9655,31,0,30,8,3.8,57,A
366727190,2022-01-01T00:40:21,40.64111,-74.12908,0.0,159.2,358.0,JILL REINAUER,IMO7042813,WCW9655,31,0,30,8,3.8,57,A
366727190,2022-01-01T00:43:38,40.64175,-74.12940,2.6,332.4,317.0,JILL REINAUER,IMO7042813,WCW9655,31,0,30,8,3.8,57,A
366727190,2022-01-01T00:41:31,40.64106,-74.12909,0.0,230.3,358.0,JILL REINAUER,IMO7042813,WCW9655,31,0,30,8,3.8,57,A
366727190,2022-01-01T00:44:43,40.64237,-74.13086,8.2,294.4,295.0,JILL REINAUER,IMO7042813,WCW9655,31,0,30,8,3.8,57,A
366727190,2022-01-01T00:46:46,40.64305,-74.13681,8.3,268.3,270.0,JILL REINAUER,IMO7042813,WCW9655,31,0,30,8,3.8,57,A
366727190,2022-01-01T00:48:54,40.64256,-74.14333,8.5,261.8,266.0,JILL REINAUER,IMO7042813,WCW9655,31,0,30,8,3.8,57,A
366727190,2022-01-01T00:49:58,40.64258,-74.14664,8.8,285.6,292.0,JILL REINAUER,IMO7042813,WCW9655,31,0,30,8,3.8,57,A
366727190,2022-01-01T00:47:48,40.64283,-74.13989,8.4,260.9,265.0,JILL REINAUER,IMO7042813,WCW9655,31,0,30,8,3.8,57,A
366727190,2022-01-01T00:30:01,40.64104,-74.12907,0.0,71.4,358.0,JILL REINAUER,IMO7042813,WCW9655,31,0,30,8,3.8,57,A
366727190,2022-01-01T00:50:59,40.64376,-74.14951,9.1,307.6,309.0,JILL REINAUER,IMO7042813,WCW9655,31,0,30,8,3.8,57,A
366727190,2022-01-01T00:52:01,40.64509,-74.15237,9.1,297.8,300.0,JILL REINAUER,IMO7042813,WCW9655,31,0,30,8,3.8,57,A
366727190,2022-01-01T00:58:28,40.64703,-74.17400,9.4,265.5,268.0,JILL REINAUER,IMO7042813,WCW9655,31,0,30,8,3.8,57,A
366727190,2022-01-01T00:54:12,40.64666,-74.15941,9.3,275.5,277.0,JILL REINAUER,IMO7042813,WCW9655,31,0,30,8,3.8,57,A
366727190,2022-01-01T00:31:11,40.64106,-74.12902,0.0,196.3,358.0,JILL REINAUER,IMO7042813,WCW9655,31,0,30,8,3.8,57,A
366727190,2022-01-01T00:56:22,40.64699,-74.16677,9.4,273.4,277.0,JILL REINAUER,IMO7042813,WCW9655,31,0,30,8,3.8,57,A
366727190,2022-01-01T01:01:05,40.64625,-74.18280,8.5,258.0,257.0,JILL REINAUER,IMO7042813,WCW9655,31,0,30,8,3.8,57,A
366727190,2022-01-01T00:59:29,40.64697,-74.17743,9.4,265.2,264.0,JILL REINAUER,IMO7042813,WCW9655,31,0,30,8,3.8,57,A
366727190,2022-01-01T01:03:10,40.64362,-74.18783,9.6,222.6,224.0,JILL REINAUER,IMO7042813,WCW9655,31,0,30,8,3.8,57,A
366727190,2022-01-01T01:04:18,40.64147,-74.19059,9.7,227.1,229.0,JILL REINAUER,IMO7042813,WCW9655,31,0,30,8,3.8,57,A
366727190,2022-01-01T00:55:21,40.64687,-74.16333,9.4,275.8,278.0,JILL REINAUER,IMO7042813,WCW9655,31,0,30,8,3.8,57,A
366727190,2022-01-01T01:00:03,40.64676,-74.17936,9.5,260.8,263.0,JILL REINAUER,IMO7042813,WCW9655,31,0,30,8,3.8,57,A
366727190,2022-01-01T01:07:42,40.63542,-74.19793,9.9,220.7,225.0,JILL REINAUER,IMO7042813,WCW9655,31,0,30,8,3.8,57,A
366727190,2022-01-01T01:06:32,40.63745,-74.19558,7.5,217.9,221.0,JILL REINAUER,IMO7042813,WCW9655,31,0,30,8,3.8,57,A
366727190,2022-01-01T01:08:43,40.63323,-74.20032,9.8,213.6,215.0,JILL REINAUER,IMO7042813,WCW9655,31,0,30,8,3.8,57,A
366727190,2022-01-01T00:36:52,40.64106,-74.12901,0.0,283.2,357.0,JILL REINAUER,IMO7042813,WCW9655,31,0,30,8,3.8,57,A
366727190,2022-01-01T01:12:03,40.62548,-74.20298,7.2,186.1,189.0,JILL REINAUER,IMO7042813,WCW9655,31,0,30,8,3.8,57,A
366727190,2022-01-01T01:15:36,40.61586,-74.20399,10.0,191.2,195.0,JILL REINAUER,IMO7042813,WCW9655,31,0,30,8,3.8,57,A
366727190,2022-01-01T01:10:52,40.62779,-74.20254,7.8,190.8,193.0,JILL REINAUER,IMO7042813,WCW9655,31,0,30,8,3.8,57,A
366727190,2022-01-01T01:17:51,40.61035,-74.20489,7.0,186.0,188.0,JILL REINAUER,IMO7042813,WCW9655,31,0,30,8,3.8,57,A
366727190,2022-01-01T01:14:12,40.61974,-74.20329,10.0,184.4,186.0,JILL REINAUER,IMO7042813,WCW9655,31,0,30,8,3.8,57,A
366727190,2022-01-01T00:45:45,40.64325,-74.13375,8.1,274.1,268.0,JILL REINAUER,IMO7042813,WCW9655,31,0,30,8,3.8,57,A
366727190,2022-01-01T01:18:52,40.60852,-74.20511,5.2,191.1,194.0,JILL REINAUER,IMO7042813,WCW9655,31,0,30,8,3.8,57,A
366727190,2022-01-01T01:19:55,40.60724,-74.20535,3.8,184.3,191.0,JILL REINAUER,IMO7042813,WCW9655,31,0,30,8,3.8,57,A
366727190,2022-01-01T01:22:00,40.60607,-74.20559,0.3,153.2,232.0,JILL REINAUER,IMO7042813,WCW9655,31,0,30,8,3.8,57,A
366727190,2022-01-01T01:28:42,40.60591,-74.20565,0.0,313.2,341.0,JILL REINAUER,IMO7042813,WCW9655,31,0,30,8,3.8,57,A
366727190,2022-01-01T01:33:22,40.60589,-74.20565,0.0,249.6,340.0,JILL REINAUER,IMO7042813,WCW9655,31,0,30,8,3.8,57,A
366727190,2022-01-01T01:25:12,40.60591,-74.20562,0.1,324.9,336.0,JILL REINAUER,IMO7042813,WCW9655,31,0,30,8,3.8,57,A
366727190,2022-01-01T01:20:56,40.60639,-74.20555,2.2,188.8,188.0,JILL REINAUER,IMO7042813,WCW9655,31,0,30,8,3.8,57,A
366727190,2022-01-01T01:27:31,40.60593,-74.20562,0.0,310.7,341.0,JILL REINAUER,IMO7042813,WCW9655,31,0,30,8,3.8,57,A
366727190,2022-01-01T01:35:42,40.60594,-74.20564,0.0,228.0,339.0,JILL REINAUER,IMO7042813,WCW9655,31,0,30,8,3.8,57,A
366727190,2022-01-01T01:23:01,40.60597,-74.20549,0.3,188.5,269.0,JILL REINAUER,IMO7042813,WCW9655,31,0,30,8,3.8,57,A
366727190,2022-01-01T00:53:06,40.64627,-74.15566,9.2,287.0,286.0,JILL REINAUER,IMO7042813,WCW9655,31,0,30,8,3.8,57,A
366727190,2022-01-01T01:29:53,40.60591,-74.20565,0.0,266.1,341.0,JILL REINAUER,IMO7042813,WCW9655,31,0,30,8,3.8,57,A
366727190,2022-01-01T01:36:53,40.60590,-74.20564,0.0,348.9,337.0,JILL REINAUER,IMO7042813,WCW9655,31,0,30,8,3.8,57,A
366727190,2022-01-01T01:26:21,40.60590,-74.20561,0.0,245.7,341.0,JILL REINAUER,IMO7042813,WCW9655,31,0,30,8,3.8,57,A
366727190,2022-01-01T01:32:12,40.60588,-74.20565,0.0,350.2,340.0,JILL REINAUER,IMO7042813,WCW9655,31,0,30,8,3.8,57,A
366727190,2022-01-01T00:57:26,40.64722,-74.17042,9.4,271.3,271.0,JILL REINAUER,IMO7042813,WCW9655,31,0,30,8,3.8,57,A
366727190,2022-01-01T01:34:31,40.60592,-74.20564,0.0,280.9,340.0,JILL REINAUER,IMO7042813,WCW9655,31,0,30,8,3.8,57,A
366727190,2022-01-01T01:38:02,40.60593,-74.20561,0.0,121.9,337.0,JILL REINAUER,IMO7042813,WCW9655,31,0,30,8,3.8,57,A
366727190,2022-01-01T01:41:43,40.60589,-74.20565,0.0,264.0,336.0,JILL REINAUER,IMO7042813,WCW9655,31,0,30,8,3.8,57,A
366727190,2022-01-01T01:44:01,40.60590,-74.20565,0.0,214.8,336.0,JILL REINAUER,IMO7042813,WCW9655,31,0,30,8,3.8,57,A
366727190,2022-01-01T01:45:12,40.60590,-74.20565,0.0,161.2,336.0,JILL REINAUER,IMO7042813,WCW9655,31,0,30,8,3.8,57,A
366727190,2022-01-01T01:39:12,40.60590,-74.20565,0.1,313.5,337.0,JILL REINAUER,IMO7042813,WCW9655,31,0,30,8,3.8,57,A
366727190,2022-01-01T01:02:09,40.64540,-74.18555,7.5,234.7,233.0,JILL REINAUER,IMO7042813,WCW9655,31,0,30,8,3.8,57,A
366727190,2022-01-01T01:52:13,40.60594,-74.20564,0.0,176.3,329.0,JILL REINAUER,IMO7042813,WCW9655,31,0,30,8,3.8,57,A
366727190,2022-01-01T01:46:22,40.60591,-74.20563,0.0,9.7,336.0,JILL REINAUER,IMO7042813,WCW9655,31,0,30,8,3.8,57,A
366727190,2022-01-01T01:49:51,40.60593,-74.20564,0.0,192.4,335.0,JILL REINAUER,IMO7042813,WCW9655,31,0,30,8,3.8,57,A
366727190,2022-01-01T01:42:51,40.60589,-74.20565,0.0,276.7,336.0,JILL REINAUER,IMO7042813,WCW9655,31,0,30,8,3.8,57,A
366727190,2022-01-01T01:55:52,40.60593,-74.20563,0.0,305.7,333.0,JILL REINAUER,IMO7042813,WCW9655,31,0,30,8,3.8,57,A
366727190,2022-01-01T01:53:31,40.60592,-74.20564,0.0,260.0,328.0,JILL REINAUER,IMO7042813,WCW9655,31,0,30,8,3.8,57,A
366727190,2022-01-01T01:51:01,40.60594,-74.20564,0.0,243.9,335.0,JILL REINAUER,IMO7042813,WCW9655,31,0,30,8,3.8,57,A
366727190,2022-01-01T01:05:21,40.63946,-74.19333,9.7,224.9,226.0,JILL REINAUER,IMO7042813,WCW9655,31,0,30,8,3.8,57,A
366727190,2022-01-01T01:58:12,40.60594,-74.20563,0.0,76.6,333.0,JILL REINAUER,IMO7042813,WCW9655,31,0,30,8,3.8,57,A
366727190,2022-01-01T02:05:13,40.60593,-74.20562,0.0,246.5,333.0,JILL REINAUER,IMO7042813,WCW9655,31,0,30,8,3.8,57,A
366727190,2022-01-01T02:03:51,40.60592,-74.20564,0.0,307.8,333.0,JILL REINAUER,IMO7042813,WCW9655,31,0,30,8,3.8,57,A
366727190,2022-01-01T02:07:31,40.60593,-74.20562,0.0,298.7,333.0,JILL REINAUER,IMO7042813,WCW9655,31,0,30,8,3.8,57,A
366727190,2022-01-01T02:01:32,40.60591,-74.20565,0.0,172.6,333.0,JILL REINAUER,IMO7042813,WCW9655,31,0,30,8,3.8,57,A
366727190,2022-01-01T01:59:32,40.60593,-74.20563,0.0,152.4,334.0,JILL REINAUER,IMO7042813,WCW9655,31,0,30,8,3.8,57,A
366727190,2022-01-01T02:09:53,40.60590,-74.20562,0.0,329.2,333.0,JILL REINAUER,IMO7042813,WCW9655,31,0,30,8,3.8,57,A
366727190,2022-01-01T02:12:13,40.60590,-74.20563,0.0,289.6,333.0,JILL REINAUER,IMO7042813,WCW9655,31,0,30,8,3.8,57,A
366727190,2022-01-01T02:14:42,40.60590,-74.20564,0.0,231.7,333.0,JILL REINAUER,IMO7042813,WCW9655,31,0,30,8,3.8,57,A
366727190,2022-01-01T02:08:43,40.60591,-74.20563,0.0,170.5,333.0,JILL REINAUER,IMO7042813,WCW9655,31,0,30,8,3.8,57,A
366727190,2022-01-01T02:13:32,40.60591,-74.20564,0.0,196.0,332.0,JILL REINAUER,IMO7042813,WCW9655,31,0,30,8,3.8,57,A
366727190,2022-01-01T02:11:03,40.60590,-74.20562,0.0,343.8,333.0,JILL REINAUER,IMO7042813,WCW9655,31,0,30,8,3.8,57,A
366727190,2022-01-01T01:09:44,40.63067,-74.20184,9.9,193.9,192.0,JILL REINAUER,IMO7042813,WCW9655,31,0,30,8,3.8,57,A
366727190,2022-01-01T02:18:11,40.60593,-74.20564,0.0,238.3,332.0,JILL REINAUER,IMO7042813,WCW9655,31,0,30,8,3.8,57,A
366727190,2022-01-01T02:19:22,40.60593,-74.20564,0.0,234.9,332.0,JILL REINAUER,IMO7042813,WCW9655,31,0,30,8,3.8,57,A
366727190,2022-01-01T01:13:06,40.62277,-74.20306,9.9,178.5,183.0,JILL REINAUER,IMO7042813,WCW9655,31,0,30,8,3.8,57,A
366727190,2022-01-01T02:27:22,40.60589,-74.20564,0.0,261.7,332.0,JILL REINAUER,IMO7042813,WCW9655,31,0,30,8,3.8,57,A
366727190,2022-01-01T02:28:43,40.60590,-74.20563,0.0,6.6,331.0,JILL REINAUER,IMO7042813,WCW9655,31,0,30,8,3.8,57,A
366727190,2022-01-01T02:15:52,40.60590,-74.20564,0.0,186.2,332.0,JILL REINAUER,IMO7042813,WCW9655,31,0,30,8,3.8,57,A
366727190,2022-01-01T02:17:03,40.60592,-74.20564,0.0,165.0,332.0,JILL REINAUER,IMO7042813,WCW9655,31,0,30,8,3.8,57,A
366727190,2022-01-01T02:25:02,40.60592,-74.20562,0.0,208.3,332.0,JILL REINAUER,IMO7042813,WCW9655,31,0,30,8,3.8,57,A
366727190,2022-01-01T01:16:41,40.61287,-74.20460,9.8,184.2,186.0,JILL REINAUER,IMO7042813,WCW9655,31,0,30,8,3.8,57,A
366727190,2022-01-01T02:35:43,40.60596,-74.20565,0.0,249.9,331.0,JILL REINAUER,IMO7042813,WCW9655,31,0,30,8,3.8,57,A
366727190,2022-01-01T02:36:52,40.60595,-74.20563,0.0,238.9,331.0,JILL REINAUER,IMO7042813,WCW9655,31,0,30,8,3.8,57,A
366727190,2022-01-01T02:38:03,40.60592,-74.20562,0.0,285.6,331.0,JILL REINAUER,IMO7042813,WCW9655,31,0,30,8,3.8,57,A
366727190,2022-01-01T02:23:53,40.60595,-74.20561,0.0,209.9,332.0,JILL REINAUER,IMO7042813,WCW9655,31,0,30,8,3.8,57,A
366727190,2022-01-01T02:40:22,40.60594,-74.20562,0.0,277.0,331.0,JILL REINAUER,IMO7042813,WCW9655,31,0,30,8,3.8,57,A
366727190,2022-01-01T02:32:12,40.60587,-74.20559,0.0,228.1,331.0,JILL REINAUER,IMO7042813,WCW9655,31,0,30,8,3.8,57,A
366727190,2022-01-01T02:41:32,40.60595,-74.20563,0.0,227.6,330.0,JILL REINAUER,IMO7042813,WCW9655,31,0,30,8,3.8,57,A
366727190,2022-01-01T02:33:22,40.60591,-74.20562,0.0,327.5,331.0,JILL REINAUER,IMO7042813,WCW9655,31,0,30,8,3.8,57,A
366727190,2022-01-01T02:34:32,40.60594,-74.20564,0.0,245.5,331.0,JILL REINAUER,IMO7042813,WCW9655,31,0,30,8,3.8,57,A
366727190,2022-01-01T02:29:52,40.60589,-74.20562,0.0,234.5,332.0,JILL REINAUER,IMO7042813,WCW9655,31,0,30,8,3.8,57,A
366727190,2022-01-01T02:31:02,40.60590,-74.20561,0.0,132.5,331.0,JILL REINAUER,IMO7042813,WCW9655,31,0,30,8,3.8,57,A
366727190,2022-01-01T02:42:42,40.60592,-74.20565,0.0,194.7,331.0,JILL REINAUER,IMO7042813,WCW9655,31,0,30,8,3.8,57,A
366727190,2022-01-01T02:39:11,40.60593,-74.20564,0.0,257.8,331.0,JILL REINAUER,IMO7042813,WCW9655,31,0,30,8,3.8,57,A
366727190,2022-01-01T02:49:42,40.60592,-74.20562,0.0,212.1,332.0,JILL REINAUER,IMO7042813,WCW9655,31,0,30,8,3.8,57,A
366727190,2022-01-01T02:48:32,40.60591,-74.20564,0.0,239.3,332.0,JILL REINAUER,IMO7042813,WCW9655,31,0,30,8,3.8,57,A
366727190,2022-01-01T02:45:03,40.60592,-74.20564,0.0,181.7,331.0,JILL REINAUER,IMO7042813,WCW9655,31,0,30,8,3.8,57,A
366727190,2022-01-01T02:50:52,40.60592,-74.20563,0.0,246.7,332.0,JILL REINAUER,IMO7042813,WCW9655,31,0,30,8,3.8,57,A
366727190,2022-01-01T02:52:01,40.60593,-74.20563,0.0,258.9,331.0,JILL REINAUER,IMO7042813,WCW9655,31,0,30,8,3.8,57,A
366727190,2022-01-01T01:24:06,40.60593,-74.20557,0.2,225.9,305.0,JILL REINAUER,IMO7042813,WCW9655,31,0,30,8,3.8,57,A
366727190,2022-01-01T02:46:12,40.60592,-74.20564,0.0,126.8,332.0,JILL REINAUER,IMO7042813,WCW9655,31,0,30,8,3.8,57,A
366727190,2022-01-01T03:01:13,40.60593,-74.20562,0.0,344.6,332.0,JILL REINAUER,IMO7042813,WCW9655,31,0,30,8,3.8,57,A
366727190,2022-01-01T02:56:42,40.60594,-74.20559,0.0,269.4,331.0,JILL REINAUER,IMO7042813,WCW9655,31,0,30,8,3.8,57,A
366727190,2022-01-01T02:43:53,40.60593,-74.20563,0.0,210.7,331.0,JILL REINAUER,IMO7042813,WCW9655,31,0,30,8,3.8,57,A
366727190,2022-01-01T02:55:33,40.60595,-74.20560,0.0,230.7,331.0,JILL REINAUER,IMO7042813,WCW9655,31,0,30,8,3.8,57,A
366727190,2022-01-01T02:47:22,40.60591,-74.20565,0.0,325.4,332.0,JILL REINAUER,IMO7042813,WCW9655,31,0,30,8,3.8,57,A
366727190,2022-01-01T02:59:02,40.60594,-74.20561,0.0,239.9,332.0,JILL REINAUER,IMO7042813,WCW9655,31,0,30,8,3.8,57,A
366727190,2022-01-01T03:03:31,40.60595,-74.20562,0.0,189.3,332.0,JILL REINAUER,IMO7042813,WCW9655,31,0,30,8,3.8,57,A
366727190,2022-01-01T01:31:02,40.60591,-74.20567,0.0,317.4,340.0,JILL REINAUER,IMO7042813,WCW9655,31,0,30,8,3.8,57,A
366727190,2022-01-01T03:06:13,40.60596,-74.20562,0.0,262.9,332.0,JILL REINAUER,IMO7042813,WCW9655,31,0,30,8,3.8,57,A
366727190,2022-01-01T03:11:12,40.60594,-74.20563,0.0,183.5,330.0,JILL REINAUER,IMO7042813,WCW9655,31,0,30,8,3.8,57,A
366727190,2022-01-01T03:08:22,40.60595,-74.20561,0.0,217.9,330.0,JILL REINAUER,IMO7042813,WCW9655,31,0,30,8,3.8,57,A
366727190,2022-01-01T02:54:23,40.60594,-74.20561,0.0,204.4,331.0,JILL REINAUER,IMO7042813,WCW9655,31,0,30,8,3.8,57,A
366727190,2022-01-01T03:14:52,40.60592,-74.20564,0.0,227.9,331.0,JILL REINAUER,IMO7042813,WCW9655,31,0,30,8,3.8,57,A
366727190,2022-01-01T02:57:51,40.60593,-74.20560,0.0,321.3,331.0,JILL REINAUER,IMO7042813,WCW9655,31,0,30,8,3.8,57,A
366727190,2022-01-01T03:21:43,40.60596,-74.20564,0.1,293.0,333.0,JILL REINAUER,IMO7042813,WCW9655,31,0,30,8,3.8,57,A
366727190,2022-01-01T03:09:31,40.60594,-74.20561,0.0,303.8,330.0,JILL REINAUER,IMO7042813,WCW9655,31,0,30,8,3.8,57,A
366727190,2022-01-01T03:02:21,40.60595,-74.20562,0.0,250.7,332.0,JILL REINAUER,IMO7042813,WCW9655,31,0,30,8,3.8,57,A
366727190,2022-01-01T01:40:22,40.60589,-74.20563,0.0,310.9,337.0,JILL REINAUER,IMO7042813,WCW9655,31,0,30,8,3.8,57,A
366727190,2022-01-01T03:07:21,40.60595,-74.20561,0.0,247.2,331.0,JILL REINAUER,IMO7042813,WCW9655,31,0,30,8,3.8,57,A
366727190,2022-01-01T03:16:02,40.60592,-74.20564,0.1,248.4,332.0,JILL REINAUER,IMO7042813,WCW9655,31,0,30,8,3.8,57,A
366727190,2022-01-01T03:17:03,40.60592,-74.20564,0.0,328.8,332.0,JILL REINAUER,IMO7042813,WCW9655,31,0,30,8,3.8,57,A
366727190,2022-01-01T03:25:11,40.60591,-74.20563,0.0,338.0,333.0,JILL REINAUER,IMO7042813,WCW9655,31,0,30,8,3.8,57,A
366727190,2022-01-01T03:13:32,40.60591,-74.20565,0.0,240.0,331.0,JILL REINAUER,IMO7042813,WCW9655,31,0,30,8,3.8,57,A
366727190,2022-01-01T03:28:42,40.60592,-74.20564,0.0,316.0,333.0,JILL REINAUER,IMO7042813,WCW9655,31,0,30,8,3.8,57,A
366727190,2022-01-01T03:20:31,40.60591,-74.20562,0.0,33.2,333.0,JILL REINAUER,IMO7042813,WCW9655,31,0,30,8,3.8,57,A
366727190,2022-01-01T03:24:01,40.60592,-74.20566,0.0,258.6,333.0,JILL REINAUER,IMO7042813,WCW9655,31,0,30,8,3.8,57,A
366727190,2022-01-01T03:22:51,40.60595,-74.20562,0.0,243.5,333.0,JILL REINAUER,IMO7042813,WCW9655,31,0,30,8,3.8,57,A
366727190,2022-01-01T03:18:12,40.60588,-74.20564,0.0,246.0,332.0,JILL REINAUER,IMO7042813,WCW9655,31,0,30,8,3.8,57,A
366727190,2022-01-01T03:34:42,40.60593,-74.20568,0.0,260.7,333.0,JILL REINAUER,IMO7042813,WCW9655,31,0,30,8,3.8,57,A
366727190,2022-01-01T03:33:32,40.60592,-74.20566,0.0,289.5,334.0,JILL REINAUER,IMO7042813,WCW9655,31,0,30,8,3.8,57,A
366727190,2022-01-01T01:47:31,40.60591,-74.20562,0.0,256.9,335.0,JILL REINAUER,IMO7042813,WCW9655,31,0,30,8,3.8,57,A
366727190,2022-01-01T03:30:01,40.60592,-74.20559,0.0,282.4,333.0,JILL REINAUER,IMO7042813,WCW9655,31,0,30,8,3.8,57,A
366727190,2022-01-01T03:38:11,40.60592,-74.20561,0.0,270.3,335.0,JILL REINAUER,IMO7042813,WCW9655,31,0,30,8,3.8,57,A
366727190,2022-01-01T01:48:43,40.60593,-74.20562,0.0,304.6,335.0,JILL REINAUER,IMO7042813,WCW9655,31,0,30,8,3.8,57,A
366727190,2022-01-01T03:35:52,40.60592,-74.20564,0.0,246.4,333.0,JILL REINAUER,IMO7042813,WCW9655,31,0,30,8,3.8,57,A
366727190,2022-01-01T03:40:21,40.60594,-74.20562,0.0,314.4,336.0,JILL REINAUER,IMO7042813,WCW9655,31,0,30,8,3.8,57,A
366727190,2022-01-01T03:37:02,40.60591,-74.20562,0.0,274.4,334.0,JILL REINAUER,IMO7042813,WCW9655,31,0,30,8,3.8,57,A
366727190,2022-01-01T03:39:12,40.60592,-74.20561,0.0,267.7,335.0,JILL REINAUER,IMO7042813,WCW9655,31,0,30,8,3.8,57,A
366727190,2022-01-01T03:31:11,40.60592,-74.20560,0.0,272.0,333.0,JILL REINAUER,IMO7042813,WCW9655,31,0,30,8,3.8,57,A
366727190,2022-01-01T03:41:32,40.60593,-74.20563,0.0,11.8,335.0,JILL REINAUER,IMO7042813,WCW9655,31,0,30,8,3.8,57,A
366727190,2022-01-01T03:43:52,40.60591,-74.20562,0.0,247.8,330.0,JILL REINAUER,IMO7042813,WCW9655,31,0,30,8,3.8,57,A
366727190,2022-01-01T03:46:12,40.60594,-74.20563,0.0,125.1,328.0,JILL REINAUER,IMO7042813,WCW9655,31,0,30,8,3.8,57,A
366727190,2022-01-01T01:54:42,40.60592,-74.20564,0.0,96.6,332.0,JILL REINAUER,IMO7042813,WCW9655,31,0,30,8,3.8,57,A
366727190,2022-01-01T03:56:41,40.60595,-74.20565,0.0,245.1,340.0,JILL REINAUER,IMO7042813,WCW9655,31,0,30,8,3.8,57,A
366727190,2022-01-01T03:47:22,40.60592,-74.20563,0.0,224.6,329.0,JILL REINAUER,IMO7042813,WCW9655,31,0,30,8,3.8,57,A
366727190,2022-01-01T03:54:23,40.60592,-74.20564,0.0,321.0,339.0,JILL REINAUER,IMO7042813,WCW9655,31,0,30,8,3.8,57,A
366727190,2022-01-01T01:57:01,40.60595,-74.20563,0.0,210.8,333.0,JILL REINAUER,IMO7042813,WCW9655,31,0,30,8,3.8,57,A
366727190,2022-01-01T03:55:32,40.60594,-74.20564,0.0,250.2,340.0,JILL REINAUER,IMO7042813,WCW9655,31,0,30,8,3.8,57,A
366727190,2022-01-01T03:45:02,40.60596,-74.20566,0.0,289.9,328.0,JILL REINAUER,IMO7042813,WCW9655,31,0,30,8,3.8,57,A
366727190,2022-01-01T03:53:11,40.60594,-74.20564,0.0,232.6,338.0,JILL REINAUER,IMO7042813,WCW9655,31,0,30,8,3.8,57,A
366727190,2022-01-01T02:00:12,40.60593,-74.20562,0.0,337.6,334.0,JILL REINAUER,IMO7042813,WCW9655,31,0,30,8,3.8,57,A
366727190,2022-01-01T03:57:51,40.60595,-74.20564,0.0,337.9,339.0,JILL REINAUER,IMO7042813,WCW9655,31,0,30,8,3.8,57,A
366727190,2022-01-01T03:48:31,40.60592,-74.20563,0.0,186.5,331.0,JILL REINAUER,IMO7042813,WCW9655,31,0,30,8,3.8,57,A
366727190,2022-01-01T03:52:01,40.60594,-74.20565,0.1,281.0,337.0,JILL REINAUER,IMO7042813,WCW9655,31,0,30,8,3.8,57,A
366727190,2022-01-01T03:49:42,40.60593,-74.20564,0.0,3.9,333.0,JILL REINAUER,IMO7042813,WCW9655,31,0,30,8,3.8,57,A
366727190,2022-01-01T02:02:42,40.60591,-74.20564,0.0,319.1,334.0,JILL REINAUER,IMO7042813,WCW9655,31,0,30,8,3.8,57,A
366727190,2022-01-01T04:06:51,40.60595,-74.20564,0.0,286.1,340.0,JILL REINAUER,IMO7042813,WCW9655,31,0,30,8,3.8,57,A
366727190,2022-01-01T04:03:31,40.60597,-74.20565,0.0,329.3,341.0,JILL REINAUER,IMO7042813,WCW9655,31,0,30,8,3.8,57,A
366727190,2022-01-01T04:05:42,40.60594,-74.20565,0.0,291.7,340.0,JILL REINAUER,IMO7042813,WCW9655,31,0,30,8,3.8,57,A
366727190,2022-01-01T02:06:21,40.60593,-74.20562,0.0,288.0,333.0,JILL REINAUER,IMO7042813,WCW9655,31,0,30,8,3.8,57,A
366727190,2022-01-01T04:18:22,40.60600,-74.20569,0.0,317.3,340.0,JILL REINAUER,IMO7042813,WCW9655,31,0,30,8,3.8,57,A
366727190,2022-01-01T03:59:01,40.60593,-74.20563,0.0,339.7,340.0,JILL REINAUER,IMO7042813,WCW9655,31,0,30,8,3.8,57,A
366727190,2022-01-01T04:00:01,40.60592,-74.20562,0.0,322.9,340.0,JILL REINAUER,IMO7042813,WCW9655,31,0,30,8,3.8,57,A
366727190,2022-01-01T04:10:22,40.60594,-74.20564,0.0,284.8,338.0,JILL REINAUER,IMO7042813,WCW9655,31,0,30,8,3.8,57,A
366727190,2022-01-01T04:11:32,40.60594,-74.20563,0.0,310.9,338.0,JILL REINAUER,IMO7042813,WCW9655,31,0,30,8,3.8,57,A
366727190,2022-01-01T04:01:12,40.60594,-74.20563,0.0,230.6,341.0,JILL REINAUER,IMO7042813,WCW9655,31,0,30,8,3.8,57,A
366727190,2022-01-01T04:12:41,40.60595,-74.20563,0.0,313.0,337.0,JILL REINAUER,IMO7042813,WCW9655,31,0,30,8,3.8,57,A
366727190,2022-01-01T04:14:53,40.60596,-74.20566,0.1,331.3,338.0,JILL REINAUER,IMO7042813,WCW9655,31,0,30,8,3.8,57,A
366727190,2022-01-01T04:04:32,40.60595,-74.20563,0.0,297.8,340.0,JILL REINAUER,IMO7042813,WCW9655,31,0,30,8,3.8,57,A
366727190,2022-01-01T04:16:02,40.60597,-74.20566,0.1,346.2,342.0,JILL REINAUER,IMO7042813,WCW9655,31,0,30,8,3.8,57,A
366727190,2022-01-01T04:02:21,40.60596,-74.20564,0.0,251.7,341.0,JILL REINAUER,IMO7042813,WCW9655,31,0,30,8,3.8,57,A
366727190,2022-01-01T04:31:12,40.60596,-74.20567,0.0,125.5,324.0,JILL REINAUER,IMO7042813,WCW9655,31,0,30,8,3.8,57,A
366727190,2022-01-01T04:19:32,40.60599,-74.20569,0.0,326.8,337.0,JILL REINAUER,IMO7042813,WCW9655,31,0,30,8,3.8,57,A
366727190,2022-01-01T04:33:32,40.60598,-74.20566,0.0,251.7,322.0,JILL REINAUER,IMO7042813,WCW9655,31,0,30,8,3.8,57,A
366727190,2022-01-01T04:09:11,40.60594,-74.20565,0.0,315.4,339.0,JILL REINAUER,IMO7042813,WCW9655,31,0,30,8,3.8,57,A
366727190,2022-01-01T04:23:02,40.60601,-74.20567,0.1,329.8,328.0,JILL REINAUER,IMO7042813,WCW9655,31,0,30,8,3.8,57,A
366727190,2022-01-01T04:24:11,40.60602,-74.20567,0.0,309.7,324.0,JILL REINAUER,IMO7042813,WCW9655,31,0,30,8,3.8,57,A
366727190,2022-01-01T04:34:43,40.60597,-74.20566,0.0,314.5,321.0,JILL REINAUER,IMO7042813,WCW9655,31,0,30,8,3.8,57,A
366727190,2022-01-01T04:27:41,40.60601,-74.20565,0.0,88.1,319.0,JILL REINAUER,IMO7042813,WCW9655,31,0,30,8,3.8,57,A
366727190,2022-01-01T04:39:12,40.60594,-74.20565,0.0,309.4,327.0,JILL REINAUER,IMO7042813,WCW9655,31,0,30,8,3.8,57,A
366727190,2022-01-01T04:30:02,40.60599,-74.20565,0.0,130.7,322.0,JILL REINAUER,IMO7042813,WCW9655,31,0,30,8,3.8,57,A
366727190,2022-01-01T04:21:51,40.60601,-74.20567,0.0,324.8,332.0,JILL REINAUER,IMO7042813,WCW9655,31,0,30,8,3.8,57,A
366727190,2022-01-01T04:44:52,40.60590,-74.20567,0.0,181.0,333.0,JILL REINAUER,IMO7042813,WCW9655,31,0,30,8,3.8,57,A
366727190,2022-01-01T04:46:02,40.60591,-74.20566,0.0,179.1,334.0,JILL REINAUER,IMO7042813,WCW9655,31,0,30,8,3.8,57,A
366727190,2022-01-01T04:28:52,40.60601,-74.20565,0.0,102.0,320.0,JILL REINAUER,IMO7042813,WCW9655,31,0,30,8,3.8,57,A
366727190,2022-01-01T04:40:23,40.60594,-74.20566,0.0,190.5,330.0,JILL REINAUER,IMO7042813,WCW9655,31,0,30,8,3.8,57,A
366727190,2022-01-01T04:41:31,40.60598,-74.20566,0.1,223.6,332.0,JILL REINAUER,IMO7042813,WCW9655,31,0,30,8,3.8,57,A
366727190,2022-01-01T02:20:32,40.60591,-74.20564,0.0,221.3,332.0,JILL REINAUER,IMO7042813,WCW9655,31,0,30,8,3.8,57,A
366727190,2022-01-01T04:38:02,40.60594,-74.20566,0.0,178.8,325.0,JILL REINAUER,IMO7042813,WCW9655,31,0,30,8,3.8,57,A
366727190,2022-01-01T04:42:42,40.60594,-74.20568,0.0,223.8,333.0,JILL REINAUER,IMO7042813,WCW9655,31,0,30,8,3.8,57,A
366727190,2022-01-01T02:21:43,40.60591,-74.20563,0.0,234.4,331.0,JILL REINAUER,IMO7042813,WCW9655,31,0,30,8,3.8,57,A
366727190,2022-01-01T04:43:43,40.60589,-74.20569,0.0,180.9,333.0,JILL REINAUER,IMO7042813,WCW9655,31,0,30,8,3.8,57,A
366727190,2022-01-01T02:22:52,40.60593,-74.20561,0.0,190.8,332.0,JILL REINAUER,IMO7042813,WCW9655,31,0,30,8,3.8,57,A
366727190,2022-01-01T04:47:12,40.60594,-74.20565,0.1,195.6,334.0,JILL REINAUER,IMO7042813,WCW9655,31,0,30,8,3.8,57,A
366727190,2022-01-01T04:32:23,40.60598,-74.20566,0.0,311.5,324.0,JILL REINAUER,IMO7042813,WCW9655,31,0,30,8,3.8,57,A
366727190,2022-01-01T04:57:42,40.60590,-74.20567,0.1,201.5,340.0,JILL REINAUER,IMO7042813,WCW9655,31,0,30,8,3.8,57,A
366727190,2022-01-01T02:26:12,40.60593,-74.20565,0.0,0.0,332.0,JILL REINAUER,IMO7042813,WCW9655,31,0,30,8,3.8,57,A
366727190,2022-01-01T05:00:01,40.60594,-74.20564,0.0,223.7,342.0,JILL REINAUER,IMO7042813,WCW9655,31,0,30,8,3.8,57,A
366727190,2022-01-01T04:49:31,40.60593,-74.20566,0.0,345.2,336.0,JILL REINAUER,IMO7042813,WCW9655,31,0,30,8,3.8,57,A
366727190,2022-01-01T04:50:42,40.60594,-74.20565,0.0,333.6,335.0,JILL REINAUER,IMO7042813,WCW9655,31,0,30,8,3.8,57,A
366727190,2022-01-01T04:51:52,40.60596,-74.20564,0.0,260.0,337.0,JILL REINAUER,IMO7042813,WCW9655,31,0,30,8,3.8,57,A
366727190,2022-01-01T05:04:42,40.60594,-74.20564,0.1,203.2,340.0,JILL REINAUER,IMO7042813,WCW9655,31,0,30,8,3.8,57,A
366727190,2022-01-01T04:56:31,40.60592,-74.20566,0.0,53.7,339.0,JILL REINAUER,IMO7042813,WCW9655,31,0,30,8,3.8,57,A
366727190,2022-01-01T05:03:33,40.60595,-74.20565,0.1,233.0,342.0,JILL REINAUER,IMO7042813,WCW9655,31,0,30,8,3.8,57,A
366727190,2022-01-01T05:02:22,40.60594,-74.20564,0.0,200.4,341.0,JILL REINAUER,IMO7042813,WCW9655,31,0,30,8,3.8,57,A
366727190,2022-01-01T04:54:12,40.60595,-74.20565,0.0,334.9,338.0,JILL REINAUER,IMO7042813,WCW9655,31,0,30,8,3.8,57,A
366727190,2022-01-01T04:55:22,40.60598,-74.20565,0.0,137.3,339.0,JILL REINAUER,IMO7042813,WCW9655,31,0,30,8,3.8,57,A
366727190,2022-01-01T05:18:28,40.60601,-74.20559,0.2,357.6,280.0,JILL REINAUER,IMO7042813,WCW9655,31,0,30,8,3.8,57,A
366727190,2022-01-01T05:08:12,40.60596,-74.20563,0.0,189.8,338.0,JILL REINAUER,IMO7042813,WCW9655,31,0,30,8,3.8,57,A
366727190,2022-01-01T05:20:36,40.60608,-74.20543,0.2,76.3,280.0,JILL REINAUER,IMO7042813,WCW9655,31,0,30,8,3.8,57,A
366727190,2022-01-01T05:12:52,40.60595,-74.20563,0.0,347.5,338.0,JILL REINAUER,IMO7042813,WCW9655,31,0,30,8,3.8,57,A
366727190,2022-01-01T05:09:21,40.60595,-74.20564,0.0,220.2,339.0,JILL REINAUER,IMO7042813,WCW9655,31,0,30,8,3.8,57,A
366727190,2022-01-01T04:58:52,40.60594,-74.20565,0.0,201.6,341.0,JILL REINAUER,IMO7042813,WCW9655,31,0,30,8,3.8,57,A
366727190,2022-01-01T05:14:01,40.60595,-74.20564,0.0,333.9,338.0,JILL REINAUER,IMO7042813,WCW9655,31,0,30,8,3.8,57,A
366727190,2022-01-01T05:01:12,40.60593,-74.20564,0.1,207.9,341.0,JILL REINAUER,IMO7042813,WCW9655,31,0,30,8,3.8,57,A
366727190,2022-01-01T05:22:43,40.60662,-74.20569,2.0,350.0,354.0,JILL REINAUER,IMO7042813,WCW9655,31,0,30,8,3.8,57,A
366727190,2022-01-01T05:26:55,40.60810,-74.20540,0.9,6.4,12.0,JILL REINAUER,IMO7042813,WCW9655,31,0,30,8,3.8,57,A
366727190,2022-01-01T05:27:58,40.60807,-74.20489,4.0,153.1,162.0,JILL REINAUER,IMO7042813,WCW9655,31,0,30,8,3.8,57,A
366727190,2022-01-01T05:29:02,40.60633,-74.20416,7.2,163.1,162.0,JILL REINAUER,IMO7042813,WCW9655,31,0,30,8,3.8,57,A
366727190,2022-01-01T05:07:02,40.60596,-74.20565,0.0,299.6,338.0,JILL REINAUER,IMO7042813,WCW9655,31,0,30,8,3.8,57,A
366727190,2022-01-01T05:30:03,40.60446,-74.20325,7.2,149.3,148.0,JILL REINAUER,IMO7042813,WCW9655,31,0,30,8,3.8,57,A
366727190,2022-01-01T05:31:12,40.60259,-74.20160,6.8,145.0,147.0,JILL REINAUER,IMO7042813,WCW9655,31,0,30,8,3.8,57,A
366727190,2022-01-01T05:16:22,40.60595,-74.20563,0.0,341.2,339.0,JILL REINAUER,IMO7042813,WCW9655,31,0,30,8,3.8,57,A
366727190,2022-01-01T05:21:39,40.60618,-74.20550,1.1,322.6,329.0,JILL REINAUER,IMO7042813,WCW9655,31,0,30,8,3.8,57,A
366727190,2022-01-01T05:23:46,40.60708,-74.20567,1.3,17.2,21.0,JILL REINAUER,IMO7042813,WCW9655,31,0,30,8,3.8,57,A
366727190,2022-01-01T05:15:12,40.60596,-74.20563,0.0,311.5,338.0,JILL REINAUER,IMO7042813,WCW9655,31,0,30,8,3.8,57,A
366727190,2022-01-01T05:17:25,40.60598,-74.20562,0.1,87.8,313.0,JILL REINAUER,IMO7042813,WCW9655,31,0,30,8,3.8,57,A
366727190,2022-01-01T05:19:32,40.60605,-74.20553,0.4,74.1,267.0,JILL REINAUER,IMO7042813,WCW9655,31,0,30,8,3.8,57,A
366727190,2022-01-01T05:34:39,40.59640,-74.20164,6.6,211.1,219.0,JILL REINAUER,IMO7042813,WCW9655,31,0,30,8,3.8,57,A
366727190,2022-01-01T05:45:29,40.59046,-74.20597,1.0,344.1,353.0,JILL REINAUER,IMO7042813,WCW9655,31,0,30,8,3.8,57,A
366727190,2022-01-01T05:43:22,40.59027,-74.20617,0.9,135.9,51.0,JILL REINAUER,IMO7042813,WCW9655,31,0,30,8,3.8,57,A
366727190,2022-01-01T05:32:15,40.60093,-74.20041,6.2,162.6,171.0,JILL REINAUER,IMO7042813,WCW9655,31,0,30,8,3.8,57,A
366727190,2022-01-01T05:47:34,40.59112,-74.20601,1.1,351.9,315.0,JILL REINAUER,IMO7042813,WCW9655,31,0,30,8,3.8,57,A
366727190,2022-01-01T05:33:36,40.59834,-74.20048,7.3,196.5,205.0,JILL REINAUER,IMO7042813,WCW9655,31,0,30,8,3.8,57,A
366727190,2022-01-01T05:48:36,40.59135,-74.20611,0.6,323.3,323.0,JILL REINAUER,IMO7042813,WCW9655,31,0,30,8,3.8,57,A
366727190,2022-01-01T05:46:33,40.59075,-74.20601,1.2,357.9,332.0,JILL REINAUER,IMO7042813,WCW9655,31,0,30,8,3.8,57,A
366727190,2022-01-01T06:08:02,40.59153,-74.20628,0.0,187.6,301.0,JILL REINAUER,IMO7042813,WCW9655,31,0,30,8,3.8,57,A
366727190,2022-01-01T05:39:01,40.59263,-74.20513,2.8,212.2,206.0,JILL REINAUER,IMO7042813,WCW9655,31,0,30,8,3.8,57,A
366727190,2022-01-01T05:36:51,40.59416,-74.20372,3.6,216.7,213.0,JILL REINAUER,IMO7042813,WCW9655,31,0,30,8,3.8,57,A
366727190,2022-01-01T05:40:12,40.59193,-74.20569,2.3,210.8,200.0,JILL REINAUER,IMO7042813,WCW9655,31,0,30,8,3.8,57,A
366727190,2022-01-01T05:52:11,40.59154,-74.20629,0.1,162.0,321.0,JILL REINAUER,IMO7042813,WCW9655,31,0,30,8,3.8,57,A
366727190,2022-01-01T05:37:53,40.59339,-74.20447,3.1,214.9,211.0,JILL REINAUER,IMO7042813,WCW9655,31,0,30,8,3.8,57,A
366727190,2022-01-01T06:09:13,40.59153,-74.20626,0.0,303.4,299.0,JILL REINAUER,IMO7042813,WCW9655,31,0,30,8,3.8,57,A
366727190,2022-01-01T05:53:16,40.59153,-74.20628,0.1,41.0,312.0,JILL REINAUER,IMO7042813,WCW9655,31,0,30,8,3.8,57,A
366727190,2022-01-01T02:53:12,40.60592,-74.20563,0.0,203.0,331.0,JILL REINAUER,IMO7042813,WCW9655,31,0,30,8,3.8,57,A
366727190,2022-01-01T05:42:18,40.59062,-74.20627,1.8,182.8,111.0,JILL REINAUER,IMO7042813,WCW9655,31,0,30,8,3.8,57,A
366727190,2022-01-01T06:13:22,40.59154,-74.20628,0.0,10.6,297.0,JILL REINAUER,IMO7042813,WCW9655,31,0,30,8,3.8,57,A
366727190,2022-01-01T05:54:22,40.59153,-74.20627,0.1,305.3,304.0,JILL REINAUER,IMO7042813,WCW9655,31,0,30,8,3.8,57,A
366727190,2022-01-01T05:44:26,40.59024,-74.20596,0.6,28.8,20.0,JILL REINAUER,IMO7042813,WCW9655,31,0,30,8,3.8,57,A
366727190,2022-01-01T05:59:01,40.59155,-74.20627,0.0,160.7,300.0,JILL REINAUER,IMO7042813,WCW9655,31,0,30,8,3.8,57,A
366727190,2022-01-01T06:02:22,40.59152,-74.20625,0.0,58.0,302.0,JILL REINAUER,IMO7042813,WCW9655,31,0,30,8,3.8,57,A
366727190,2022-01-01T06:03:31,40.59152,-74.20624,0.0,228.9,301.0,JILL REINAUER,IMO7042813,WCW9655,31,0,30,8,3.8,57,A
366727190,2022-01-01T03:00:02,40.60594,-74.20562,0.0,207.2,332.0,JILL REINAUER,IMO7042813,WCW9655,31,0,30,8,3.8,57,A
366727190,2022-01-01T06:01:12,40.59153,-74.20627,0.0,195.1,303.0,JILL REINAUER,IMO7042813,WCW9655,31,0,30,8,3.8,57,A
366727190,2022-01-01T06:11:32,40.59154,-74.20627,0.0,270.4,298.0,JILL REINAUER,IMO7042813,WCW9655,31,0,30,8,3.8,57,A
366727190,2022-01-01T05:49:42,40.59148,-74.20620,0.3,329.9,324.0,JILL REINAUER,IMO7042813,WCW9655,31,0,30,8,3.8,57,A
366727190,2022-01-01T05:50:53,40.59153,-74.20626,0.2,315.7,323.0,JILL REINAUER,IMO7042813,WCW9655,31,0,30,8,3.8,57,A
366727190,2022-01-01T06:04:32,40.59153,-74.20625,0.0,90.3,301.0,JILL REINAUER,IMO7042813,WCW9655,31,0,30,8,3.8,57,A
366727190,2022-01-01T05:57:53,40.59155,-74.20628,0.0,20.4,302.0,JILL REINAUER,IMO7042813,WCW9655,31,0,30,8,3.8,57,A
366727190,2022-01-01T06:06:53,40.59155,-74.20629,0.0,329.0,302.0,JILL REINAUER,IMO7042813,WCW9655,31,0,30,8,3.8,57,A
366727190,2022-01-01T06:10:22,40.59154,-74.20627,0.0,153.6,298.0,JILL REINAUER,IMO7042813,WCW9655,31,0,30,8,3.8,57,A
366727190,2022-01-01T05:56:52,40.59158,-74.20628,0.0,116.7,303.0,JILL REINAUER,IMO7042813,WCW9655,31,0,30,8,3.8,57,A
366727190,2022-01-01T06:00:01,40.59153,-74.20627,0.0,286.6,302.0,JILL REINAUER,IMO7042813,WCW9655,31,0,30,8,3.8,57,A
366727190,2022-01-01T03:04:41,40.60595,-74.20561,0.0,229.6,332.0,JILL REINAUER,IMO7042813,WCW9655,31,0,30,8,3.8,57,A
366727190,2022-01-01T06:15:42,40.59154,-74.20627,0.0,352.2,304.0,JILL REINAUER,IMO7042813,WCW9655,31,0,30,8,3.8,57,A
366727190,2022-01-01T06:14:32,40.59155,-74.20627,0.1,198.1,299.0,JILL REINAUER,IMO7042813,WCW9655,31,0,30,8,3.8,57,A
366727190,2022-01-01T06:16:51,40.59152,-74.20628,0.0,126.0,305.0,JILL REINAUER,IMO7042813,WCW9655,31,0,30,8,3.8,57,A
366727190,2022-01-01T06:19:12,40.59156,-74.20627,0.1,187.9,295.0,JILL REINAUER,IMO7042813,WCW9655,31,0,30,8,3.8,57,A
366727190,2022-01-01T06:20:22,40.59155,-74.20628,0.0,346.9,301.0,JILL REINAUER,IMO7042813,WCW9655,31,0,30,8,3.8,57,A
366727190,2022-01-01T06:05:43,40.59154,-74.20628,0.0,185.2,303.0,JILL REINAUER,IMO7042813,WCW9655,31,0,30,8,3.8,57,A
366727190,2022-01-01T06:21:31,40.59154,-74.20627,0.0,106.6,298.0,JILL REINAUER,IMO7042813,WCW9655,31,0,30,8,3.8,57,A
366727190,2022-01-01T06:44:31,40.58069,-74.20940,7.9,190.9,193.0,JILL REINAUER,IMO7042813,WCW9655,31,0,30,8,3.8,57,A
366727190,2022-01-01T06:47:36,40.57413,-74.21102,7.3,191.1,192.0,JILL REINAUER,IMO7042813,WCW9655,31,0,30,8,3.8,57,A
366727190,2022-01-01T06:48:39,40.57211,-74.21163,7.2,194.7,194.0,JILL REINAUER,IMO7042813,WCW9655,31,0,30,8,3.8,57,A
366727190,2022-01-01T06:22:43,40.59156,-74.20628,0.0,73.7,297.0,JILL REINAUER,IMO7042813,WCW9655,31,0,30,8,3.8,57,A
366727190,2022-01-01T06:31:56,40.59130,-74.20640,0.1,181.2,358.0,JILL REINAUER,IMO7042813,WCW9655,31,0,30,8,3.8,57,A
366727190,2022-01-01T06:23:53,40.59150,-74.20623,0.0,7.0,296.0,JILL REINAUER,IMO7042813,WCW9655,31,0,30,8,3.8,57,A
366727190,2022-01-01T06:50:42,40.56802,-74.21286,8.0,196.4,195.0,JILL REINAUER,IMO7042813,WCW9655,31,0,30,8,3.8,57,A
366727190,2022-01-01T06:27:22,40.59152,-74.20629,0.1,193.8,312.0,JILL REINAUER,IMO7042813,WCW9655,31,0,30,8,3.8,57,A
366727190,2022-01-01T06:18:02,40.59153,-74.20627,0.0,24.4,298.0,JILL REINAUER,IMO7042813,WCW9655,31,0,30,8,3.8,57,A
366727190,2022-01-01T06:35:04,40.59212,-74.20559,1.9,97.8,121.0,JILL REINAUER,IMO7042813,WCW9655,31,0,30,8,3.8,57,A
366727190,2022-01-01T06:29:42,40.59144,-74.20636,0.2,197.5,330.0,JILL REINAUER,IMO7042813,WCW9655,31,0,30,8,3.8,57,A
366727190,2022-01-01T06:36:08,40.59159,-74.20500,3.0,164.0,168.0,JILL REINAUER,IMO7042813,WCW9655,31,0,30,8,3.8,57,A
366727190,2022-01-01T06:38:14,40.59044,-74.20492,0.3,198.4,96.0,JILL REINAUER,IMO7042813,WCW9655,31,0,30,8,3.8,57,A
366727190,2022-01-01T03:12:22,40.60592,-74.20563,0.0,264.8,331.0,JILL REINAUER,IMO7042813,WCW9655,31,0,30,8,3.8,57,A
366727190,2022-01-01T06:30:51,40.59137,-74.20639,0.2,209.9,339.0,JILL REINAUER,IMO7042813,WCW9655,31,0,30,8,3.8,57,A
366727190,2022-01-01T06:55:12,40.55919,-74.21787,7.0,229.7,235.0,JILL REINAUER,IMO7042813,WCW9655,31,0,30,8,3.8,57,A
366727190,2022-01-01T06:34:02,40.59168,-74.20618,1.8,30.0,37.0,JILL REINAUER,IMO7042813,WCW9655,31,0,30,8,3.8,57,A
366727190,2022-01-01T06:59:32,40.55824,-74.22874,8.0,268.2,270.0,JILL REINAUER,IMO7042813,WCW9655,31,0,30,8,3.8,57,A
366727190,2022-01-01T07:01:08,40.55804,-74.23331,7.8,262.8,262.0,JILL REINAUER,IMO7042813,WCW9655,31,0,30,8,3.8,57,A
366727190,2022-01-01T07:04:15,40.55592,-74.24165,7.7,245.6,245.0,JILL REINAUER,IMO7042813,WCW9655,31,0,30,8,3.8,57,A
366727190,2022-01-01T06:39:16,40.59038,-74.20499,0.0,245.4,31.0,JILL REINAUER,IMO7042813,WCW9655,31,0,30,8,3.8,57,A
366727190,2022-01-01T06:42:25,40.58565,-74.20805,9.4,194.0,195.0,JILL REINAUER,IMO7042813,WCW9655,31,0,30,8,3.8,57,A
366727190,2022-01-01T06:43:28,40.58304,-74.20879,9.0,191.2,192.0,JILL REINAUER,IMO7042813,WCW9655,31,0,30,8,3.8,57,A
366727190,2022-01-01T06:32:58,40.59143,-74.20633,1.0,26.3,29.0,JILL REINAUER,IMO7042813,WCW9655,31,0,30,8,3.8,57,A
366727190,2022-01-01T03:19:21,40.60591,-74.20563,0.0,238.2,331.0,JILL REINAUER,IMO7042813,WCW9655,31,0,30,8,3.8,57,A
366727190,2022-01-01T06:46:35,40.57623,-74.21052,7.8,190.3,193.0,JILL REINAUER,IMO7042813,WCW9655,31,0,30,8,3.8,57,A
366727190,2022-01-01T06:37:12,40.59076,-74.20502,2.2,178.4,163.0,JILL REINAUER,IMO7042813,WCW9655,31,0,30,8,3.8,57,A
366727190,2022-01-01T06:53:04,40.56294,-74.21484,7.9,197.4,200.0,JILL REINAUER,IMO7042813,WCW9655,31,0,30,8,3.8,57,A
366727190,2022-01-01T06:28:31,40.59148,-74.20631,0.2,196.8,320.0,JILL REINAUER,IMO7042813,WCW9655,31,0,30,8,3.8,57,A
366727190,2022-01-01T06:58:23,40.55825,-74.22540,7.4,273.5,275.0,JILL REINAUER,IMO7042813,WCW9655,31,0,30,8,3.8,57,A
366727190,2022-01-01T06:57:22,40.55820,-74.22285,7.0,273.2,270.0,JILL REINAUER,IMO7042813,WCW9655,31,0,30,8,3.8,57,A
366727190,2022-01-01T06:40:18,40.59047,-74.20565,6.3,238.5,225.0,JILL REINAUER,IMO7042813,WCW9655,31,0,30,8,3.8,57,A
366727190,2022-01-01T07:00:01,40.55821,-74.23009,8.0,266.3,267.0,JILL REINAUER,IMO7042813,WCW9655,31,0,30,8,3.8,57,A
366727190,2022-01-01T07:02:12,40.55753,-74.23630,7.8,254.9,256.0,JILL REINAUER,IMO7042813,WCW9655,31,0,30,8,3.8,57,A
366727190,2022-01-01T07:09:31,40.54925,-74.25155,4.9,201.3,204.0,JILL REINAUER,IMO7042813,WCW9655,31,0,30,8,3.8,57,A
366727190,2022-01-01T07:28:56,40.54346,-74.25288,0.0,208.4,278.0,JILL REINAUER,IMO7042813,WCW9655,31,0,30,8,3.8,57,A
366727190,2022-01-01T06:45:34,40.57845,-74.20997,8.0,191.1,192.0,JILL REINAUER,IMO7042813,WCW9655,31,0,30,8,3.8,57,A
366727190,2022-01-01T07:06:24,40.55341,-74.24670,7.9,232.4,235.0,JILL REINAUER,IMO7042813,WCW9655,31,0,30,8,3.8,57,A
366727190,2022-01-01T07:12:52,40.54617,-74.25243,2.8,185.5,180.0,JILL REINAUER,IMO7042813,WCW9655,31,0,30,8,3.8,57,A
366727190,2022-01-01T06:56:19,40.55823,-74.22027,6.1,261.1,268.0,JILL REINAUER,IMO7042813,WCW9655,31,0,30,8,3.8,57,A
366727190,2022-01-01T06:52:01,40.56518,-74.21386,8.1,196.9,198.0,JILL REINAUER,IMO7042813,WCW9655,31,0,30,8,3.8,57,A
366727190,2022-01-01T03:26:22,40.60592,-74.20561,0.0,339.6,333.0,JILL REINAUER,IMO7042813,WCW9655,31,0,30,8,3.8,57,A
366727190,2022-01-01T07:16:23,40.54366,-74.25259,1.9,181.1,176.0,JILL REINAUER,IMO7042813,WCW9655,31,0,30,8,3.8,57,A
366727190,2022-01-01T07:10:34,40.54806,-74.25204,3.4,195.4,193.0,JILL REINAUER,IMO7042813,WCW9655,31,0,30,8,3.8,57,A
366727190,2022-01-01T07:11:42,40.54713,-74.25226,2.8,188.5,183.0,JILL REINAUER,IMO7042813,WCW9655,31,0,30,8,3.8,57,A
366727190,2022-01-01T07:15:13,40.54438,-74.25258,2.5,182.0,177.0,JILL REINAUER,IMO7042813,WCW9655,31,0,30,8,3.8,57,A
366727190,2022-01-01T03:27:32,40.60594,-74.20562,0.0,258.0,333.0,JILL REINAUER,IMO7042813,WCW9655,31,0,30,8,3.8,57,A
366727190,2022-01-01T07:17:25,40.54314,-74.25256,1.7,165.5,157.0,JILL REINAUER,IMO7042813,WCW9655,31,0,30,8,3.8,57,A
366727190,2022-01-01T07:45:11,40.54339,-74.25292,0.0,159.6,273.0,JILL REINAUER,IMO7042813,WCW9655,31,0,30,8,3.8,57,A
366727190,2022-01-01T07:18:28,40.54282,-74.25234,0.8,132.6,132.0,JILL REINAUER,IMO7042813,WCW9655,31,0,30,8,3.8,57,A
366727190,2022-01-01T07:03:13,40.55683,-74.23895,7.7,247.1,247.0,JILL REINAUER,IMO7042813,WCW9655,31,0,30,8,3.8,57,A
366727190,2022-01-01T07:23:43,40.54360,-74.25264,0.6,302.1,270.0,JILL REINAUER,IMO7042813,WCW9655,31,0,30,8,3.8,57,A
366727190,2022-01-01T07:08:29,40.55082,-74.25059,6.5,211.6,212.0,JILL REINAUER,IMO7042813,WCW9655,31,0,30,8,3.8,57,A
366727190,2022-01-01T07:25:49,40.54367,-74.25290,0.2,284.6,221.0,JILL REINAUER,IMO7042813,WCW9655,31,0,30,8,3.8,57,A
366727190,2022-01-01T07:14:01,40.54529,-74.25252,2.8,184.7,180.0,JILL REINAUER,IMO7042813,WCW9655,31,0,30,8,3.8,57,A
366727190,2022-01-01T07:26:52,40.54360,-74.25288,0.5,171.5,247.0,JILL REINAUER,IMO7042813,WCW9655,31,0,30,8,3.8,57,A
366727190,2022-01-01T07:29:59,40.54341,-74.25289,0.1,6.5,276.0,JILL REINAUER,IMO7042813,WCW9655,31,0,30,8,3.8,57,A
366727190,2022-01-01T07:57:22,40.55397,-74.24467,7.4,58.1,59.0,JILL REINAUER,IMO7042813,WCW9655,31,0,30,8,3.8,57,A
366727190,2022-01-01T03:32:23,40.60592,-74.20563,0.0,295.8,333.0,JILL REINAUER,IMO7042813,WCW9655,31,0,30,8,3.8,57,A
366727190,2022-01-01T07:34:23,40.54348,-74.25292,0.0,326.8,271.0,JILL REINAUER,IMO7042813,WCW9655,31,0,30,8,3.8,57,A
366727190,2022-01-01T07:21:33,40.54333,-74.25213,1.5,324.1,316.0,JILL REINAUER,IMO7042813,WCW9655,31,0,30,8,3.8,57,A
366727190,2022-01-01T07:36:41,40.54346,-74.25291,0.0,207.2,267.0,JILL REINAUER,IMO7042813,WCW9655,31,0,30,8,3.8,57,A
366727190,2022-01-01T07:35:32,40.54346,-74.25294,0.0,270.7,267.0,JILL REINAUER,IMO7042813,WCW9655,31,0,30,8,3.8,57,A
366727190,2022-01-01T07:19:29,40.54274,-74.25213,0.7,78.5,62.0,JILL REINAUER,IMO7042813,WCW9655,31,0,30,8,3.8,57,A
366727190,2022-01-01T07:20:30,40.54295,-74.25192,1.4,359.6,349.0,JILL REINAUER,IMO7042813,WCW9655,31,0,30,8,3.8,57,A
366727190,2022-01-01T07:41:22,40.54342,-74.25290,0.0,28.6,270.0,JILL REINAUER,IMO7042813,WCW9655,31,0,30,8,3.8,57,A
366727190,2022-01-01T07:22:35,40.54349,-74.25242,0.7,287.6,279.0,JILL REINAUER,IMO7042813,WCW9655,31,0,30,8,3.8,57,A
366727190,2022-01-01T07:42:23,40.54343,-74.25294,0.0,166.5,272.0,JILL REINAUER,IMO7042813,WCW9655,31,0,30,8,3.8,57,A
366727190,2022-01-01T07:24:46,40.54364,-74.25278,0.2,282.2,248.0,JILL REINAUER,IMO7042813,WCW9655,31,0,30,8,3.8,57,A
366727190,2022-01-01T08:15:28,40.57384,-74.21095,8.3,9.9,14.0,JILL REINAUER,IMO7042813,WCW9655,31,0,30,8,3.8,57,A
366727190,2022-01-01T07:48:42,40.54341,-74.25292,0.3,59.9,267.0,JILL REINAUER,IMO7042813,WCW9655,31,0,30,8,3.8,57,A
366727190,2022-01-01T08:17:35,40.57892,-74.20978,8.9,8.7,14.0,JILL REINAUER,IMO7042813,WCW9655,31,0,30,8,3.8,57,A
366727190,2022-01-01T07:37:53,40.54345,-74.25290,0.0,321.1,269.0,JILL REINAUER,IMO7042813,WCW9655,31,0,30,8,3.8,57,A
366727190,2022-01-01T07:47:32,40.54341,-74.25292,0.1,187.7,271.0,JILL REINAUER,IMO7042813,WCW9655,31,0,30,8,3.8,57,A
366727190,2022-01-01T07:50:46,40.54373,-74.25267,1.6,329.8,327.0,JILL REINAUER,IMO7042813,WCW9655,31,0,30,8,3.8,57,A
366727190,2022-01-01T07:40:11,40.54343,-74.25290,0.0,31.5,271.0,JILL REINAUER,IMO7042813,WCW9655,31,0,30,8,3.8,57,A
366727190,2022-01-01T07:31:02,40.54344,-74.25289,0.0,351.4,270.0,JILL REINAUER,IMO7042813,WCW9655,31,0,30,8,3.8,57,A
366727190,2022-01-01T07:32:12,40.54345,-74.25290,0.0,190.9,270.0,JILL REINAUER,IMO7042813,WCW9655,31,0,30,8,3.8,57,A
366727190,2022-01-01T07:33:22,40.54345,-74.25293,0.0,283.1,273.0,JILL REINAUER,IMO7042813,WCW9655,31,0,30,8,3.8,57,A
366727190,2022-01-01T07:43:52,40.54341,-74.25292,0.0,208.0,271.0,JILL REINAUER,IMO7042813,WCW9655,31,0,30,8,3.8,57,A
366727190,2022-01-01T07:54:02,40.54928,-74.25093,7.3,27.0,30.0,JILL REINAUER,IMO7042813,WCW9655,31,0,30,8,3.8,57,A
366727190,2022-01-01T03:42:42,40.60593,-74.20562,0.0,318.3,331.0,JILL REINAUER,IMO7042813,WCW9655,31,0,30,8,3.8,57,A
366727190,2022-01-01T07:39:01,40.54345,-74.25290,0.0,146.6,270.0,JILL REINAUER,IMO7042813,WCW9655,31,0,30,8,3.8,57,A
366727190,2022-01-01T08:01:05,40.55701,-74.23547,7.5,74.0,79.0,JILL REINAUER,IMO7042813,WCW9655,31,0,30,8,3.8,57,A
366727190,2022-01-01T07:59:40,40.55605,-74.23912,7.5,67.6,70.0,JILL REINAUER,IMO7042813,WCW9655,31,0,30,8,3.8,57,A
366727190,2022-01-01T08:03:22,40.55760,-74.22930,7.6,86.7,89.0,JILL REINAUER,IMO7042813,WCW9655,31,0,30,8,3.8,57,A
366727190,2022-01-01T08:05:43,40.55777,-74.22277,7.6,90.5,93.0,JILL REINAUER,IMO7042813,WCW9655,31,0,30,8,3.8,57,A
366727190,2022-01-01T07:55:05,40.55102,-74.24933,7.2,42.3,45.0,JILL REINAUER,IMO7042813,WCW9655,31,0,30,8,3.8,57,A
366727190,2022-01-01T08:07:46,40.55853,-74.21726,7.6,61.2,60.0,JILL REINAUER,IMO7042813,WCW9655,31,0,30,8,3.8,57,A
366727190,2022-01-01T07:56:12,40.55257,-74.24720,7.3,48.9,51.0,JILL REINAUER,IMO7042813,WCW9655,31,0,30,8,3.8,57,A
366727190,2022-01-01T08:08:48,40.56001,-74.21521,7.5,27.6,22.0,JILL REINAUER,IMO7042813,WCW9655,31,0,30,8,3.8,57,A
366727190,2022-01-01T08:34:42,40.61801,-74.20365,8.6,1.9,5.0,JILL REINAUER,IMO7042813,WCW9655,31,0,30,8,3.8,57,A
366727190,2022-01-01T07:58:32,40.55514,-74.24196,7.5,65.5,68.0,JILL REINAUER,IMO7042813,WCW9655,31,0,30,8,3.8,57,A
366727190,2022-01-01T07:46:23,40.54340,-74.25293,0.1,18.2,269.0,JILL REINAUER,IMO7042813,WCW9655,31,0,30,8,3.8,57,A
366727190,2022-01-01T08:09:52,40.56218,-74.21436,7.5,14.8,18.0,JILL REINAUER,IMO7042813,WCW9655,31,0,30,8,3.8,57,A
366727190,2022-01-01T08:13:15,40.56910,-74.21202,7.7,13.1,18.0,JILL REINAUER,IMO7042813,WCW9655,31,0,30,8,3.8,57,A
366727190,2022-01-01T08:00:01,40.55632,-74.23818,7.5,69.3,72.0,JILL REINAUER,IMO7042813,WCW9655,31,0,30,8,3.8,57,A
366727190,2022-01-01T08:39:09,40.62858,-74.20305,8.4,4.0,5.0,JILL REINAUER,IMO7042813,WCW9655,31,0,30,8,3.8,57,A
366727190,2022-01-01T03:50:51,40.60593,-74.20564,0.0,235.0,335.0,JILL REINAUER,IMO7042813,WCW9655,31,0,30,8,3.8,57,A
366727190,2022-01-01T08:14:22,40.57144,-74.21142,7.7,8.5,13.0,JILL REINAUER,IMO7042813,WCW9655,31,0,30,8,3.8,57,A
366727190,2022-01-01T08:41:16,40.63253,-74.20197,4.8,25.1,36.0,JILL REINAUER,IMO7042813,WCW9655,31,0,30,8,3.8,57,A
366727190,2022-01-01T08:06:45,40.55782,-74.21985,7.6,82.3,81.0,JILL REINAUER,IMO7042813,WCW9655,31,0,30,8,3.8,57,A
366727190,2022-01-01T08:19:42,40.58398,-74.20847,8.9,11.7,17.0,JILL REINAUER,IMO7042813,WCW9655,31,0,30,8,3.8,57,A
366727190,2022-01-01T08:16:33,40.57638,-74.21042,8.8,12.7,18.0,JILL REINAUER,IMO7042813,WCW9655,31,0,30,8,3.8,57,A
366727190,2022-01-01T08:20:48,40.58675,-74.20767,8.9,12.2,18.0,JILL REINAUER,IMO7042813,WCW9655,31,0,30,8,3.8,57,A
366727190,2022-01-01T08:26:06,40.59851,-74.20060,8.7,12.5,8.0,JILL REINAUER,IMO7042813,WCW9655,31,0,30,8,3.8,57,A
366727190,2022-01-01T08:02:13,40.55742,-74.23245,7.5,83.7,88.0,JILL REINAUER,IMO7042813,WCW9655,31,0,30,8,3.8,57,A
366727190,2022-01-01T08:21:49,40.58905,-74.20670,8.8,26.4,32.0,JILL REINAUER,IMO7042813,WCW9655,31,0,30,8,3.8,57,A
366727190,2022-01-01T08:28:12,40.60318,-74.20213,8.5,327.4,331.0,JILL REINAUER,IMO7042813,WCW9655,31,0,30,8,3.8,57,A
366727190,2022-01-01T08:04:32,40.55774,-74.22606,7.6,88.5,90.0,JILL REINAUER,IMO7042813,WCW9655,31,0,30,8,3.8,57,A
366727190,2022-01-01T08:54:53,40.63401,-74.20099,0.0,174.8,290.0,JILL REINAUER,IMO7042813,WCW9655,31,0,30,8,3.8,57,A
366727190,2022-01-01T08:31:22,40.61005,-74.20464,8.6,9.6,14.0,JILL REINAUER,IMO7042813,WCW9655,31,0,30,8,3.8,57,A
366727190,2022-01-01T08:32:25,40.61259,-74.20417,8.6,7.2,9.0,JILL REINAUER,IMO7042813,WCW9655,31,0,30,8,3.8,57,A
366727190,2022-01-01T08:30:15,40.60745,-74.20505,8.4,358.2,9.0,JILL REINAUER,IMO7042813,WCW9655,31,0,30,8,3.8,57,A
366727190,2022-01-01T08:18:36,40.58135,-74.20920,8.7,10.7,16.0,JILL REINAUER,IMO7042813,WCW9655,31,0,30,8,3.8,57,A
366727190,2022-01-01T09:00:01,40.63402,-74.20095,0.0,166.8,290.0,JILL REINAUER,IMO7042813,WCW9655,31,0,30,8,3.8,57,A
366727190,2022-01-01T08:25:03,40.59614,-74.20187,8.9,25.9,26.0,JILL REINAUER,IMO7042813,WCW9655,31,0,30,8,3.8,57,A
366727190,2022-01-01T08:11:02,40.56459,-74.21350,7.7,15.5,18.0,JILL REINAUER,IMO7042813,WCW9655,31,0,30,8,3.8,57,A
366727190,2022-01-01T09:04:42,40.63401,-74.20097,0.0,182.0,290.0,JILL REINAUER,IMO7042813,WCW9655,31,0,30,8,3.8,57,A
366727190,2022-01-01T08:40:13,40.63096,-74.20266,6.8,15.0,18.0,JILL REINAUER,IMO7042813,WCW9655,31,0,30,8,3.8,57,A
366727190,2022-01-01T08:12:13,40.56698,-74.21269,7.6,14.7,19.0,JILL REINAUER,IMO7042813,WCW9655,31,0,30,8,3.8,57,A
366727190,2022-01-01T08:43:21,40.63400,-74.20110,0.4,46.5,341.0,JILL REINAUER,IMO7042813,WCW9655,31,0,30,8,3.8,57,A
366727190,2022-01-01T08:29:14,40.60527,-74.20387,8.6,326.3,332.0,JILL REINAUER,IMO7042813,WCW9655,31,0,30,8,3.8,57,A
366727190,2022-01-01T08:45:32,40.63403,-74.20100,0.0,89.6,288.0,JILL REINAUER,IMO7042813,WCW9655,31,0,30,8,3.8,57,A
366727190,2022-01-01T08:37:01,40.62361,-74.20343,8.6,3.4,6.0,JILL REINAUER,IMO7042813,WCW9655,31,0,30,8,3.8,57,A
366727190,2022-01-01T08:22:51,40.59133,-74.20513,8.8,29.1,31.0,JILL REINAUER,IMO7042813,WCW9655,31,0,30,8,3.8,57,A
366727190,2022-01-01T08:44:26,40.63401,-74.20103,0.2,56.1,290.0,JILL REINAUER,IMO7042813,WCW9655,31,0,30,8,3.8,57,A
366727190,2022-01-01T09:16:22,40.63401,-74.20094,0.0,325.6,289.0,JILL REINAUER,IMO7042813,WCW9655,31,0,30,8,3.8,57,A
366727190,2022-01-01T08:24:01,40.59384,-74.20340,8.8,26.2,28.0,JILL REINAUER,IMO7042813,WCW9655,31,0,30,8,3.8,57,A
366727190,2022-01-01T08:51:21,40.63401,-74.20098,0.0,157.3,290.0,JILL REINAUER,IMO7042813,WCW9655,31,0,30,8,3.8,57,A
366727190,2022-01-01T08:50:11,40.63403,-74.20100,0.0,160.2,290.0,JILL REINAUER,IMO7042813,WCW9655,31,0,30,8,3.8,57,A
366727190,2022-01-01T08:27:09,40.60102,-74.20065,8.5,344.2,339.0,JILL REINAUER,IMO7042813,WCW9655,31,0,30,8,3.8,57,A
366727190,2022-01-01T08:52:33,40.63401,-74.20100,0.0,219.6,290.0,JILL REINAUER,IMO7042813,WCW9655,31,0,30,8,3.8,57,A
366727190,2022-01-01T08:58:22,40.63405,-74.20100,0.0,166.4,290.0,JILL REINAUER,IMO7042813,WCW9655,31,0,30,8,3.8,57,A
366727190,2022-01-01T08:59:31,40.63403,-74.20096,0.0,170.5,290.0,JILL REINAUER,IMO7042813,WCW9655,31,0,30,8,3.8,57,A
366727190,2022-01-01T04:08:02,40.60595,-74.20565,0.0,341.9,339.0,JILL REINAUER,IMO7042813,WCW9655,31,0,30,8,3.8,57,A
366727190,2022-01-01T08:47:52,40.63406,-74.20097,0.0,159.3,289.0,JILL REINAUER,IMO7042813,WCW9655,31,0,30,8,3.8,57,A
366727190,2022-01-01T09:01:12,40.63399,-74.20096,0.0,203.3,290.0,JILL REINAUER,IMO7042813,WCW9655,31,0,30,8,3.8,57,A
366727190,2022-01-01T08:33:32,40.61523,-74.20385,8.5,4.2,8.0,JILL REINAUER,IMO7042813,WCW9655,31,0,30,8,3.8,57,A
366727190,2022-01-01T09:31:12,40.63403,-74.20099,0.0,295.8,287.0,JILL REINAUER,IMO7042813,WCW9655,31,0,30,8,3.8,57,A
366727190,2022-01-01T08:38:08,40.62623,-74.20326,8.5,2.7,6.0,JILL REINAUER,IMO7042813,WCW9655,31,0,30,8,3.8,57,A
366727190,2022-01-01T08:53:42,40.63401,-74.20102,0.0,135.6,290.0,JILL REINAUER,IMO7042813,WCW9655,31,0,30,8,3.8,57,A
366727190,2022-01-01T09:03:31,40.63401,-74.20099,0.1,172.6,291.0,JILL REINAUER,IMO7042813,WCW9655,31,0,30,8,3.8,57,A
366727190,2022-01-01T09:09:21,40.63404,-74.20098,0.1,166.6,288.0,JILL REINAUER,IMO7042813,WCW9655,31,0,30,8,3.8,57,A
366727190,2022-01-01T09:05:52,40.63402,-74.20099,0.0,311.0,289.0,JILL REINAUER,IMO7042813,WCW9655,31,0,30,8,3.8,57,A
366727190,2022-01-01T09:07:02,40.63404,-74.20099,0.0,190.6,289.0,JILL REINAUER,IMO7042813,WCW9655,31,0,30,8,3.8,57,A
366727190,2022-01-01T09:12:52,40.63400,-74.20096,0.0,187.1,289.0,JILL REINAUER,IMO7042813,WCW9655,31,0,30,8,3.8,57,A
366727190,2022-01-01T09:37:51,40.63403,-74.20097,0.0,267.9,288.0,JILL REINAUER,IMO7042813,WCW9655,31,0,30,8,3.8,57,A
366727190,2022-01-01T04:13:52,40.60596,-74.20565,0.0,282.8,337.0,JILL REINAUER,IMO7042813,WCW9655,31,0,30,8,3.8,57,A
366727190,2022-01-01T09:15:12,40.63401,-74.20095,0.0,164.3,289.0,JILL REINAUER,IMO7042813,WCW9655,31,0,30,8,3.8,57,A
366727190,2022-01-01T09:41:22,40.63401,-74.20099,0.0,342.3,288.0,JILL REINAUER,IMO7042813,WCW9655,31,0,30,8,3.8,57,A
366727190,2022-01-01T09:42:32,40.63405,-74.20101,0.0,179.4,288.0,JILL REINAUER,IMO7042813,WCW9655,31,0,30,8,3.8,57,A
366727190,2022-01-01T09:14:01,40.63400,-74.20095,0.0,144.6,289.0,JILL REINAUER,IMO7042813,WCW9655,31,0,30,8,3.8,57,A
366727190,2022-01-01T08:49:02,40.63403,-74.20099,0.0,129.0,289.0,JILL REINAUER,IMO7042813,WCW9655,31,0,30,8,3.8,57,A
366727190,2022-01-01T09:23:12,40.63403,-74.20097,0.0,259.1,289.0,JILL REINAUER,IMO7042813,WCW9655,31,0,30,8,3.8,57,A
366727190,2022-01-01T09:24:22,40.63403,-74.20098,0.0,170.1,289.0,JILL REINAUER,IMO7042813,WCW9655,31,0,30,8,3.8,57,A
366727190,2022-01-01T09:20:51,40.63402,-74.20094,0.0,4.5,289.0,JILL REINAUER,IMO7042813,WCW9655,31,0,30,8,3.8,57,A
366727190,2022-01-01T04:17:13,40.60596,-74.20568,0.0,326.7,341.0,JILL REINAUER,IMO7042813,WCW9655,31,0,30,8,3.8,57,A
366727190,2022-01-01T09:25:23,40.63403,-74.20097,0.0,157.5,289.0,JILL REINAUER,IMO7042813,WCW9655,31,0,30,8,3.8,57,A
366727190,2022-01-01T09:22:02,40.63403,-74.20096,0.0,121.1,289.0,JILL REINAUER,IMO7042813,WCW9655,31,0,30,8,3.8,57,A
366727190,2022-01-01T09:26:31,40.63404,-74.20099,0.0,304.0,288.0,JILL REINAUER,IMO7042813,WCW9655,31,0,30,8,3.8,57,A
366727190,2022-01-01T09:19:42,40.63404,-74.20098,0.0,82.0,289.0,JILL REINAUER,IMO7042813,WCW9655,31,0,30,8,3.8,57,A
366727190,2022-01-01T08:57:12,40.63401,-74.20099,0.0,329.4,290.0,JILL REINAUER,IMO7042813,WCW9655,31,0,30,8,3.8,57,A
366727190,2022-01-01T04:20:42,40.60600,-74.20568,0.0,209.0,334.0,JILL REINAUER,IMO7042813,WCW9655,31,0,30,8,3.8,57,A
366727190,2022-01-01T09:18:41,40.63403,-74.20095,0.0,276.5,289.0,JILL REINAUER,IMO7042813,WCW9655,31,0,30,8,3.8,57,A
366727190,2022-01-01T09:34:31,40.63407,-74.20099,0.0,191.1,287.0,JILL REINAUER,IMO7042813,WCW9655,31,0,30,8,3.8,57,A
366727190,2022-01-01T09:33:22,40.63406,-74.20098,0.0,317.4,287.0,JILL REINAUER,IMO7042813,WCW9655,31,0,30,8,3.8,57,A
366727190,2022-01-01T10:01:12,40.63397,-74.20097,0.1,327.2,290.0,JILL REINAUER,IMO7042813,WCW9655,31,0,30,8,3.8,57,A
366727190,2022-01-01T09:32:21,40.63405,-74.20098,0.0,337.9,288.0,JILL REINAUER,IMO7042813,WCW9655,31,0,30,8,3.8,57,A
366727190,2022-01-01T10:04:43,40.63402,-74.20099,0.0,22.4,289.0,JILL REINAUER,IMO7042813,WCW9655,31,0,30,8,3.8,57,A
366727190,2022-01-01T09:40:12,40.63400,-74.20097,0.0,304.9,288.0,JILL REINAUER,IMO7042813,WCW9655,31,0,30,8,3.8,57,A
366727190,2022-01-01T09:10:31,40.63404,-74.20097,0.0,183.9,288.0,JILL REINAUER,IMO7042813,WCW9655,31,0,30,8,3.8,57,A
366727190,2022-01-01T09:11:43,40.63402,-74.20096,0.0,58.2,288.0,JILL REINAUER,IMO7042813,WCW9655,31,0,30,8,3.8,57,A
366727190,2022-01-01T10:08:12,40.63401,-74.20098,0.0,30.5,288.0,JILL REINAUER,IMO7042813,WCW9655,31,0,30,8,3.8,57,A
366727190,2022-01-01T04:25:23,40.60602,-74.20566,0.0,198.3,322.0,JILL REINAUER,IMO7042813,WCW9655,31,0,30,8,3.8,57,A
366727190,2022-01-01T09:36:42,40.63403,-74.20099,0.0,99.0,288.0,JILL REINAUER,IMO7042813,WCW9655,31,0,30,8,3.8,57,A
366727190,2022-01-01T09:30:02,40.63403,-74.20098,0.0,252.1,287.0,JILL REINAUER,IMO7042813,WCW9655,31,0,30,8,3.8,57,A
366727190,2022-01-01T09:43:42,40.63404,-74.20101,0.0,235.2,288.0,JILL REINAUER,IMO7042813,WCW9655,31,0,30,8,3.8,57,A
366727190,2022-01-01T09:17:32,40.63402,-74.20094,0.0,162.8,288.0,JILL REINAUER,IMO7042813,WCW9655,31,0,30,8,3.8,57,A
366727190,2022-01-01T04:26:31,40.60601,-74.20566,0.0,49.0,319.0,JILL REINAUER,IMO7042813,WCW9655,31,0,30,8,3.8,57,A
366727190,2022-01-01T09:46:01,40.63403,-74.20101,0.0,315.9,288.0,JILL REINAUER,IMO7042813,WCW9655,31,0,30,8,3.8,57,A
366727190,2022-01-01T09:39:02,40.63403,-74.20097,0.0,357.5,288.0,JILL REINAUER,IMO7042813,WCW9655,31,0,30,8,3.8,57,A
366727190,2022-01-01T09:47:11,40.63401,-74.20102,0.1,226.2,288.0,JILL REINAUER,IMO7042813,WCW9655,31,0,30,8,3.8,57,A
366727190,2022-01-01T09:51:42,40.63405,-74.20104,0.1,337.2,289.0,JILL REINAUER,IMO7042813,WCW9655,31,0,30,8,3.8,57,A
366727190,2022-01-01T09:52:43,40.63406,-74.20102,0.0,187.9,289.0,JILL REINAUER,IMO7042813,WCW9655,31,0,30,8,3.8,57,A
366727190,2022-01-01T09:58:32,40.63404,-74.20100,0.0,74.2,290.0,JILL REINAUER,IMO7042813,WCW9655,31,0,30,8,3.8,57,A
366727190,2022-01-01T09:56:11,40.63405,-74.20100,0.0,286.1,290.0,JILL REINAUER,IMO7042813,WCW9655,31,0,30,8,3.8,57,A
366727190,2022-01-01T09:50:32,40.63406,-74.20103,0.0,237.2,289.0,JILL REINAUER,IMO7042813,WCW9655,31,0,30,8,3.8,57,A
366727190,2022-01-01T09:53:53,40.63403,-74.20100,0.0,245.7,290.0,JILL REINAUER,IMO7042813,WCW9655,31,0,30,8,3.8,57,A
366727190,2022-01-01T09:44:51,40.63405,-74.20102,0.0,303.3,288.0,JILL REINAUER,IMO7042813,WCW9655,31,0,30,8,3.8,57,A
366727190,2022-01-01T10:26:42,40.63401,-74.20102,0.0,328.8,288.0,JILL REINAUER,IMO7042813,WCW9655,31,0,30,8,3.8,57,A
366727190,2022-01-01T09:57:22,40.63402,-74.20100,0.0,341.6,290.0,JILL REINAUER,IMO7042813,WCW9655,31,0,30,8,3.8,57,A
366727190,2022-01-01T10:27:53,40.63400,-74.20101,0.0,16.2,288.0,JILL REINAUER,IMO7042813,WCW9655,31,0,30,8,3.8,57,A
366727190,2022-01-01T09:48:22,40.63404,-74.20104,0.0,17.6,288.0,JILL REINAUER,IMO7042813,WCW9655,31,0,30,8,3.8,57,A
366727190,2022-01-01T09:49:23,40.63405,-74.20103,0.0,340.6,289.0,JILL REINAUER,IMO7042813,WCW9655,31,0,30,8,3.8,57,A
366727190,2022-01-01T09:59:33,40.63403,-74.20100,0.0,259.2,290.0,JILL REINAUER,IMO7042813,WCW9655,31,0,30,8,3.8,57,A
366727190,2022-01-01T10:00:02,40.63404,-74.20100,0.0,137.5,290.0,JILL REINAUER,IMO7042813,WCW9655,31,0,30,8,3.8,57,A
366727190,2022-01-01T09:55:02,40.63404,-74.20099,0.0,323.0,290.0,JILL REINAUER,IMO7042813,WCW9655,31,0,30,8,3.8,57,A
366727190,2022-01-01T04:35:52,40.60597,-74.20565,0.0,332.8,321.0,JILL REINAUER,IMO7042813,WCW9655,31,0,30,8,3.8,57,A
366727190,2022-01-01T10:09:23,40.63406,-74.20102,0.0,265.8,288.0,JILL REINAUER,IMO7042813,WCW9655,31,0,30,8,3.8,57,A
366727190,2022-01-01T04:37:01,40.60595,-74.20566,0.0,308.3,322.0,JILL REINAUER,IMO7042813,WCW9655,31,0,30,8,3.8,57,A
366727190,2022-01-01T10:10:32,40.63404,-74.20100,0.0,357.0,288.0,JILL REINAUER,IMO7042813,WCW9655,31,0,30,8,3.8,57,A
366727190,2022-01-01T10:02:21,40.63403,-74.20100,0.0,305.0,290.0,JILL REINAUER,IMO7042813,WCW9655,31,0,30,8,3.8,57,A
366727190,2022-01-01T10:11:43,40.63401,-74.20098,0.0,181.3,289.0,JILL REINAUER,IMO7042813,WCW9655,31,0,30,8,3.8,57,A
366727190,2022-01-01T10:03:33,40.63405,-74.20100,0.0,240.1,289.0,JILL REINAUER,IMO7042813,WCW9655,31,0,30,8,3.8,57,A
366727190,2022-01-01T10:12:52,40.63400,-74.20098,0.0,73.6,289.0,JILL REINAUER,IMO7042813,WCW9655,31,0,30,8,3.8,57,A
366727190,2022-01-01T10:19:53,40.63399,-74.20093,0.0,60.9,289.0,JILL REINAUER,IMO7042813,WCW9655,31,0,30,8,3.8,57,A
366727190,2022-01-01T10:17:32,40.63401,-74.20095,0.1,214.3,290.0,JILL REINAUER,IMO7042813,WCW9655,31,0,30,8,3.8,57,A
366727190,2022-01-01T10:18:41,40.63399,-74.20093,0.0,282.4,290.0,JILL REINAUER,IMO7042813,WCW9655,31,0,30,8,3.8,57,A
366727190,2022-01-01T10:25:32,40.63403,-74.20103,0.0,257.2,288.0,JILL REINAUER,IMO7042813,WCW9655,31,0,30,8,3.8,57,A
366727190,2022-01-01T10:21:01,40.63401,-74.20097,0.1,331.3,289.0,JILL REINAUER,IMO7042813,WCW9655,31,0,30,8,3.8,57,A
366727190,2022-01-01T10:15:12,40.63401,-74.20098,0.0,293.2,290.0,JILL REINAUER,IMO7042813,WCW9655,31,0,30,8,3.8,57,A
366727190,2022-01-01T10:07:01,40.63401,-74.20098,0.0,246.7,288.0,JILL REINAUER,IMO7042813,WCW9655,31,0,30,8,3.8,57,A
366727190,2022-01-01T10:22:13,40.63400,-74.20094,0.0,19.0,288.0,JILL REINAUER,IMO7042813,WCW9655,31,0,30,8,3.8,57,A
366727190,2022-01-01T10:16:23,40.63401,-74.20097,0.0,332.1,290.0,JILL REINAUER,IMO7042813,WCW9655,31,0,30,8,3.8,57,A
366727190,2022-01-01T10:32:23,40.63399,-74.20095,0.0,307.2,288.0,JILL REINAUER,IMO7042813,WCW9655,31,0,30,8,3.8,57,A
366727190,2022-01-01T10:24:31,40.63401,-74.20103,0.0,312.5,288.0,JILL REINAUER,IMO7042813,WCW9655,31,0,30,8,3.8,57,A
366727190,2022-01-01T10:33:31,40.63402,-74.20097,0.0,356.4,288.0,JILL REINAUER,IMO7042813,WCW9655,31,0,30,8,3.8,57,A
366727190,2022-01-01T10:34:41,40.63403,-74.20098,0.0,221.3,289.0,JILL REINAUER,IMO7042813,WCW9655,31,0,30,8,3.8,57,A
366727190,2022-01-01T10:36:52,40.63410,-74.20104,0.0,15.5,289.0,JILL REINAUER,IMO7042813,WCW9655,31,0,30,8,3.8,57,A
366727190,2022-01-01T10:31:12,40.63399,-74.20096,0.0,303.5,289.0,JILL REINAUER,IMO7042813,WCW9655,31,0,30,8,3.8,57,A
366727190,2022-01-01T04:48:21,40.60592,-74.20566,0.0,2.8,336.0,JILL REINAUER,IMO7042813,WCW9655,31,0,30,8,3.8,57,A
366727190,2022-01-01T10:23:21,40.63398,-74.20094,0.0,91.2,288.0,JILL REINAUER,IMO7042813,WCW9655,31,0,30,8,3.8,57,A
366727190,2022-01-01T10:40:22,40.63398,-74.20093,0.0,114.8,289.0,JILL REINAUER,IMO7042813,WCW9655,31,0,30,8,3.8,57,A
366727190,2022-01-01T10:52:53,40.63403,-74.20098,0.0,264.2,287.0,JILL REINAUER,IMO7042813,WCW9655,31,0,30,8,3.8,57,A
366727190,2022-01-01T10:42:41,40.63400,-74.20099,0.0,28.6,289.0,JILL REINAUER,IMO7042813,WCW9655,31,0,30,8,3.8,57,A
366727190,2022-01-01T10:44:52,40.63405,-74.20101,0.0,261.0,289.0,JILL REINAUER,IMO7042813,WCW9655,31,0,30,8,3.8,57,A
366727190,2022-01-01T10:47:13,40.63399,-74.20096,0.0,194.7,288.0,JILL REINAUER,IMO7042813,WCW9655,31,0,30,8,3.8,57,A
366727190,2022-01-01T10:39:12,40.63402,-74.20095,0.0,261.2,289.0,JILL REINAUER,IMO7042813,WCW9655,31,0,30,8,3.8,57,A
366727190,2022-01-01T04:53:02,40.60594,-74.20565,0.0,356.7,337.0,JILL REINAUER,IMO7042813,WCW9655,31,0,30,8,3.8,57,A
366727190,2022-01-01T10:56:22,40.63403,-74.20098,0.0,148.6,288.0,JILL REINAUER,IMO7042813,WCW9655,31,0,30,8,3.8,57,A
366727190,2022-01-01T10:51:51,40.63401,-74.20096,0.0,34.5,288.0,JILL REINAUER,IMO7042813,WCW9655,31,0,30,8,3.8,57,A
366727190,2022-01-01T10:46:01,40.63401,-74.20098,0.0,289.3,288.0,JILL REINAUER,IMO7042813,WCW9655,31,0,30,8,3.8,57,A
366727190,2022-01-01T11:31:22,40.63404,-74.20094,0.0,187.5,287.0,JILL REINAUER,IMO7042813,WCW9655,31,0,30,8,3.8,57,A
366727190,2022-01-01T11:02:13,40.63400,-74.20100,0.0,271.3,288.0,JILL REINAUER,IMO7042813,WCW9655,31,0,30,8,3.8,57,A
366727190,2022-01-01T11:03:22,40.63401,-74.20100,0.0,196.4,288.0,JILL REINAUER,IMO7042813,WCW9655,31,0,30,8,3.8,57,A
366727190,2022-01-01T11:33:42,40.63403,-74.20094,0.0,157.1,287.0,JILL REINAUER,IMO7042813,WCW9655,31,0,30,8,3.8,57,A
366727190,2022-01-01T11:04:32,40.63403,-74.20097,0.0,225.4,287.0,JILL REINAUER,IMO7042813,WCW9655,31,0,30,8,3.8,57,A
366727190,2022-01-01T11:01:12,40.63400,-74.20098,0.0,172.7,288.0,JILL REINAUER,IMO7042813,WCW9655,31,0,30,8,3.8,57,A
366727190,2022-01-01T11:05:42,40.63403,-74.20097,0.0,286.9,287.0,JILL REINAUER,IMO7042813,WCW9655,31,0,30,8,3.8,57,A
366727190,2022-01-01T11:37:12,40.63405,-74.20099,0.0,294.7,286.0,JILL REINAUER,IMO7042813,WCW9655,31,0,30,8,3.8,57,A
366727190,2022-01-01T10:50:42,40.63401,-74.20097,0.0,243.1,288.0,JILL REINAUER,IMO7042813,WCW9655,31,0,30,8,3.8,57,A
366727190,2022-01-01T10:38:03,40.63405,-74.20098,0.0,175.1,289.0,JILL REINAUER,IMO7042813,WCW9655,31,0,30,8,3.8,57,A
366727190,2022-01-01T10:41:32,40.63400,-74.20094,0.0,148.8,289.0,JILL REINAUER,IMO7042813,WCW9655,31,0,30,8,3.8,57,A
366727190,2022-01-01T11:08:02,40.63403,-74.20098,0.1,212.7,288.0,JILL REINAUER,IMO7042813,WCW9655,31,0,30,8,3.8,57,A
366727190,2022-01-01T11:11:31,40.63399,-74.20097,0.0,283.1,287.0,JILL REINAUER,IMO7042813,WCW9655,31,0,30,8,3.8,57,A
366727190,2022-01-01T10:55:13,40.63405,-74.20098,0.0,173.2,287.0,JILL REINAUER,IMO7042813,WCW9655,31,0,30,8,3.8,57,A
366727190,2022-01-01T11:40:43,40.63406,-74.20096,0.0,189.8,287.0,JILL REINAUER,IMO7042813,WCW9655,31,0,30,8,3.8,57,A
366727190,2022-01-01T11:06:52,40.63403,-74.20098,0.0,222.7,287.0,JILL REINAUER,IMO7042813,WCW9655,31,0,30,8,3.8,57,A
366727190,2022-01-01T11:10:23,40.63403,-74.20098,0.0,233.3,288.0,JILL REINAUER,IMO7042813,WCW9655,31,0,30,8,3.8,57,A
366727190,2022-01-01T10:58:41,40.63401,-74.20098,0.0,308.5,288.0,JILL REINAUER,IMO7042813,WCW9655,31,0,30,8,3.8,57,A
366727190,2022-01-01T11:00:02,40.63402,-74.20098,0.0,218.0,288.0,JILL REINAUER,IMO7042813,WCW9655,31,0,30,8,3.8,57,A
366727190,2022-01-01T05:05:52,40.60588,-74.20566,0.1,207.2,339.0,JILL REINAUER,IMO7042813,WCW9655,31,0,30,8,3.8,57,A
366727190,2022-01-01T11:23:13,40.63403,-74.20096,0.0,312.1,288.0,JILL REINAUER,IMO7042813,WCW9655,31,0,30,8,3.8,57,A
366727190,2022-01-01T11:16:13,40.63403,-74.20098,0.0,307.5,287.0,JILL REINAUER,IMO7042813,WCW9655,31,0,30,8,3.8,57,A
366727190,2022-01-01T11:52:12,40.63403,-74.20103,0.1,306.8,328.0,JILL REINAUER,IMO7042813,WCW9655,31,0,30,8,3.8,57,A
366727190,2022-01-01T11:17:22,40.63405,-74.20097,0.0,262.6,287.0,JILL REINAUER,IMO7042813,WCW9655,31,0,30,8,3.8,57,A
366727190,2022-01-01T11:25:32,40.63404,-74.20095,0.0,217.2,287.0,JILL REINAUER,IMO7042813,WCW9655,31,0,30,8,3.8,57,A
366727190,2022-01-01T11:19:42,40.63402,-74.20098,0.0,220.2,287.0,JILL REINAUER,IMO7042813,WCW9655,31,0,30,8,3.8,57,A
366727190,2022-01-01T11:20:52,40.63404,-74.20097,0.0,164.8,287.0,JILL REINAUER,IMO7042813,WCW9655,31,0,30,8,3.8,57,A
366727190,2022-01-01T11:26:43,40.63405,-74.20095,0.0,243.8,287.0,JILL REINAUER,IMO7042813,WCW9655,31,0,30,8,3.8,57,A
366727190,2022-01-01T10:54:01,40.63405,-74.20099,0.0,201.3,287.0,JILL REINAUER,IMO7042813,WCW9655,31,0,30,8,3.8,57,A
366727190,2022-01-01T11:29:02,40.63402,-74.20098,0.0,234.0,287.0,JILL REINAUER,IMO7042813,WCW9655,31,0,30,8,3.8,57,A
366727190,2022-01-01T05:10:31,40.60598,-74.20563,0.0,264.4,339.0,JILL REINAUER,IMO7042813,WCW9655,31,0,30,8,3.8,57,A
366727190,2022-01-01T11:13:52,40.63405,-74.20097,0.1,208.8,288.0,JILL REINAUER,IMO7042813,WCW9655,31,0,30,8,3.8,57,A
366727190,2022-01-01T10:57:31,40.63403,-74.20097,0.0,257.6,287.0,JILL REINAUER,IMO7042813,WCW9655,31,0,30,8,3.8,57,A
366727190,2022-01-01T11:22:01,40.63403,-74.20097,0.0,231.4,288.0,JILL REINAUER,IMO7042813,WCW9655,31,0,30,8,3.8,57,A
366727190,2022-01-01T12:02:09,40.63091,-74.20150,4.2,207.3,206.0,JILL REINAUER,IMO7042813,WCW9655,31,0,30,8,3.8,57,A
366727190,2022-01-01T11:24:22,40.63404,-74.20094,0.0,221.3,288.0,JILL REINAUER,IMO7042813,WCW9655,31,0,30,8,3.8,57,A
366727190,2022-01-01T11:27:52,40.63404,-74.20096,0.0,311.1,287.0,JILL REINAUER,IMO7042813,WCW9655,31,0,30,8,3.8,57,A
366727190,2022-01-01T11:38:22,40.63405,-74.20098,0.0,70.6,286.0,JILL REINAUER,IMO7042813,WCW9655,31,0,30,8,3.8,57,A
366727190,2022-01-01T11:32:32,40.63402,-74.20095,0.0,39.0,287.0,JILL REINAUER,IMO7042813,WCW9655,31,0,30,8,3.8,57,A
366727190,2022-01-01T05:11:42,40.60595,-74.20564,0.0,269.2,339.0,JILL REINAUER,IMO7042813,WCW9655,31,0,30,8,3.8,57,A
366727190,2022-01-01T12:10:48,40.62609,-74.20341,0.7,11.0,145.0,JILL REINAUER,IMO7042813,WCW9655,31,0,30,8,3.8,57,A
366727190,2022-01-01T11:09:12,40.63401,-74.20098,0.0,238.9,287.0,JILL REINAUER,IMO7042813,WCW9655,31,0,30,8,3.8,57,A
366727190,2022-01-01T11:39:31,40.63405,-74.20094,0.0,157.4,287.0,JILL REINAUER,IMO7042813,WCW9655,31,0,30,8,3.8,57,A
366727190,2022-01-01T11:45:21,40.63406,-74.20097,0.0,228.8,289.0,JILL REINAUER,IMO7042813,WCW9655,31,0,30,8,3.8,57,A
366727190,2022-01-01T11:43:02,40.63405,-74.20099,0.0,297.4,288.0,JILL REINAUER,IMO7042813,WCW9655,31,0,30,8,3.8,57,A
366727190,2022-01-01T11:57:56,40.63394,-74.20113,0.5,175.7,321.0,JILL REINAUER,IMO7042813,WCW9655,31,0,30,8,3.8,57,A
366727190,2022-01-01T11:47:42,40.63402,-74.20099,0.0,275.8,291.0,JILL REINAUER,IMO7042813,WCW9655,31,0,30,8,3.8,57,A
366727190,2022-01-01T11:48:52,40.63401,-74.20100,0.1,204.1,296.0,JILL REINAUER,IMO7042813,WCW9655,31,0,30,8,3.8,57,A
366727190,2022-01-01T11:54:31,40.63403,-74.20108,0.1,280.6,339.0,JILL REINAUER,IMO7042813,WCW9655,31,0,30,8,3.8,57,A
366727190,2022-01-01T12:28:42,40.62650,-74.20143,0.0,117.1,170.0,JILL REINAUER,IMO7042813,WCW9655,31,0,30,8,3.8,57,A
366727190,2022-01-01T12:05:33,40.62719,-74.20301,2.8,199.8,201.0,JILL REINAUER,IMO7042813,WCW9655,31,0,30,8,3.8,57,A
366727190,2022-01-01T11:46:31,40.63403,-74.20097,0.0,295.2,289.0,JILL REINAUER,IMO7042813,WCW9655,31,0,30,8,3.8,57,A
366727190,2022-01-01T12:32:01,40.62649,-74.20142,0.0,320.4,169.0,JILL REINAUER,IMO7042813,WCW9655,31,0,30,8,3.8,57,A
366727190,2022-01-01T12:08:46,40.62593,-74.20343,1.2,183.2,187.0,JILL REINAUER,IMO7042813,WCW9655,31,0,30,8,3.8,57,A
366727190,2022-01-01T11:58:59,40.63380,-74.20100,0.4,119.6,250.0,JILL REINAUER,IMO7042813,WCW9655,31,0,30,8,3.8,57,A
366727190,2022-01-01T11:50:02,40.63404,-74.20100,0.1,216.1,306.0,JILL REINAUER,IMO7042813,WCW9655,31,0,30,8,3.8,57,A
366727190,2022-01-01T11:55:43,40.63405,-74.20110,0.0,263.6,348.0,JILL REINAUER,IMO7042813,WCW9655,31,0,30,8,3.8,57,A
366727190,2022-01-01T11:34:51,40.63404,-74.20095,0.0,74.2,287.0,JILL REINAUER,IMO7042813,WCW9655,31,0,30,8,3.8,57,A
366727190,2022-01-01T11:51:03,40.63403,-74.20101,0.1,169.8,316.0,JILL REINAUER,IMO7042813,WCW9655,31,0,30,8,3.8,57,A
366727190,2022-01-01T12:38:51,40.62652,-74.20143,0.0,215.5,173.0,JILL REINAUER,IMO7042813,WCW9655,31,0,30,8,3.8,57,A
366727190,2022-01-01T11:36:01,40.63404,-74.20097,0.0,261.0,287.0,JILL REINAUER,IMO7042813,WCW9655,31,0,30,8,3.8,57,A
366727190,2022-01-01T12:40:01,40.62651,-74.20143,0.0,357.6,173.0,JILL REINAUER,IMO7042813,WCW9655,31,0,30,8,3.8,57,A
366727190,2022-01-01T11:53:22,40.63402,-74.20107,0.1,236.1,335.0,JILL REINAUER,IMO7042813,WCW9655,31,0,30,8,3.8,57,A
366727190,2022-01-01T12:07:42,40.62622,-74.20344,0.6,192.4,186.0,JILL REINAUER,IMO7042813,WCW9655,31,0,30,8,3.8,57,A
366727190,2022-01-01T11:56:52,40.63403,-74.20114,0.1,241.8,357.0,JILL REINAUER,IMO7042813,WCW9655,31,0,30,8,3.8,57,A
366727190,2022-01-01T12:12:56,40.62646,-74.20219,2.0,70.9,107.0,JILL REINAUER,IMO7042813,WCW9655,31,0,30,8,3.8,57,A
366727190,2022-01-01T11:44:12,40.63406,-74.20096,0.0,246.5,288.0,JILL REINAUER,IMO7042813,WCW9655,31,0,30,8,3.8,57,A
366727190,2022-01-01T05:24:49,40.60743,-74.20549,1.5,14.4,8.0,JILL REINAUER,IMO7042813,WCW9655,31,0,30,8,3.8,57,A
366727190,2022-01-01T05:25:53,40.60782,-74.20542,1.1,1.2,1.0,JILL REINAUER,IMO7042813,WCW9655,31,0,30,8,3.8,57,A
366727190,2022-01-01T12:17:12,40.62653,-74.20144,0.0,312.2,161.0,JILL REINAUER,IMO7042813,WCW9655,31,0,30,8,3.8,57,A
366727190,2022-01-01T12:11:52,40.62622,-74.20296,2.4,71.0,86.0,JILL REINAUER,IMO7042813,WCW9655,31,0,30,8,3.8,57,A
366727190,2022-01-01T12:27:32,40.62649,-74.20140,0.0,278.1,170.0,JILL REINAUER,IMO7042813,WCW9655,31,0,30,8,3.8,57,A
366727190,2022-01-01T12:13:59,40.62653,-74.20167,0.8,80.4,145.0,JILL REINAUER,IMO7042813,WCW9655,31,0,30,8,3.8,57,A
366727190,2022-01-01T12:04:22,40.62819,-74.20260,4.1,198.1,199.0,JILL REINAUER,IMO7042813,WCW9655,31,0,30,8,3.8,57,A
366727190,2022-01-01T12:20:43,40.62653,-74.20144,0.0,336.9,171.0,JILL REINAUER,IMO7042813,WCW9655,31,0,30,8,3.8,57,A
366727190,2022-01-01T12:16:06,40.62653,-74.20143,0.1,229.7,171.0,JILL REINAUER,IMO7042813,WCW9655,31,0,30,8,3.8,57,A
366727190,2022-01-01T12:06:35,40.62655,-74.20334,1.6,198.3,191.0,JILL REINAUER,IMO7042813,WCW9655,31,0,30,8,3.8,57,A
366727190,2022-01-01T12:34:12,40.62651,-74.20144,0.0,240.1,170.0,JILL REINAUER,IMO7042813,WCW9655,31,0,30,8,3.8,57,A
366727190,2022-01-01T12:15:02,40.62652,-74.20145,0.3,130.3,187.0,JILL REINAUER,IMO7042813,WCW9655,31,0,30,8,3.8,57,A
366727190,2022-01-01T12:21:51,40.62652,-74.20144,0.0,242.4,171.0,JILL REINAUER,IMO7042813,WCW9655,31,0,30,8,3.8,57,A
366727190,2022-01-01T12:23:02,40.62651,-74.20144,0.0,339.8,171.0,JILL REINAUER,IMO7042813,WCW9655,31,0,30,8,3.8,57,A
366727190,2022-01-01T13:07:01,40.62656,-74.20141,0.0,152.5,173.0,JILL REINAUER,IMO7042813,WCW9655,31,0,30,8,3.8,57,A
366727190,2022-01-01T12:24:12,40.62648,-74.20143,0.0,262.6,171.0,JILL REINAUER,IMO7042813,WCW9655,31,0,30,8,3.8,57,A
366727190,2022-01-01T12:26:23,40.62648,-74.20140,0.0,199.7,169.0,JILL REINAUER,IMO7042813,WCW9655,31,0,30,8,3.8,57,A
366727190,2022-01-01T12:03:12,40.62966,-74.20201,4.8,195.1,198.0,JILL REINAUER,IMO7042813,WCW9655,31,0,30,8,3.8,57,A
366727190,2022-01-01T05:35:42,40.59515,-74.20275,4.3,217.7,209.0,JILL REINAUER,IMO7042813,WCW9655,31,0,30,8,3.8,57,A
366727190,2022-01-01T12:30:52,40.62650,-74.20140,0.0,288.6,170.0,JILL REINAUER,IMO7042813,WCW9655,31,0,30,8,3.8,57,A
366727190,2022-01-01T12:50:12,40.62655,-74.20144,0.0,189.7,173.0,JILL REINAUER,IMO7042813,WCW9655,31,0,30,8,3.8,57,A
366727190,2022-01-01T12:35:21,40.62652,-74.20144,0.0,297.8,172.0,JILL REINAUER,IMO7042813,WCW9655,31,0,30,8,3.8,57,A
366727190,2022-01-01T05:41:16,40.59126,-74.20612,2.7,197.1,163.0,JILL REINAUER,IMO7042813,WCW9655,31,0,30,8,3.8,57,A
366727190,2022-01-01T12:43:22,40.62650,-74.20143,0.0,345.0,173.0,JILL REINAUER,IMO7042813,WCW9655,31,0,30,8,3.8,57,A
366727190,2022-01-01T12:56:02,40.62652,-74.20143,0.0,45.0,173.0,JILL REINAUER,IMO7042813,WCW9655,31,0,30,8,3.8,57,A
366727190,2022-01-01T12:41:12,40.62651,-74.20143,0.0,325.6,172.0,JILL REINAUER,IMO7042813,WCW9655,31,0,30,8,3.8,57,A
366727190,2022-01-01T13:28:02,40.62653,-74.20140,0.0,329.0,172.0,JILL REINAUER,IMO7042813,WCW9655,31,0,30,8,3.8,57,A
366727190,2022-01-01T12:37:42,40.62652,-74.20143,0.0,338.3,172.0,JILL REINAUER,IMO7042813,WCW9655,31,0,30,8,3.8,57,A
366727190,2022-01-01T12:45:32,40.62651,-74.20142,0.0,345.7,172.0,JILL REINAUER,IMO7042813,WCW9655,31,0,30,8,3.8,57,A
366727190,2022-01-01T13:31:18,40.62664,-74.20164,0.8,319.0,156.0,JILL REINAUER,IMO7042813,WCW9655,31,0,30,8,3.8,57,A
366727190,2022-01-01T12:42:13,40.62651,-74.20144,0.0,339.9,172.0,JILL REINAUER,IMO7042813,WCW9655,31,0,30,8,3.8,57,A
366727190,2022-01-01T12:51:23,40.62656,-74.20143,0.0,150.9,172.0,JILL REINAUER,IMO7042813,WCW9655,31,0,30,8,3.8,57,A
366727190,2022-01-01T13:03:32,40.62650,-74.20144,0.0,207.0,172.0,JILL REINAUER,IMO7042813,WCW9655,31,0,30,8,3.8,57,A
366727190,2022-01-01T12:18:22,40.62651,-74.20144,0.0,17.5,168.0,JILL REINAUER,IMO7042813,WCW9655,31,0,30,8,3.8,57,A
366727190,2022-01-01T12:47:52,40.62654,-74.20143,0.0,18.6,172.0,JILL REINAUER,IMO7042813,WCW9655,31,0,30,8,3.8,57,A
366727190,2022-01-01T13:39:52,40.62569,-74.20463,0.1,101.4,2.0,JILL REINAUER,IMO7042813,WCW9655,31,0,30,8,3.8,57,A
366727190,2022-01-01T12:53:43,40.62653,-74.20143,0.0,139.9,172.0,JILL REINAUER,IMO7042813,WCW9655,31,0,30,8,3.8,57,A
366727190,2022-01-01T12:49:01,40.62655,-74.20145,0.0,177.6,172.0,JILL REINAUER,IMO7042813,WCW9655,31,0,30,8,3.8,57,A
366727190,2022-01-01T12:54:52,40.62654,-74.20143,0.0,22.3,171.0,JILL REINAUER,IMO7042813,WCW9655,31,0,30,8,3.8,57,A
366727190,2022-01-01T12:25:22,40.62649,-74.20142,0.0,276.9,170.0,JILL REINAUER,IMO7042813,WCW9655,31,0,30,8,3.8,57,A
366727190,2022-01-01T12:52:31,40.62653,-74.20144,0.0,115.3,172.0,JILL REINAUER,IMO7042813,WCW9655,31,0,30,8,3.8,57,A
366727190,2022-01-01T13:10:31,40.62647,-74.20145,0.0,305.4,173.0,JILL REINAUER,IMO7042813,WCW9655,31,0,30,8,3.8,57,A
366727190,2022-01-01T12:58:22,40.62651,-74.20143,0.0,175.1,173.0,JILL REINAUER,IMO7042813,WCW9655,31,0,30,8,3.8,57,A
366727190,2022-01-01T13:47:20,40.62644,-74.20362,0.4,327.6,76.0,JILL REINAUER,IMO7042813,WCW9655,31,0,30,8,3.8,57,A
366727190,2022-01-01T12:59:32,40.62651,-74.20143,0.0,248.1,173.0,JILL REINAUER,IMO7042813,WCW9655,31,0,30,8,3.8,57,A
366727190,2022-01-01T13:05:52,40.62652,-74.20144,0.0,163.1,173.0,JILL REINAUER,IMO7042813,WCW9655,31,0,30,8,3.8,57,A
366727190,2022-01-01T13:00:02,40.62650,-74.20143,0.0,178.0,173.0,JILL REINAUER,IMO7042813,WCW9655,31,0,30,8,3.8,57,A
366727190,2022-01-01T12:33:02,40.62650,-74.20143,0.0,346.3,171.0,JILL REINAUER,IMO7042813,WCW9655,31,0,30,8,3.8,57,A
366727190,2022-01-01T13:14:02,40.62652,-74.20141,0.0,237.5,172.0,JILL REINAUER,IMO7042813,WCW9655,31,0,30,8,3.8,57,A
366727190,2022-01-01T13:08:12,40.62655,-74.20143,0.0,248.8,173.0,JILL REINAUER,IMO7042813,WCW9655,31,0,30,8,3.8,57,A
366727190,2022-01-01T13:02:22,40.62652,-74.20145,0.0,221.6,172.0,JILL REINAUER,IMO7042813,WCW9655,31,0,30,8,3.8,57,A
366727190,2022-01-01T12:57:12,40.62653,-74.20143,0.0,98.5,173.0,JILL REINAUER,IMO7042813,WCW9655,31,0,30,8,3.8,57,A
366727190,2022-01-01T05:55:42,40.59157,-74.20626,0.0,163.5,303.0,JILL REINAUER,IMO7042813,WCW9655,31,0,30,8,3.8,57,A
366727190,2022-01-01T13:55:42,40.63402,-74.20110,0.1,248.4,356.0,JILL REINAUER,IMO7042813,WCW9655,31,0,30,8,3.8,57,A
366727190,2022-01-01T13:58:02,40.63403,-74.20114,0.1,95.2,9.0,JILL REINAUER,IMO7042813,WCW9655,31,0,30,8,3.8,57,A
366727190,2022-01-01T13:09:21,40.62646,-74.20145,0.0,256.5,172.0,JILL REINAUER,IMO7042813,WCW9655,31,0,30,8,3.8,57,A
366727190,2022-01-01T13:04:42,40.62650,-74.20145,0.0,209.1,172.0,JILL REINAUER,IMO7042813,WCW9655,31,0,30,8,3.8,57,A
366727190,2022-01-01T13:16:21,40.62650,-74.20144,0.0,166.0,173.0,JILL REINAUER,IMO7042813,WCW9655,31,0,30,8,3.8,57,A
366727190,2022-01-01T14:05:42,40.63406,-74.20101,0.0,341.3,314.0,JILL REINAUER,IMO7042813,WCW9655,31,0,30,8,3.8,57,A
366727190,2022-01-01T13:30:15,40.62653,-74.20143,0.3,235.3,151.0,JILL REINAUER,IMO7042813,WCW9655,31,0,30,8,3.8,57,A
366727190,2022-01-01T13:11:41,40.62651,-74.20142,0.0,191.2,172.0,JILL REINAUER,IMO7042813,WCW9655,31,0,30,8,3.8,57,A
366727190,2022-01-01T13:12:52,40.62651,-74.20142,0.1,198.5,173.0,JILL REINAUER,IMO7042813,WCW9655,31,0,30,8,3.8,57,A
366727190,2022-01-01T13:15:12,40.62651,-74.20144,0.0,245.1,173.0,JILL REINAUER,IMO7042813,WCW9655,31,0,30,8,3.8,57,A
366727190,2022-01-01T13:34:24,40.62570,-74.20444,1.2,262.9,319.0,JILL REINAUER,IMO7042813,WCW9655,31,0,30,8,3.8,57,A
366727190,2022-01-01T13:26:52,40.62654,-74.20140,0.0,215.1,173.0,JILL REINAUER,IMO7042813,WCW9655,31,0,30,8,3.8,57,A
366727190,2022-01-01T13:21:02,40.62651,-74.20141,0.0,242.1,174.0,JILL REINAUER,IMO7042813,WCW9655,31,0,30,8,3.8,57,A
366727190,2022-01-01T14:17:21,40.63407,-74.20102,0.0,215.9,309.0,JILL REINAUER,IMO7042813,WCW9655,31,0,30,8,3.8,57,A
366727190,2022-01-01T13:22:12,40.62653,-74.20143,0.0,294.7,174.0,JILL REINAUER,IMO7042813,WCW9655,31,0,30,8,3.8,57,A
366727190,2022-01-01T14:19:42,40.63404,-74.20102,0.0,110.4,309.0,JILL REINAUER,IMO7042813,WCW9655,31,0,30,8,3.8,57,A
366727190,2022-01-01T13:23:21,40.62654,-74.20143,0.0,21.5,173.0,JILL REINAUER,IMO7042813,WCW9655,31,0,30,8,3.8,57,A
366727190,2022-01-01T14:28:51,40.63403,-74.20102,0.0,337.9,308.0,JILL REINAUER,IMO7042813,WCW9655,31,0,30,8,3.8,57,A
366727190,2022-01-01T13:35:28,40.62569,-74.20464,0.1,98.0,8.0,JILL REINAUER,IMO7042813,WCW9655,31,0,30,8,3.8,57,A
366727190,2022-01-01T13:36:31,40.62568,-74.20463,0.0,111.8,2.0,JILL REINAUER,IMO7042813,WCW9655,31,0,30,8,3.8,57,A
366727190,2022-01-01T13:48:21,40.62648,-74.20372,0.1,265.7,60.0,JILL REINAUER,IMO7042813,WCW9655,31,0,30,8,3.8,57,A
366727190,2022-01-01T13:49:26,40.62661,-74.20361,2.2,27.5,24.0,JILL REINAUER,IMO7042813,WCW9655,31,0,30,8,3.8,57,A
366727190,2022-01-01T13:38:42,40.62569,-74.20463,0.0,328.7,7.0,JILL REINAUER,IMO7042813,WCW9655,31,0,30,8,3.8,57,A
366727190,2022-01-01T13:32:19,40.62632,-74.20214,4.9,229.9,234.0,JILL REINAUER,IMO7042813,WCW9655,31,0,30,8,3.8,57,A
366727190,2022-01-01T13:33:21,40.62564,-74.20383,3.4,263.4,281.0,JILL REINAUER,IMO7042813,WCW9655,31,0,30,8,3.8,57,A
366727190,2022-01-01T14:34:42,40.63405,-74.20101,0.0,223.3,308.0,JILL REINAUER,IMO7042813,WCW9655,31,0,30,8,3.8,57,A
366727190,2022-01-01T13:41:01,40.62568,-74.20457,0.3,94.5,3.0,JILL REINAUER,IMO7042813,WCW9655,31,0,30,8,3.8,57,A
366727190,2022-01-01T13:37:32,40.62568,-74.20461,0.0,313.2,3.0,JILL REINAUER,IMO7042813,WCW9655,31,0,30,8,3.8,57,A
366727190,2022-01-01T13:42:05,40.62567,-74.20440,0.8,93.7,15.0,JILL REINAUER,IMO7042813,WCW9655,31,0,30,8,3.8,57,A
366727190,2022-01-01T13:43:08,40.62566,-74.20427,0.1,236.2,28.0,JILL REINAUER,IMO7042813,WCW9655,31,0,30,8,3.8,57,A
366727190,2022-01-01T13:51:31,40.63079,-74.20258,7.4,14.3,16.0,JILL REINAUER,IMO7042813,WCW9655,31,0,30,8,3.8,57,A
366727190,2022-01-01T13:46:19,40.62611,-74.20361,1.7,1.8,51.0,JILL REINAUER,IMO7042813,WCW9655,31,0,30,8,3.8,57,A
366727190,2022-01-01T13:54:39,40.63403,-74.20109,0.1,44.3,349.0,JILL REINAUER,IMO7042813,WCW9655,31,0,30,8,3.8,57,A
366727190,2022-01-01T13:50:29,40.62859,-74.20326,8.8,11.6,15.0,JILL REINAUER,IMO7042813,WCW9655,31,0,30,8,3.8,57,A
366727190,2022-01-01T13:17:31,40.62649,-74.20144,0.0,270.9,173.0,JILL REINAUER,IMO7042813,WCW9655,31,0,30,8,3.8,57,A
366727190,2022-01-01T13:45:15,40.62576,-74.20372,0.8,24.8,23.0,JILL REINAUER,IMO7042813,WCW9655,31,0,30,8,3.8,57,A
366727190,2022-01-01T14:45:03,40.63403,-74.20099,0.0,32.5,307.0,JILL REINAUER,IMO7042813,WCW9655,31,0,30,8,3.8,57,A
366727190,2022-01-01T13:53:36,40.63376,-74.20118,2.5,7.1,9.0,JILL REINAUER,IMO7042813,WCW9655,31,0,30,8,3.8,57,A
366727190,2022-01-01T14:47:21,40.63403,-74.20100,0.0,237.8,307.0,JILL REINAUER,IMO7042813,WCW9655,31,0,30,8,3.8,57,A
366727190,2022-01-01T14:06:51,40.63407,-74.20101,0.0,78.3,313.0,JILL REINAUER,IMO7042813,WCW9655,31,0,30,8,3.8,57,A
366727190,2022-01-01T13:25:42,40.62654,-74.20139,0.0,330.3,173.0,JILL REINAUER,IMO7042813,WCW9655,31,0,30,8,3.8,57,A
366727190,2022-01-01T14:01:12,40.63402,-74.20109,0.0,64.8,344.0,JILL REINAUER,IMO7042813,WCW9655,31,0,30,8,3.8,57,A
366727190,2022-01-01T14:09:12,40.63407,-74.20101,0.0,277.2,314.0,JILL REINAUER,IMO7042813,WCW9655,31,0,30,8,3.8,57,A
366727190,2022-01-01T14:03:22,40.63404,-74.20104,0.0,28.7,327.0,JILL REINAUER,IMO7042813,WCW9655,31,0,30,8,3.8,57,A
366727190,2022-01-01T14:10:23,40.63406,-74.20102,0.0,57.4,312.0,JILL REINAUER,IMO7042813,WCW9655,31,0,30,8,3.8,57,A
366727190,2022-01-01T13:56:53,40.63403,-74.20114,0.1,276.6,10.0,JILL REINAUER,IMO7042813,WCW9655,31,0,30,8,3.8,57,A
366727190,2022-01-01T14:56:22,40.63403,-74.20103,0.0,268.0,309.0,JILL REINAUER,IMO7042813,WCW9655,31,0,30,8,3.8,57,A
366727190,2022-01-01T14:13:53,40.63406,-74.20101,0.0,156.8,309.0,JILL REINAUER,IMO7042813,WCW9655,31,0,30,8,3.8,57,A
366727190,2022-01-01T15:01:03,40.63406,-74.20101,0.0,269.5,307.0,JILL REINAUER,IMO7042813,WCW9655,31,0,30,8,3.8,57,A
366727190,2022-01-01T14:00:02,40.63405,-74.20110,0.0,78.6,353.0,JILL REINAUER,IMO7042813,WCW9655,31,0,30,8,3.8,57,A
366727190,2022-01-01T14:12:42,40.63405,-74.20101,0.0,51.7,308.0,JILL REINAUER,IMO7042813,WCW9655,31,0,30,8,3.8,57,A
366727190,2022-01-01T14:04:32,40.63406,-74.20101,0.0,58.2,318.0,JILL REINAUER,IMO7042813,WCW9655,31,0,30,8,3.8,57,A
366727190,2022-01-01T13:44:13,40.62566,-74.20408,1.5,94.9,46.0,JILL REINAUER,IMO7042813,WCW9655,31,0,30,8,3.8,57,A
366727190,2022-01-01T14:15:02,40.63404,-74.20101,0.0,190.2,309.0,JILL REINAUER,IMO7042813,WCW9655,31,0,30,8,3.8,57,A
366727190,2022-01-01T14:25:32,40.63404,-74.20103,0.0,284.6,309.0,JILL REINAUER,IMO7042813,WCW9655,31,0,30,8,3.8,57,A
366727190,2022-01-01T06:25:02,40.59152,-74.20625,0.1,204.9,299.0,JILL REINAUER,IMO7042813,WCW9655,31,0,30,8,3.8,57,A
366727190,2022-01-01T15:08:11,40.63404,-74.20101,0.0,276.6,305.0,JILL REINAUER,IMO7042813,WCW9655,31,0,30,8,3.8,57,A
366727190,2022-01-01T14:30:02,40.63403,-74.20103,0.0,174.5,308.0,JILL REINAUER,IMO7042813,WCW9655,31,0,30,8,3.8,57,A
366727190,2022-01-01T06:26:12,40.59153,-74.20628,0.0,14.4,305.0,JILL REINAUER,IMO7042813,WCW9655,31,0,30,8,3.8,57,A
366727190,2022-01-01T14:33:32,40.63405,-74.20101,0.0,188.6,308.0,JILL REINAUER,IMO7042813,WCW9655,31,0,30,8,3.8,57,A
366727190,2022-01-01T14:31:12,40.63403,-74.20102,0.0,230.5,309.0,JILL REINAUER,IMO7042813,WCW9655,31,0,30,8,3.8,57,A
366727190,2022-01-01T13:52:33,40.63271,-74.20167,5.8,24.8,29.0,JILL REINAUER,IMO7042813,WCW9655,31,0,30,8,3.8,57,A
366727190,2022-01-01T14:16:12,40.63405,-74.20101,0.0,218.8,309.0,JILL REINAUER,IMO7042813,WCW9655,31,0,30,8,3.8,57,A
366727190,2022-01-01T15:20:01,40.63406,-74.20102,0.0,291.7,304.0,JILL REINAUER,IMO7042813,WCW9655,31,0,30,8,3.8,57,A
366727190,2022-01-01T14:22:02,40.63406,-74.20102,0.0,156.7,309.0,JILL REINAUER,IMO7042813,WCW9655,31,0,30,8,3.8,57,A
366727190,2022-01-01T13:59:13,40.63405,-74.20110,0.0,99.4,0.0,JILL REINAUER,IMO7042813,WCW9655,31,0,30,8,3.8,57,A
366727190,2022-01-01T14:26:41,40.63402,-74.20103,0.0,182.5,308.0,JILL REINAUER,IMO7042813,WCW9655,31,0,30,8,3.8,57,A
366727190,2022-01-01T14:44:02,40.63403,-74.20100,0.0,285.9,307.0,JILL REINAUER,IMO7042813,WCW9655,31,0,30,8,3.8,57,A
366727190,2022-01-01T14:32:23,40.63403,-74.20101,0.0,167.7,308.0,JILL REINAUER,IMO7042813,WCW9655,31,0,30,8,3.8,57,A
366727190,2022-01-01T14:02:13,40.63404,-74.20106,0.0,43.9,336.0,JILL REINAUER,IMO7042813,WCW9655,31,0,30,8,3.8,57,A
366727190,2022-01-01T14:49:31,40.63404,-74.20099,0.0,190.3,308.0,JILL REINAUER,IMO7042813,WCW9655,31,0,30,8,3.8,57,A
366727190,2022-01-01T14:08:01,40.63406,-74.20102,0.1,218.8,314.0,JILL REINAUER,IMO7042813,WCW9655,31,0,30,8,3.8,57,A
366727190,2022-01-01T15:28:02,40.63407,-74.20103,0.0,255.9,305.0,JILL REINAUER,IMO7042813,WCW9655,31,0,30,8,3.8,57,A
366727190,2022-01-01T15:29:12,40.63406,-74.20102,0.0,239.0,306.0,JILL REINAUER,IMO7042813,WCW9655,31,0,30,8,3.8,57,A
366727190,2022-01-01T14:11:33,40.63407,-74.20101,0.0,45.4,310.0,JILL REINAUER,IMO7042813,WCW9655,31,0,30,8,3.8,57,A
366727190,2022-01-01T14:39:21,40.63404,-74.20100,0.0,188.3,308.0,JILL REINAUER,IMO7042813,WCW9655,31,0,30,8,3.8,57,A
366727190,2022-01-01T14:38:12,40.63403,-74.20101,0.0,221.4,307.0,JILL REINAUER,IMO7042813,WCW9655,31,0,30,8,3.8,57,A
366727190,2022-01-01T14:59:51,40.63405,-74.20101,0.0,183.1,307.0,JILL REINAUER,IMO7042813,WCW9655,31,0,30,8,3.8,57,A
366727190,2022-01-01T15:00:02,40.63405,-74.20101,0.0,273.7,307.0,JILL REINAUER,IMO7042813,WCW9655,31,0,30,8,3.8,57,A
366727190,2022-01-01T14:18:33,40.63407,-74.20101,0.0,219.3,310.0,JILL REINAUER,IMO7042813,WCW9655,31,0,30,8,3.8,57,A
366727190,2022-01-01T14:20:52,40.63405,-74.20100,0.0,293.1,309.0,JILL REINAUER,IMO7042813,WCW9655,31,0,30,8,3.8,57,A
366727190,2022-01-01T15:02:11,40.63405,-74.20102,0.0,295.6,306.0,JILL REINAUER,IMO7042813,WCW9655,31,0,30,8,3.8,57,A
366727190,2022-01-01T06:41:22,40.58821,-74.20700,9.3,203.3,208.0,JILL REINAUER,IMO7042813,WCW9655,31,0,30,8,3.8,57,A
366727190,2022-01-01T15:04:21,40.63403,-74.20102,0.0,201.1,306.0,JILL REINAUER,IMO7042813,WCW9655,31,0,30,8,3.8,57,A
366727190,2022-01-01T15:03:12,40.63403,-74.20101,0.0,115.8,306.0,JILL REINAUER,IMO7042813,WCW9655,31,0,30,8,3.8,57,A
366727190,2022-01-01T14:24:21,40.63405,-74.20102,0.0,203.8,309.0,JILL REINAUER,IMO7042813,WCW9655,31,0,30,8,3.8,57,A
366727190,2022-01-01T15:42:16,40.62516,-74.20313,10.5,184.7,184.0,JILL REINAUER,IMO7042813,WCW9655,31,0,30,8,3.8,57,A
366727190,2022-01-01T14:51:52,40.63408,-74.20099,0.0,85.2,307.0,JILL REINAUER,IMO7042813,WCW9655,31,0,30,8,3.8,57,A
366727190,2022-01-01T14:46:13,40.63403,-74.20100,0.0,246.8,307.0,JILL REINAUER,IMO7042813,WCW9655,31,0,30,8,3.8,57,A
366727190,2022-01-01T15:09:12,40.63405,-74.20103,0.0,260.3,305.0,JILL REINAUER,IMO7042813,WCW9655,31,0,30,8,3.8,57,A
366727190,2022-01-01T14:54:02,40.63405,-74.20101,0.0,190.6,307.0,JILL REINAUER,IMO7042813,WCW9655,31,0,30,8,3.8,57,A
366727190,2022-01-01T15:15:22,40.63408,-74.20102,0.0,262.9,304.0,JILL REINAUER,IMO7042813,WCW9655,31,0,30,8,3.8,57,A
366727190,2022-01-01T14:53:01,40.63406,-74.20101,0.0,266.8,307.0,JILL REINAUER,IMO7042813,WCW9655,31,0,30,8,3.8,57,A
366727190,2022-01-01T14:58:42,40.63405,-74.20100,0.0,176.2,307.0,JILL REINAUER,IMO7042813,WCW9655,31,0,30,8,3.8,57,A
366727190,2022-01-01T14:35:52,40.63406,-74.20100,0.0,233.9,307.0,JILL REINAUER,IMO7042813,WCW9655,31,0,30,8,3.8,57,A
366727190,2022-01-01T15:51:56,40.59974,-74.20015,9.3,178.0,189.0,JILL REINAUER,IMO7042813,WCW9655,31,0,30,8,3.8,57,A
366727190,2022-01-01T14:37:02,40.63404,-74.20101,0.0,265.9,308.0,JILL REINAUER,IMO7042813,WCW9655,31,0,30,8,3.8,57,A
366727190,2022-01-01T15:05:31,40.63404,-74.20101,0.0,182.9,306.0,JILL REINAUER,IMO7042813,WCW9655,31,0,30,8,3.8,57,A
366727190,2022-01-01T15:23:23,40.63407,-74.20101,0.0,86.0,304.0,JILL REINAUER,IMO7042813,WCW9655,31,0,30,8,3.8,57,A
366727190,2022-01-01T14:40:32,40.63403,-74.20099,0.0,144.4,308.0,JILL REINAUER,IMO7042813,WCW9655,31,0,30,8,3.8,57,A
366727190,2022-01-01T15:11:43,40.63403,-74.20102,0.0,220.9,305.0,JILL REINAUER,IMO7042813,WCW9655,31,0,30,8,3.8,57,A
366727190,2022-01-01T14:42:51,40.63404,-74.20101,0.0,226.2,307.0,JILL REINAUER,IMO7042813,WCW9655,31,0,30,8,3.8,57,A
366727190,2022-01-01T15:13:03,40.63408,-74.20101,0.0,235.1,306.0,JILL REINAUER,IMO7042813,WCW9655,31,0,30,8,3.8,57,A
366727190,2022-01-01T15:16:32,40.63406,-74.20101,0.0,354.8,305.0,JILL REINAUER,IMO7042813,WCW9655,31,0,30,8,3.8,57,A
366727190,2022-01-01T15:25:42,40.63403,-74.20101,0.0,356.0,305.0,JILL REINAUER,IMO7042813,WCW9655,31,0,30,8,3.8,57,A
366727190,2022-01-01T15:18:51,40.63407,-74.20101,0.0,341.4,304.0,JILL REINAUER,IMO7042813,WCW9655,31,0,30,8,3.8,57,A
366727190,2022-01-01T15:30:22,40.63406,-74.20103,0.0,214.3,306.0,JILL REINAUER,IMO7042813,WCW9655,31,0,30,8,3.8,57,A
366727190,2022-01-01T14:48:22,40.63405,-74.20098,0.0,292.0,307.0,JILL REINAUER,IMO7042813,WCW9655,31,0,30,8,3.8,57,A
366727190,2022-01-01T16:04:59,40.56529,-74.21376,11.0,195.9,199.0,JILL REINAUER,IMO7042813,WCW9655,31,0,30,8,3.8,57,A
366727190,2022-01-01T06:49:40,40.57014,-74.21223,7.2,193.1,194.0,JILL REINAUER,IMO7042813,WCW9655,31,0,30,8,3.8,57,A
366727190,2022-01-01T15:10:32,40.63407,-74.20102,0.0,234.6,305.0,JILL REINAUER,IMO7042813,WCW9655,31,0,30,8,3.8,57,A
366727190,2022-01-01T15:21:02,40.63406,-74.20101,0.0,1.1,304.0,JILL REINAUER,IMO7042813,WCW9655,31,0,30,8,3.8,57,A
366727190,2022-01-01T14:55:13,40.63404,-74.20102,0.0,187.3,308.0,JILL REINAUER,IMO7042813,WCW9655,31,0,30,8,3.8,57,A
366727190,2022-01-01T06:54:06,40.56088,-74.21589,8.0,209.5,215.0,JILL REINAUER,IMO7042813,WCW9655,31,0,30,8,3.8,57,A
366727190,2022-01-01T15:44:23,40.61891,-74.20343,10.7,182.9,186.0,JILL REINAUER,IMO7042813,WCW9655,31,0,30,8,3.8,57,A
366727190,2022-01-01T15:31:31,40.63405,-74.20103,0.0,193.1,306.0,JILL REINAUER,IMO7042813,WCW9655,31,0,30,8,3.8,57,A
366727190,2022-01-01T15:41:15,40.62805,-74.20260,10.5,188.7,189.0,JILL REINAUER,IMO7042813,WCW9655,31,0,30,8,3.8,57,A
366727190,2022-01-01T15:46:35,40.61241,-74.20407,9.3,186.4,187.0,JILL REINAUER,IMO7042813,WCW9655,31,0,30,8,3.8,57,A
366727190,2022-01-01T15:22:13,40.63405,-74.20099,0.0,82.5,304.0,JILL REINAUER,IMO7042813,WCW9655,31,0,30,8,3.8,57,A
366727190,2022-01-01T15:43:18,40.62206,-74.20322,10.7,182.7,187.0,JILL REINAUER,IMO7042813,WCW9655,31,0,30,8,3.8,57,A
366727190,2022-01-01T15:47:42,40.60999,-74.20413,7.4,181.5,185.0,JILL REINAUER,IMO7042813,WCW9655,31,0,30,8,3.8,57,A
366727190,2022-01-01T15:06:52,40.63403,-74.20100,0.0,227.1,306.0,JILL REINAUER,IMO7042813,WCW9655,31,0,30,8,3.8,57,A
366727190,2022-01-01T15:36:05,40.63406,-74.20102,0.1,212.8,308.0,JILL REINAUER,IMO7042813,WCW9655,31,0,30,8,3.8,57,A
366727190,2022-01-01T15:38:08,40.63389,-74.20095,0.3,234.2,264.0,JILL REINAUER,IMO7042813,WCW9655,31,0,30,8,3.8,57,A
366727190,2022-01-01T15:52:58,40.59687,-74.20105,10.7,209.0,216.0,JILL REINAUER,IMO7042813,WCW9655,31,0,30,8,3.8,57,A
366727190,2022-01-01T15:49:49,40.60485,-74.20362,10.4,149.3,148.0,JILL REINAUER,IMO7042813,WCW9655,31,0,30,8,3.8,57,A
366727190,2022-01-01T16:30:31,40.51197,-74.25696,9.5,205.1,204.0,JILL REINAUER,IMO7042813,WCW9655,31,0,30,8,3.8,57,A
366727190,2022-01-01T15:14:12,40.63408,-74.20101,0.0,247.2,305.0,JILL REINAUER,IMO7042813,WCW9655,31,0,30,8,3.8,57,A
366727190,2022-01-01T15:50:51,40.60227,-74.20135,10.4,144.4,147.0,JILL REINAUER,IMO7042813,WCW9655,31,0,30,8,3.8,57,A
366727190,2022-01-01T15:35:01,40.63408,-74.20103,0.0,233.1,307.0,JILL REINAUER,IMO7042813,WCW9655,31,0,30,8,3.8,57,A
366727190,2022-01-01T15:45:31,40.61553,-74.20367,10.7,183.1,185.0,JILL REINAUER,IMO7042813,WCW9655,31,0,30,8,3.8,57,A
366727190,2022-01-01T16:34:48,40.50177,-74.25855,7.7,174.6,175.0,JILL REINAUER,IMO7042813,WCW9655,31,0,30,8,3.8,57,A
366727190,2022-01-01T15:39:12,40.63314,-74.20119,5.8,186.8,188.0,JILL REINAUER,IMO7042813,WCW9655,31,0,30,8,3.8,57,A
366727190,2022-01-01T16:00:01,40.57885,-74.20967,10.9,191.7,193.0,JILL REINAUER,IMO7042813,WCW9655,31,0,30,8,3.8,57,A
366727190,2022-01-01T15:59:27,40.58054,-74.20921,10.9,192.1,193.0,JILL REINAUER,IMO7042813,WCW9655,31,0,30,8,3.8,57,A
366727190,2022-01-01T16:08:19,40.55822,-74.22159,10.9,268.3,273.0,JILL REINAUER,IMO7042813,WCW9655,31,0,30,8,3.8,57,A
366727190,2022-01-01T16:06:12,40.56175,-74.21527,11.1,201.7,204.0,JILL REINAUER,IMO7042813,WCW9655,31,0,30,8,3.8,57,A
366727190,2022-01-01T16:11:28,40.55766,-74.23400,11.0,254.9,255.0,JILL REINAUER,IMO7042813,WCW9655,31,0,30,8,3.8,57,A
366727190,2022-01-01T15:32:42,40.63407,-74.20103,0.0,238.5,307.0,JILL REINAUER,IMO7042813,WCW9655,31,0,30,8,3.8,57,A
366727190,2022-01-01T15:33:51,40.63407,-74.20102,0.0,201.2,307.0,JILL REINAUER,IMO7042813,WCW9655,31,0,30,8,3.8,57,A
366727190,2022-01-01T07:05:22,40.55473,-74.24432,7.9,236.7,237.0,JILL REINAUER,IMO7042813,WCW9655,31,0,30,8,3.8,57,A
366727190,2022-01-01T16:10:25,40.55817,-74.22986,10.9,268.0,268.0,JILL REINAUER,IMO7042813,WCW9655,31,0,30,8,3.8,57,A
366727190,2022-01-01T16:01:38,40.57411,-74.21091,10.9,191.2,195.0,JILL REINAUER,IMO7042813,WCW9655,31,0,30,8,3.8,57,A
366727190,2022-01-01T16:13:35,40.55548,-74.24190,10.8,239.9,237.0,JILL REINAUER,IMO7042813,WCW9655,31,0,30,8,3.8,57,A
366727190,2022-01-01T07:07:25,40.55220,-74.24889,6.6,230.7,230.0,JILL REINAUER,IMO7042813,WCW9655,31,0,30,8,3.8,57,A
366727190,2022-01-01T16:07:15,40.55908,-74.21760,11.1,230.5,241.0,JILL REINAUER,IMO7042813,WCW9655,31,0,30,8,3.8,57,A
366727190,2022-01-01T15:40:13,40.63101,-74.20166,10.3,190.9,193.0,JILL REINAUER,IMO7042813,WCW9655,31,0,30,8,3.8,57,A
366727190,2022-01-01T16:58:32,40.49390,-74.25320,1.1,263.8,281.0,JILL REINAUER,IMO7042813,WCW9655,31,0,30,8,3.8,57,A
366727190,2022-01-01T16:03:51,40.56844,-74.21255,9.1,195.6,199.0,JILL REINAUER,IMO7042813,WCW9655,31,0,30,8,3.8,57,A
366727190,2022-01-01T16:59:42,40.49392,-74.25349,0.4,299.5,296.0,JILL REINAUER,IMO7042813,WCW9655,31,0,30,8,3.8,57,A
366727190,2022-01-01T16:09:22,40.55820,-74.22575,10.8,269.8,273.0,JILL REINAUER,IMO7042813,WCW9655,31,0,30,8,3.8,57,A
366727190,2022-01-01T15:48:48,40.60748,-74.20434,8.7,181.9,183.0,JILL REINAUER,IMO7042813,WCW9655,31,0,30,8,3.8,57,A
366727190,2022-01-01T16:12:32,40.55662,-74.23803,10.9,249.3,252.0,JILL REINAUER,IMO7042813,WCW9655,31,0,30,8,3.8,57,A
366727190,2022-01-01T16:27:01,40.51924,-74.25063,8.0,212.3,216.0,JILL REINAUER,IMO7042813,WCW9655,31,0,30,8,3.8,57,A
366727190,2022-01-01T17:07:53,40.49426,-74.25509,0.9,253.7,271.0,JILL REINAUER,IMO7042813,WCW9655,31,0,30,8,3.8,57,A
366727190,2022-01-01T16:15:03,40.55294,-74.24661,10.9,233.6,237.0,JILL REINAUER,IMO7042813,WCW9655,31,0,30,8,3.8,57,A
366727190,2022-01-01T16:16:05,40.55081,-74.24965,10.8,213.9,210.0,JILL REINAUER,IMO7042813,WCW9655,31,0,30,8,3.8,57,A
366727190,2022-01-01T16:17:06,40.54810,-74.25135,10.8,197.0,195.0,JILL REINAUER,IMO7042813,WCW9655,31,0,30,8,3.8,57,A
366727190,2022-01-01T16:29:21,40.51468,-74.25487,9.6,213.3,215.0,JILL REINAUER,IMO7042813,WCW9655,31,0,30,8,3.8,57,A
366727190,2022-01-01T16:21:32,40.53462,-74.25001,11.2,173.4,176.0,JILL REINAUER,IMO7042813,WCW9655,31,0,30,8,3.8,57,A
366727190,2022-01-01T15:53:59,40.59438,-74.20334,10.7,214.5,214.0,JILL REINAUER,IMO7042813,WCW9655,31,0,30,8,3.8,57,A
366727190,2022-01-01T16:19:12,40.54173,-74.25127,11.1,171.8,174.0,JILL REINAUER,IMO7042813,WCW9655,31,0,30,8,3.8,57,A
366727190,2022-01-01T15:56:12,40.58948,-74.20646,8.2,205.9,207.0,JILL REINAUER,IMO7042813,WCW9655,31,0,30,8,3.8,57,A
366727190,2022-01-01T17:14:39,40.49371,-74.25507,0.5,116.3,296.0,JILL REINAUER,IMO7042813,WCW9655,31,0,30,8,3.8,57,A
366727190,2022-01-01T17:15:42,40.49365,-74.25491,0.6,112.1,314.0,JILL REINAUER,IMO7042813,WCW9655,31,0,30,8,3.8,57,A
366727190,2022-01-01T16:22:40,40.53117,-74.24932,11.1,171.2,175.0,JILL REINAUER,IMO7042813,WCW9655,31,0,30,8,3.8,57,A
366727190,2022-01-01T16:36:55,40.49815,-74.25758,4.3,163.9,163.0,JILL REINAUER,IMO7042813,WCW9655,31,0,30,8,3.8,57,A
366727190,2022-01-01T16:28:12,40.51706,-74.25270,8.3,216.2,217.0,JILL REINAUER,IMO7042813,WCW9655,31,0,30,8,3.8,57,A
366727190,2022-01-01T16:23:51,40.52753,-74.24864,11.3,173.1,177.0,JILL REINAUER,IMO7042813,WCW9655,31,0,30,8,3.8,57,A
366727190,2022-01-01T16:24:55,40.52412,-74.24822,11.5,179.0,187.0,JILL REINAUER,IMO7042813,WCW9655,31,0,30,8,3.8,57,A
366727190,2022-01-01T16:25:59,40.52121,-74.24915,8.4,208.1,212.0,JILL REINAUER,IMO7042813,WCW9655,31,0,30,8,3.8,57,A
366727190,2022-01-01T17:21:32,40.49338,-74.25359,0.7,109.5,350.0,JILL REINAUER,IMO7042813,WCW9655,31,0,30,8,3.8,57,A
366727190,2022-01-01T16:37:56,40.49725,-74.25709,2.9,151.4,147.0,JILL REINAUER,IMO7042813,WCW9655,31,0,30,8,3.8,57,A
366727190,2022-01-01T17:23:35,40.49355,-74.25341,1.5,299.2,285.0,JILL REINAUER,IMO7042813,WCW9655,31,0,30,8,3.8,57,A
366727190,2022-01-01T16:31:35,40.50932,-74.25819,9.5,190.7,190.0,JILL REINAUER,IMO7042813,WCW9655,31,0,30,8,3.8,57,A
366727190,2022-01-01T16:35:52,40.49965,-74.25803,6.5,166.9,166.0,JILL REINAUER,IMO7042813,WCW9655,31,0,30,8,3.8,57,A
366727190,2022-01-01T17:26:44,40.49248,-74.25564,2.4,283.7,293.0,JILL REINAUER,IMO7042813,WCW9655,31,0,30,8,3.8,57,A
366727190,2022-01-01T16:32:38,40.50661,-74.25862,9.3,181.6,178.0,JILL REINAUER,IMO7042813,WCW9655,31,0,30,8,3.8,57,A
366727190,2022-01-01T17:31:02,40.49372,-74.25868,0.9,316.0,313.0,JILL REINAUER,IMO7042813,WCW9655,31,0,30,8,3.8,57,A
366727190,2022-01-01T16:47:45,40.49430,-74.25435,0.6,114.9,251.0,JILL REINAUER,IMO7042813,WCW9655,31,0,30,8,3.8,57,A
366727190,2022-01-01T16:39:02,40.49661,-74.25655,2.2,144.6,144.0,JILL REINAUER,IMO7042813,WCW9655,31,0,30,8,3.8,57,A
366727190,2022-01-01T16:42:22,40.49526,-74.25547,1.4,148.5,183.0,JILL REINAUER,IMO7042813,WCW9655,31,0,30,8,3.8,57,A
366727190,2022-01-01T16:41:13,40.49569,-74.25576,1.6,153.5,175.0,JILL REINAUER,IMO7042813,WCW9655,31,0,30,8,3.8,57,A
366727190,2022-01-01T16:18:08,40.54497,-74.25172,11.0,175.9,180.0,JILL REINAUER,IMO7042813,WCW9655,31,0,30,8,3.8,57,A
366727190,2022-01-01T17:39:12,40.49413,-74.25836,0.4,104.3,352.0,JILL REINAUER,IMO7042813,WCW9655,31,0,30,8,3.8,57,A
366727190,2022-01-01T16:44:29,40.49470,-74.25500,0.9,142.4,213.0,JILL REINAUER,IMO7042813,WCW9655,31,0,30,8,3.8,57,A
366727190,2022-01-01T16:45:32,40.49451,-74.25478,0.7,135.1,227.0,JILL REINAUER,IMO7042813,WCW9655,31,0,30,8,3.8,57,A
366727190,2022-01-01T07:27:55,40.54352,-74.25287,0.3,185.9,276.0,JILL REINAUER,IMO7042813,WCW9655,31,0,30,8,3.8,57,A
366727190,2022-01-01T16:49:52,40.49418,-74.25383,0.7,101.4,291.0,JILL REINAUER,IMO7042813,WCW9655,31,0,30,8,3.8,57,A
366727190,2022-01-01T17:04:33,40.49403,-74.25317,0.5,0.1,312.0,JILL REINAUER,IMO7042813,WCW9655,31,0,30,8,3.8,57,A
366727190,2022-01-01T16:50:55,40.49416,-74.25358,0.8,100.5,306.0,JILL REINAUER,IMO7042813,WCW9655,31,0,30,8,3.8,57,A
366727190,2022-01-01T17:52:19,40.49533,-74.26517,5.0,216.5,220.0,JILL REINAUER,IMO7042813,WCW9655,31,0,30,8,3.8,57,A
366727190,2022-01-01T16:55:22,40.49394,-74.25230,0.8,104.0,338.0,JILL REINAUER,IMO7042813,WCW9655,31,0,30,8,3.8,57,A
366727190,2022-01-01T17:54:33,40.49316,-74.26721,3.3,211.2,221.0,JILL REINAUER,IMO7042813,WCW9655,31,0,30,8,3.8,57,A
366727190,2022-01-01T16:56:26,40.49401,-74.25217,0.6,333.0,297.0,JILL REINAUER,IMO7042813,WCW9655,31,0,30,8,3.8,57,A
366727190,2022-01-01T17:05:38,40.49424,-74.25364,2.0,282.2,282.0,JILL REINAUER,IMO7042813,WCW9655,31,0,30,8,3.8,57,A
366727190,2022-01-01T18:01:08,40.49108,-74.27107,5.0,285.0,297.0,JILL REINAUER,IMO7042813,WCW9655,31,0,30,8,3.8,57,A
366727190,2022-01-01T18:02:09,40.49186,-74.27290,5.8,305.8,305.0,JILL REINAUER,IMO7042813,WCW9655,31,0,30,8,3.8,57,A
366727190,2022-01-01T17:02:23,40.49402,-74.25349,0.2,90.8,299.0,JILL REINAUER,IMO7042813,WCW9655,31,0,30,8,3.8,57,A
366727190,2022-01-01T17:19:12,40.49348,-74.25414,0.7,105.2,347.0,JILL REINAUER,IMO7042813,WCW9655,31,0,30,8,3.8,57,A
366727190,2022-01-01T17:03:31,40.49401,-74.25335,0.4,93.8,304.0,JILL REINAUER,IMO7042813,WCW9655,31,0,30,8,3.8,57,A
366727190,2022-01-01T16:40:05,40.49614,-74.25613,1.8,146.8,153.0,JILL REINAUER,IMO7042813,WCW9655,31,0,30,8,3.8,57,A
366727190,2022-01-01T17:06:43,40.49433,-74.25453,2.0,266.3,271.0,JILL REINAUER,IMO7042813,WCW9655,31,0,30,8,3.8,57,A
366727190,2022-01-01T16:43:26,40.49495,-74.25521,1.1,147.1,198.0,JILL REINAUER,IMO7042813,WCW9655,31,0,30,8,3.8,57,A
366727190,2022-01-01T17:10:12,40.49404,-74.25543,0.4,192.5,261.0,JILL REINAUER,IMO7042813,WCW9655,31,0,30,8,3.8,57,A
366727190,2022-01-01T17:22:33,40.49332,-74.25334,0.6,82.2,348.0,JILL REINAUER,IMO7042813,WCW9655,31,0,30,8,3.8,57,A
366727190,2022-01-01T17:09:03,40.49417,-74.25532,0.6,221.4,263.0,JILL REINAUER,IMO7042813,WCW9655,31,0,30,8,3.8,57,A
366727190,2022-01-01T16:46:42,40.49436,-74.25454,0.6,126.1,239.0,JILL REINAUER,IMO7042813,WCW9655,31,0,30,8,3.8,57,A
366727190,2022-01-01T17:25:42,40.49276,-74.25477,3.0,217.2,240.0,JILL REINAUER,IMO7042813,WCW9655,31,0,30,8,3.8,57,A
366727190,2022-01-01T17:12:32,40.49384,-74.25535,0.4,145.2,270.0,JILL REINAUER,IMO7042813,WCW9655,31,0,30,8,3.8,57,A
366727190,2022-01-01T17:11:21,40.49393,-74.25544,0.3,168.6,264.0,JILL REINAUER,IMO7042813,WCW9655,31,0,30,8,3.8,57,A
366727190,2022-01-01T17:27:45,40.49274,-74.25651,2.7,291.2,298.0,JILL REINAUER,IMO7042813,WCW9655,31,0,30,8,3.8,57,A
366727190,2022-01-01T17:13:35,40.49377,-74.25523,0.4,127.0,280.0,JILL REINAUER,IMO7042813,WCW9655,31,0,30,8,3.8,57,A
366727190,2022-01-01T17:28:53,40.49316,-74.25756,2.8,298.1,301.0,JILL REINAUER,IMO7042813,WCW9655,31,0,30,8,3.8,57,A
366727190,2022-01-01T17:17:52,40.49356,-74.25446,0.7,105.9,340.0,JILL REINAUER,IMO7042813,WCW9655,31,0,30,8,3.8,57,A
366727190,2022-01-01T17:30:01,40.49353,-74.25838,1.5,305.4,308.0,JILL REINAUER,IMO7042813,WCW9655,31,0,30,8,3.8,57,A
366727190,2022-01-01T16:52:03,40.49411,-74.25326,0.8,102.2,318.0,JILL REINAUER,IMO7042813,WCW9655,31,0,30,8,3.8,57,A
366727190,2022-01-01T18:14:49,40.50094,-74.28462,5.9,338.2,345.0,JILL REINAUER,IMO7042813,WCW9655,31,0,30,8,3.8,57,A
366727190,2022-01-01T16:53:12,40.49405,-74.25292,0.8,102.7,327.0,JILL REINAUER,IMO7042813,WCW9655,31,0,30,8,3.8,57,A
366727190,2022-01-01T17:20:22,40.49343,-74.25386,0.7,109.1,350.0,JILL REINAUER,IMO7042813,WCW9655,31,0,30,8,3.8,57,A
366727190,2022-01-01T17:36:52,40.49418,-74.25871,0.4,84.3,340.0,JILL REINAUER,IMO7042813,WCW9655,31,0,30,8,3.8,57,A
366727190,2022-01-01T17:00:03,40.49394,-74.25352,0.3,309.6,298.0,JILL REINAUER,IMO7042813,WCW9655,31,0,30,8,3.8,57,A
366727190,2022-01-01T17:24:39,40.49336,-74.25410,2.5,233.9,244.0,JILL REINAUER,IMO7042813,WCW9655,31,0,30,8,3.8,57,A
366727190,2022-01-01T17:44:56,40.49486,-74.25735,4.1,16.4,7.0,JILL REINAUER,IMO7042813,WCW9655,31,0,30,8,3.8,57,A
366727190,2022-01-01T18:26:42,40.50974,-74.29329,1.2,124.8,116.0,JILL REINAUER,IMO7042813,WCW9655,31,0,30,8,3.8,57,A
366727190,2022-01-01T17:46:02,40.49618,-74.25719,4.5,359.2,354.0,JILL REINAUER,IMO7042813,WCW9655,31,0,30,8,3.8,57,A
366727190,2022-01-01T17:47:06,40.49793,-74.25752,7.5,342.0,341.0,JILL REINAUER,IMO7042813,WCW9655,31,0,30,8,3.8,57,A
366727190,2022-01-01T17:34:32,40.49411,-74.25891,0.2,33.9,323.0,JILL REINAUER,IMO7042813,WCW9655,31,0,30,8,3.8,57,A
366727190,2022-01-01T17:38:02,40.49416,-74.25854,0.4,102.3,347.0,JILL REINAUER,IMO7042813,WCW9655,31,0,30,8,3.8,57,A
366727190,2022-01-01T17:40:22,40.49410,-74.25818,0.5,109.8,355.0,JILL REINAUER,IMO7042813,WCW9655,31,0,30,8,3.8,57,A
366727190,2022-01-01T17:41:32,40.49406,-74.25800,0.5,111.0,354.0,JILL REINAUER,IMO7042813,WCW9655,31,0,30,8,3.8,57,A
366727190,2022-01-01T18:34:22,40.51020,-74.29274,0.2,18.8,39.0,JILL REINAUER,IMO7042813,WCW9655,31,0,30,8,3.8,57,A
366727190,2022-01-01T17:43:52,40.49406,-74.25764,1.4,2.3,349.0,JILL REINAUER,IMO7042813,WCW9655,31,0,30,8,3.8,57,A
366727190,2022-01-01T17:55:36,40.49255,-74.26794,2.7,227.5,238.0,JILL REINAUER,IMO7042813,WCW9655,31,0,30,8,3.8,57,A
366727190,2022-01-01T17:59:49,40.49118,-74.26983,1.2,263.0,273.0,JILL REINAUER,IMO7042813,WCW9655,31,0,30,8,3.8,57,A
366727190,2022-01-01T17:16:49,40.49361,-74.25469,0.6,108.8,330.0,JILL REINAUER,IMO7042813,WCW9655,31,0,30,8,3.8,57,A
366727190,2022-01-01T17:48:08,40.49964,-74.25894,5.8,311.8,317.0,JILL REINAUER,IMO7042813,WCW9655,31,0,30,8,3.8,57,A
366727190,2022-01-01T17:57:43,40.49172,-74.26917,1.7,223.9,216.0,JILL REINAUER,IMO7042813,WCW9655,31,0,30,8,3.8,57,A
366727190,2022-01-01T18:40:03,40.51030,-74.29275,0.1,283.7,36.0,JILL REINAUER,IMO7042813,WCW9655,31,0,30,8,3.8,57,A
366727190,2022-01-01T18:41:12,40.51031,-74.29276,0.0,202.4,35.0,JILL REINAUER,IMO7042813,WCW9655,31,0,30,8,3.8,57,A
366727190,2022-01-01T18:00:06,40.49116,-74.26998,1.6,256.1,254.0,JILL REINAUER,IMO7042813,WCW9655,31,0,30,8,3.8,57,A
366727190,2022-01-01T17:50:15,40.49816,-74.26273,8.1,215.0,217.0,JILL REINAUER,IMO7042813,WCW9655,31,0,30,8,3.8,57,A
366727190,2022-01-01T17:53:29,40.49408,-74.26635,4.2,215.6,221.0,JILL REINAUER,IMO7042813,WCW9655,31,0,30,8,3.8,57,A
366727190,2022-01-01T18:43:32,40.51032,-74.29277,0.0,281.8,39.0,JILL REINAUER,IMO7042813,WCW9655,31,0,30,8,3.8,57,A
366727190,2022-01-01T17:56:38,40.49200,-74.26855,2.3,216.5,229.0,JILL REINAUER,IMO7042813,WCW9655,31,0,30,8,3.8,57,A
366727190,2022-01-01T18:07:34,40.49675,-74.28175,3.6,300.1,299.0,JILL REINAUER,IMO7042813,WCW9655,31,0,30,8,3.8,57,A
366727190,2022-01-01T18:08:35,40.49721,-74.28280,3.1,304.2,311.0,JILL REINAUER,IMO7042813,WCW9655,31,0,30,8,3.8,57,A
366727190,2022-01-01T18:10:39,40.49826,-74.28385,4.0,349.6,353.0,JILL REINAUER,IMO7042813,WCW9655,31,0,30,8,3.8,57,A
366727190,2022-01-01T18:51:26,40.51028,-74.29281,0.4,240.3,10.0,JILL REINAUER,IMO7042813,WCW9655,31,0,30,8,3.8,57,A
366727190,2022-01-01T17:33:21,40.49402,-74.25893,0.3,350.9,318.0,JILL REINAUER,IMO7042813,WCW9655,31,0,30,8,3.8,57,A
366727190,2022-01-01T18:03:13,40.49291,-74.27461,4.8,310.2,308.0,JILL REINAUER,IMO7042813,WCW9655,31,0,30,8,3.8,57,A
366727190,2022-01-01T18:04:18,40.49375,-74.27586,5.4,305.5,306.0,JILL REINAUER,IMO7042813,WCW9655,31,0,30,8,3.8,57,A
366727190,2022-01-01T18:18:05,40.50692,-74.28744,5.1,325.5,327.0,JILL REINAUER,IMO7042813,WCW9655,31,0,30,8,3.8,57,A
366727190,2022-01-01T07:49:45,40.54354,-74.25268,0.8,46.5,243.0,JILL REINAUER,IMO7042813,WCW9655,31,0,30,8,3.8,57,A
366727190,2022-01-01T07:51:48,40.54494,-74.25274,6.5,12.3,20.0,JILL REINAUER,IMO7042813,WCW9655,31,0,30,8,3.8,57,A
366727190,2022-01-01T18:20:19,40.50871,-74.29001,5.0,299.0,299.0,JILL REINAUER,IMO7042813,WCW9655,31,0,30,8,3.8,57,A
366727190,2022-01-01T18:05:23,40.49491,-74.27801,7.2,304.5,305.0,JILL REINAUER,IMO7042813,WCW9655,31,0,30,8,3.8,57,A
366727190,2022-01-01T18:21:22,40.50928,-74.29138,3.4,302.5,305.0,JILL REINAUER,IMO7042813,WCW9655,31,0,30,8,3.8,57,A
366727190,2022-01-01T07:52:52,40.54705,-74.25208,7.4,15.3,20.0,JILL REINAUER,IMO7042813,WCW9655,31,0,30,8,3.8,57,A
366727190,2022-01-01T18:09:36,40.49755,-74.28351,1.9,314.5,336.0,JILL REINAUER,IMO7042813,WCW9655,31,0,30,8,3.8,57,A
366727190,2022-01-01T17:42:43,40.49400,-74.25781,0.5,112.9,353.0,JILL REINAUER,IMO7042813,WCW9655,31,0,30,8,3.8,57,A
366727190,2022-01-01T18:11:42,40.49968,-74.28393,3.4,6.0,356.0,JILL REINAUER,IMO7042813,WCW9655,31,0,30,8,3.8,57,A
366727190,2022-01-01T18:15:53,40.50304,-74.28541,8.3,344.5,346.0,JILL REINAUER,IMO7042813,WCW9655,31,0,30,8,3.8,57,A
366727190,2022-01-01T19:05:31,40.49824,-74.28356,3.9,145.7,149.0,JILL REINAUER,IMO7042813,WCW9655,31,0,30,8,3.8,57,A
366727190,2022-01-01T18:27:44,40.50968,-74.29291,0.9,72.1,85.0,JILL REINAUER,IMO7042813,WCW9655,31,0,30,8,3.8,57,A
366727190,2022-01-01T17:51:16,40.49657,-74.26409,5.3,214.4,218.0,JILL REINAUER,IMO7042813,WCW9655,31,0,30,8,3.8,57,A
366727190,2022-01-01T18:16:54,40.50530,-74.28630,7.0,337.3,341.0,JILL REINAUER,IMO7042813,WCW9655,31,0,30,8,3.8,57,A
366727190,2022-01-01T18:35:31,40.51025,-74.29272,0.2,34.1,37.0,JILL REINAUER,IMO7042813,WCW9655,31,0,30,8,3.8,57,A
366727190,2022-01-01T18:19:16,40.50805,-74.28888,4.0,309.4,310.0,JILL REINAUER,IMO7042813,WCW9655,31,0,30,8,3.8,57,A
366727190,2022-01-01T18:22:31,40.50983,-74.29220,1.8,308.9,305.0,JILL REINAUER,IMO7042813,WCW9655,31,0,30,8,3.8,57,A
366727190,2022-01-01T18:38:51,40.51028,-74.29271,0.0,296.1,35.0,JILL REINAUER,IMO7042813,WCW9655,31,0,30,8,3.8,57,A
366727190,2022-01-01T17:58:46,40.49127,-74.26953,1.2,235.8,265.0,JILL REINAUER,IMO7042813,WCW9655,31,0,30,8,3.8,57,A
366727190,2022-01-01T19:18:39,40.49135,-74.27074,7.4,79.1,76.0,JILL REINAUER,IMO7042813,WCW9655,31,0,30,8,3.8,57,A
366727190,2022-01-01T18:29:48,40.50990,-74.29266,0.4,354.2,50.0,JILL REINAUER,IMO7042813,WCW9655,31,0,30,8,3.8,57,A
366727190,2022-01-01T18:42:22,40.51031,-74.29278,0.0,275.0,39.0,JILL REINAUER,IMO7042813,WCW9655,31,0,30,8,3.8,57,A
366727190,2022-01-01T18:28:46,40.50977,-74.29270,0.6,37.6,69.0,JILL REINAUER,IMO7042813,WCW9655,31,0,30,8,3.8,57,A
366727190,2022-01-01T18:06:32,40.49612,-74.28033,5.8,303.4,302.0,JILL REINAUER,IMO7042813,WCW9655,31,0,30,8,3.8,57,A
366727190,2022-01-01T18:33:03,40.51015,-74.29278,0.1,343.6,43.0,JILL REINAUER,IMO7042813,WCW9655,31,0,30,8,3.8,57,A
366727190,2022-01-01T18:48:11,40.51030,-74.29278,0.0,240.4,36.0,JILL REINAUER,IMO7042813,WCW9655,31,0,30,8,3.8,57,A
366727190,2022-01-01T18:37:42,40.51027,-74.29270,0.0,184.1,34.0,JILL REINAUER,IMO7042813,WCW9655,31,0,30,8,3.8,57,A
366727190,2022-01-01T18:50:21,40.51031,-74.29280,0.0,259.6,40.0,JILL REINAUER,IMO7042813,WCW9655,31,0,30,8,3.8,57,A
366727190,2022-01-01T19:29:45,40.51277,-74.25555,8.6,20.8,24.0,JILL REINAUER,IMO7042813,WCW9655,31,0,30,8,3.8,57,A
366727190,2022-01-01T18:36:40,40.51026,-74.29269,0.0,168.8,34.0,JILL REINAUER,IMO7042813,WCW9655,31,0,30,8,3.8,57,A
366727190,2022-01-01T18:52:28,40.51046,-74.29320,2.3,301.6,306.0,JILL REINAUER,IMO7042813,WCW9655,31,0,30,8,3.8,57,A
366727190,2022-01-01T18:54:36,40.51075,-74.29378,0.3,248.3,97.0,JILL REINAUER,IMO7042813,WCW9655,31,0,30,8,3.8,57,A
366727190,2022-01-01T18:44:42,40.51031,-74.29275,0.0,296.8,38.0,JILL REINAUER,IMO7042813,WCW9655,31,0,30,8,3.8,57,A
366727190,2022-01-01T19:37:36,40.52962,-74.24899,8.5,352.0,356.0,JILL REINAUER,IMO7042813,WCW9655,31,0,30,8,3.8,57,A
366727190,2022-01-01T18:45:52,40.51031,-74.29275,0.0,158.4,36.0,JILL REINAUER,IMO7042813,WCW9655,31,0,30,8,3.8,57,A
366727190,2022-01-01T19:00:02,40.50629,-74.28700,5.3,147.1,152.0,JILL REINAUER,IMO7042813,WCW9655,31,0,30,8,3.8,57,A
366727190,2022-01-01T18:47:01,40.51030,-74.29277,0.0,180.8,35.0,JILL REINAUER,IMO7042813,WCW9655,31,0,30,8,3.8,57,A
366727190,2022-01-01T18:23:34,40.51011,-74.29271,1.9,302.2,257.0,JILL REINAUER,IMO7042813,WCW9655,31,0,30,8,3.8,57,A
366727190,2022-01-01T18:24:35,40.51017,-74.29319,1.0,242.9,190.0,JILL REINAUER,IMO7042813,WCW9655,31,0,30,8,3.8,57,A
366727190,2022-01-01T19:44:26,40.54543,-74.25175,8.4,358.2,2.0,JILL REINAUER,IMO7042813,WCW9655,31,0,30,8,3.8,57,A
366727190,2022-01-01T18:49:13,40.51031,-74.29278,0.0,288.1,39.0,JILL REINAUER,IMO7042813,WCW9655,31,0,30,8,3.8,57,A
366727190,2022-01-01T18:30:53,40.51002,-74.29272,0.4,330.6,55.0,JILL REINAUER,IMO7042813,WCW9655,31,0,30,8,3.8,57,A
366727190,2022-01-01T18:55:38,40.51048,-74.29337,4.0,129.1,130.0,JILL REINAUER,IMO7042813,WCW9655,31,0,30,8,3.8,57,A
366727190,2022-01-01T18:58:42,40.50785,-74.28870,5.3,128.3,132.0,JILL REINAUER,IMO7042813,WCW9655,31,0,30,8,3.8,57,A
366727190,2022-01-01T19:09:51,40.49720,-74.28234,0.2,88.2,120.0,JILL REINAUER,IMO7042813,WCW9655,31,0,30,8,3.8,57,A
366727190,2022-01-01T18:57:41,40.50872,-74.29029,5.3,126.3,127.0,JILL REINAUER,IMO7042813,WCW9655,31,0,30,8,3.8,57,A
366727190,2022-01-01T18:56:39,40.50958,-74.29193,5.2,124.1,127.0,JILL REINAUER,IMO7042813,WCW9655,31,0,30,8,3.8,57,A
366727190,2022-01-01T19:01:12,40.50473,-74.28612,5.4,158.8,162.0,JILL REINAUER,IMO7042813,WCW9655,31,0,30,8,3.8,57,A
366727190,2022-01-01T19:58:54,40.55992,-74.21611,8.2,32.3,28.0,JILL REINAUER,IMO7042813,WCW9655,31,0,30,8,3.8,57,A
366727190,2022-01-01T19:04:28,40.49959,-74.28431,6.3,164.7,167.0,JILL REINAUER,IMO7042813,WCW9655,31,0,30,8,3.8,57,A
366727190,2022-01-01T19:20:53,40.49458,-74.26639,7.7,35.8,41.0,JILL REINAUER,IMO7042813,WCW9655,31,0,30,8,3.8,57,A
366727190,2022-01-01T19:23:03,40.49844,-74.26293,7.8,34.0,37.0,JILL REINAUER,IMO7042813,WCW9655,31,0,30,8,3.8,57,A
366727190,2022-01-01T19:07:38,40.49727,-74.28266,0.6,126.5,127.0,JILL REINAUER,IMO7042813,WCW9655,31,0,30,8,3.8,57,A
366727190,2022-01-01T19:22:02,40.49664,-74.26453,7.8,34.1,39.0,JILL REINAUER,IMO7042813,WCW9655,31,0,30,8,3.8,57,A
366727190,2022-01-01T19:26:21,40.50523,-74.25906,8.4,13.0,16.0,JILL REINAUER,IMO7042813,WCW9655,31,0,30,8,3.8,57,A
366727190,2022-01-01T19:13:21,40.49690,-74.28174,5.3,130.9,132.0,JILL REINAUER,IMO7042813,WCW9655,31,0,30,8,3.8,57,A
366727190,2022-01-01T19:12:12,40.49726,-74.28230,0.2,337.8,126.0,JILL REINAUER,IMO7042813,WCW9655,31,0,30,8,3.8,57,A
366727190,2022-01-01T19:11:02,40.49721,-74.28230,0.1,13.7,122.0,JILL REINAUER,IMO7042813,WCW9655,31,0,30,8,3.8,57,A
366727190,2022-01-01T19:16:32,40.49314,-74.27569,7.5,130.1,133.0,JILL REINAUER,IMO7042813,WCW9655,31,0,30,8,3.8,57,A
366727190,2022-01-01T20:09:43,40.58423,-74.20846,8.5,11.4,14.0,JILL REINAUER,IMO7042813,WCW9655,31,0,30,8,3.8,57,A
366727190,2022-01-01T19:30:51,40.51502,-74.25373,8.6,38.5,39.0,JILL REINAUER,IMO7042813,WCW9655,31,0,30,8,3.8,57,A
366727190,2022-01-01T19:19:42,40.49253,-74.26838,7.6,43.8,45.0,JILL REINAUER,IMO7042813,WCW9655,31,0,30,8,3.8,57,A
366727190,2022-01-01T19:33:02,40.51932,-74.24988,8.5,31.3,33.0,JILL REINAUER,IMO7042813,WCW9655,31,0,30,8,3.8,57,A
366727190,2022-01-01T19:17:36,40.49179,-74.27344,7.4,119.9,120.0,JILL REINAUER,IMO7042813,WCW9655,31,0,30,8,3.8,57,A
366727190,2022-01-01T19:02:20,40.50313,-74.28548,5.2,168.0,170.0,JILL REINAUER,IMO7042813,WCW9655,31,0,30,8,3.8,57,A
366727190,2022-01-01T19:24:05,40.50035,-74.26128,8.0,28.8,29.0,JILL REINAUER,IMO7042813,WCW9655,31,0,30,8,3.8,57,A
366727190,2022-01-01T19:39:53,40.53492,-74.24994,8.4,351.8,353.0,JILL REINAUER,IMO7042813,WCW9655,31,0,30,8,3.8,57,A
366727190,2022-01-01T19:27:32,40.50793,-74.25817,8.4,16.1,20.0,JILL REINAUER,IMO7042813,WCW9655,31,0,30,8,3.8,57,A
366727190,2022-01-01T19:06:36,40.49749,-74.28288,1.8,145.3,145.0,JILL REINAUER,IMO7042813,WCW9655,31,0,30,8,3.8,57,A
366727190,2022-01-01T19:43:21,40.54295,-74.25138,8.3,351.9,352.0,JILL REINAUER,IMO7042813,WCW9655,31,0,30,8,3.8,57,A
366727190,2022-01-01T19:47:42,40.55208,-74.24783,8.3,50.1,52.0,JILL REINAUER,IMO7042813,WCW9655,31,0,30,8,3.8,57,A
366727190,2022-01-01T19:31:52,40.51694,-74.25187,8.6,35.0,35.0,JILL REINAUER,IMO7042813,WCW9655,31,0,30,8,3.8,57,A
366727190,2022-01-01T19:08:41,40.49721,-74.28247,0.4,105.3,119.0,JILL REINAUER,IMO7042813,WCW9655,31,0,30,8,3.8,57,A
366727190,2022-01-01T19:28:43,40.51052,-74.25682,8.5,26.5,28.0,JILL REINAUER,IMO7042813,WCW9655,31,0,30,8,3.8,57,A
366727190,2022-01-01T19:52:22,40.55691,-74.23517,8.4,72.2,74.0,JILL REINAUER,IMO7042813,WCW9655,31,0,30,8,3.8,57,A
366727190,2022-01-01T19:14:22,40.49587,-74.27995,6.1,137.6,143.0,JILL REINAUER,IMO7042813,WCW9655,31,0,30,8,3.8,57,A
366727190,2022-01-01T19:41:01,40.53757,-74.25043,8.4,350.9,351.0,JILL REINAUER,IMO7042813,WCW9655,31,0,30,8,3.8,57,A
366727190,2022-01-01T20:00:01,40.56233,-74.21497,8.3,15.8,19.0,JILL REINAUER,IMO7042813,WCW9655,31,0,30,8,3.8,57,A
366727190,2022-01-01T19:56:51,40.55792,-74.22151,8.4,90.2,92.0,JILL REINAUER,IMO7042813,WCW9655,31,0,30,8,3.8,57,A
366727190,2022-01-01T19:38:42,40.53222,-74.24943,8.4,351.6,352.0,JILL REINAUER,IMO7042813,WCW9655,31,0,30,8,3.8,57,A
366727190,2022-01-01T20:41:31,40.60618,-74.20569,0.0,275.3,192.0,JILL REINAUER,IMO7042813,WCW9655,31,0,30,8,3.8,57,A
366727190,2022-01-01T20:04:34,40.57250,-74.21128,8.4,17.5,19.0,JILL REINAUER,IMO7042813,WCW9655,31,0,30,8,3.8,57,A
366727190,2022-01-01T19:42:13,40.54031,-74.25091,8.4,351.9,351.0,JILL REINAUER,IMO7042813,WCW9655,31,0,30,8,3.8,57,A
366727190,2022-01-01T20:44:01,40.60622,-74.20567,0.0,136.0,189.0,JILL REINAUER,IMO7042813,WCW9655,31,0,30,8,3.8,57,A
366727190,2022-01-01T19:46:31,40.55008,-74.25015,8.3,26.5,32.0,JILL REINAUER,IMO7042813,WCW9655,31,0,30,8,3.8,57,A
366727190,2022-01-01T19:45:29,40.54781,-74.25132,8.3,17.7,21.0,JILL REINAUER,IMO7042813,WCW9655,31,0,30,8,3.8,57,A
366727190,2022-01-01T20:10:51,40.58666,-74.20771,7.1,16.1,19.0,JILL REINAUER,IMO7042813,WCW9655,31,0,30,8,3.8,57,A
366727190,2022-01-01T20:57:02,40.60620,-74.20564,0.0,279.7,189.0,JILL REINAUER,IMO7042813,WCW9655,31,0,30,8,3.8,57,A
366727190,2022-01-01T20:17:29,40.59963,-74.20001,8.3,357.4,353.0,JILL REINAUER,IMO7042813,WCW9655,31,0,30,8,3.8,57,A
366727190,2022-01-01T08:35:51,40.62077,-74.20357,8.5,1.6,5.0,JILL REINAUER,IMO7042813,WCW9655,31,0,30,8,3.8,57,A
366727190,2022-01-01T20:03:33,40.57018,-74.21212,8.4,12.5,15.0,JILL REINAUER,IMO7042813,WCW9655,31,0,30,8,3.8,57,A
366727190,2022-01-01T20:01:12,40.56491,-74.21391,8.3,17.2,19.0,JILL REINAUER,IMO7042813,WCW9655,31,0,30,8,3.8,57,A
366727190,2022-01-01T20:02:23,40.56753,-74.21290,8.3,16.8,18.0,JILL REINAUER,IMO7042813,WCW9655,31,0,30,8,3.8,57,A
366727190,2022-01-01T21:04:42,40.60621,-74.20570,0.0,3.2,188.0,JILL REINAUER,IMO7042813,WCW9655,31,0,30,8,3.8,57,A
366727190,2022-01-01T08:42:19,40.63352,-74.20122,3.1,19.1,5.0,JILL REINAUER,IMO7042813,WCW9655,31,0,30,8,3.8,57,A
366727190,2022-01-01T21:09:42,40.60621,-74.20571,0.0,306.7,187.0,JILL REINAUER,IMO7042813,WCW9655,31,0,30,8,3.8,57,A
366727190,2022-01-01T20:08:31,40.58148,-74.20914,8.5,10.8,13.0,JILL REINAUER,IMO7042813,WCW9655,31,0,30,8,3.8,57,A
366727190,2022-01-01T20:13:01,40.59061,-74.20575,7.0,29.0,33.0,JILL REINAUER,IMO7042813,WCW9655,31,0,30,8,3.8,57,A
366727190,2022-01-01T20:36:52,40.60621,-74.20570,0.0,182.5,184.0,JILL REINAUER,IMO7042813,WCW9655,31,0,30,8,3.8,57,A
366727190,2022-01-01T20:06:13,40.57623,-74.21041,8.3,10.3,13.0,JILL REINAUER,IMO7042813,WCW9655,31,0,30,8,3.8,57,A
366727190,2022-01-01T20:14:12,40.59280,-74.20391,8.4,32.2,34.0,JILL REINAUER,IMO7042813,WCW9655,31,0,30,8,3.8,57,A
366727190,2022-01-01T19:53:26,40.55760,-74.23201,8.5,81.9,88.0,JILL REINAUER,IMO7042813,WCW9655,31,0,30,8,3.8,57,A
366727190,2022-01-01T20:30:53,40.60622,-74.20571,0.0,239.6,182.0,JILL REINAUER,IMO7042813,WCW9655,31,0,30,8,3.8,57,A
366727190,2022-01-01T20:39:12,40.60618,-74.20570,0.0,209.4,187.0,JILL REINAUER,IMO7042813,WCW9655,31,0,30,8,3.8,57,A
366727190,2022-01-01T21:16:42,40.60619,-74.20567,0.0,327.5,186.0,JILL REINAUER,IMO7042813,WCW9655,31,0,30,8,3.8,57,A
366727190,2022-01-01T08:46:41,40.63405,-74.20099,0.0,163.6,289.0,JILL REINAUER,IMO7042813,WCW9655,31,0,30,8,3.8,57,A
366727190,2022-01-01T20:16:27,40.59731,-74.20066,8.2,22.0,23.0,JILL REINAUER,IMO7042813,WCW9655,31,0,30,8,3.8,57,A
366727190,2022-01-01T20:38:03,40.60619,-74.20571,0.0,63.2,184.0,JILL REINAUER,IMO7042813,WCW9655,31,0,30,8,3.8,57,A
366727190,2022-01-01T20:18:30,40.60176,-74.20098,8.2,327.8,327.0,JILL REINAUER,IMO7042813,WCW9655,31,0,30,8,3.8,57,A
366727190,2022-01-01T20:40:22,40.60621,-74.20569,0.0,357.1,191.0,JILL REINAUER,IMO7042813,WCW9655,31,0,30,8,3.8,57,A
366727190,2022-01-01T20:26:12,40.60624,-74.20570,0.0,271.8,182.0,JILL REINAUER,IMO7042813,WCW9655,31,0,30,8,3.8,57,A
366727190,2022-01-01T21:26:12,40.60623,-74.20570,0.0,274.0,186.0,JILL REINAUER,IMO7042813,WCW9655,31,0,30,8,3.8,57,A
366727190,2022-01-01T20:20:43,40.60535,-74.20467,4.5,313.9,317.0,JILL REINAUER,IMO7042813,WCW9655,31,0,30,8,3.8,57,A
366727190,2022-01-01T20:07:21,40.57881,-74.20981,8.3,10.2,13.0,JILL REINAUER,IMO7042813,WCW9655,31,0,30,8,3.8,57,A
366727190,2022-01-01T08:56:02,40.63399,-74.20096,0.0,179.7,289.0,JILL REINAUER,IMO7042813,WCW9655,31,0,30,8,3.8,57,A
366727190,2022-01-01T20:33:12,40.60621,-74.20570,0.0,218.7,183.0,JILL REINAUER,IMO7042813,WCW9655,31,0,30,8,3.8,57,A
366727190,2022-01-01T20:25:02,40.60621,-74.20570,0.0,187.0,182.0,JILL REINAUER,IMO7042813,WCW9655,31,0,30,8,3.8,57,A
366727190,2022-01-01T20:34:21,40.60622,-74.20571,0.0,35.6,183.0,JILL REINAUER,IMO7042813,WCW9655,31,0,30,8,3.8,57,A
366727190,2022-01-01T21:33:12,40.60623,-74.20569,0.0,316.9,186.0,JILL REINAUER,IMO7042813,WCW9655,31,0,30,8,3.8,57,A
366727190,2022-01-01T20:11:55,40.58862,-74.20690,7.0,19.7,25.0,JILL REINAUER,IMO7042813,WCW9655,31,0,30,8,3.8,57,A
366727190,2022-01-01T20:28:32,40.60624,-74.20571,0.0,161.6,182.0,JILL REINAUER,IMO7042813,WCW9655,31,0,30,8,3.8,57,A
366727190,2022-01-01T21:37:41,40.60623,-74.20568,0.0,245.8,186.0,JILL REINAUER,IMO7042813,WCW9655,31,0,30,8,3.8,57,A
366727190,2022-01-01T20:29:43,40.60624,-74.20571,0.0,235.3,183.0,JILL REINAUER,IMO7042813,WCW9655,31,0,30,8,3.8,57,A
366727190,2022-01-01T20:58:12,40.60621,-74.20566,0.0,346.4,189.0,JILL REINAUER,IMO7042813,WCW9655,31,0,30,8,3.8,57,A
366727190,2022-01-01T20:32:01,40.60622,-74.20572,0.0,193.7,183.0,JILL REINAUER,IMO7042813,WCW9655,31,0,30,8,3.8,57,A
366727190,2022-01-01T21:41:02,40.60620,-74.20567,0.0,17.9,187.0,JILL REINAUER,IMO7042813,WCW9655,31,0,30,8,3.8,57,A
366727190,2022-01-01T20:19:31,40.60367,-74.20273,8.1,324.1,324.0,JILL REINAUER,IMO7042813,WCW9655,31,0,30,8,3.8,57,A
366727190,2022-01-01T20:45:13,40.60623,-74.20567,0.0,21.4,189.0,JILL REINAUER,IMO7042813,WCW9655,31,0,30,8,3.8,57,A
366727190,2022-01-01T20:59:22,40.60619,-74.20566,0.0,135.0,189.0,JILL REINAUER,IMO7042813,WCW9655,31,0,30,8,3.8,57,A
366727190,2022-01-01T20:46:23,40.60623,-74.20567,0.0,199.8,189.0,JILL REINAUER,IMO7042813,WCW9655,31,0,30,8,3.8,57,A
366727190,2022-01-01T21:01:12,40.60621,-74.20568,0.0,234.5,189.0,JILL REINAUER,IMO7042813,WCW9655,31,0,30,8,3.8,57,A
366727190,2022-01-01T20:47:32,40.60621,-74.20568,0.0,222.0,189.0,JILL REINAUER,IMO7042813,WCW9655,31,0,30,8,3.8,57,A
366727190,2022-01-01T21:02:22,40.60622,-74.20569,0.0,293.9,188.0,JILL REINAUER,IMO7042813,WCW9655,31,0,30,8,3.8,57,A
366727190,2022-01-01T20:35:43,40.60620,-74.20570,0.0,103.4,184.0,JILL REINAUER,IMO7042813,WCW9655,31,0,30,8,3.8,57,A
366727190,2022-01-01T20:22:49,40.60608,-74.20560,0.4,304.8,249.0,JILL REINAUER,IMO7042813,WCW9655,31,0,30,8,3.8,57,A
366727190,2022-01-01T20:23:52,40.60616,-74.20566,0.3,307.7,198.0,JILL REINAUER,IMO7042813,WCW9655,31,0,30,8,3.8,57,A
366727190,2022-01-01T20:52:12,40.60620,-74.20567,0.0,197.0,190.0,JILL REINAUER,IMO7042813,WCW9655,31,0,30,8,3.8,57,A
366727190,2022-01-01T09:02:23,40.63399,-74.20097,0.0,212.7,291.0,JILL REINAUER,IMO7042813,WCW9655,31,0,30,8,3.8,57,A
366727190,2022-01-01T20:42:52,40.60622,-74.20567,0.0,213.5,190.0,JILL REINAUER,IMO7042813,WCW9655,31,0,30,8,3.8,57,A
366727190,2022-01-01T20:49:52,40.60620,-74.20568,0.0,272.8,190.0,JILL REINAUER,IMO7042813,WCW9655,31,0,30,8,3.8,57,A
366727190,2022-01-01T20:27:23,40.60623,-74.20572,0.0,243.4,182.0,JILL REINAUER,IMO7042813,WCW9655,31,0,30,8,3.8,57,A
366727190,2022-01-01T20:54:42,40.60622,-74.20568,0.0,218.9,189.0,JILL REINAUER,IMO7042813,WCW9655,31,0,30,8,3.8,57,A
366727190,2022-01-01T21:14:21,40.60623,-74.20570,0.0,306.8,187.0,JILL REINAUER,IMO7042813,WCW9655,31,0,30,8,3.8,57,A
366727190,2022-01-01T20:48:43,40.60620,-74.20568,0.0,270.2,190.0,JILL REINAUER,IMO7042813,WCW9655,31,0,30,8,3.8,57,A
366727190,2022-01-01T20:51:02,40.60620,-74.20567,0.0,226.9,190.0,JILL REINAUER,IMO7042813,WCW9655,31,0,30,8,3.8,57,A
366727190,2022-01-01T22:01:02,40.60623,-74.20568,0.0,349.0,186.0,JILL REINAUER,IMO7042813,WCW9655,31,0,30,8,3.8,57,A
366727190,2022-01-01T21:00:02,40.60620,-74.20567,0.0,209.6,189.0,JILL REINAUER,IMO7042813,WCW9655,31,0,30,8,3.8,57,A
366727190,2022-01-01T22:03:21,40.60622,-74.20568,0.0,10.0,187.0,JILL REINAUER,IMO7042813,WCW9655,31,0,30,8,3.8,57,A
366727190,2022-01-01T20:53:31,40.60621,-74.20569,0.0,172.0,190.0,JILL REINAUER,IMO7042813,WCW9655,31,0,30,8,3.8,57,A
366727190,2022-01-01T21:08:31,40.60621,-74.20568,0.0,306.6,187.0,JILL REINAUER,IMO7042813,WCW9655,31,0,30,8,3.8,57,A
366727190,2022-01-01T21:03:31,40.60619,-74.20569,0.0,272.7,188.0,JILL REINAUER,IMO7042813,WCW9655,31,0,30,8,3.8,57,A
366727190,2022-01-01T09:08:12,40.63406,-74.20099,0.0,199.1,289.0,JILL REINAUER,IMO7042813,WCW9655,31,0,30,8,3.8,57,A
366727190,2022-01-01T22:07:52,40.60618,-74.20568,0.0,236.7,187.0,JILL REINAUER,IMO7042813,WCW9655,31,0,30,8,3.8,57,A
366727190,2022-01-01T21:21:12,40.60620,-74.20570,0.0,264.4,187.0,JILL REINAUER,IMO7042813,WCW9655,31,0,30,8,3.8,57,A
366727190,2022-01-01T21:22:21,40.60622,-74.20568,0.0,214.6,187.0,JILL REINAUER,IMO7042813,WCW9655,31,0,30,8,3.8,57,A
366727190,2022-01-01T21:07:22,40.60623,-74.20570,0.0,215.9,187.0,JILL REINAUER,IMO7042813,WCW9655,31,0,30,8,3.8,57,A
366727190,2022-01-01T21:15:32,40.60620,-74.20567,0.0,242.1,186.0,JILL REINAUER,IMO7042813,WCW9655,31,0,30,8,3.8,57,A
366727190,2022-01-01T21:27:21,40.60623,-74.20570,0.0,257.7,186.0,JILL REINAUER,IMO7042813,WCW9655,31,0,30,8,3.8,57,A
366727190,2022-01-01T21:12:02,40.60622,-74.20571,0.0,340.3,187.0,JILL REINAUER,IMO7042813,WCW9655,31,0,30,8,3.8,57,A
366727190,2022-01-01T21:29:43,40.60625,-74.20569,0.0,314.8,187.0,JILL REINAUER,IMO7042813,WCW9655,31,0,30,8,3.8,57,A
366727190,2022-01-01T21:36:32,40.60621,-74.20567,0.1,349.8,187.0,JILL REINAUER,IMO7042813,WCW9655,31,0,30,8,3.8,57,A
366727190,2022-01-01T21:38:52,40.60624,-74.20569,0.0,319.6,187.0,JILL REINAUER,IMO7042813,WCW9655,31,0,30,8,3.8,57,A
366727190,2022-01-01T21:45:22,40.60623,-74.20570,0.0,225.0,187.0,JILL REINAUER,IMO7042813,WCW9655,31,0,30,8,3.8,57,A
366727190,2022-01-01T21:46:32,40.60618,-74.20568,0.0,99.9,187.0,JILL REINAUER,IMO7042813,WCW9655,31,0,30,8,3.8,57,A
366727190,2022-01-01T21:32:01,40.60624,-74.20569,0.0,174.8,186.0,JILL REINAUER,IMO7042813,WCW9655,31,0,30,8,3.8,57,A
366727190,2022-01-01T21:47:43,40.60622,-74.20568,0.0,311.3,187.0,JILL REINAUER,IMO7042813,WCW9655,31,0,30,8,3.8,57,A
366727190,2022-01-01T21:17:51,40.60620,-74.20569,0.0,313.5,187.0,JILL REINAUER,IMO7042813,WCW9655,31,0,30,8,3.8,57,A
366727190,2022-01-01T22:38:22,40.60615,-74.20571,0.0,252.0,185.0,JILL REINAUER,IMO7042813,WCW9655,31,0,30,8,3.8,57,A
366727190,2022-01-01T21:54:52,40.60624,-74.20568,0.0,12.6,187.0,JILL REINAUER,IMO7042813,WCW9655,31,0,30,8,3.8,57,A
366727190,2022-01-01T09:27:51,40.63403,-74.20101,0.0,321.5,288.0,JILL REINAUER,IMO7042813,WCW9655,31,0,30,8,3.8,57,A
366727190,2022-01-01T09:29:01,40.63403,-74.20100,0.0,198.6,288.0,JILL REINAUER,IMO7042813,WCW9655,31,0,30,8,3.8,57,A
366727190,2022-01-01T21:40:01,40.60620,-74.20570,0.0,5.3,186.0,JILL REINAUER,IMO7042813,WCW9655,31,0,30,8,3.8,57,A
366727190,2022-01-01T21:18:52,40.60620,-74.20570,0.1,277.9,186.0,JILL REINAUER,IMO7042813,WCW9655,31,0,30,8,3.8,57,A
366727190,2022-01-01T21:20:02,40.60619,-74.20570,0.0,209.4,187.0,JILL REINAUER,IMO7042813,WCW9655,31,0,30,8,3.8,57,A
366727190,2022-01-01T22:49:53,40.60618,-74.20570,0.1,191.9,186.0,JILL REINAUER,IMO7042813,WCW9655,31,0,30,8,3.8,57,A
366727190,2022-01-01T21:50:02,40.60623,-74.20569,0.0,260.5,187.0,JILL REINAUER,IMO7042813,WCW9655,31,0,30,8,3.8,57,A
366727190,2022-01-01T22:04:22,40.60622,-74.20569,0.0,16.9,186.0,JILL REINAUER,IMO7042813,WCW9655,31,0,30,8,3.8,57,A
366727190,2022-01-01T21:30:52,40.60623,-74.20569,0.0,265.5,187.0,JILL REINAUER,IMO7042813,WCW9655,31,0,30,8,3.8,57,A
366727190,2022-01-01T21:23:42,40.60623,-74.20569,0.0,217.6,187.0,JILL REINAUER,IMO7042813,WCW9655,31,0,30,8,3.8,57,A
366727190,2022-01-01T22:05:32,40.60620,-74.20568,0.0,277.0,187.0,JILL REINAUER,IMO7042813,WCW9655,31,0,30,8,3.8,57,A
366727190,2022-01-01T21:28:33,40.60624,-74.20569,0.0,279.7,186.0,JILL REINAUER,IMO7042813,WCW9655,31,0,30,8,3.8,57,A
366727190,2022-01-01T21:57:12,40.60623,-74.20569,0.0,256.5,186.0,JILL REINAUER,IMO7042813,WCW9655,31,0,30,8,3.8,57,A
366727190,2022-01-01T22:09:02,40.60620,-74.20567,0.0,159.9,186.0,JILL REINAUER,IMO7042813,WCW9655,31,0,30,8,3.8,57,A
366727190,2022-01-01T09:35:32,40.63405,-74.20100,0.0,329.8,288.0,JILL REINAUER,IMO7042813,WCW9655,31,0,30,8,3.8,57,A
366727190,2022-01-01T21:59:31,40.60623,-74.20567,0.0,271.3,187.0,JILL REINAUER,IMO7042813,WCW9655,31,0,30,8,3.8,57,A
366727190,2022-01-01T21:42:03,40.60624,-74.20568,0.0,198.9,187.0,JILL REINAUER,IMO7042813,WCW9655,31,0,30,8,3.8,57,A
366727190,2022-01-01T23:03:31,40.60616,-74.20571,0.0,173.3,185.0,JILL REINAUER,IMO7042813,WCW9655,31,0,30,8,3.8,57,A
366727190,2022-01-01T22:15:12,40.60616,-74.20569,0.0,263.6,186.0,JILL REINAUER,IMO7042813,WCW9655,31,0,30,8,3.8,57,A
366727190,2022-01-01T21:34:13,40.60624,-74.20570,0.0,311.5,186.0,JILL REINAUER,IMO7042813,WCW9655,31,0,30,8,3.8,57,A
366727190,2022-01-01T22:18:43,40.60615,-74.20569,0.0,158.1,187.0,JILL REINAUER,IMO7042813,WCW9655,31,0,30,8,3.8,57,A
366727190,2022-01-01T23:09:42,40.60617,-74.20565,0.0,256.9,185.0,JILL REINAUER,IMO7042813,WCW9655,31,0,30,8,3.8,57,A
366727190,2022-01-01T22:22:12,40.60614,-74.20567,0.0,207.4,184.0,JILL REINAUER,IMO7042813,WCW9655,31,0,30,8,3.8,57,A
366727190,2022-01-01T22:23:22,40.60615,-74.20566,0.0,91.5,185.0,JILL REINAUER,IMO7042813,WCW9655,31,0,30,8,3.8,57,A
366727190,2022-01-01T21:52:31,40.60622,-74.20570,0.0,246.6,187.0,JILL REINAUER,IMO7042813,WCW9655,31,0,30,8,3.8,57,A
366727190,2022-01-01T22:12:52,40.60619,-74.20568,0.0,320.9,186.0,JILL REINAUER,IMO7042813,WCW9655,31,0,30,8,3.8,57,A
366727190,2022-01-01T22:28:11,40.60614,-74.20563,0.0,5.5,188.0,JILL REINAUER,IMO7042813,WCW9655,31,0,30,8,3.8,57,A
366727190,2022-01-01T23:16:32,40.60617,-74.20566,0.0,159.4,187.0,JILL REINAUER,IMO7042813,WCW9655,31,0,30,8,3.8,57,A
366727190,2022-01-01T21:43:12,40.60624,-74.20569,0.0,255.6,187.0,JILL REINAUER,IMO7042813,WCW9655,31,0,30,8,3.8,57,A
366727190,2022-01-01T22:32:52,40.60617,-74.20567,0.1,254.2,186.0,JILL REINAUER,IMO7042813,WCW9655,31,0,30,8,3.8,57,A
366727190,2022-01-01T22:17:31,40.60616,-74.20570,0.0,215.1,186.0,JILL REINAUER,IMO7042813,WCW9655,31,0,30,8,3.8,57,A
366727190,2022-01-01T22:00:01,40.60624,-74.20566,0.0,317.5,187.0,JILL REINAUER,IMO7042813,WCW9655,31,0,30,8,3.8,57,A
366727190,2022-01-01T22:35:02,40.60616,-74.20569,0.0,159.9,186.0,JILL REINAUER,IMO7042813,WCW9655,31,0,30,8,3.8,57,A
366727190,2022-01-01T22:37:21,40.60615,-74.20569,0.1,217.9,185.0,JILL REINAUER,IMO7042813,WCW9655,31,0,30,8,3.8,57,A
366727190,2022-01-01T22:14:01,40.60617,-74.20568,0.0,167.3,186.0,JILL REINAUER,IMO7042813,WCW9655,31,0,30,8,3.8,57,A
366727190,2022-01-01T21:53:42,40.60622,-74.20568,0.0,222.2,186.0,JILL REINAUER,IMO7042813,WCW9655,31,0,30,8,3.8,57,A
366727190,2022-01-01T22:39:32,40.60615,-74.20570,0.0,227.4,184.0,JILL REINAUER,IMO7042813,WCW9655,31,0,30,8,3.8,57,A
366727190,2022-01-01T22:06:43,40.60619,-74.20568,0.0,350.6,187.0,JILL REINAUER,IMO7042813,WCW9655,31,0,30,8,3.8,57,A
366727190,2022-01-01T21:56:01,40.60623,-74.20570,0.1,243.2,186.0,JILL REINAUER,IMO7042813,WCW9655,31,0,30,8,3.8,57,A
366727190,2022-01-01T22:10:12,40.60618,-74.20567,0.0,284.4,186.0,JILL REINAUER,IMO7042813,WCW9655,31,0,30,8,3.8,57,A
366727190,2022-01-01T22:29:23,40.60615,-74.20567,0.1,322.3,187.0,JILL REINAUER,IMO7042813,WCW9655,31,0,30,8,3.8,57,A
366727190,2022-01-01T22:30:31,40.60617,-74.20569,0.0,183.4,186.0,JILL REINAUER,IMO7042813,WCW9655,31,0,30,8,3.8,57,A
366727190,2022-01-01T22:02:12,40.60623,-74.20567,0.0,136.0,187.0,JILL REINAUER,IMO7042813,WCW9655,31,0,30,8,3.8,57,A
366727190,2022-01-01T22:16:21,40.60617,-74.20570,0.0,60.1,186.0,JILL REINAUER,IMO7042813,WCW9655,31,0,30,8,3.8,57,A
366727190,2022-01-01T22:26:52,40.60616,-74.20563,0.0,128.3,187.0,JILL REINAUER,IMO7042813,WCW9655,31,0,30,8,3.8,57,A
366727190,2022-01-01T22:36:12,40.60616,-74.20569,0.0,247.8,185.0,JILL REINAUER,IMO7042813,WCW9655,31,0,30,8,3.8,57,A
366727190,2022-01-01T22:21:02,40.60613,-74.20567,0.0,270.6,186.0,JILL REINAUER,IMO7042813,WCW9655,31,0,30,8,3.8,57,A
366727190,2022-01-01T22:56:51,40.60613,-74.20573,0.0,239.3,186.0,JILL REINAUER,IMO7042813,WCW9655,31,0,30,8,3.8,57,A
366727190,2022-01-01T22:55:43,40.60616,-74.20570,0.0,306.6,186.0,JILL REINAUER,IMO7042813,WCW9655,31,0,30,8,3.8,57,A
366727190,2022-01-01T22:58:01,40.60613,-74.20572,0.0,138.5,186.0,JILL REINAUER,IMO7042813,WCW9655,31,0,30,8,3.8,57,A
366727190,2022-01-01T22:24:32,40.60612,-74.20563,0.0,192.3,185.0,JILL REINAUER,IMO7042813,WCW9655,31,0,30,8,3.8,57,A
366727190,2022-01-01T22:45:12,40.60616,-74.20567,0.0,275.1,189.0,JILL REINAUER,IMO7042813,WCW9655,31,0,30,8,3.8,57,A
366727190,2022-01-01T23:52:43,40.60616,-74.20573,0.0,137.9,189.0,JILL REINAUER,IMO7042813,WCW9655,31,0,30,8,3.8,57,A
366727190,2022-01-01T23:06:11,40.60616,-74.20572,0.0,215.9,185.0,JILL REINAUER,IMO7042813,WCW9655,31,0,30,8,3.8,57,A
366727190,2022-01-01T22:48:41,40.60618,-74.20570,0.0,296.9,187.0,JILL REINAUER,IMO7042813,WCW9655,31,0,30,8,3.8,57,A
366727190,2022-01-01T22:34:01,40.60616,-74.20572,0.0,81.0,186.0,JILL REINAUER,IMO7042813,WCW9655,31,0,30,8,3.8,57,A
366727190,2022-01-01T22:54:31,40.60616,-74.20569,0.0,253.1,186.0,JILL REINAUER,IMO7042813,WCW9655,31,0,30,8,3.8,57,A
366727190,2022-01-01T23:14:23,40.60617,-74.20565,0.0,220.4,187.0,JILL REINAUER,IMO7042813,WCW9655,31,0,30,8,3.8,57,A
366727190,2022-01-01T22:25:41,40.60614,-74.20568,0.0,199.7,186.0,JILL REINAUER,IMO7042813,WCW9655,31,0,30,8,3.8,57,A
366727190,2022-01-01T23:13:11,40.60615,-74.20567,0.0,278.4,187.0,JILL REINAUER,IMO7042813,WCW9655,31,0,30,8,3.8,57,A
366727190,2022-01-01T22:59:12,40.60616,-74.20571,0.0,215.4,187.0,JILL REINAUER,IMO7042813,WCW9655,31,0,30,8,3.8,57,A
366727190,2022-01-01T23:21:12,40.60616,-74.20568,0.0,224.9,186.0,JILL REINAUER,IMO7042813,WCW9655,31,0,30,8,3.8,57,A
366727190,2022-01-01T23:02:21,40.60616,-74.20571,0.0,205.7,186.0,JILL REINAUER,IMO7042813,WCW9655,31,0,30,8,3.8,57,A
366727190,2022-01-01T22:44:04,40.60616,-74.20567,0.1,156.6,189.0,JILL REINAUER,IMO7042813,WCW9655,31,0,30,8,3.8,57,A
366727190,2022-01-01T23:23:32,40.60616,-74.20569,0.0,310.2,186.0,JILL REINAUER,IMO7042813,WCW9655,31,0,30,8,3.8,57,A
366727190,2022-01-01T23:24:42,40.60616,-74.20570,0.0,271.9,186.0,JILL REINAUER,IMO7042813,WCW9655,31,0,30,8,3.8,57,A
366727190,2022-01-01T22:46:21,40.60617,-74.20569,0.1,277.6,187.0,JILL REINAUER,IMO7042813,WCW9655,31,0,30,8,3.8,57,A
366727190,2022-01-01T22:47:32,40.60617,-74.20569,0.0,291.6,186.0,JILL REINAUER,IMO7042813,WCW9655,31,0,30,8,3.8,57,A
366727190,2022-01-01T23:22:22,40.60615,-74.20569,0.0,31.7,186.0,JILL REINAUER,IMO7042813,WCW9655,31,0,30,8,3.8,57,A
366727190,2022-01-01T23:10:52,40.60617,-74.20566,0.0,184.3,185.0,JILL REINAUER,IMO7042813,WCW9655,31,0,30,8,3.8,57,A
366727190,2022-01-01T22:43:01,40.60618,-74.20571,0.1,196.9,185.0,JILL REINAUER,IMO7042813,WCW9655,31,0,30,8,3.8,57,A
366727190,2022-01-01T23:12:02,40.60616,-74.20567,0.0,254.3,186.0,JILL REINAUER,IMO7042813,WCW9655,31,0,30,8,3.8,57,A
366727190,2022-01-01T23:28:12,40.60616,-74.20571,0.0,252.9,187.0,JILL REINAUER,IMO7042813,WCW9655,31,0,30,8,3.8,57,A
366727190,2022-01-01T23:30:23,40.60617,-74.20570,0.0,248.9,188.0,JILL REINAUER,IMO7042813,WCW9655,31,0,30,8,3.8,57,A
366727190,2022-01-01T10:05:52,40.63403,-74.20100,0.0,128.2,288.0,JILL REINAUER,IMO7042813,WCW9655,31,0,30,8,3.8,57,A
366727190,2022-01-01T23:17:43,40.60618,-74.20568,0.0,231.3,187.0,JILL REINAUER,IMO7042813,WCW9655,31,0,30,8,3.8,57,A
366727190,2022-01-01T23:18:52,40.60618,-74.20568,0.0,201.5,187.0,JILL REINAUER,IMO7042813,WCW9655,31,0,30,8,3.8,57,A
366727190,2022-01-01T22:51:02,40.60619,-74.20571,0.0,353.8,186.0,JILL REINAUER,IMO7042813,WCW9655,31,0,30,8,3.8,57,A
366727190,2022-01-01T23:00:02,40.60617,-74.20570,0.0,240.1,186.0,JILL REINAUER,IMO7042813,WCW9655,31,0,30,8,3.8,57,A
366727190,2022-01-01T22:53:21,40.60616,-74.20570,0.0,140.5,186.0,JILL REINAUER,IMO7042813,WCW9655,31,0,30,8,3.8,57,A
366727190,2022-01-01T23:47:52,40.60616,-74.20572,0.0,249.7,189.0,JILL REINAUER,IMO7042813,WCW9655,31,0,30,8,3.8,57,A
366727190,2022-01-01T23:49:02,40.60616,-74.20570,0.0,42.7,189.0,JILL REINAUER,IMO7042813,WCW9655,31,0,30,8,3.8,57,A
366727190,2022-01-01T23:31:32,40.60618,-74.20569,0.0,113.1,188.0,JILL REINAUER,IMO7042813,WCW9655,31,0,30,8,3.8,57,A
366727190,2022-01-01T23:51:33,40.60616,-74.20574,0.0,289.5,189.0,JILL REINAUER,IMO7042813,WCW9655,31,0,30,8,3.8,57,A
366727190,2022-01-01T23:08:31,40.60619,-74.20570,0.0,340.3,185.0,JILL REINAUER,IMO7042813,WCW9655,31,0,30,8,3.8,57,A
366727190,2022-01-01T23:01:11,40.60617,-74.20570,0.0,179.7,186.0,JILL REINAUER,IMO7042813,WCW9655,31,0,30,8,3.8,57,A
366727190,2022-01-01T23:33:51,40.60616,-74.20571,0.0,254.6,188.0,JILL REINAUER,IMO7042813,WCW9655,31,0,30,8,3.8,57,A
366727190,2022-01-01T23:15:31,40.60617,-74.20565,0.0,127.6,187.0,JILL REINAUER,IMO7042813,WCW9655,31,0,30,8,3.8,57,A
366727190,2022-01-01T23:07:23,40.60616,-74.20573,0.0,295.1,185.0,JILL REINAUER,IMO7042813,WCW9655,31,0,30,8,3.8,57,A
366727190,2022-01-01T23:37:22,40.60617,-74.20571,0.0,264.7,189.0,JILL REINAUER,IMO7042813,WCW9655,31,0,30,8,3.8,57,A
366727190,2022-01-01T10:14:01,40.63403,-74.20100,0.0,311.9,289.0,JILL REINAUER,IMO7042813,WCW9655,31,0,30,8,3.8,57,A
366727190,2022-01-01T23:57:22,40.60619,-74.20571,0.0,247.7,188.0,JILL REINAUER,IMO7042813,WCW9655,31,0,30,8,3.8,57,A
366727190,2022-01-01T23:44:21,40.60618,-74.20572,0.0,269.5,188.0,JILL REINAUER,IMO7042813,WCW9655,31,0,30,8,3.8,57,A
366727190,2022-01-01T23:27:02,40.60616,-74.20571,0.0,260.6,187.0,JILL REINAUER,IMO7042813,WCW9655,31,0,30,8,3.8,57,A
366727190,2022-01-01T23:46:41,40.60616,-74.20571,0.0,201.0,189.0,JILL REINAUER,IMO7042813,WCW9655,31,0,30,8,3.8,57,A
366727190,2022-01-01T23:20:02,40.60617,-74.20568,0.0,132.9,187.0,JILL REINAUER,IMO7042813,WCW9655,31,0,30,8,3.8,57,A
366727190,2022-01-01T23:29:22,40.60617,-74.20570,0.0,249.9,187.0,JILL REINAUER,IMO7042813,WCW9655,31,0,30,8,3.8,57,A
366727190,2022-01-01T23:25:53,40.60616,-74.20570,0.0,199.8,187.0,JILL REINAUER,IMO7042813,WCW9655,31,0,30,8,3.8,57,A
366727190,2022-01-01T23:55:02,40.60614,-74.20572,0.0,343.2,188.0,JILL REINAUER,IMO7042813,WCW9655,31,0,30,8,3.8,57,A
366727190,2022-01-01T23:58:32,40.60620,-74.20572,0.1,216.7,188.0,JILL REINAUER,IMO7042813,WCW9655,31,0,30,8,3.8,57,A
366727190,2022-01-01T23:39:42,40.60617,-74.20571,0.0,189.2,189.0,JILL REINAUER,IMO7042813,WCW9655,31,0,30,8,3.8,57,A
366727190,2022-01-01T23:40:53,40.60616,-74.20570,0.0,29.0,188.0,JILL REINAUER,IMO7042813,WCW9655,31,0,30,8,3.8,57,A
366727190,2022-01-01T23:32:43,40.60617,-74.20569,0.0,288.6,188.0,JILL REINAUER,IMO7042813,WCW9655,31,0,30,8,3.8,57,A
366727190,2022-01-01T23:42:02,40.60617,-74.20570,0.0,187.2,189.0,JILL REINAUER,IMO7042813,WCW9655,31,0,30,8,3.8,57,A
366727190,2022-01-01T23:35:01,40.60617,-74.20572,0.0,239.8,188.0,JILL REINAUER,IMO7042813,WCW9655,31,0,30,8,3.8,57,A
366727190,2022-01-01T10:29:01,40.63399,-74.20098,0.0,279.6,288.0,JILL REINAUER,IMO7042813,WCW9655,31,0,30,8,3.8,57,A
366727190,2022-01-01T10:30:02,40.63399,-74.20096,0.0,335.5,288.0,JILL REINAUER,IMO7042813,WCW9655,31,0,30,8,3.8,57,A
366727190,2022-01-01T23:43:11,40.60616,-74.20572,0.0,197.7,189.0,JILL REINAUER,IMO7042813,WCW9655,31,0,30,8,3.8,57,A
366727190,2022-01-01T23:56:12,40.60618,-74.20570,0.0,214.2,188.0,JILL REINAUER,IMO7042813,WCW9655,31,0,30,8,3.8,57,A
366727190,2022-01-01T23:50:12,40.60616,-74.20570,0.0,253.7,190.0,JILL REINAUER,IMO7042813,WCW9655,31,0,30,8,3.8,57,A
366727190,2022-01-01T10:35:42,40.63406,-74.20102,0.0,163.9,288.0,JILL REINAUER,IMO7042813,WCW9655,31,0,30,8,3.8,57,A
366727190,2022-01-01T23:53:51,40.60615,-74.20571,0.0,207.3,189.0,JILL REINAUER,IMO7042813,WCW9655,31,0,30,8,3.8,57,A
366727190,2022-01-01T10:43:51,40.63404,-74.20103,0.0,215.2,289.0,JILL REINAUER,IMO7042813,WCW9655,31,0,30,8,3.8,57,A
366727190,2022-01-01T10:48:22,40.63401,-74.20096,0.0,279.8,288.0,JILL REINAUER,IMO7042813,WCW9655,31,0,30,8,3.8,57,A
366727190,2022-01-01T10:49:33,40.63403,-74.20096,0.0,180.0,288.0,JILL REINAUER,IMO7042813,WCW9655,31,0,30,8,3.8,57,A
366727190,2022-01-01T10:59:53,40.63403,-74.20098,0.0,220.3,288.0,JILL REINAUER,IMO7042813,WCW9655,31,0,30,8,3.8,57,A
366727190,2022-01-01T11:12:42,40.63401,-74.20096,0.0,228.0,288.0,JILL REINAUER,IMO7042813,WCW9655,31,0,30,8,3.8,57,A
366727190,2022-01-01T11:15:02,40.63405,-74.20099,0.0,327.1,287.0,JILL REINAUER,IMO7042813,WCW9655,31,0,30,8,3.8,57,A
366727190,2022-01-01T11:18:32,40.63403,-74.20096,0.0,216.3,287.0,JILL REINAUER,IMO7042813,WCW9655,31,0,30,8,3.8,57,A
366727190,2022-01-01T11:30:13,40.63402,-74.20096,0.0,171.4,287.0,JILL REINAUER,IMO7042813,WCW9655,31,0,30,8,3.8,57,A
366727190,2022-01-01T11:41:52,40.63405,-74.20100,0.0,230.8,288.0,JILL REINAUER,IMO7042813,WCW9655,31,0,30,8,3.8,57,A
366727190,2022-01-01T12:00:01,40.63343,-74.20112,3.8,188.3,186.0,JILL REINAUER,IMO7042813,WCW9655,31,0,30,8,3.8,57,A
366727190,2022-01-01T12:01:04,40.63216,-74.20123,4.1,204.5,200.0,JILL REINAUER,IMO7042813,WCW9655,31,0,30,8,3.8,57,A
366727190,2022-01-01T12:09:47,40.62592,-74.20344,0.6,3.0,183.0,JILL REINAUER,IMO7042813,WCW9655,31,0,30,8,3.8,57,A
366727190,2022-01-01T12:19:33,40.62654,-74.20142,0.0,304.5,170.0,JILL REINAUER,IMO7042813,WCW9655,31,0,30,8,3.8,57,A
366727190,2022-01-01T12:29:43,40.62649,-74.20141,0.0,356.5,170.0,JILL REINAUER,IMO7042813,WCW9655,31,0,30,8,3.8,57,A
366727190,2022-01-01T12:36:31,40.62653,-74.20143,0.0,277.9,173.0,JILL REINAUER,IMO7042813,WCW9655,31,0,30,8,3.8,57,A
366727190,2022-01-01T12:44:23,40.62651,-74.20143,0.0,31.7,172.0,JILL REINAUER,IMO7042813,WCW9655,31,0,30,8,3.8,57,A
366727190,2022-01-01T12:46:41,40.62655,-74.20143,0.0,327.6,174.0,JILL REINAUER,IMO7042813,WCW9655,31,0,30,8,3.8,57,A
366727190,2022-01-01T13:01:12,40.62652,-74.20144,0.0,132.5,173.0,JILL REINAUER,IMO7042813,WCW9655,31,0,30,8,3.8,57,A
366727190,2022-01-01T13:18:42,40.62648,-74.20143,0.1,194.6,173.0,JILL REINAUER,IMO7042813,WCW9655,31,0,30,8,3.8,57,A
366727190,2022-01-01T13:19:53,40.62653,-74.20142,0.0,254.5,174.0,JILL REINAUER,IMO7042813,WCW9655,31,0,30,8,3.8,57,A
366727190,2022-01-01T13:24:32,40.62651,-74.20142,0.0,328.1,173.0,JILL REINAUER,IMO7042813,WCW9655,31,0,30,8,3.8,57,A
366727190,2022-01-01T13:29:12,40.62652,-74.20140,0.0,250.7,172.0,JILL REINAUER,IMO7042813,WCW9655,31,0,30,8,3.8,57,A
366727190,2022-01-01T14:23:12,40.63403,-74.20103,0.0,334.2,309.0,JILL REINAUER,IMO7042813,WCW9655,31,0,30,8,3.8,57,A
366727190,2022-01-01T14:27:42,40.63401,-74.20103,0.0,221.6,308.0,JILL REINAUER,IMO7042813,WCW9655,31,0,30,8,3.8,57,A
366727190,2022-01-01T14:41:41,40.63401,-74.20100,0.0,291.3,307.0,JILL REINAUER,IMO7042813,WCW9655,31,0,30,8,3.8,57,A
366727190,2022-01-01T14:50:41,40.63407,-74.20101,0.0,249.5,308.0,JILL REINAUER,IMO7042813,WCW9655,31,0,30,8,3.8,57,A
366727190,2022-01-01T14:57:32,40.63405,-74.20101,0.0,183.5,308.0,JILL REINAUER,IMO7042813,WCW9655,31,0,30,8,3.8,57,A
366727190,2022-01-01T15:17:41,40.63407,-74.20101,0.0,24.8,305.0,JILL REINAUER,IMO7042813,WCW9655,31,0,30,8,3.8,57,A
366727190,2022-01-01T15:24:33,40.63404,-74.20100,0.0,26.4,304.0,JILL REINAUER,IMO7042813,WCW9655,31,0,30,8,3.8,57,A
366727190,2022-01-01T15:26:53,40.63406,-74.20103,0.0,169.9,305.0,JILL REINAUER,IMO7042813,WCW9655,31,0,30,8,3.8,57,A
366727190,2022-01-01T15:37:06,40.63402,-74.20101,0.6,156.5,330.0,JILL REINAUER,IMO7042813,WCW9655,31,0,30,8,3.8,57,A
366727190,2022-01-01T15:55:02,40.59194,-74.20501,8.4,202.2,206.0,JILL REINAUER,IMO7042813,WCW9655,31,0,30,8,3.8,57,A
366727190,2022-01-01T15:57:15,40.58703,-74.20758,10.5,192.5,194.0,JILL REINAUER,IMO7042813,WCW9655,31,0,30,8,3.8,57,A
366727190,2022-01-01T15:58:23,40.58375,-74.20841,10.8,190.9,194.0,JILL REINAUER,IMO7042813,WCW9655,31,0,30,8,3.8,57,A
366727190,2022-01-01T16:02:42,40.57117,-74.21169,8.9,191.3,194.0,JILL REINAUER,IMO7042813,WCW9655,31,0,30,8,3.8,57,A
366727190,2022-01-01T16:20:22,40.53821,-74.25068,11.1,171.7,175.0,JILL REINAUER,IMO7042813,WCW9655,31,0,30,8,3.8,57,A
366727190,2022-01-01T16:33:42,40.50415,-74.25861,7.9,184.6,187.0,JILL REINAUER,IMO7042813,WCW9655,31,0,30,8,3.8,57,A
366727190,2022-01-01T16:48:49,40.49424,-74.25410,0.6,105.5,271.0,JILL REINAUER,IMO7042813,WCW9655,31,0,30,8,3.8,57,A
366727190,2022-01-01T16:54:21,40.49399,-74.25259,0.9,102.9,335.0,JILL REINAUER,IMO7042813,WCW9655,31,0,30,8,3.8,57,A
366727190,2022-01-01T16:57:28,40.49403,-74.25258,1.9,256.3,264.0,JILL REINAUER,IMO7042813,WCW9655,31,0,30,8,3.8,57,A
366727190,2022-01-01T17:01:12,40.49400,-74.25354,0.2,27.8,300.0,JILL REINAUER,IMO7042813,WCW9655,31,0,30,8,3.8,57,A
366727190,2022-01-01T17:32:12,40.49390,-74.25885,0.5,327.5,315.0,JILL REINAUER,IMO7042813,WCW9655,31,0,30,8,3.8,57,A
366727190,2022-01-01T17:35:43,40.49416,-74.25883,0.3,58.5,331.0,JILL REINAUER,IMO7042813,WCW9655,31,0,30,8,3.8,57,A
366727190,2022-01-01T17:49:11,40.49969,-74.26072,5.9,234.8,238.0,JILL REINAUER,IMO7042813,WCW9655,31,0,30,8,3.8,57,A
366727190,2022-01-01T18:12:46,40.50030,-74.28386,1.4,5.0,352.0,JILL REINAUER,IMO7042813,WCW9655,31,0,30,8,3.8,57,A
366727190,2022-01-01T18:13:48,40.50042,-74.28390,0.5,220.5,287.0,JILL REINAUER,IMO7042813,WCW9655,31,0,30,8,3.8,57,A
366727190,2022-01-01T18:25:39,40.50997,-74.29346,0.9,188.8,146.0,JILL REINAUER,IMO7042813,WCW9655,31,0,30,8,3.8,57,A
366727190,2022-01-01T18:31:55,40.51011,-74.29277,0.2,325.9,46.0,JILL REINAUER,IMO7042813,WCW9655,31,0,30,8,3.8,57,A
366727190,2022-01-01T18:53:31,40.51081,-74.29363,0.7,347.2,11.0,JILL REINAUER,IMO7042813,WCW9655,31,0,30,8,3.8,57,A
366727190,2022-01-01T18:59:52,40.50652,-74.28720,5.3,145.4,149.0,JILL REINAUER,IMO7042813,WCW9655,31,0,30,8,3.8,57,A
366727190,2022-01-01T19:03:23,40.50147,-74.28493,6.4,166.4,170.0,JILL REINAUER,IMO7042813,WCW9655,31,0,30,8,3.8,57,A
366727190,2022-01-01T19:15:25,40.49457,-74.27810,7.4,124.5,127.0,JILL REINAUER,IMO7042813,WCW9655,31,0,30,8,3.8,57,A
366727190,2022-01-01T19:25:13,40.50270,-74.25994,8.2,19.0,20.0,JILL REINAUER,IMO7042813,WCW9655,31,0,30,8,3.8,57,A
366727190,2022-01-01T19:34:06,40.52149,-74.24830,8.4,19.2,16.0,JILL REINAUER,IMO7042813,WCW9655,31,0,30,8,3.8,57,A
366727190,2022-01-01T19:35:21,40.52438,-74.24801,8.4,354.8,356.0,JILL REINAUER,IMO7042813,WCW9655,31,0,30,8,3.8,57,A
366727190,2022-01-01T19:36:32,40.52714,-74.24849,8.4,352.1,354.0,JILL REINAUER,IMO7042813,WCW9655,31,0,30,8,3.8,57,A
366727190,2022-01-01T19:48:52,40.55369,-74.24500,8.4,57.6,60.0,JILL REINAUER,IMO7042813,WCW9655,31,0,30,8,3.8,57,A
366727190,2022-01-01T19:50:02,40.55500,-74.24180,8.4,66.8,70.0,JILL REINAUER,IMO7042813,WCW9655,31,0,30,8,3.8,57,A
366727190,2022-01-01T19:51:12,40.55601,-74.23855,8.4,69.5,72.0,JILL REINAUER,IMO7042813,WCW9655,31,0,30,8,3.8,57,A
366727190,2022-01-01T19:54:32,40.55774,-74.22862,8.5,88.4,90.0,JILL REINAUER,IMO7042813,WCW9655,31,0,30,8,3.8,57,A
366727190,2022-01-01T19:55:42,40.55783,-74.22504,8.4,88.0,90.0,JILL REINAUER,IMO7042813,WCW9655,31,0,30,8,3.8,57,A
366727190,2022-01-01T19:57:52,40.55837,-74.21845,8.3,63.9,61.0,JILL REINAUER,IMO7042813,WCW9655,31,0,30,8,3.8,57,A
366727190,2022-01-01T20:15:21,40.59503,-74.20206,8.1,30.6,32.0,JILL REINAUER,IMO7042813,WCW9655,31,0,30,8,3.8,57,A
366727190,2022-01-01T20:21:45,40.60598,-74.20545,1.3,321.4,317.0,JILL REINAUER,IMO7042813,WCW9655,31,0,30,8,3.8,57,A
366727190,2022-01-01T20:55:52,40.60620,-74.20566,0.0,10.9,189.0,JILL REINAUER,IMO7042813,WCW9655,31,0,30,8,3.8,57,A
366727190,2022-01-01T21:06:12,40.60621,-74.20568,0.0,28.7,187.0,JILL REINAUER,IMO7042813,WCW9655,31,0,30,8,3.8,57,A
366727190,2022-01-01T21:10:52,40.60620,-74.20570,0.0,304.6,187.0,JILL REINAUER,IMO7042813,WCW9655,31,0,30,8,3.8,57,A
366727190,2022-01-01T21:13:12,40.60622,-74.20569,0.0,289.7,187.0,JILL REINAUER,IMO7042813,WCW9655,31,0,30,8,3.8,57,A
366727190,2022-01-01T21:24:53,40.60623,-74.20569,0.0,230.8,187.0,JILL REINAUER,IMO7042813,WCW9655,31,0,30,8,3.8,57,A
366727190,2022-01-01T21:35:21,40.60623,-74.20568,0.0,177.9,186.0,JILL REINAUER,IMO7042813,WCW9655,31,0,30,8,3.8,57,A
366727190,2022-01-01T21:44:13,40.60621,-74.20569,0.0,263.1,187.0,JILL REINAUER,IMO7042813,WCW9655,31,0,30,8,3.8,57,A
366727190,2022-01-01T21:48:51,40.60622,-74.20569,0.1,258.8,187.0,JILL REINAUER,IMO7042813,WCW9655,31,0,30,8,3.8,57,A
366727190,2022-01-01T21:51:22,40.60622,-74.20570,0.0,252.1,187.0,JILL REINAUER,IMO7042813,WCW9655,31,0,30,8,3.8,57,A
366727190,2022-01-01T21:58:22,40.60625,-74.20567,0.0,317.8,187.0,JILL REINAUER,IMO7042813,WCW9655,31,0,30,8,3.8,57,A
366727190,2022-01-01T22:11:42,40.60617,-74.20569,0.0,322.2,186.0,JILL REINAUER,IMO7042813,WCW9655,31,0,30,8,3.8,57,A
366727190,2022-01-01T22:19:53,40.60614,-74.20569,0.0,66.6,187.0,JILL REINAUER,IMO7042813,WCW9655,31,0,30,8,3.8,57,A
366727190,2022-01-01T22:31:41,40.60617,-74.20568,0.1,342.8,187.0,JILL REINAUER,IMO7042813,WCW9655,31,0,30,8,3.8,57,A
366727190,2022-01-01T22:40:42,40.60616,-74.20572,0.0,299.3,185.0,JILL REINAUER,IMO7042813,WCW9655,31,0,30,8,3.8,57,A
366727190,2022-01-01T22:41:52,40.60616,-74.20573,0.1,234.5,185.0,JILL REINAUER,IMO7042813,WCW9655,31,0,30,8,3.8,57,A
366727190,2022-01-01T22:52:12,40.60618,-74.20571,0.1,220.2,186.0,JILL REINAUER,IMO7042813,WCW9655,31,0,30,8,3.8,57,A
366727190,2022-01-01T23:04:41,40.60616,-74.20573,0.0,197.4,186.0,JILL REINAUER,IMO7042813,WCW9655,31,0,30,8,3.8,57,A
366727190,2022-01-01T23:36:12,40.60617,-74.20571,0.0,180.3,189.0,JILL REINAUER,IMO7042813,WCW9655,31,0,30,8,3.8,57,A
366727190,2022-01-01T23:38:32,40.60616,-74.20570,0.0,317.7,189.0,JILL REINAUER,IMO7042813,WCW9655,31,0,30,8,3.8,57,A
366727190,2022-01-01T23:45:32,40.60616,-74.20571,0.0,205.1,189.0,JILL REINAUER,IMO7042813,WCW9655,31,0,30,8,3.8,57,A
366727190,2022-01-01T23:59:42,40.60619,-74.20572,0.0,192.4,187.0,JILL REINAUER,IMO7042813,WCW9655,31,0,30,8,3.8,57,A
366727190,2022-01-02T00:00:02,40.60618,-74.20572,0.0,317.8,188.0,JILL REINAUER,IMO7042813,WCW9655,31,0,30,8,3.8,57,A
366727190,2022-01-02T00:01:13,40.60619,-74.20572,0.0,48.7,187.0,JILL REINAUER,IMO7042813,WCW9655,31,0,30,8,3.8,57,A
366727190,2022-01-02T00:03:31,40.60619,-74.20568,0.0,249.4,188.0,JILL REINAUER,IMO7042813,WCW9655,31,0,30,8,3.8,57,A
366727190,2022-01-02T00:02:23,40.60620,-74.20569,0.0,256.3,188.0,JILL REINAUER,IMO7042813,WCW9655,31,0,30,8,3.8,57,A
366727190,2022-01-02T00:06:13,40.60617,-74.20572,0.0,263.7,188.0,JILL REINAUER,IMO7042813,WCW9655,31,0,30,8,3.8,57,A
366727190,2022-01-02T00:07:22,40.60618,-74.20570,0.0,163.8,188.0,JILL REINAUER,IMO7042813,WCW9655,31,0,30,8,3.8,57,A
366727190,2022-01-02T00:08:31,40.60618,-74.20569,0.0,316.9,188.0,JILL REINAUER,IMO7042813,WCW9655,31,0,30,8,3.8,57,A
366727190,2022-01-02T00:04:41,40.60615,-74.20570,0.0,344.2,188.0,JILL REINAUER,IMO7042813,WCW9655,31,0,30,8,3.8,57,A
366727190,2022-01-02T00:09:43,40.60619,-74.20566,0.0,231.8,188.0,JILL REINAUER,IMO7042813,WCW9655,31,0,30,8,3.8,57,A
366727190,2022-01-02T00:13:11,40.60619,-74.20570,0.0,278.7,188.0,JILL REINAUER,IMO7042813,WCW9655,31,0,30,8,3.8,57,A
366727190,2022-01-02T00:10:51,40.60620,-74.20567,0.0,216.8,188.0,JILL REINAUER,IMO7042813,WCW9655,31,0,30,8,3.8,57,A
366727190,2022-01-02T00:11:53,40.60620,-74.20568,0.0,178.9,187.0,JILL REINAUER,IMO7042813,WCW9655,31,0,30,8,3.8,57,A
366727190,2022-01-02T00:16:42,40.60619,-74.20567,0.0,188.7,189.0,JILL REINAUER,IMO7042813,WCW9655,31,0,30,8,3.8,57,A
366727190,2022-01-02T00:14:22,40.60618,-74.20569,0.0,16.6,188.0,JILL REINAUER,IMO7042813,WCW9655,31,0,30,8,3.8,57,A
366727190,2022-01-02T00:15:32,40.60618,-74.20569,0.0,215.4,189.0,JILL REINAUER,IMO7042813,WCW9655,31,0,30,8,3.8,57,A
366727190,2022-01-02T00:20:01,40.60621,-74.20570,0.0,323.7,189.0,JILL REINAUER,IMO7042813,WCW9655,31,0,30,8,3.8,57,A
366727190,2022-01-02T00:17:43,40.60620,-74.20568,0.0,279.6,189.0,JILL REINAUER,IMO7042813,WCW9655,31,0,30,8,3.8,57,A
366727190,2022-01-02T00:18:53,40.60620,-74.20569,0.0,18.0,189.0,JILL REINAUER,IMO7042813,WCW9655,31,0,30,8,3.8,57,A
366727190,2022-01-02T00:21:13,40.60619,-74.20568,0.0,225.1,189.0,JILL REINAUER,IMO7042813,WCW9655,31,0,30,8,3.8,57,A
366727190,2022-01-02T00:23:33,40.60619,-74.20568,0.0,331.2,188.0,JILL REINAUER,IMO7042813,WCW9655,31,0,30,8,3.8,57,A
366727190,2022-01-02T00:22:21,40.60621,-74.20567,0.0,357.9,188.0,JILL REINAUER,IMO7042813,WCW9655,31,0,30,8,3.8,57,A
366727190,2022-01-02T00:24:42,40.60619,-74.20569,0.0,54.9,188.0,JILL REINAUER,IMO7042813,WCW9655,31,0,30,8,3.8,57,A
366727190,2022-01-02T00:27:01,40.60619,-74.20567,0.1,177.0,189.0,JILL REINAUER,IMO7042813,WCW9655,31,0,30,8,3.8,57,A
366727190,2022-01-02T00:30:22,40.60472,-74.20403,6.1,144.5,147.0,JILL REINAUER,IMO7042813,WCW9655,31,0,30,8,3.8,57,A
366727190,2022-01-02T00:25:51,40.60618,-74.20568,0.0,243.9,187.0,JILL REINAUER,IMO7042813,WCW9655,31,0,30,8,3.8,57,A
366727190,2022-01-02T00:31:26,40.60327,-74.20247,6.3,138.3,142.0,JILL REINAUER,IMO7042813,WCW9655,31,0,30,8,3.8,57,A
366727190,2022-01-02T00:29:12,40.60606,-74.20544,2.9,137.3,142.0,JILL REINAUER,IMO7042813,WCW9655,31,0,30,8,3.8,57,A
366727190,2022-01-02T00:32:29,40.60181,-74.20109,6.2,153.3,160.0,JILL REINAUER,IMO7042813,WCW9655,31,0,30,8,3.8,57,A
366727190,2022-01-02T00:35:39,40.59656,-74.20149,6.2,208.7,211.0,JILL REINAUER,IMO7042813,WCW9655,31,0,30,8,3.8,57,A
366727190,2022-01-02T00:33:32,40.60005,-74.20048,6.3,175.1,179.0,JILL REINAUER,IMO7042813,WCW9655,31,0,30,8,3.8,57,A
366727190,2022-01-02T00:37:55,40.59318,-74.20415,5.7,225.4,229.0,JILL REINAUER,IMO7042813,WCW9655,31,0,30,8,3.8,57,A
366727190,2022-01-02T00:38:56,40.59225,-74.20542,3.4,223.2,223.0,JILL REINAUER,IMO7042813,WCW9655,31,0,30,8,3.8,57,A
366727190,2022-01-02T00:34:35,40.59827,-74.20059,6.2,193.9,199.0,JILL REINAUER,IMO7042813,WCW9655,31,0,30,8,3.8,57,A
366727190,2022-01-02T00:39:58,40.59179,-74.20603,0.8,257.4,253.0,JILL REINAUER,IMO7042813,WCW9655,31,0,30,8,3.8,57,A
366727190,2022-01-02T00:43:09,40.59162,-74.20622,0.2,207.8,289.0,JILL REINAUER,IMO7042813,WCW9655,31,0,30,8,3.8,57,A
366727190,2022-01-02T00:44:13,40.59158,-74.20622,0.1,239.4,305.0,JILL REINAUER,IMO7042813,WCW9655,31,0,30,8,3.8,57,A
366727190,2022-01-02T00:42:06,40.59166,-74.20624,0.2,92.7,255.0,JILL REINAUER,IMO7042813,WCW9655,31,0,30,8,3.8,57,A
366727190,2022-01-02T00:47:51,40.59156,-74.20623,0.0,334.0,302.0,JILL REINAUER,IMO7042813,WCW9655,31,0,30,8,3.8,57,A
366727190,2022-01-02T00:52:23,40.59157,-74.20626,0.1,27.9,317.0,JILL REINAUER,IMO7042813,WCW9655,31,0,30,8,3.8,57,A
366727190,2022-01-02T00:46:31,40.59157,-74.20623,0.0,354.0,304.0,JILL REINAUER,IMO7042813,WCW9655,31,0,30,8,3.8,57,A
366727190,2022-01-02T00:49:02,40.59157,-74.20623,0.0,324.9,300.0,JILL REINAUER,IMO7042813,WCW9655,31,0,30,8,3.8,57,A
366727190,2022-01-02T00:50:05,40.59157,-74.20624,0.1,222.3,309.0,JILL REINAUER,IMO7042813,WCW9655,31,0,30,8,3.8,57,A
366727190,2022-01-02T00:54:32,40.59157,-74.20616,0.2,122.7,311.0,JILL REINAUER,IMO7042813,WCW9655,31,0,30,8,3.8,57,A
366727190,2022-01-02T00:55:41,40.59151,-74.20606,0.3,135.8,297.0,JILL REINAUER,IMO7042813,WCW9655,31,0,30,8,3.8,57,A
366727190,2022-01-02T00:56:45,40.59144,-74.20592,0.3,110.7,318.0,JILL REINAUER,IMO7042813,WCW9655,31,0,30,8,3.8,57,A
366727190,2022-01-02T00:57:46,40.59136,-74.20594,1.4,171.7,348.0,JILL REINAUER,IMO7042813,WCW9655,31,0,30,8,3.8,57,A
366727190,2022-01-02T01:01:02,40.59318,-74.20432,7.1,30.7,31.0,JILL REINAUER,IMO7042813,WCW9655,31,0,30,8,3.8,57,A
366727190,2022-01-02T01:00:01,40.59189,-74.20539,4.4,35.2,40.0,JILL REINAUER,IMO7042813,WCW9655,31,0,30,8,3.8,57,A
366727190,2022-01-02T00:28:10,40.60617,-74.20564,0.3,38.3,212.0,JILL REINAUER,IMO7042813,WCW9655,31,0,30,8,3.8,57,A
366727190,2022-01-02T01:03:08,40.59787,-74.20120,9.1,11.1,13.0,JILL REINAUER,IMO7042813,WCW9655,31,0,30,8,3.8,57,A
366727190,2022-01-02T01:04:12,40.60062,-74.20088,9.3,353.6,348.0,JILL REINAUER,IMO7042813,WCW9655,31,0,30,8,3.8,57,A
366727190,2022-01-02T01:06:16,40.60541,-74.20418,9.6,342.3,347.0,JILL REINAUER,IMO7042813,WCW9655,31,0,30,8,3.8,57,A
366727190,2022-01-02T01:05:15,40.60307,-74.20240,9.6,324.9,324.0,JILL REINAUER,IMO7042813,WCW9655,31,0,30,8,3.8,57,A
366727190,2022-01-02T01:09:22,40.61353,-74.20368,9.7,13.8,14.0,JILL REINAUER,IMO7042813,WCW9655,31,0,30,8,3.8,57,A
366727190,2022-01-02T01:08:19,40.61081,-74.20451,9.5,6.7,14.0,JILL REINAUER,IMO7042813,WCW9655,31,0,30,8,3.8,57,A
366727190,2022-01-02T01:12:32,40.62201,-74.20262,9.8,358.6,1.0,JILL REINAUER,IMO7042813,WCW9655,31,0,30,8,3.8,57,A
366727190,2022-01-02T01:10:25,40.61631,-74.20295,9.7,7.5,10.0,JILL REINAUER,IMO7042813,WCW9655,31,0,30,8,3.8,57,A
366727190,2022-01-02T01:15:39,40.63037,-74.20172,7.7,1.2,7.0,JILL REINAUER,IMO7042813,WCW9655,31,0,30,8,3.8,57,A
366727190,2022-01-02T01:13:34,40.62486,-74.20266,9.9,4.6,11.0,JILL REINAUER,IMO7042813,WCW9655,31,0,30,8,3.8,57,A
366727190,2022-01-02T01:14:36,40.62756,-74.20195,9.9,8.2,8.0,JILL REINAUER,IMO7042813,WCW9655,31,0,30,8,3.8,57,A
366727190,2022-01-02T01:17:46,40.63346,-74.20097,3.0,2.1,351.0,JILL REINAUER,IMO7042813,WCW9655,31,0,30,8,3.8,57,A
366727190,2022-01-02T01:28:53,40.63407,-74.20105,0.0,331.3,301.0,JILL REINAUER,IMO7042813,WCW9655,31,0,30,8,3.8,57,A
366727190,2022-01-02T00:36:53,40.59469,-74.20287,6.4,207.9,213.0,JILL REINAUER,IMO7042813,WCW9655,31,0,30,8,3.8,57,A
366727190,2022-01-02T01:26:32,40.63403,-74.20103,0.0,283.0,301.0,JILL REINAUER,IMO7042813,WCW9655,31,0,30,8,3.8,57,A
366727190,2022-01-02T01:19:53,40.63402,-74.20105,0.2,239.6,308.0,JILL REINAUER,IMO7042813,WCW9655,31,0,30,8,3.8,57,A
366727190,2022-01-02T01:31:12,40.63405,-74.20102,0.0,251.8,300.0,JILL REINAUER,IMO7042813,WCW9655,31,0,30,8,3.8,57,A
366727190,2022-01-02T01:24:17,40.63404,-74.20104,0.1,35.7,302.0,JILL REINAUER,IMO7042813,WCW9655,31,0,30,8,3.8,57,A
366727190,2022-01-02T01:22:11,40.63400,-74.20107,0.0,111.7,328.0,JILL REINAUER,IMO7042813,WCW9655,31,0,30,8,3.8,57,A
366727190,2022-01-02T01:33:32,40.63405,-74.20104,0.0,253.4,301.0,JILL REINAUER,IMO7042813,WCW9655,31,0,30,8,3.8,57,A
366727190,2022-01-02T01:27:42,40.63407,-74.20104,0.0,316.8,301.0,JILL REINAUER,IMO7042813,WCW9655,31,0,30,8,3.8,57,A
366727190,2022-01-02T01:25:22,40.63405,-74.20104,0.0,171.7,302.0,JILL REINAUER,IMO7042813,WCW9655,31,0,30,8,3.8,57,A
366727190,2022-01-02T01:35:52,40.63401,-74.20100,0.0,206.9,302.0,JILL REINAUER,IMO7042813,WCW9655,31,0,30,8,3.8,57,A
366727190,2022-01-02T00:41:01,40.59173,-74.20620,0.6,216.4,214.0,JILL REINAUER,IMO7042813,WCW9655,31,0,30,8,3.8,57,A
366727190,2022-01-02T01:32:22,40.63405,-74.20104,0.0,41.3,300.0,JILL REINAUER,IMO7042813,WCW9655,31,0,30,8,3.8,57,A
366727190,2022-01-02T01:41:32,40.63401,-74.20101,0.0,346.0,302.0,JILL REINAUER,IMO7042813,WCW9655,31,0,30,8,3.8,57,A
366727190,2022-01-02T01:42:42,40.63402,-74.20099,0.0,290.1,303.0,JILL REINAUER,IMO7042813,WCW9655,31,0,30,8,3.8,57,A
366727190,2022-01-02T01:43:53,40.63401,-74.20100,0.0,276.7,303.0,JILL REINAUER,IMO7042813,WCW9655,31,0,30,8,3.8,57,A
366727190,2022-01-02T01:38:11,40.63401,-74.20101,0.0,257.8,301.0,JILL REINAUER,IMO7042813,WCW9655,31,0,30,8,3.8,57,A
366727190,2022-01-02T01:46:12,40.63406,-74.20107,0.1,289.5,310.0,JILL REINAUER,IMO7042813,WCW9655,31,0,30,8,3.8,57,A
366727190,2022-01-02T01:34:43,40.63403,-74.20101,0.0,316.0,302.0,JILL REINAUER,IMO7042813,WCW9655,31,0,30,8,3.8,57,A
366727190,2022-01-02T01:39:21,40.63402,-74.20102,0.0,295.0,301.0,JILL REINAUER,IMO7042813,WCW9655,31,0,30,8,3.8,57,A
366727190,2022-01-02T01:48:31,40.63400,-74.20105,0.0,259.7,319.0,JILL REINAUER,IMO7042813,WCW9655,31,0,30,8,3.8,57,A
366727190,2022-01-02T01:45:02,40.63402,-74.20101,0.0,274.8,306.0,JILL REINAUER,IMO7042813,WCW9655,31,0,30,8,3.8,57,A
366727190,2022-01-02T01:37:02,40.63402,-74.20100,0.0,218.5,301.0,JILL REINAUER,IMO7042813,WCW9655,31,0,30,8,3.8,57,A
366727190,2022-01-02T01:49:32,40.63399,-74.20106,0.0,346.1,323.0,JILL REINAUER,IMO7042813,WCW9655,31,0,30,8,3.8,57,A
366727190,2022-01-02T00:45:22,40.59158,-74.20626,0.1,288.7,310.0,JILL REINAUER,IMO7042813,WCW9655,31,0,30,8,3.8,57,A
366727190,2022-01-02T01:47:21,40.63402,-74.20103,0.0,282.6,315.0,JILL REINAUER,IMO7042813,WCW9655,31,0,30,8,3.8,57,A
366727190,2022-01-02T01:51:43,40.63399,-74.20105,0.0,181.7,328.0,JILL REINAUER,IMO7042813,WCW9655,31,0,30,8,3.8,57,A
366727190,2022-01-02T01:52:52,40.63399,-74.20104,0.0,199.1,329.0,JILL REINAUER,IMO7042813,WCW9655,31,0,30,8,3.8,57,A
366727190,2022-01-02T00:51:11,40.59156,-74.20625,0.1,308.8,316.0,JILL REINAUER,IMO7042813,WCW9655,31,0,30,8,3.8,57,A
366727190,2022-01-02T02:01:13,40.63399,-74.20107,0.0,243.8,336.0,JILL REINAUER,IMO7042813,WCW9655,31,0,30,8,3.8,57,A
366727190,2022-01-02T00:53:25,40.59159,-74.20620,0.1,90.0,310.0,JILL REINAUER,IMO7042813,WCW9655,31,0,30,8,3.8,57,A
366727190,2022-01-02T01:54:01,40.63400,-74.20105,0.0,304.6,329.0,JILL REINAUER,IMO7042813,WCW9655,31,0,30,8,3.8,57,A
366727190,2022-01-02T01:58:21,40.63402,-74.20105,0.0,244.2,334.0,JILL REINAUER,IMO7042813,WCW9655,31,0,30,8,3.8,57,A
366727190,2022-01-02T02:00:02,40.63399,-74.20106,0.0,289.5,335.0,JILL REINAUER,IMO7042813,WCW9655,31,0,30,8,3.8,57,A
366727190,2022-01-02T01:55:02,40.63401,-74.20107,0.0,193.4,330.0,JILL REINAUER,IMO7042813,WCW9655,31,0,30,8,3.8,57,A
366727190,2022-01-02T01:56:12,40.63400,-74.20108,0.0,33.0,331.0,JILL REINAUER,IMO7042813,WCW9655,31,0,30,8,3.8,57,A
366727190,2022-01-02T02:07:21,40.63401,-74.20112,0.0,191.9,344.0,JILL REINAUER,IMO7042813,WCW9655,31,0,30,8,3.8,57,A
366727190,2022-01-02T02:02:21,40.63398,-74.20109,0.0,280.4,338.0,JILL REINAUER,IMO7042813,WCW9655,31,0,30,8,3.8,57,A
366727190,2022-01-02T02:03:33,40.63396,-74.20110,0.0,208.7,339.0,JILL REINAUER,IMO7042813,WCW9655,31,0,30,8,3.8,57,A
366727190,2022-01-02T01:59:22,40.63401,-74.20105,0.0,309.4,334.0,JILL REINAUER,IMO7042813,WCW9655,31,0,30,8,3.8,57,A
366727190,2022-01-02T02:09:42,40.63393,-74.20113,0.0,130.2,343.0,JILL REINAUER,IMO7042813,WCW9655,31,0,30,8,3.8,57,A
366727190,2022-01-02T00:58:48,40.59112,-74.20585,0.4,2.5,1.0,JILL REINAUER,IMO7042813,WCW9655,31,0,30,8,3.8,57,A
366727190,2022-01-02T02:04:42,40.63399,-74.20110,0.0,17.4,341.0,JILL REINAUER,IMO7042813,WCW9655,31,0,30,8,3.8,57,A
366727190,2022-01-02T00:59:49,40.59170,-74.20556,3.8,30.6,35.0,JILL REINAUER,IMO7042813,WCW9655,31,0,30,8,3.8,57,A
366727190,2022-01-02T02:13:12,40.63396,-74.20114,0.0,256.3,348.0,JILL REINAUER,IMO7042813,WCW9655,31,0,30,8,3.8,57,A
366727190,2022-01-02T02:06:12,40.63400,-74.20112,0.0,217.2,342.0,JILL REINAUER,IMO7042813,WCW9655,31,0,30,8,3.8,57,A
366727190,2022-01-02T02:14:23,40.63396,-74.20112,0.0,266.8,353.0,JILL REINAUER,IMO7042813,WCW9655,31,0,30,8,3.8,57,A
366727190,2022-01-02T02:12:02,40.63392,-74.20115,0.0,263.5,345.0,JILL REINAUER,IMO7042813,WCW9655,31,0,30,8,3.8,57,A
366727190,2022-01-02T01:02:03,40.59535,-74.20266,9.4,29.6,32.0,JILL REINAUER,IMO7042813,WCW9655,31,0,30,8,3.8,57,A
366727190,2022-01-02T02:10:52,40.63396,-74.20115,0.1,312.4,343.0,JILL REINAUER,IMO7042813,WCW9655,31,0,30,8,3.8,57,A
366727190,2022-01-02T02:08:32,40.63399,-74.20111,0.0,164.6,344.0,JILL REINAUER,IMO7042813,WCW9655,31,0,30,8,3.8,57,A
366727190,2022-01-02T02:19:03,40.63398,-74.20113,0.0,280.2,8.0,JILL REINAUER,IMO7042813,WCW9655,31,0,30,8,3.8,57,A
366727190,2022-01-02T02:17:51,40.63395,-74.20112,0.0,255.6,6.0,JILL REINAUER,IMO7042813,WCW9655,31,0,30,8,3.8,57,A
366727190,2022-01-02T02:16:42,40.63394,-74.20112,0.1,299.0,2.0,JILL REINAUER,IMO7042813,WCW9655,31,0,30,8,3.8,57,A
366727190,2022-01-02T02:15:31,40.63397,-74.20113,0.0,249.5,357.0,JILL REINAUER,IMO7042813,WCW9655,31,0,30,8,3.8,57,A
366727190,2022-01-02T02:24:52,40.63397,-74.20115,0.0,187.8,21.0,JILL REINAUER,IMO7042813,WCW9655,31,0,30,8,3.8,57,A
366727190,2022-01-02T01:07:18,40.60818,-74.20462,9.7,359.5,4.0,JILL REINAUER,IMO7042813,WCW9655,31,0,30,8,3.8,57,A
366727190,2022-01-02T02:29:32,40.63403,-74.20115,0.0,274.9,19.0,JILL REINAUER,IMO7042813,WCW9655,31,0,30,8,3.8,57,A
366727190,2022-01-02T02:20:12,40.63399,-74.20116,0.1,291.1,12.0,JILL REINAUER,IMO7042813,WCW9655,31,0,30,8,3.8,57,A
366727190,2022-01-02T02:21:22,40.63399,-74.20117,0.0,283.0,17.0,JILL REINAUER,IMO7042813,WCW9655,31,0,30,8,3.8,57,A
366727190,2022-01-02T02:22:32,40.63398,-74.20117,0.0,224.8,19.0,JILL REINAUER,IMO7042813,WCW9655,31,0,30,8,3.8,57,A
366727190,2022-01-02T02:26:02,40.63399,-74.20116,0.0,301.7,19.0,JILL REINAUER,IMO7042813,WCW9655,31,0,30,8,3.8,57,A
366727190,2022-01-02T02:23:42,40.63400,-74.20116,0.0,279.5,20.0,JILL REINAUER,IMO7042813,WCW9655,31,0,30,8,3.8,57,A
366727190,2022-01-02T02:31:51,40.63399,-74.20117,0.0,234.9,22.0,JILL REINAUER,IMO7042813,WCW9655,31,0,30,8,3.8,57,A
366727190,2022-01-02T02:27:11,40.63400,-74.20114,0.0,140.4,19.0,JILL REINAUER,IMO7042813,WCW9655,31,0,30,8,3.8,57,A
366727190,2022-01-02T02:30:43,40.63402,-74.20115,0.0,257.1,20.0,JILL REINAUER,IMO7042813,WCW9655,31,0,30,8,3.8,57,A
366727190,2022-01-02T02:40:53,40.63400,-74.20117,0.0,87.0,41.0,JILL REINAUER,IMO7042813,WCW9655,31,0,30,8,3.8,57,A
366727190,2022-01-02T01:11:29,40.61916,-74.20258,9.7,359.8,1.0,JILL REINAUER,IMO7042813,WCW9655,31,0,30,8,3.8,57,A
366727190,2022-01-02T02:34:12,40.63402,-74.20117,0.0,265.8,27.0,JILL REINAUER,IMO7042813,WCW9655,31,0,30,8,3.8,57,A
366727190,2022-01-02T02:33:02,40.63401,-74.20118,0.0,273.6,25.0,JILL REINAUER,IMO7042813,WCW9655,31,0,30,8,3.8,57,A
366727190,2022-01-02T02:35:22,40.63401,-74.20122,0.1,344.5,30.0,JILL REINAUER,IMO7042813,WCW9655,31,0,30,8,3.8,57,A
366727190,2022-01-02T02:46:42,40.63399,-74.20119,0.0,346.8,29.0,JILL REINAUER,IMO7042813,WCW9655,31,0,30,8,3.8,57,A
366727190,2022-01-02T02:36:23,40.63400,-74.20123,0.1,302.0,32.0,JILL REINAUER,IMO7042813,WCW9655,31,0,30,8,3.8,57,A
366727190,2022-01-02T01:16:41,40.63220,-74.20128,5.7,16.4,17.0,JILL REINAUER,IMO7042813,WCW9655,31,0,30,8,3.8,57,A
366727190,2022-01-02T02:37:31,40.63399,-74.20127,0.0,326.5,35.0,JILL REINAUER,IMO7042813,WCW9655,31,0,30,8,3.8,57,A
366727190,2022-01-02T02:38:33,40.63401,-74.20127,0.1,297.3,38.0,JILL REINAUER,IMO7042813,WCW9655,31,0,30,8,3.8,57,A
366727190,2022-01-02T02:47:51,40.63401,-74.20120,0.0,272.5,26.0,JILL REINAUER,IMO7042813,WCW9655,31,0,30,8,3.8,57,A
366727190,2022-01-02T02:42:03,40.63402,-74.20118,0.0,131.2,39.0,JILL REINAUER,IMO7042813,WCW9655,31,0,30,8,3.8,57,A
366727190,2022-01-02T02:45:31,40.63401,-74.20118,0.0,290.7,31.0,JILL REINAUER,IMO7042813,WCW9655,31,0,30,8,3.8,57,A
366727190,2022-01-02T02:51:22,40.63399,-74.20115,0.0,153.1,16.0,JILL REINAUER,IMO7042813,WCW9655,31,0,30,8,3.8,57,A
366727190,2022-01-02T02:54:51,40.63396,-74.20113,0.0,163.8,2.0,JILL REINAUER,IMO7042813,WCW9655,31,0,30,8,3.8,57,A
366727190,2022-01-02T02:44:22,40.63402,-74.20116,0.1,59.4,34.0,JILL REINAUER,IMO7042813,WCW9655,31,0,30,8,3.8,57,A
366727190,2022-01-02T02:52:31,40.63399,-74.20115,0.0,4.1,10.0,JILL REINAUER,IMO7042813,WCW9655,31,0,30,8,3.8,57,A
366727190,2022-01-02T02:56:02,40.63396,-74.20112,0.0,23.4,357.0,JILL REINAUER,IMO7042813,WCW9655,31,0,30,8,3.8,57,A
366727190,2022-01-02T01:18:48,40.63399,-74.20106,0.5,346.7,310.0,JILL REINAUER,IMO7042813,WCW9655,31,0,30,8,3.8,57,A
366727190,2022-01-02T02:57:13,40.63397,-74.20110,0.0,35.4,350.0,JILL REINAUER,IMO7042813,WCW9655,31,0,30,8,3.8,57,A
366727190,2022-01-02T02:59:31,40.63401,-74.20105,0.0,335.5,338.0,JILL REINAUER,IMO7042813,WCW9655,31,0,30,8,3.8,57,A
366727190,2022-01-02T03:00:02,40.63401,-74.20105,0.1,356.2,335.0,JILL REINAUER,IMO7042813,WCW9655,31,0,30,8,3.8,57,A
366727190,2022-01-02T01:21:03,40.63400,-74.20105,0.1,257.2,321.0,JILL REINAUER,IMO7042813,WCW9655,31,0,30,8,3.8,57,A
366727190,2022-01-02T02:50:12,40.63399,-74.20118,0.0,144.3,21.0,JILL REINAUER,IMO7042813,WCW9655,31,0,30,8,3.8,57,A
366727190,2022-01-02T01:23:13,40.63402,-74.20105,0.1,70.2,318.0,JILL REINAUER,IMO7042813,WCW9655,31,0,30,8,3.8,57,A
366727190,2022-01-02T03:03:31,40.63397,-74.20103,0.0,3.8,317.0,JILL REINAUER,IMO7042813,WCW9655,31,0,30,8,3.8,57,A
366727190,2022-01-02T02:58:22,40.63399,-74.20107,0.0,311.7,344.0,JILL REINAUER,IMO7042813,WCW9655,31,0,30,8,3.8,57,A
366727190,2022-01-02T01:30:01,40.63407,-74.20104,0.0,208.8,300.0,JILL REINAUER,IMO7042813,WCW9655,31,0,30,8,3.8,57,A
366727190,2022-01-02T03:10:43,40.63402,-74.20102,0.0,272.9,308.0,JILL REINAUER,IMO7042813,WCW9655,31,0,30,8,3.8,57,A
366727190,2022-01-02T03:01:11,40.63401,-74.20104,0.0,345.0,329.0,JILL REINAUER,IMO7042813,WCW9655,31,0,30,8,3.8,57,A
366727190,2022-01-02T03:11:53,40.63401,-74.20100,0.0,311.7,308.0,JILL REINAUER,IMO7042813,WCW9655,31,0,30,8,3.8,57,A
366727190,2022-01-02T03:02:23,40.63399,-74.20104,0.0,35.5,322.0,JILL REINAUER,IMO7042813,WCW9655,31,0,30,8,3.8,57,A
366727190,2022-01-02T03:07:22,40.63401,-74.20102,0.0,333.8,311.0,JILL REINAUER,IMO7042813,WCW9655,31,0,30,8,3.8,57,A
366727190,2022-01-02T03:09:42,40.63401,-74.20101,0.0,280.1,308.0,JILL REINAUER,IMO7042813,WCW9655,31,0,30,8,3.8,57,A
366727190,2022-01-02T03:18:51,40.63400,-74.20100,0.0,244.5,308.0,JILL REINAUER,IMO7042813,WCW9655,31,0,30,8,3.8,57,A
366727190,2022-01-02T03:08:31,40.63401,-74.20101,0.0,309.0,309.0,JILL REINAUER,IMO7042813,WCW9655,31,0,30,8,3.8,57,A
366727190,2022-01-02T01:40:31,40.63400,-74.20102,0.0,144.6,301.0,JILL REINAUER,IMO7042813,WCW9655,31,0,30,8,3.8,57,A
366727190,2022-01-02T03:15:22,40.63399,-74.20099,0.0,204.5,308.0,JILL REINAUER,IMO7042813,WCW9655,31,0,30,8,3.8,57,A
366727190,2022-01-02T03:17:42,40.63398,-74.20098,0.0,260.7,307.0,JILL REINAUER,IMO7042813,WCW9655,31,0,30,8,3.8,57,A
366727190,2022-01-02T03:27:01,40.63401,-74.20101,0.0,294.8,306.0,JILL REINAUER,IMO7042813,WCW9655,31,0,30,8,3.8,57,A
366727190,2022-01-02T03:30:31,40.63402,-74.20101,0.0,269.2,306.0,JILL REINAUER,IMO7042813,WCW9655,31,0,30,8,3.8,57,A
366727190,2022-01-02T03:23:32,40.63402,-74.20103,0.0,275.4,307.0,JILL REINAUER,IMO7042813,WCW9655,31,0,30,8,3.8,57,A
366727190,2022-01-02T03:29:21,40.63402,-74.20102,0.0,266.2,307.0,JILL REINAUER,IMO7042813,WCW9655,31,0,30,8,3.8,57,A
366727190,2022-01-02T03:24:42,40.63401,-74.20103,0.0,282.9,307.0,JILL REINAUER,IMO7042813,WCW9655,31,0,30,8,3.8,57,A
366727190,2022-01-02T03:25:52,40.63403,-74.20102,0.0,297.9,307.0,JILL REINAUER,IMO7042813,WCW9655,31,0,30,8,3.8,57,A
366727190,2022-01-02T03:37:12,40.63399,-74.20107,0.0,245.0,314.0,JILL REINAUER,IMO7042813,WCW9655,31,0,30,8,3.8,57,A
366727190,2022-01-02T03:28:13,40.63402,-74.20101,0.0,339.7,307.0,JILL REINAUER,IMO7042813,WCW9655,31,0,30,8,3.8,57,A
366727190,2022-01-02T03:40:42,40.63400,-74.20100,0.1,320.2,310.0,JILL REINAUER,IMO7042813,WCW9655,31,0,30,8,3.8,57,A
366727190,2022-01-02T03:33:52,40.63401,-74.20104,0.0,250.8,308.0,JILL REINAUER,IMO7042813,WCW9655,31,0,30,8,3.8,57,A
366727190,2022-01-02T03:41:52,40.63401,-74.20100,0.0,359.3,308.0,JILL REINAUER,IMO7042813,WCW9655,31,0,30,8,3.8,57,A
366727190,2022-01-02T03:39:32,40.63400,-74.20104,0.0,139.7,312.0,JILL REINAUER,IMO7042813,WCW9655,31,0,30,8,3.8,57,A
366727190,2022-01-02T03:36:02,40.63403,-74.20103,0.0,282.2,312.0,JILL REINAUER,IMO7042813,WCW9655,31,0,30,8,3.8,57,A
366727190,2022-01-02T03:45:11,40.63401,-74.20101,0.0,307.9,304.0,JILL REINAUER,IMO7042813,WCW9655,31,0,30,8,3.8,57,A
366727190,2022-01-02T03:47:31,40.63402,-74.20102,0.0,292.1,305.0,JILL REINAUER,IMO7042813,WCW9655,31,0,30,8,3.8,57,A
366727190,2022-01-02T03:34:53,40.63403,-74.20105,0.1,296.8,309.0,JILL REINAUER,IMO7042813,WCW9655,31,0,30,8,3.8,57,A
366727190,2022-01-02T01:50:42,40.63399,-74.20105,0.0,271.7,325.0,JILL REINAUER,IMO7042813,WCW9655,31,0,30,8,3.8,57,A
366727190,2022-01-02T03:49:51,40.63402,-74.20100,0.0,272.5,305.0,JILL REINAUER,IMO7042813,WCW9655,31,0,30,8,3.8,57,A
366727190,2022-01-02T03:48:42,40.63403,-74.20101,0.0,293.9,305.0,JILL REINAUER,IMO7042813,WCW9655,31,0,30,8,3.8,57,A
366727190,2022-01-02T03:54:21,40.63401,-74.20100,0.0,184.5,306.0,JILL REINAUER,IMO7042813,WCW9655,31,0,30,8,3.8,57,A
366727190,2022-01-02T03:52:03,40.63404,-74.20101,0.0,308.8,305.0,JILL REINAUER,IMO7042813,WCW9655,31,0,30,8,3.8,57,A
366727190,2022-01-02T03:46:22,40.63401,-74.20102,0.0,312.2,304.0,JILL REINAUER,IMO7042813,WCW9655,31,0,30,8,3.8,57,A
366727190,2022-01-02T03:59:01,40.63404,-74.20103,0.0,357.8,306.0,JILL REINAUER,IMO7042813,WCW9655,31,0,30,8,3.8,57,A
366727190,2022-01-02T03:57:53,40.63403,-74.20103,0.0,289.8,306.0,JILL REINAUER,IMO7042813,WCW9655,31,0,30,8,3.8,57,A
366727190,2022-01-02T01:57:13,40.63402,-74.20107,0.0,340.1,333.0,JILL REINAUER,IMO7042813,WCW9655,31,0,30,8,3.8,57,A
366727190,2022-01-02T03:53:12,40.63404,-74.20102,0.0,291.3,306.0,JILL REINAUER,IMO7042813,WCW9655,31,0,30,8,3.8,57,A
366727190,2022-01-02T04:00:01,40.63403,-74.20101,0.0,225.1,305.0,JILL REINAUER,IMO7042813,WCW9655,31,0,30,8,3.8,57,A
366727190,2022-01-02T03:43:02,40.63401,-74.20101,0.0,308.0,305.0,JILL REINAUER,IMO7042813,WCW9655,31,0,30,8,3.8,57,A
366727190,2022-01-02T03:56:42,40.63401,-74.20102,0.0,288.1,306.0,JILL REINAUER,IMO7042813,WCW9655,31,0,30,8,3.8,57,A
366727190,2022-01-02T04:02:22,40.63399,-74.20100,0.0,250.5,306.0,JILL REINAUER,IMO7042813,WCW9655,31,0,30,8,3.8,57,A
366727190,2022-01-02T03:55:31,40.63400,-74.20100,0.0,224.8,306.0,JILL REINAUER,IMO7042813,WCW9655,31,0,30,8,3.8,57,A
366727190,2022-01-02T04:08:12,40.63404,-74.20099,0.0,320.4,306.0,JILL REINAUER,IMO7042813,WCW9655,31,0,30,8,3.8,57,A
366727190,2022-01-02T03:51:02,40.63402,-74.20100,0.0,324.9,305.0,JILL REINAUER,IMO7042813,WCW9655,31,0,30,8,3.8,57,A
366727190,2022-01-02T04:01:12,40.63401,-74.20101,0.0,305.6,305.0,JILL REINAUER,IMO7042813,WCW9655,31,0,30,8,3.8,57,A
366727190,2022-01-02T04:14:43,40.63403,-74.20100,0.0,301.0,306.0,JILL REINAUER,IMO7042813,WCW9655,31,0,30,8,3.8,57,A
366727190,2022-01-02T04:07:01,40.63401,-74.20099,0.0,244.3,307.0,JILL REINAUER,IMO7042813,WCW9655,31,0,30,8,3.8,57,A
366727190,2022-01-02T04:18:12,40.63401,-74.20100,0.0,256.8,311.0,JILL REINAUER,IMO7042813,WCW9655,31,0,30,8,3.8,57,A
366727190,2022-01-02T04:09:13,40.63405,-74.20099,0.0,179.7,306.0,JILL REINAUER,IMO7042813,WCW9655,31,0,30,8,3.8,57,A
366727190,2022-01-02T04:11:23,40.63403,-74.20098,0.0,173.5,306.0,JILL REINAUER,IMO7042813,WCW9655,31,0,30,8,3.8,57,A
366727190,2022-01-02T04:17:02,40.63401,-74.20099,0.0,276.0,308.0,JILL REINAUER,IMO7042813,WCW9655,31,0,30,8,3.8,57,A
366727190,2022-01-02T04:12:32,40.63404,-74.20099,0.0,179.5,307.0,JILL REINAUER,IMO7042813,WCW9655,31,0,30,8,3.8,57,A
366727190,2022-01-02T04:04:41,40.63402,-74.20100,0.0,24.7,306.0,JILL REINAUER,IMO7042813,WCW9655,31,0,30,8,3.8,57,A
366727190,2022-01-02T04:13:42,40.63403,-74.20097,0.0,235.9,306.0,JILL REINAUER,IMO7042813,WCW9655,31,0,30,8,3.8,57,A
366727190,2022-01-02T04:20:33,40.63399,-74.20104,0.1,240.7,318.0,JILL REINAUER,IMO7042813,WCW9655,31,0,30,8,3.8,57,A
366727190,2022-01-02T04:22:52,40.63403,-74.20107,0.0,265.2,330.0,JILL REINAUER,IMO7042813,WCW9655,31,0,30,8,3.8,57,A
366727190,2022-01-02T04:24:01,40.63401,-74.20108,0.1,260.6,339.0,JILL REINAUER,IMO7042813,WCW9655,31,0,30,8,3.8,57,A
366727190,2022-01-02T04:10:22,40.63405,-74.20100,0.0,239.3,307.0,JILL REINAUER,IMO7042813,WCW9655,31,0,30,8,3.8,57,A
366727190,2022-01-02T04:25:12,40.63404,-74.20107,0.1,286.9,348.0,JILL REINAUER,IMO7042813,WCW9655,31,0,30,8,3.8,57,A
366727190,2022-01-02T04:29:52,40.63398,-74.20117,0.1,238.7,18.0,JILL REINAUER,IMO7042813,WCW9655,31,0,30,8,3.8,57,A
366727190,2022-01-02T04:26:22,40.63401,-74.20110,0.1,249.0,357.0,JILL REINAUER,IMO7042813,WCW9655,31,0,30,8,3.8,57,A
366727190,2022-01-02T04:27:32,40.63401,-74.20116,0.1,272.1,4.0,JILL REINAUER,IMO7042813,WCW9655,31,0,30,8,3.8,57,A
366727190,2022-01-02T04:15:53,40.63402,-74.20100,0.1,315.0,307.0,JILL REINAUER,IMO7042813,WCW9655,31,0,30,8,3.8,57,A
366727190,2022-01-02T04:31:01,40.63398,-74.20120,0.0,243.3,23.0,JILL REINAUER,IMO7042813,WCW9655,31,0,30,8,3.8,57,A
366727190,2022-01-02T04:32:12,40.63401,-74.20118,0.0,252.3,26.0,JILL REINAUER,IMO7042813,WCW9655,31,0,30,8,3.8,57,A
366727190,2022-01-02T04:33:23,40.63402,-74.20118,0.0,291.9,28.0,JILL REINAUER,IMO7042813,WCW9655,31,0,30,8,3.8,57,A
366727190,2022-01-02T04:28:42,40.63399,-74.20118,0.1,327.1,12.0,JILL REINAUER,IMO7042813,WCW9655,31,0,30,8,3.8,57,A
366727190,2022-01-02T04:40:22,40.63400,-74.20121,0.1,333.7,40.0,JILL REINAUER,IMO7042813,WCW9655,31,0,30,8,3.8,57,A
366727190,2022-01-02T04:44:52,40.63403,-74.20120,0.0,158.0,36.0,JILL REINAUER,IMO7042813,WCW9655,31,0,30,8,3.8,57,A
366727190,2022-01-02T04:39:12,40.63404,-74.20125,0.0,310.1,36.0,JILL REINAUER,IMO7042813,WCW9655,31,0,30,8,3.8,57,A
366727190,2022-01-02T04:50:33,40.63398,-74.20115,0.0,22.1,356.0,JILL REINAUER,IMO7042813,WCW9655,31,0,30,8,3.8,57,A
366727190,2022-01-02T04:38:02,40.63403,-74.20125,0.1,320.8,31.0,JILL REINAUER,IMO7042813,WCW9655,31,0,30,8,3.8,57,A
366727190,2022-01-02T04:51:42,40.63397,-74.20114,0.1,53.7,352.0,JILL REINAUER,IMO7042813,WCW9655,31,0,30,8,3.8,57,A
366727190,2022-01-02T04:41:33,40.63400,-74.20120,0.0,249.3,41.0,JILL REINAUER,IMO7042813,WCW9655,31,0,30,8,3.8,57,A
366727190,2022-01-02T04:36:52,40.63402,-74.20123,0.0,326.2,24.0,JILL REINAUER,IMO7042813,WCW9655,31,0,30,8,3.8,57,A
366727190,2022-01-02T04:55:12,40.63400,-74.20115,0.0,235.7,357.0,JILL REINAUER,IMO7042813,WCW9655,31,0,30,8,3.8,57,A
366727190,2022-01-02T04:57:32,40.63399,-74.20112,0.1,59.1,354.0,JILL REINAUER,IMO7042813,WCW9655,31,0,30,8,3.8,57,A
366727190,2022-01-02T04:56:23,40.63398,-74.20114,0.0,95.3,357.0,JILL REINAUER,IMO7042813,WCW9655,31,0,30,8,3.8,57,A
366727190,2022-01-02T04:46:02,40.63399,-74.20121,0.0,148.2,31.0,JILL REINAUER,IMO7042813,WCW9655,31,0,30,8,3.8,57,A
366727190,2022-01-02T04:59:45,40.63394,-74.20107,0.1,123.8,330.0,JILL REINAUER,IMO7042813,WCW9655,31,0,30,8,3.8,57,A
366727190,2022-01-02T05:02:12,40.63402,-74.20101,0.0,7.4,302.0,JILL REINAUER,IMO7042813,WCW9655,31,0,30,8,3.8,57,A
366727190,2022-01-02T04:48:12,40.63398,-74.20119,0.0,126.2,16.0,JILL REINAUER,IMO7042813,WCW9655,31,0,30,8,3.8,57,A
366727190,2022-01-02T04:52:52,40.63401,-74.20109,0.1,317.2,351.0,JILL REINAUER,IMO7042813,WCW9655,31,0,30,8,3.8,57,A
366727190,2022-01-02T05:06:51,40.63402,-74.20099,0.0,232.3,305.0,JILL REINAUER,IMO7042813,WCW9655,31,0,30,8,3.8,57,A
366727190,2022-01-02T04:49:21,40.63398,-74.20117,0.1,28.0,4.0,JILL REINAUER,IMO7042813,WCW9655,31,0,30,8,3.8,57,A
366727190,2022-01-02T05:10:12,40.63402,-74.20103,0.0,274.5,306.0,JILL REINAUER,IMO7042813,WCW9655,31,0,30,8,3.8,57,A
366727190,2022-01-02T04:54:02,40.63399,-74.20114,0.0,276.8,355.0,JILL REINAUER,IMO7042813,WCW9655,31,0,30,8,3.8,57,A
366727190,2022-01-02T02:28:22,40.63396,-74.20116,0.0,285.1,18.0,JILL REINAUER,IMO7042813,WCW9655,31,0,30,8,3.8,57,A
366727190,2022-01-02T05:11:13,40.63403,-74.20104,0.0,224.6,305.0,JILL REINAUER,IMO7042813,WCW9655,31,0,30,8,3.8,57,A
366727190,2022-01-02T05:12:21,40.63403,-74.20101,0.0,30.5,306.0,JILL REINAUER,IMO7042813,WCW9655,31,0,30,8,3.8,57,A
366727190,2022-01-02T05:14:43,40.63400,-74.20101,0.0,221.2,305.0,JILL REINAUER,IMO7042813,WCW9655,31,0,30,8,3.8,57,A
366727190,2022-01-02T05:09:02,40.63401,-74.20101,0.0,157.6,305.0,JILL REINAUER,IMO7042813,WCW9655,31,0,30,8,3.8,57,A
366727190,2022-01-02T04:58:42,40.63396,-74.20109,0.0,82.3,347.0,JILL REINAUER,IMO7042813,WCW9655,31,0,30,8,3.8,57,A
366727190,2022-01-02T05:00:02,40.63394,-74.20106,0.1,72.9,325.0,JILL REINAUER,IMO7042813,WCW9655,31,0,30,8,3.8,57,A
366727190,2022-01-02T05:13:32,40.63399,-74.20101,0.0,230.7,305.0,JILL REINAUER,IMO7042813,WCW9655,31,0,30,8,3.8,57,A
366727190,2022-01-02T05:03:22,40.63400,-74.20100,0.1,342.8,302.0,JILL REINAUER,IMO7042813,WCW9655,31,0,30,8,3.8,57,A
366727190,2022-01-02T05:21:43,40.63403,-74.20101,0.0,34.1,304.0,JILL REINAUER,IMO7042813,WCW9655,31,0,30,8,3.8,57,A
366727190,2022-01-02T05:04:33,40.63401,-74.20102,0.0,298.7,303.0,JILL REINAUER,IMO7042813,WCW9655,31,0,30,8,3.8,57,A
366727190,2022-01-02T05:05:43,40.63401,-74.20100,0.0,246.6,304.0,JILL REINAUER,IMO7042813,WCW9655,31,0,30,8,3.8,57,A
366727190,2022-01-02T05:19:22,40.63402,-74.20105,0.0,5.3,304.0,JILL REINAUER,IMO7042813,WCW9655,31,0,30,8,3.8,57,A
366727190,2022-01-02T05:20:32,40.63399,-74.20101,0.0,304.0,304.0,JILL REINAUER,IMO7042813,WCW9655,31,0,30,8,3.8,57,A
366727190,2022-01-02T05:29:53,40.63399,-74.20101,0.0,201.8,304.0,JILL REINAUER,IMO7042813,WCW9655,31,0,30,8,3.8,57,A
366727190,2022-01-02T02:39:42,40.63399,-74.20122,0.0,213.0,40.0,JILL REINAUER,IMO7042813,WCW9655,31,0,30,8,3.8,57,A
366727190,2022-01-02T05:28:42,40.63400,-74.20101,0.0,159.3,304.0,JILL REINAUER,IMO7042813,WCW9655,31,0,30,8,3.8,57,A
366727190,2022-01-02T05:31:01,40.63399,-74.20102,0.0,237.1,304.0,JILL REINAUER,IMO7042813,WCW9655,31,0,30,8,3.8,57,A
366727190,2022-01-02T05:33:21,40.63401,-74.20103,0.0,248.1,303.0,JILL REINAUER,IMO7042813,WCW9655,31,0,30,8,3.8,57,A
366727190,2022-01-02T05:17:02,40.63400,-74.20104,0.0,213.2,304.0,JILL REINAUER,IMO7042813,WCW9655,31,0,30,8,3.8,57,A
366727190,2022-01-02T05:34:31,40.63401,-74.20102,0.0,72.0,304.0,JILL REINAUER,IMO7042813,WCW9655,31,0,30,8,3.8,57,A
366727190,2022-01-02T05:18:13,40.63401,-74.20103,0.0,15.3,304.0,JILL REINAUER,IMO7042813,WCW9655,31,0,30,8,3.8,57,A
366727190,2022-01-02T05:35:42,40.63401,-74.20100,0.0,215.8,303.0,JILL REINAUER,IMO7042813,WCW9655,31,0,30,8,3.8,57,A
366727190,2022-01-02T05:40:23,40.63401,-74.20102,0.0,281.9,303.0,JILL REINAUER,IMO7042813,WCW9655,31,0,30,8,3.8,57,A
366727190,2022-01-02T05:24:02,40.63401,-74.20104,0.0,209.1,304.0,JILL REINAUER,IMO7042813,WCW9655,31,0,30,8,3.8,57,A
366727190,2022-01-02T05:27:32,40.63401,-74.20100,0.0,186.2,304.0,JILL REINAUER,IMO7042813,WCW9655,31,0,30,8,3.8,57,A
366727190,2022-01-02T02:43:12,40.63401,-74.20115,0.0,304.4,36.0,JILL REINAUER,IMO7042813,WCW9655,31,0,30,8,3.8,57,A
366727190,2022-01-02T05:32:12,40.63399,-74.20107,0.0,327.0,304.0,JILL REINAUER,IMO7042813,WCW9655,31,0,30,8,3.8,57,A
366727190,2022-01-02T05:46:01,40.63402,-74.20100,0.0,248.0,303.0,JILL REINAUER,IMO7042813,WCW9655,31,0,30,8,3.8,57,A
366727190,2022-01-02T05:50:32,40.63401,-74.20099,0.0,312.7,307.0,JILL REINAUER,IMO7042813,WCW9655,31,0,30,8,3.8,57,A
366727190,2022-01-02T05:38:01,40.63402,-74.20102,0.0,302.0,304.0,JILL REINAUER,IMO7042813,WCW9655,31,0,30,8,3.8,57,A
366727190,2022-01-02T05:54:02,40.63402,-74.20104,0.0,243.2,318.0,JILL REINAUER,IMO7042813,WCW9655,31,0,30,8,3.8,57,A
366727190,2022-01-02T05:52:51,40.63402,-74.20102,0.1,274.4,314.0,JILL REINAUER,IMO7042813,WCW9655,31,0,30,8,3.8,57,A
366727190,2022-01-02T05:36:52,40.63400,-74.20102,0.0,294.9,304.0,JILL REINAUER,IMO7042813,WCW9655,31,0,30,8,3.8,57,A
366727190,2022-01-02T05:39:11,40.63401,-74.20102,0.0,155.3,303.0,JILL REINAUER,IMO7042813,WCW9655,31,0,30,8,3.8,57,A
366727190,2022-01-02T05:55:12,40.63401,-74.20104,0.0,235.0,324.0,JILL REINAUER,IMO7042813,WCW9655,31,0,30,8,3.8,57,A
366727190,2022-01-02T05:57:33,40.63400,-74.20107,0.0,1.0,332.0,JILL REINAUER,IMO7042813,WCW9655,31,0,30,8,3.8,57,A
366727190,2022-01-02T05:41:31,40.63401,-74.20099,0.0,212.0,303.0,JILL REINAUER,IMO7042813,WCW9655,31,0,30,8,3.8,57,A
366727190,2022-01-02T05:56:21,40.63401,-74.20105,0.0,230.8,329.0,JILL REINAUER,IMO7042813,WCW9655,31,0,30,8,3.8,57,A
366727190,2022-01-02T05:42:33,40.63401,-74.20101,0.0,124.2,302.0,JILL REINAUER,IMO7042813,WCW9655,31,0,30,8,3.8,57,A
366727190,2022-01-02T02:49:01,40.63399,-74.20117,0.0,161.1,24.0,JILL REINAUER,IMO7042813,WCW9655,31,0,30,8,3.8,57,A
366727190,2022-01-02T05:43:41,40.63402,-74.20101,0.0,333.8,302.0,JILL REINAUER,IMO7042813,WCW9655,31,0,30,8,3.8,57,A
366727190,2022-01-02T05:44:53,40.63402,-74.20099,0.0,243.6,303.0,JILL REINAUER,IMO7042813,WCW9655,31,0,30,8,3.8,57,A
366727190,2022-01-02T05:58:41,40.63400,-74.20109,0.0,357.9,333.0,JILL REINAUER,IMO7042813,WCW9655,31,0,30,8,3.8,57,A
366727190,2022-01-02T05:59:42,40.63400,-74.20108,0.0,153.4,331.0,JILL REINAUER,IMO7042813,WCW9655,31,0,30,8,3.8,57,A
366727190,2022-01-02T05:48:22,40.63399,-74.20098,0.0,233.8,303.0,JILL REINAUER,IMO7042813,WCW9655,31,0,30,8,3.8,57,A
366727190,2022-01-02T06:02:22,40.63401,-74.20107,0.1,41.0,321.0,JILL REINAUER,IMO7042813,WCW9655,31,0,30,8,3.8,57,A
366727190,2022-01-02T05:47:11,40.63403,-74.20098,0.0,303.4,302.0,JILL REINAUER,IMO7042813,WCW9655,31,0,30,8,3.8,57,A
366727190,2022-01-02T05:49:23,40.63401,-74.20100,0.0,260.6,305.0,JILL REINAUER,IMO7042813,WCW9655,31,0,30,8,3.8,57,A
366727190,2022-01-02T06:04:42,40.63401,-74.20104,0.0,45.6,312.0,JILL REINAUER,IMO7042813,WCW9655,31,0,30,8,3.8,57,A
366727190,2022-01-02T05:51:41,40.63401,-74.20099,0.0,270.8,310.0,JILL REINAUER,IMO7042813,WCW9655,31,0,30,8,3.8,57,A
366727190,2022-01-02T06:08:12,40.63401,-74.20098,0.0,188.5,301.0,JILL REINAUER,IMO7042813,WCW9655,31,0,30,8,3.8,57,A
366727190,2022-01-02T02:53:42,40.63401,-74.20112,0.0,352.5,5.0,JILL REINAUER,IMO7042813,WCW9655,31,0,30,8,3.8,57,A
366727190,2022-01-02T06:16:03,40.63399,-74.20100,0.0,332.5,301.0,JILL REINAUER,IMO7042813,WCW9655,31,0,30,8,3.8,57,A
366727190,2022-01-02T06:00:02,40.63400,-74.20107,0.0,50.7,330.0,JILL REINAUER,IMO7042813,WCW9655,31,0,30,8,3.8,57,A
366727190,2022-01-02T06:21:52,40.63405,-74.20101,0.0,321.6,301.0,JILL REINAUER,IMO7042813,WCW9655,31,0,30,8,3.8,57,A
366727190,2022-01-02T06:23:02,40.63403,-74.20101,0.0,335.6,301.0,JILL REINAUER,IMO7042813,WCW9655,31,0,30,8,3.8,57,A
366727190,2022-01-02T06:17:13,40.63402,-74.20100,0.0,271.9,300.0,JILL REINAUER,IMO7042813,WCW9655,31,0,30,8,3.8,57,A
366727190,2022-01-02T06:01:12,40.63400,-74.20107,0.0,155.5,326.0,JILL REINAUER,IMO7042813,WCW9655,31,0,30,8,3.8,57,A
366727190,2022-01-02T06:19:33,40.63406,-74.20101,0.0,162.6,301.0,JILL REINAUER,IMO7042813,WCW9655,31,0,30,8,3.8,57,A
366727190,2022-01-02T06:03:32,40.63401,-74.20105,0.0,23.7,318.0,JILL REINAUER,IMO7042813,WCW9655,31,0,30,8,3.8,57,A
366727190,2022-01-02T06:07:02,40.63401,-74.20099,0.0,170.0,300.0,JILL REINAUER,IMO7042813,WCW9655,31,0,30,8,3.8,57,A
366727190,2022-01-02T06:09:21,40.63399,-74.20096,0.0,221.9,301.0,JILL REINAUER,IMO7042813,WCW9655,31,0,30,8,3.8,57,A
366727190,2022-01-02T06:05:51,40.63403,-74.20102,0.0,42.9,305.0,JILL REINAUER,IMO7042813,WCW9655,31,0,30,8,3.8,57,A
366727190,2022-01-02T06:10:31,40.63400,-74.20098,0.0,52.6,301.0,JILL REINAUER,IMO7042813,WCW9655,31,0,30,8,3.8,57,A
366727190,2022-01-02T06:28:52,40.63402,-74.20102,0.0,337.1,303.0,JILL REINAUER,IMO7042813,WCW9655,31,0,30,8,3.8,57,A
366727190,2022-01-02T06:30:01,40.63403,-74.20101,0.0,270.0,302.0,JILL REINAUER,IMO7042813,WCW9655,31,0,30,8,3.8,57,A
366727190,2022-01-02T06:13:43,40.63397,-74.20098,0.0,354.3,302.0,JILL REINAUER,IMO7042813,WCW9655,31,0,30,8,3.8,57,A
366727190,2022-01-02T06:11:32,40.63400,-74.20100,0.0,332.2,301.0,JILL REINAUER,IMO7042813,WCW9655,31,0,30,8,3.8,57,A
366727190,2022-01-02T06:12:42,40.63398,-74.20098,0.0,218.0,301.0,JILL REINAUER,IMO7042813,WCW9655,31,0,30,8,3.8,57,A
366727190,2022-01-02T06:14:53,40.63398,-74.20096,0.0,213.9,301.0,JILL REINAUER,IMO7042813,WCW9655,31,0,30,8,3.8,57,A
366727190,2022-01-02T06:34:32,40.63400,-74.20100,0.0,328.6,301.0,JILL REINAUER,IMO7042813,WCW9655,31,0,30,8,3.8,57,A
366727190,2022-01-02T06:36:52,40.63401,-74.20101,0.0,44.6,302.0,JILL REINAUER,IMO7042813,WCW9655,31,0,30,8,3.8,57,A
366727190,2022-01-02T06:35:41,40.63401,-74.20100,0.0,236.5,301.0,JILL REINAUER,IMO7042813,WCW9655,31,0,30,8,3.8,57,A
366727190,2022-01-02T06:38:01,40.63400,-74.20101,0.0,209.0,304.0,JILL REINAUER,IMO7042813,WCW9655,31,0,30,8,3.8,57,A
366727190,2022-01-02T03:04:42,40.63395,-74.20101,0.0,193.0,314.0,JILL REINAUER,IMO7042813,WCW9655,31,0,30,8,3.8,57,A
366727190,2022-01-02T06:40:22,40.63402,-74.20104,0.0,287.2,314.0,JILL REINAUER,IMO7042813,WCW9655,31,0,30,8,3.8,57,A
366727190,2022-01-02T06:18:21,40.63403,-74.20100,0.0,44.5,301.0,JILL REINAUER,IMO7042813,WCW9655,31,0,30,8,3.8,57,A
366727190,2022-01-02T03:06:13,40.63400,-74.20103,0.0,327.6,312.0,JILL REINAUER,IMO7042813,WCW9655,31,0,30,8,3.8,57,A
366727190,2022-01-02T06:39:12,40.63401,-74.20102,0.0,314.0,309.0,JILL REINAUER,IMO7042813,WCW9655,31,0,30,8,3.8,57,A
366727190,2022-01-02T06:42:41,40.63402,-74.20106,0.0,76.9,318.0,JILL REINAUER,IMO7042813,WCW9655,31,0,30,8,3.8,57,A
366727190,2022-01-02T06:25:21,40.63401,-74.20100,0.0,245.5,301.0,JILL REINAUER,IMO7042813,WCW9655,31,0,30,8,3.8,57,A
366727190,2022-01-02T06:20:41,40.63406,-74.20101,0.0,152.2,301.0,JILL REINAUER,IMO7042813,WCW9655,31,0,30,8,3.8,57,A
366727190,2022-01-02T06:24:12,40.63400,-74.20100,0.0,342.3,300.0,JILL REINAUER,IMO7042813,WCW9655,31,0,30,8,3.8,57,A
366727190,2022-01-02T06:45:52,40.63399,-74.20100,0.0,320.5,302.0,JILL REINAUER,IMO7042813,WCW9655,31,0,30,8,3.8,57,A
366727190,2022-01-02T06:31:02,40.63401,-74.20100,0.0,203.0,302.0,JILL REINAUER,IMO7042813,WCW9655,31,0,30,8,3.8,57,A
366727190,2022-01-02T06:50:21,40.63399,-74.20098,0.0,30.4,302.0,JILL REINAUER,IMO7042813,WCW9655,31,0,30,8,3.8,57,A
366727190,2022-01-02T06:46:53,40.63401,-74.20100,0.0,158.9,302.0,JILL REINAUER,IMO7042813,WCW9655,31,0,30,8,3.8,57,A
366727190,2022-01-02T03:13:02,40.63400,-74.20100,0.0,278.9,308.0,JILL REINAUER,IMO7042813,WCW9655,31,0,30,8,3.8,57,A
366727190,2022-01-02T03:14:12,40.63401,-74.20101,0.0,142.5,307.0,JILL REINAUER,IMO7042813,WCW9655,31,0,30,8,3.8,57,A
366727190,2022-01-02T06:32:12,40.63401,-74.20098,0.0,241.9,301.0,JILL REINAUER,IMO7042813,WCW9655,31,0,30,8,3.8,57,A
366727190,2022-01-02T06:51:32,40.63399,-74.20097,0.0,131.9,302.0,JILL REINAUER,IMO7042813,WCW9655,31,0,30,8,3.8,57,A
366727190,2022-01-02T06:53:51,40.63402,-74.20103,0.0,197.5,303.0,JILL REINAUER,IMO7042813,WCW9655,31,0,30,8,3.8,57,A
366727190,2022-01-02T06:56:12,40.63399,-74.20100,0.0,168.5,302.0,JILL REINAUER,IMO7042813,WCW9655,31,0,30,8,3.8,57,A
366727190,2022-01-02T03:16:32,40.63399,-74.20098,0.0,164.9,308.0,JILL REINAUER,IMO7042813,WCW9655,31,0,30,8,3.8,57,A
366727190,2022-01-02T06:59:43,40.63398,-74.20098,0.0,321.2,301.0,JILL REINAUER,IMO7042813,WCW9655,31,0,30,8,3.8,57,A
366727190,2022-01-02T06:33:23,40.63401,-74.20099,0.0,9.3,301.0,JILL REINAUER,IMO7042813,WCW9655,31,0,30,8,3.8,57,A
366727190,2022-01-02T07:00:02,40.63398,-74.20099,0.0,237.9,301.0,JILL REINAUER,IMO7042813,WCW9655,31,0,30,8,3.8,57,A
366727190,2022-01-02T07:01:13,40.63401,-74.20099,0.0,165.1,301.0,JILL REINAUER,IMO7042813,WCW9655,31,0,30,8,3.8,57,A
366727190,2022-01-02T03:20:03,40.63398,-74.20102,0.0,305.0,308.0,JILL REINAUER,IMO7042813,WCW9655,31,0,30,8,3.8,57,A
366727190,2022-01-02T03:21:13,40.63398,-74.20102,0.0,271.0,307.0,JILL REINAUER,IMO7042813,WCW9655,31,0,30,8,3.8,57,A
366727190,2022-01-02T06:52:43,40.63403,-74.20101,0.0,164.3,302.0,JILL REINAUER,IMO7042813,WCW9655,31,0,30,8,3.8,57,A
366727190,2022-01-02T03:22:22,40.63400,-74.20103,0.0,303.3,307.0,JILL REINAUER,IMO7042813,WCW9655,31,0,30,8,3.8,57,A
366727190,2022-01-02T06:41:33,40.63403,-74.20104,0.0,227.7,319.0,JILL REINAUER,IMO7042813,WCW9655,31,0,30,8,3.8,57,A
366727190,2022-01-02T07:05:53,40.63399,-74.20098,0.0,261.2,302.0,JILL REINAUER,IMO7042813,WCW9655,31,0,30,8,3.8,57,A
366727190,2022-01-02T07:03:32,40.63403,-74.20101,0.0,207.6,300.0,JILL REINAUER,IMO7042813,WCW9655,31,0,30,8,3.8,57,A
366727190,2022-01-02T07:04:43,40.63400,-74.20099,0.0,175.5,301.0,JILL REINAUER,IMO7042813,WCW9655,31,0,30,8,3.8,57,A
366727190,2022-01-02T06:44:51,40.63402,-74.20103,0.0,57.5,306.0,JILL REINAUER,IMO7042813,WCW9655,31,0,30,8,3.8,57,A
366727190,2022-01-02T06:49:12,40.63401,-74.20102,0.0,120.2,303.0,JILL REINAUER,IMO7042813,WCW9655,31,0,30,8,3.8,57,A
366727190,2022-01-02T07:13:21,40.63661,-74.19655,5.5,32.2,31.0,JILL REINAUER,IMO7042813,WCW9655,31,0,30,8,3.8,57,A
366727190,2022-01-02T07:14:31,40.63814,-74.19543,5.7,25.9,29.0,JILL REINAUER,IMO7042813,WCW9655,31,0,30,8,3.8,57,A
366727190,2022-01-02T07:08:12,40.63394,-74.20096,0.6,130.3,318.0,JILL REINAUER,IMO7042813,WCW9655,31,0,30,8,3.8,57,A
366727190,2022-01-02T06:57:23,40.63401,-74.20099,0.0,45.6,301.0,JILL REINAUER,IMO7042813,WCW9655,31,0,30,8,3.8,57,A
366727190,2022-01-02T07:12:20,40.63538,-74.19787,5.5,44.1,42.0,JILL REINAUER,IMO7042813,WCW9655,31,0,30,8,3.8,57,A
366727190,2022-01-02T06:58:31,40.63402,-74.20100,0.0,85.9,302.0,JILL REINAUER,IMO7042813,WCW9655,31,0,30,8,3.8,57,A
366727190,2022-01-02T07:18:38,40.64119,-74.19280,2.8,41.1,49.0,JILL REINAUER,IMO7042813,WCW9655,31,0,30,8,3.8,57,A
366727190,2022-01-02T07:02:23,40.63402,-74.20100,0.0,355.1,300.0,JILL REINAUER,IMO7042813,WCW9655,31,0,30,8,3.8,57,A
366727190,2022-01-02T07:22:49,40.63953,-74.19306,6.8,217.7,222.0,JILL REINAUER,IMO7042813,WCW9655,31,0,30,8,3.8,57,A
366727190,2022-01-02T07:21:46,40.64138,-74.19149,6.3,213.3,213.0,JILL REINAUER,IMO7042813,WCW9655,31,0,30,8,3.8,57,A
366727190,2022-01-02T07:07:02,40.63399,-74.20099,0.0,10.0,302.0,JILL REINAUER,IMO7042813,WCW9655,31,0,30,8,3.8,57,A
366727190,2022-01-02T07:33:55,40.62677,-74.20275,1.7,189.2,209.0,JILL REINAUER,IMO7042813,WCW9655,31,0,30,8,3.8,57,A
366727190,2022-01-02T07:09:13,40.63372,-74.20067,1.3,128.8,322.0,JILL REINAUER,IMO7042813,WCW9655,31,0,30,8,3.8,57,A
366727190,2022-01-02T07:10:15,40.63361,-74.20046,0.7,48.4,48.0,JILL REINAUER,IMO7042813,WCW9655,31,0,30,8,3.8,57,A
366727190,2022-01-02T07:30:33,40.62973,-74.20217,3.5,193.2,194.0,JILL REINAUER,IMO7042813,WCW9655,31,0,30,8,3.8,57,A
366727190,2022-01-02T07:15:32,40.63933,-74.19481,3.4,20.5,27.0,JILL REINAUER,IMO7042813,WCW9655,31,0,30,8,3.8,57,A
366727190,2022-01-02T07:17:36,40.64053,-74.19342,2.8,38.4,37.0,JILL REINAUER,IMO7042813,WCW9655,31,0,30,8,3.8,57,A
366727190,2022-01-02T07:19:42,40.64166,-74.19213,1.7,41.6,41.0,JILL REINAUER,IMO7042813,WCW9655,31,0,30,8,3.8,57,A
366727190,2022-01-02T07:43:23,40.62552,-74.20461,0.6,296.1,5.0,JILL REINAUER,IMO7042813,WCW9655,31,0,30,8,3.8,57,A
366727190,2022-01-02T07:46:32,40.62564,-74.20482,0.2,100.3,16.0,JILL REINAUER,IMO7042813,WCW9655,31,0,30,8,3.8,57,A
366727190,2022-01-02T07:35:58,40.62607,-74.20302,1.4,202.0,233.0,JILL REINAUER,IMO7042813,WCW9655,31,0,30,8,3.8,57,A
366727190,2022-01-02T07:32:51,40.62750,-74.20261,3.1,187.1,195.0,JILL REINAUER,IMO7042813,WCW9655,31,0,30,8,3.8,57,A
366727190,2022-01-02T07:20:44,40.64200,-74.19163,2.1,77.9,100.0,JILL REINAUER,IMO7042813,WCW9655,31,0,30,8,3.8,57,A
366727190,2022-01-02T03:31:32,40.63401,-74.20104,0.0,282.5,307.0,JILL REINAUER,IMO7042813,WCW9655,31,0,30,8,3.8,57,A
366727190,2022-01-02T07:50:01,40.62562,-74.20478,0.2,256.2,2.0,JILL REINAUER,IMO7042813,WCW9655,31,0,30,8,3.8,57,A
366727190,2022-01-02T07:47:42,40.62563,-74.20480,0.0,179.1,10.0,JILL REINAUER,IMO7042813,WCW9655,31,0,30,8,3.8,57,A
366727190,2022-01-02T07:27:12,40.63309,-74.19964,6.3,219.9,221.0,JILL REINAUER,IMO7042813,WCW9655,31,0,30,8,3.8,57,A
366727190,2022-01-02T07:52:13,40.62562,-74.20485,0.1,277.2,11.0,JILL REINAUER,IMO7042813,WCW9655,31,0,30,8,3.8,57,A
366727190,2022-01-02T03:32:42,40.63401,-74.20105,0.0,282.6,307.0,JILL REINAUER,IMO7042813,WCW9655,31,0,30,8,3.8,57,A
366727190,2022-01-02T07:28:19,40.63172,-74.20096,4.4,213.3,212.0,JILL REINAUER,IMO7042813,WCW9655,31,0,30,8,3.8,57,A
366727190,2022-01-02T07:55:32,40.62562,-74.20486,0.0,278.9,11.0,JILL REINAUER,IMO7042813,WCW9655,31,0,30,8,3.8,57,A
366727190,2022-01-02T07:31:42,40.62860,-74.20243,3.5,188.4,194.0,JILL REINAUER,IMO7042813,WCW9655,31,0,30,8,3.8,57,A
366727190,2022-01-02T07:25:02,40.63643,-74.19622,6.6,217.1,222.0,JILL REINAUER,IMO7042813,WCW9655,31,0,30,8,3.8,57,A
366727190,2022-01-02T07:42:22,40.62544,-74.20441,0.6,307.3,12.0,JILL REINAUER,IMO7042813,WCW9655,31,0,30,8,3.8,57,A
366727190,2022-01-02T07:51:07,40.62563,-74.20484,0.0,181.2,6.0,JILL REINAUER,IMO7042813,WCW9655,31,0,30,8,3.8,57,A
366727190,2022-01-02T07:44:26,40.62557,-74.20475,0.5,285.3,0.0,JILL REINAUER,IMO7042813,WCW9655,31,0,30,8,3.8,57,A
366727190,2022-01-02T08:02:08,40.62565,-74.20485,0.2,167.5,26.0,JILL REINAUER,IMO7042813,WCW9655,31,0,30,8,3.8,57,A
366727190,2022-01-02T07:38:05,40.62556,-74.20343,0.9,229.7,294.0,JILL REINAUER,IMO7042813,WCW9655,31,0,30,8,3.8,57,A
366727190,2022-01-02T08:04:12,40.62415,-74.20333,8.0,171.8,178.0,JILL REINAUER,IMO7042813,WCW9655,31,0,30,8,3.8,57,A
366727190,2022-01-02T07:39:06,40.62544,-74.20358,0.3,241.8,338.0,JILL REINAUER,IMO7042813,WCW9655,31,0,30,8,3.8,57,A
366727190,2022-01-02T07:48:53,40.62563,-74.20480,0.0,81.0,5.0,JILL REINAUER,IMO7042813,WCW9655,31,0,30,8,3.8,57,A
366727190,2022-01-02T07:56:42,40.62564,-74.20485,0.0,178.0,12.0,JILL REINAUER,IMO7042813,WCW9655,31,0,30,8,3.8,57,A
366727190,2022-01-02T07:41:12,40.62536,-74.20419,0.5,272.7,10.0,JILL REINAUER,IMO7042813,WCW9655,31,0,30,8,3.8,57,A
366727190,2022-01-02T07:37:02,40.62576,-74.20320,0.8,205.9,275.0,JILL REINAUER,IMO7042813,WCW9655,31,0,30,8,3.8,57,A
366727190,2022-01-02T03:38:22,40.63400,-74.20105,0.0,304.5,314.0,JILL REINAUER,IMO7042813,WCW9655,31,0,30,8,3.8,57,A
366727190,2022-01-02T07:40:09,40.62539,-74.20385,1.0,259.4,323.0,JILL REINAUER,IMO7042813,WCW9655,31,0,30,8,3.8,57,A
366727190,2022-01-02T07:53:22,40.62561,-74.20488,0.0,234.8,10.0,JILL REINAUER,IMO7042813,WCW9655,31,0,30,8,3.8,57,A
366727190,2022-01-02T08:05:17,40.62165,-74.20322,8.7,181.7,182.0,JILL REINAUER,IMO7042813,WCW9655,31,0,30,8,3.8,57,A
366727190,2022-01-02T07:57:52,40.62565,-74.20485,0.0,148.0,4.0,JILL REINAUER,IMO7042813,WCW9655,31,0,30,8,3.8,57,A
366727190,2022-01-02T03:44:03,40.63400,-74.20100,0.0,288.9,304.0,JILL REINAUER,IMO7042813,WCW9655,31,0,30,8,3.8,57,A
366727190,2022-01-02T07:54:23,40.62564,-74.20487,0.0,197.5,12.0,JILL REINAUER,IMO7042813,WCW9655,31,0,30,8,3.8,57,A
366727190,2022-01-02T08:10:39,40.60908,-74.20464,8.7,181.6,179.0,JILL REINAUER,IMO7042813,WCW9655,31,0,30,8,3.8,57,A
366727190,2022-01-02T08:00:03,40.62567,-74.20483,0.0,269.0,5.0,JILL REINAUER,IMO7042813,WCW9655,31,0,30,8,3.8,57,A
366727190,2022-01-02T08:15:55,40.59973,-74.20023,5.8,182.0,189.0,JILL REINAUER,IMO7042813,WCW9655,31,0,30,8,3.8,57,A
366727190,2022-01-02T08:16:59,40.59803,-74.20075,6.4,201.3,203.0,JILL REINAUER,IMO7042813,WCW9655,31,0,30,8,3.8,57,A
366727190,2022-01-02T07:59:03,40.62564,-74.20481,0.0,29.5,1.0,JILL REINAUER,IMO7042813,WCW9655,31,0,30,8,3.8,57,A
366727190,2022-01-02T08:13:52,40.60295,-74.20200,6.1,140.2,144.0,JILL REINAUER,IMO7042813,WCW9655,31,0,30,8,3.8,57,A
366727190,2022-01-02T08:18:02,40.59641,-74.20179,5.9,209.0,214.0,JILL REINAUER,IMO7042813,WCW9655,31,0,30,8,3.8,57,A
366727190,2022-01-02T08:03:09,40.62557,-74.20452,3.6,115.5,118.0,JILL REINAUER,IMO7042813,WCW9655,31,0,30,8,3.8,57,A
366727190,2022-01-02T08:19:03,40.59510,-74.20283,4.8,215.1,217.0,JILL REINAUER,IMO7042813,WCW9655,31,0,30,8,3.8,57,A
366727190,2022-01-02T08:31:08,40.59135,-74.20584,1.0,335.4,313.0,JILL REINAUER,IMO7042813,WCW9655,31,0,30,8,3.8,57,A
366727190,2022-01-02T08:30:06,40.59099,-74.20571,1.3,346.6,332.0,JILL REINAUER,IMO7042813,WCW9655,31,0,30,8,3.8,57,A
366727190,2022-01-02T08:34:25,40.59173,-74.20614,0.1,270.8,273.0,JILL REINAUER,IMO7042813,WCW9655,31,0,30,8,3.8,57,A
366727190,2022-01-02T08:06:22,40.61899,-74.20336,8.8,184.3,185.0,JILL REINAUER,IMO7042813,WCW9655,31,0,30,8,3.8,57,A
366727190,2022-01-02T08:22:46,40.59155,-74.20605,3.4,210.0,206.0,JILL REINAUER,IMO7042813,WCW9655,31,0,30,8,3.8,57,A
366727190,2022-01-02T08:08:34,40.61388,-74.20384,8.2,186.7,187.0,JILL REINAUER,IMO7042813,WCW9655,31,0,30,8,3.8,57,A
366727190,2022-01-02T08:37:42,40.59173,-74.20615,0.1,12.7,301.0,JILL REINAUER,IMO7042813,WCW9655,31,0,30,8,3.8,57,A
366727190,2022-01-02T08:09:38,40.61149,-74.20425,8.4,186.7,188.0,JILL REINAUER,IMO7042813,WCW9655,31,0,30,8,3.8,57,A
366727190,2022-01-02T08:24:51,40.59015,-74.20656,1.7,163.4,89.0,JILL REINAUER,IMO7042813,WCW9655,31,0,30,8,3.8,57,A
366727190,2022-01-02T08:28:02,40.59031,-74.20568,1.4,18.0,7.0,JILL REINAUER,IMO7042813,WCW9655,31,0,30,8,3.8,57,A
366727190,2022-01-02T08:29:04,40.59064,-74.20564,1.3,359.3,346.0,JILL REINAUER,IMO7042813,WCW9655,31,0,30,8,3.8,57,A
366727190,2022-01-02T08:14:54,40.60142,-74.20073,6.3,157.1,161.0,JILL REINAUER,IMO7042813,WCW9655,31,0,30,8,3.8,57,A
366727190,2022-01-02T08:47:53,40.59173,-74.20617,0.1,221.8,309.0,JILL REINAUER,IMO7042813,WCW9655,31,0,30,8,3.8,57,A
366727190,2022-01-02T08:50:00,40.59171,-74.20615,0.3,197.6,294.0,JILL REINAUER,IMO7042813,WCW9655,31,0,30,8,3.8,57,A
366727190,2022-01-02T08:38:53,40.59176,-74.20617,0.0,94.2,300.0,JILL REINAUER,IMO7042813,WCW9655,31,0,30,8,3.8,57,A
366727190,2022-01-02T08:21:43,40.59243,-74.20528,3.9,214.3,213.0,JILL REINAUER,IMO7042813,WCW9655,31,0,30,8,3.8,57,A
366727190,2022-01-02T08:20:22,40.59368,-74.20413,4.4,214.4,204.0,JILL REINAUER,IMO7042813,WCW9655,31,0,30,8,3.8,57,A
366727190,2022-01-02T08:40:02,40.59176,-74.20617,0.0,167.1,298.0,JILL REINAUER,IMO7042813,WCW9655,31,0,30,8,3.8,57,A
366727190,2022-01-02T08:23:48,40.59076,-74.20655,2.7,191.1,145.0,JILL REINAUER,IMO7042813,WCW9655,31,0,30,8,3.8,57,A
366727190,2022-01-02T08:55:21,40.59170,-74.20617,0.0,199.8,309.0,JILL REINAUER,IMO7042813,WCW9655,31,0,30,8,3.8,57,A
366727190,2022-01-02T08:45:32,40.59174,-74.20615,0.0,203.5,300.0,JILL REINAUER,IMO7042813,WCW9655,31,0,30,8,3.8,57,A
366727190,2022-01-02T08:26:59,40.58997,-74.20589,1.2,46.8,32.0,JILL REINAUER,IMO7042813,WCW9655,31,0,30,8,3.8,57,A
366727190,2022-01-02T09:03:17,40.58251,-74.20875,8.4,189.8,191.0,JILL REINAUER,IMO7042813,WCW9655,31,0,30,8,3.8,57,A
366727190,2022-01-02T08:59:34,40.59011,-74.20665,7.4,196.1,198.0,JILL REINAUER,IMO7042813,WCW9655,31,0,30,8,3.8,57,A
366727190,2022-01-02T08:48:56,40.59172,-74.20617,0.1,59.8,301.0,JILL REINAUER,IMO7042813,WCW9655,31,0,30,8,3.8,57,A
366727190,2022-01-02T08:46:43,40.59173,-74.20616,0.1,210.9,305.0,JILL REINAUER,IMO7042813,WCW9655,31,0,30,8,3.8,57,A
366727190,2022-01-02T08:32:09,40.59157,-74.20598,0.6,314.8,298.0,JILL REINAUER,IMO7042813,WCW9655,31,0,30,8,3.8,57,A
366727190,2022-01-02T08:53:06,40.59171,-74.20615,0.1,179.2,292.0,JILL REINAUER,IMO7042813,WCW9655,31,0,30,8,3.8,57,A
366727190,2022-01-02T08:35:32,40.59173,-74.20611,0.1,193.4,286.0,JILL REINAUER,IMO7042813,WCW9655,31,0,30,8,3.8,57,A
366727190,2022-01-02T08:36:33,40.59171,-74.20614,0.1,225.6,298.0,JILL REINAUER,IMO7042813,WCW9655,31,0,30,8,3.8,57,A
366727190,2022-01-02T08:41:11,40.59174,-74.20617,0.1,199.6,304.0,JILL REINAUER,IMO7042813,WCW9655,31,0,30,8,3.8,57,A
366727190,2022-01-02T08:42:12,40.59174,-74.20618,0.0,69.9,302.0,JILL REINAUER,IMO7042813,WCW9655,31,0,30,8,3.8,57,A
366727190,2022-01-02T09:15:26,40.55762,-74.22131,8.1,261.4,267.0,JILL REINAUER,IMO7042813,WCW9655,31,0,30,8,3.8,57,A
366727190,2022-01-02T08:43:21,40.59173,-74.20616,0.0,181.1,301.0,JILL REINAUER,IMO7042813,WCW9655,31,0,30,8,3.8,57,A
366727190,2022-01-02T04:03:32,40.63399,-74.20100,0.0,180.4,307.0,JILL REINAUER,IMO7042813,WCW9655,31,0,30,8,3.8,57,A
366727190,2022-01-02T08:44:22,40.59175,-74.20615,0.0,147.3,296.0,JILL REINAUER,IMO7042813,WCW9655,31,0,30,8,3.8,57,A
366727190,2022-01-02T08:52:03,40.59170,-74.20615,0.0,8.8,293.0,JILL REINAUER,IMO7042813,WCW9655,31,0,30,8,3.8,57,A
366727190,2022-01-02T09:24:01,40.55338,-74.24569,8.3,235.6,239.0,JILL REINAUER,IMO7042813,WCW9655,31,0,30,8,3.8,57,A
366727190,2022-01-02T04:05:52,40.63403,-74.20099,0.0,245.8,307.0,JILL REINAUER,IMO7042813,WCW9655,31,0,30,8,3.8,57,A
366727190,2022-01-02T09:26:08,40.55008,-74.25033,8.4,211.9,210.0,JILL REINAUER,IMO7042813,WCW9655,31,0,30,8,3.8,57,A
366727190,2022-01-02T08:58:33,40.59160,-74.20604,2.8,206.8,205.0,JILL REINAUER,IMO7042813,WCW9655,31,0,30,8,3.8,57,A
366727190,2022-01-02T09:14:25,40.55841,-74.21845,8.2,238.9,246.0,JILL REINAUER,IMO7042813,WCW9655,31,0,30,8,3.8,57,A
366727190,2022-01-02T09:00:02,40.58922,-74.20693,7.4,193.1,196.0,JILL REINAUER,IMO7042813,WCW9655,31,0,30,8,3.8,57,A
366727190,2022-01-02T09:02:12,40.58483,-74.20820,7.4,189.9,193.0,JILL REINAUER,IMO7042813,WCW9655,31,0,30,8,3.8,57,A
366727190,2022-01-02T08:57:28,40.59170,-74.20592,0.6,62.8,259.0,JILL REINAUER,IMO7042813,WCW9655,31,0,30,8,3.8,57,A
366727190,2022-01-02T09:04:21,40.58004,-74.20919,8.4,189.6,192.0,JILL REINAUER,IMO7042813,WCW9655,31,0,30,8,3.8,57,A
366727190,2022-01-02T08:54:13,40.59169,-74.20615,0.0,223.9,304.0,JILL REINAUER,IMO7042813,WCW9655,31,0,30,8,3.8,57,A
366727190,2022-01-02T09:12:18,40.56216,-74.21463,8.3,202.8,207.0,JILL REINAUER,IMO7042813,WCW9655,31,0,30,8,3.8,57,A
366727190,2022-01-02T09:19:49,40.55761,-74.23430,8.3,255.7,259.0,JILL REINAUER,IMO7042813,WCW9655,31,0,30,8,3.8,57,A
366727190,2022-01-02T09:30:16,40.54180,-74.25137,7.7,171.6,173.0,JILL REINAUER,IMO7042813,WCW9655,31,0,30,8,3.8,57,A
366727190,2022-01-02T09:06:42,40.57465,-74.21034,8.5,190.5,192.0,JILL REINAUER,IMO7042813,WCW9655,31,0,30,8,3.8,57,A
366727190,2022-01-02T09:07:52,40.57198,-74.21105,8.3,193.7,195.0,JILL REINAUER,IMO7042813,WCW9655,31,0,30,8,3.8,57,A
366727190,2022-01-02T09:01:06,40.58704,-74.20755,7.5,193.3,194.0,JILL REINAUER,IMO7042813,WCW9655,31,0,30,8,3.8,57,A
366727190,2022-01-02T09:27:09,40.54783,-74.25155,8.4,193.4,193.0,JILL REINAUER,IMO7042813,WCW9655,31,0,30,8,3.8,57,A
366727190,2022-01-02T09:17:32,40.55763,-74.22749,8.3,271.5,276.0,JILL REINAUER,IMO7042813,WCW9655,31,0,30,8,3.8,57,A
366727190,2022-01-02T09:09:03,40.56936,-74.21195,8.1,193.6,197.0,JILL REINAUER,IMO7042813,WCW9655,31,0,30,8,3.8,57,A
366727190,2022-01-02T09:16:31,40.55757,-74.22446,8.1,271.1,274.0,JILL REINAUER,IMO7042813,WCW9655,31,0,30,8,3.8,57,A
366727190,2022-01-02T09:35:41,40.53000,-74.24928,7.5,172.2,172.0,JILL REINAUER,IMO7042813,WCW9655,31,0,30,8,3.8,57,A
366727190,2022-01-02T09:50:35,40.50536,-74.25877,4.1,182.7,178.0,JILL REINAUER,IMO7042813,WCW9655,31,0,30,8,3.8,57,A
366727190,2022-01-02T09:47:18,40.51010,-74.25755,5.4,194.8,195.0,JILL REINAUER,IMO7042813,WCW9655,31,0,30,8,3.8,57,A
366727190,2022-01-02T09:25:06,40.55190,-74.24828,8.4,225.8,226.0,JILL REINAUER,IMO7042813,WCW9655,31,0,30,8,3.8,57,A
366727190,2022-01-02T09:18:45,40.55782,-74.23110,8.2,273.0,274.0,JILL REINAUER,IMO7042813,WCW9655,31,0,30,8,3.8,57,A
366727190,2022-01-02T09:13:21,40.56009,-74.21616,8.4,216.8,221.0,JILL REINAUER,IMO7042813,WCW9655,31,0,30,8,3.8,57,A
366727190,2022-01-02T04:19:23,40.63399,-74.20101,0.1,291.7,315.0,JILL REINAUER,IMO7042813,WCW9655,31,0,30,8,3.8,57,A
366727190,2022-01-02T09:51:38,40.50443,-74.25882,2.7,199.7,199.0,JILL REINAUER,IMO7042813,WCW9655,31,0,30,8,3.8,57,A
366727190,2022-01-02T09:44:12,40.51415,-74.25484,5.3,209.9,209.0,JILL REINAUER,IMO7042813,WCW9655,31,0,30,8,3.8,57,A
366727190,2022-01-02T09:22:56,40.55485,-74.24296,8.3,235.7,237.0,JILL REINAUER,IMO7042813,WCW9655,31,0,30,8,3.8,57,A
366727190,2022-01-02T04:21:42,40.63400,-74.20105,0.0,37.9,322.0,JILL REINAUER,IMO7042813,WCW9655,31,0,30,8,3.8,57,A
366727190,2022-01-02T09:45:15,40.51275,-74.25571,5.4,209.9,215.0,JILL REINAUER,IMO7042813,WCW9655,31,0,30,8,3.8,57,A
366727190,2022-01-02T09:58:59,40.49883,-74.26304,3.6,202.8,205.0,JILL REINAUER,IMO7042813,WCW9655,31,0,30,8,3.8,57,A
366727190,2022-01-02T09:21:53,40.55592,-74.24012,8.3,249.8,249.0,JILL REINAUER,IMO7042813,WCW9655,31,0,30,8,3.8,57,A
366727190,2022-01-02T09:32:26,40.53708,-74.25043,8.1,167.2,171.0,JILL REINAUER,IMO7042813,WCW9655,31,0,30,8,3.8,57,A
366727190,2022-01-02T09:28:11,40.54555,-74.25180,7.0,179.2,180.0,JILL REINAUER,IMO7042813,WCW9655,31,0,30,8,3.8,57,A
366727190,2022-01-02T09:34:40,40.53209,-74.24969,7.7,173.7,174.0,JILL REINAUER,IMO7042813,WCW9655,31,0,30,8,3.8,57,A
366727190,2022-01-02T10:01:05,40.49709,-74.26444,3.4,196.7,198.0,JILL REINAUER,IMO7042813,WCW9655,31,0,30,8,3.8,57,A
366727190,2022-01-02T09:29:15,40.54370,-74.25160,6.2,172.8,179.0,JILL REINAUER,IMO7042813,WCW9655,31,0,30,8,3.8,57,A
366727190,2022-01-02T10:04:12,40.49431,-74.26697,4.1,224.2,221.0,JILL REINAUER,IMO7042813,WCW9655,31,0,30,8,3.8,57,A
366727190,2022-01-02T09:36:42,40.52791,-74.24880,7.5,168.1,171.0,JILL REINAUER,IMO7042813,WCW9655,31,0,30,8,3.8,57,A
366727190,2022-01-02T09:54:45,40.50197,-74.26056,2.7,205.8,205.0,JILL REINAUER,IMO7042813,WCW9655,31,0,30,8,3.8,57,A
366727190,2022-01-02T09:31:22,40.53940,-74.25096,7.9,173.8,176.0,JILL REINAUER,IMO7042813,WCW9655,31,0,30,8,3.8,57,A
366727190,2022-01-02T09:56:53,40.50049,-74.26164,3.0,218.0,217.0,JILL REINAUER,IMO7042813,WCW9655,31,0,30,8,3.8,57,A
366727190,2022-01-02T09:33:31,40.53465,-74.25008,8.0,173.7,174.0,JILL REINAUER,IMO7042813,WCW9655,31,0,30,8,3.8,57,A
366727190,2022-01-02T10:08:38,40.49121,-74.27145,4.4,286.3,290.0,JILL REINAUER,IMO7042813,WCW9655,31,0,30,8,3.8,57,A
366727190,2022-01-02T09:42:02,40.51736,-74.25178,7.6,221.1,223.0,JILL REINAUER,IMO7042813,WCW9655,31,0,30,8,3.8,57,A
366727190,2022-01-02T09:49:31,40.50680,-74.25829,5.4,197.1,196.0,JILL REINAUER,IMO7042813,WCW9655,31,0,30,8,3.8,57,A
366727190,2022-01-02T10:10:42,40.49238,-74.27463,4.9,306.6,307.0,JILL REINAUER,IMO7042813,WCW9655,31,0,30,8,3.8,57,A
366727190,2022-01-02T09:37:48,40.52563,-74.24826,7.5,172.3,176.0,JILL REINAUER,IMO7042813,WCW9655,31,0,30,8,3.8,57,A
366727190,2022-01-02T10:13:11,40.49444,-74.27808,4.3,305.1,307.0,JILL REINAUER,IMO7042813,WCW9655,31,0,30,8,3.8,57,A
366727190,2022-01-02T09:40:55,40.51928,-74.25006,7.4,207.2,214.0,JILL REINAUER,IMO7042813,WCW9655,31,0,30,8,3.8,57,A
366727190,2022-01-02T09:39:52,40.52135,-74.24903,7.7,204.6,205.0,JILL REINAUER,IMO7042813,WCW9655,31,0,30,8,3.8,57,A
366727190,2022-01-02T09:43:09,40.51557,-74.25376,6.6,209.6,209.0,JILL REINAUER,IMO7042813,WCW9655,31,0,30,8,3.8,57,A
366727190,2022-01-02T10:15:16,40.49576,-74.27999,4.1,314.8,317.0,JILL REINAUER,IMO7042813,WCW9655,31,0,30,8,3.8,57,A
366727190,2022-01-02T04:34:32,40.63403,-74.20123,0.0,177.3,26.0,JILL REINAUER,IMO7042813,WCW9655,31,0,30,8,3.8,57,A
366727190,2022-01-02T09:46:16,40.51152,-74.25683,5.3,213.0,210.0,JILL REINAUER,IMO7042813,WCW9655,31,0,30,8,3.8,57,A
366727190,2022-01-02T10:18:28,40.49858,-74.28380,4.1,330.7,339.0,JILL REINAUER,IMO7042813,WCW9655,31,0,30,8,3.8,57,A
366727190,2022-01-02T09:52:39,40.50371,-74.25934,3.4,209.4,207.0,JILL REINAUER,IMO7042813,WCW9655,31,0,30,8,3.8,57,A
366727190,2022-01-02T09:48:21,40.50847,-74.25782,5.4,183.5,188.0,JILL REINAUER,IMO7042813,WCW9655,31,0,30,8,3.8,57,A
366727190,2022-01-02T10:20:35,40.50070,-74.28524,4.1,340.6,351.0,JILL REINAUER,IMO7042813,WCW9655,31,0,30,8,3.8,57,A
366727190,2022-01-02T10:22:43,40.50310,-74.28610,4.5,352.8,2.0,JILL REINAUER,IMO7042813,WCW9655,31,0,30,8,3.8,57,A
366727190,2022-01-02T09:53:42,40.50279,-74.26005,3.7,206.6,202.0,JILL REINAUER,IMO7042813,WCW9655,31,0,30,8,3.8,57,A
366727190,2022-01-02T04:35:43,40.63401,-74.20123,0.0,229.9,24.0,JILL REINAUER,IMO7042813,WCW9655,31,0,30,8,3.8,57,A
366727190,2022-01-02T09:55:49,40.50129,-74.26109,3.0,206.5,206.0,JILL REINAUER,IMO7042813,WCW9655,31,0,30,8,3.8,57,A
366727190,2022-01-02T10:07:35,40.49129,-74.26994,4.0,248.5,257.0,JILL REINAUER,IMO7042813,WCW9655,31,0,30,8,3.8,57,A
366727190,2022-01-02T10:00:02,40.49794,-74.26378,3.4,199.9,199.0,JILL REINAUER,IMO7042813,WCW9655,31,0,30,8,3.8,57,A
366727190,2022-01-02T10:32:12,40.51033,-74.29282,0.0,267.9,81.0,JILL REINAUER,IMO7042813,WCW9655,31,0,30,8,3.8,57,A
366727190,2022-01-02T10:24:48,40.50579,-74.28667,4.9,338.7,337.0,JILL REINAUER,IMO7042813,WCW9655,31,0,30,8,3.8,57,A
366727190,2022-01-02T10:06:31,40.49217,-74.26890,4.0,212.1,208.0,JILL REINAUER,IMO7042813,WCW9655,31,0,30,8,3.8,57,A
366727190,2022-01-02T10:25:52,40.50699,-74.28772,4.8,314.5,312.0,JILL REINAUER,IMO7042813,WCW9655,31,0,30,8,3.8,57,A
366727190,2022-01-02T10:12:01,40.49351,-74.27650,4.9,308.9,312.0,JILL REINAUER,IMO7042813,WCW9655,31,0,30,8,3.8,57,A
366727190,2022-01-02T10:26:54,40.50786,-74.28910,4.7,310.0,308.0,JILL REINAUER,IMO7042813,WCW9655,31,0,30,8,3.8,57,A
366727190,2022-01-02T10:02:06,40.49620,-74.26514,3.9,211.2,210.0,JILL REINAUER,IMO7042813,WCW9655,31,0,30,8,3.8,57,A
366727190,2022-01-02T04:42:42,40.63402,-74.20120,0.0,329.6,40.0,JILL REINAUER,IMO7042813,WCW9655,31,0,30,8,3.8,57,A
366727190,2022-01-02T10:03:08,40.49526,-74.26607,4.0,213.0,205.0,JILL REINAUER,IMO7042813,WCW9655,31,0,30,8,3.8,57,A
366727190,2022-01-02T10:39:52,40.51033,-74.29284,0.1,21.6,105.0,JILL REINAUER,IMO7042813,WCW9655,31,0,30,8,3.8,57,A
366727190,2022-01-02T10:30:08,40.50997,-74.29246,1.7,325.6,3.0,JILL REINAUER,IMO7042813,WCW9655,31,0,30,8,3.8,57,A
366727190,2022-01-02T04:43:43,40.63404,-74.20120,0.0,101.4,39.0,JILL REINAUER,IMO7042813,WCW9655,31,0,30,8,3.8,57,A
366727190,2022-01-02T10:14:15,40.49504,-74.27911,3.0,313.8,322.0,JILL REINAUER,IMO7042813,WCW9655,31,0,30,8,3.8,57,A
366727190,2022-01-02T10:21:38,40.50186,-74.28568,4.1,343.2,349.0,JILL REINAUER,IMO7042813,WCW9655,31,0,30,8,3.8,57,A
366727190,2022-01-02T10:48:01,40.51030,-74.29282,0.0,230.9,104.0,JILL REINAUER,IMO7042813,WCW9655,31,0,30,8,3.8,57,A
366727190,2022-01-02T04:47:03,40.63398,-74.20120,0.0,172.1,25.0,JILL REINAUER,IMO7042813,WCW9655,31,0,30,8,3.8,57,A
366727190,2022-01-02T10:51:22,40.51033,-74.29281,0.0,308.5,104.0,JILL REINAUER,IMO7042813,WCW9655,31,0,30,8,3.8,57,A
366727190,2022-01-02T10:42:21,40.51036,-74.29280,0.0,252.9,104.0,JILL REINAUER,IMO7042813,WCW9655,31,0,30,8,3.8,57,A
366727190,2022-01-02T10:17:25,40.49755,-74.28282,4.5,316.6,323.0,JILL REINAUER,IMO7042813,WCW9655,31,0,30,8,3.8,57,A
366727190,2022-01-02T10:46:53,40.51031,-74.29282,0.0,15.9,105.0,JILL REINAUER,IMO7042813,WCW9655,31,0,30,8,3.8,57,A
366727190,2022-01-02T10:19:32,40.49963,-74.28460,4.2,327.5,335.0,JILL REINAUER,IMO7042813,WCW9655,31,0,30,8,3.8,57,A
366727190,2022-01-02T10:58:21,40.51032,-74.29281,0.0,259.3,103.0,JILL REINAUER,IMO7042813,WCW9655,31,0,30,8,3.8,57,A
366727190,2022-01-02T11:01:11,40.51039,-74.29278,0.0,223.7,104.0,JILL REINAUER,IMO7042813,WCW9655,31,0,30,8,3.8,57,A
366727190,2022-01-02T10:29:05,40.50944,-74.29175,3.4,306.1,307.0,JILL REINAUER,IMO7042813,WCW9655,31,0,30,8,3.8,57,A
366727190,2022-01-02T11:07:02,40.51039,-74.29281,0.0,253.1,104.0,JILL REINAUER,IMO7042813,WCW9655,31,0,30,8,3.8,57,A
366727190,2022-01-02T10:54:52,40.51035,-74.29280,0.0,277.0,103.0,JILL REINAUER,IMO7042813,WCW9655,31,0,30,8,3.8,57,A
366727190,2022-01-02T11:10:33,40.51035,-74.29282,0.0,345.2,104.0,JILL REINAUER,IMO7042813,WCW9655,31,0,30,8,3.8,57,A
366727190,2022-01-02T10:28:01,40.50867,-74.29048,4.2,305.5,306.0,JILL REINAUER,IMO7042813,WCW9655,31,0,30,8,3.8,57,A
366727190,2022-01-02T10:44:43,40.51032,-74.29282,0.0,281.0,104.0,JILL REINAUER,IMO7042813,WCW9655,31,0,30,8,3.8,57,A
366727190,2022-01-02T11:09:23,40.51037,-74.29282,0.1,233.4,104.0,JILL REINAUER,IMO7042813,WCW9655,31,0,30,8,3.8,57,A
366727190,2022-01-02T10:31:09,40.51020,-74.29271,0.9,328.4,38.0,JILL REINAUER,IMO7042813,WCW9655,31,0,30,8,3.8,57,A
366727190,2022-01-02T11:11:42,40.51036,-74.29278,0.0,221.1,104.0,JILL REINAUER,IMO7042813,WCW9655,31,0,30,8,3.8,57,A
366727190,2022-01-02T10:33:19,40.51032,-74.29282,0.1,289.5,52.0,JILL REINAUER,IMO7042813,WCW9655,31,0,30,8,3.8,57,A
366727190,2022-01-02T10:37:41,40.51039,-74.29285,102.3,360.0,104.0,JILL REINAUER,IMO7042813,WCW9655,31,0,30,8,3.8,57,A
366727190,2022-01-02T10:35:24,40.51036,-74.29285,0.1,7.0,97.0,JILL REINAUER,IMO7042813,WCW9655,31,0,30,8,3.8,57,A
366727190,2022-01-02T10:36:31,40.51034,-74.29284,0.0,184.7,103.0,JILL REINAUER,IMO7042813,WCW9655,31,0,30,8,3.8,57,A
366727190,2022-01-02T11:17:22,40.51039,-74.29279,0.0,177.7,103.0,JILL REINAUER,IMO7042813,WCW9655,31,0,30,8,3.8,57,A
366727190,2022-01-02T10:41:13,40.51035,-74.29283,0.0,334.6,105.0,JILL REINAUER,IMO7042813,WCW9655,31,0,30,8,3.8,57,A
366727190,2022-01-02T10:43:32,40.51035,-74.29280,0.0,314.0,105.0,JILL REINAUER,IMO7042813,WCW9655,31,0,30,8,3.8,57,A
366727190,2022-01-02T11:08:12,40.51038,-74.29279,0.0,182.0,103.0,JILL REINAUER,IMO7042813,WCW9655,31,0,30,8,3.8,57,A
366727190,2022-01-02T10:45:52,40.51032,-74.29282,0.0,236.2,105.0,JILL REINAUER,IMO7042813,WCW9655,31,0,30,8,3.8,57,A
366727190,2022-01-02T11:23:12,40.51037,-74.29281,0.0,310.6,103.0,JILL REINAUER,IMO7042813,WCW9655,31,0,30,8,3.8,57,A
366727190,2022-01-02T10:57:11,40.51032,-74.29281,0.0,278.0,103.0,JILL REINAUER,IMO7042813,WCW9655,31,0,30,8,3.8,57,A
366727190,2022-01-02T10:49:12,40.51031,-74.29279,0.0,298.9,104.0,JILL REINAUER,IMO7042813,WCW9655,31,0,30,8,3.8,57,A
366727190,2022-01-02T05:01:06,40.63396,-74.20104,0.1,57.8,303.0,JILL REINAUER,IMO7042813,WCW9655,31,0,30,8,3.8,57,A
366727190,2022-01-02T11:26:43,40.51038,-74.29280,0.0,226.9,103.0,JILL REINAUER,IMO7042813,WCW9655,31,0,30,8,3.8,57,A
366727190,2022-01-02T10:52:33,40.51035,-74.29282,0.0,258.8,103.0,JILL REINAUER,IMO7042813,WCW9655,31,0,30,8,3.8,57,A
366727190,2022-01-02T10:50:21,40.51033,-74.29279,0.0,359.7,104.0,JILL REINAUER,IMO7042813,WCW9655,31,0,30,8,3.8,57,A
366727190,2022-01-02T11:27:53,40.51038,-74.29279,0.0,237.0,103.0,JILL REINAUER,IMO7042813,WCW9655,31,0,30,8,3.8,57,A
366727190,2022-01-02T11:16:13,40.51037,-74.29281,0.0,275.7,104.0,JILL REINAUER,IMO7042813,WCW9655,31,0,30,8,3.8,57,A
366727190,2022-01-02T10:59:42,40.51034,-74.29281,0.0,193.7,104.0,JILL REINAUER,IMO7042813,WCW9655,31,0,30,8,3.8,57,A
366727190,2022-01-02T11:18:32,40.51037,-74.29279,0.1,200.1,103.0,JILL REINAUER,IMO7042813,WCW9655,31,0,30,8,3.8,57,A
366727190,2022-01-02T11:00:03,40.51033,-74.29282,0.0,204.2,104.0,JILL REINAUER,IMO7042813,WCW9655,31,0,30,8,3.8,57,A
366727190,2022-01-02T11:36:52,40.51039,-74.29278,0.0,10.6,104.0,JILL REINAUER,IMO7042813,WCW9655,31,0,30,8,3.8,57,A
366727190,2022-01-02T11:02:21,40.51040,-74.29281,0.1,251.9,104.0,JILL REINAUER,IMO7042813,WCW9655,31,0,30,8,3.8,57,A
366727190,2022-01-02T11:04:41,40.51033,-74.29281,0.0,355.7,104.0,JILL REINAUER,IMO7042813,WCW9655,31,0,30,8,3.8,57,A
366727190,2022-01-02T11:05:52,40.51037,-74.29280,0.0,288.0,103.0,JILL REINAUER,IMO7042813,WCW9655,31,0,30,8,3.8,57,A
366727190,2022-01-02T11:25:32,40.51036,-74.29279,0.0,275.8,103.0,JILL REINAUER,IMO7042813,WCW9655,31,0,30,8,3.8,57,A
366727190,2022-01-02T05:08:01,40.63402,-74.20100,0.0,300.6,305.0,JILL REINAUER,IMO7042813,WCW9655,31,0,30,8,3.8,57,A
366727190,2022-01-02T11:15:12,40.51035,-74.29279,0.0,5.4,104.0,JILL REINAUER,IMO7042813,WCW9655,31,0,30,8,3.8,57,A
366727190,2022-01-02T11:46:49,40.50920,-74.29124,6.6,313.3,323.0,JILL REINAUER,IMO7042813,WCW9655,31,0,30,8,3.8,57,A
366727190,2022-01-02T11:03:33,40.51040,-74.29282,0.0,287.3,104.0,JILL REINAUER,IMO7042813,WCW9655,31,0,30,8,3.8,57,A
366727190,2022-01-02T11:50:01,40.51031,-74.29188,0.1,277.4,226.0,JILL REINAUER,IMO7042813,WCW9655,31,0,30,8,3.8,57,A
366727190,2022-01-02T11:12:52,40.51038,-74.29278,0.0,333.9,104.0,JILL REINAUER,IMO7042813,WCW9655,31,0,30,8,3.8,57,A
366727190,2022-01-02T11:51:05,40.51034,-74.29195,0.4,247.0,230.0,JILL REINAUER,IMO7042813,WCW9655,31,0,30,8,3.8,57,A
366727190,2022-01-02T11:19:43,40.51036,-74.29279,0.0,249.1,103.0,JILL REINAUER,IMO7042813,WCW9655,31,0,30,8,3.8,57,A
366727190,2022-01-02T11:39:22,40.51037,-74.29279,0.0,233.3,103.0,JILL REINAUER,IMO7042813,WCW9655,31,0,30,8,3.8,57,A
366727190,2022-01-02T11:57:34,40.51002,-74.29197,0.6,190.2,167.0,JILL REINAUER,IMO7042813,WCW9655,31,0,30,8,3.8,57,A
366727190,2022-01-02T05:15:53,40.63403,-74.20101,0.0,345.9,304.0,JILL REINAUER,IMO7042813,WCW9655,31,0,30,8,3.8,57,A
366727190,2022-01-02T12:03:11,40.50325,-74.28556,5.9,182.3,182.0,JILL REINAUER,IMO7042813,WCW9655,31,0,30,8,3.8,57,A
366727190,2022-01-02T11:20:51,40.51037,-74.29280,0.0,271.8,103.0,JILL REINAUER,IMO7042813,WCW9655,31,0,30,8,3.8,57,A
366727190,2022-01-02T11:45:48,40.50775,-74.28890,8.9,304.1,307.0,JILL REINAUER,IMO7042813,WCW9655,31,0,30,8,3.8,57,A
366727190,2022-01-02T11:30:11,40.51038,-74.29279,0.0,170.7,103.0,JILL REINAUER,IMO7042813,WCW9655,31,0,30,8,3.8,57,A
366727190,2022-01-02T11:31:13,40.51036,-74.29280,0.1,203.3,103.0,JILL REINAUER,IMO7042813,WCW9655,31,0,30,8,3.8,57,A
366727190,2022-01-02T11:22:02,40.51038,-74.29278,0.0,358.4,103.0,JILL REINAUER,IMO7042813,WCW9655,31,0,30,8,3.8,57,A
366727190,2022-01-02T11:34:32,40.51035,-74.29281,0.0,293.5,104.0,JILL REINAUER,IMO7042813,WCW9655,31,0,30,8,3.8,57,A
366727190,2022-01-02T11:33:23,40.51035,-74.29279,0.0,320.5,103.0,JILL REINAUER,IMO7042813,WCW9655,31,0,30,8,3.8,57,A
366727190,2022-01-02T12:13:02,40.49504,-74.27939,0.7,93.1,84.0,JILL REINAUER,IMO7042813,WCW9655,31,0,30,8,3.8,57,A
366727190,2022-01-02T11:29:01,40.51038,-74.29279,0.0,188.7,103.0,JILL REINAUER,IMO7042813,WCW9655,31,0,30,8,3.8,57,A
366727190,2022-01-02T11:55:31,40.51006,-74.29206,0.5,195.3,254.0,JILL REINAUER,IMO7042813,WCW9655,31,0,30,8,3.8,57,A
366727190,2022-01-02T11:40:26,40.51034,-74.29281,0.2,251.2,83.0,JILL REINAUER,IMO7042813,WCW9655,31,0,30,8,3.8,57,A
366727190,2022-01-02T11:38:02,40.51038,-74.29279,0.0,290.2,103.0,JILL REINAUER,IMO7042813,WCW9655,31,0,30,8,3.8,57,A
366727190,2022-01-02T12:14:05,40.49503,-74.27916,1.6,117.7,119.0,JILL REINAUER,IMO7042813,WCW9655,31,0,30,8,3.8,57,A
366727190,2022-01-02T12:15:08,40.49480,-74.27827,3.0,117.8,119.0,JILL REINAUER,IMO7042813,WCW9655,31,0,30,8,3.8,57,A
366727190,2022-01-02T11:41:29,40.51014,-74.29251,4.4,127.5,128.0,JILL REINAUER,IMO7042813,WCW9655,31,0,30,8,3.8,57,A
366727190,2022-01-02T05:22:51,40.63402,-74.20103,0.0,354.6,304.0,JILL REINAUER,IMO7042813,WCW9655,31,0,30,8,3.8,57,A
366727190,2022-01-02T11:32:22,40.51035,-74.29279,0.0,114.0,103.0,JILL REINAUER,IMO7042813,WCW9655,31,0,30,8,3.8,57,A
366727190,2022-01-02T12:19:22,40.49186,-74.27277,4.8,115.8,115.0,JILL REINAUER,IMO7042813,WCW9655,31,0,30,8,3.8,57,A
366727190,2022-01-02T12:20:25,40.49143,-74.27108,4.6,96.5,92.0,JILL REINAUER,IMO7042813,WCW9655,31,0,30,8,3.8,57,A
366727190,2022-01-02T12:21:26,40.49161,-74.26953,3.9,64.9,35.0,JILL REINAUER,IMO7042813,WCW9655,31,0,30,8,3.8,57,A
366727190,2022-01-02T11:47:52,40.51026,-74.29175,1.9,322.7,297.0,JILL REINAUER,IMO7042813,WCW9655,31,0,30,8,3.8,57,A
366727190,2022-01-02T05:25:11,40.63401,-74.20103,0.0,197.7,304.0,JILL REINAUER,IMO7042813,WCW9655,31,0,30,8,3.8,57,A
366727190,2022-01-02T12:05:42,40.49977,-74.28499,4.4,164.1,164.0,JILL REINAUER,IMO7042813,WCW9655,31,0,30,8,3.8,57,A
366727190,2022-01-02T11:48:56,40.51032,-74.29187,0.2,232.7,234.0,JILL REINAUER,IMO7042813,WCW9655,31,0,30,8,3.8,57,A
366727190,2022-01-02T12:06:44,40.49873,-74.28454,3.4,152.0,146.0,JILL REINAUER,IMO7042813,WCW9655,31,0,30,8,3.8,57,A
366727190,2022-01-02T05:26:23,40.63401,-74.20102,0.0,239.6,304.0,JILL REINAUER,IMO7042813,WCW9655,31,0,30,8,3.8,57,A
366727190,2022-01-02T11:52:12,40.51036,-74.29200,0.1,6.4,216.0,JILL REINAUER,IMO7042813,WCW9655,31,0,30,8,3.8,57,A
366727190,2022-01-02T11:42:32,40.50906,-74.29086,6.2,135.9,137.0,JILL REINAUER,IMO7042813,WCW9655,31,0,30,8,3.8,57,A
366727190,2022-01-02T12:27:40,40.49762,-74.26353,6.4,22.1,34.0,JILL REINAUER,IMO7042813,WCW9655,31,0,30,8,3.8,57,A
366727190,2022-01-02T11:53:17,40.51032,-74.29207,0.3,212.7,220.0,JILL REINAUER,IMO7042813,WCW9655,31,0,30,8,3.8,57,A
366727190,2022-01-02T11:43:42,40.50764,-74.28896,6.3,129.3,131.0,JILL REINAUER,IMO7042813,WCW9655,31,0,30,8,3.8,57,A
366727190,2022-01-02T12:31:49,40.50505,-74.25865,8.2,14.5,21.0,JILL REINAUER,IMO7042813,WCW9655,31,0,30,8,3.8,57,A
366727190,2022-01-02T12:00:03,40.50763,-74.28846,5.9,126.3,129.0,JILL REINAUER,IMO7042813,WCW9655,31,0,30,8,3.8,57,A
366727190,2022-01-02T12:18:12,40.49267,-74.27454,4.8,127.5,124.0,JILL REINAUER,IMO7042813,WCW9655,31,0,30,8,3.8,57,A
366727190,2022-01-02T12:35:02,40.51136,-74.25589,7.2,21.7,26.0,JILL REINAUER,IMO7042813,WCW9655,31,0,30,8,3.8,57,A
366727190,2022-01-02T12:02:09,40.50490,-74.28597,6.0,157.0,161.0,JILL REINAUER,IMO7042813,WCW9655,31,0,30,8,3.8,57,A
366727190,2022-01-02T11:54:22,40.51022,-74.29204,0.5,167.0,243.0,JILL REINAUER,IMO7042813,WCW9655,31,0,30,8,3.8,57,A
366727190,2022-01-02T12:38:11,40.51719,-74.25131,8.0,38.4,43.0,JILL REINAUER,IMO7042813,WCW9655,31,0,30,8,3.8,57,A
366727190,2022-01-02T12:39:13,40.51917,-74.24935,9.9,36.7,37.0,JILL REINAUER,IMO7042813,WCW9655,31,0,30,8,3.8,57,A
366727190,2022-01-02T12:40:15,40.52177,-74.24807,10.0,15.7,15.0,JILL REINAUER,IMO7042813,WCW9655,31,0,30,8,3.8,57,A
366727190,2022-01-02T11:56:32,40.50996,-74.29207,0.3,190.5,254.0,JILL REINAUER,IMO7042813,WCW9655,31,0,30,8,3.8,57,A
366727190,2022-01-02T11:58:38,40.50911,-74.29104,5.9,134.9,134.0,JILL REINAUER,IMO7042813,WCW9655,31,0,30,8,3.8,57,A
366727190,2022-01-02T12:26:39,40.49645,-74.26452,6.0,33.3,41.0,JILL REINAUER,IMO7042813,WCW9655,31,0,30,8,3.8,57,A
366727190,2022-01-02T11:59:53,40.50780,-74.28876,6.2,125.2,128.0,JILL REINAUER,IMO7042813,WCW9655,31,0,30,8,3.8,57,A
366727190,2022-01-02T12:08:46,40.49732,-74.28268,3.3,119.9,122.0,JILL REINAUER,IMO7042813,WCW9655,31,0,30,8,3.8,57,A
366727190,2022-01-02T12:44:29,40.53399,-74.24943,10.1,350.8,354.0,JILL REINAUER,IMO7042813,WCW9655,31,0,30,8,3.8,57,A
366727190,2022-01-02T12:29:44,40.50109,-74.26042,7.3,29.6,40.0,JILL REINAUER,IMO7042813,WCW9655,31,0,30,8,3.8,57,A
366727190,2022-01-02T12:04:31,40.50120,-74.28536,4.7,171.3,172.0,JILL REINAUER,IMO7042813,WCW9655,31,0,30,8,3.8,57,A
366727190,2022-01-02T12:30:45,40.50281,-74.25934,7.5,8.4,15.0,JILL REINAUER,IMO7042813,WCW9655,31,0,30,8,3.8,57,A
366727190,2022-01-02T12:11:58,40.49535,-74.27971,2.2,157.7,161.0,JILL REINAUER,IMO7042813,WCW9655,31,0,30,8,3.8,57,A
366727190,2022-01-02T12:51:04,40.55201,-74.24768,10.6,46.3,51.0,JILL REINAUER,IMO7042813,WCW9655,31,0,30,8,3.8,57,A
366727190,2022-01-02T12:07:45,40.49797,-74.28365,4.0,141.3,144.0,JILL REINAUER,IMO7042813,WCW9655,31,0,30,8,3.8,57,A
366727190,2022-01-02T12:09:51,40.49669,-74.28148,4.2,121.7,122.0,JILL REINAUER,IMO7042813,WCW9655,31,0,30,8,3.8,57,A
366727190,2022-01-02T12:16:09,40.49427,-74.27706,4.2,126.2,127.0,JILL REINAUER,IMO7042813,WCW9655,31,0,30,8,3.8,57,A
366727190,2022-01-02T12:52:06,40.55390,-74.24465,10.3,56.4,62.0,JILL REINAUER,IMO7042813,WCW9655,31,0,30,8,3.8,57,A
366727190,2022-01-02T12:10:55,40.49609,-74.28033,3.5,139.7,145.0,JILL REINAUER,IMO7042813,WCW9655,31,0,30,8,3.8,57,A
366727190,2022-01-02T12:36:06,40.51333,-74.25466,7.6,24.3,29.0,JILL REINAUER,IMO7042813,WCW9655,31,0,30,8,3.8,57,A
366727190,2022-01-02T12:17:10,40.49349,-74.27586,4.5,132.3,127.0,JILL REINAUER,IMO7042813,WCW9655,31,0,30,8,3.8,57,A
366727190,2022-01-02T12:58:26,40.55793,-74.22383,10.2,96.4,101.0,JILL REINAUER,IMO7042813,WCW9655,31,0,30,8,3.8,57,A
366727190,2022-01-02T12:22:28,40.49228,-74.26855,3.1,34.4,35.0,JILL REINAUER,IMO7042813,WCW9655,31,0,30,8,3.8,57,A
366727190,2022-01-02T12:25:35,40.49490,-74.26607,5.2,38.7,46.0,JILL REINAUER,IMO7042813,WCW9655,31,0,30,8,3.8,57,A
366727190,2022-01-02T12:23:29,40.49294,-74.26779,3.0,45.0,43.0,JILL REINAUER,IMO7042813,WCW9655,31,0,30,8,3.8,57,A
366727190,2022-01-02T12:24:31,40.49374,-74.26699,5.0,30.8,34.0,JILL REINAUER,IMO7042813,WCW9655,31,0,30,8,3.8,57,A
366727190,2022-01-02T12:48:56,40.54651,-74.25155,10.7,10.9,16.0,JILL REINAUER,IMO7042813,WCW9655,31,0,30,8,3.8,57,A
366727190,2022-01-02T12:50:01,40.54946,-74.25007,10.6,29.1,33.0,JILL REINAUER,IMO7042813,WCW9655,31,0,30,8,3.8,57,A
366727190,2022-01-02T12:32:51,40.50727,-74.25769,7.9,17.3,18.0,JILL REINAUER,IMO7042813,WCW9655,31,0,30,8,3.8,57,A
366727190,2022-01-02T13:06:42,40.57364,-74.21094,7.9,12.7,15.0,JILL REINAUER,IMO7042813,WCW9655,31,0,30,8,3.8,57,A
366727190,2022-01-02T12:28:42,40.49914,-74.26164,7.6,46.9,45.0,JILL REINAUER,IMO7042813,WCW9655,31,0,30,8,3.8,57,A
366727190,2022-01-02T12:56:18,40.55751,-74.23181,10.4,76.8,76.0,JILL REINAUER,IMO7042813,WCW9655,31,0,30,8,3.8,57,A
366727190,2022-01-02T12:37:09,40.51524,-74.25303,8.0,34.6,37.0,JILL REINAUER,IMO7042813,WCW9655,31,0,30,8,3.8,57,A
366727190,2022-01-02T13:15:29,40.59547,-74.20173,10.5,30.6,31.0,JILL REINAUER,IMO7042813,WCW9655,31,0,30,8,3.8,57,A
366727190,2022-01-02T12:41:16,40.52461,-74.24765,10.5,357.5,359.0,JILL REINAUER,IMO7042813,WCW9655,31,0,30,8,3.8,57,A
366727190,2022-01-02T12:42:19,40.52772,-74.24801,10.7,350.2,354.0,JILL REINAUER,IMO7042813,WCW9655,31,0,30,8,3.8,57,A
366727190,2022-01-02T13:16:31,40.59822,-74.20014,10.5,9.0,3.0,JILL REINAUER,IMO7042813,WCW9655,31,0,30,8,3.8,57,A
366727190,2022-01-02T13:22:45,40.60613,-74.20560,0.2,341.1,241.0,JILL REINAUER,IMO7042813,WCW9655,31,0,30,8,3.8,57,A
366727190,2022-01-02T13:26:01,40.60619,-74.20568,0.0,250.5,189.0,JILL REINAUER,IMO7042813,WCW9655,31,0,30,8,3.8,57,A
366727190,2022-01-02T13:09:54,40.58252,-74.20847,8.9,9.9,10.0,JILL REINAUER,IMO7042813,WCW9655,31,0,30,8,3.8,57,A
366727190,2022-01-02T12:46:35,40.53978,-74.25071,9.9,351.1,353.0,JILL REINAUER,IMO7042813,WCW9655,31,0,30,8,3.8,57,A
366727190,2022-01-02T12:54:11,40.55597,-74.23846,6.6,72.1,77.0,JILL REINAUER,IMO7042813,WCW9655,31,0,30,8,3.8,57,A
366727190,2022-01-02T13:24:58,40.60620,-74.20563,0.1,310.9,200.0,JILL REINAUER,IMO7042813,WCW9655,31,0,30,8,3.8,57,A
366727190,2022-01-02T12:43:22,40.53079,-74.24866,10.6,349.7,354.0,JILL REINAUER,IMO7042813,WCW9655,31,0,30,8,3.8,57,A
366727190,2022-01-02T12:45:33,40.53695,-74.25007,10.1,350.9,354.0,JILL REINAUER,IMO7042813,WCW9655,31,0,30,8,3.8,57,A
366727190,2022-01-02T13:27:11,40.60618,-74.20569,0.0,92.6,187.0,JILL REINAUER,IMO7042813,WCW9655,31,0,30,8,3.8,57,A
366727190,2022-01-02T13:30:52,40.60614,-74.20565,0.0,102.5,197.0,JILL REINAUER,IMO7042813,WCW9655,31,0,30,8,3.8,57,A
366727190,2022-01-02T12:47:51,40.54330,-74.25151,10.5,354.6,357.0,JILL REINAUER,IMO7042813,WCW9655,31,0,30,8,3.8,57,A
366727190,2022-01-02T12:53:10,40.55519,-74.24101,9.0,69.4,70.0,JILL REINAUER,IMO7042813,WCW9655,31,0,30,8,3.8,57,A
366727190,2022-01-02T13:32:02,40.60614,-74.20564,0.0,104.7,203.0,JILL REINAUER,IMO7042813,WCW9655,31,0,30,8,3.8,57,A
366727190,2022-01-02T12:55:16,40.55668,-74.23561,10.0,69.4,71.0,JILL REINAUER,IMO7042813,WCW9655,31,0,30,8,3.8,57,A
366727190,2022-01-02T13:03:13,40.56621,-74.21322,8.7,16.1,16.0,JILL REINAUER,IMO7042813,WCW9655,31,0,30,8,3.8,57,A
366727190,2022-01-02T12:59:28,40.55780,-74.22007,10.2,83.8,81.0,JILL REINAUER,IMO7042813,WCW9655,31,0,30,8,3.8,57,A
366727190,2022-01-02T13:00:01,40.55825,-74.21814,10.2,63.7,62.0,JILL REINAUER,IMO7042813,WCW9655,31,0,30,8,3.8,57,A
366727190,2022-01-02T13:04:21,40.56866,-74.21247,7.8,14.4,17.0,JILL REINAUER,IMO7042813,WCW9655,31,0,30,8,3.8,57,A
366727190,2022-01-02T13:05:32,40.57115,-74.21174,7.8,14.3,16.0,JILL REINAUER,IMO7042813,WCW9655,31,0,30,8,3.8,57,A
366727190,2022-01-02T13:07:45,40.57646,-74.21010,10.4,11.8,13.0,JILL REINAUER,IMO7042813,WCW9655,31,0,30,8,3.8,57,A
366727190,2022-01-02T12:57:22,40.55789,-74.22789,10.2,90.4,91.0,JILL REINAUER,IMO7042813,WCW9655,31,0,30,8,3.8,57,A
366727190,2022-01-02T13:29:33,40.60616,-74.20566,0.0,331.5,201.0,JILL REINAUER,IMO7042813,WCW9655,31,0,30,8,3.8,57,A
366727190,2022-01-02T13:11:01,40.58503,-74.20796,7.9,9.1,10.0,JILL REINAUER,IMO7042813,WCW9655,31,0,30,8,3.8,57,A
366727190,2022-01-02T13:47:22,40.60601,-74.20560,0.1,235.0,269.0,JILL REINAUER,IMO7042813,WCW9655,31,0,30,8,3.8,57,A
366727190,2022-01-02T13:01:04,40.56041,-74.21559,10.2,22.4,23.0,JILL REINAUER,IMO7042813,WCW9655,31,0,30,8,3.8,57,A
366727190,2022-01-02T13:02:05,40.56316,-74.21424,10.3,17.6,17.0,JILL REINAUER,IMO7042813,WCW9655,31,0,30,8,3.8,57,A
366727190,2022-01-02T13:17:34,40.60110,-74.20078,9.2,341.5,339.0,JILL REINAUER,IMO7042813,WCW9655,31,0,30,8,3.8,57,A
366727190,2022-01-02T13:52:03,40.60601,-74.20555,0.0,277.8,299.0,JILL REINAUER,IMO7042813,WCW9655,31,0,30,8,3.8,57,A
366727190,2022-01-02T13:36:53,40.60611,-74.20564,0.0,188.4,219.0,JILL REINAUER,IMO7042813,WCW9655,31,0,30,8,3.8,57,A
366727190,2022-01-02T13:14:25,40.59279,-74.20382,10.2,40.3,34.0,JILL REINAUER,IMO7042813,WCW9655,31,0,30,8,3.8,57,A
366727190,2022-01-02T13:19:39,40.60478,-74.20410,5.9,321.5,323.0,JILL REINAUER,IMO7042813,WCW9655,31,0,30,8,3.8,57,A
366727190,2022-01-02T13:08:51,40.57960,-74.20935,10.7,11.9,15.0,JILL REINAUER,IMO7042813,WCW9655,31,0,30,8,3.8,57,A
366727190,2022-01-02T13:54:31,40.60600,-74.20557,0.0,285.4,304.0,JILL REINAUER,IMO7042813,WCW9655,31,0,30,8,3.8,57,A
366727190,2022-01-02T13:58:13,40.60599,-74.20557,0.0,187.5,305.0,JILL REINAUER,IMO7042813,WCW9655,31,0,30,8,3.8,57,A
366727190,2022-01-02T13:42:41,40.60607,-74.20556,0.0,241.2,258.0,JILL REINAUER,IMO7042813,WCW9655,31,0,30,8,3.8,57,A
366727190,2022-01-02T13:12:11,40.58752,-74.20713,7.7,21.4,24.0,JILL REINAUER,IMO7042813,WCW9655,31,0,30,8,3.8,57,A
366727190,2022-01-02T13:13:23,40.59032,-74.20580,10.4,17.9,19.0,JILL REINAUER,IMO7042813,WCW9655,31,0,30,8,3.8,57,A
366727190,2022-01-02T13:23:48,40.60618,-74.20562,0.1,302.9,220.0,JILL REINAUER,IMO7042813,WCW9655,31,0,30,8,3.8,57,A
366727190,2022-01-02T13:21:43,40.60608,-74.20556,0.4,304.7,264.0,JILL REINAUER,IMO7042813,WCW9655,31,0,30,8,3.8,57,A
366727190,2022-01-02T13:18:35,40.60319,-74.20243,8.7,319.8,321.0,JILL REINAUER,IMO7042813,WCW9655,31,0,30,8,3.8,57,A
366727190,2022-01-02T13:49:42,40.60598,-74.20557,0.0,148.0,283.0,JILL REINAUER,IMO7042813,WCW9655,31,0,30,8,3.8,57,A
366727190,2022-01-02T13:20:42,40.60589,-74.20510,2.9,314.3,301.0,JILL REINAUER,IMO7042813,WCW9655,31,0,30,8,3.8,57,A
366727190,2022-01-02T13:33:12,40.60614,-74.20563,0.0,168.5,208.0,JILL REINAUER,IMO7042813,WCW9655,31,0,30,8,3.8,57,A
366727190,2022-01-02T13:35:31,40.60612,-74.20563,0.0,290.1,213.0,JILL REINAUER,IMO7042813,WCW9655,31,0,30,8,3.8,57,A
366727190,2022-01-02T14:09:32,40.60598,-74.20561,0.0,193.5,326.0,JILL REINAUER,IMO7042813,WCW9655,31,0,30,8,3.8,57,A
366727190,2022-01-02T13:34:23,40.60613,-74.20562,0.0,140.3,210.0,JILL REINAUER,IMO7042813,WCW9655,31,0,30,8,3.8,57,A
366727190,2022-01-02T13:57:03,40.60601,-74.20557,0.0,220.3,305.0,JILL REINAUER,IMO7042813,WCW9655,31,0,30,8,3.8,57,A
366727190,2022-01-02T14:13:01,40.60597,-74.20564,0.0,166.3,320.0,JILL REINAUER,IMO7042813,WCW9655,31,0,30,8,3.8,57,A
366727190,2022-01-02T13:45:03,40.60606,-74.20560,0.1,212.0,261.0,JILL REINAUER,IMO7042813,WCW9655,31,0,30,8,3.8,57,A
366727190,2022-01-02T13:40:23,40.60608,-74.20557,0.0,169.6,243.0,JILL REINAUER,IMO7042813,WCW9655,31,0,30,8,3.8,57,A
366727190,2022-01-02T13:39:11,40.60609,-74.20557,0.1,146.2,232.0,JILL REINAUER,IMO7042813,WCW9655,31,0,30,8,3.8,57,A
366727190,2022-01-02T13:53:22,40.60599,-74.20556,0.1,275.9,303.0,JILL REINAUER,IMO7042813,WCW9655,31,0,30,8,3.8,57,A
366727190,2022-01-02T13:55:42,40.60601,-74.20558,0.0,338.0,305.0,JILL REINAUER,IMO7042813,WCW9655,31,0,30,8,3.8,57,A
366727190,2022-01-02T13:41:31,40.60607,-74.20556,0.0,125.2,251.0,JILL REINAUER,IMO7042813,WCW9655,31,0,30,8,3.8,57,A
366727190,2022-01-02T13:46:13,40.60604,-74.20559,0.0,212.0,264.0,JILL REINAUER,IMO7042813,WCW9655,31,0,30,8,3.8,57,A
366727190,2022-01-02T14:17:53,40.60598,-74.20558,0.0,270.5,304.0,JILL REINAUER,IMO7042813,WCW9655,31,0,30,8,3.8,57,A
366727190,2022-01-02T13:48:31,40.60601,-74.20560,0.0,210.6,275.0,JILL REINAUER,IMO7042813,WCW9655,31,0,30,8,3.8,57,A
366727190,2022-01-02T14:28:02,40.60596,-74.20561,0.0,17.2,318.0,JILL REINAUER,IMO7042813,WCW9655,31,0,30,8,3.8,57,A
366727190,2022-01-02T06:26:32,40.63401,-74.20102,0.0,235.8,302.0,JILL REINAUER,IMO7042813,WCW9655,31,0,30,8,3.8,57,A
366727190,2022-01-02T06:27:41,40.63401,-74.20103,0.0,236.6,303.0,JILL REINAUER,IMO7042813,WCW9655,31,0,30,8,3.8,57,A
366727190,2022-01-02T14:21:12,40.60597,-74.20559,0.0,241.7,307.0,JILL REINAUER,IMO7042813,WCW9655,31,0,30,8,3.8,57,A
366727190,2022-01-02T14:01:12,40.60600,-74.20559,0.0,238.4,310.0,JILL REINAUER,IMO7042813,WCW9655,31,0,30,8,3.8,57,A
366727190,2022-01-02T14:27:01,40.60596,-74.20560,0.0,202.2,314.0,JILL REINAUER,IMO7042813,WCW9655,31,0,30,8,3.8,57,A
366727190,2022-01-02T14:00:03,40.60599,-74.20560,0.0,257.6,307.0,JILL REINAUER,IMO7042813,WCW9655,31,0,30,8,3.8,57,A
366727190,2022-01-02T14:32:43,40.60595,-74.20562,0.0,233.1,312.0,JILL REINAUER,IMO7042813,WCW9655,31,0,30,8,3.8,57,A
366727190,2022-01-02T14:38:33,40.60594,-74.20564,0.0,331.2,330.0,JILL REINAUER,IMO7042813,WCW9655,31,0,30,8,3.8,57,A
366727190,2022-01-02T14:10:42,40.60598,-74.20562,0.0,331.3,329.0,JILL REINAUER,IMO7042813,WCW9655,31,0,30,8,3.8,57,A
366727190,2022-01-02T14:02:22,40.60599,-74.20559,0.0,312.8,315.0,JILL REINAUER,IMO7042813,WCW9655,31,0,30,8,3.8,57,A
366727190,2022-01-02T13:59:22,40.60599,-74.20558,0.0,288.2,306.0,JILL REINAUER,IMO7042813,WCW9655,31,0,30,8,3.8,57,A
366727190,2022-01-02T14:11:53,40.60595,-74.20564,0.1,21.2,329.0,JILL REINAUER,IMO7042813,WCW9655,31,0,30,8,3.8,57,A
366727190,2022-01-02T14:03:42,40.60601,-74.20560,0.0,286.4,319.0,JILL REINAUER,IMO7042813,WCW9655,31,0,30,8,3.8,57,A
366727190,2022-01-02T14:37:23,40.60594,-74.20563,0.0,291.9,328.0,JILL REINAUER,IMO7042813,WCW9655,31,0,30,8,3.8,57,A
366727190,2022-01-02T14:06:03,40.60597,-74.20561,0.1,223.7,320.0,JILL REINAUER,IMO7042813,WCW9655,31,0,30,8,3.8,57,A
366727190,2022-01-02T14:19:01,40.60597,-74.20558,0.0,223.1,305.0,JILL REINAUER,IMO7042813,WCW9655,31,0,30,8,3.8,57,A
366727190,2022-01-02T14:20:02,40.60597,-74.20557,0.0,174.0,305.0,JILL REINAUER,IMO7042813,WCW9655,31,0,30,8,3.8,57,A
366727190,2022-01-02T14:16:43,40.60598,-74.20558,0.0,275.3,306.0,JILL REINAUER,IMO7042813,WCW9655,31,0,30,8,3.8,57,A
366727190,2022-01-02T14:53:31,40.60595,-74.20562,0.0,1.6,332.0,JILL REINAUER,IMO7042813,WCW9655,31,0,30,8,3.8,57,A
366727190,2022-01-02T14:08:22,40.60597,-74.20563,0.0,186.4,321.0,JILL REINAUER,IMO7042813,WCW9655,31,0,30,8,3.8,57,A
366727190,2022-01-02T14:43:12,40.60593,-74.20565,0.0,158.8,331.0,JILL REINAUER,IMO7042813,WCW9655,31,0,30,8,3.8,57,A
366727190,2022-01-02T14:04:51,40.60599,-74.20560,0.0,223.8,320.0,JILL REINAUER,IMO7042813,WCW9655,31,0,30,8,3.8,57,A
366727190,2022-01-02T14:07:11,40.60597,-74.20563,0.0,232.5,320.0,JILL REINAUER,IMO7042813,WCW9655,31,0,30,8,3.8,57,A
366727190,2022-01-02T14:22:22,40.60596,-74.20560,0.0,248.1,308.0,JILL REINAUER,IMO7042813,WCW9655,31,0,30,8,3.8,57,A
366727190,2022-01-02T14:50:12,40.60595,-74.20564,0.0,230.6,332.0,JILL REINAUER,IMO7042813,WCW9655,31,0,30,8,3.8,57,A
366727190,2022-01-02T14:15:32,40.60598,-74.20560,0.0,336.3,310.0,JILL REINAUER,IMO7042813,WCW9655,31,0,30,8,3.8,57,A
366727190,2022-01-02T14:24:43,40.60597,-74.20560,0.0,225.6,310.0,JILL REINAUER,IMO7042813,WCW9655,31,0,30,8,3.8,57,A
366727190,2022-01-02T14:54:42,40.60597,-74.20562,0.0,263.4,332.0,JILL REINAUER,IMO7042813,WCW9655,31,0,30,8,3.8,57,A
366727190,2022-01-02T15:00:01,40.60592,-74.20561,0.0,299.5,335.0,JILL REINAUER,IMO7042813,WCW9655,31,0,30,8,3.8,57,A
366727190,2022-01-02T14:25:52,40.60596,-74.20559,0.0,318.8,313.0,JILL REINAUER,IMO7042813,WCW9655,31,0,30,8,3.8,57,A
366727190,2022-01-02T14:29:12,40.60597,-74.20561,0.0,77.0,320.0,JILL REINAUER,IMO7042813,WCW9655,31,0,30,8,3.8,57,A
366727190,2022-01-02T14:58:12,40.60595,-74.20562,0.0,271.7,333.0,JILL REINAUER,IMO7042813,WCW9655,31,0,30,8,3.8,57,A
366727190,2022-01-02T14:30:21,40.60597,-74.20561,0.0,198.2,317.0,JILL REINAUER,IMO7042813,WCW9655,31,0,30,8,3.8,57,A
366727190,2022-01-02T14:14:21,40.60598,-74.20561,0.0,14.5,314.0,JILL REINAUER,IMO7042813,WCW9655,31,0,30,8,3.8,57,A
366727190,2022-01-02T14:23:32,40.60596,-74.20559,0.0,309.0,307.0,JILL REINAUER,IMO7042813,WCW9655,31,0,30,8,3.8,57,A
366727190,2022-01-02T14:33:52,40.60596,-74.20561,0.0,210.9,316.0,JILL REINAUER,IMO7042813,WCW9655,31,0,30,8,3.8,57,A
366727190,2022-01-02T14:59:13,40.60592,-74.20562,0.0,212.5,334.0,JILL REINAUER,IMO7042813,WCW9655,31,0,30,8,3.8,57,A
366727190,2022-01-02T15:04:43,40.60594,-74.20562,0.1,5.8,334.0,JILL REINAUER,IMO7042813,WCW9655,31,0,30,8,3.8,57,A
366727190,2022-01-02T14:36:12,40.60594,-74.20562,0.0,257.3,324.0,JILL REINAUER,IMO7042813,WCW9655,31,0,30,8,3.8,57,A
366727190,2022-01-02T15:15:32,40.60594,-74.20563,0.0,133.2,335.0,JILL REINAUER,IMO7042813,WCW9655,31,0,30,8,3.8,57,A
366727190,2022-01-02T14:40:51,40.60593,-74.20564,0.0,10.5,331.0,JILL REINAUER,IMO7042813,WCW9655,31,0,30,8,3.8,57,A
366727190,2022-01-02T14:42:02,40.60594,-74.20565,0.0,257.9,331.0,JILL REINAUER,IMO7042813,WCW9655,31,0,30,8,3.8,57,A
366727190,2022-01-02T15:07:21,40.60594,-74.20563,0.0,13.4,334.0,JILL REINAUER,IMO7042813,WCW9655,31,0,30,8,3.8,57,A
366727190,2022-01-02T15:13:12,40.60594,-74.20561,0.0,300.4,336.0,JILL REINAUER,IMO7042813,WCW9655,31,0,30,8,3.8,57,A
366727190,2022-01-02T14:35:03,40.60594,-74.20562,0.0,308.0,321.0,JILL REINAUER,IMO7042813,WCW9655,31,0,30,8,3.8,57,A
366727190,2022-01-02T15:10:52,40.60593,-74.20563,0.0,269.1,335.0,JILL REINAUER,IMO7042813,WCW9655,31,0,30,8,3.8,57,A
366727190,2022-01-02T14:45:31,40.60592,-74.20566,0.0,229.0,333.0,JILL REINAUER,IMO7042813,WCW9655,31,0,30,8,3.8,57,A
366727190,2022-01-02T14:31:33,40.60596,-74.20562,0.0,294.5,313.0,JILL REINAUER,IMO7042813,WCW9655,31,0,30,8,3.8,57,A
366727190,2022-01-02T14:47:51,40.60595,-74.20563,0.0,30.2,333.0,JILL REINAUER,IMO7042813,WCW9655,31,0,30,8,3.8,57,A
366727190,2022-01-02T06:43:42,40.63401,-74.20104,0.0,30.0,315.0,JILL REINAUER,IMO7042813,WCW9655,31,0,30,8,3.8,57,A
366727190,2022-01-02T14:39:41,40.60592,-74.20562,0.0,157.7,331.0,JILL REINAUER,IMO7042813,WCW9655,31,0,30,8,3.8,57,A
366727190,2022-01-02T14:51:22,40.60595,-74.20562,0.0,31.1,332.0,JILL REINAUER,IMO7042813,WCW9655,31,0,30,8,3.8,57,A
366727190,2022-01-02T15:20:22,40.60595,-74.20563,0.0,81.9,333.0,JILL REINAUER,IMO7042813,WCW9655,31,0,30,8,3.8,57,A
366727190,2022-01-02T15:21:32,40.60594,-74.20566,0.0,336.9,336.0,JILL REINAUER,IMO7042813,WCW9655,31,0,30,8,3.8,57,A
366727190,2022-01-02T14:46:43,40.60592,-74.20566,0.0,207.0,332.0,JILL REINAUER,IMO7042813,WCW9655,31,0,30,8,3.8,57,A
366727190,2022-01-02T14:55:52,40.60594,-74.20562,0.0,275.7,331.0,JILL REINAUER,IMO7042813,WCW9655,31,0,30,8,3.8,57,A
366727190,2022-01-02T15:22:41,40.60594,-74.20567,0.0,230.2,337.0,JILL REINAUER,IMO7042813,WCW9655,31,0,30,8,3.8,57,A
366727190,2022-01-02T15:31:53,40.60596,-74.20566,0.0,227.6,335.0,JILL REINAUER,IMO7042813,WCW9655,31,0,30,8,3.8,57,A
366727190,2022-01-02T14:49:01,40.60596,-74.20564,0.0,200.5,333.0,JILL REINAUER,IMO7042813,WCW9655,31,0,30,8,3.8,57,A
366727190,2022-01-02T15:24:53,40.60596,-74.20563,0.0,215.3,337.0,JILL REINAUER,IMO7042813,WCW9655,31,0,30,8,3.8,57,A
366727190,2022-01-02T15:01:12,40.60592,-74.20561,0.0,270.2,335.0,JILL REINAUER,IMO7042813,WCW9655,31,0,30,8,3.8,57,A
366727190,2022-01-02T15:02:22,40.60594,-74.20561,0.0,235.9,335.0,JILL REINAUER,IMO7042813,WCW9655,31,0,30,8,3.8,57,A
366727190,2022-01-02T15:36:32,40.60596,-74.20561,0.0,21.6,333.0,JILL REINAUER,IMO7042813,WCW9655,31,0,30,8,3.8,57,A
366727190,2022-01-02T15:30:41,40.60595,-74.20567,0.0,205.6,334.0,JILL REINAUER,IMO7042813,WCW9655,31,0,30,8,3.8,57,A
366727190,2022-01-02T14:44:23,40.60593,-74.20564,0.0,5.2,332.0,JILL REINAUER,IMO7042813,WCW9655,31,0,30,8,3.8,57,A
366727190,2022-01-02T15:03:32,40.60594,-74.20561,0.0,296.1,334.0,JILL REINAUER,IMO7042813,WCW9655,31,0,30,8,3.8,57,A
366727190,2022-01-02T15:28:22,40.60596,-74.20564,0.0,151.0,335.0,JILL REINAUER,IMO7042813,WCW9655,31,0,30,8,3.8,57,A
366727190,2022-01-02T15:29:32,40.60595,-74.20564,0.0,348.3,336.0,JILL REINAUER,IMO7042813,WCW9655,31,0,30,8,3.8,57,A
366727190,2022-01-02T15:41:12,40.60598,-74.20563,0.0,296.4,334.0,JILL REINAUER,IMO7042813,WCW9655,31,0,30,8,3.8,57,A
366727190,2022-01-02T15:09:41,40.60594,-74.20563,0.0,298.7,335.0,JILL REINAUER,IMO7042813,WCW9655,31,0,30,8,3.8,57,A
366727190,2022-01-02T15:38:51,40.60597,-74.20564,0.0,210.6,334.0,JILL REINAUER,IMO7042813,WCW9655,31,0,30,8,3.8,57,A
366727190,2022-01-02T15:35:21,40.60597,-74.20563,0.0,217.2,333.0,JILL REINAUER,IMO7042813,WCW9655,31,0,30,8,3.8,57,A
366727190,2022-01-02T14:52:23,40.60595,-74.20564,0.0,271.8,332.0,JILL REINAUER,IMO7042813,WCW9655,31,0,30,8,3.8,57,A
366727190,2022-01-02T15:48:01,40.60598,-74.20564,0.0,211.1,335.0,JILL REINAUER,IMO7042813,WCW9655,31,0,30,8,3.8,57,A
366727190,2022-01-02T15:50:22,40.60597,-74.20561,0.0,247.3,335.0,JILL REINAUER,IMO7042813,WCW9655,31,0,30,8,3.8,57,A
366727190,2022-01-02T06:48:01,40.63401,-74.20099,0.0,302.8,302.0,JILL REINAUER,IMO7042813,WCW9655,31,0,30,8,3.8,57,A
366727190,2022-01-02T15:16:42,40.60596,-74.20563,0.0,295.8,336.0,JILL REINAUER,IMO7042813,WCW9655,31,0,30,8,3.8,57,A
366727190,2022-01-02T15:52:42,40.60596,-74.20563,0.0,198.9,335.0,JILL REINAUER,IMO7042813,WCW9655,31,0,30,8,3.8,57,A
366727190,2022-01-02T15:57:23,40.60596,-74.20560,0.0,202.2,335.0,JILL REINAUER,IMO7042813,WCW9655,31,0,30,8,3.8,57,A
366727190,2022-01-02T15:46:52,40.60598,-74.20563,0.0,76.3,335.0,JILL REINAUER,IMO7042813,WCW9655,31,0,30,8,3.8,57,A
366727190,2022-01-02T15:23:52,40.60594,-74.20566,0.0,194.9,338.0,JILL REINAUER,IMO7042813,WCW9655,31,0,30,8,3.8,57,A
366727190,2022-01-02T15:06:12,40.60594,-74.20563,0.0,311.9,334.0,JILL REINAUER,IMO7042813,WCW9655,31,0,30,8,3.8,57,A
366727190,2022-01-02T06:55:02,40.63400,-74.20102,0.0,192.3,303.0,JILL REINAUER,IMO7042813,WCW9655,31,0,30,8,3.8,57,A
366727190,2022-01-02T15:17:51,40.60596,-74.20563,0.0,349.8,336.0,JILL REINAUER,IMO7042813,WCW9655,31,0,30,8,3.8,57,A
366727190,2022-01-02T15:19:02,40.60594,-74.20565,0.0,287.9,335.0,JILL REINAUER,IMO7042813,WCW9655,31,0,30,8,3.8,57,A
366727190,2022-01-02T15:12:02,40.60593,-74.20561,0.0,331.5,336.0,JILL REINAUER,IMO7042813,WCW9655,31,0,30,8,3.8,57,A
366727190,2022-01-02T15:33:02,40.60596,-74.20564,0.0,128.2,335.0,JILL REINAUER,IMO7042813,WCW9655,31,0,30,8,3.8,57,A
366727190,2022-01-02T15:37:41,40.60597,-74.20562,0.0,62.4,332.0,JILL REINAUER,IMO7042813,WCW9655,31,0,30,8,3.8,57,A
366727190,2022-01-02T15:42:13,40.60597,-74.20561,0.1,356.0,334.0,JILL REINAUER,IMO7042813,WCW9655,31,0,30,8,3.8,57,A
366727190,2022-01-02T16:04:43,40.60594,-74.20561,0.0,195.9,335.0,JILL REINAUER,IMO7042813,WCW9655,31,0,30,8,3.8,57,A
366727190,2022-01-02T16:06:22,40.60596,-74.20561,0.0,11.3,335.0,JILL REINAUER,IMO7042813,WCW9655,31,0,30,8,3.8,57,A
366727190,2022-01-02T15:44:31,40.60596,-74.20562,0.0,329.3,334.0,JILL REINAUER,IMO7042813,WCW9655,31,0,30,8,3.8,57,A
366727190,2022-01-02T15:45:43,40.60597,-74.20564,0.0,253.1,334.0,JILL REINAUER,IMO7042813,WCW9655,31,0,30,8,3.8,57,A
366727190,2022-01-02T16:08:43,40.60596,-74.20562,0.0,67.7,335.0,JILL REINAUER,IMO7042813,WCW9655,31,0,30,8,3.8,57,A
366727190,2022-01-02T15:26:02,40.60596,-74.20563,0.0,217.2,337.0,JILL REINAUER,IMO7042813,WCW9655,31,0,30,8,3.8,57,A
366727190,2022-01-02T16:11:02,40.60596,-74.20561,0.0,357.4,333.0,JILL REINAUER,IMO7042813,WCW9655,31,0,30,8,3.8,57,A
366727190,2022-01-02T15:49:12,40.60597,-74.20561,0.0,271.5,335.0,JILL REINAUER,IMO7042813,WCW9655,31,0,30,8,3.8,57,A
366727190,2022-01-02T16:22:32,40.60592,-74.20563,0.0,102.4,333.0,JILL REINAUER,IMO7042813,WCW9655,31,0,30,8,3.8,57,A
366727190,2022-01-02T16:12:13,40.60596,-74.20562,0.0,331.5,333.0,JILL REINAUER,IMO7042813,WCW9655,31,0,30,8,3.8,57,A
366727190,2022-01-02T16:13:22,40.60595,-74.20563,0.0,323.4,332.0,JILL REINAUER,IMO7042813,WCW9655,31,0,30,8,3.8,57,A
366727190,2022-01-02T16:24:51,40.60596,-74.20564,0.0,200.4,332.0,JILL REINAUER,IMO7042813,WCW9655,31,0,30,8,3.8,57,A
366727190,2022-01-02T15:58:32,40.60596,-74.20560,0.0,41.6,335.0,JILL REINAUER,IMO7042813,WCW9655,31,0,30,8,3.8,57,A
366727190,2022-01-02T15:56:12,40.60595,-74.20560,0.0,223.4,336.0,JILL REINAUER,IMO7042813,WCW9655,31,0,30,8,3.8,57,A
366727190,2022-01-02T16:00:01,40.60597,-74.20562,0.0,254.3,335.0,JILL REINAUER,IMO7042813,WCW9655,31,0,30,8,3.8,57,A
366727190,2022-01-02T16:23:43,40.60592,-74.20564,0.0,130.1,333.0,JILL REINAUER,IMO7042813,WCW9655,31,0,30,8,3.8,57,A
366727190,2022-01-02T16:01:11,40.60596,-74.20561,0.0,279.0,335.0,JILL REINAUER,IMO7042813,WCW9655,31,0,30,8,3.8,57,A
366727190,2022-01-02T15:43:23,40.60596,-74.20563,0.0,196.7,334.0,JILL REINAUER,IMO7042813,WCW9655,31,0,30,8,3.8,57,A
366727190,2022-01-02T16:39:42,40.60596,-74.20559,0.0,321.0,333.0,JILL REINAUER,IMO7042813,WCW9655,31,0,30,8,3.8,57,A
366727190,2022-01-02T16:30:32,40.60596,-74.20564,0.0,65.8,333.0,JILL REINAUER,IMO7042813,WCW9655,31,0,30,8,3.8,57,A
366727190,2022-01-02T16:09:53,40.60597,-74.20562,0.0,212.7,333.0,JILL REINAUER,IMO7042813,WCW9655,31,0,30,8,3.8,57,A
366727190,2022-01-02T16:40:52,40.60596,-74.20561,0.0,202.9,333.0,JILL REINAUER,IMO7042813,WCW9655,31,0,30,8,3.8,57,A
366727190,2022-01-02T16:42:02,40.60597,-74.20559,0.0,161.9,334.0,JILL REINAUER,IMO7042813,WCW9655,31,0,30,8,3.8,57,A
366727190,2022-01-02T07:11:19,40.63425,-74.19926,5.4,51.5,50.0,JILL REINAUER,IMO7042813,WCW9655,31,0,30,8,3.8,57,A
366727190,2022-01-02T16:35:02,40.60598,-74.20563,0.0,92.8,333.0,JILL REINAUER,IMO7042813,WCW9655,31,0,30,8,3.8,57,A
366727190,2022-01-02T16:46:43,40.60596,-74.20561,0.0,302.4,334.0,JILL REINAUER,IMO7042813,WCW9655,31,0,30,8,3.8,57,A
366727190,2022-01-02T16:37:21,40.60594,-74.20560,0.0,72.4,332.0,JILL REINAUER,IMO7042813,WCW9655,31,0,30,8,3.8,57,A
366727190,2022-01-02T16:19:03,40.60597,-74.20562,0.0,150.7,333.0,JILL REINAUER,IMO7042813,WCW9655,31,0,30,8,3.8,57,A
366727190,2022-01-02T16:18:02,40.60595,-74.20564,0.0,299.9,332.0,JILL REINAUER,IMO7042813,WCW9655,31,0,30,8,3.8,57,A
366727190,2022-01-02T16:52:23,40.60596,-74.20563,0.0,347.4,337.0,JILL REINAUER,IMO7042813,WCW9655,31,0,30,8,3.8,57,A
366727190,2022-01-02T16:21:22,40.60595,-74.20564,0.0,108.9,333.0,JILL REINAUER,IMO7042813,WCW9655,31,0,30,8,3.8,57,A
366727190,2022-01-02T16:07:33,40.60596,-74.20561,0.0,69.4,334.0,JILL REINAUER,IMO7042813,WCW9655,31,0,30,8,3.8,57,A
366727190,2022-01-02T07:16:35,40.64006,-74.19420,2.8,54.7,61.0,JILL REINAUER,IMO7042813,WCW9655,31,0,30,8,3.8,57,A
366727190,2022-01-02T16:26:01,40.60595,-74.20564,0.0,216.2,333.0,JILL REINAUER,IMO7042813,WCW9655,31,0,30,8,3.8,57,A
366727190,2022-01-02T16:27:12,40.60594,-74.20563,0.0,102.4,332.0,JILL REINAUER,IMO7042813,WCW9655,31,0,30,8,3.8,57,A
366727190,2022-01-02T16:29:22,40.60597,-74.20563,0.0,233.9,333.0,JILL REINAUER,IMO7042813,WCW9655,31,0,30,8,3.8,57,A
366727190,2022-01-02T16:53:31,40.60598,-74.20560,0.0,159.0,339.0,JILL REINAUER,IMO7042813,WCW9655,31,0,30,8,3.8,57,A
366727190,2022-01-02T16:38:31,40.60595,-74.20561,0.0,195.2,333.0,JILL REINAUER,IMO7042813,WCW9655,31,0,30,8,3.8,57,A
366727190,2022-01-02T16:58:02,40.60599,-74.20562,0.0,132.4,335.0,JILL REINAUER,IMO7042813,WCW9655,31,0,30,8,3.8,57,A
366727190,2022-01-02T17:12:11,40.60597,-74.20561,0.0,236.3,324.0,JILL REINAUER,IMO7042813,WCW9655,31,0,30,8,3.8,57,A
366727190,2022-01-02T17:08:43,40.60600,-74.20561,0.0,155.0,334.0,JILL REINAUER,IMO7042813,WCW9655,31,0,30,8,3.8,57,A
366727190,2022-01-02T17:01:11,40.60596,-74.20561,0.0,209.1,327.0,JILL REINAUER,IMO7042813,WCW9655,31,0,30,8,3.8,57,A
366727190,2022-01-02T07:23:53,40.63811,-74.19462,6.3,219.2,220.0,JILL REINAUER,IMO7042813,WCW9655,31,0,30,8,3.8,57,A
366727190,2022-01-02T07:26:06,40.63473,-74.19792,7.3,217.3,221.0,JILL REINAUER,IMO7042813,WCW9655,31,0,30,8,3.8,57,A
366727190,2022-01-02T07:29:22,40.63082,-74.20169,3.4,204.2,206.0,JILL REINAUER,IMO7042813,WCW9655,31,0,30,8,3.8,57,A
366727190,2022-01-02T16:28:21,40.60596,-74.20564,0.0,25.6,333.0,JILL REINAUER,IMO7042813,WCW9655,31,0,30,8,3.8,57,A
366727190,2022-01-02T16:44:23,40.60600,-74.20560,0.0,239.1,334.0,JILL REINAUER,IMO7042813,WCW9655,31,0,30,8,3.8,57,A
366727190,2022-01-02T17:09:51,40.60600,-74.20560,0.0,195.6,332.0,JILL REINAUER,IMO7042813,WCW9655,31,0,30,8,3.8,57,A
366727190,2022-01-02T16:50:03,40.60599,-74.20563,0.0,268.0,334.0,JILL REINAUER,IMO7042813,WCW9655,31,0,30,8,3.8,57,A
366727190,2022-01-02T16:45:32,40.60599,-74.20561,0.0,220.7,333.0,JILL REINAUER,IMO7042813,WCW9655,31,0,30,8,3.8,57,A
366727190,2022-01-02T17:11:02,40.60597,-74.20559,0.0,191.6,326.0,JILL REINAUER,IMO7042813,WCW9655,31,0,30,8,3.8,57,A
366727190,2022-01-02T16:31:42,40.60596,-74.20568,0.0,127.3,333.0,JILL REINAUER,IMO7042813,WCW9655,31,0,30,8,3.8,57,A
366727190,2022-01-02T17:25:02,40.60601,-74.20557,0.0,219.4,312.0,JILL REINAUER,IMO7042813,WCW9655,31,0,30,8,3.8,57,A
366727190,2022-01-02T16:36:12,40.60597,-74.20564,0.0,171.4,333.0,JILL REINAUER,IMO7042813,WCW9655,31,0,30,8,3.8,57,A
366727190,2022-01-02T16:51:11,40.60596,-74.20561,0.0,326.8,335.0,JILL REINAUER,IMO7042813,WCW9655,31,0,30,8,3.8,57,A
366727190,2022-01-02T16:57:01,40.60599,-74.20561,0.0,64.9,338.0,JILL REINAUER,IMO7042813,WCW9655,31,0,30,8,3.8,57,A
366727190,2022-01-02T16:54:41,40.60598,-74.20562,0.0,208.3,339.0,JILL REINAUER,IMO7042813,WCW9655,31,0,30,8,3.8,57,A
366727190,2022-01-02T17:27:22,40.60601,-74.20558,0.0,324.2,315.0,JILL REINAUER,IMO7042813,WCW9655,31,0,30,8,3.8,57,A
366727190,2022-01-02T16:43:12,40.60598,-74.20561,0.0,96.4,333.0,JILL REINAUER,IMO7042813,WCW9655,31,0,30,8,3.8,57,A
366727190,2022-01-02T17:34:21,40.60606,-74.20558,0.0,333.4,294.0,JILL REINAUER,IMO7042813,WCW9655,31,0,30,8,3.8,57,A
366727190,2022-01-02T16:49:02,40.60597,-74.20565,0.0,143.4,334.0,JILL REINAUER,IMO7042813,WCW9655,31,0,30,8,3.8,57,A
366727190,2022-01-02T07:34:56,40.62641,-74.20282,1.2,196.1,235.0,JILL REINAUER,IMO7042813,WCW9655,31,0,30,8,3.8,57,A
366727190,2022-01-02T17:28:32,40.60604,-74.20561,0.1,306.2,314.0,JILL REINAUER,IMO7042813,WCW9655,31,0,30,8,3.8,57,A
366727190,2022-01-02T17:30:52,40.60605,-74.20560,0.1,104.5,313.0,JILL REINAUER,IMO7042813,WCW9655,31,0,30,8,3.8,57,A
366727190,2022-01-02T17:39:12,40.60611,-74.20556,0.0,44.2,257.0,JILL REINAUER,IMO7042813,WCW9655,31,0,30,8,3.8,57,A
366727190,2022-01-02T17:50:45,40.60611,-74.20554,0.0,148.8,250.0,JILL REINAUER,IMO7042813,WCW9655,31,0,30,8,3.8,57,A
366727190,2022-01-02T16:55:52,40.60598,-74.20560,0.0,24.9,340.0,JILL REINAUER,IMO7042813,WCW9655,31,0,30,8,3.8,57,A
366727190,2022-01-02T16:59:12,40.60598,-74.20561,0.0,203.3,332.0,JILL REINAUER,IMO7042813,WCW9655,31,0,30,8,3.8,57,A
366727190,2022-01-02T17:17:52,40.60602,-74.20564,0.0,339.7,335.0,JILL REINAUER,IMO7042813,WCW9655,31,0,30,8,3.8,57,A
366727190,2022-01-02T07:45:28,40.62562,-74.20488,0.1,258.6,14.0,JILL REINAUER,IMO7042813,WCW9655,31,0,30,8,3.8,57,A
366727190,2022-01-02T17:56:31,40.60607,-74.20557,0.0,197.5,281.0,JILL REINAUER,IMO7042813,WCW9655,31,0,30,8,3.8,57,A
366727190,2022-01-02T17:46:12,40.60614,-74.20559,0.0,142.0,251.0,JILL REINAUER,IMO7042813,WCW9655,31,0,30,8,3.8,57,A
366727190,2022-01-02T17:00:02,40.60596,-74.20562,0.1,195.5,330.0,JILL REINAUER,IMO7042813,WCW9655,31,0,30,8,3.8,57,A
366727190,2022-01-02T17:03:32,40.60596,-74.20562,0.0,343.7,332.0,JILL REINAUER,IMO7042813,WCW9655,31,0,30,8,3.8,57,A
366727190,2022-01-02T17:23:52,40.60600,-74.20559,0.0,168.8,316.0,JILL REINAUER,IMO7042813,WCW9655,31,0,30,8,3.8,57,A
366727190,2022-01-02T17:47:21,40.60613,-74.20558,0.0,162.1,244.0,JILL REINAUER,IMO7042813,WCW9655,31,0,30,8,3.8,57,A
366727190,2022-01-02T17:48:31,40.60612,-74.20556,0.0,180.7,241.0,JILL REINAUER,IMO7042813,WCW9655,31,0,30,8,3.8,57,A
366727190,2022-01-02T17:49:43,40.60611,-74.20555,0.0,359.0,244.0,JILL REINAUER,IMO7042813,WCW9655,31,0,30,8,3.8,57,A
366727190,2022-01-02T17:53:02,40.60610,-74.20556,0.0,280.6,265.0,JILL REINAUER,IMO7042813,WCW9655,31,0,30,8,3.8,57,A
366727190,2022-01-02T17:51:53,40.60610,-74.20556,0.0,201.2,259.0,JILL REINAUER,IMO7042813,WCW9655,31,0,30,8,3.8,57,A
366727190,2022-01-02T17:55:23,40.60609,-74.20555,0.1,208.6,276.0,JILL REINAUER,IMO7042813,WCW9655,31,0,30,8,3.8,57,A
366727190,2022-01-02T17:13:12,40.60597,-74.20560,0.0,1.4,328.0,JILL REINAUER,IMO7042813,WCW9655,31,0,30,8,3.8,57,A
366727190,2022-01-02T17:16:42,40.60601,-74.20562,0.0,330.9,337.0,JILL REINAUER,IMO7042813,WCW9655,31,0,30,8,3.8,57,A
366727190,2022-01-02T18:10:52,40.60597,-74.20560,0.0,230.6,323.0,JILL REINAUER,IMO7042813,WCW9655,31,0,30,8,3.8,57,A
366727190,2022-01-02T17:21:22,40.60601,-74.20561,0.0,128.9,326.0,JILL REINAUER,IMO7042813,WCW9655,31,0,30,8,3.8,57,A
366727190,2022-01-02T17:19:02,40.60602,-74.20563,0.1,151.8,333.0,JILL REINAUER,IMO7042813,WCW9655,31,0,30,8,3.8,57,A
366727190,2022-01-02T17:58:53,40.60602,-74.20554,0.1,214.4,289.0,JILL REINAUER,IMO7042813,WCW9655,31,0,30,8,3.8,57,A
366727190,2022-01-02T17:20:12,40.60602,-74.20563,0.0,330.6,332.0,JILL REINAUER,IMO7042813,WCW9655,31,0,30,8,3.8,57,A
366727190,2022-01-02T17:36:42,40.60609,-74.20557,0.1,331.2,275.0,JILL REINAUER,IMO7042813,WCW9655,31,0,30,8,3.8,57,A
366727190,2022-01-02T17:40:22,40.60612,-74.20555,0.0,343.8,251.0,JILL REINAUER,IMO7042813,WCW9655,31,0,30,8,3.8,57,A
366727190,2022-01-02T18:01:12,40.60604,-74.20554,0.0,276.5,301.0,JILL REINAUER,IMO7042813,WCW9655,31,0,30,8,3.8,57,A
366727190,2022-01-02T18:07:31,40.60599,-74.20559,0.1,221.0,301.0,JILL REINAUER,IMO7042813,WCW9655,31,0,30,8,3.8,57,A
366727190,2022-01-02T17:33:12,40.60605,-74.20559,0.0,357.8,301.0,JILL REINAUER,IMO7042813,WCW9655,31,0,30,8,3.8,57,A
366727190,2022-01-02T18:21:31,40.60592,-74.20565,0.0,237.5,332.0,JILL REINAUER,IMO7042813,WCW9655,31,0,30,8,3.8,57,A
366727190,2022-01-02T17:32:02,40.60603,-74.20560,0.0,345.3,309.0,JILL REINAUER,IMO7042813,WCW9655,31,0,30,8,3.8,57,A
366727190,2022-01-02T18:26:12,40.60598,-74.20563,0.0,202.0,333.0,JILL REINAUER,IMO7042813,WCW9655,31,0,30,8,3.8,57,A
366727190,2022-01-02T18:14:31,40.60599,-74.20562,0.1,189.2,317.0,JILL REINAUER,IMO7042813,WCW9655,31,0,30,8,3.8,57,A
366727190,2022-01-02T17:35:31,40.60607,-74.20557,0.1,1.9,285.0,JILL REINAUER,IMO7042813,WCW9655,31,0,30,8,3.8,57,A
366727190,2022-01-02T17:42:42,40.60612,-74.20558,0.1,259.5,253.0,JILL REINAUER,IMO7042813,WCW9655,31,0,30,8,3.8,57,A
366727190,2022-01-02T18:18:01,40.60594,-74.20563,0.0,296.8,328.0,JILL REINAUER,IMO7042813,WCW9655,31,0,30,8,3.8,57,A
366727190,2022-01-02T18:36:31,40.60596,-74.20562,0.0,177.1,334.0,JILL REINAUER,IMO7042813,WCW9655,31,0,30,8,3.8,57,A
366727190,2022-01-02T17:41:31,40.60612,-74.20553,0.0,294.0,252.0,JILL REINAUER,IMO7042813,WCW9655,31,0,30,8,3.8,57,A
366727190,2022-01-02T18:00:02,40.60603,-74.20554,0.1,184.1,294.0,JILL REINAUER,IMO7042813,WCW9655,31,0,30,8,3.8,57,A
366727190,2022-01-02T18:22:43,40.60592,-74.20564,0.0,48.5,332.0,JILL REINAUER,IMO7042813,WCW9655,31,0,30,8,3.8,57,A
366727190,2022-01-02T17:45:02,40.60614,-74.20559,0.0,225.2,255.0,JILL REINAUER,IMO7042813,WCW9655,31,0,30,8,3.8,57,A
366727190,2022-01-02T08:01:06,40.62568,-74.20485,0.1,131.9,8.0,JILL REINAUER,IMO7042813,WCW9655,31,0,30,8,3.8,57,A
366727190,2022-01-02T18:30:42,40.60597,-74.20564,0.0,263.3,334.0,JILL REINAUER,IMO7042813,WCW9655,31,0,30,8,3.8,57,A
366727190,2022-01-02T17:57:42,40.60605,-74.20555,0.1,177.2,287.0,JILL REINAUER,IMO7042813,WCW9655,31,0,30,8,3.8,57,A
366727190,2022-01-02T18:49:22,40.60597,-74.20562,0.0,174.4,333.0,JILL REINAUER,IMO7042813,WCW9655,31,0,30,8,3.8,57,A
366727190,2022-01-02T18:12:02,40.60595,-74.20559,0.0,56.8,321.0,JILL REINAUER,IMO7042813,WCW9655,31,0,30,8,3.8,57,A
366727190,2022-01-02T18:33:03,40.60596,-74.20564,0.0,195.4,334.0,JILL REINAUER,IMO7042813,WCW9655,31,0,30,8,3.8,57,A
366727190,2022-01-02T18:04:43,40.60601,-74.20554,0.1,147.9,298.0,JILL REINAUER,IMO7042813,WCW9655,31,0,30,8,3.8,57,A
366727190,2022-01-02T18:41:12,40.60598,-74.20561,0.0,165.9,335.0,JILL REINAUER,IMO7042813,WCW9655,31,0,30,8,3.8,57,A
366727190,2022-01-02T18:42:21,40.60598,-74.20563,0.0,289.0,334.0,JILL REINAUER,IMO7042813,WCW9655,31,0,30,8,3.8,57,A
366727190,2022-01-02T18:03:31,40.60603,-74.20555,0.0,96.3,304.0,JILL REINAUER,IMO7042813,WCW9655,31,0,30,8,3.8,57,A
366727190,2022-01-02T18:06:22,40.60598,-74.20556,0.1,206.9,294.0,JILL REINAUER,IMO7042813,WCW9655,31,0,30,8,3.8,57,A
366727190,2022-01-02T18:45:51,40.60597,-74.20563,0.0,183.4,332.0,JILL REINAUER,IMO7042813,WCW9655,31,0,30,8,3.8,57,A
366727190,2022-01-02T19:03:32,40.60594,-74.20566,0.0,194.0,334.0,JILL REINAUER,IMO7042813,WCW9655,31,0,30,8,3.8,57,A
366727190,2022-01-02T18:47:02,40.60596,-74.20562,0.0,309.9,332.0,JILL REINAUER,IMO7042813,WCW9655,31,0,30,8,3.8,57,A
366727190,2022-01-02T18:08:36,40.60596,-74.20557,0.0,120.2,314.0,JILL REINAUER,IMO7042813,WCW9655,31,0,30,8,3.8,57,A
366727190,2022-01-02T18:28:22,40.60596,-74.20564,0.0,302.8,335.0,JILL REINAUER,IMO7042813,WCW9655,31,0,30,8,3.8,57,A
366727190,2022-01-02T18:09:42,40.60596,-74.20557,0.0,211.9,322.0,JILL REINAUER,IMO7042813,WCW9655,31,0,30,8,3.8,57,A
366727190,2022-01-02T18:13:21,40.60596,-74.20560,0.0,232.8,316.0,JILL REINAUER,IMO7042813,WCW9655,31,0,30,8,3.8,57,A
366727190,2022-01-02T18:27:21,40.60597,-74.20564,0.0,185.4,334.0,JILL REINAUER,IMO7042813,WCW9655,31,0,30,8,3.8,57,A
366727190,2022-01-02T08:07:32,40.61617,-74.20362,8.2,182.7,185.0,JILL REINAUER,IMO7042813,WCW9655,31,0,30,8,3.8,57,A
366727190,2022-01-02T18:29:32,40.60597,-74.20562,0.0,229.7,335.0,JILL REINAUER,IMO7042813,WCW9655,31,0,30,8,3.8,57,A
366727190,2022-01-02T19:12:01,40.60595,-74.20561,0.0,9.7,334.0,JILL REINAUER,IMO7042813,WCW9655,31,0,30,8,3.8,57,A
366727190,2022-01-02T18:50:32,40.60596,-74.20560,0.0,162.1,333.0,JILL REINAUER,IMO7042813,WCW9655,31,0,30,8,3.8,57,A
366727190,2022-01-02T18:35:22,40.60596,-74.20563,0.0,119.2,335.0,JILL REINAUER,IMO7042813,WCW9655,31,0,30,8,3.8,57,A
366727190,2022-01-02T18:16:52,40.60593,-74.20558,0.0,286.6,323.0,JILL REINAUER,IMO7042813,WCW9655,31,0,30,8,3.8,57,A
366727190,2022-01-02T18:56:12,40.60594,-74.20564,0.0,270.7,334.0,JILL REINAUER,IMO7042813,WCW9655,31,0,30,8,3.8,57,A
366727190,2022-01-02T18:19:13,40.60592,-74.20566,0.0,359.8,330.0,JILL REINAUER,IMO7042813,WCW9655,31,0,30,8,3.8,57,A
366727190,2022-01-02T18:59:32,40.60596,-74.20564,0.0,248.6,334.0,JILL REINAUER,IMO7042813,WCW9655,31,0,30,8,3.8,57,A
366727190,2022-01-02T19:15:22,40.60596,-74.20563,0.1,10.9,334.0,JILL REINAUER,IMO7042813,WCW9655,31,0,30,8,3.8,57,A
366727190,2022-01-02T18:25:03,40.60596,-74.20563,0.0,150.4,332.0,JILL REINAUER,IMO7042813,WCW9655,31,0,30,8,3.8,57,A
366727190,2022-01-02T18:37:43,40.60596,-74.20561,0.0,211.9,335.0,JILL REINAUER,IMO7042813,WCW9655,31,0,30,8,3.8,57,A
366727190,2022-01-02T18:40:02,40.60596,-74.20564,0.0,195.9,334.0,JILL REINAUER,IMO7042813,WCW9655,31,0,30,8,3.8,57,A
366727190,2022-01-02T18:31:52,40.60597,-74.20564,0.0,312.6,335.0,JILL REINAUER,IMO7042813,WCW9655,31,0,30,8,3.8,57,A
366727190,2022-01-02T19:23:11,40.60595,-74.20565,0.0,258.2,335.0,JILL REINAUER,IMO7042813,WCW9655,31,0,30,8,3.8,57,A
366727190,2022-01-02T08:11:42,40.60649,-74.20425,9.3,170.8,167.0,JILL REINAUER,IMO7042813,WCW9655,31,0,30,8,3.8,57,A
366727190,2022-01-02T18:34:11,40.60596,-74.20564,0.0,176.8,333.0,JILL REINAUER,IMO7042813,WCW9655,31,0,30,8,3.8,57,A
366727190,2022-01-02T18:44:42,40.60596,-74.20563,0.0,193.1,331.0,JILL REINAUER,IMO7042813,WCW9655,31,0,30,8,3.8,57,A
366727190,2022-01-02T08:12:45,40.60446,-74.20331,6.0,153.2,153.0,JILL REINAUER,IMO7042813,WCW9655,31,0,30,8,3.8,57,A
366727190,2022-01-02T18:52:53,40.60596,-74.20564,0.0,314.1,333.0,JILL REINAUER,IMO7042813,WCW9655,31,0,30,8,3.8,57,A
366727190,2022-01-02T18:54:01,40.60597,-74.20563,0.0,269.0,334.0,JILL REINAUER,IMO7042813,WCW9655,31,0,30,8,3.8,57,A
366727190,2022-01-02T19:09:43,40.60596,-74.20562,0.0,281.9,333.0,JILL REINAUER,IMO7042813,WCW9655,31,0,30,8,3.8,57,A
366727190,2022-01-02T18:51:41,40.60596,-74.20562,0.0,322.0,333.0,JILL REINAUER,IMO7042813,WCW9655,31,0,30,8,3.8,57,A
366727190,2022-01-02T18:43:32,40.60598,-74.20564,0.0,48.0,332.0,JILL REINAUER,IMO7042813,WCW9655,31,0,30,8,3.8,57,A
366727190,2022-01-02T19:13:12,40.60595,-74.20563,0.0,251.4,333.0,JILL REINAUER,IMO7042813,WCW9655,31,0,30,8,3.8,57,A
366727190,2022-01-02T18:48:12,40.60598,-74.20562,0.0,271.7,333.0,JILL REINAUER,IMO7042813,WCW9655,31,0,30,8,3.8,57,A
366727190,2022-01-02T18:57:21,40.60595,-74.20562,0.0,268.6,334.0,JILL REINAUER,IMO7042813,WCW9655,31,0,30,8,3.8,57,A
366727190,2022-01-02T19:40:32,40.60602,-74.20560,0.0,144.4,331.0,JILL REINAUER,IMO7042813,WCW9655,31,0,30,8,3.8,57,A
366727190,2022-01-02T19:04:42,40.60597,-74.20563,0.0,324.1,334.0,JILL REINAUER,IMO7042813,WCW9655,31,0,30,8,3.8,57,A
366727190,2022-01-02T19:41:42,40.60600,-74.20559,0.1,158.0,327.0,JILL REINAUER,IMO7042813,WCW9655,31,0,30,8,3.8,57,A
366727190,2022-01-02T19:27:52,40.60600,-74.20563,0.1,215.9,336.0,JILL REINAUER,IMO7042813,WCW9655,31,0,30,8,3.8,57,A
366727190,2022-01-02T19:48:52,40.60598,-74.20562,0.0,185.7,333.0,JILL REINAUER,IMO7042813,WCW9655,31,0,30,8,3.8,57,A
366727190,2022-01-02T19:25:31,40.60598,-74.20562,0.0,349.1,334.0,JILL REINAUER,IMO7042813,WCW9655,31,0,30,8,3.8,57,A
366727190,2022-01-02T18:58:31,40.60595,-74.20563,0.0,317.3,334.0,JILL REINAUER,IMO7042813,WCW9655,31,0,30,8,3.8,57,A
366727190,2022-01-02T19:26:41,40.60600,-74.20561,0.0,211.5,331.0,JILL REINAUER,IMO7042813,WCW9655,31,0,30,8,3.8,57,A
366727190,2022-01-02T19:53:32,40.60596,-74.20557,0.0,227.4,324.0,JILL REINAUER,IMO7042813,WCW9655,31,0,30,8,3.8,57,A
366727190,2022-01-02T19:38:13,40.60600,-74.20563,0.1,345.5,337.0,JILL REINAUER,IMO7042813,WCW9655,31,0,30,8,3.8,57,A
366727190,2022-01-02T19:32:22,40.60599,-74.20562,0.0,64.8,339.0,JILL REINAUER,IMO7042813,WCW9655,31,0,30,8,3.8,57,A
366727190,2022-01-02T19:17:33,40.60596,-74.20563,0.0,189.3,334.0,JILL REINAUER,IMO7042813,WCW9655,31,0,30,8,3.8,57,A
366727190,2022-01-02T19:07:21,40.60597,-74.20563,0.0,218.8,332.0,JILL REINAUER,IMO7042813,WCW9655,31,0,30,8,3.8,57,A
366727190,2022-01-02T08:25:56,40.58985,-74.20628,1.0,107.8,59.0,JILL REINAUER,IMO7042813,WCW9655,31,0,30,8,3.8,57,A
366727190,2022-01-02T20:02:22,40.60598,-74.20564,0.0,339.5,339.0,JILL REINAUER,IMO7042813,WCW9655,31,0,30,8,3.8,57,A
366727190,2022-01-02T19:06:12,40.60596,-74.20563,0.0,153.0,332.0,JILL REINAUER,IMO7042813,WCW9655,31,0,30,8,3.8,57,A
366727190,2022-01-02T19:10:52,40.60596,-74.20562,0.0,250.4,334.0,JILL REINAUER,IMO7042813,WCW9655,31,0,30,8,3.8,57,A
366727190,2022-01-02T20:06:22,40.60600,-74.20564,0.0,12.4,338.0,JILL REINAUER,IMO7042813,WCW9655,31,0,30,8,3.8,57,A
366727190,2022-01-02T19:24:21,40.60597,-74.20562,0.0,144.4,335.0,JILL REINAUER,IMO7042813,WCW9655,31,0,30,8,3.8,57,A
366727190,2022-01-02T19:08:32,40.60598,-74.20563,0.0,182.2,333.0,JILL REINAUER,IMO7042813,WCW9655,31,0,30,8,3.8,57,A
366727190,2022-01-02T19:51:12,40.60598,-74.20558,0.0,172.6,321.0,JILL REINAUER,IMO7042813,WCW9655,31,0,30,8,3.8,57,A
366727190,2022-01-02T19:16:31,40.60596,-74.20563,0.0,147.9,334.0,JILL REINAUER,IMO7042813,WCW9655,31,0,30,8,3.8,57,A
366727190,2022-01-02T19:45:12,40.60598,-74.20560,0.0,333.9,333.0,JILL REINAUER,IMO7042813,WCW9655,31,0,30,8,3.8,57,A
366727190,2022-01-02T19:30:02,40.60602,-74.20560,0.0,262.5,335.0,JILL REINAUER,IMO7042813,WCW9655,31,0,30,8,3.8,57,A
366727190,2022-01-02T08:33:23,40.59165,-74.20613,0.3,320.8,296.0,JILL REINAUER,IMO7042813,WCW9655,31,0,30,8,3.8,57,A
366727190,2022-01-02T19:20:52,40.60597,-74.20564,0.0,199.7,334.0,JILL REINAUER,IMO7042813,WCW9655,31,0,30,8,3.8,57,A
366727190,2022-01-02T19:52:21,40.60597,-74.20558,0.0,275.7,321.0,JILL REINAUER,IMO7042813,WCW9655,31,0,30,8,3.8,57,A
366727190,2022-01-02T20:21:42,40.60597,-74.20564,0.1,212.1,330.0,JILL REINAUER,IMO7042813,WCW9655,31,0,30,8,3.8,57,A
366727190,2022-01-02T20:00:01,40.60598,-74.20562,0.0,279.0,338.0,JILL REINAUER,IMO7042813,WCW9655,31,0,30,8,3.8,57,A
366727190,2022-01-02T19:22:01,40.60595,-74.20561,0.0,267.0,335.0,JILL REINAUER,IMO7042813,WCW9655,31,0,30,8,3.8,57,A
366727190,2022-01-02T20:01:12,40.60597,-74.20563,0.0,304.0,338.0,JILL REINAUER,IMO7042813,WCW9655,31,0,30,8,3.8,57,A
366727190,2022-01-02T20:22:53,40.60597,-74.20565,0.1,202.1,332.0,JILL REINAUER,IMO7042813,WCW9655,31,0,30,8,3.8,57,A
366727190,2022-01-02T19:37:02,40.60598,-74.20562,0.0,358.1,337.0,JILL REINAUER,IMO7042813,WCW9655,31,0,30,8,3.8,57,A
366727190,2022-01-02T19:55:52,40.60596,-74.20561,0.0,279.2,333.0,JILL REINAUER,IMO7042813,WCW9655,31,0,30,8,3.8,57,A
366727190,2022-01-02T20:03:33,40.60598,-74.20566,0.0,318.0,339.0,JILL REINAUER,IMO7042813,WCW9655,31,0,30,8,3.8,57,A
366727190,2022-01-02T20:24:12,40.60596,-74.20563,0.1,313.4,337.0,JILL REINAUER,IMO7042813,WCW9655,31,0,30,8,3.8,57,A
366727190,2022-01-02T19:59:22,40.60598,-74.20561,0.0,220.0,339.0,JILL REINAUER,IMO7042813,WCW9655,31,0,30,8,3.8,57,A
366727190,2022-01-02T20:09:53,40.60598,-74.20562,0.0,213.2,335.0,JILL REINAUER,IMO7042813,WCW9655,31,0,30,8,3.8,57,A
366727190,2022-01-02T19:31:12,40.60600,-74.20560,0.0,80.7,337.0,JILL REINAUER,IMO7042813,WCW9655,31,0,30,8,3.8,57,A
366727190,2022-01-02T20:30:12,40.60593,-74.20564,0.0,134.2,341.0,JILL REINAUER,IMO7042813,WCW9655,31,0,30,8,3.8,57,A
366727190,2022-01-02T20:11:02,40.60598,-74.20563,0.0,171.5,332.0,JILL REINAUER,IMO7042813,WCW9655,31,0,30,8,3.8,57,A
366727190,2022-01-02T19:50:02,40.60598,-74.20559,0.0,157.9,327.0,JILL REINAUER,IMO7042813,WCW9655,31,0,30,8,3.8,57,A
366727190,2022-01-02T20:13:21,40.60598,-74.20562,0.0,118.2,325.0,JILL REINAUER,IMO7042813,WCW9655,31,0,30,8,3.8,57,A
366727190,2022-01-02T19:33:32,40.60601,-74.20561,0.0,267.5,332.0,JILL REINAUER,IMO7042813,WCW9655,31,0,30,8,3.8,57,A
366727190,2022-01-02T20:16:51,40.60596,-74.20562,0.1,219.7,317.0,JILL REINAUER,IMO7042813,WCW9655,31,0,30,8,3.8,57,A
366727190,2022-01-02T19:35:52,40.60597,-74.20561,0.1,239.5,326.0,JILL REINAUER,IMO7042813,WCW9655,31,0,30,8,3.8,57,A
366727190,2022-01-02T19:39:22,40.60601,-74.20562,0.0,8.1,333.0,JILL REINAUER,IMO7042813,WCW9655,31,0,30,8,3.8,57,A
366727190,2022-01-02T19:57:01,40.60596,-74.20562,0.0,292.8,337.0,JILL REINAUER,IMO7042813,WCW9655,31,0,30,8,3.8,57,A
366727190,2022-01-02T20:14:32,40.60598,-74.20560,0.1,197.5,324.0,JILL REINAUER,IMO7042813,WCW9655,31,0,30,8,3.8,57,A
366727190,2022-01-02T19:44:02,40.60597,-74.20560,0.0,303.1,323.0,JILL REINAUER,IMO7042813,WCW9655,31,0,30,8,3.8,57,A
366727190,2022-01-02T20:42:36,40.60670,-74.20537,2.4,90.2,120.0,JILL REINAUER,IMO7042813,WCW9655,31,0,30,8,3.8,57,A
366727190,2022-01-02T20:04:42,40.60598,-74.20566,0.0,88.0,338.0,JILL REINAUER,IMO7042813,WCW9655,31,0,30,8,3.8,57,A
366727190,2022-01-02T20:18:13,40.60595,-74.20561,0.0,54.5,320.0,JILL REINAUER,IMO7042813,WCW9655,31,0,30,8,3.8,57,A
366727190,2022-01-02T20:07:31,40.60600,-74.20562,0.0,353.0,337.0,JILL REINAUER,IMO7042813,WCW9655,31,0,30,8,3.8,57,A
366727190,2022-01-02T20:19:23,40.60596,-74.20562,0.0,272.7,326.0,JILL REINAUER,IMO7042813,WCW9655,31,0,30,8,3.8,57,A
366727190,2022-01-02T20:20:32,40.60598,-74.20563,0.0,309.2,328.0,JILL REINAUER,IMO7042813,WCW9655,31,0,30,8,3.8,57,A
366727190,2022-01-02T20:37:11,40.60597,-74.20562,0.0,310.5,325.0,JILL REINAUER,IMO7042813,WCW9655,31,0,30,8,3.8,57,A
366727190,2022-01-02T20:12:13,40.60599,-74.20563,0.0,192.2,328.0,JILL REINAUER,IMO7042813,WCW9655,31,0,30,8,3.8,57,A
366727190,2022-01-02T19:58:12,40.60598,-74.20561,0.0,273.3,338.0,JILL REINAUER,IMO7042813,WCW9655,31,0,30,8,3.8,57,A
366727190,2022-01-02T20:08:42,40.60600,-74.20564,0.0,263.7,336.0,JILL REINAUER,IMO7042813,WCW9655,31,0,30,8,3.8,57,A
366727190,2022-01-02T08:51:01,40.59170,-74.20615,0.0,144.1,296.0,JILL REINAUER,IMO7042813,WCW9655,31,0,30,8,3.8,57,A
366727190,2022-01-02T20:26:31,40.60596,-74.20564,0.1,227.4,341.0,JILL REINAUER,IMO7042813,WCW9655,31,0,30,8,3.8,57,A
366727190,2022-01-02T20:47:52,40.59576,-74.20178,8.5,211.9,217.0,JILL REINAUER,IMO7042813,WCW9655,31,0,30,8,3.8,57,A
366727190,2022-01-02T20:40:33,40.60599,-74.20561,0.2,339.6,328.0,JILL REINAUER,IMO7042813,WCW9655,31,0,30,8,3.8,57,A
366727190,2022-01-02T20:28:53,40.60592,-74.20566,0.0,9.1,340.0,JILL REINAUER,IMO7042813,WCW9655,31,0,30,8,3.8,57,A
366727190,2022-01-02T20:15:42,40.60597,-74.20562,0.0,175.4,322.0,JILL REINAUER,IMO7042813,WCW9655,31,0,30,8,3.8,57,A
366727190,2022-01-02T20:25:21,40.60596,-74.20565,0.1,257.3,341.0,JILL REINAUER,IMO7042813,WCW9655,31,0,30,8,3.8,57,A
366727190,2022-01-02T20:32:33,40.60594,-74.20567,0.0,114.3,331.0,JILL REINAUER,IMO7042813,WCW9655,31,0,30,8,3.8,57,A
366727190,2022-01-02T20:33:42,40.60596,-74.20563,0.0,280.5,328.0,JILL REINAUER,IMO7042813,WCW9655,31,0,30,8,3.8,57,A
366727190,2022-01-02T20:55:31,40.58004,-74.20928,9.1,188.2,190.0,JILL REINAUER,IMO7042813,WCW9655,31,0,30,8,3.8,57,A
366727190,2022-01-02T08:56:26,40.59169,-74.20611,0.4,99.9,294.0,JILL REINAUER,IMO7042813,WCW9655,31,0,30,8,3.8,57,A
366727190,2022-01-02T20:31:21,40.60592,-74.20566,0.0,348.4,335.0,JILL REINAUER,IMO7042813,WCW9655,31,0,30,8,3.8,57,A
366727190,2022-01-02T21:14:27,40.55433,-74.24353,8.8,240.0,240.0,JILL REINAUER,IMO7042813,WCW9655,31,0,30,8,3.8,57,A
366727190,2022-01-02T21:16:35,40.55111,-74.24889,8.8,218.8,222.0,JILL REINAUER,IMO7042813,WCW9655,31,0,30,8,3.8,57,A
366727190,2022-01-02T21:17:39,40.54889,-74.25082,8.7,208.4,208.0,JILL REINAUER,IMO7042813,WCW9655,31,0,30,8,3.8,57,A
366727190,2022-01-02T21:19:46,40.54453,-74.25195,8.2,179.0,179.0,JILL REINAUER,IMO7042813,WCW9655,31,0,30,8,3.8,57,A
366727190,2022-01-02T20:39:22,40.60598,-74.20562,0.0,251.6,327.0,JILL REINAUER,IMO7042813,WCW9655,31,0,30,8,3.8,57,A
366727190,2022-01-02T20:58:47,40.57175,-74.21094,9.0,194.3,197.0,JILL REINAUER,IMO7042813,WCW9655,31,0,30,8,3.8,57,A
366727190,2022-01-02T20:43:38,40.60551,-74.20420,8.4,149.5,151.0,JILL REINAUER,IMO7042813,WCW9655,31,0,30,8,3.8,57,A
366727190,2022-01-02T20:49:01,40.59356,-74.20373,8.0,214.6,216.0,JILL REINAUER,IMO7042813,WCW9655,31,0,30,8,3.8,57,A
366727190,2022-01-02T20:46:49,40.59807,-74.20043,8.8,201.3,206.0,JILL REINAUER,IMO7042813,WCW9655,31,0,30,8,3.8,57,A
366727190,2022-01-02T21:03:31,40.56110,-74.21467,7.9,205.6,210.0,JILL REINAUER,IMO7042813,WCW9655,31,0,30,8,3.8,57,A
366727190,2022-01-02T20:53:12,40.58530,-74.20811,8.3,191.9,196.0,JILL REINAUER,IMO7042813,WCW9655,31,0,30,8,3.8,57,A
366727190,2022-01-02T20:38:12,40.60598,-74.20563,0.0,46.0,328.0,JILL REINAUER,IMO7042813,WCW9655,31,0,30,8,3.8,57,A
366727190,2022-01-02T21:15:33,40.55284,-74.24646,8.8,232.7,233.0,JILL REINAUER,IMO7042813,WCW9655,31,0,30,8,3.8,57,A
366727190,2022-01-02T20:41:35,40.60607,-74.20564,1.3,353.0,356.0,JILL REINAUER,IMO7042813,WCW9655,31,0,30,8,3.8,57,A
366727190,2022-01-02T20:44:39,40.60335,-74.20228,9.9,143.0,147.0,JILL REINAUER,IMO7042813,WCW9655,31,0,30,8,3.8,57,A
366727190,2022-01-02T21:12:13,40.55636,-74.23693,8.8,251.9,253.0,JILL REINAUER,IMO7042813,WCW9655,31,0,30,8,3.8,57,A
366727190,2022-01-02T20:45:42,40.60086,-74.20045,9.6,161.7,167.0,JILL REINAUER,IMO7042813,WCW9655,31,0,30,8,3.8,57,A
366727190,2022-01-02T21:18:45,40.54666,-74.25173,7.6,185.2,184.0,JILL REINAUER,IMO7042813,WCW9655,31,0,30,8,3.8,57,A
366727190,2022-01-02T20:56:43,40.57702,-74.20995,9.4,190.7,191.0,JILL REINAUER,IMO7042813,WCW9655,31,0,30,8,3.8,57,A
366727190,2022-01-02T20:34:53,40.60597,-74.20563,0.0,243.4,324.0,JILL REINAUER,IMO7042813,WCW9655,31,0,30,8,3.8,57,A
366727190,2022-01-02T20:36:02,40.60596,-74.20562,0.1,284.0,323.0,JILL REINAUER,IMO7042813,WCW9655,31,0,30,8,3.8,57,A
366727190,2022-01-02T09:05:33,40.57730,-74.20974,8.4,189.1,191.0,JILL REINAUER,IMO7042813,WCW9655,31,0,30,8,3.8,57,A
366727190,2022-01-02T21:00:02,40.56871,-74.21171,9.0,191.0,194.0,JILL REINAUER,IMO7042813,WCW9655,31,0,30,8,3.8,57,A
366727190,2022-01-02T20:50:06,40.59161,-74.20537,7.5,214.2,214.0,JILL REINAUER,IMO7042813,WCW9655,31,0,30,8,3.8,57,A
366727190,2022-01-02T20:51:09,40.58969,-74.20661,7.8,195.5,200.0,JILL REINAUER,IMO7042813,WCW9655,31,0,30,8,3.8,57,A
366727190,2022-01-02T21:41:42,40.53482,-74.25224,0.1,252.8,265.0,JILL REINAUER,IMO7042813,WCW9655,31,0,30,8,3.8,57,A
366727190,2022-01-02T21:02:28,40.56318,-74.21358,7.8,199.7,200.0,JILL REINAUER,IMO7042813,WCW9655,31,0,30,8,3.8,57,A
366727190,2022-01-02T21:42:52,40.53483,-74.25228,0.1,290.8,262.0,JILL REINAUER,IMO7042813,WCW9655,31,0,30,8,3.8,57,A
366727190,2022-01-02T20:54:22,40.58270,-74.20878,8.1,191.4,192.0,JILL REINAUER,IMO7042813,WCW9655,31,0,30,8,3.8,57,A
366727190,2022-01-02T21:44:02,40.53478,-74.25228,0.2,165.6,260.0,JILL REINAUER,IMO7042813,WCW9655,31,0,30,8,3.8,57,A
366727190,2022-01-02T21:21:54,40.53928,-74.25149,7.9,172.7,176.0,JILL REINAUER,IMO7042813,WCW9655,31,0,30,8,3.8,57,A
366727190,2022-01-02T21:10:01,40.55725,-74.23046,7.4,267.5,271.0,JILL REINAUER,IMO7042813,WCW9655,31,0,30,8,3.8,57,A
366727190,2022-01-02T21:46:12,40.53477,-74.25229,0.0,261.8,261.0,JILL REINAUER,IMO7042813,WCW9655,31,0,30,8,3.8,57,A
366727190,2022-01-02T20:57:44,40.57436,-74.21024,9.2,185.4,194.0,JILL REINAUER,IMO7042813,WCW9655,31,0,30,8,3.8,57,A
366727190,2022-01-02T21:08:56,40.55733,-74.22759,7.4,270.5,274.0,JILL REINAUER,IMO7042813,WCW9655,31,0,30,8,3.8,57,A
366727190,2022-01-02T21:13:21,40.55547,-74.24043,8.8,248.6,249.0,JILL REINAUER,IMO7042813,WCW9655,31,0,30,8,3.8,57,A
366727190,2022-01-02T21:31:29,40.53442,-74.25056,1.8,280.3,295.0,JILL REINAUER,IMO7042813,WCW9655,31,0,30,8,3.8,57,A
366727190,2022-01-02T09:10:11,40.56686,-74.21273,8.3,193.2,196.0,JILL REINAUER,IMO7042813,WCW9655,31,0,30,8,3.8,57,A
366727190,2022-01-02T09:11:15,40.56446,-74.21357,8.4,197.7,203.0,JILL REINAUER,IMO7042813,WCW9655,31,0,30,8,3.8,57,A
366727190,2022-01-02T21:01:05,40.56614,-74.21252,8.5,194.8,193.0,JILL REINAUER,IMO7042813,WCW9655,31,0,30,8,3.8,57,A
366727190,2022-01-02T21:28:19,40.53317,-74.25026,1.0,43.5,51.0,JILL REINAUER,IMO7042813,WCW9655,31,0,30,8,3.8,57,A
366727190,2022-01-02T21:35:53,40.53472,-74.25163,0.3,260.5,278.0,JILL REINAUER,IMO7042813,WCW9655,31,0,30,8,3.8,57,A
366727190,2022-01-02T21:04:34,40.55920,-74.21639,7.8,224.1,230.0,JILL REINAUER,IMO7042813,WCW9655,31,0,30,8,3.8,57,A
366727190,2022-01-02T20:52:10,40.58756,-74.20752,7.9,192.8,194.0,JILL REINAUER,IMO7042813,WCW9655,31,0,30,8,3.8,57,A
366727190,2022-01-02T21:56:21,40.53520,-74.25205,0.4,17.4,190.0,JILL REINAUER,IMO7042813,WCW9655,31,0,30,8,3.8,57,A
366727190,2022-01-02T09:20:52,40.55674,-74.23728,8.3,246.7,250.0,JILL REINAUER,IMO7042813,WCW9655,31,0,30,8,3.8,57,A
366727190,2022-01-02T21:20:49,40.54194,-74.25173,9.0,180.3,182.0,JILL REINAUER,IMO7042813,WCW9655,31,0,30,8,3.8,57,A
366727190,2022-01-02T21:38:12,40.53475,-74.25198,0.4,291.6,276.0,JILL REINAUER,IMO7042813,WCW9655,31,0,30,8,3.8,57,A
366727190,2022-01-02T21:23:58,40.53565,-74.25090,4.3,176.1,171.0,JILL REINAUER,IMO7042813,WCW9655,31,0,30,8,3.8,57,A
366727190,2022-01-02T20:59:51,40.56911,-74.21161,9.0,190.2,195.0,JILL REINAUER,IMO7042813,WCW9655,31,0,30,8,3.8,57,A
366727190,2022-01-02T21:39:22,40.53477,-74.25212,0.2,276.4,272.0,JILL REINAUER,IMO7042813,WCW9655,31,0,30,8,3.8,57,A
366727190,2022-01-02T21:40:31,40.53482,-74.25220,0.2,302.4,264.0,JILL REINAUER,IMO7042813,WCW9655,31,0,30,8,3.8,57,A
366727190,2022-01-02T22:04:12,40.53585,-74.25419,0.1,179.9,290.0,JILL REINAUER,IMO7042813,WCW9655,31,0,30,8,3.8,57,A
366727190,2022-01-02T21:05:39,40.55784,-74.21875,7.5,241.2,253.0,JILL REINAUER,IMO7042813,WCW9655,31,0,30,8,3.8,57,A
366727190,2022-01-02T21:29:22,40.53348,-74.24990,1.9,22.2,23.0,JILL REINAUER,IMO7042813,WCW9655,31,0,30,8,3.8,57,A
366727190,2022-01-02T21:30:24,40.53408,-74.24998,2.1,332.2,343.0,JILL REINAUER,IMO7042813,WCW9655,31,0,30,8,3.8,57,A
366727190,2022-01-02T21:55:14,40.53502,-74.25209,0.6,15.4,197.0,JILL REINAUER,IMO7042813,WCW9655,31,0,30,8,3.8,57,A
366727190,2022-01-02T21:49:42,40.53478,-74.25228,0.0,305.4,262.0,JILL REINAUER,IMO7042813,WCW9655,31,0,30,8,3.8,57,A
366727190,2022-01-02T21:27:16,40.53328,-74.25054,1.6,148.7,93.0,JILL REINAUER,IMO7042813,WCW9655,31,0,30,8,3.8,57,A
366727190,2022-01-02T21:52:02,40.53480,-74.25230,0.0,133.1,258.0,JILL REINAUER,IMO7042813,WCW9655,31,0,30,8,3.8,57,A
366727190,2022-01-02T21:58:35,40.53531,-74.25203,0.8,257.1,248.0,JILL REINAUER,IMO7042813,WCW9655,31,0,30,8,3.8,57,A
366727190,2022-01-02T21:37:02,40.53472,-74.25179,0.5,276.4,281.0,JILL REINAUER,IMO7042813,WCW9655,31,0,30,8,3.8,57,A
366727190,2022-01-02T21:53:08,40.53480,-74.25231,0.1,358.7,256.0,JILL REINAUER,IMO7042813,WCW9655,31,0,30,8,3.8,57,A
366727190,2022-01-02T22:12:32,40.53582,-74.25420,0.0,148.2,307.0,JILL REINAUER,IMO7042813,WCW9655,31,0,30,8,3.8,57,A
366727190,2022-01-02T21:57:32,40.53531,-74.25200,0.3,17.5,193.0,JILL REINAUER,IMO7042813,WCW9655,31,0,30,8,3.8,57,A
366727190,2022-01-02T21:34:43,40.53466,-74.25149,0.5,280.6,287.0,JILL REINAUER,IMO7042813,WCW9655,31,0,30,8,3.8,57,A
366727190,2022-01-02T22:22:02,40.53587,-74.25423,0.0,325.5,308.0,JILL REINAUER,IMO7042813,WCW9655,31,0,30,8,3.8,57,A
366727190,2022-01-02T21:48:31,40.53477,-74.25228,0.1,19.0,257.0,JILL REINAUER,IMO7042813,WCW9655,31,0,30,8,3.8,57,A
366727190,2022-01-02T21:50:52,40.53479,-74.25228,0.0,344.0,261.0,JILL REINAUER,IMO7042813,WCW9655,31,0,30,8,3.8,57,A
366727190,2022-01-02T22:11:23,40.53581,-74.25417,0.0,238.1,305.0,JILL REINAUER,IMO7042813,WCW9655,31,0,30,8,3.8,57,A
366727190,2022-01-02T21:26:15,40.53380,-74.25070,2.0,177.9,149.0,JILL REINAUER,IMO7042813,WCW9655,31,0,30,8,3.8,57,A
366727190,2022-01-02T22:09:13,40.53583,-74.25419,0.0,212.9,300.0,JILL REINAUER,IMO7042813,WCW9655,31,0,30,8,3.8,57,A
366727190,2022-01-02T21:45:07,40.53477,-74.25229,0.1,186.7,259.0,JILL REINAUER,IMO7042813,WCW9655,31,0,30,8,3.8,57,A
366727190,2022-01-02T21:54:13,40.53486,-74.25223,0.7,39.5,219.0,JILL REINAUER,IMO7042813,WCW9655,31,0,30,8,3.8,57,A
366727190,2022-01-02T22:30:22,40.53583,-74.25423,0.0,129.8,311.0,JILL REINAUER,IMO7042813,WCW9655,31,0,30,8,3.8,57,A
366727190,2022-01-02T21:47:22,40.53478,-74.25231,0.0,183.6,267.0,JILL REINAUER,IMO7042813,WCW9655,31,0,30,8,3.8,57,A
366727190,2022-01-02T21:32:32,40.53452,-74.25104,0.9,302.6,289.0,JILL REINAUER,IMO7042813,WCW9655,31,0,30,8,3.8,57,A
366727190,2022-01-02T22:18:32,40.53587,-74.25424,0.0,149.3,313.0,JILL REINAUER,IMO7042813,WCW9655,31,0,30,8,3.8,57,A
366727190,2022-01-02T21:33:34,40.53464,-74.25128,0.6,294.9,286.0,JILL REINAUER,IMO7042813,WCW9655,31,0,30,8,3.8,57,A
366727190,2022-01-02T22:00:02,40.53591,-74.25248,4.0,343.8,333.0,JILL REINAUER,IMO7042813,WCW9655,31,0,30,8,3.8,57,A
366727190,2022-01-02T21:59:39,40.53555,-74.25240,2.9,351.6,357.0,JILL REINAUER,IMO7042813,WCW9655,31,0,30,8,3.8,57,A
366727190,2022-01-02T22:37:32,40.53588,-74.25424,0.0,150.6,311.0,JILL REINAUER,IMO7042813,WCW9655,31,0,30,8,3.8,57,A
366727190,2022-01-02T22:01:06,40.53630,-74.25343,2.7,236.8,236.0,JILL REINAUER,IMO7042813,WCW9655,31,0,30,8,3.8,57,A
366727190,2022-01-02T22:03:08,40.53591,-74.25420,0.2,170.5,280.0,JILL REINAUER,IMO7042813,WCW9655,31,0,30,8,3.8,57,A
366727190,2022-01-02T22:05:22,40.53585,-74.25422,0.1,215.5,301.0,JILL REINAUER,IMO7042813,WCW9655,31,0,30,8,3.8,57,A
366727190,2022-01-02T22:08:12,40.53582,-74.25417,0.0,70.6,302.0,JILL REINAUER,IMO7042813,WCW9655,31,0,30,8,3.8,57,A
366727190,2022-01-02T22:29:12,40.53583,-74.25423,0.0,286.6,310.0,JILL REINAUER,IMO7042813,WCW9655,31,0,30,8,3.8,57,A
366727190,2022-01-02T22:48:23,40.53585,-74.25422,0.0,15.3,312.0,JILL REINAUER,IMO7042813,WCW9655,31,0,30,8,3.8,57,A
366727190,2022-01-02T22:35:12,40.53586,-74.25424,0.0,268.7,312.0,JILL REINAUER,IMO7042813,WCW9655,31,0,30,8,3.8,57,A
366727190,2022-01-02T22:14:51,40.53584,-74.25423,0.0,249.5,305.0,JILL REINAUER,IMO7042813,WCW9655,31,0,30,8,3.8,57,A
366727190,2022-01-02T22:36:23,40.53585,-74.25424,0.0,309.5,312.0,JILL REINAUER,IMO7042813,WCW9655,31,0,30,8,3.8,57,A
366727190,2022-01-02T22:10:22,40.53585,-74.25418,0.0,218.4,301.0,JILL REINAUER,IMO7042813,WCW9655,31,0,30,8,3.8,57,A
366727190,2022-01-02T22:38:41,40.53588,-74.25422,0.0,214.0,311.0,JILL REINAUER,IMO7042813,WCW9655,31,0,30,8,3.8,57,A
366727190,2022-01-02T22:17:11,40.53587,-74.25423,0.0,245.0,310.0,JILL REINAUER,IMO7042813,WCW9655,31,0,30,8,3.8,57,A
366727190,2022-01-02T22:40:12,40.53588,-74.25423,0.0,13.0,313.0,JILL REINAUER,IMO7042813,WCW9655,31,0,30,8,3.8,57,A
366727190,2022-01-02T22:19:42,40.53586,-74.25424,0.0,126.7,311.0,JILL REINAUER,IMO7042813,WCW9655,31,0,30,8,3.8,57,A
366727190,2022-01-02T09:38:49,40.52349,-74.24822,7.6,190.6,196.0,JILL REINAUER,IMO7042813,WCW9655,31,0,30,8,3.8,57,A
366727190,2022-01-02T22:59:43,40.53586,-74.25426,0.0,194.3,314.0,JILL REINAUER,IMO7042813,WCW9655,31,0,30,8,3.8,57,A
366727190,2022-01-02T23:00:21,40.53586,-74.25427,0.0,225.0,314.0,JILL REINAUER,IMO7042813,WCW9655,31,0,30,8,3.8,57,A
366727190,2022-01-02T22:42:32,40.53583,-74.25424,0.0,6.1,312.0,JILL REINAUER,IMO7042813,WCW9655,31,0,30,8,3.8,57,A
366727190,2022-01-02T22:24:31,40.53584,-74.25422,0.0,206.1,310.0,JILL REINAUER,IMO7042813,WCW9655,31,0,30,8,3.8,57,A
366727190,2022-01-02T22:49:32,40.53585,-74.25423,0.0,253.9,312.0,JILL REINAUER,IMO7042813,WCW9655,31,0,30,8,3.8,57,A
366727190,2022-01-02T22:47:11,40.53586,-74.25424,0.0,296.8,311.0,JILL REINAUER,IMO7042813,WCW9655,31,0,30,8,3.8,57,A
366727190,2022-01-02T22:25:42,40.53584,-74.25422,0.0,221.6,312.0,JILL REINAUER,IMO7042813,WCW9655,31,0,30,8,3.8,57,A
366727190,2022-01-02T22:23:23,40.53585,-74.25422,0.0,336.7,308.0,JILL REINAUER,IMO7042813,WCW9655,31,0,30,8,3.8,57,A
366727190,2022-01-02T22:07:02,40.53581,-74.25418,0.0,107.4,304.0,JILL REINAUER,IMO7042813,WCW9655,31,0,30,8,3.8,57,A
366727190,2022-01-02T22:52:53,40.53586,-74.25425,0.0,174.6,314.0,JILL REINAUER,IMO7042813,WCW9655,31,0,30,8,3.8,57,A
366727190,2022-01-02T22:34:02,40.53587,-74.25423,0.0,321.2,312.0,JILL REINAUER,IMO7042813,WCW9655,31,0,30,8,3.8,57,A
366727190,2022-01-02T22:31:31,40.53588,-74.25426,0.0,197.0,312.0,JILL REINAUER,IMO7042813,WCW9655,31,0,30,8,3.8,57,A
366727190,2022-01-02T22:41:23,40.53584,-74.25426,0.0,87.2,313.0,JILL REINAUER,IMO7042813,WCW9655,31,0,30,8,3.8,57,A
366727190,2022-01-02T22:13:41,40.53584,-74.25423,0.0,197.1,307.0,JILL REINAUER,IMO7042813,WCW9655,31,0,30,8,3.8,57,A
366727190,2022-01-02T22:57:32,40.53587,-74.25426,0.0,349.5,312.0,JILL REINAUER,IMO7042813,WCW9655,31,0,30,8,3.8,57,A
366727190,2022-01-02T22:16:02,40.53585,-74.25420,0.0,148.7,305.0,JILL REINAUER,IMO7042813,WCW9655,31,0,30,8,3.8,57,A
366727190,2022-01-02T23:06:11,40.53581,-74.25429,0.0,289.3,314.0,JILL REINAUER,IMO7042813,WCW9655,31,0,30,8,3.8,57,A
366727190,2022-01-02T23:01:31,40.53587,-74.25424,0.0,278.6,315.0,JILL REINAUER,IMO7042813,WCW9655,31,0,30,8,3.8,57,A
366727190,2022-01-02T23:22:24,40.53587,-74.25427,0.0,37.9,313.0,JILL REINAUER,IMO7042813,WCW9655,31,0,30,8,3.8,57,A
366727190,2022-01-02T22:20:53,40.53587,-74.25423,0.0,335.6,309.0,JILL REINAUER,IMO7042813,WCW9655,31,0,30,8,3.8,57,A
366727190,2022-01-02T22:46:03,40.53586,-74.25424,0.0,131.9,312.0,JILL REINAUER,IMO7042813,WCW9655,31,0,30,8,3.8,57,A
366727190,2022-01-02T23:17:02,40.53587,-74.25427,0.0,285.8,318.0,JILL REINAUER,IMO7042813,WCW9655,31,0,30,8,3.8,57,A
366727190,2022-01-02T23:18:06,40.53585,-74.25429,0.1,240.6,327.0,JILL REINAUER,IMO7042813,WCW9655,31,0,30,8,3.8,57,A
366727190,2022-01-02T22:54:03,40.53587,-74.25426,0.0,345.5,312.0,JILL REINAUER,IMO7042813,WCW9655,31,0,30,8,3.8,57,A
366727190,2022-01-02T22:51:42,40.53585,-74.25424,0.0,238.6,315.0,JILL REINAUER,IMO7042813,WCW9655,31,0,30,8,3.8,57,A
366727190,2022-01-02T22:32:53,40.53586,-74.25425,0.0,289.7,311.0,JILL REINAUER,IMO7042813,WCW9655,31,0,30,8,3.8,57,A
366727190,2022-01-02T23:15:53,40.53587,-74.25427,0.0,266.2,315.0,JILL REINAUER,IMO7042813,WCW9655,31,0,30,8,3.8,57,A
366727190,2022-01-02T23:35:52,40.53588,-74.25423,0.0,164.1,297.0,JILL REINAUER,IMO7042813,WCW9655,31,0,30,8,3.8,57,A
366727190,2022-01-02T22:55:12,40.53586,-74.25426,0.0,242.0,312.0,JILL REINAUER,IMO7042813,WCW9655,31,0,30,8,3.8,57,A
366727190,2022-01-02T23:26:42,40.53587,-74.25417,0.0,200.4,281.0,JILL REINAUER,IMO7042813,WCW9655,31,0,30,8,3.8,57,A
366727190,2022-01-02T23:04:52,40.53585,-74.25426,0.0,134.5,314.0,JILL REINAUER,IMO7042813,WCW9655,31,0,30,8,3.8,57,A
366727190,2022-01-02T23:42:12,40.53588,-74.25424,0.0,10.7,307.0,JILL REINAUER,IMO7042813,WCW9655,31,0,30,8,3.8,57,A
366727190,2022-01-02T23:27:52,40.53584,-74.25416,0.0,218.7,290.0,JILL REINAUER,IMO7042813,WCW9655,31,0,30,8,3.8,57,A
366727190,2022-01-02T23:07:42,40.53581,-74.25427,0.0,26.5,312.0,JILL REINAUER,IMO7042813,WCW9655,31,0,30,8,3.8,57,A
366727190,2022-01-02T23:03:42,40.53584,-74.25428,0.0,284.6,316.0,JILL REINAUER,IMO7042813,WCW9655,31,0,30,8,3.8,57,A
366727190,2022-01-02T23:31:21,40.53585,-74.25415,0.0,227.7,299.0,JILL REINAUER,IMO7042813,WCW9655,31,0,30,8,3.8,57,A
366727190,2022-01-02T23:11:12,40.53587,-74.25425,0.0,198.3,313.0,JILL REINAUER,IMO7042813,WCW9655,31,0,30,8,3.8,57,A
366727190,2022-01-02T23:10:01,40.53587,-74.25425,0.0,254.9,308.0,JILL REINAUER,IMO7042813,WCW9655,31,0,30,8,3.8,57,A
366727190,2022-01-02T23:48:03,40.53587,-74.25424,0.0,212.8,307.0,JILL REINAUER,IMO7042813,WCW9655,31,0,30,8,3.8,57,A
366727190,2022-01-02T09:57:55,40.49975,-74.26241,3.6,218.3,212.0,JILL REINAUER,IMO7042813,WCW9655,31,0,30,8,3.8,57,A
366727190,2022-01-02T23:08:52,40.53585,-74.25427,0.0,233.5,308.0,JILL REINAUER,IMO7042813,WCW9655,31,0,30,8,3.8,57,A
366727190,2022-01-02T23:52:52,40.53587,-74.25423,0.0,225.7,299.0,JILL REINAUER,IMO7042813,WCW9655,31,0,30,8,3.8,57,A
366727190,2022-01-02T22:56:31,40.53586,-74.25427,0.0,225.0,312.0,JILL REINAUER,IMO7042813,WCW9655,31,0,30,8,3.8,57,A
366727190,2022-01-02T23:21:14,40.53583,-74.25429,0.0,95.2,323.0,JILL REINAUER,IMO7042813,WCW9655,31,0,30,8,3.8,57,A
366727190,2022-01-02T23:12:23,40.53587,-74.25426,0.0,231.6,317.0,JILL REINAUER,IMO7042813,WCW9655,31,0,30,8,3.8,57,A
366727190,2022-01-02T23:14:42,40.53587,-74.25429,0.0,343.2,313.0,JILL REINAUER,IMO7042813,WCW9655,31,0,30,8,3.8,57,A
366727190,2022-01-02T23:23:26,40.53589,-74.25423,0.0,20.6,301.0,JILL REINAUER,IMO7042813,WCW9655,31,0,30,8,3.8,57,A
366727190,2022-01-02T23:24:29,40.53587,-74.25419,0.0,340.5,285.0,JILL REINAUER,IMO7042813,WCW9655,31,0,30,8,3.8,57,A
366727190,2022-01-02T23:44:33,40.53589,-74.25423,0.0,268.9,302.0,JILL REINAUER,IMO7042813,WCW9655,31,0,30,8,3.8,57,A
366727190,2022-01-02T23:29:02,40.53584,-74.25417,0.1,216.7,297.0,JILL REINAUER,IMO7042813,WCW9655,31,0,30,8,3.8,57,A
366727190,2022-01-02T23:54:03,40.53588,-74.25424,0.0,205.0,302.0,JILL REINAUER,IMO7042813,WCW9655,31,0,30,8,3.8,57,A
366727190,2022-01-02T23:50:33,40.53587,-74.25423,0.0,131.3,300.0,JILL REINAUER,IMO7042813,WCW9655,31,0,30,8,3.8,57,A
366727190,2022-01-02T23:32:22,40.53584,-74.25417,0.0,199.7,300.0,JILL REINAUER,IMO7042813,WCW9655,31,0,30,8,3.8,57,A
366727190,2022-01-02T23:33:32,40.53581,-74.25420,0.0,195.2,301.0,JILL REINAUER,IMO7042813,WCW9655,31,0,30,8,3.8,57,A
366727190,2022-01-02T10:05:22,40.49326,-74.26799,4.0,209.9,207.0,JILL REINAUER,IMO7042813,WCW9655,31,0,30,8,3.8,57,A
366727190,2022-01-02T23:38:32,40.53588,-74.25424,0.0,228.6,299.0,JILL REINAUER,IMO7042813,WCW9655,31,0,30,8,3.8,57,A
366727190,2022-01-02T23:39:42,40.53587,-74.25422,0.0,241.2,305.0,JILL REINAUER,IMO7042813,WCW9655,31,0,30,8,3.8,57,A
366727190,2022-01-02T23:13:33,40.53588,-74.25428,0.0,40.6,315.0,JILL REINAUER,IMO7042813,WCW9655,31,0,30,8,3.8,57,A
366727190,2022-01-02T23:30:12,40.53583,-74.25414,0.1,210.0,299.0,JILL REINAUER,IMO7042813,WCW9655,31,0,30,8,3.8,57,A
366727190,2022-01-02T10:09:39,40.49165,-74.27305,4.7,292.7,296.0,JILL REINAUER,IMO7042813,WCW9655,31,0,30,8,3.8,57,A
366727190,2022-01-02T23:43:21,40.53588,-74.25424,0.0,321.4,302.0,JILL REINAUER,IMO7042813,WCW9655,31,0,30,8,3.8,57,A
366727190,2022-01-02T23:45:43,40.53588,-74.25424,0.0,202.7,304.0,JILL REINAUER,IMO7042813,WCW9655,31,0,30,8,3.8,57,A
366727190,2022-01-02T23:46:52,40.53589,-74.25426,0.0,213.4,306.0,JILL REINAUER,IMO7042813,WCW9655,31,0,30,8,3.8,57,A
366727190,2022-01-02T23:25:32,40.53590,-74.25418,0.0,76.2,278.0,JILL REINAUER,IMO7042813,WCW9655,31,0,30,8,3.8,57,A
366727190,2022-01-02T23:41:03,40.53587,-74.25424,0.0,257.3,308.0,JILL REINAUER,IMO7042813,WCW9655,31,0,30,8,3.8,57,A
366727190,2022-01-02T23:55:23,40.53587,-74.25424,0.0,207.6,304.0,JILL REINAUER,IMO7042813,WCW9655,31,0,30,8,3.8,57,A
366727190,2022-01-02T10:16:22,40.49669,-74.28146,5.2,306.9,312.0,JILL REINAUER,IMO7042813,WCW9655,31,0,30,8,3.8,57,A
366727190,2022-01-02T23:57:43,40.53586,-74.25423,0.0,232.7,305.0,JILL REINAUER,IMO7042813,WCW9655,31,0,30,8,3.8,57,A
366727190,2022-01-02T23:34:42,40.53581,-74.25420,0.0,286.3,299.0,JILL REINAUER,IMO7042813,WCW9655,31,0,30,8,3.8,57,A
366727190,2022-01-02T23:58:51,40.53585,-74.25424,0.0,208.7,304.0,JILL REINAUER,IMO7042813,WCW9655,31,0,30,8,3.8,57,A
366727190,2022-01-02T23:49:12,40.53586,-74.25423,0.0,158.3,305.0,JILL REINAUER,IMO7042813,WCW9655,31,0,30,8,3.8,57,A
366727190,2022-01-02T23:37:23,40.53589,-74.25423,0.0,222.0,296.0,JILL REINAUER,IMO7042813,WCW9655,31,0,30,8,3.8,57,A
366727190,2022-01-02T10:23:46,40.50445,-74.28622,4.8,352.2,354.0,JILL REINAUER,IMO7042813,WCW9655,31,0,30,8,3.8,57,A
366727190,2022-01-02T10:34:22,40.51032,-74.29286,0.2,336.9,73.0,JILL REINAUER,IMO7042813,WCW9655,31,0,30,8,3.8,57,A
366727190,2022-01-02T10:38:42,40.51036,-74.29283,0.0,312.1,105.0,JILL REINAUER,IMO7042813,WCW9655,31,0,30,8,3.8,57,A
366727190,2022-01-02T10:53:42,40.51035,-74.29281,0.0,351.6,103.0,JILL REINAUER,IMO7042813,WCW9655,31,0,30,8,3.8,57,A
366727190,2022-01-02T10:56:01,40.51034,-74.29281,0.0,183.7,103.0,JILL REINAUER,IMO7042813,WCW9655,31,0,30,8,3.8,57,A
366727190,2022-01-02T11:14:01,40.51038,-74.29278,0.0,202.7,104.0,JILL REINAUER,IMO7042813,WCW9655,31,0,30,8,3.8,57,A
366727190,2022-01-02T11:24:22,40.51039,-74.29279,0.0,201.5,103.0,JILL REINAUER,IMO7042813,WCW9655,31,0,30,8,3.8,57,A
366727190,2022-01-02T11:35:42,40.51037,-74.29277,0.0,261.3,103.0,JILL REINAUER,IMO7042813,WCW9655,31,0,30,8,3.8,57,A
366727190,2022-01-02T11:44:45,40.50688,-74.28757,2.0,67.9,43.0,JILL REINAUER,IMO7042813,WCW9655,31,0,30,8,3.8,57,A
366727190,2022-01-02T12:01:08,40.50642,-74.28683,5.8,153.5,159.0,JILL REINAUER,IMO7042813,WCW9655,31,0,30,8,3.8,57,A
366727190,2022-01-02T12:33:56,40.50937,-74.25694,7.0,17.7,24.0,JILL REINAUER,IMO7042813,WCW9655,31,0,30,8,3.8,57,A
366727190,2022-01-02T13:28:21,40.60616,-74.20566,0.1,153.7,189.0,JILL REINAUER,IMO7042813,WCW9655,31,0,30,8,3.8,57,A
366727190,2022-01-02T13:38:02,40.60612,-74.20561,0.0,65.5,225.0,JILL REINAUER,IMO7042813,WCW9655,31,0,30,8,3.8,57,A
366727190,2022-01-02T13:43:53,40.60608,-74.20558,0.1,216.0,261.0,JILL REINAUER,IMO7042813,WCW9655,31,0,30,8,3.8,57,A
366727190,2022-01-02T13:50:52,40.60602,-74.20553,0.0,293.7,292.0,JILL REINAUER,IMO7042813,WCW9655,31,0,30,8,3.8,57,A
366727190,2022-01-02T14:57:01,40.60594,-74.20563,0.0,44.9,333.0,JILL REINAUER,IMO7042813,WCW9655,31,0,30,8,3.8,57,A
366727190,2022-01-02T15:08:31,40.60595,-74.20564,0.0,266.1,334.0,JILL REINAUER,IMO7042813,WCW9655,31,0,30,8,3.8,57,A
366727190,2022-01-02T15:14:22,40.60595,-74.20562,0.0,276.7,336.0,JILL REINAUER,IMO7042813,WCW9655,31,0,30,8,3.8,57,A
366727190,2022-01-02T15:27:12,40.60598,-74.20565,0.0,300.6,336.0,JILL REINAUER,IMO7042813,WCW9655,31,0,30,8,3.8,57,A
366727190,2022-01-02T15:34:11,40.60596,-74.20564,0.0,296.7,335.0,JILL REINAUER,IMO7042813,WCW9655,31,0,30,8,3.8,57,A
366727190,2022-01-02T15:40:02,40.60599,-74.20565,0.0,149.2,335.0,JILL REINAUER,IMO7042813,WCW9655,31,0,30,8,3.8,57,A
366727190,2022-01-02T15:51:31,40.60596,-74.20561,0.0,274.4,335.0,JILL REINAUER,IMO7042813,WCW9655,31,0,30,8,3.8,57,A
366727190,2022-01-02T15:53:51,40.60596,-74.20562,0.0,166.0,336.0,JILL REINAUER,IMO7042813,WCW9655,31,0,30,8,3.8,57,A
366727190,2022-01-02T15:55:01,40.60597,-74.20561,0.0,6.5,336.0,JILL REINAUER,IMO7042813,WCW9655,31,0,30,8,3.8,57,A
366727190,2022-01-02T15:59:42,40.60596,-74.20561,0.0,332.9,335.0,JILL REINAUER,IMO7042813,WCW9655,31,0,30,8,3.8,57,A
366727190,2022-01-02T16:02:22,40.60595,-74.20560,0.0,77.3,335.0,JILL REINAUER,IMO7042813,WCW9655,31,0,30,8,3.8,57,A
366727190,2022-01-02T16:03:31,40.60594,-74.20561,0.0,311.8,335.0,JILL REINAUER,IMO7042813,WCW9655,31,0,30,8,3.8,57,A
366727190,2022-01-02T16:14:32,40.60595,-74.20562,0.0,108.7,333.0,JILL REINAUER,IMO7042813,WCW9655,31,0,30,8,3.8,57,A
366727190,2022-01-02T16:15:42,40.60596,-74.20561,0.0,296.6,333.0,JILL REINAUER,IMO7042813,WCW9655,31,0,30,8,3.8,57,A
366727190,2022-01-02T16:16:51,40.60594,-74.20562,0.0,7.2,333.0,JILL REINAUER,IMO7042813,WCW9655,31,0,30,8,3.8,57,A
366727190,2022-01-02T16:20:13,40.60596,-74.20562,0.0,119.3,333.0,JILL REINAUER,IMO7042813,WCW9655,31,0,30,8,3.8,57,A
366727190,2022-01-02T16:32:51,40.60598,-74.20565,0.0,35.3,334.0,JILL REINAUER,IMO7042813,WCW9655,31,0,30,8,3.8,57,A
366727190,2022-01-02T16:33:52,40.60598,-74.20565,0.0,197.4,333.0,JILL REINAUER,IMO7042813,WCW9655,31,0,30,8,3.8,57,A
366727190,2022-01-02T16:47:51,40.60597,-74.20563,0.0,208.8,334.0,JILL REINAUER,IMO7042813,WCW9655,31,0,30,8,3.8,57,A
366727190,2022-01-02T17:02:21,40.60596,-74.20562,0.0,274.9,330.0,JILL REINAUER,IMO7042813,WCW9655,31,0,30,8,3.8,57,A
366727190,2022-01-02T17:04:42,40.60599,-74.20561,0.0,320.1,331.0,JILL REINAUER,IMO7042813,WCW9655,31,0,30,8,3.8,57,A
366727190,2022-01-02T17:06:22,40.60601,-74.20560,0.0,242.2,332.0,JILL REINAUER,IMO7042813,WCW9655,31,0,30,8,3.8,57,A
366727190,2022-01-02T17:07:31,40.60601,-74.20561,0.0,135.6,335.0,JILL REINAUER,IMO7042813,WCW9655,31,0,30,8,3.8,57,A
366727190,2022-01-02T17:14:22,40.60598,-74.20560,0.0,101.2,332.0,JILL REINAUER,IMO7042813,WCW9655,31,0,30,8,3.8,57,A
366727190,2022-01-02T17:15:31,40.60599,-74.20560,0.1,317.7,335.0,JILL REINAUER,IMO7042813,WCW9655,31,0,30,8,3.8,57,A
366727190,2022-01-02T17:22:41,40.60601,-74.20561,0.0,134.1,321.0,JILL REINAUER,IMO7042813,WCW9655,31,0,30,8,3.8,57,A
366727190,2022-01-02T17:26:12,40.60601,-74.20557,0.0,337.8,313.0,JILL REINAUER,IMO7042813,WCW9655,31,0,30,8,3.8,57,A
366727190,2022-01-02T17:29:42,40.60605,-74.20561,0.0,144.3,313.0,JILL REINAUER,IMO7042813,WCW9655,31,0,30,8,3.8,57,A
366727190,2022-01-02T17:37:52,40.60610,-74.20555,0.0,6.6,267.0,JILL REINAUER,IMO7042813,WCW9655,31,0,30,8,3.8,57,A
366727190,2022-01-02T17:43:52,40.60612,-74.20559,0.0,289.1,256.0,JILL REINAUER,IMO7042813,WCW9655,31,0,30,8,3.8,57,A
366727190,2022-01-02T17:54:11,40.60609,-74.20554,0.0,178.9,270.0,JILL REINAUER,IMO7042813,WCW9655,31,0,30,8,3.8,57,A
366727190,2022-01-02T18:02:21,40.60601,-74.20552,0.0,298.4,305.0,JILL REINAUER,IMO7042813,WCW9655,31,0,30,8,3.8,57,A
366727190,2022-01-02T18:15:42,40.60595,-74.20558,0.0,299.0,320.0,JILL REINAUER,IMO7042813,WCW9655,31,0,30,8,3.8,57,A
366727190,2022-01-02T18:20:21,40.60595,-74.20564,0.0,187.6,331.0,JILL REINAUER,IMO7042813,WCW9655,31,0,30,8,3.8,57,A
366727190,2022-01-02T18:23:52,40.60595,-74.20562,0.0,170.1,333.0,JILL REINAUER,IMO7042813,WCW9655,31,0,30,8,3.8,57,A
366727190,2022-01-02T18:38:52,40.60595,-74.20564,0.0,243.4,335.0,JILL REINAUER,IMO7042813,WCW9655,31,0,30,8,3.8,57,A
366727190,2022-01-02T18:55:02,40.60596,-74.20563,0.0,277.9,335.0,JILL REINAUER,IMO7042813,WCW9655,31,0,30,8,3.8,57,A
366727190,2022-01-02T19:00:01,40.60596,-74.20565,0.0,193.8,334.0,JILL REINAUER,IMO7042813,WCW9655,31,0,30,8,3.8,57,A
366727190,2022-01-02T19:01:11,40.60595,-74.20565,0.0,337.8,334.0,JILL REINAUER,IMO7042813,WCW9655,31,0,30,8,3.8,57,A
366727190,2022-01-02T19:02:21,40.60594,-74.20566,0.0,200.3,334.0,JILL REINAUER,IMO7042813,WCW9655,31,0,30,8,3.8,57,A
366727190,2022-01-02T19:14:21,40.60595,-74.20564,0.0,282.6,333.0,JILL REINAUER,IMO7042813,WCW9655,31,0,30,8,3.8,57,A
366727190,2022-01-02T19:18:41,40.60596,-74.20563,0.0,244.2,334.0,JILL REINAUER,IMO7042813,WCW9655,31,0,30,8,3.8,57,A
366727190,2022-01-02T19:19:42,40.60597,-74.20563,0.0,176.0,334.0,JILL REINAUER,IMO7042813,WCW9655,31,0,30,8,3.8,57,A
366727190,2022-01-02T19:29:01,40.60601,-74.20561,0.0,276.8,340.0,JILL REINAUER,IMO7042813,WCW9655,31,0,30,8,3.8,57,A
366727190,2022-01-02T19:34:42,40.60598,-74.20561,0.1,188.0,330.0,JILL REINAUER,IMO7042813,WCW9655,31,0,30,8,3.8,57,A
366727190,2022-01-02T19:42:52,40.60598,-74.20558,0.1,228.5,322.0,JILL REINAUER,IMO7042813,WCW9655,31,0,30,8,3.8,57,A
366727190,2022-01-02T19:46:32,40.60598,-74.20561,0.1,346.9,338.0,JILL REINAUER,IMO7042813,WCW9655,31,0,30,8,3.8,57,A
366727190,2022-01-02T19:47:33,40.60599,-74.20560,0.0,319.0,336.0,JILL REINAUER,IMO7042813,WCW9655,31,0,30,8,3.8,57,A
366727190,2022-01-02T19:54:43,40.60597,-74.20559,0.1,256.0,327.0,JILL REINAUER,IMO7042813,WCW9655,31,0,30,8,3.8,57,A
366727190,2022-01-02T20:27:42,40.60592,-74.20566,0.0,215.5,341.0,JILL REINAUER,IMO7042813,WCW9655,31,0,30,8,3.8,57,A
366727190,2022-01-02T21:06:42,40.55740,-74.22149,7.6,267.7,270.0,JILL REINAUER,IMO7042813,WCW9655,31,0,30,8,3.8,57,A
366727190,2022-01-02T21:07:52,40.55733,-74.22468,7.5,271.7,275.0,JILL REINAUER,IMO7042813,WCW9655,31,0,30,8,3.8,57,A
366727190,2022-01-02T21:11:02,40.55713,-74.23339,8.4,261.6,260.0,JILL REINAUER,IMO7042813,WCW9655,31,0,30,8,3.8,57,A
366727190,2022-01-02T21:22:56,40.53719,-74.25113,6.4,172.7,177.0,JILL REINAUER,IMO7042813,WCW9655,31,0,30,8,3.8,57,A
366727190,2022-01-02T21:25:12,40.53442,-74.25076,2.7,175.0,174.0,JILL REINAUER,IMO7042813,WCW9655,31,0,30,8,3.8,57,A
366727190,2022-01-02T22:02:07,40.53600,-74.25414,0.9,238.2,249.0,JILL REINAUER,IMO7042813,WCW9655,31,0,30,8,3.8,57,A
366727190,2022-01-02T22:26:52,40.53586,-74.25422,0.0,316.3,311.0,JILL REINAUER,IMO7042813,WCW9655,31,0,30,8,3.8,57,A
366727190,2022-01-02T22:28:02,40.53587,-74.25423,0.0,120.0,310.0,JILL REINAUER,IMO7042813,WCW9655,31,0,30,8,3.8,57,A
366727190,2022-01-02T22:43:42,40.53582,-74.25426,0.0,19.2,310.0,JILL REINAUER,IMO7042813,WCW9655,31,0,30,8,3.8,57,A
366727190,2022-01-02T22:44:51,40.53585,-74.25426,0.0,301.7,312.0,JILL REINAUER,IMO7042813,WCW9655,31,0,30,8,3.8,57,A
366727190,2022-01-02T22:50:41,40.53586,-74.25423,0.0,191.2,313.0,JILL REINAUER,IMO7042813,WCW9655,31,0,30,8,3.8,57,A
366727190,2022-01-02T22:58:42,40.53587,-74.25426,0.0,194.4,314.0,JILL REINAUER,IMO7042813,WCW9655,31,0,30,8,3.8,57,A
366727190,2022-01-02T23:02:32,40.53585,-74.25427,0.0,253.1,317.0,JILL REINAUER,IMO7042813,WCW9655,31,0,30,8,3.8,57,A
366727190,2022-01-02T23:19:11,40.53583,-74.25432,0.1,358.7,334.0,JILL REINAUER,IMO7042813,WCW9655,31,0,30,8,3.8,57,A
366727190,2022-01-02T23:20:12,40.53586,-74.25429,0.0,11.4,331.0,JILL REINAUER,IMO7042813,WCW9655,31,0,30,8,3.8,57,A
366727190,2022-01-02T23:51:42,40.53587,-74.25423,0.0,246.4,299.0,JILL REINAUER,IMO7042813,WCW9655,31,0,30,8,3.8,57,A
366727190,2022-01-02T23:56:32,40.53587,-74.25424,0.0,179.3,305.0,JILL REINAUER,IMO7042813,WCW9655,31,0,30,8,3.8,57,A
366727190,2022-01-03T00:00:02,40.53583,-74.25426,0.1,194.6,306.0,JILL REINAUER,IMO7042813,WCW9655,31,0,30,8,3.8,57,A
366727190,2022-01-03T00:01:11,40.53584,-74.25427,0.0,228.6,309.0,JILL REINAUER,IMO7042813,WCW9655,31,0,30,8,3.8,57,A
366727190,2022-01-03T00:02:22,40.53584,-74.25424,0.0,10.2,308.0,JILL REINAUER,IMO7042813,WCW9655,31,0,30,8,3.8,57,A
366727190,2022-01-03T00:03:33,40.53584,-74.25422,0.0,330.4,305.0,JILL REINAUER,IMO7042813,WCW9655,31,0,30,8,3.8,57,A
366727190,2022-01-03T00:04:41,40.53586,-74.25421,0.0,9.1,299.0,JILL REINAUER,IMO7042813,WCW9655,31,0,30,8,3.8,57,A
366727190,2022-01-03T00:07:12,40.53586,-74.25421,0.0,107.1,292.0,JILL REINAUER,IMO7042813,WCW9655,31,0,30,8,3.8,57,A
366727190,2022-01-03T00:06:11,40.53587,-74.25421,0.0,154.0,296.0,JILL REINAUER,IMO7042813,WCW9655,31,0,30,8,3.8,57,A
366727190,2022-01-03T00:08:22,40.53590,-74.25420,0.0,346.1,289.0,JILL REINAUER,IMO7042813,WCW9655,31,0,30,8,3.8,57,A
366727190,2022-01-03T00:10:42,40.53587,-74.25421,0.0,335.7,284.0,JILL REINAUER,IMO7042813,WCW9655,31,0,30,8,3.8,57,A
366727190,2022-01-03T00:09:31,40.53588,-74.25421,0.0,240.1,287.0,JILL REINAUER,IMO7042813,WCW9655,31,0,30,8,3.8,57,A
366727190,2022-01-03T00:11:52,40.53586,-74.25420,0.0,195.1,282.0,JILL REINAUER,IMO7042813,WCW9655,31,0,30,8,3.8,57,A
366727190,2022-01-03T00:13:01,40.53587,-74.25421,0.0,193.7,280.0,JILL REINAUER,IMO7042813,WCW9655,31,0,30,8,3.8,57,A
366727190,2022-01-03T00:14:12,40.53587,-74.25420,0.0,198.7,277.0,JILL REINAUER,IMO7042813,WCW9655,31,0,30,8,3.8,57,A
366727190,2022-01-03T00:16:31,40.53589,-74.25420,0.0,350.1,270.0,JILL REINAUER,IMO7042813,WCW9655,31,0,30,8,3.8,57,A
366727190,2022-01-03T00:17:42,40.53589,-74.25422,0.0,15.7,269.0,JILL REINAUER,IMO7042813,WCW9655,31,0,30,8,3.8,57,A
366727190,2022-01-03T00:15:22,40.53589,-74.25418,0.0,1.3,274.0,JILL REINAUER,IMO7042813,WCW9655,31,0,30,8,3.8,57,A
366727190,2022-01-03T00:20:02,40.53592,-74.25422,0.0,307.3,274.0,JILL REINAUER,IMO7042813,WCW9655,31,0,30,8,3.8,57,A
366727190,2022-01-03T00:22:12,40.53584,-74.25419,0.1,214.0,286.0,JILL REINAUER,IMO7042813,WCW9655,31,0,30,8,3.8,57,A
366727190,2022-01-03T00:18:52,40.53590,-74.25419,0.0,249.3,269.0,JILL REINAUER,IMO7042813,WCW9655,31,0,30,8,3.8,57,A
366727190,2022-01-03T00:24:22,40.53585,-74.25423,0.0,207.8,296.0,JILL REINAUER,IMO7042813,WCW9655,31,0,30,8,3.8,57,A
366727190,2022-01-03T00:23:21,40.53585,-74.25421,0.0,216.4,291.0,JILL REINAUER,IMO7042813,WCW9655,31,0,30,8,3.8,57,A
366727190,2022-01-03T00:29:01,40.53581,-74.25422,0.1,141.6,307.0,JILL REINAUER,IMO7042813,WCW9655,31,0,30,8,3.8,57,A
366727190,2022-01-03T00:27:52,40.53579,-74.25421,0.0,289.7,306.0,JILL REINAUER,IMO7042813,WCW9655,31,0,30,8,3.8,57,A
366727190,2022-01-03T00:30:12,40.53584,-74.25420,0.0,331.9,307.0,JILL REINAUER,IMO7042813,WCW9655,31,0,30,8,3.8,57,A
366727190,2022-01-03T00:32:42,40.53585,-74.25422,0.0,209.4,305.0,JILL REINAUER,IMO7042813,WCW9655,31,0,30,8,3.8,57,A
366727190,2022-01-03T00:33:52,40.53579,-74.25423,0.0,146.1,303.0,JILL REINAUER,IMO7042813,WCW9655,31,0,30,8,3.8,57,A
366727190,2022-01-03T00:31:31,40.53583,-74.25419,0.0,305.0,306.0,JILL REINAUER,IMO7042813,WCW9655,31,0,30,8,3.8,57,A
366727190,2022-01-03T00:35:01,40.53583,-74.25422,0.0,265.5,303.0,JILL REINAUER,IMO7042813,WCW9655,31,0,30,8,3.8,57,A
366727190,2022-01-03T00:38:51,40.53583,-74.25421,0.0,298.8,309.0,JILL REINAUER,IMO7042813,WCW9655,31,0,30,8,3.8,57,A
366727190,2022-01-03T00:37:32,40.53581,-74.25420,0.0,297.3,309.0,JILL REINAUER,IMO7042813,WCW9655,31,0,30,8,3.8,57,A
366727190,2022-01-03T00:39:52,40.53585,-74.25422,0.0,338.5,308.0,JILL REINAUER,IMO7042813,WCW9655,31,0,30,8,3.8,57,A
366727190,2022-01-03T00:41:01,40.53584,-74.25426,0.0,305.3,311.0,JILL REINAUER,IMO7042813,WCW9655,31,0,30,8,3.8,57,A
366727190,2022-01-03T00:42:02,40.53583,-74.25425,0.0,235.9,314.0,JILL REINAUER,IMO7042813,WCW9655,31,0,30,8,3.8,57,A
366727190,2022-01-03T00:44:33,40.53581,-74.25421,0.0,297.8,319.0,JILL REINAUER,IMO7042813,WCW9655,31,0,30,8,3.8,57,A
366727190,2022-01-03T00:45:42,40.53583,-74.25423,0.1,321.7,318.0,JILL REINAUER,IMO7042813,WCW9655,31,0,30,8,3.8,57,A
366727190,2022-01-03T00:46:51,40.53587,-74.25426,0.0,343.5,318.0,JILL REINAUER,IMO7042813,WCW9655,31,0,30,8,3.8,57,A
366727190,2022-01-03T00:49:22,40.53585,-74.25426,0.0,264.0,317.0,JILL REINAUER,IMO7042813,WCW9655,31,0,30,8,3.8,57,A
366727190,2022-01-03T00:48:02,40.53586,-74.25424,0.0,113.0,316.0,JILL REINAUER,IMO7042813,WCW9655,31,0,30,8,3.8,57,A
366727190,2022-01-03T00:55:12,40.53583,-74.25427,0.0,342.0,319.0,JILL REINAUER,IMO7042813,WCW9655,31,0,30,8,3.8,57,A
366727190,2022-01-03T00:50:32,40.53581,-74.25423,0.0,273.0,317.0,JILL REINAUER,IMO7042813,WCW9655,31,0,30,8,3.8,57,A
366727190,2022-01-03T00:52:51,40.53581,-74.25425,0.0,236.7,319.0,JILL REINAUER,IMO7042813,WCW9655,31,0,30,8,3.8,57,A
366727190,2022-01-03T00:51:42,40.53581,-74.25423,0.0,264.6,317.0,JILL REINAUER,IMO7042813,WCW9655,31,0,30,8,3.8,57,A
366727190,2022-01-03T00:21:03,40.53589,-74.25421,0.0,185.5,278.0,JILL REINAUER,IMO7042813,WCW9655,31,0,30,8,3.8,57,A
366727190,2022-01-03T01:01:12,40.53581,-74.25424,0.0,95.2,322.0,JILL REINAUER,IMO7042813,WCW9655,31,0,30,8,3.8,57,A
366727190,2022-01-03T00:54:02,40.53581,-74.25427,0.0,312.4,320.0,JILL REINAUER,IMO7042813,WCW9655,31,0,30,8,3.8,57,A
366727190,2022-01-03T00:58:42,40.53581,-74.25426,0.0,228.3,317.0,JILL REINAUER,IMO7042813,WCW9655,31,0,30,8,3.8,57,A
366727190,2022-01-03T00:57:32,40.53581,-74.25425,0.0,319.6,318.0,JILL REINAUER,IMO7042813,WCW9655,31,0,30,8,3.8,57,A
366727190,2022-01-03T00:25:31,40.53583,-74.25423,0.0,160.7,299.0,JILL REINAUER,IMO7042813,WCW9655,31,0,30,8,3.8,57,A
366727190,2022-01-03T00:26:42,40.53582,-74.25420,0.1,220.2,302.0,JILL REINAUER,IMO7042813,WCW9655,31,0,30,8,3.8,57,A
366727190,2022-01-03T00:56:21,40.53580,-74.25425,0.0,309.9,319.0,JILL REINAUER,IMO7042813,WCW9655,31,0,30,8,3.8,57,A
366727190,2022-01-03T01:02:21,40.53581,-74.25425,0.0,320.6,319.0,JILL REINAUER,IMO7042813,WCW9655,31,0,30,8,3.8,57,A
366727190,2022-01-03T01:08:31,40.53580,-74.25426,0.0,219.7,322.0,JILL REINAUER,IMO7042813,WCW9655,31,0,30,8,3.8,57,A
366727190,2022-01-03T01:03:31,40.53580,-74.25425,0.0,238.0,321.0,JILL REINAUER,IMO7042813,WCW9655,31,0,30,8,3.8,57,A
366727190,2022-01-03T01:00:02,40.53581,-74.25426,0.0,244.5,322.0,JILL REINAUER,IMO7042813,WCW9655,31,0,30,8,3.8,57,A
366727190,2022-01-03T01:06:11,40.53581,-74.25426,0.1,340.0,321.0,JILL REINAUER,IMO7042813,WCW9655,31,0,30,8,3.8,57,A
366727190,2022-01-03T01:07:22,40.53581,-74.25428,0.0,185.4,322.0,JILL REINAUER,IMO7042813,WCW9655,31,0,30,8,3.8,57,A
366727190,2022-01-03T01:04:42,40.53582,-74.25425,0.0,250.1,322.0,JILL REINAUER,IMO7042813,WCW9655,31,0,30,8,3.8,57,A
366727190,2022-01-03T01:09:43,40.53581,-74.25426,0.0,276.3,323.0,JILL REINAUER,IMO7042813,WCW9655,31,0,30,8,3.8,57,A
366727190,2022-01-03T23:59:43,40.53581,-74.25426,0.0,276.3,323.0,JILL REINAUER,IMO7042813,WCW9655,31,0,30,8,3.8,57,A
366727190,2022-01-03T00:36:23,40.53583,-74.25421,0.0,236.8,306.0,JILL REINAUER,IMO7042813,WCW9655,31,0,30,8,3.8,57,A
366727190,2022-01-03T00:43:12,40.53584,-74.25424,0.0,249.7,318.0,JILL REINAUER,IMO7042813,WCW9655,31,0,30,8,3.8,57,A
366727190,2022-01-03T02:01:23,40.53583,-74.25430,0.0,308.4,335.0,JILL REINAUER,IMO7042813,WCW9655,31,0,30,8,3.8,57,A
366727190,2022-01-03T02:03:43,40.53580,-74.25428,0.0,304.2,337.0,JILL REINAUER,IMO7042813,WCW9655,31,0,30,8,3.8,57,A
366727190,2022-01-03T02:08:53,40.53581,-74.25431,0.0,339.8,337.0,JILL REINAUER,IMO7042813,WCW9655,31,0,30,8,3.8,57,A
366727190,2022-01-03T02:13:42,40.53578,-74.25429,0.0,88.4,337.0,JILL REINAUER,IMO7042813,WCW9655,31,0,30,8,3.8,57,A
366727190,2022-01-03T00:59:52,40.53582,-74.25426,0.1,249.3,322.0,JILL REINAUER,IMO7042813,WCW9655,31,0,30,8,3.8,57,A
366727190,2022-01-03T02:00:01,40.53583,-74.25431,0.0,271.8,333.0,JILL REINAUER,IMO7042813,WCW9655,31,0,30,8,3.8,57,A
366727190,2022-01-03T02:02:32,40.53581,-74.25428,0.0,303.5,336.0,JILL REINAUER,IMO7042813,WCW9655,31,0,30,8,3.8,57,A
366727190,2022-01-03T02:04:53,40.53579,-74.25430,0.0,255.0,337.0,JILL REINAUER,IMO7042813,WCW9655,31,0,30,8,3.8,57,A
366727190,2022-01-03T02:07:43,40.53582,-74.25429,0.0,232.6,337.0,JILL REINAUER,IMO7042813,WCW9655,31,0,30,8,3.8,57,A
366727190,2022-01-03T02:06:12,40.53581,-74.25430,0.0,336.1,336.0,JILL REINAUER,IMO7042813,WCW9655,31,0,30,8,3.8,57,A
366727190,2022-01-03T02:17:23,40.53578,-74.25429,0.0,244.0,337.0,JILL REINAUER,IMO7042813,WCW9655,31,0,30,8,3.8,57,A
366727190,2022-01-03T02:10:12,40.53578,-74.25430,0.0,182.9,337.0,JILL REINAUER,IMO7042813,WCW9655,31,0,30,8,3.8,57,A
366727190,2022-01-03T02:11:23,40.53579,-74.25430,0.0,207.6,337.0,JILL REINAUER,IMO7042813,WCW9655,31,0,30,8,3.8,57,A
366727190,2022-01-03T02:12:31,40.53576,-74.25428,0.0,252.9,337.0,JILL REINAUER,IMO7042813,WCW9655,31,0,30,8,3.8,57,A
366727190,2022-01-03T02:29:02,40.53579,-74.25432,0.0,184.5,336.0,JILL REINAUER,IMO7042813,WCW9655,31,0,30,8,3.8,57,A
366727190,2022-01-03T02:16:11,40.53578,-74.25425,0.0,284.8,338.0,JILL REINAUER,IMO7042813,WCW9655,31,0,30,8,3.8,57,A
366727190,2022-01-03T02:22:11,40.53576,-74.25428,0.0,194.3,336.0,JILL REINAUER,IMO7042813,WCW9655,31,0,30,8,3.8,57,A
366727190,2022-01-03T02:18:42,40.53577,-74.25431,0.0,231.2,336.0,JILL REINAUER,IMO7042813,WCW9655,31,0,30,8,3.8,57,A
366727190,2022-01-03T02:19:51,40.53577,-74.25430,0.0,267.3,336.0,JILL REINAUER,IMO7042813,WCW9655,31,0,30,8,3.8,57,A
366727190,2022-01-03T02:30:12,40.53579,-74.25429,0.0,358.6,337.0,JILL REINAUER,IMO7042813,WCW9655,31,0,30,8,3.8,57,A
366727190,2022-01-03T02:25:32,40.53579,-74.25428,0.0,179.4,336.0,JILL REINAUER,IMO7042813,WCW9655,31,0,30,8,3.8,57,A
366727190,2022-01-03T02:38:22,40.53581,-74.25427,0.0,61.8,337.0,JILL REINAUER,IMO7042813,WCW9655,31,0,30,8,3.8,57,A
366727190,2022-01-03T02:32:42,40.53581,-74.25429,0.0,264.8,337.0,JILL REINAUER,IMO7042813,WCW9655,31,0,30,8,3.8,57,A
366727190,2022-01-03T02:23:12,40.53576,-74.25428,0.0,296.1,336.0,JILL REINAUER,IMO7042813,WCW9655,31,0,30,8,3.8,57,A
366727190,2022-01-03T02:44:12,40.53580,-74.25426,0.0,223.6,336.0,JILL REINAUER,IMO7042813,WCW9655,31,0,30,8,3.8,57,A
366727190,2022-01-03T02:27:52,40.53579,-74.25428,0.0,242.5,336.0,JILL REINAUER,IMO7042813,WCW9655,31,0,30,8,3.8,57,A
366727190,2022-01-03T02:31:21,40.53580,-74.25429,0.1,194.5,337.0,JILL REINAUER,IMO7042813,WCW9655,31,0,30,8,3.8,57,A
366727190,2022-01-03T02:33:52,40.53580,-74.25429,0.0,147.9,337.0,JILL REINAUER,IMO7042813,WCW9655,31,0,30,8,3.8,57,A
366727190,2022-01-03T02:35:02,40.53580,-74.25428,0.0,168.4,337.0,JILL REINAUER,IMO7042813,WCW9655,31,0,30,8,3.8,57,A
366727190,2022-01-03T02:37:21,40.53580,-74.25428,0.0,287.0,336.0,JILL REINAUER,IMO7042813,WCW9655,31,0,30,8,3.8,57,A
366727190,2022-01-03T02:43:02,40.53581,-74.25428,0.1,326.5,335.0,JILL REINAUER,IMO7042813,WCW9655,31,0,30,8,3.8,57,A
366727190,2022-01-03T02:36:12,40.53580,-74.25428,0.0,228.0,337.0,JILL REINAUER,IMO7042813,WCW9655,31,0,30,8,3.8,57,A
366727190,2022-01-03T02:47:43,40.53583,-74.25426,0.0,352.9,333.0,JILL REINAUER,IMO7042813,WCW9655,31,0,30,8,3.8,57,A
366727190,2022-01-03T02:45:23,40.53580,-74.25426,0.0,323.6,331.0,JILL REINAUER,IMO7042813,WCW9655,31,0,30,8,3.8,57,A
366727190,2022-01-03T02:48:53,40.53582,-74.25426,0.0,341.5,335.0,JILL REINAUER,IMO7042813,WCW9655,31,0,30,8,3.8,57,A
366727190,2022-01-03T02:39:33,40.53581,-74.25427,0.0,231.1,336.0,JILL REINAUER,IMO7042813,WCW9655,31,0,30,8,3.8,57,A
366727190,2022-01-03T02:51:12,40.53583,-74.25427,0.1,0.2,337.0,JILL REINAUER,IMO7042813,WCW9655,31,0,30,8,3.8,57,A
366727190,2022-01-03T02:40:43,40.53581,-74.25427,0.0,218.8,337.0,JILL REINAUER,IMO7042813,WCW9655,31,0,30,8,3.8,57,A
366727190,2022-01-03T03:06:12,40.53580,-74.25426,0.0,232.7,335.0,JILL REINAUER,IMO7042813,WCW9655,31,0,30,8,3.8,57,A
366727190,2022-01-03T02:52:22,40.53584,-74.25427,0.0,21.0,338.0,JILL REINAUER,IMO7042813,WCW9655,31,0,30,8,3.8,57,A
366727190,2022-01-03T02:41:51,40.53581,-74.25426,0.0,231.3,336.0,JILL REINAUER,IMO7042813,WCW9655,31,0,30,8,3.8,57,A
366727190,2022-01-03T02:53:32,40.53584,-74.25425,0.0,188.1,334.0,JILL REINAUER,IMO7042813,WCW9655,31,0,30,8,3.8,57,A
366727190,2022-01-03T03:07:21,40.53580,-74.25426,0.0,304.1,334.0,JILL REINAUER,IMO7042813,WCW9655,31,0,30,8,3.8,57,A
366727190,2022-01-03T02:54:42,40.53583,-74.25426,0.0,359.9,330.0,JILL REINAUER,IMO7042813,WCW9655,31,0,30,8,3.8,57,A
366727190,2022-01-03T02:55:53,40.53584,-74.25425,0.0,222.3,328.0,JILL REINAUER,IMO7042813,WCW9655,31,0,30,8,3.8,57,A
366727190,2022-01-03T03:01:12,40.53580,-74.25425,0.0,245.9,327.0,JILL REINAUER,IMO7042813,WCW9655,31,0,30,8,3.8,57,A
366727190,2022-01-03T02:50:03,40.53583,-74.25427,0.0,237.0,335.0,JILL REINAUER,IMO7042813,WCW9655,31,0,30,8,3.8,57,A
366727190,2022-01-03T02:46:32,40.53582,-74.25426,0.0,340.8,331.0,JILL REINAUER,IMO7042813,WCW9655,31,0,30,8,3.8,57,A
366727190,2022-01-03T03:00:02,40.53581,-74.25426,0.1,347.7,323.0,JILL REINAUER,IMO7042813,WCW9655,31,0,30,8,3.8,57,A
366727190,2022-01-03T03:08:22,40.53581,-74.25427,0.0,309.6,335.0,JILL REINAUER,IMO7042813,WCW9655,31,0,30,8,3.8,57,A
366727190,2022-01-03T03:04:33,40.53578,-74.25428,0.1,243.6,335.0,JILL REINAUER,IMO7042813,WCW9655,31,0,30,8,3.8,57,A
366727190,2022-01-03T03:12:01,40.53578,-74.25425,0.0,256.5,331.0,JILL REINAUER,IMO7042813,WCW9655,31,0,30,8,3.8,57,A
366727190,2022-01-03T03:14:22,40.53581,-74.25428,0.1,218.1,329.0,JILL REINAUER,IMO7042813,WCW9655,31,0,30,8,3.8,57,A
366727190,2022-01-03T02:58:12,40.53580,-74.25425,0.0,351.4,325.0,JILL REINAUER,IMO7042813,WCW9655,31,0,30,8,3.8,57,A
366727190,2022-01-03T03:19:02,40.53579,-74.25429,0.0,340.9,337.0,JILL REINAUER,IMO7042813,WCW9655,31,0,30,8,3.8,57,A
366727190,2022-01-03T02:59:21,40.53581,-74.25425,0.0,187.0,323.0,JILL REINAUER,IMO7042813,WCW9655,31,0,30,8,3.8,57,A
366727190,2022-01-03T03:32:02,40.53578,-74.25430,0.0,338.5,340.0,JILL REINAUER,IMO7042813,WCW9655,31,0,30,8,3.8,57,A
366727190,2022-01-03T03:15:33,40.53581,-74.25428,0.0,255.6,330.0,JILL REINAUER,IMO7042813,WCW9655,31,0,30,8,3.8,57,A
366727190,2022-01-03T03:13:12,40.53580,-74.25428,0.1,329.5,331.0,JILL REINAUER,IMO7042813,WCW9655,31,0,30,8,3.8,57,A
366727190,2022-01-03T03:22:21,40.53577,-74.25430,0.0,290.3,337.0,JILL REINAUER,IMO7042813,WCW9655,31,0,30,8,3.8,57,A
366727190,2022-01-03T03:17:51,40.53578,-74.25429,0.0,46.9,336.0,JILL REINAUER,IMO7042813,WCW9655,31,0,30,8,3.8,57,A
366727190,2022-01-03T03:02:13,40.53578,-74.25426,0.0,248.1,327.0,JILL REINAUER,IMO7042813,WCW9655,31,0,30,8,3.8,57,A
366727190,2022-01-03T03:16:42,40.53579,-74.25429,0.1,253.2,336.0,JILL REINAUER,IMO7042813,WCW9655,31,0,30,8,3.8,57,A
366727190,2022-01-03T03:03:21,40.53578,-74.25428,0.1,293.7,329.0,JILL REINAUER,IMO7042813,WCW9655,31,0,30,8,3.8,57,A
366727190,2022-01-03T03:21:12,40.53578,-74.25430,0.0,193.2,337.0,JILL REINAUER,IMO7042813,WCW9655,31,0,30,8,3.8,57,A
366727190,2022-01-03T03:20:03,40.53578,-74.25431,0.0,271.5,337.0,JILL REINAUER,IMO7042813,WCW9655,31,0,30,8,3.8,57,A
366727190,2022-01-03T03:43:32,40.53581,-74.25429,0.0,9.3,339.0,JILL REINAUER,IMO7042813,WCW9655,31,0,30,8,3.8,57,A
366727190,2022-01-03T03:46:52,40.53583,-74.25436,0.0,289.2,339.0,JILL REINAUER,IMO7042813,WCW9655,31,0,30,8,3.8,57,A
366727190,2022-01-03T03:27:02,40.53578,-74.25429,0.0,193.5,335.0,JILL REINAUER,IMO7042813,WCW9655,31,0,30,8,3.8,57,A
366727190,2022-01-03T03:23:32,40.53576,-74.25428,0.1,318.8,338.0,JILL REINAUER,IMO7042813,WCW9655,31,0,30,8,3.8,57,A
366727190,2022-01-03T03:28:11,40.53577,-74.25429,0.1,304.3,337.0,JILL REINAUER,IMO7042813,WCW9655,31,0,30,8,3.8,57,A
366727190,2022-01-03T03:30:42,40.53580,-74.25429,0.0,305.5,341.0,JILL REINAUER,IMO7042813,WCW9655,31,0,30,8,3.8,57,A
366727190,2022-01-03T03:24:42,40.53580,-74.25431,0.0,268.1,339.0,JILL REINAUER,IMO7042813,WCW9655,31,0,30,8,3.8,57,A
366727190,2022-01-03T03:34:21,40.53581,-74.25432,0.0,99.1,339.0,JILL REINAUER,IMO7042813,WCW9655,31,0,30,8,3.8,57,A
366727190,2022-01-03T03:36:42,40.53579,-74.25427,0.0,329.8,333.0,JILL REINAUER,IMO7042813,WCW9655,31,0,30,8,3.8,57,A
366727190,2022-01-03T03:37:43,40.53578,-74.25427,0.0,252.9,332.0,JILL REINAUER,IMO7042813,WCW9655,31,0,30,8,3.8,57,A
366727190,2022-01-03T03:42:22,40.53581,-74.25430,0.0,335.5,337.0,JILL REINAUER,IMO7042813,WCW9655,31,0,30,8,3.8,57,A
366727190,2022-01-03T03:40:02,40.53580,-74.25429,0.0,254.6,337.0,JILL REINAUER,IMO7042813,WCW9655,31,0,30,8,3.8,57,A
366727190,2022-01-03T03:49:13,40.53581,-74.25434,0.0,325.6,339.0,JILL REINAUER,IMO7042813,WCW9655,31,0,30,8,3.8,57,A
366727190,2022-01-03T03:51:42,40.53582,-74.25429,0.0,266.4,345.0,JILL REINAUER,IMO7042813,WCW9655,31,0,30,8,3.8,57,A
366727190,2022-01-03T03:45:51,40.53581,-74.25433,0.0,311.7,341.0,JILL REINAUER,IMO7042813,WCW9655,31,0,30,8,3.8,57,A
366727190,2022-01-03T03:35:31,40.53581,-74.25433,0.1,191.6,332.0,JILL REINAUER,IMO7042813,WCW9655,31,0,30,8,3.8,57,A
366727190,2022-01-03T03:52:52,40.53581,-74.25429,0.0,255.3,345.0,JILL REINAUER,IMO7042813,WCW9655,31,0,30,8,3.8,57,A
366727190,2022-01-03T04:11:52,40.53580,-74.25431,0.0,219.2,338.0,JILL REINAUER,IMO7042813,WCW9655,31,0,30,8,3.8,57,A
366727190,2022-01-03T03:55:13,40.53582,-74.25431,0.0,269.4,345.0,JILL REINAUER,IMO7042813,WCW9655,31,0,30,8,3.8,57,A
366727190,2022-01-03T03:58:42,40.53583,-74.25430,0.0,261.6,339.0,JILL REINAUER,IMO7042813,WCW9655,31,0,30,8,3.8,57,A
366727190,2022-01-03T04:02:22,40.53581,-74.25428,0.0,304.9,336.0,JILL REINAUER,IMO7042813,WCW9655,31,0,30,8,3.8,57,A
366727190,2022-01-03T03:56:22,40.53582,-74.25430,0.1,343.3,345.0,JILL REINAUER,IMO7042813,WCW9655,31,0,30,8,3.8,57,A
366727190,2022-01-03T04:01:12,40.53582,-74.25426,0.0,260.0,334.0,JILL REINAUER,IMO7042813,WCW9655,31,0,30,8,3.8,57,A
366727190,2022-01-03T04:07:02,40.53580,-74.25430,0.0,228.3,339.0,JILL REINAUER,IMO7042813,WCW9655,31,0,30,8,3.8,57,A
366727190,2022-01-03T03:50:31,40.53582,-74.25430,0.1,315.2,344.0,JILL REINAUER,IMO7042813,WCW9655,31,0,30,8,3.8,57,A
366727190,2022-01-03T04:04:42,40.53581,-74.25429,0.0,246.8,337.0,JILL REINAUER,IMO7042813,WCW9655,31,0,30,8,3.8,57,A
366727190,2022-01-03T04:13:01,40.53581,-74.25432,0.1,5.8,341.0,JILL REINAUER,IMO7042813,WCW9655,31,0,30,8,3.8,57,A
366727190,2022-01-03T04:15:21,40.53583,-74.25431,0.0,308.0,341.0,JILL REINAUER,IMO7042813,WCW9655,31,0,30,8,3.8,57,A
366727190,2022-01-03T03:54:01,40.53582,-74.25431,0.0,343.9,345.0,JILL REINAUER,IMO7042813,WCW9655,31,0,30,8,3.8,57,A
366727190,2022-01-03T04:17:43,40.53585,-74.25431,0.0,120.4,340.0,JILL REINAUER,IMO7042813,WCW9655,31,0,30,8,3.8,57,A
366727190,2022-01-03T04:10:41,40.53581,-74.25429,0.0,240.9,339.0,JILL REINAUER,IMO7042813,WCW9655,31,0,30,8,3.8,57,A
366727190,2022-01-03T04:14:13,40.53582,-74.25432,0.0,323.2,341.0,JILL REINAUER,IMO7042813,WCW9655,31,0,30,8,3.8,57,A
366727190,2022-01-03T04:18:51,40.53585,-74.25429,0.0,180.5,337.0,JILL REINAUER,IMO7042813,WCW9655,31,0,30,8,3.8,57,A
366727190,2022-01-03T04:34:12,40.53587,-74.25424,0.1,200.3,291.0,JILL REINAUER,IMO7042813,WCW9655,31,0,30,8,3.8,57,A
366727190,2022-01-03T04:16:32,40.53583,-74.25431,0.0,266.8,341.0,JILL REINAUER,IMO7042813,WCW9655,31,0,30,8,3.8,57,A
366727190,2022-01-03T04:21:12,40.53582,-74.25428,0.0,344.2,331.0,JILL REINAUER,IMO7042813,WCW9655,31,0,30,8,3.8,57,A
366727190,2022-01-03T02:14:51,40.53578,-74.25426,0.0,15.7,337.0,JILL REINAUER,IMO7042813,WCW9655,31,0,30,8,3.8,57,A
366727190,2022-01-03T04:35:21,40.53588,-74.25425,0.0,279.7,293.0,JILL REINAUER,IMO7042813,WCW9655,31,0,30,8,3.8,57,A
366727190,2022-01-03T04:22:13,40.53584,-74.25428,0.0,309.1,330.0,JILL REINAUER,IMO7042813,WCW9655,31,0,30,8,3.8,57,A
366727190,2022-01-03T04:26:53,40.53580,-74.25430,0.0,349.9,326.0,JILL REINAUER,IMO7042813,WCW9655,31,0,30,8,3.8,57,A
366727190,2022-01-03T04:03:32,40.53581,-74.25428,0.1,276.9,336.0,JILL REINAUER,IMO7042813,WCW9655,31,0,30,8,3.8,57,A
366727190,2022-01-03T04:31:42,40.53580,-74.25425,0.0,80.8,307.0,JILL REINAUER,IMO7042813,WCW9655,31,0,30,8,3.8,57,A
366727190,2022-01-03T04:24:31,40.53581,-74.25428,0.0,227.1,323.0,JILL REINAUER,IMO7042813,WCW9655,31,0,30,8,3.8,57,A
366727190,2022-01-03T04:25:42,40.53578,-74.25434,0.0,188.8,324.0,JILL REINAUER,IMO7042813,WCW9655,31,0,30,8,3.8,57,A
366727190,2022-01-03T04:50:41,40.53576,-74.25430,0.0,186.6,337.0,JILL REINAUER,IMO7042813,WCW9655,31,0,30,8,3.8,57,A
366727190,2022-01-03T04:30:22,40.53585,-74.25428,0.0,119.1,317.0,JILL REINAUER,IMO7042813,WCW9655,31,0,30,8,3.8,57,A
366727190,2022-01-03T02:21:01,40.53575,-74.25429,0.0,205.9,336.0,JILL REINAUER,IMO7042813,WCW9655,31,0,30,8,3.8,57,A
366727190,2022-01-03T04:36:42,40.53585,-74.25424,0.0,260.9,299.0,JILL REINAUER,IMO7042813,WCW9655,31,0,30,8,3.8,57,A
366727190,2022-01-03T04:20:02,40.53583,-74.25428,0.0,217.2,334.0,JILL REINAUER,IMO7042813,WCW9655,31,0,30,8,3.8,57,A
366727190,2022-01-03T04:43:42,40.53576,-74.25429,0.0,219.4,333.0,JILL REINAUER,IMO7042813,WCW9655,31,0,30,8,3.8,57,A
366727190,2022-01-03T02:24:21,40.53578,-74.25429,0.0,190.3,336.0,JILL REINAUER,IMO7042813,WCW9655,31,0,30,8,3.8,57,A
366727190,2022-01-03T04:59:51,40.53583,-74.25431,0.0,222.3,345.0,JILL REINAUER,IMO7042813,WCW9655,31,0,30,8,3.8,57,A
366727190,2022-01-03T05:00:01,40.53583,-74.25431,0.1,234.5,344.0,JILL REINAUER,IMO7042813,WCW9655,31,0,30,8,3.8,57,A
366727190,2022-01-03T05:01:13,40.53585,-74.25431,0.0,252.1,343.0,JILL REINAUER,IMO7042813,WCW9655,31,0,30,8,3.8,57,A
366727190,2022-01-03T04:47:12,40.53576,-74.25430,0.0,36.9,336.0,JILL REINAUER,IMO7042813,WCW9655,31,0,30,8,3.8,57,A
366727190,2022-01-03T04:40:12,40.53583,-74.25428,0.0,214.9,319.0,JILL REINAUER,IMO7042813,WCW9655,31,0,30,8,3.8,57,A
366727190,2022-01-03T04:41:22,40.53581,-74.25428,0.0,38.2,325.0,JILL REINAUER,IMO7042813,WCW9655,31,0,30,8,3.8,57,A
366727190,2022-01-03T04:46:03,40.53574,-74.25430,0.0,170.5,335.0,JILL REINAUER,IMO7042813,WCW9655,31,0,30,8,3.8,57,A
366727190,2022-01-03T02:26:42,40.53580,-74.25428,0.0,321.6,336.0,JILL REINAUER,IMO7042813,WCW9655,31,0,30,8,3.8,57,A
366727190,2022-01-03T04:42:32,40.53578,-74.25429,0.1,220.6,330.0,JILL REINAUER,IMO7042813,WCW9655,31,0,30,8,3.8,57,A
366727190,2022-01-03T04:49:32,40.53575,-74.25432,0.0,338.4,337.0,JILL REINAUER,IMO7042813,WCW9655,31,0,30,8,3.8,57,A
366727190,2022-01-03T04:29:12,40.53585,-74.25428,0.1,1.2,325.0,JILL REINAUER,IMO7042813,WCW9655,31,0,30,8,3.8,57,A
366727190,2022-01-03T04:58:42,40.53581,-74.25430,0.0,345.6,344.0,JILL REINAUER,IMO7042813,WCW9655,31,0,30,8,3.8,57,A
366727190,2022-01-03T05:09:21,40.53585,-74.25423,0.0,192.4,308.0,JILL REINAUER,IMO7042813,WCW9655,31,0,30,8,3.8,57,A
366727190,2022-01-03T04:51:53,40.53580,-74.25429,0.0,358.1,337.0,JILL REINAUER,IMO7042813,WCW9655,31,0,30,8,3.8,57,A
366727190,2022-01-03T04:55:22,40.53572,-74.25430,0.0,219.2,336.0,JILL REINAUER,IMO7042813,WCW9655,31,0,30,8,3.8,57,A
366727190,2022-01-03T04:37:52,40.53584,-74.25423,0.1,218.9,306.0,JILL REINAUER,IMO7042813,WCW9655,31,0,30,8,3.8,57,A
366727190,2022-01-03T05:14:01,40.53585,-74.25422,0.0,349.2,296.0,JILL REINAUER,IMO7042813,WCW9655,31,0,30,8,3.8,57,A
366727190,2022-01-03T04:56:32,40.53574,-74.25431,0.1,205.9,338.0,JILL REINAUER,IMO7042813,WCW9655,31,0,30,8,3.8,57,A
366727190,2022-01-03T04:39:01,40.53581,-74.25426,0.1,209.9,312.0,JILL REINAUER,IMO7042813,WCW9655,31,0,30,8,3.8,57,A
366727190,2022-01-03T05:08:13,40.53583,-74.25424,0.0,168.1,317.0,JILL REINAUER,IMO7042813,WCW9655,31,0,30,8,3.8,57,A
366727190,2022-01-03T04:53:02,40.53583,-74.25429,0.0,173.8,337.0,JILL REINAUER,IMO7042813,WCW9655,31,0,30,8,3.8,57,A
366727190,2022-01-03T05:02:22,40.53583,-74.25431,0.0,193.2,341.0,JILL REINAUER,IMO7042813,WCW9655,31,0,30,8,3.8,57,A
366727190,2022-01-03T04:44:51,40.53577,-74.25431,0.0,8.3,335.0,JILL REINAUER,IMO7042813,WCW9655,31,0,30,8,3.8,57,A
366727190,2022-01-03T05:03:31,40.53583,-74.25431,0.0,21.1,339.0,JILL REINAUER,IMO7042813,WCW9655,31,0,30,8,3.8,57,A
366727190,2022-01-03T04:48:21,40.53576,-74.25432,0.0,348.2,337.0,JILL REINAUER,IMO7042813,WCW9655,31,0,30,8,3.8,57,A
366727190,2022-01-03T05:18:32,40.53586,-74.25419,0.0,40.2,280.0,JILL REINAUER,IMO7042813,WCW9655,31,0,30,8,3.8,57,A
366727190,2022-01-03T05:07:02,40.53582,-74.25425,0.1,23.0,324.0,JILL REINAUER,IMO7042813,WCW9655,31,0,30,8,3.8,57,A
366727190,2022-01-03T05:20:53,40.53587,-74.25420,0.0,246.0,277.0,JILL REINAUER,IMO7042813,WCW9655,31,0,30,8,3.8,57,A
366727190,2022-01-03T04:54:12,40.53574,-74.25430,0.0,214.4,336.0,JILL REINAUER,IMO7042813,WCW9655,31,0,30,8,3.8,57,A
366727190,2022-01-03T05:15:11,40.53586,-74.25422,0.0,359.2,291.0,JILL REINAUER,IMO7042813,WCW9655,31,0,30,8,3.8,57,A
366727190,2022-01-03T04:57:33,40.53576,-74.25431,0.0,247.1,340.0,JILL REINAUER,IMO7042813,WCW9655,31,0,30,8,3.8,57,A
366727190,2022-01-03T05:10:31,40.53583,-74.25425,0.0,61.0,302.0,JILL REINAUER,IMO7042813,WCW9655,31,0,30,8,3.8,57,A
366727190,2022-01-03T05:33:41,40.53586,-74.25416,0.0,26.6,278.0,JILL REINAUER,IMO7042813,WCW9655,31,0,30,8,3.8,57,A
366727190,2022-01-03T05:22:01,40.53585,-74.25419,0.0,181.4,279.0,JILL REINAUER,IMO7042813,WCW9655,31,0,30,8,3.8,57,A
366727190,2022-01-03T05:25:32,40.53586,-74.25420,0.0,313.8,286.0,JILL REINAUER,IMO7042813,WCW9655,31,0,30,8,3.8,57,A
366727190,2022-01-03T05:12:52,40.53584,-74.25424,0.0,1.5,298.0,JILL REINAUER,IMO7042813,WCW9655,31,0,30,8,3.8,57,A
366727190,2022-01-03T05:31:23,40.53587,-74.25419,0.0,309.4,282.0,JILL REINAUER,IMO7042813,WCW9655,31,0,30,8,3.8,57,A
366727190,2022-01-03T05:16:12,40.53586,-74.25423,0.0,310.9,285.0,JILL REINAUER,IMO7042813,WCW9655,31,0,30,8,3.8,57,A
366727190,2022-01-03T05:44:52,40.53598,-74.25425,0.0,337.8,235.0,JILL REINAUER,IMO7042813,WCW9655,31,0,30,8,3.8,57,A
366727190,2022-01-03T06:01:04,40.53403,-74.24992,7.4,3.2,359.0,JILL REINAUER,IMO7042813,WCW9655,31,0,30,8,3.8,57,A
366727190,2022-01-03T05:29:02,40.53585,-74.25422,0.0,182.4,286.0,JILL REINAUER,IMO7042813,WCW9655,31,0,30,8,3.8,57,A
366727190,2022-01-03T05:47:22,40.53599,-74.25426,0.0,292.1,225.0,JILL REINAUER,IMO7042813,WCW9655,31,0,30,8,3.8,57,A
366727190,2022-01-03T05:32:31,40.53588,-74.25420,0.0,74.6,279.0,JILL REINAUER,IMO7042813,WCW9655,31,0,30,8,3.8,57,A
366727190,2022-01-03T06:05:33,40.53977,-74.25143,2.9,345.1,345.0,JILL REINAUER,IMO7042813,WCW9655,31,0,30,8,3.8,57,A
366727190,2022-01-03T05:23:12,40.53586,-74.25419,0.1,194.1,282.0,JILL REINAUER,IMO7042813,WCW9655,31,0,30,8,3.8,57,A
366727190,2022-01-03T05:24:21,40.53586,-74.25419,0.0,223.5,284.0,JILL REINAUER,IMO7042813,WCW9655,31,0,30,8,3.8,57,A
366727190,2022-01-03T05:34:53,40.53587,-74.25415,0.0,339.1,275.0,JILL REINAUER,IMO7042813,WCW9655,31,0,30,8,3.8,57,A
366727190,2022-01-03T05:40:22,40.53594,-74.25420,0.0,322.0,257.0,JILL REINAUER,IMO7042813,WCW9655,31,0,30,8,3.8,57,A
366727190,2022-01-03T05:54:05,40.53601,-74.25428,0.1,49.9,204.0,JILL REINAUER,IMO7042813,WCW9655,31,0,30,8,3.8,57,A
366727190,2022-01-03T05:41:31,40.53596,-74.25422,0.0,346.1,252.0,JILL REINAUER,IMO7042813,WCW9655,31,0,30,8,3.8,57,A
366727190,2022-01-03T05:59:16,40.53417,-74.25178,4.6,164.7,165.0,JILL REINAUER,IMO7042813,WCW9655,31,0,30,8,3.8,57,A
366727190,2022-01-03T05:42:32,40.53596,-74.25423,0.0,113.0,246.0,JILL REINAUER,IMO7042813,WCW9655,31,0,30,8,3.8,57,A
366727190,2022-01-03T05:30:12,40.53587,-74.25420,0.0,209.1,285.0,JILL REINAUER,IMO7042813,WCW9655,31,0,30,8,3.8,57,A
366727190,2022-01-03T05:46:12,40.53598,-74.25426,0.0,286.5,231.0,JILL REINAUER,IMO7042813,WCW9655,31,0,30,8,3.8,57,A
366727190,2022-01-03T05:49:42,40.53600,-74.25424,0.0,351.3,210.0,JILL REINAUER,IMO7042813,WCW9655,31,0,30,8,3.8,57,A
366727190,2022-01-03T05:50:51,40.53603,-74.25426,0.0,183.8,204.0,JILL REINAUER,IMO7042813,WCW9655,31,0,30,8,3.8,57,A
366727190,2022-01-03T05:53:01,40.53602,-74.25427,0.0,6.1,200.0,JILL REINAUER,IMO7042813,WCW9655,31,0,30,8,3.8,57,A
366727190,2022-01-03T06:18:26,40.54332,-74.25277,0.2,343.9,280.0,JILL REINAUER,IMO7042813,WCW9655,31,0,30,8,3.8,57,A
366727190,2022-01-03T05:48:31,40.53599,-74.25425,0.1,314.8,219.0,JILL REINAUER,IMO7042813,WCW9655,31,0,30,8,3.8,57,A
366727190,2022-01-03T06:06:42,40.54069,-74.25175,2.9,344.3,344.0,JILL REINAUER,IMO7042813,WCW9655,31,0,30,8,3.8,57,A
366727190,2022-01-03T02:57:02,40.53583,-74.25424,0.0,113.6,322.0,JILL REINAUER,IMO7042813,WCW9655,31,0,30,8,3.8,57,A
366727190,2022-01-03T05:38:12,40.53591,-74.25417,0.1,14.8,263.0,JILL REINAUER,IMO7042813,WCW9655,31,0,30,8,3.8,57,A
366727190,2022-01-03T05:55:06,40.53601,-74.25424,0.2,69.4,243.0,JILL REINAUER,IMO7042813,WCW9655,31,0,30,8,3.8,57,A
366727190,2022-01-03T05:58:15,40.53547,-74.25225,5.2,162.5,164.0,JILL REINAUER,IMO7042813,WCW9655,31,0,30,8,3.8,57,A
366727190,2022-01-03T06:24:12,40.54327,-74.25280,0.0,243.6,270.0,JILL REINAUER,IMO7042813,WCW9655,31,0,30,8,3.8,57,A
366727190,2022-01-03T05:56:08,40.53604,-74.25396,0.6,75.7,309.0,JILL REINAUER,IMO7042813,WCW9655,31,0,30,8,3.8,57,A
366727190,2022-01-03T06:25:32,40.54326,-74.25280,0.0,190.5,274.0,JILL REINAUER,IMO7042813,WCW9655,31,0,30,8,3.8,57,A
366727190,2022-01-03T06:26:42,40.54327,-74.25281,0.0,267.4,275.0,JILL REINAUER,IMO7042813,WCW9655,31,0,30,8,3.8,57,A
366727190,2022-01-03T06:04:15,40.53872,-74.25111,3.2,349.4,340.0,JILL REINAUER,IMO7042813,WCW9655,31,0,30,8,3.8,57,A
366727190,2022-01-03T06:03:12,40.53769,-74.25080,4.4,345.2,348.0,JILL REINAUER,IMO7042813,WCW9655,31,0,30,8,3.8,57,A
366727190,2022-01-03T06:36:13,40.54330,-74.25279,0.0,2.5,273.0,JILL REINAUER,IMO7042813,WCW9655,31,0,30,8,3.8,57,A
366727190,2022-01-03T06:00:01,40.53334,-74.25123,4.6,128.0,100.0,JILL REINAUER,IMO7042813,WCW9655,31,0,30,8,3.8,57,A
366727190,2022-01-03T05:51:52,40.53603,-74.25427,0.0,291.2,201.0,JILL REINAUER,IMO7042813,WCW9655,31,0,30,8,3.8,57,A
366727190,2022-01-03T06:11:15,40.54312,-74.25257,1.1,354.6,330.0,JILL REINAUER,IMO7042813,WCW9655,31,0,30,8,3.8,57,A
366727190,2022-01-03T06:23:02,40.54324,-74.25279,0.1,334.8,273.0,JILL REINAUER,IMO7042813,WCW9655,31,0,30,8,3.8,57,A
366727190,2022-01-03T06:38:32,40.54327,-74.25281,0.0,329.2,272.0,JILL REINAUER,IMO7042813,WCW9655,31,0,30,8,3.8,57,A
366727190,2022-01-03T06:39:43,40.54328,-74.25280,0.0,353.0,271.0,JILL REINAUER,IMO7042813,WCW9655,31,0,30,8,3.8,57,A
366727190,2022-01-03T06:12:16,40.54334,-74.25257,0.4,346.5,281.0,JILL REINAUER,IMO7042813,WCW9655,31,0,30,8,3.8,57,A
366727190,2022-01-03T06:07:52,40.54154,-74.25206,2.5,343.5,345.0,JILL REINAUER,IMO7042813,WCW9655,31,0,30,8,3.8,57,A
366727190,2022-01-03T06:09:02,40.54219,-74.25231,2.0,344.2,347.0,JILL REINAUER,IMO7042813,WCW9655,31,0,30,8,3.8,57,A
366727190,2022-01-03T05:57:11,40.53634,-74.25359,3.7,85.3,98.0,JILL REINAUER,IMO7042813,WCW9655,31,0,30,8,3.8,57,A
366727190,2022-01-03T06:13:17,40.54340,-74.25262,0.2,244.4,272.0,JILL REINAUER,IMO7042813,WCW9655,31,0,30,8,3.8,57,A
366727190,2022-01-03T06:21:52,40.54322,-74.25279,0.0,209.9,275.0,JILL REINAUER,IMO7042813,WCW9655,31,0,30,8,3.8,57,A
366727190,2022-01-03T06:15:19,40.54321,-74.25269,0.2,208.1,299.0,JILL REINAUER,IMO7042813,WCW9655,31,0,30,8,3.8,57,A
366727190,2022-01-03T06:02:08,40.53620,-74.25030,6.1,346.4,349.0,JILL REINAUER,IMO7042813,WCW9655,31,0,30,8,3.8,57,A
366727190,2022-01-03T06:17:23,40.54319,-74.25269,0.2,346.7,293.0,JILL REINAUER,IMO7042813,WCW9655,31,0,30,8,3.8,57,A
366727190,2022-01-03T06:20:42,40.54326,-74.25278,0.1,295.1,276.0,JILL REINAUER,IMO7042813,WCW9655,31,0,30,8,3.8,57,A
366727190,2022-01-03T06:40:52,40.54329,-74.25281,0.0,150.3,270.0,JILL REINAUER,IMO7042813,WCW9655,31,0,30,8,3.8,57,A
366727190,2022-01-03T03:09:42,40.53581,-74.25427,0.0,2.4,337.0,JILL REINAUER,IMO7042813,WCW9655,31,0,30,8,3.8,57,A
366727190,2022-01-03T06:27:52,40.54329,-74.25284,0.0,314.7,276.0,JILL REINAUER,IMO7042813,WCW9655,31,0,30,8,3.8,57,A
366727190,2022-01-03T06:33:53,40.54327,-74.25278,0.0,236.7,274.0,JILL REINAUER,IMO7042813,WCW9655,31,0,30,8,3.8,57,A
366727190,2022-01-03T06:14:18,40.54335,-74.25269,0.5,188.4,273.0,JILL REINAUER,IMO7042813,WCW9655,31,0,30,8,3.8,57,A
366727190,2022-01-03T06:35:02,40.54329,-74.25281,0.0,325.6,273.0,JILL REINAUER,IMO7042813,WCW9655,31,0,30,8,3.8,57,A
366727190,2022-01-03T06:30:22,40.54330,-74.25286,0.0,278.9,275.0,JILL REINAUER,IMO7042813,WCW9655,31,0,30,8,3.8,57,A
366727190,2022-01-03T03:10:52,40.53582,-74.25423,0.0,296.9,335.0,JILL REINAUER,IMO7042813,WCW9655,31,0,30,8,3.8,57,A
366727190,2022-01-03T06:46:21,40.54279,-74.25224,2.5,156.4,162.0,JILL REINAUER,IMO7042813,WCW9655,31,0,30,8,3.8,57,A
366727190,2022-01-03T06:16:22,40.54317,-74.25268,0.0,176.6,295.0,JILL REINAUER,IMO7042813,WCW9655,31,0,30,8,3.8,57,A
366727190,2022-01-03T06:56:12,40.53602,-74.25428,0.0,289.8,210.0,JILL REINAUER,IMO7042813,WCW9655,31,0,30,8,3.8,57,A
366727190,2022-01-03T06:43:12,40.54328,-74.25280,0.0,206.2,280.0,JILL REINAUER,IMO7042813,WCW9655,31,0,30,8,3.8,57,A
366727190,2022-01-03T06:44:18,40.54315,-74.25274,0.9,146.8,308.0,JILL REINAUER,IMO7042813,WCW9655,31,0,30,8,3.8,57,A
366727190,2022-01-03T06:29:02,40.54330,-74.25285,0.0,352.5,275.0,JILL REINAUER,IMO7042813,WCW9655,31,0,30,8,3.8,57,A
366727190,2022-01-03T06:45:19,40.54299,-74.25266,0.4,80.9,33.0,JILL REINAUER,IMO7042813,WCW9655,31,0,30,8,3.8,57,A
366727190,2022-01-03T07:02:32,40.53603,-74.25428,0.1,330.0,209.0,JILL REINAUER,IMO7042813,WCW9655,31,0,30,8,3.8,57,A
366727190,2022-01-03T06:52:52,40.53605,-74.25422,0.4,248.3,209.0,JILL REINAUER,IMO7042813,WCW9655,31,0,30,8,3.8,57,A
366727190,2022-01-03T06:47:25,40.54172,-74.25190,4.7,175.1,183.0,JILL REINAUER,IMO7042813,WCW9655,31,0,30,8,3.8,57,A
366727190,2022-01-03T06:32:42,40.54329,-74.25280,0.0,316.6,272.0,JILL REINAUER,IMO7042813,WCW9655,31,0,30,8,3.8,57,A
366727190,2022-01-03T06:53:55,40.53601,-74.25426,0.1,129.3,194.0,JILL REINAUER,IMO7042813,WCW9655,31,0,30,8,3.8,57,A
366727190,2022-01-03T06:48:42,40.53995,-74.25199,5.1,186.4,190.0,JILL REINAUER,IMO7042813,WCW9655,31,0,30,8,3.8,57,A
366727190,2022-01-03T06:49:43,40.53852,-74.25220,5.1,190.4,197.0,JILL REINAUER,IMO7042813,WCW9655,31,0,30,8,3.8,57,A
366727190,2022-01-03T03:25:51,40.53580,-74.25428,0.0,212.3,336.0,JILL REINAUER,IMO7042813,WCW9655,31,0,30,8,3.8,57,A
366727190,2022-01-03T06:50:45,40.53721,-74.25283,4.8,211.5,221.0,JILL REINAUER,IMO7042813,WCW9655,31,0,30,8,3.8,57,A
366727190,2022-01-03T06:51:49,40.53634,-74.25377,2.4,224.6,224.0,JILL REINAUER,IMO7042813,WCW9655,31,0,30,8,3.8,57,A
366727190,2022-01-03T06:37:22,40.54330,-74.25282,0.0,5.4,273.0,JILL REINAUER,IMO7042813,WCW9655,31,0,30,8,3.8,57,A
366727190,2022-01-03T06:59:42,40.53601,-74.25428,0.0,304.9,207.0,JILL REINAUER,IMO7042813,WCW9655,31,0,30,8,3.8,57,A
366727190,2022-01-03T07:09:32,40.53606,-74.25431,0.0,62.6,205.0,JILL REINAUER,IMO7042813,WCW9655,31,0,30,8,3.8,57,A
366727190,2022-01-03T07:29:32,40.53595,-74.25423,0.0,251.3,240.0,JILL REINAUER,IMO7042813,WCW9655,31,0,30,8,3.8,57,A
366727190,2022-01-03T07:11:52,40.53604,-74.25430,0.0,255.1,209.0,JILL REINAUER,IMO7042813,WCW9655,31,0,30,8,3.8,57,A
366727190,2022-01-03T06:42:01,40.54328,-74.25280,0.0,225.2,273.0,JILL REINAUER,IMO7042813,WCW9655,31,0,30,8,3.8,57,A
366727190,2022-01-03T06:57:21,40.53600,-74.25427,0.0,193.2,209.0,JILL REINAUER,IMO7042813,WCW9655,31,0,30,8,3.8,57,A
366727190,2022-01-03T07:33:03,40.53594,-74.25426,0.0,236.2,236.0,JILL REINAUER,IMO7042813,WCW9655,31,0,30,8,3.8,57,A
366727190,2022-01-03T07:14:12,40.53600,-74.25428,0.0,307.3,217.0,JILL REINAUER,IMO7042813,WCW9655,31,0,30,8,3.8,57,A
366727190,2022-01-03T03:29:31,40.53580,-74.25427,0.0,266.1,341.0,JILL REINAUER,IMO7042813,WCW9655,31,0,30,8,3.8,57,A
366727190,2022-01-03T07:04:51,40.53601,-74.25429,0.0,173.2,208.0,JILL REINAUER,IMO7042813,WCW9655,31,0,30,8,3.8,57,A
366727190,2022-01-03T07:00:02,40.53601,-74.25427,0.0,141.6,208.0,JILL REINAUER,IMO7042813,WCW9655,31,0,30,8,3.8,57,A
366727190,2022-01-03T07:07:12,40.53604,-74.25431,0.0,324.5,205.0,JILL REINAUER,IMO7042813,WCW9655,31,0,30,8,3.8,57,A
366727190,2022-01-03T03:33:12,40.53579,-74.25432,0.0,310.6,340.0,JILL REINAUER,IMO7042813,WCW9655,31,0,30,8,3.8,57,A
366727190,2022-01-03T07:40:22,40.53593,-74.25430,0.0,188.2,234.0,JILL REINAUER,IMO7042813,WCW9655,31,0,30,8,3.8,57,A
366727190,2022-01-03T07:03:42,40.53600,-74.25427,0.0,350.1,209.0,JILL REINAUER,IMO7042813,WCW9655,31,0,30,8,3.8,57,A
366727190,2022-01-03T07:13:01,40.53604,-74.25430,0.0,144.0,213.0,JILL REINAUER,IMO7042813,WCW9655,31,0,30,8,3.8,57,A
366727190,2022-01-03T07:23:41,40.53596,-74.25425,0.0,214.7,233.0,JILL REINAUER,IMO7042813,WCW9655,31,0,30,8,3.8,57,A
366727190,2022-01-03T07:08:23,40.53606,-74.25431,0.0,209.8,204.0,JILL REINAUER,IMO7042813,WCW9655,31,0,30,8,3.8,57,A
366727190,2022-01-03T07:16:42,40.53596,-74.25427,0.0,149.6,221.0,JILL REINAUER,IMO7042813,WCW9655,31,0,30,8,3.8,57,A
366727190,2022-01-03T07:15:31,40.53600,-74.25425,0.0,178.4,220.0,JILL REINAUER,IMO7042813,WCW9655,31,0,30,8,3.8,57,A
366727190,2022-01-03T07:28:23,40.53595,-74.25422,0.0,101.0,235.0,JILL REINAUER,IMO7042813,WCW9655,31,0,30,8,3.8,57,A
366727190,2022-01-03T03:38:52,40.53580,-74.25428,0.0,310.8,335.0,JILL REINAUER,IMO7042813,WCW9655,31,0,30,8,3.8,57,A
366727190,2022-01-03T03:41:11,40.53580,-74.25430,0.0,248.3,337.0,JILL REINAUER,IMO7042813,WCW9655,31,0,30,8,3.8,57,A
366727190,2022-01-03T07:19:02,40.53598,-74.25423,0.0,304.0,229.0,JILL REINAUER,IMO7042813,WCW9655,31,0,30,8,3.8,57,A
366727190,2022-01-03T07:20:11,40.53598,-74.25427,0.0,45.7,231.0,JILL REINAUER,IMO7042813,WCW9655,31,0,30,8,3.8,57,A
366727190,2022-01-03T07:17:52,40.53596,-74.25424,0.0,184.8,224.0,JILL REINAUER,IMO7042813,WCW9655,31,0,30,8,3.8,57,A
366727190,2022-01-03T07:26:02,40.53596,-74.25423,0.1,150.7,231.0,JILL REINAUER,IMO7042813,WCW9655,31,0,30,8,3.8,57,A
366727190,2022-01-03T07:21:22,40.53597,-74.25428,0.0,170.1,232.0,JILL REINAUER,IMO7042813,WCW9655,31,0,30,8,3.8,57,A
366727190,2022-01-03T03:44:42,40.53581,-74.25433,0.0,312.6,341.0,JILL REINAUER,IMO7042813,WCW9655,31,0,30,8,3.8,57,A
366727190,2022-01-03T07:32:02,40.53595,-74.25425,0.0,96.2,238.0,JILL REINAUER,IMO7042813,WCW9655,31,0,30,8,3.8,57,A
366727190,2022-01-03T07:41:23,40.53595,-74.25425,0.0,173.9,231.0,JILL REINAUER,IMO7042813,WCW9655,31,0,30,8,3.8,57,A
366727190,2022-01-03T07:30:43,40.53596,-74.25426,0.0,311.6,242.0,JILL REINAUER,IMO7042813,WCW9655,31,0,30,8,3.8,57,A
366727190,2022-01-03T07:46:02,40.53594,-74.25426,0.1,164.1,214.0,JILL REINAUER,IMO7042813,WCW9655,31,0,30,8,3.8,57,A
366727190,2022-01-03T03:48:01,40.53581,-74.25436,0.0,270.8,334.0,JILL REINAUER,IMO7042813,WCW9655,31,0,30,8,3.8,57,A
366727190,2022-01-03T07:35:32,40.53594,-74.25425,0.0,114.1,235.0,JILL REINAUER,IMO7042813,WCW9655,31,0,30,8,3.8,57,A
366727190,2022-01-03T08:09:41,40.53585,-74.25425,0.0,224.6,277.0,JILL REINAUER,IMO7042813,WCW9655,31,0,30,8,3.8,57,A
366727190,2022-01-03T07:34:23,40.53596,-74.25423,0.0,193.1,236.0,JILL REINAUER,IMO7042813,WCW9655,31,0,30,8,3.8,57,A
366727190,2022-01-03T07:36:42,40.53595,-74.25425,0.0,302.7,233.0,JILL REINAUER,IMO7042813,WCW9655,31,0,30,8,3.8,57,A
366727190,2022-01-03T07:38:02,40.53595,-74.25425,0.0,205.7,233.0,JILL REINAUER,IMO7042813,WCW9655,31,0,30,8,3.8,57,A
366727190,2022-01-03T07:39:11,40.53594,-74.25428,0.0,244.3,233.0,JILL REINAUER,IMO7042813,WCW9655,31,0,30,8,3.8,57,A
366727190,2022-01-03T07:22:32,40.53596,-74.25427,0.0,162.2,232.0,JILL REINAUER,IMO7042813,WCW9655,31,0,30,8,3.8,57,A
366727190,2022-01-03T07:56:32,40.53593,-74.25423,0.1,172.3,229.0,JILL REINAUER,IMO7042813,WCW9655,31,0,30,8,3.8,57,A
366727190,2022-01-03T07:24:52,40.53597,-74.25425,0.0,220.2,234.0,JILL REINAUER,IMO7042813,WCW9655,31,0,30,8,3.8,57,A
366727190,2022-01-03T07:44:51,40.53595,-74.25426,0.1,228.3,220.0,JILL REINAUER,IMO7042813,WCW9655,31,0,30,8,3.8,57,A
366727190,2022-01-03T07:27:12,40.53596,-74.25422,0.1,150.6,232.0,JILL REINAUER,IMO7042813,WCW9655,31,0,30,8,3.8,57,A
366727190,2022-01-03T07:43:43,40.53595,-74.25427,0.1,228.8,223.0,JILL REINAUER,IMO7042813,WCW9655,31,0,30,8,3.8,57,A
366727190,2022-01-03T08:22:32,40.53583,-74.25423,0.0,158.1,320.0,JILL REINAUER,IMO7042813,WCW9655,31,0,30,8,3.8,57,A
366727190,2022-01-03T07:47:12,40.53593,-74.25430,0.1,217.6,212.0,JILL REINAUER,IMO7042813,WCW9655,31,0,30,8,3.8,57,A
366727190,2022-01-03T07:48:22,40.53588,-74.25431,0.0,208.5,211.0,JILL REINAUER,IMO7042813,WCW9655,31,0,30,8,3.8,57,A
366727190,2022-01-03T08:05:01,40.53584,-74.25424,0.0,44.9,271.0,JILL REINAUER,IMO7042813,WCW9655,31,0,30,8,3.8,57,A
366727190,2022-01-03T07:50:43,40.53593,-74.25428,0.0,222.7,216.0,JILL REINAUER,IMO7042813,WCW9655,31,0,30,8,3.8,57,A
366727190,2022-01-03T07:51:52,40.53594,-74.25426,0.0,170.4,220.0,JILL REINAUER,IMO7042813,WCW9655,31,0,30,8,3.8,57,A
366727190,2022-01-03T07:53:01,40.53594,-74.25425,0.0,206.2,222.0,JILL REINAUER,IMO7042813,WCW9655,31,0,30,8,3.8,57,A
366727190,2022-01-03T08:10:52,40.53585,-74.25422,0.0,298.2,278.0,JILL REINAUER,IMO7042813,WCW9655,31,0,30,8,3.8,57,A
366727190,2022-01-03T07:55:22,40.53593,-74.25426,0.0,180.0,225.0,JILL REINAUER,IMO7042813,WCW9655,31,0,30,8,3.8,57,A
366727190,2022-01-03T07:54:12,40.53593,-74.25424,0.0,183.2,223.0,JILL REINAUER,IMO7042813,WCW9655,31,0,30,8,3.8,57,A
366727190,2022-01-03T07:57:43,40.53594,-74.25424,0.1,141.8,233.0,JILL REINAUER,IMO7042813,WCW9655,31,0,30,8,3.8,57,A
366727190,2022-01-03T07:58:52,40.53592,-74.25418,0.1,135.8,237.0,JILL REINAUER,IMO7042813,WCW9655,31,0,30,8,3.8,57,A
366727190,2022-01-03T08:00:12,40.53594,-74.25420,0.0,206.6,243.0,JILL REINAUER,IMO7042813,WCW9655,31,0,30,8,3.8,57,A
366727190,2022-01-03T03:57:31,40.53582,-74.25429,0.0,133.8,343.0,JILL REINAUER,IMO7042813,WCW9655,31,0,30,8,3.8,57,A
366727190,2022-01-03T08:01:31,40.53594,-74.25421,0.1,178.4,251.0,JILL REINAUER,IMO7042813,WCW9655,31,0,30,8,3.8,57,A
366727190,2022-01-03T08:02:41,40.53588,-74.25424,0.1,173.3,258.0,JILL REINAUER,IMO7042813,WCW9655,31,0,30,8,3.8,57,A
366727190,2022-01-03T07:49:32,40.53589,-74.25432,0.0,165.3,212.0,JILL REINAUER,IMO7042813,WCW9655,31,0,30,8,3.8,57,A
366727190,2022-01-03T08:03:53,40.53584,-74.25427,0.1,186.4,267.0,JILL REINAUER,IMO7042813,WCW9655,31,0,30,8,3.8,57,A
366727190,2022-01-03T04:00:02,40.53583,-74.25428,0.0,268.9,335.0,JILL REINAUER,IMO7042813,WCW9655,31,0,30,8,3.8,57,A
366727190,2022-01-03T08:06:12,40.53585,-74.25422,0.0,293.7,270.0,JILL REINAUER,IMO7042813,WCW9655,31,0,30,8,3.8,57,A
366727190,2022-01-03T08:21:22,40.53583,-74.25423,0.0,205.4,317.0,JILL REINAUER,IMO7042813,WCW9655,31,0,30,8,3.8,57,A
366727190,2022-01-03T08:07:22,40.53585,-74.25421,0.0,64.7,270.0,JILL REINAUER,IMO7042813,WCW9655,31,0,30,8,3.8,57,A
366727190,2022-01-03T08:45:52,40.53579,-74.25431,0.0,167.4,337.0,JILL REINAUER,IMO7042813,WCW9655,31,0,30,8,3.8,57,A
366727190,2022-01-03T08:23:43,40.53580,-74.25424,0.0,215.7,319.0,JILL REINAUER,IMO7042813,WCW9655,31,0,30,8,3.8,57,A
366727190,2022-01-03T08:13:23,40.53582,-74.25415,0.0,240.7,277.0,JILL REINAUER,IMO7042813,WCW9655,31,0,30,8,3.8,57,A
366727190,2022-01-03T08:29:22,40.53581,-74.25427,0.0,215.6,331.0,JILL REINAUER,IMO7042813,WCW9655,31,0,30,8,3.8,57,A
366727190,2022-01-03T08:55:02,40.53583,-74.25431,0.0,161.0,336.0,JILL REINAUER,IMO7042813,WCW9655,31,0,30,8,3.8,57,A
366727190,2022-01-03T08:15:41,40.53583,-74.25416,0.0,115.5,282.0,JILL REINAUER,IMO7042813,WCW9655,31,0,30,8,3.8,57,A
366727190,2022-01-03T08:30:32,40.53581,-74.25429,0.0,185.2,331.0,JILL REINAUER,IMO7042813,WCW9655,31,0,30,8,3.8,57,A
366727190,2022-01-03T08:18:01,40.53584,-74.25418,0.1,202.6,291.0,JILL REINAUER,IMO7042813,WCW9655,31,0,30,8,3.8,57,A
366727190,2022-01-03T08:16:51,40.53583,-74.25416,0.0,243.2,283.0,JILL REINAUER,IMO7042813,WCW9655,31,0,30,8,3.8,57,A
366727190,2022-01-03T04:05:52,40.53581,-74.25428,0.0,313.2,339.0,JILL REINAUER,IMO7042813,WCW9655,31,0,30,8,3.8,57,A
366727190,2022-01-03T08:19:10,40.53584,-74.25420,0.1,220.7,302.0,JILL REINAUER,IMO7042813,WCW9655,31,0,30,8,3.8,57,A
366727190,2022-01-03T08:20:13,40.53583,-74.25422,0.1,209.0,311.0,JILL REINAUER,IMO7042813,WCW9655,31,0,30,8,3.8,57,A
366727190,2022-01-03T08:35:22,40.53578,-74.25429,0.0,70.0,334.0,JILL REINAUER,IMO7042813,WCW9655,31,0,30,8,3.8,57,A
366727190,2022-01-03T04:08:12,40.53581,-74.25431,0.0,320.3,338.0,JILL REINAUER,IMO7042813,WCW9655,31,0,30,8,3.8,57,A
366727190,2022-01-03T08:41:11,40.53577,-74.25432,0.0,219.8,337.0,JILL REINAUER,IMO7042813,WCW9655,31,0,30,8,3.8,57,A
366727190,2022-01-03T08:28:11,40.53581,-74.25426,0.0,234.5,330.0,JILL REINAUER,IMO7042813,WCW9655,31,0,30,8,3.8,57,A
366727190,2022-01-03T08:08:31,40.53585,-74.25423,0.1,202.7,275.0,JILL REINAUER,IMO7042813,WCW9655,31,0,30,8,3.8,57,A
366727190,2022-01-03T04:09:21,40.53579,-74.25429,0.0,247.6,339.0,JILL REINAUER,IMO7042813,WCW9655,31,0,30,8,3.8,57,A
366727190,2022-01-03T09:06:02,40.53582,-74.25428,0.0,46.1,337.0,JILL REINAUER,IMO7042813,WCW9655,31,0,30,8,3.8,57,A
366727190,2022-01-03T08:25:52,40.53580,-74.25425,0.0,189.9,322.0,JILL REINAUER,IMO7042813,WCW9655,31,0,30,8,3.8,57,A
366727190,2022-01-03T08:12:01,40.53583,-74.25419,0.0,146.8,278.0,JILL REINAUER,IMO7042813,WCW9655,31,0,30,8,3.8,57,A
366727190,2022-01-03T09:09:32,40.53582,-74.25431,0.0,284.0,337.0,JILL REINAUER,IMO7042813,WCW9655,31,0,30,8,3.8,57,A
366727190,2022-01-03T08:44:42,40.53581,-74.25430,0.0,191.6,337.0,JILL REINAUER,IMO7042813,WCW9655,31,0,30,8,3.8,57,A
366727190,2022-01-03T08:14:32,40.53585,-74.25414,0.1,201.1,279.0,JILL REINAUER,IMO7042813,WCW9655,31,0,30,8,3.8,57,A
366727190,2022-01-03T08:32:51,40.53581,-74.25428,0.0,258.0,333.0,JILL REINAUER,IMO7042813,WCW9655,31,0,30,8,3.8,57,A
366727190,2022-01-03T08:36:33,40.53580,-74.25429,0.0,196.8,333.0,JILL REINAUER,IMO7042813,WCW9655,31,0,30,8,3.8,57,A
366727190,2022-01-03T08:38:52,40.53580,-74.25432,0.0,209.1,333.0,JILL REINAUER,IMO7042813,WCW9655,31,0,30,8,3.8,57,A
366727190,2022-01-03T08:40:01,40.53579,-74.25432,0.0,269.7,334.0,JILL REINAUER,IMO7042813,WCW9655,31,0,30,8,3.8,57,A
366727190,2022-01-03T08:42:22,40.53579,-74.25430,0.0,131.9,336.0,JILL REINAUER,IMO7042813,WCW9655,31,0,30,8,3.8,57,A
366727190,2022-01-03T09:23:22,40.53584,-74.25430,0.0,177.5,333.0,JILL REINAUER,IMO7042813,WCW9655,31,0,30,8,3.8,57,A
366727190,2022-01-03T08:56:12,40.53581,-74.25431,0.0,264.4,336.0,JILL REINAUER,IMO7042813,WCW9655,31,0,30,8,3.8,57,A
366727190,2022-01-03T08:27:03,40.53580,-74.25427,0.1,222.1,326.0,JILL REINAUER,IMO7042813,WCW9655,31,0,30,8,3.8,57,A
366727190,2022-01-03T08:43:31,40.53580,-74.25431,0.0,214.9,336.0,JILL REINAUER,IMO7042813,WCW9655,31,0,30,8,3.8,57,A
366727190,2022-01-03T09:30:13,40.53582,-74.25428,0.0,345.5,332.0,JILL REINAUER,IMO7042813,WCW9655,31,0,30,8,3.8,57,A
366727190,2022-01-03T09:31:22,40.53582,-74.25427,0.0,239.5,329.0,JILL REINAUER,IMO7042813,WCW9655,31,0,30,8,3.8,57,A
366727190,2022-01-03T08:31:42,40.53581,-74.25430,0.0,206.7,332.0,JILL REINAUER,IMO7042813,WCW9655,31,0,30,8,3.8,57,A
366727190,2022-01-03T09:32:32,40.53583,-74.25427,0.0,257.9,329.0,JILL REINAUER,IMO7042813,WCW9655,31,0,30,8,3.8,57,A
366727190,2022-01-03T08:34:13,40.53580,-74.25430,0.1,202.0,334.0,JILL REINAUER,IMO7042813,WCW9655,31,0,30,8,3.8,57,A
366727190,2022-01-03T09:33:42,40.53582,-74.25428,0.0,244.2,334.0,JILL REINAUER,IMO7042813,WCW9655,31,0,30,8,3.8,57,A
366727190,2022-01-03T08:53:51,40.53583,-74.25430,0.0,357.4,337.0,JILL REINAUER,IMO7042813,WCW9655,31,0,30,8,3.8,57,A
366727190,2022-01-03T04:23:22,40.53585,-74.25427,0.0,210.1,327.0,JILL REINAUER,IMO7042813,WCW9655,31,0,30,8,3.8,57,A
366727190,2022-01-03T09:03:43,40.53583,-74.25429,0.0,211.4,336.0,JILL REINAUER,IMO7042813,WCW9655,31,0,30,8,3.8,57,A
366727190,2022-01-03T08:52:32,40.53580,-74.25430,0.0,207.5,337.0,JILL REINAUER,IMO7042813,WCW9655,31,0,30,8,3.8,57,A
366727190,2022-01-03T08:37:42,40.53581,-74.25432,0.0,203.1,334.0,JILL REINAUER,IMO7042813,WCW9655,31,0,30,8,3.8,57,A
366727190,2022-01-03T08:58:31,40.53579,-74.25430,0.0,234.9,337.0,JILL REINAUER,IMO7042813,WCW9655,31,0,30,8,3.8,57,A
366727190,2022-01-03T04:28:01,40.53582,-74.25429,0.0,21.7,328.0,JILL REINAUER,IMO7042813,WCW9655,31,0,30,8,3.8,57,A
366727190,2022-01-03T08:57:23,40.53581,-74.25429,0.0,149.3,337.0,JILL REINAUER,IMO7042813,WCW9655,31,0,30,8,3.8,57,A
366727190,2022-01-03T08:47:02,40.53580,-74.25432,0.0,197.4,337.0,JILL REINAUER,IMO7042813,WCW9655,31,0,30,8,3.8,57,A
366727190,2022-01-03T09:02:32,40.53583,-74.25429,0.0,234.6,335.0,JILL REINAUER,IMO7042813,WCW9655,31,0,30,8,3.8,57,A
366727190,2022-01-03T08:48:03,40.53580,-74.25430,0.0,161.4,337.0,JILL REINAUER,IMO7042813,WCW9655,31,0,30,8,3.8,57,A
366727190,2022-01-03T08:49:12,40.53579,-74.25431,0.0,301.2,337.0,JILL REINAUER,IMO7042813,WCW9655,31,0,30,8,3.8,57,A
366727190,2022-01-03T09:51:13,40.53581,-74.25431,0.0,346.1,336.0,JILL REINAUER,IMO7042813,WCW9655,31,0,30,8,3.8,57,A
366727190,2022-01-03T09:07:12,40.53581,-74.25430,0.0,226.8,337.0,JILL REINAUER,IMO7042813,WCW9655,31,0,30,8,3.8,57,A
366727190,2022-01-03T08:50:22,40.53579,-74.25431,0.0,358.6,337.0,JILL REINAUER,IMO7042813,WCW9655,31,0,30,8,3.8,57,A
366727190,2022-01-03T09:53:32,40.53579,-74.25432,0.0,342.3,336.0,JILL REINAUER,IMO7042813,WCW9655,31,0,30,8,3.8,57,A
366727190,2022-01-03T09:04:52,40.53583,-74.25430,0.0,246.5,336.0,JILL REINAUER,IMO7042813,WCW9655,31,0,30,8,3.8,57,A
366727190,2022-01-03T08:51:23,40.53578,-74.25432,0.0,259.3,337.0,JILL REINAUER,IMO7042813,WCW9655,31,0,30,8,3.8,57,A
366727190,2022-01-03T09:18:42,40.53581,-74.25428,0.0,255.1,335.0,JILL REINAUER,IMO7042813,WCW9655,31,0,30,8,3.8,57,A
366727190,2022-01-03T04:33:02,40.53582,-74.25421,0.0,157.5,297.0,JILL REINAUER,IMO7042813,WCW9655,31,0,30,8,3.8,57,A
366727190,2022-01-03T09:08:21,40.53581,-74.25429,0.1,185.4,337.0,JILL REINAUER,IMO7042813,WCW9655,31,0,30,8,3.8,57,A
366727190,2022-01-03T09:10:42,40.53581,-74.25429,0.0,194.9,337.0,JILL REINAUER,IMO7042813,WCW9655,31,0,30,8,3.8,57,A
366727190,2022-01-03T09:11:51,40.53581,-74.25430,0.0,292.2,337.0,JILL REINAUER,IMO7042813,WCW9655,31,0,30,8,3.8,57,A
366727190,2022-01-03T09:14:12,40.53581,-74.25430,0.0,320.8,336.0,JILL REINAUER,IMO7042813,WCW9655,31,0,30,8,3.8,57,A
366727190,2022-01-03T09:13:01,40.53580,-74.25431,0.0,230.1,336.0,JILL REINAUER,IMO7042813,WCW9655,31,0,30,8,3.8,57,A
366727190,2022-01-03T09:17:32,40.53583,-74.25429,0.0,276.4,335.0,JILL REINAUER,IMO7042813,WCW9655,31,0,30,8,3.8,57,A
366727190,2022-01-03T09:15:13,40.53581,-74.25428,0.0,350.7,336.0,JILL REINAUER,IMO7042813,WCW9655,31,0,30,8,3.8,57,A
366727190,2022-01-03T09:00:02,40.53579,-74.25432,0.0,198.6,336.0,JILL REINAUER,IMO7042813,WCW9655,31,0,30,8,3.8,57,A
366727190,2022-01-03T09:16:22,40.53581,-74.25427,0.0,303.1,335.0,JILL REINAUER,IMO7042813,WCW9655,31,0,30,8,3.8,57,A
366727190,2022-01-03T09:22:12,40.53582,-74.25429,0.0,283.5,333.0,JILL REINAUER,IMO7042813,WCW9655,31,0,30,8,3.8,57,A
366727190,2022-01-03T09:19:52,40.53580,-74.25427,0.0,187.2,334.0,JILL REINAUER,IMO7042813,WCW9655,31,0,30,8,3.8,57,A
366727190,2022-01-03T10:09:22,40.53578,-74.25429,0.0,296.0,337.0,JILL REINAUER,IMO7042813,WCW9655,31,0,30,8,3.8,57,A
366727190,2022-01-03T09:25:33,40.53582,-74.25430,0.0,315.2,335.0,JILL REINAUER,IMO7042813,WCW9655,31,0,30,8,3.8,57,A
366727190,2022-01-03T09:21:02,40.53580,-74.25428,0.0,296.1,334.0,JILL REINAUER,IMO7042813,WCW9655,31,0,30,8,3.8,57,A
366727190,2022-01-03T09:26:42,40.53584,-74.25430,0.0,238.2,335.0,JILL REINAUER,IMO7042813,WCW9655,31,0,30,8,3.8,57,A
366727190,2022-01-03T09:24:23,40.53584,-74.25429,0.0,295.6,335.0,JILL REINAUER,IMO7042813,WCW9655,31,0,30,8,3.8,57,A
366727190,2022-01-03T09:37:12,40.53581,-74.25428,0.0,299.6,332.0,JILL REINAUER,IMO7042813,WCW9655,31,0,30,8,3.8,57,A
366727190,2022-01-03T09:41:52,40.53578,-74.25432,0.0,318.6,336.0,JILL REINAUER,IMO7042813,WCW9655,31,0,30,8,3.8,57,A
366727190,2022-01-03T09:27:51,40.53583,-74.25430,0.0,236.4,336.0,JILL REINAUER,IMO7042813,WCW9655,31,0,30,8,3.8,57,A
366727190,2022-01-03T09:43:03,40.53578,-74.25432,0.0,303.4,335.0,JILL REINAUER,IMO7042813,WCW9655,31,0,30,8,3.8,57,A
366727190,2022-01-03T10:19:52,40.53578,-74.25432,0.0,105.0,337.0,JILL REINAUER,IMO7042813,WCW9655,31,0,30,8,3.8,57,A
366727190,2022-01-03T10:23:32,40.53578,-74.25430,0.0,310.5,337.0,JILL REINAUER,IMO7042813,WCW9655,31,0,30,8,3.8,57,A
366727190,2022-01-03T09:34:51,40.53582,-74.25428,0.0,6.5,337.0,JILL REINAUER,IMO7042813,WCW9655,31,0,30,8,3.8,57,A
366727190,2022-01-03T09:36:01,40.53581,-74.25429,0.0,41.5,334.0,JILL REINAUER,IMO7042813,WCW9655,31,0,30,8,3.8,57,A
366727190,2022-01-03T09:38:22,40.53580,-74.25429,0.0,297.0,333.0,JILL REINAUER,IMO7042813,WCW9655,31,0,30,8,3.8,57,A
366727190,2022-01-03T09:40:43,40.53579,-74.25430,0.0,234.5,336.0,JILL REINAUER,IMO7042813,WCW9655,31,0,30,8,3.8,57,A
366727190,2022-01-03T09:39:33,40.53578,-74.25430,0.0,251.3,335.0,JILL REINAUER,IMO7042813,WCW9655,31,0,30,8,3.8,57,A
366727190,2022-01-03T09:57:02,40.53580,-74.25431,0.0,278.4,337.0,JILL REINAUER,IMO7042813,WCW9655,31,0,30,8,3.8,57,A
366727190,2022-01-03T09:47:42,40.53579,-74.25428,0.0,161.4,336.0,JILL REINAUER,IMO7042813,WCW9655,31,0,30,8,3.8,57,A
366727190,2022-01-03T10:35:02,40.53585,-74.25427,0.0,255.5,321.0,JILL REINAUER,IMO7042813,WCW9655,31,0,30,8,3.8,57,A
366727190,2022-01-03T09:45:21,40.53580,-74.25429,0.0,171.3,334.0,JILL REINAUER,IMO7042813,WCW9655,31,0,30,8,3.8,57,A
366727190,2022-01-03T09:59:22,40.53579,-74.25431,0.0,287.8,337.0,JILL REINAUER,IMO7042813,WCW9655,31,0,30,8,3.8,57,A
366727190,2022-01-03T09:46:31,40.53580,-74.25428,0.0,179.0,335.0,JILL REINAUER,IMO7042813,WCW9655,31,0,30,8,3.8,57,A
366727190,2022-01-03T10:03:32,40.53580,-74.25428,0.0,331.0,337.0,JILL REINAUER,IMO7042813,WCW9655,31,0,30,8,3.8,57,A
366727190,2022-01-03T09:52:21,40.53581,-74.25431,0.0,343.9,336.0,JILL REINAUER,IMO7042813,WCW9655,31,0,30,8,3.8,57,A
366727190,2022-01-03T09:50:03,40.53580,-74.25430,0.0,287.2,336.0,JILL REINAUER,IMO7042813,WCW9655,31,0,30,8,3.8,57,A
366727190,2022-01-03T10:04:42,40.53580,-74.25427,0.0,335.6,337.0,JILL REINAUER,IMO7042813,WCW9655,31,0,30,8,3.8,57,A
366727190,2022-01-03T09:54:42,40.53581,-74.25431,0.0,336.3,337.0,JILL REINAUER,IMO7042813,WCW9655,31,0,30,8,3.8,57,A
366727190,2022-01-03T10:45:52,40.53582,-74.25420,0.0,249.8,293.0,JILL REINAUER,IMO7042813,WCW9655,31,0,30,8,3.8,57,A
366727190,2022-01-03T09:58:12,40.53578,-74.25432,0.0,314.6,337.0,JILL REINAUER,IMO7042813,WCW9655,31,0,30,8,3.8,57,A
366727190,2022-01-03T10:05:51,40.53577,-74.25428,0.0,210.5,337.0,JILL REINAUER,IMO7042813,WCW9655,31,0,30,8,3.8,57,A
366727190,2022-01-03T09:44:12,40.53581,-74.25430,0.0,299.4,334.0,JILL REINAUER,IMO7042813,WCW9655,31,0,30,8,3.8,57,A
366727190,2022-01-03T10:48:12,40.53584,-74.25420,0.0,8.8,280.0,JILL REINAUER,IMO7042813,WCW9655,31,0,30,8,3.8,57,A
366727190,2022-01-03T10:00:01,40.53578,-74.25430,0.0,337.6,337.0,JILL REINAUER,IMO7042813,WCW9655,31,0,30,8,3.8,57,A
366727190,2022-01-03T10:50:32,40.53589,-74.25421,0.0,313.6,268.0,JILL REINAUER,IMO7042813,WCW9655,31,0,30,8,3.8,57,A
366727190,2022-01-03T09:48:51,40.53579,-74.25429,0.0,250.4,336.0,JILL REINAUER,IMO7042813,WCW9655,31,0,30,8,3.8,57,A
366727190,2022-01-03T10:02:22,40.53579,-74.25428,0.0,37.6,337.0,JILL REINAUER,IMO7042813,WCW9655,31,0,30,8,3.8,57,A
366727190,2022-01-03T05:04:42,40.53580,-74.25428,0.0,87.5,335.0,JILL REINAUER,IMO7042813,WCW9655,31,0,30,8,3.8,57,A
366727190,2022-01-03T05:05:51,40.53581,-74.25426,0.0,166.0,330.0,JILL REINAUER,IMO7042813,WCW9655,31,0,30,8,3.8,57,A
366727190,2022-01-03T10:07:02,40.53576,-74.25428,0.0,324.9,337.0,JILL REINAUER,IMO7042813,WCW9655,31,0,30,8,3.8,57,A
366727190,2022-01-03T10:12:42,40.53581,-74.25430,0.0,312.8,338.0,JILL REINAUER,IMO7042813,WCW9655,31,0,30,8,3.8,57,A
366727190,2022-01-03T10:14:03,40.53580,-74.25428,0.0,274.7,338.0,JILL REINAUER,IMO7042813,WCW9655,31,0,30,8,3.8,57,A
366727190,2022-01-03T10:15:12,40.53581,-74.25428,0.0,303.3,337.0,JILL REINAUER,IMO7042813,WCW9655,31,0,30,8,3.8,57,A
366727190,2022-01-03T09:55:52,40.53581,-74.25432,0.0,331.2,337.0,JILL REINAUER,IMO7042813,WCW9655,31,0,30,8,3.8,57,A
366727190,2022-01-03T10:17:32,40.53581,-74.25431,0.0,287.1,338.0,JILL REINAUER,IMO7042813,WCW9655,31,0,30,8,3.8,57,A
366727190,2022-01-03T10:01:11,40.53580,-74.25429,0.0,181.5,337.0,JILL REINAUER,IMO7042813,WCW9655,31,0,30,8,3.8,57,A
366727190,2022-01-03T05:11:42,40.53581,-74.25423,0.1,1.1,300.0,JILL REINAUER,IMO7042813,WCW9655,31,0,30,8,3.8,57,A
366727190,2022-01-03T10:16:23,40.53580,-74.25430,0.0,171.0,337.0,JILL REINAUER,IMO7042813,WCW9655,31,0,30,8,3.8,57,A
366727190,2022-01-03T11:03:13,40.53595,-74.25420,0.1,241.8,236.0,JILL REINAUER,IMO7042813,WCW9655,31,0,30,8,3.8,57,A
366727190,2022-01-03T10:08:11,40.53580,-74.25429,0.0,234.7,337.0,JILL REINAUER,IMO7042813,WCW9655,31,0,30,8,3.8,57,A
366727190,2022-01-03T05:17:21,40.53586,-74.25421,0.0,20.4,282.0,JILL REINAUER,IMO7042813,WCW9655,31,0,30,8,3.8,57,A
366727190,2022-01-03T10:31:43,40.53581,-74.25429,0.0,50.2,333.0,JILL REINAUER,IMO7042813,WCW9655,31,0,30,8,3.8,57,A
366727190,2022-01-03T10:10:23,40.53582,-74.25429,0.0,321.8,337.0,JILL REINAUER,IMO7042813,WCW9655,31,0,30,8,3.8,57,A
366727190,2022-01-03T10:21:01,40.53578,-74.25430,0.1,327.9,338.0,JILL REINAUER,IMO7042813,WCW9655,31,0,30,8,3.8,57,A
366727190,2022-01-03T10:22:12,40.53577,-74.25431,0.0,276.4,338.0,JILL REINAUER,IMO7042813,WCW9655,31,0,30,8,3.8,57,A
366727190,2022-01-03T10:11:32,40.53581,-74.25427,0.0,191.5,338.0,JILL REINAUER,IMO7042813,WCW9655,31,0,30,8,3.8,57,A
366727190,2022-01-03T10:29:23,40.53582,-74.25429,0.0,320.8,337.0,JILL REINAUER,IMO7042813,WCW9655,31,0,30,8,3.8,57,A
366727190,2022-01-03T05:19:43,40.53585,-74.25419,0.0,302.6,277.0,JILL REINAUER,IMO7042813,WCW9655,31,0,30,8,3.8,57,A
366727190,2022-01-03T10:24:41,40.53579,-74.25428,0.0,314.1,336.0,JILL REINAUER,IMO7042813,WCW9655,31,0,30,8,3.8,57,A
366727190,2022-01-03T10:33:52,40.53584,-74.25426,0.0,349.4,323.0,JILL REINAUER,IMO7042813,WCW9655,31,0,30,8,3.8,57,A
366727190,2022-01-03T10:18:42,40.53580,-74.25429,0.0,296.7,338.0,JILL REINAUER,IMO7042813,WCW9655,31,0,30,8,3.8,57,A
366727190,2022-01-03T10:27:03,40.53582,-74.25430,0.0,201.6,337.0,JILL REINAUER,IMO7042813,WCW9655,31,0,30,8,3.8,57,A
366727190,2022-01-03T10:39:43,40.53584,-74.25426,0.0,321.3,316.0,JILL REINAUER,IMO7042813,WCW9655,31,0,30,8,3.8,57,A
366727190,2022-01-03T10:28:12,40.53578,-74.25429,0.0,157.7,337.0,JILL REINAUER,IMO7042813,WCW9655,31,0,30,8,3.8,57,A
366727190,2022-01-03T05:26:42,40.53586,-74.25420,0.0,197.3,287.0,JILL REINAUER,IMO7042813,WCW9655,31,0,30,8,3.8,57,A
366727190,2022-01-03T10:30:32,40.53581,-74.25430,0.0,348.1,335.0,JILL REINAUER,IMO7042813,WCW9655,31,0,30,8,3.8,57,A
366727190,2022-01-03T10:36:12,40.53585,-74.25427,0.0,227.7,322.0,JILL REINAUER,IMO7042813,WCW9655,31,0,30,8,3.8,57,A
366727190,2022-01-03T10:37:22,40.53587,-74.25427,0.1,139.4,320.0,JILL REINAUER,IMO7042813,WCW9655,31,0,30,8,3.8,57,A
366727190,2022-01-03T10:38:42,40.53584,-74.25428,0.0,307.9,317.0,JILL REINAUER,IMO7042813,WCW9655,31,0,30,8,3.8,57,A
366727190,2022-01-03T05:27:51,40.53586,-74.25419,0.0,331.4,288.0,JILL REINAUER,IMO7042813,WCW9655,31,0,30,8,3.8,57,A
366727190,2022-01-03T11:25:32,40.53579,-74.25429,0.0,213.7,328.0,JILL REINAUER,IMO7042813,WCW9655,31,0,30,8,3.8,57,A
366727190,2022-01-03T11:26:43,40.53580,-74.25427,0.0,259.6,321.0,JILL REINAUER,IMO7042813,WCW9655,31,0,30,8,3.8,57,A
366727190,2022-01-03T10:49:23,40.53586,-74.25419,0.0,23.7,274.0,JILL REINAUER,IMO7042813,WCW9655,31,0,30,8,3.8,57,A
366727190,2022-01-03T10:43:32,40.53580,-74.25424,0.0,30.3,305.0,JILL REINAUER,IMO7042813,WCW9655,31,0,30,8,3.8,57,A
366727190,2022-01-03T10:32:51,40.53581,-74.25428,0.0,57.8,329.0,JILL REINAUER,IMO7042813,WCW9655,31,0,30,8,3.8,57,A
366727190,2022-01-03T10:40:53,40.53581,-74.25425,0.0,308.9,312.0,JILL REINAUER,IMO7042813,WCW9655,31,0,30,8,3.8,57,A
366727190,2022-01-03T10:55:11,40.53592,-74.25424,0.0,256.1,262.0,JILL REINAUER,IMO7042813,WCW9655,31,0,30,8,3.8,57,A
366727190,2022-01-03T10:42:12,40.53583,-74.25424,0.0,219.4,308.0,JILL REINAUER,IMO7042813,WCW9655,31,0,30,8,3.8,57,A
366727190,2022-01-03T11:33:53,40.53580,-74.25427,0.0,226.8,326.0,JILL REINAUER,IMO7042813,WCW9655,31,0,30,8,3.8,57,A
366727190,2022-01-03T10:56:21,40.53592,-74.25424,0.0,219.0,261.0,JILL REINAUER,IMO7042813,WCW9655,31,0,30,8,3.8,57,A
366727190,2022-01-03T10:47:01,40.53583,-74.25420,0.0,357.1,286.0,JILL REINAUER,IMO7042813,WCW9655,31,0,30,8,3.8,57,A
366727190,2022-01-03T10:58:43,40.53593,-74.25419,0.0,25.5,258.0,JILL REINAUER,IMO7042813,WCW9655,31,0,30,8,3.8,57,A
366727190,2022-01-03T10:44:43,40.53582,-74.25423,0.0,14.5,299.0,JILL REINAUER,IMO7042813,WCW9655,31,0,30,8,3.8,57,A
366727190,2022-01-03T11:04:21,40.53594,-74.25420,0.1,194.0,238.0,JILL REINAUER,IMO7042813,WCW9655,31,0,30,8,3.8,57,A
366727190,2022-01-03T11:09:12,40.53593,-74.25420,0.0,157.9,251.0,JILL REINAUER,IMO7042813,WCW9655,31,0,30,8,3.8,57,A
366727190,2022-01-03T10:52:53,40.53591,-74.25423,0.0,242.4,260.0,JILL REINAUER,IMO7042813,WCW9655,31,0,30,8,3.8,57,A
366727190,2022-01-03T11:06:41,40.53593,-74.25419,0.0,356.1,244.0,JILL REINAUER,IMO7042813,WCW9655,31,0,30,8,3.8,57,A
366727190,2022-01-03T10:51:42,40.53589,-74.25421,0.0,62.9,262.0,JILL REINAUER,IMO7042813,WCW9655,31,0,30,8,3.8,57,A
366727190,2022-01-03T05:36:01,40.53587,-74.25417,0.0,276.0,272.0,JILL REINAUER,IMO7042813,WCW9655,31,0,30,8,3.8,57,A
366727190,2022-01-03T05:37:02,40.53589,-74.25414,0.0,21.5,268.0,JILL REINAUER,IMO7042813,WCW9655,31,0,30,8,3.8,57,A
366727190,2022-01-03T10:59:52,40.53595,-74.25421,0.0,318.6,255.0,JILL REINAUER,IMO7042813,WCW9655,31,0,30,8,3.8,57,A
366727190,2022-01-03T11:01:03,40.53597,-74.25422,0.0,285.9,249.0,JILL REINAUER,IMO7042813,WCW9655,31,0,30,8,3.8,57,A
366727190,2022-01-03T11:11:31,40.53592,-74.25417,0.1,190.3,265.0,JILL REINAUER,IMO7042813,WCW9655,31,0,30,8,3.8,57,A
366727190,2022-01-03T10:57:31,40.53592,-74.25421,0.0,66.1,262.0,JILL REINAUER,IMO7042813,WCW9655,31,0,30,8,3.8,57,A
366727190,2022-01-03T05:39:21,40.53592,-74.25420,0.1,349.1,259.0,JILL REINAUER,IMO7042813,WCW9655,31,0,30,8,3.8,57,A
366727190,2022-01-03T11:17:21,40.53582,-74.25425,0.0,256.0,316.0,JILL REINAUER,IMO7042813,WCW9655,31,0,30,8,3.8,57,A
366727190,2022-01-03T05:43:42,40.53598,-74.25423,0.0,288.2,241.0,JILL REINAUER,IMO7042813,WCW9655,31,0,30,8,3.8,57,A
366727190,2022-01-03T11:08:02,40.53593,-74.25420,0.0,278.4,246.0,JILL REINAUER,IMO7042813,WCW9655,31,0,30,8,3.8,57,A
366727190,2022-01-03T11:02:12,40.53597,-74.25420,0.0,204.0,239.0,JILL REINAUER,IMO7042813,WCW9655,31,0,30,8,3.8,57,A
366727190,2022-01-03T11:10:21,40.53593,-74.25417,0.0,180.2,257.0,JILL REINAUER,IMO7042813,WCW9655,31,0,30,8,3.8,57,A
366727190,2022-01-03T11:15:01,40.53584,-74.25423,0.1,225.7,303.0,JILL REINAUER,IMO7042813,WCW9655,31,0,30,8,3.8,57,A
366727190,2022-01-03T11:16:12,40.53584,-74.25423,0.0,239.0,312.0,JILL REINAUER,IMO7042813,WCW9655,31,0,30,8,3.8,57,A
366727190,2022-01-03T11:12:38,40.53589,-74.25418,0.1,203.5,279.0,JILL REINAUER,IMO7042813,WCW9655,31,0,30,8,3.8,57,A
366727190,2022-01-03T11:37:22,40.53578,-74.25432,0.0,239.0,330.0,JILL REINAUER,IMO7042813,WCW9655,31,0,30,8,3.8,57,A
366727190,2022-01-03T11:13:53,40.53586,-74.25420,0.1,212.6,292.0,JILL REINAUER,IMO7042813,WCW9655,31,0,30,8,3.8,57,A
366727190,2022-01-03T11:28:02,40.53580,-74.25427,0.0,273.4,321.0,JILL REINAUER,IMO7042813,WCW9655,31,0,30,8,3.8,57,A
366727190,2022-01-03T11:19:53,40.53581,-74.25429,0.1,224.6,326.0,JILL REINAUER,IMO7042813,WCW9655,31,0,30,8,3.8,57,A
366727190,2022-01-03T11:18:32,40.53583,-74.25427,0.1,220.1,322.0,JILL REINAUER,IMO7042813,WCW9655,31,0,30,8,3.8,57,A
366727190,2022-01-03T11:22:02,40.53580,-74.25429,0.0,291.9,322.0,JILL REINAUER,IMO7042813,WCW9655,31,0,30,8,3.8,57,A
366727190,2022-01-03T11:32:43,40.53579,-74.25429,0.0,198.3,328.0,JILL REINAUER,IMO7042813,WCW9655,31,0,30,8,3.8,57,A
366727190,2022-01-03T11:21:01,40.53579,-74.25430,0.0,310.1,324.0,JILL REINAUER,IMO7042813,WCW9655,31,0,30,8,3.8,57,A
366727190,2022-01-03T11:39:42,40.53580,-74.25428,0.1,207.6,334.0,JILL REINAUER,IMO7042813,WCW9655,31,0,30,8,3.8,57,A
366727190,2022-01-03T11:42:13,40.53582,-74.25428,0.1,230.4,333.0,JILL REINAUER,IMO7042813,WCW9655,31,0,30,8,3.8,57,A
366727190,2022-01-03T11:24:23,40.53582,-74.25429,0.0,304.5,325.0,JILL REINAUER,IMO7042813,WCW9655,31,0,30,8,3.8,57,A
366727190,2022-01-03T11:49:22,40.53583,-74.25429,0.0,305.0,328.0,JILL REINAUER,IMO7042813,WCW9655,31,0,30,8,3.8,57,A
366727190,2022-01-03T11:46:53,40.53582,-74.25429,0.0,293.9,328.0,JILL REINAUER,IMO7042813,WCW9655,31,0,30,8,3.8,57,A
366727190,2022-01-03T11:30:22,40.53579,-74.25428,0.0,86.9,325.0,JILL REINAUER,IMO7042813,WCW9655,31,0,30,8,3.8,57,A
366727190,2022-01-03T11:35:01,40.53578,-74.25431,0.0,224.7,327.0,JILL REINAUER,IMO7042813,WCW9655,31,0,30,8,3.8,57,A
366727190,2022-01-03T11:31:31,40.53579,-74.25429,0.0,219.2,325.0,JILL REINAUER,IMO7042813,WCW9655,31,0,30,8,3.8,57,A
366727190,2022-01-03T11:57:42,40.53584,-74.25432,0.0,239.6,330.0,JILL REINAUER,IMO7042813,WCW9655,31,0,30,8,3.8,57,A
366727190,2022-01-03T12:33:05,40.58497,-74.20817,10.6,6.2,8.0,JILL REINAUER,IMO7042813,WCW9655,31,0,30,8,3.8,57,A
366727190,2022-01-03T12:00:12,40.53586,-74.25430,0.0,237.6,330.0,JILL REINAUER,IMO7042813,WCW9655,31,0,30,8,3.8,57,A
366727190,2022-01-03T12:02:32,40.53587,-74.25432,0.1,354.7,331.0,JILL REINAUER,IMO7042813,WCW9655,31,0,30,8,3.8,57,A
366727190,2022-01-03T12:03:41,40.53585,-74.25432,0.0,255.6,330.0,JILL REINAUER,IMO7042813,WCW9655,31,0,30,8,3.8,57,A
366727190,2022-01-03T11:43:21,40.53579,-74.25430,0.0,5.5,334.0,JILL REINAUER,IMO7042813,WCW9655,31,0,30,8,3.8,57,A
366727190,2022-01-03T11:41:02,40.53582,-74.25428,0.0,244.7,330.0,JILL REINAUER,IMO7042813,WCW9655,31,0,30,8,3.8,57,A
366727190,2022-01-03T11:58:52,40.53586,-74.25430,0.0,307.3,330.0,JILL REINAUER,IMO7042813,WCW9655,31,0,30,8,3.8,57,A
366727190,2022-01-03T11:48:01,40.53581,-74.25429,0.0,219.8,328.0,JILL REINAUER,IMO7042813,WCW9655,31,0,30,8,3.8,57,A
366727190,2022-01-03T11:45:42,40.53583,-74.25427,0.0,172.2,332.0,JILL REINAUER,IMO7042813,WCW9655,31,0,30,8,3.8,57,A
366727190,2022-01-03T11:55:21,40.53583,-74.25430,0.0,47.0,330.0,JILL REINAUER,IMO7042813,WCW9655,31,0,30,8,3.8,57,A
366727190,2022-01-03T12:43:36,40.59090,-74.20691,0.2,48.3,240.0,JILL REINAUER,IMO7042813,WCW9655,31,0,30,8,3.8,57,A
366727190,2022-01-03T12:10:09,40.54112,-74.25184,9.6,357.8,2.0,JILL REINAUER,IMO7042813,WCW9655,31,0,30,8,3.8,57,A
366727190,2022-01-03T12:45:42,40.59087,-74.20689,0.0,59.9,252.0,JILL REINAUER,IMO7042813,WCW9655,31,0,30,8,3.8,57,A
366727190,2022-01-03T11:50:31,40.53584,-74.25429,0.0,257.6,329.0,JILL REINAUER,IMO7042813,WCW9655,31,0,30,8,3.8,57,A
366727190,2022-01-03T12:13:25,40.54966,-74.24978,10.6,25.7,30.0,JILL REINAUER,IMO7042813,WCW9655,31,0,30,8,3.8,57,A
366727190,2022-01-03T12:04:52,40.53586,-74.25432,0.0,222.4,332.0,JILL REINAUER,IMO7042813,WCW9655,31,0,30,8,3.8,57,A
366727190,2022-01-03T12:49:03,40.59089,-74.20688,0.1,60.6,241.0,JILL REINAUER,IMO7042813,WCW9655,31,0,30,8,3.8,57,A
366727190,2022-01-03T11:53:02,40.53582,-74.25429,0.0,216.4,330.0,JILL REINAUER,IMO7042813,WCW9655,31,0,30,8,3.8,57,A
366727190,2022-01-03T12:05:53,40.53587,-74.25428,0.2,43.4,306.0,JILL REINAUER,IMO7042813,WCW9655,31,0,30,8,3.8,57,A
366727190,2022-01-03T11:51:52,40.53583,-74.25430,0.0,245.4,329.0,JILL REINAUER,IMO7042813,WCW9655,31,0,30,8,3.8,57,A
366727190,2022-01-03T11:54:12,40.53582,-74.25428,0.0,271.6,328.0,JILL REINAUER,IMO7042813,WCW9655,31,0,30,8,3.8,57,A
366727190,2022-01-03T12:14:26,40.55207,-74.24763,10.4,45.8,51.0,JILL REINAUER,IMO7042813,WCW9655,31,0,30,8,3.8,57,A
366727190,2022-01-03T12:08:01,40.53618,-74.25390,5.2,42.6,45.0,JILL REINAUER,IMO7042813,WCW9655,31,0,30,8,3.8,57,A
366727190,2022-01-03T12:57:33,40.59094,-74.20692,0.0,270.0,239.0,JILL REINAUER,IMO7042813,WCW9655,31,0,30,8,3.8,57,A
366727190,2022-01-03T12:09:05,40.53809,-74.25244,9.3,19.0,24.0,JILL REINAUER,IMO7042813,WCW9655,31,0,30,8,3.8,57,A
366727190,2022-01-03T06:10:13,40.54275,-74.25249,1.5,347.3,349.0,JILL REINAUER,IMO7042813,WCW9655,31,0,30,8,3.8,57,A
366727190,2022-01-03T12:15:29,40.55395,-74.24447,10.4,60.0,65.0,JILL REINAUER,IMO7042813,WCW9655,31,0,30,8,3.8,57,A
366727190,2022-01-03T12:01:21,40.53587,-74.25432,0.0,263.6,332.0,JILL REINAUER,IMO7042813,WCW9655,31,0,30,8,3.8,57,A
366727190,2022-01-03T12:23:59,40.56095,-74.21489,7.3,26.9,29.0,JILL REINAUER,IMO7042813,WCW9655,31,0,30,8,3.8,57,A
366727190,2022-01-03T12:19:49,40.55768,-74.22880,10.6,90.0,91.0,JILL REINAUER,IMO7042813,WCW9655,31,0,30,8,3.8,57,A
366727190,2022-01-03T12:20:52,40.55753,-74.22467,10.6,96.0,100.0,JILL REINAUER,IMO7042813,WCW9655,31,0,30,8,3.8,57,A
366727190,2022-01-03T13:03:42,40.59094,-74.20687,0.0,253.1,237.0,JILL REINAUER,IMO7042813,WCW9655,31,0,30,8,3.8,57,A
366727190,2022-01-03T12:22:58,40.55888,-74.21698,10.7,47.3,44.0,JILL REINAUER,IMO7042813,WCW9655,31,0,30,8,3.8,57,A
366727190,2022-01-03T12:06:55,40.53589,-74.25419,0.2,95.5,290.0,JILL REINAUER,IMO7042813,WCW9655,31,0,30,8,3.8,57,A
366727190,2022-01-03T12:18:48,40.55744,-74.23261,10.5,80.1,83.0,JILL REINAUER,IMO7042813,WCW9655,31,0,30,8,3.8,57,A
366727190,2022-01-03T12:11:21,40.54397,-74.25205,10.2,355.2,357.0,JILL REINAUER,IMO7042813,WCW9655,31,0,30,8,3.8,57,A
366727190,2022-01-03T12:12:23,40.54687,-74.25154,10.5,22.5,27.0,JILL REINAUER,IMO7042813,WCW9655,31,0,30,8,3.8,57,A
366727190,2022-01-03T12:34:08,40.58760,-74.20775,6.7,13.0,19.0,JILL REINAUER,IMO7042813,WCW9655,31,0,30,8,3.8,57,A
366727190,2022-01-03T12:35:12,40.58928,-74.20700,5.9,25.2,30.0,JILL REINAUER,IMO7042813,WCW9655,31,0,30,8,3.8,57,A
366727190,2022-01-03T12:36:18,40.59086,-74.20624,4.6,7.9,5.0,JILL REINAUER,IMO7042813,WCW9655,31,0,30,8,3.8,57,A
366727190,2022-01-03T12:21:56,40.55754,-74.22061,10.6,76.0,74.0,JILL REINAUER,IMO7042813,WCW9655,31,0,30,8,3.8,57,A
366727190,2022-01-03T12:28:32,40.57180,-74.21139,8.7,7.7,11.0,JILL REINAUER,IMO7042813,WCW9655,31,0,30,8,3.8,57,A
366727190,2022-01-03T12:39:25,40.59136,-74.20620,1.8,189.4,188.0,JILL REINAUER,IMO7042813,WCW9655,31,0,30,8,3.8,57,A
366727190,2022-01-03T12:32:02,40.58185,-74.20879,10.7,11.3,14.0,JILL REINAUER,IMO7042813,WCW9655,31,0,30,8,3.8,57,A
366727190,2022-01-03T12:17:42,40.55649,-74.23661,10.4,67.9,68.0,JILL REINAUER,IMO7042813,WCW9655,31,0,30,8,3.8,57,A
366727190,2022-01-03T12:16:31,40.55524,-74.24080,10.5,68.3,70.0,JILL REINAUER,IMO7042813,WCW9655,31,0,30,8,3.8,57,A
366727190,2022-01-03T12:30:52,40.57845,-74.20974,10.7,10.7,14.0,JILL REINAUER,IMO7042813,WCW9655,31,0,30,8,3.8,57,A
366727190,2022-01-03T12:42:35,40.59087,-74.20690,0.3,236.8,231.0,JILL REINAUER,IMO7042813,WCW9655,31,0,30,8,3.8,57,A
366727190,2022-01-03T06:19:32,40.54328,-74.25275,0.2,220.3,271.0,JILL REINAUER,IMO7042813,WCW9655,31,0,30,8,3.8,57,A
366727190,2022-01-03T12:27:22,40.56908,-74.21206,8.7,12.2,15.0,JILL REINAUER,IMO7042813,WCW9655,31,0,30,8,3.8,57,A
366727190,2022-01-03T12:26:12,40.56602,-74.21282,10.7,7.5,11.0,JILL REINAUER,IMO7042813,WCW9655,31,0,30,8,3.8,57,A
366727190,2022-01-03T12:29:41,40.57507,-74.21068,10.7,11.8,15.0,JILL REINAUER,IMO7042813,WCW9655,31,0,30,8,3.8,57,A
366727190,2022-01-03T13:30:12,40.59127,-74.20658,0.6,14.2,352.0,JILL REINAUER,IMO7042813,WCW9655,31,0,30,8,3.8,57,A
366727190,2022-01-03T12:41:34,40.59095,-74.20672,0.8,249.4,231.0,JILL REINAUER,IMO7042813,WCW9655,31,0,30,8,3.8,57,A
366727190,2022-01-03T12:44:39,40.59090,-74.20691,0.2,235.0,256.0,JILL REINAUER,IMO7042813,WCW9655,31,0,30,8,3.8,57,A
366727190,2022-01-03T12:55:12,40.59093,-74.20692,0.0,40.4,241.0,JILL REINAUER,IMO7042813,WCW9655,31,0,30,8,3.8,57,A
366727190,2022-01-03T12:38:22,40.59156,-74.20602,0.3,352.1,251.0,JILL REINAUER,IMO7042813,WCW9655,31,0,30,8,3.8,57,A
366727190,2022-01-03T12:50:12,40.59091,-74.20689,0.0,166.3,240.0,JILL REINAUER,IMO7042813,WCW9655,31,0,30,8,3.8,57,A
366727190,2022-01-03T12:51:31,40.59091,-74.20690,0.1,231.9,245.0,JILL REINAUER,IMO7042813,WCW9655,31,0,30,8,3.8,57,A
366727190,2022-01-03T12:47:51,40.59086,-74.20688,0.0,277.5,245.0,JILL REINAUER,IMO7042813,WCW9655,31,0,30,8,3.8,57,A
366727190,2022-01-03T12:52:51,40.59091,-74.20693,0.0,114.4,244.0,JILL REINAUER,IMO7042813,WCW9655,31,0,30,8,3.8,57,A
366727190,2022-01-03T12:40:29,40.59103,-74.20639,0.9,256.8,247.0,JILL REINAUER,IMO7042813,WCW9655,31,0,30,8,3.8,57,A
366727190,2022-01-03T13:39:12,40.59145,-74.20644,0.0,187.7,242.0,JILL REINAUER,IMO7042813,WCW9655,31,0,30,8,3.8,57,A
366727190,2022-01-03T12:56:22,40.59092,-74.20691,0.1,74.1,238.0,JILL REINAUER,IMO7042813,WCW9655,31,0,30,8,3.8,57,A
366727190,2022-01-03T12:58:42,40.59093,-74.20691,0.0,359.9,241.0,JILL REINAUER,IMO7042813,WCW9655,31,0,30,8,3.8,57,A
366727190,2022-01-03T12:46:43,40.59088,-74.20687,0.1,27.7,248.0,JILL REINAUER,IMO7042813,WCW9655,31,0,30,8,3.8,57,A
366727190,2022-01-03T13:00:03,40.59093,-74.20691,0.0,250.6,241.0,JILL REINAUER,IMO7042813,WCW9655,31,0,30,8,3.8,57,A
366727190,2022-01-03T13:10:31,40.59093,-74.20689,0.0,119.5,240.0,JILL REINAUER,IMO7042813,WCW9655,31,0,30,8,3.8,57,A
366727190,2022-01-03T06:31:33,40.54328,-74.25282,0.0,28.5,274.0,JILL REINAUER,IMO7042813,WCW9655,31,0,30,8,3.8,57,A
366727190,2022-01-03T13:02:22,40.59090,-74.20683,0.0,313.2,236.0,JILL REINAUER,IMO7042813,WCW9655,31,0,30,8,3.8,57,A
366727190,2022-01-03T13:04:51,40.59095,-74.20685,0.1,240.3,238.0,JILL REINAUER,IMO7042813,WCW9655,31,0,30,8,3.8,57,A
366727190,2022-01-03T13:06:02,40.59092,-74.20686,0.0,11.2,239.0,JILL REINAUER,IMO7042813,WCW9655,31,0,30,8,3.8,57,A
366727190,2022-01-03T13:07:03,40.59094,-74.20687,0.0,132.0,239.0,JILL REINAUER,IMO7042813,WCW9655,31,0,30,8,3.8,57,A
366727190,2022-01-03T13:21:31,40.59090,-74.20691,0.0,345.8,246.0,JILL REINAUER,IMO7042813,WCW9655,31,0,30,8,3.8,57,A
366727190,2022-01-03T13:57:02,40.59144,-74.20643,0.0,211.0,256.0,JILL REINAUER,IMO7042813,WCW9655,31,0,30,8,3.8,57,A
366727190,2022-01-03T13:09:23,40.59095,-74.20688,0.0,132.9,240.0,JILL REINAUER,IMO7042813,WCW9655,31,0,30,8,3.8,57,A
366727190,2022-01-03T12:59:52,40.59093,-74.20691,0.0,224.0,241.0,JILL REINAUER,IMO7042813,WCW9655,31,0,30,8,3.8,57,A
366727190,2022-01-03T13:11:42,40.59094,-74.20688,0.0,209.8,240.0,JILL REINAUER,IMO7042813,WCW9655,31,0,30,8,3.8,57,A
366727190,2022-01-03T13:15:22,40.59094,-74.20692,0.0,248.8,246.0,JILL REINAUER,IMO7042813,WCW9655,31,0,30,8,3.8,57,A
366727190,2022-01-03T13:17:43,40.59093,-74.20693,0.0,185.8,250.0,JILL REINAUER,IMO7042813,WCW9655,31,0,30,8,3.8,57,A
366727190,2022-01-03T13:19:02,40.59093,-74.20693,0.0,337.3,250.0,JILL REINAUER,IMO7042813,WCW9655,31,0,30,8,3.8,57,A
366727190,2022-01-03T13:12:52,40.59090,-74.20688,0.0,172.7,242.0,JILL REINAUER,IMO7042813,WCW9655,31,0,30,8,3.8,57,A
366727190,2022-01-03T13:20:21,40.59091,-74.20691,0.0,251.8,247.0,JILL REINAUER,IMO7042813,WCW9655,31,0,30,8,3.8,57,A
366727190,2022-01-03T13:27:02,40.59093,-74.20691,0.0,349.4,247.0,JILL REINAUER,IMO7042813,WCW9655,31,0,30,8,3.8,57,A
366727190,2022-01-03T13:29:10,40.59108,-74.20657,0.4,357.1,304.0,JILL REINAUER,IMO7042813,WCW9655,31,0,30,8,3.8,57,A
366727190,2022-01-03T13:14:02,40.59090,-74.20689,0.0,302.1,246.0,JILL REINAUER,IMO7042813,WCW9655,31,0,30,8,3.8,57,A
366727190,2022-01-03T13:23:43,40.59091,-74.20693,0.0,243.3,248.0,JILL REINAUER,IMO7042813,WCW9655,31,0,30,8,3.8,57,A
366727190,2022-01-03T13:33:28,40.59142,-74.20642,0.1,348.4,264.0,JILL REINAUER,IMO7042813,WCW9655,31,0,30,8,3.8,57,A
366727190,2022-01-03T13:22:32,40.59092,-74.20693,0.0,174.3,248.0,JILL REINAUER,IMO7042813,WCW9655,31,0,30,8,3.8,57,A
366727190,2022-01-03T13:35:42,40.59147,-74.20645,0.0,314.3,244.0,JILL REINAUER,IMO7042813,WCW9655,31,0,30,8,3.8,57,A
366727190,2022-01-03T13:49:13,40.59143,-74.20643,0.0,196.6,252.0,JILL REINAUER,IMO7042813,WCW9655,31,0,30,8,3.8,57,A
366727190,2022-01-03T13:51:31,40.59145,-74.20643,0.0,358.2,254.0,JILL REINAUER,IMO7042813,WCW9655,31,0,30,8,3.8,57,A
366727190,2022-01-03T14:27:26,40.58894,-74.20698,7.8,194.9,195.0,JILL REINAUER,IMO7042813,WCW9655,31,0,30,8,3.8,57,A
366727190,2022-01-03T13:38:02,40.59146,-74.20645,0.0,212.4,240.0,JILL REINAUER,IMO7042813,WCW9655,31,0,30,8,3.8,57,A
366727190,2022-01-03T13:25:52,40.59092,-74.20691,0.0,65.2,250.0,JILL REINAUER,IMO7042813,WCW9655,31,0,30,8,3.8,57,A
366727190,2022-01-03T13:43:03,40.59145,-74.20644,0.0,330.5,247.0,JILL REINAUER,IMO7042813,WCW9655,31,0,30,8,3.8,57,A
366727190,2022-01-03T13:34:31,40.59145,-74.20643,0.0,316.6,249.0,JILL REINAUER,IMO7042813,WCW9655,31,0,30,8,3.8,57,A
366727190,2022-01-03T13:46:53,40.59146,-74.20646,0.0,194.6,247.0,JILL REINAUER,IMO7042813,WCW9655,31,0,30,8,3.8,57,A
366727190,2022-01-03T14:36:02,40.56811,-74.21292,7.0,190.6,192.0,JILL REINAUER,IMO7042813,WCW9655,31,0,30,8,3.8,57,A
366727190,2022-01-03T13:32:26,40.59140,-74.20644,0.1,43.3,293.0,JILL REINAUER,IMO7042813,WCW9655,31,0,30,8,3.8,57,A
366727190,2022-01-03T13:48:12,40.59145,-74.20645,0.0,213.2,251.0,JILL REINAUER,IMO7042813,WCW9655,31,0,30,8,3.8,57,A
366727190,2022-01-03T14:38:24,40.56445,-74.21404,4.6,191.9,198.0,JILL REINAUER,IMO7042813,WCW9655,31,0,30,8,3.8,57,A
366727190,2022-01-03T13:50:21,40.59145,-74.20645,0.0,257.5,254.0,JILL REINAUER,IMO7042813,WCW9655,31,0,30,8,3.8,57,A
366727190,2022-01-03T13:36:52,40.59147,-74.20645,0.0,268.3,241.0,JILL REINAUER,IMO7042813,WCW9655,31,0,30,8,3.8,57,A
366727190,2022-01-03T13:53:52,40.59146,-74.20643,0.0,291.8,255.0,JILL REINAUER,IMO7042813,WCW9655,31,0,30,8,3.8,57,A
366727190,2022-01-03T14:12:41,40.59135,-74.20646,0.0,25.6,305.0,JILL REINAUER,IMO7042813,WCW9655,31,0,30,8,3.8,57,A
366727190,2022-01-03T13:44:21,40.59145,-74.20645,0.0,203.9,249.0,JILL REINAUER,IMO7042813,WCW9655,31,0,30,8,3.8,57,A
366727190,2022-01-03T13:45:32,40.59146,-74.20646,0.0,257.6,247.0,JILL REINAUER,IMO7042813,WCW9655,31,0,30,8,3.8,57,A
366727190,2022-01-03T14:01:12,40.59140,-74.20644,0.0,230.1,264.0,JILL REINAUER,IMO7042813,WCW9655,31,0,30,8,3.8,57,A
366727190,2022-01-03T14:50:15,40.55665,-74.24153,3.0,298.5,318.0,JILL REINAUER,IMO7042813,WCW9655,31,0,30,8,3.8,57,A
366727190,2022-01-03T14:02:22,40.59143,-74.20643,0.0,37.6,262.0,JILL REINAUER,IMO7042813,WCW9655,31,0,30,8,3.8,57,A
366727190,2022-01-03T06:55:02,40.53599,-74.25425,0.1,3.2,209.0,JILL REINAUER,IMO7042813,WCW9655,31,0,30,8,3.8,57,A
366727190,2022-01-03T13:56:01,40.59145,-74.20642,0.0,327.4,255.0,JILL REINAUER,IMO7042813,WCW9655,31,0,30,8,3.8,57,A
366727190,2022-01-03T14:07:02,40.59135,-74.20646,0.0,166.4,304.0,JILL REINAUER,IMO7042813,WCW9655,31,0,30,8,3.8,57,A
366727190,2022-01-03T14:08:12,40.59138,-74.20644,0.0,317.7,301.0,JILL REINAUER,IMO7042813,WCW9655,31,0,30,8,3.8,57,A
366727190,2022-01-03T14:24:06,40.59123,-74.20588,0.4,49.3,283.0,JILL REINAUER,IMO7042813,WCW9655,31,0,30,8,3.8,57,A
366727190,2022-01-03T14:00:02,40.59141,-74.20644,0.0,47.3,267.0,JILL REINAUER,IMO7042813,WCW9655,31,0,30,8,3.8,57,A
366727190,2022-01-03T14:25:09,40.59126,-74.20585,0.2,141.9,319.0,JILL REINAUER,IMO7042813,WCW9655,31,0,30,8,3.8,57,A
366727190,2022-01-03T14:04:36,40.59138,-74.20642,0.2,193.6,293.0,JILL REINAUER,IMO7042813,WCW9655,31,0,30,8,3.8,57,A
366727190,2022-01-03T15:00:02,40.55719,-74.24220,0.0,183.4,43.0,JILL REINAUER,IMO7042813,WCW9655,31,0,30,8,3.8,57,A
366727190,2022-01-03T14:30:39,40.58083,-74.20960,9.5,194.8,198.0,JILL REINAUER,IMO7042813,WCW9655,31,0,30,8,3.8,57,A
366727190,2022-01-03T13:58:12,40.59145,-74.20643,0.0,202.9,263.0,JILL REINAUER,IMO7042813,WCW9655,31,0,30,8,3.8,57,A
366727190,2022-01-03T14:19:31,40.59125,-74.20618,0.2,112.0,289.0,JILL REINAUER,IMO7042813,WCW9655,31,0,30,8,3.8,57,A
366727190,2022-01-03T15:03:32,40.55720,-74.24217,0.0,44.1,44.0,JILL REINAUER,IMO7042813,WCW9655,31,0,30,8,3.8,57,A
366727190,2022-01-03T13:59:42,40.59142,-74.20643,0.0,36.8,267.0,JILL REINAUER,IMO7042813,WCW9655,31,0,30,8,3.8,57,A
366727190,2022-01-03T14:32:48,40.57538,-74.21120,9.5,192.7,192.0,JILL REINAUER,IMO7042813,WCW9655,31,0,30,8,3.8,57,A
366727190,2022-01-03T06:58:32,40.53602,-74.25427,0.0,340.1,207.0,JILL REINAUER,IMO7042813,WCW9655,31,0,30,8,3.8,57,A
366727190,2022-01-03T14:33:52,40.57285,-74.21172,7.7,187.4,191.0,JILL REINAUER,IMO7042813,WCW9655,31,0,30,8,3.8,57,A
366727190,2022-01-03T14:37:21,40.56583,-74.21364,5.4,198.4,201.0,JILL REINAUER,IMO7042813,WCW9655,31,0,30,8,3.8,57,A
366727190,2022-01-03T14:03:33,40.59145,-74.20642,0.0,234.2,265.0,JILL REINAUER,IMO7042813,WCW9655,31,0,30,8,3.8,57,A
366727190,2022-01-03T14:15:02,40.59137,-74.20644,0.0,209.2,302.0,JILL REINAUER,IMO7042813,WCW9655,31,0,30,8,3.8,57,A
366727190,2022-01-03T14:05:43,40.59136,-74.20643,0.0,237.6,303.0,JILL REINAUER,IMO7042813,WCW9655,31,0,30,8,3.8,57,A
366727190,2022-01-03T07:01:12,40.53602,-74.25428,0.0,330.8,208.0,JILL REINAUER,IMO7042813,WCW9655,31,0,30,8,3.8,57,A
366727190,2022-01-03T14:17:22,40.59130,-74.20636,0.2,126.4,301.0,JILL REINAUER,IMO7042813,WCW9655,31,0,30,8,3.8,57,A
366727190,2022-01-03T14:09:22,40.59136,-74.20644,0.0,236.5,306.0,JILL REINAUER,IMO7042813,WCW9655,31,0,30,8,3.8,57,A
366727190,2022-01-03T14:10:27,40.59135,-74.20645,0.0,27.3,306.0,JILL REINAUER,IMO7042813,WCW9655,31,0,30,8,3.8,57,A
366727190,2022-01-03T14:11:32,40.59135,-74.20646,0.0,177.5,303.0,JILL REINAUER,IMO7042813,WCW9655,31,0,30,8,3.8,57,A
366727190,2022-01-03T14:20:43,40.59122,-74.20610,0.3,142.6,276.0,JILL REINAUER,IMO7042813,WCW9655,31,0,30,8,3.8,57,A
366727190,2022-01-03T14:47:01,40.55747,-74.23499,7.1,256.9,256.0,JILL REINAUER,IMO7042813,WCW9655,31,0,30,8,3.8,57,A
366727190,2022-01-03T14:21:50,40.59117,-74.20605,0.2,140.8,280.0,JILL REINAUER,IMO7042813,WCW9655,31,0,30,8,3.8,57,A
366727190,2022-01-03T14:13:53,40.59136,-74.20644,0.0,355.7,300.0,JILL REINAUER,IMO7042813,WCW9655,31,0,30,8,3.8,57,A
366727190,2022-01-03T15:16:21,40.55714,-74.24226,0.0,291.3,46.0,JILL REINAUER,IMO7042813,WCW9655,31,0,30,8,3.8,57,A
366727190,2022-01-03T14:52:18,40.55718,-74.24212,0.1,291.1,25.0,JILL REINAUER,IMO7042813,WCW9655,31,0,30,8,3.8,57,A
366727190,2022-01-03T14:26:24,40.59089,-74.20620,6.0,205.8,199.0,JILL REINAUER,IMO7042813,WCW9655,31,0,30,8,3.8,57,A
366727190,2022-01-03T14:18:27,40.59128,-74.20627,0.2,94.9,301.0,JILL REINAUER,IMO7042813,WCW9655,31,0,30,8,3.8,57,A
366727190,2022-01-03T07:06:02,40.53603,-74.25431,0.0,299.2,206.0,JILL REINAUER,IMO7042813,WCW9655,31,0,30,8,3.8,57,A
366727190,2022-01-03T14:23:02,40.59116,-74.20596,0.3,53.0,277.0,JILL REINAUER,IMO7042813,WCW9655,31,0,30,8,3.8,57,A
366727190,2022-01-03T14:31:42,40.57818,-74.21062,9.4,189.8,186.0,JILL REINAUER,IMO7042813,WCW9655,31,0,30,8,3.8,57,A
366727190,2022-01-03T14:39:32,40.56317,-74.21453,3.9,195.5,197.0,JILL REINAUER,IMO7042813,WCW9655,31,0,30,8,3.8,57,A
366727190,2022-01-03T14:41:39,40.55960,-74.21708,9.9,222.0,227.0,JILL REINAUER,IMO7042813,WCW9655,31,0,30,8,3.8,57,A
366727190,2022-01-03T14:43:53,40.55808,-74.22465,10.0,272.6,275.0,JILL REINAUER,IMO7042813,WCW9655,31,0,30,8,3.8,57,A
366727190,2022-01-03T15:02:21,40.55720,-74.24217,0.0,250.5,44.0,JILL REINAUER,IMO7042813,WCW9655,31,0,30,8,3.8,57,A
366727190,2022-01-03T14:28:31,40.58631,-74.20769,9.4,195.9,200.0,JILL REINAUER,IMO7042813,WCW9655,31,0,30,8,3.8,57,A
366727190,2022-01-03T14:45:59,40.55792,-74.23216,9.3,257.2,257.0,JILL REINAUER,IMO7042813,WCW9655,31,0,30,8,3.8,57,A
366727190,2022-01-03T14:29:38,40.58346,-74.20884,9.4,193.6,197.0,JILL REINAUER,IMO7042813,WCW9655,31,0,30,8,3.8,57,A
366727190,2022-01-03T15:04:53,40.55719,-74.24219,0.0,253.4,37.0,JILL REINAUER,IMO7042813,WCW9655,31,0,30,8,3.8,57,A
366727190,2022-01-03T15:06:53,40.55720,-74.24218,0.0,117.8,40.0,JILL REINAUER,IMO7042813,WCW9655,31,0,30,8,3.8,57,A
366727190,2022-01-03T14:34:55,40.57076,-74.21213,9.2,194.0,197.0,JILL REINAUER,IMO7042813,WCW9655,31,0,30,8,3.8,57,A
366727190,2022-01-03T15:13:52,40.55719,-74.24220,0.0,90.0,45.0,JILL REINAUER,IMO7042813,WCW9655,31,0,30,8,3.8,57,A
366727190,2022-01-03T07:10:42,40.53606,-74.25430,0.0,52.9,208.0,JILL REINAUER,IMO7042813,WCW9655,31,0,30,8,3.8,57,A
366727190,2022-01-03T15:39:12,40.55720,-74.24219,0.0,236.0,47.0,JILL REINAUER,IMO7042813,WCW9655,31,0,30,8,3.8,57,A
366727190,2022-01-03T14:40:33,40.56190,-74.21505,6.8,202.7,206.0,JILL REINAUER,IMO7042813,WCW9655,31,0,30,8,3.8,57,A
366727190,2022-01-03T14:42:51,40.55809,-74.22090,10.2,262.8,270.0,JILL REINAUER,IMO7042813,WCW9655,31,0,30,8,3.8,57,A
366727190,2022-01-03T14:44:58,40.55814,-74.22856,9.9,267.8,271.0,JILL REINAUER,IMO7042813,WCW9655,31,0,30,8,3.8,57,A
366727190,2022-01-03T15:01:12,40.55720,-74.24219,0.0,273.8,44.0,JILL REINAUER,IMO7042813,WCW9655,31,0,30,8,3.8,57,A
366727190,2022-01-03T15:22:52,40.55719,-74.24216,0.0,62.7,46.0,JILL REINAUER,IMO7042813,WCW9655,31,0,30,8,3.8,57,A
366727190,2022-01-03T14:58:42,40.55721,-74.24220,0.0,236.3,40.0,JILL REINAUER,IMO7042813,WCW9655,31,0,30,8,3.8,57,A
366727190,2022-01-03T15:25:03,40.55720,-74.24217,0.0,310.7,46.0,JILL REINAUER,IMO7042813,WCW9655,31,0,30,8,3.8,57,A
366727190,2022-01-03T14:49:12,40.55639,-74.23983,5.4,278.0,285.0,JILL REINAUER,IMO7042813,WCW9655,31,0,30,8,3.8,57,A
366727190,2022-01-03T15:26:12,40.55723,-74.24215,0.0,175.2,46.0,JILL REINAUER,IMO7042813,WCW9655,31,0,30,8,3.8,57,A
366727190,2022-01-03T14:51:16,40.55711,-74.24200,0.9,336.2,1.0,JILL REINAUER,IMO7042813,WCW9655,31,0,30,8,3.8,57,A
366727190,2022-01-03T15:08:02,40.55720,-74.24219,0.0,272.6,43.0,JILL REINAUER,IMO7042813,WCW9655,31,0,30,8,3.8,57,A
366727190,2022-01-03T15:51:53,40.55722,-74.24218,0.0,173.0,47.0,JILL REINAUER,IMO7042813,WCW9655,31,0,30,8,3.8,57,A
366727190,2022-01-03T14:53:21,40.55718,-74.24214,0.0,226.7,36.0,JILL REINAUER,IMO7042813,WCW9655,31,0,30,8,3.8,57,A
366727190,2022-01-03T15:10:22,40.55719,-74.24220,0.0,293.5,44.0,JILL REINAUER,IMO7042813,WCW9655,31,0,30,8,3.8,57,A
366727190,2022-01-03T14:54:32,40.55717,-74.24218,0.1,274.4,37.0,JILL REINAUER,IMO7042813,WCW9655,31,0,30,8,3.8,57,A
366727190,2022-01-03T15:54:12,40.55723,-74.24218,0.0,300.6,47.0,JILL REINAUER,IMO7042813,WCW9655,31,0,30,8,3.8,57,A
366727190,2022-01-03T15:58:52,40.55720,-74.24216,0.0,299.2,49.0,JILL REINAUER,IMO7042813,WCW9655,31,0,30,8,3.8,57,A
366727190,2022-01-03T16:00:02,40.55722,-74.24217,0.0,261.8,48.0,JILL REINAUER,IMO7042813,WCW9655,31,0,30,8,3.8,57,A
366727190,2022-01-03T15:11:32,40.55719,-74.24220,0.0,224.9,45.0,JILL REINAUER,IMO7042813,WCW9655,31,0,30,8,3.8,57,A
366727190,2022-01-03T15:09:12,40.55720,-74.24219,0.0,105.2,44.0,JILL REINAUER,IMO7042813,WCW9655,31,0,30,8,3.8,57,A
366727190,2022-01-03T15:20:22,40.55718,-74.24218,0.0,290.7,45.0,JILL REINAUER,IMO7042813,WCW9655,31,0,30,8,3.8,57,A
366727190,2022-01-03T15:29:43,40.55724,-74.24217,0.0,294.6,46.0,JILL REINAUER,IMO7042813,WCW9655,31,0,30,8,3.8,57,A
366727190,2022-01-03T16:12:01,40.55721,-74.24218,0.0,220.8,48.0,JILL REINAUER,IMO7042813,WCW9655,31,0,30,8,3.8,57,A
366727190,2022-01-03T15:33:12,40.55722,-74.24219,0.0,228.0,47.0,JILL REINAUER,IMO7042813,WCW9655,31,0,30,8,3.8,57,A
366727190,2022-01-03T15:17:52,40.55716,-74.24223,0.0,342.1,44.0,JILL REINAUER,IMO7042813,WCW9655,31,0,30,8,3.8,57,A
366727190,2022-01-03T15:28:32,40.55724,-74.24216,0.0,265.2,46.0,JILL REINAUER,IMO7042813,WCW9655,31,0,30,8,3.8,57,A
366727190,2022-01-03T15:50:41,40.55721,-74.24217,0.0,203.9,47.0,JILL REINAUER,IMO7042813,WCW9655,31,0,30,8,3.8,57,A
366727190,2022-01-03T15:12:42,40.55717,-74.24222,0.0,260.6,45.0,JILL REINAUER,IMO7042813,WCW9655,31,0,30,8,3.8,57,A
366727190,2022-01-03T15:19:12,40.55718,-74.24223,0.0,224.6,45.0,JILL REINAUER,IMO7042813,WCW9655,31,0,30,8,3.8,57,A
366727190,2022-01-03T15:32:01,40.55721,-74.24220,0.0,285.1,46.0,JILL REINAUER,IMO7042813,WCW9655,31,0,30,8,3.8,57,A
366727190,2022-01-03T15:41:23,40.55721,-74.24218,0.0,54.0,48.0,JILL REINAUER,IMO7042813,WCW9655,31,0,30,8,3.8,57,A
366727190,2022-01-03T16:20:32,40.55719,-74.24219,0.0,216.4,45.0,JILL REINAUER,IMO7042813,WCW9655,31,0,30,8,3.8,57,A
366727190,2022-01-03T15:38:01,40.55718,-74.24220,0.0,325.7,48.0,JILL REINAUER,IMO7042813,WCW9655,31,0,30,8,3.8,57,A
366727190,2022-01-03T15:21:32,40.55721,-74.24214,0.0,189.1,45.0,JILL REINAUER,IMO7042813,WCW9655,31,0,30,8,3.8,57,A
366727190,2022-01-03T16:26:23,40.55722,-74.24217,0.0,192.7,46.0,JILL REINAUER,IMO7042813,WCW9655,31,0,30,8,3.8,57,A
366727190,2022-01-03T15:30:52,40.55721,-74.24219,0.0,309.6,46.0,JILL REINAUER,IMO7042813,WCW9655,31,0,30,8,3.8,57,A
366727190,2022-01-03T15:40:22,40.55720,-74.24218,0.0,184.6,48.0,JILL REINAUER,IMO7042813,WCW9655,31,0,30,8,3.8,57,A
366727190,2022-01-03T15:42:33,40.55722,-74.24216,0.0,72.6,47.0,JILL REINAUER,IMO7042813,WCW9655,31,0,30,8,3.8,57,A
366727190,2022-01-03T15:48:22,40.55722,-74.24216,0.0,215.5,48.0,JILL REINAUER,IMO7042813,WCW9655,31,0,30,8,3.8,57,A
366727190,2022-01-03T15:35:42,40.55720,-74.24219,0.0,27.5,47.0,JILL REINAUER,IMO7042813,WCW9655,31,0,30,8,3.8,57,A
366727190,2022-01-03T16:33:32,40.55723,-74.24219,0.0,159.7,45.0,JILL REINAUER,IMO7042813,WCW9655,31,0,30,8,3.8,57,A
366727190,2022-01-03T16:06:11,40.55722,-74.24217,0.0,227.7,47.0,JILL REINAUER,IMO7042813,WCW9655,31,0,30,8,3.8,57,A
366727190,2022-01-03T16:07:12,40.55721,-74.24217,0.0,117.8,48.0,JILL REINAUER,IMO7042813,WCW9655,31,0,30,8,3.8,57,A
366727190,2022-01-03T15:46:03,40.55721,-74.24219,0.0,314.0,48.0,JILL REINAUER,IMO7042813,WCW9655,31,0,30,8,3.8,57,A
366727190,2022-01-03T15:45:02,40.55720,-74.24219,0.0,279.6,48.0,JILL REINAUER,IMO7042813,WCW9655,31,0,30,8,3.8,57,A
366727190,2022-01-03T15:34:23,40.55721,-74.24217,0.0,335.8,47.0,JILL REINAUER,IMO7042813,WCW9655,31,0,30,8,3.8,57,A
366727190,2022-01-03T15:57:43,40.55722,-74.24217,0.0,297.0,47.0,JILL REINAUER,IMO7042813,WCW9655,31,0,30,8,3.8,57,A
366727190,2022-01-03T15:47:12,40.55724,-74.24218,0.0,209.1,48.0,JILL REINAUER,IMO7042813,WCW9655,31,0,30,8,3.8,57,A
366727190,2022-01-03T15:53:02,40.55722,-74.24218,0.0,194.5,48.0,JILL REINAUER,IMO7042813,WCW9655,31,0,30,8,3.8,57,A
366727190,2022-01-03T16:15:42,40.55721,-74.24217,0.0,216.6,47.0,JILL REINAUER,IMO7042813,WCW9655,31,0,30,8,3.8,57,A
366727190,2022-01-03T16:08:23,40.55721,-74.24219,0.0,222.0,48.0,JILL REINAUER,IMO7042813,WCW9655,31,0,30,8,3.8,57,A
366727190,2022-01-03T16:09:43,40.55723,-74.24217,0.0,334.3,48.0,JILL REINAUER,IMO7042813,WCW9655,31,0,30,8,3.8,57,A
366727190,2022-01-03T16:21:42,40.55720,-74.24218,0.0,187.7,45.0,JILL REINAUER,IMO7042813,WCW9655,31,0,30,8,3.8,57,A
366727190,2022-01-03T15:43:41,40.55720,-74.24217,0.0,243.1,47.0,JILL REINAUER,IMO7042813,WCW9655,31,0,30,8,3.8,57,A
366727190,2022-01-03T16:14:23,40.55723,-74.24218,0.0,188.4,48.0,JILL REINAUER,IMO7042813,WCW9655,31,0,30,8,3.8,57,A
366727190,2022-01-03T16:58:11,40.55720,-74.24228,0.0,198.4,47.0,JILL REINAUER,IMO7042813,WCW9655,31,0,30,8,3.8,57,A
366727190,2022-01-03T16:10:52,40.55723,-74.24218,0.0,253.6,47.0,JILL REINAUER,IMO7042813,WCW9655,31,0,30,8,3.8,57,A
366727190,2022-01-03T16:01:21,40.55723,-74.24218,0.0,249.0,47.0,JILL REINAUER,IMO7042813,WCW9655,31,0,30,8,3.8,57,A
366727190,2022-01-03T16:03:42,40.55722,-74.24219,0.0,159.2,47.0,JILL REINAUER,IMO7042813,WCW9655,31,0,30,8,3.8,57,A
366727190,2022-01-03T16:13:12,40.55722,-74.24219,0.0,243.1,48.0,JILL REINAUER,IMO7042813,WCW9655,31,0,30,8,3.8,57,A
366727190,2022-01-03T15:55:22,40.55722,-74.24218,0.0,248.9,47.0,JILL REINAUER,IMO7042813,WCW9655,31,0,30,8,3.8,57,A
366727190,2022-01-03T16:04:52,40.55722,-74.24218,0.0,246.1,44.0,JILL REINAUER,IMO7042813,WCW9655,31,0,30,8,3.8,57,A
366727190,2022-01-03T16:19:22,40.55720,-74.24218,0.0,142.7,46.0,JILL REINAUER,IMO7042813,WCW9655,31,0,30,8,3.8,57,A
366727190,2022-01-03T16:22:53,40.55721,-74.24217,0.0,212.5,45.0,JILL REINAUER,IMO7042813,WCW9655,31,0,30,8,3.8,57,A
366727190,2022-01-03T16:18:12,40.55721,-74.24218,0.0,144.4,46.0,JILL REINAUER,IMO7042813,WCW9655,31,0,30,8,3.8,57,A
366727190,2022-01-03T16:25:22,40.55721,-74.24217,0.0,78.3,45.0,JILL REINAUER,IMO7042813,WCW9655,31,0,30,8,3.8,57,A
366727190,2022-01-03T17:10:58,40.55723,-74.23920,5.1,81.2,82.0,JILL REINAUER,IMO7042813,WCW9655,31,0,30,8,3.8,57,A
366727190,2022-01-03T16:02:31,40.55724,-74.24218,0.0,221.4,47.0,JILL REINAUER,IMO7042813,WCW9655,31,0,30,8,3.8,57,A
366727190,2022-01-03T17:14:13,40.55823,-74.23341,3.2,72.9,77.0,JILL REINAUER,IMO7042813,WCW9655,31,0,30,8,3.8,57,A
366727190,2022-01-03T16:50:52,40.55725,-74.24218,0.0,287.7,47.0,JILL REINAUER,IMO7042813,WCW9655,31,0,30,8,3.8,57,A
366727190,2022-01-03T16:17:02,40.55721,-74.24218,0.0,15.0,46.0,JILL REINAUER,IMO7042813,WCW9655,31,0,30,8,3.8,57,A
366727190,2022-01-03T07:42:32,40.53596,-74.25426,0.0,224.8,229.0,JILL REINAUER,IMO7042813,WCW9655,31,0,30,8,3.8,57,A
366727190,2022-01-03T17:21:33,40.55681,-74.23681,2.0,253.2,1.0,JILL REINAUER,IMO7042813,WCW9655,31,0,30,8,3.8,57,A
366727190,2022-01-03T16:34:41,40.55723,-74.24219,0.0,11.7,45.0,JILL REINAUER,IMO7042813,WCW9655,31,0,30,8,3.8,57,A
366727190,2022-01-03T16:28:42,40.55721,-74.24217,0.0,87.9,45.0,JILL REINAUER,IMO7042813,WCW9655,31,0,30,8,3.8,57,A
366727190,2022-01-03T16:32:23,40.55723,-74.24218,0.0,0.0,45.0,JILL REINAUER,IMO7042813,WCW9655,31,0,30,8,3.8,57,A
366727190,2022-01-03T16:38:12,40.55723,-74.24219,0.0,304.2,45.0,JILL REINAUER,IMO7042813,WCW9655,31,0,30,8,3.8,57,A
366727190,2022-01-03T17:28:12,40.55710,-74.23935,1.0,268.6,326.0,JILL REINAUER,IMO7042813,WCW9655,31,0,30,8,3.8,57,A
366727190,2022-01-03T16:27:31,40.55720,-74.24216,0.0,99.9,45.0,JILL REINAUER,IMO7042813,WCW9655,31,0,30,8,3.8,57,A
366727190,2022-01-03T16:42:42,40.55723,-74.24217,0.0,150.7,45.0,JILL REINAUER,IMO7042813,WCW9655,31,0,30,8,3.8,57,A
366727190,2022-01-03T16:39:13,40.55722,-74.24218,0.0,276.8,46.0,JILL REINAUER,IMO7042813,WCW9655,31,0,30,8,3.8,57,A
366727190,2022-01-03T16:29:52,40.55721,-74.24218,0.0,165.6,45.0,JILL REINAUER,IMO7042813,WCW9655,31,0,30,8,3.8,57,A
366727190,2022-01-03T17:32:26,40.55704,-74.24006,0.2,79.3,342.0,JILL REINAUER,IMO7042813,WCW9655,31,0,30,8,3.8,57,A
366727190,2022-01-03T16:31:01,40.55721,-74.24217,0.0,66.4,45.0,JILL REINAUER,IMO7042813,WCW9655,31,0,30,8,3.8,57,A
366727190,2022-01-03T16:40:22,40.55722,-74.24217,0.0,123.3,45.0,JILL REINAUER,IMO7042813,WCW9655,31,0,30,8,3.8,57,A
366727190,2022-01-03T16:49:42,40.55722,-74.24220,0.0,348.3,46.0,JILL REINAUER,IMO7042813,WCW9655,31,0,30,8,3.8,57,A
366727190,2022-01-03T16:37:01,40.55723,-74.24219,0.0,333.2,45.0,JILL REINAUER,IMO7042813,WCW9655,31,0,30,8,3.8,57,A
366727190,2022-01-03T16:47:13,40.55716,-74.24225,0.0,203.7,46.0,JILL REINAUER,IMO7042813,WCW9655,31,0,30,8,3.8,57,A
366727190,2022-01-03T16:55:32,40.55721,-74.24223,0.0,126.6,47.0,JILL REINAUER,IMO7042813,WCW9655,31,0,30,8,3.8,57,A
366727190,2022-01-03T16:56:51,40.55721,-74.24224,0.0,266.9,47.0,JILL REINAUER,IMO7042813,WCW9655,31,0,30,8,3.8,57,A
366727190,2022-01-03T16:54:23,40.55721,-74.24223,0.0,179.3,47.0,JILL REINAUER,IMO7042813,WCW9655,31,0,30,8,3.8,57,A
366727190,2022-01-03T16:35:51,40.55720,-74.24220,0.0,311.3,45.0,JILL REINAUER,IMO7042813,WCW9655,31,0,30,8,3.8,57,A
366727190,2022-01-03T17:13:03,40.55790,-74.23536,5.2,76.4,81.0,JILL REINAUER,IMO7042813,WCW9655,31,0,30,8,3.8,57,A
366727190,2022-01-03T16:53:13,40.55723,-74.24219,0.0,325.9,47.0,JILL REINAUER,IMO7042813,WCW9655,31,0,30,8,3.8,57,A
366727190,2022-01-03T17:01:11,40.55721,-74.24228,0.0,209.7,48.0,JILL REINAUER,IMO7042813,WCW9655,31,0,30,8,3.8,57,A
366727190,2022-01-03T17:50:32,40.55713,-74.24009,0.0,42.8,335.0,JILL REINAUER,IMO7042813,WCW9655,31,0,30,8,3.8,57,A
366727190,2022-01-03T17:02:13,40.55720,-74.24227,0.0,251.0,48.0,JILL REINAUER,IMO7042813,WCW9655,31,0,30,8,3.8,57,A
366727190,2022-01-03T16:45:01,40.55722,-74.24220,0.0,12.4,46.0,JILL REINAUER,IMO7042813,WCW9655,31,0,30,8,3.8,57,A
366727190,2022-01-03T16:46:02,40.55721,-74.24223,0.0,88.0,46.0,JILL REINAUER,IMO7042813,WCW9655,31,0,30,8,3.8,57,A
366727190,2022-01-03T17:06:42,40.55720,-74.24209,0.1,109.2,351.0,JILL REINAUER,IMO7042813,WCW9655,31,0,30,8,3.8,57,A
366727190,2022-01-03T17:03:22,40.55719,-74.24223,0.0,216.7,47.0,JILL REINAUER,IMO7042813,WCW9655,31,0,30,8,3.8,57,A
366727190,2022-01-03T17:20:32,40.55701,-74.23602,2.2,251.9,323.0,JILL REINAUER,IMO7042813,WCW9655,31,0,30,8,3.8,57,A
366727190,2022-01-03T17:08:53,40.55656,-74.24217,0.4,49.6,57.0,JILL REINAUER,IMO7042813,WCW9655,31,0,30,8,3.8,57,A
366727190,2022-01-03T17:09:55,40.55680,-74.24107,4.9,78.2,76.0,JILL REINAUER,IMO7042813,WCW9655,31,0,30,8,3.8,57,A
366727190,2022-01-03T17:04:37,40.55719,-74.24224,0.0,43.5,45.0,JILL REINAUER,IMO7042813,WCW9655,31,0,30,8,3.8,57,A
366727190,2022-01-03T16:48:33,40.55723,-74.24219,0.0,147.7,46.0,JILL REINAUER,IMO7042813,WCW9655,31,0,30,8,3.8,57,A
366727190,2022-01-03T17:27:02,40.55705,-74.23897,1.0,273.4,325.0,JILL REINAUER,IMO7042813,WCW9655,31,0,30,8,3.8,57,A
366727190,2022-01-03T16:52:02,40.55723,-74.24219,0.0,326.0,47.0,JILL REINAUER,IMO7042813,WCW9655,31,0,30,8,3.8,57,A
366727190,2022-01-03T17:18:26,40.55736,-74.23377,4.9,259.1,266.0,JILL REINAUER,IMO7042813,WCW9655,31,0,30,8,3.8,57,A
366727190,2022-01-03T17:31:22,40.55709,-74.24010,0.3,282.3,29.0,JILL REINAUER,IMO7042813,WCW9655,31,0,30,8,3.8,57,A
366727190,2022-01-03T17:16:18,40.55824,-74.23176,2.1,124.5,117.0,JILL REINAUER,IMO7042813,WCW9655,31,0,30,8,3.8,57,A
366727190,2022-01-03T17:22:42,40.55673,-74.23739,1.1,256.8,356.0,JILL REINAUER,IMO7042813,WCW9655,31,0,30,8,3.8,57,A
366727190,2022-01-03T17:19:28,40.55717,-74.23520,2.4,257.4,290.0,JILL REINAUER,IMO7042813,WCW9655,31,0,30,8,3.8,57,A
366727190,2022-01-03T16:59:23,40.55721,-74.24227,0.0,233.7,48.0,JILL REINAUER,IMO7042813,WCW9655,31,0,30,8,3.8,57,A
366727190,2022-01-03T17:00:01,40.55721,-74.24228,0.0,227.4,48.0,JILL REINAUER,IMO7042813,WCW9655,31,0,30,8,3.8,57,A
366727190,2022-01-03T17:24:48,40.55682,-74.23811,1.4,282.8,338.0,JILL REINAUER,IMO7042813,WCW9655,31,0,30,8,3.8,57,A
366727190,2022-01-03T17:05:39,40.55719,-74.24218,0.2,109.5,20.0,JILL REINAUER,IMO7042813,WCW9655,31,0,30,8,3.8,57,A
366727190,2022-01-03T17:29:15,40.55703,-74.23980,1.0,278.8,12.0,JILL REINAUER,IMO7042813,WCW9655,31,0,30,8,3.8,57,A
366727190,2022-01-03T17:42:12,40.55709,-74.24012,0.1,242.9,338.0,JILL REINAUER,IMO7042813,WCW9655,31,0,30,8,3.8,57,A
366727190,2022-01-03T17:07:46,40.55696,-74.24207,1.4,173.1,342.0,JILL REINAUER,IMO7042813,WCW9655,31,0,30,8,3.8,57,A
366727190,2022-01-03T17:48:12,40.55711,-74.24010,0.0,225.0,341.0,JILL REINAUER,IMO7042813,WCW9655,31,0,30,8,3.8,57,A
366727190,2022-01-03T17:25:59,40.55695,-74.23863,1.0,311.6,326.0,JILL REINAUER,IMO7042813,WCW9655,31,0,30,8,3.8,57,A
366727190,2022-01-03T17:12:02,40.55753,-74.23722,5.2,76.7,78.0,JILL REINAUER,IMO7042813,WCW9655,31,0,30,8,3.8,57,A
366727190,2022-01-03T17:37:44,40.55709,-74.24011,0.1,280.2,331.0,JILL REINAUER,IMO7042813,WCW9655,31,0,30,8,3.8,57,A
366727190,2022-01-03T17:15:16,40.55842,-74.23246,2.2,83.6,89.0,JILL REINAUER,IMO7042813,WCW9655,31,0,30,8,3.8,57,A
366727190,2022-01-03T17:44:42,40.55708,-74.24012,0.0,227.0,338.0,JILL REINAUER,IMO7042813,WCW9655,31,0,30,8,3.8,57,A
366727190,2022-01-03T17:17:23,40.55784,-74.23204,3.7,239.3,234.0,JILL REINAUER,IMO7042813,WCW9655,31,0,30,8,3.8,57,A
366727190,2022-01-03T17:56:23,40.55712,-74.24009,0.0,282.8,336.0,JILL REINAUER,IMO7042813,WCW9655,31,0,30,8,3.8,57,A
366727190,2022-01-03T18:37:12,40.52117,-74.24802,8.5,188.7,193.0,JILL REINAUER,IMO7042813,WCW9655,31,0,30,8,3.8,57,A
366727190,2022-01-03T18:41:26,40.51781,-74.24958,0.3,53.3,24.0,JILL REINAUER,IMO7042813,WCW9655,31,0,30,8,3.8,57,A
366727190,2022-01-03T17:52:52,40.55712,-74.24012,0.0,275.6,335.0,JILL REINAUER,IMO7042813,WCW9655,31,0,30,8,3.8,57,A
366727190,2022-01-03T17:33:28,40.55706,-74.24014,0.4,257.4,344.0,JILL REINAUER,IMO7042813,WCW9655,31,0,30,8,3.8,57,A
366727190,2022-01-03T17:57:32,40.55711,-74.24010,0.0,218.4,334.0,JILL REINAUER,IMO7042813,WCW9655,31,0,30,8,3.8,57,A
366727190,2022-01-03T17:30:19,40.55704,-74.23998,0.4,246.0,359.0,JILL REINAUER,IMO7042813,WCW9655,31,0,30,8,3.8,57,A
366727190,2022-01-03T17:40:02,40.55708,-74.24014,0.0,278.0,336.0,JILL REINAUER,IMO7042813,WCW9655,31,0,30,8,3.8,57,A
366727190,2022-01-03T17:51:42,40.55714,-74.24011,0.0,284.3,334.0,JILL REINAUER,IMO7042813,WCW9655,31,0,30,8,3.8,57,A
366727190,2022-01-03T17:41:10,40.55708,-74.24013,0.2,64.2,339.0,JILL REINAUER,IMO7042813,WCW9655,31,0,30,8,3.8,57,A
366727190,2022-01-03T17:34:31,40.55707,-74.24022,0.1,278.3,13.0,JILL REINAUER,IMO7042813,WCW9655,31,0,30,8,3.8,57,A
366727190,2022-01-03T18:13:11,40.55726,-74.23968,0.0,38.5,331.0,JILL REINAUER,IMO7042813,WCW9655,31,0,30,8,3.8,57,A
366727190,2022-01-03T17:43:33,40.55708,-74.24013,0.0,274.1,336.0,JILL REINAUER,IMO7042813,WCW9655,31,0,30,8,3.8,57,A
366727190,2022-01-03T17:36:41,40.55705,-74.24012,0.1,17.8,333.0,JILL REINAUER,IMO7042813,WCW9655,31,0,30,8,3.8,57,A
366727190,2022-01-03T18:14:13,40.55725,-74.23971,0.1,273.9,339.0,JILL REINAUER,IMO7042813,WCW9655,31,0,30,8,3.8,57,A
366727190,2022-01-03T17:38:51,40.55710,-74.24013,0.0,157.7,337.0,JILL REINAUER,IMO7042813,WCW9655,31,0,30,8,3.8,57,A
366727190,2022-01-03T18:06:06,40.55724,-74.23983,0.3,106.9,13.0,JILL REINAUER,IMO7042813,WCW9655,31,0,30,8,3.8,57,A
366727190,2022-01-03T08:24:51,40.53581,-74.25424,0.0,165.9,320.0,JILL REINAUER,IMO7042813,WCW9655,31,0,30,8,3.8,57,A
366727190,2022-01-03T17:49:23,40.55711,-74.24010,0.0,85.7,336.0,JILL REINAUER,IMO7042813,WCW9655,31,0,30,8,3.8,57,A
366727190,2022-01-03T18:08:22,40.55724,-74.23974,0.0,217.1,339.0,JILL REINAUER,IMO7042813,WCW9655,31,0,30,8,3.8,57,A
366727190,2022-01-03T17:59:52,40.55712,-74.24009,0.0,296.4,334.0,JILL REINAUER,IMO7042813,WCW9655,31,0,30,8,3.8,57,A
366727190,2022-01-03T18:00:23,40.55713,-74.24008,0.0,224.8,333.0,JILL REINAUER,IMO7042813,WCW9655,31,0,30,8,3.8,57,A
366727190,2022-01-03T17:46:00,40.55713,-74.24009,0.0,25.8,339.0,JILL REINAUER,IMO7042813,WCW9655,31,0,30,8,3.8,57,A
366727190,2022-01-03T17:47:01,40.55714,-74.24007,0.0,224.5,337.0,JILL REINAUER,IMO7042813,WCW9655,31,0,30,8,3.8,57,A
366727190,2022-01-03T17:54:01,40.55712,-74.24008,0.0,248.4,335.0,JILL REINAUER,IMO7042813,WCW9655,31,0,30,8,3.8,57,A
366727190,2022-01-03T18:03:38,40.55701,-74.24022,0.5,246.1,40.0,JILL REINAUER,IMO7042813,WCW9655,31,0,30,8,3.8,57,A
366727190,2022-01-03T18:23:02,40.55626,-74.24110,2.1,243.5,255.0,JILL REINAUER,IMO7042813,WCW9655,31,0,30,8,3.8,57,A
366727190,2022-01-03T18:16:23,40.55727,-74.23967,0.0,22.4,325.0,JILL REINAUER,IMO7042813,WCW9655,31,0,30,8,3.8,57,A
366727190,2022-01-03T18:07:11,40.55724,-74.23973,0.2,54.6,335.0,JILL REINAUER,IMO7042813,WCW9655,31,0,30,8,3.8,57,A
366727190,2022-01-03T18:28:28,40.54661,-74.25193,9.3,192.4,191.0,JILL REINAUER,IMO7042813,WCW9655,31,0,30,8,3.8,57,A
366727190,2022-01-03T18:01:32,40.55712,-74.24008,0.0,155.7,333.0,JILL REINAUER,IMO7042813,WCW9655,31,0,30,8,3.8,57,A
366727190,2022-01-03T18:25:16,40.55349,-74.24595,9.4,230.1,228.0,JILL REINAUER,IMO7042813,WCW9655,31,0,30,8,3.8,57,A
366727190,2022-01-03T18:32:49,40.53461,-74.25081,11.1,172.6,171.0,JILL REINAUER,IMO7042813,WCW9655,31,0,30,8,3.8,57,A
366727190,2022-01-03T19:14:17,40.52157,-74.24971,0.1,210.3,287.0,JILL REINAUER,IMO7042813,WCW9655,31,0,30,8,3.8,57,A
366727190,2022-01-03T18:04:41,40.55718,-74.24006,0.7,61.5,63.0,JILL REINAUER,IMO7042813,WCW9655,31,0,30,8,3.8,57,A
366727190,2022-01-03T18:15:15,40.55727,-74.23969,0.1,37.7,333.0,JILL REINAUER,IMO7042813,WCW9655,31,0,30,8,3.8,57,A
366727190,2022-01-03T18:26:21,40.55140,-74.24840,9.4,217.5,219.0,JILL REINAUER,IMO7042813,WCW9655,31,0,30,8,3.8,57,A
366727190,2022-01-03T18:29:33,40.54389,-74.25205,9.3,177.6,178.0,JILL REINAUER,IMO7042813,WCW9655,31,0,30,8,3.8,57,A
366727190,2022-01-03T19:23:52,40.53437,-74.25155,6.4,337.0,342.0,JILL REINAUER,IMO7042813,WCW9655,31,0,30,8,3.8,57,A
366727190,2022-01-03T18:30:42,40.54086,-74.25176,9.5,175.7,177.0,JILL REINAUER,IMO7042813,WCW9655,31,0,30,8,3.8,57,A
366727190,2022-01-03T18:35:03,40.52775,-74.24897,11.5,168.4,171.0,JILL REINAUER,IMO7042813,WCW9655,31,0,30,8,3.8,57,A
366727190,2022-01-03T19:25:56,40.53642,-74.25379,3.3,256.1,255.0,JILL REINAUER,IMO7042813,WCW9655,31,0,30,8,3.8,57,A
366727190,2022-01-03T18:44:33,40.51782,-74.24969,1.3,269.9,328.0,JILL REINAUER,IMO7042813,WCW9655,31,0,30,8,3.8,57,A
366727190,2022-01-03T19:26:58,40.53635,-74.25415,0.5,86.9,258.0,JILL REINAUER,IMO7042813,WCW9655,31,0,30,8,3.8,57,A
366727190,2022-01-03T18:45:36,40.51790,-74.25051,2.3,352.1,22.0,JILL REINAUER,IMO7042813,WCW9655,31,0,30,8,3.8,57,A
366727190,2022-01-03T18:10:52,40.55726,-74.23970,0.0,258.1,337.0,JILL REINAUER,IMO7042813,WCW9655,31,0,30,8,3.8,57,A
366727190,2022-01-03T18:17:33,40.55726,-74.23971,0.0,298.3,339.0,JILL REINAUER,IMO7042813,WCW9655,31,0,30,8,3.8,57,A
366727190,2022-01-03T18:12:02,40.55726,-74.23969,0.0,71.2,335.0,JILL REINAUER,IMO7042813,WCW9655,31,0,30,8,3.8,57,A
366727190,2022-01-03T19:32:21,40.53610,-74.25418,0.1,243.4,286.0,JILL REINAUER,IMO7042813,WCW9655,31,0,30,8,3.8,57,A
366727190,2022-01-03T18:20:52,40.55680,-74.24023,1.4,225.6,317.0,JILL REINAUER,IMO7042813,WCW9655,31,0,30,8,3.8,57,A
366727190,2022-01-03T18:50:13,40.51992,-74.24984,1.4,9.3,12.0,JILL REINAUER,IMO7042813,WCW9655,31,0,30,8,3.8,57,A
366727190,2022-01-03T18:43:29,40.51792,-74.24961,0.8,164.2,62.0,JILL REINAUER,IMO7042813,WCW9655,31,0,30,8,3.8,57,A
366727190,2022-01-03T18:52:32,40.52080,-74.24968,1.1,358.8,6.0,JILL REINAUER,IMO7042813,WCW9655,31,0,30,8,3.8,57,A
366727190,2022-01-03T18:54:53,40.52130,-74.24972,0.5,350.3,352.0,JILL REINAUER,IMO7042813,WCW9655,31,0,30,8,3.8,57,A
366727190,2022-01-03T18:46:40,40.51848,-74.25044,1.7,16.0,22.0,JILL REINAUER,IMO7042813,WCW9655,31,0,30,8,3.8,57,A
366727190,2022-01-03T18:31:46,40.53786,-74.25140,10.9,168.7,170.0,JILL REINAUER,IMO7042813,WCW9655,31,0,30,8,3.8,57,A
366727190,2022-01-03T18:58:08,40.52161,-74.24972,0.2,351.6,307.0,JILL REINAUER,IMO7042813,WCW9655,31,0,30,8,3.8,57,A
366727190,2022-01-03T18:47:53,40.51898,-74.25023,1.4,18.4,20.0,JILL REINAUER,IMO7042813,WCW9655,31,0,30,8,3.8,57,A
366727190,2022-01-03T18:27:26,40.54914,-74.25064,9.4,210.7,208.0,JILL REINAUER,IMO7042813,WCW9655,31,0,30,8,3.8,57,A
366727190,2022-01-03T19:43:52,40.53614,-74.25427,0.0,260.1,288.0,JILL REINAUER,IMO7042813,WCW9655,31,0,30,8,3.8,57,A
366727190,2022-01-03T19:01:11,40.52155,-74.24970,0.0,151.3,295.0,JILL REINAUER,IMO7042813,WCW9655,31,0,30,8,3.8,57,A
366727190,2022-01-03T19:02:22,40.52157,-74.24971,0.0,73.2,295.0,JILL REINAUER,IMO7042813,WCW9655,31,0,30,8,3.8,57,A
366727190,2022-01-03T19:47:32,40.53613,-74.25427,0.0,190.5,288.0,JILL REINAUER,IMO7042813,WCW9655,31,0,30,8,3.8,57,A
366727190,2022-01-03T19:03:33,40.52156,-74.24970,0.0,161.7,292.0,JILL REINAUER,IMO7042813,WCW9655,31,0,30,8,3.8,57,A
366727190,2022-01-03T18:39:18,40.51825,-74.24917,1.7,221.4,153.0,JILL REINAUER,IMO7042813,WCW9655,31,0,30,8,3.8,57,A
366727190,2022-01-03T18:53:42,40.52110,-74.24970,0.8,355.1,352.0,JILL REINAUER,IMO7042813,WCW9655,31,0,30,8,3.8,57,A
366727190,2022-01-03T19:00:02,40.52157,-74.24970,0.2,200.7,292.0,JILL REINAUER,IMO7042813,WCW9655,31,0,30,8,3.8,57,A
366727190,2022-01-03T19:10:52,40.52156,-74.24972,0.0,45.2,291.0,JILL REINAUER,IMO7042813,WCW9655,31,0,30,8,3.8,57,A
366727190,2022-01-03T18:49:01,40.51943,-74.25002,1.5,18.7,18.0,JILL REINAUER,IMO7042813,WCW9655,31,0,30,8,3.8,57,A
366727190,2022-01-03T19:16:19,40.52169,-74.24919,5.7,60.4,54.0,JILL REINAUER,IMO7042813,WCW9655,31,0,30,8,3.8,57,A
366727190,2022-01-03T18:51:21,40.52036,-74.24974,1.6,8.5,10.0,JILL REINAUER,IMO7042813,WCW9655,31,0,30,8,3.8,57,A
366727190,2022-01-03T19:19:32,40.52680,-74.24852,6.5,342.7,345.0,JILL REINAUER,IMO7042813,WCW9655,31,0,30,8,3.8,57,A
366727190,2022-01-03T19:12:03,40.52155,-74.24970,0.0,205.3,292.0,JILL REINAUER,IMO7042813,WCW9655,31,0,30,8,3.8,57,A
366727190,2022-01-03T19:20:34,40.52867,-74.24922,6.6,351.2,353.0,JILL REINAUER,IMO7042813,WCW9655,31,0,30,8,3.8,57,A
366727190,2022-01-03T18:57:06,40.52153,-74.24975,0.4,23.7,340.0,JILL REINAUER,IMO7042813,WCW9655,31,0,30,8,3.8,57,A
366727190,2022-01-03T18:56:02,40.52144,-74.24974,0.3,347.3,353.0,JILL REINAUER,IMO7042813,WCW9655,31,0,30,8,3.8,57,A
366727190,2022-01-03T19:15:18,40.52146,-74.24970,1.3,157.3,336.0,JILL REINAUER,IMO7042813,WCW9655,31,0,30,8,3.8,57,A
366727190,2022-01-03T19:17:22,40.52308,-74.24775,6.2,10.2,8.0,JILL REINAUER,IMO7042813,WCW9655,31,0,30,8,3.8,57,A
366727190,2022-01-03T19:22:44,40.53252,-74.25054,6.5,335.5,340.0,JILL REINAUER,IMO7042813,WCW9655,31,0,30,8,3.8,57,A
366727190,2022-01-03T19:33:23,40.53611,-74.25426,0.1,3.8,280.0,JILL REINAUER,IMO7042813,WCW9655,31,0,30,8,3.8,57,A
366727190,2022-01-03T19:06:11,40.52157,-74.24971,0.0,169.7,293.0,JILL REINAUER,IMO7042813,WCW9655,31,0,30,8,3.8,57,A
366727190,2022-01-03T19:09:43,40.52153,-74.24971,0.0,157.4,296.0,JILL REINAUER,IMO7042813,WCW9655,31,0,30,8,3.8,57,A
366727190,2022-01-03T20:18:58,40.54309,-74.25286,2.0,354.0,354.0,JILL REINAUER,IMO7042813,WCW9655,31,0,30,8,3.8,57,A
366727190,2022-01-03T19:28:00,40.53622,-74.25422,1.0,218.8,217.0,JILL REINAUER,IMO7042813,WCW9655,31,0,30,8,3.8,57,A
366727190,2022-01-03T19:29:02,40.53619,-74.25424,0.3,169.9,259.0,JILL REINAUER,IMO7042813,WCW9655,31,0,30,8,3.8,57,A
366727190,2022-01-03T19:30:13,40.53613,-74.25424,0.0,31.5,286.0,JILL REINAUER,IMO7042813,WCW9655,31,0,30,8,3.8,57,A
366727190,2022-01-03T19:04:41,40.52156,-74.24971,0.0,174.4,292.0,JILL REINAUER,IMO7042813,WCW9655,31,0,30,8,3.8,57,A
366727190,2022-01-03T19:31:16,40.53610,-74.25416,0.3,104.6,270.0,JILL REINAUER,IMO7042813,WCW9655,31,0,30,8,3.8,57,A
366727190,2022-01-03T19:08:32,40.52158,-74.24971,0.0,164.0,293.0,JILL REINAUER,IMO7042813,WCW9655,31,0,30,8,3.8,57,A
366727190,2022-01-03T19:42:43,40.53613,-74.25428,0.0,326.1,288.0,JILL REINAUER,IMO7042813,WCW9655,31,0,30,8,3.8,57,A
366727190,2022-01-03T20:24:22,40.54335,-74.25281,0.0,301.5,272.0,JILL REINAUER,IMO7042813,WCW9655,31,0,30,8,3.8,57,A
366727190,2022-01-03T19:35:31,40.53611,-74.25426,0.0,143.6,300.0,JILL REINAUER,IMO7042813,WCW9655,31,0,30,8,3.8,57,A
366727190,2022-01-03T19:13:12,40.52156,-74.24970,0.0,150.5,289.0,JILL REINAUER,IMO7042813,WCW9655,31,0,30,8,3.8,57,A
366727190,2022-01-03T19:36:42,40.53612,-74.25426,0.1,3.2,289.0,JILL REINAUER,IMO7042813,WCW9655,31,0,30,8,3.8,57,A
366727190,2022-01-03T19:40:03,40.53614,-74.25429,0.0,186.3,288.0,JILL REINAUER,IMO7042813,WCW9655,31,0,30,8,3.8,57,A
366727190,2022-01-03T19:18:26,40.52486,-74.24783,6.3,343.3,351.0,JILL REINAUER,IMO7042813,WCW9655,31,0,30,8,3.8,57,A
366727190,2022-01-03T19:21:41,40.53068,-74.24975,6.7,346.8,349.0,JILL REINAUER,IMO7042813,WCW9655,31,0,30,8,3.8,57,A
366727190,2022-01-03T19:41:21,40.53611,-74.25429,0.0,355.5,288.0,JILL REINAUER,IMO7042813,WCW9655,31,0,30,8,3.8,57,A
366727190,2022-01-03T20:32:51,40.54330,-74.25281,0.0,58.0,274.0,JILL REINAUER,IMO7042813,WCW9655,31,0,30,8,3.8,57,A
366727190,2022-01-03T19:24:55,40.53599,-74.25254,5.7,328.2,330.0,JILL REINAUER,IMO7042813,WCW9655,31,0,30,8,3.8,57,A
366727190,2022-01-03T19:45:03,40.53614,-74.25427,0.0,180.8,288.0,JILL REINAUER,IMO7042813,WCW9655,31,0,30,8,3.8,57,A
366727190,2022-01-03T08:59:43,40.53580,-74.25431,0.0,235.9,336.0,JILL REINAUER,IMO7042813,WCW9655,31,0,30,8,3.8,57,A
366727190,2022-01-03T09:01:12,40.53580,-74.25432,0.0,247.6,335.0,JILL REINAUER,IMO7042813,WCW9655,31,0,30,8,3.8,57,A
366727190,2022-01-03T19:34:25,40.53610,-74.25427,0.1,202.4,297.0,JILL REINAUER,IMO7042813,WCW9655,31,0,30,8,3.8,57,A
366727190,2022-01-03T20:49:32,40.55145,-74.24887,5.0,44.8,49.0,JILL REINAUER,IMO7042813,WCW9655,31,0,30,8,3.8,57,A
366727190,2022-01-03T19:54:08,40.53625,-74.25390,2.3,61.7,234.0,JILL REINAUER,IMO7042813,WCW9655,31,0,30,8,3.8,57,A
366727190,2022-01-03T20:08:21,40.53476,-74.25203,0.4,80.5,251.0,JILL REINAUER,IMO7042813,WCW9655,31,0,30,8,3.8,57,A
366727190,2022-01-03T19:57:16,40.53494,-74.25229,0.8,182.5,180.0,JILL REINAUER,IMO7042813,WCW9655,31,0,30,8,3.8,57,A
366727190,2022-01-03T19:55:12,40.53652,-74.25338,1.4,116.7,114.0,JILL REINAUER,IMO7042813,WCW9655,31,0,30,8,3.8,57,A
366727190,2022-01-03T20:09:25,40.53479,-74.25185,0.6,84.4,257.0,JILL REINAUER,IMO7042813,WCW9655,31,0,30,8,3.8,57,A
366727190,2022-01-03T19:56:14,40.53571,-74.25245,4.3,167.0,171.0,JILL REINAUER,IMO7042813,WCW9655,31,0,30,8,3.8,57,A
366727190,2022-01-03T19:37:52,40.53614,-74.25428,0.0,300.3,289.0,JILL REINAUER,IMO7042813,WCW9655,31,0,30,8,3.8,57,A
366727190,2022-01-03T20:12:36,40.53434,-74.25109,1.5,146.5,268.0,JILL REINAUER,IMO7042813,WCW9655,31,0,30,8,3.8,57,A
366727190,2022-01-03T19:39:02,40.53614,-74.25430,0.0,271.9,288.0,JILL REINAUER,IMO7042813,WCW9655,31,0,30,8,3.8,57,A
366727190,2022-01-03T19:46:11,40.53615,-74.25425,0.0,194.6,289.0,JILL REINAUER,IMO7042813,WCW9655,31,0,30,8,3.8,57,A
366727190,2022-01-03T20:14:39,40.53562,-74.25231,6.8,338.9,349.0,JILL REINAUER,IMO7042813,WCW9655,31,0,30,8,3.8,57,A
366727190,2022-01-03T19:48:42,40.53615,-74.25427,0.0,185.3,288.0,JILL REINAUER,IMO7042813,WCW9655,31,0,30,8,3.8,57,A
366727190,2022-01-03T19:49:51,40.53609,-74.25424,0.1,174.6,291.0,JILL REINAUER,IMO7042813,WCW9655,31,0,30,8,3.8,57,A
366727190,2022-01-03T20:07:18,40.53473,-74.25217,0.2,56.6,250.0,JILL REINAUER,IMO7042813,WCW9655,31,0,30,8,3.8,57,A
366727190,2022-01-03T19:52:02,40.53611,-74.25427,0.0,208.8,298.0,JILL REINAUER,IMO7042813,WCW9655,31,0,30,8,3.8,57,A
366727190,2022-01-03T21:03:52,40.55748,-74.22221,5.4,86.8,81.0,JILL REINAUER,IMO7042813,WCW9655,31,0,30,8,3.8,57,A
366727190,2022-01-03T19:58:19,40.53479,-74.25225,0.5,180.9,278.0,JILL REINAUER,IMO7042813,WCW9655,31,0,30,8,3.8,57,A
366727190,2022-01-03T20:15:41,40.53735,-74.25270,6.8,3.6,9.0,JILL REINAUER,IMO7042813,WCW9655,31,0,30,8,3.8,57,A
366727190,2022-01-03T19:53:04,40.53613,-74.25426,0.2,26.1,286.0,JILL REINAUER,IMO7042813,WCW9655,31,0,30,8,3.8,57,A
366727190,2022-01-03T20:31:42,40.54331,-74.25283,0.0,205.3,269.0,JILL REINAUER,IMO7042813,WCW9655,31,0,30,8,3.8,57,A
366727190,2022-01-03T21:14:13,40.56814,-74.21207,4.0,15.8,17.0,JILL REINAUER,IMO7042813,WCW9655,31,0,30,8,3.8,57,A
366727190,2022-01-03T20:20:01,40.54322,-74.25291,0.1,183.2,339.0,JILL REINAUER,IMO7042813,WCW9655,31,0,30,8,3.8,57,A
366727190,2022-01-03T20:04:42,40.53479,-74.25227,0.0,348.5,257.0,JILL REINAUER,IMO7042813,WCW9655,31,0,30,8,3.8,57,A
366727190,2022-01-03T20:35:03,40.54333,-74.25282,0.0,182.6,270.0,JILL REINAUER,IMO7042813,WCW9655,31,0,30,8,3.8,57,A
366727190,2022-01-03T20:02:22,40.53478,-74.25228,0.0,353.9,257.0,JILL REINAUER,IMO7042813,WCW9655,31,0,30,8,3.8,57,A
366727190,2022-01-03T20:10:31,40.53481,-74.25159,0.6,90.4,254.0,JILL REINAUER,IMO7042813,WCW9655,31,0,30,8,3.8,57,A
366727190,2022-01-03T19:59:29,40.53478,-74.25225,0.0,205.6,256.0,JILL REINAUER,IMO7042813,WCW9655,31,0,30,8,3.8,57,A
366727190,2022-01-03T20:25:42,40.54335,-74.25283,0.0,318.7,271.0,JILL REINAUER,IMO7042813,WCW9655,31,0,30,8,3.8,57,A
366727190,2022-01-03T20:29:22,40.54334,-74.25281,0.0,359.2,269.0,JILL REINAUER,IMO7042813,WCW9655,31,0,30,8,3.8,57,A
366727190,2022-01-03T20:06:12,40.53474,-74.25224,0.1,184.6,254.0,JILL REINAUER,IMO7042813,WCW9655,31,0,30,8,3.8,57,A
366727190,2022-01-03T20:16:51,40.53984,-74.25261,8.2,355.5,359.0,JILL REINAUER,IMO7042813,WCW9655,31,0,30,8,3.8,57,A
366727190,2022-01-03T20:17:54,40.54189,-74.25273,5.8,357.8,359.0,JILL REINAUER,IMO7042813,WCW9655,31,0,30,8,3.8,57,A
366727190,2022-01-03T20:30:32,40.54335,-74.25284,0.0,293.0,267.0,JILL REINAUER,IMO7042813,WCW9655,31,0,30,8,3.8,57,A
366727190,2022-01-03T21:26:45,40.58569,-74.20770,7.2,8.7,12.0,JILL REINAUER,IMO7042813,WCW9655,31,0,30,8,3.8,57,A
366727190,2022-01-03T21:27:46,40.58774,-74.20716,7.3,13.5,17.0,JILL REINAUER,IMO7042813,WCW9655,31,0,30,8,3.8,57,A
366727190,2022-01-03T20:48:28,40.55029,-74.24998,5.0,29.5,36.0,JILL REINAUER,IMO7042813,WCW9655,31,0,30,8,3.8,57,A
366727190,2022-01-03T20:21:06,40.54327,-74.25286,0.3,31.2,301.0,JILL REINAUER,IMO7042813,WCW9655,31,0,30,8,3.8,57,A
366727190,2022-01-03T20:33:52,40.54332,-74.25281,0.0,203.1,266.0,JILL REINAUER,IMO7042813,WCW9655,31,0,30,8,3.8,57,A
366727190,2022-01-03T09:29:12,40.53580,-74.25430,0.0,59.4,336.0,JILL REINAUER,IMO7042813,WCW9655,31,0,30,8,3.8,57,A
366727190,2022-01-03T20:50:43,40.55256,-74.24717,5.2,52.8,55.0,JILL REINAUER,IMO7042813,WCW9655,31,0,30,8,3.8,57,A
366727190,2022-01-03T20:11:35,40.53477,-74.25144,0.8,158.6,313.0,JILL REINAUER,IMO7042813,WCW9655,31,0,30,8,3.8,57,A
366727190,2022-01-03T20:51:52,40.55353,-74.24532,5.3,57.1,55.0,JILL REINAUER,IMO7042813,WCW9655,31,0,30,8,3.8,57,A
366727190,2022-01-03T21:32:20,40.59569,-74.20140,7.0,27.8,25.0,JILL REINAUER,IMO7042813,WCW9655,31,0,30,8,3.8,57,A
366727190,2022-01-03T20:13:38,40.53422,-74.25145,2.9,307.4,329.0,JILL REINAUER,IMO7042813,WCW9655,31,0,30,8,3.8,57,A
366727190,2022-01-03T20:22:08,40.54335,-74.25283,0.1,187.8,269.0,JILL REINAUER,IMO7042813,WCW9655,31,0,30,8,3.8,57,A
366727190,2022-01-03T20:38:33,40.54332,-74.25281,0.0,178.8,271.0,JILL REINAUER,IMO7042813,WCW9655,31,0,30,8,3.8,57,A
366727190,2022-01-03T20:23:12,40.54335,-74.25281,0.1,186.6,267.0,JILL REINAUER,IMO7042813,WCW9655,31,0,30,8,3.8,57,A
366727190,2022-01-03T20:41:42,40.54319,-74.25245,0.1,295.0,301.0,JILL REINAUER,IMO7042813,WCW9655,31,0,30,8,3.8,57,A
366727190,2022-01-03T20:42:45,40.54354,-74.25243,2.0,9.2,5.0,JILL REINAUER,IMO7042813,WCW9655,31,0,30,8,3.8,57,A
366727190,2022-01-03T20:57:42,40.55703,-74.23473,5.7,76.8,74.0,JILL REINAUER,IMO7042813,WCW9655,31,0,30,8,3.8,57,A
366727190,2022-01-03T20:26:52,40.54336,-74.25282,0.0,298.0,269.0,JILL REINAUER,IMO7042813,WCW9655,31,0,30,8,3.8,57,A
366727190,2022-01-03T21:38:50,40.60689,-74.20389,6.4,350.5,357.0,JILL REINAUER,IMO7042813,WCW9655,31,0,30,8,3.8,57,A
366727190,2022-01-03T20:47:22,40.54887,-74.25081,5.1,19.4,25.0,JILL REINAUER,IMO7042813,WCW9655,31,0,30,8,3.8,57,A
366727190,2022-01-03T20:36:12,40.54333,-74.25283,0.0,262.0,272.0,JILL REINAUER,IMO7042813,WCW9655,31,0,30,8,3.8,57,A
366727190,2022-01-03T20:28:21,40.54335,-74.25281,0.0,180.2,266.0,JILL REINAUER,IMO7042813,WCW9655,31,0,30,8,3.8,57,A
366727190,2022-01-03T21:09:32,40.56217,-74.21431,5.3,18.5,17.0,JILL REINAUER,IMO7042813,WCW9655,31,0,30,8,3.8,57,A
366727190,2022-01-03T20:39:36,40.54330,-74.25271,0.2,141.4,263.0,JILL REINAUER,IMO7042813,WCW9655,31,0,30,8,3.8,57,A
366727190,2022-01-03T20:56:31,40.55651,-74.23704,5.7,71.2,69.0,JILL REINAUER,IMO7042813,WCW9655,31,0,30,8,3.8,57,A
366727190,2022-01-03T20:44:55,40.54565,-74.25199,4.6,11.7,11.0,JILL REINAUER,IMO7042813,WCW9655,31,0,30,8,3.8,57,A
366727190,2022-01-03T21:53:22,40.63405,-74.19885,102.3,360.0,43.0,JILL REINAUER,IMO7042813,WCW9655,31,0,30,8,3.8,57,A
366727190,2022-01-03T20:43:54,40.54448,-74.25224,3.8,8.7,3.0,JILL REINAUER,IMO7042813,WCW9655,31,0,30,8,3.8,57,A
366727190,2022-01-03T21:00:02,40.55763,-74.23000,5.6,87.0,85.0,JILL REINAUER,IMO7042813,WCW9655,31,0,30,8,3.8,57,A
366727190,2022-01-03T20:37:22,40.54332,-74.25280,0.0,181.5,272.0,JILL REINAUER,IMO7042813,WCW9655,31,0,30,8,3.8,57,A
366727190,2022-01-03T21:20:02,40.57441,-74.21045,3.9,6.3,9.0,JILL REINAUER,IMO7042813,WCW9655,31,0,30,8,3.8,57,A
366727190,2022-01-03T22:00:01,40.64414,-74.18711,7.2,52.6,58.0,JILL REINAUER,IMO7042813,WCW9655,31,0,30,8,3.8,57,A
366727190,2022-01-03T21:06:09,40.55838,-74.21798,5.3,60.8,49.0,JILL REINAUER,IMO7042813,WCW9655,31,0,30,8,3.8,57,A
366727190,2022-01-03T20:40:38,40.54323,-74.25260,0.5,134.9,264.0,JILL REINAUER,IMO7042813,WCW9655,31,0,30,8,3.8,57,A
366727190,2022-01-03T20:53:02,40.55445,-74.24346,5.2,60.0,59.0,JILL REINAUER,IMO7042813,WCW9655,31,0,30,8,3.8,57,A
366727190,2022-01-03T21:10:43,40.56384,-74.21363,5.4,15.5,17.0,JILL REINAUER,IMO7042813,WCW9655,31,0,30,8,3.8,57,A
366727190,2022-01-03T22:03:33,40.64630,-74.17830,7.4,85.5,87.0,JILL REINAUER,IMO7042813,WCW9655,31,0,30,8,3.8,57,A
366727190,2022-01-03T20:55:23,40.55593,-74.23929,5.6,70.9,69.0,JILL REINAUER,IMO7042813,WCW9655,31,0,30,8,3.8,57,A
366727190,2022-01-03T20:46:12,40.54732,-74.25147,5.0,16.0,19.0,JILL REINAUER,IMO7042813,WCW9655,31,0,30,8,3.8,57,A
366727190,2022-01-03T22:06:13,40.64646,-74.17100,7.9,87.8,86.0,JILL REINAUER,IMO7042813,WCW9655,31,0,30,8,3.8,57,A
366727190,2022-01-03T21:18:51,40.57314,-74.21068,3.9,9.3,9.0,JILL REINAUER,IMO7042813,WCW9655,31,0,30,8,3.8,57,A
366727190,2022-01-03T21:01:11,40.55763,-74.22763,5.7,93.0,90.0,JILL REINAUER,IMO7042813,WCW9655,31,0,30,8,3.8,57,A
366727190,2022-01-03T21:02:43,40.55748,-74.22454,5.5,92.7,88.0,JILL REINAUER,IMO7042813,WCW9655,31,0,30,8,3.8,57,A
366727190,2022-01-03T21:21:12,40.57564,-74.21026,3.9,8.8,12.0,JILL REINAUER,IMO7042813,WCW9655,31,0,30,8,3.8,57,A
366727190,2022-01-03T20:54:12,40.55526,-74.24144,5.2,63.5,63.0,JILL REINAUER,IMO7042813,WCW9655,31,0,30,8,3.8,57,A
366727190,2022-01-03T21:22:22,40.57720,-74.20991,6.1,9.6,13.0,JILL REINAUER,IMO7042813,WCW9655,31,0,30,8,3.8,57,A
366727190,2022-01-03T21:23:23,40.57901,-74.20945,7.0,12.0,15.0,JILL REINAUER,IMO7042813,WCW9655,31,0,30,8,3.8,57,A
366727190,2022-01-03T22:15:04,40.64211,-74.14726,6.0,113.6,99.0,JILL REINAUER,IMO7042813,WCW9655,31,0,30,8,3.8,57,A
366727190,2022-01-03T21:39:52,40.60877,-74.20402,6.7,0.7,3.0,JILL REINAUER,IMO7042813,WCW9655,31,0,30,8,3.8,57,A
366727190,2022-01-03T21:07:12,40.55927,-74.21643,5.2,44.5,34.0,JILL REINAUER,IMO7042813,WCW9655,31,0,30,8,3.8,57,A
366727190,2022-01-03T21:08:23,40.56064,-74.21515,5.0,25.6,20.0,JILL REINAUER,IMO7042813,WCW9655,31,0,30,8,3.8,57,A
366727190,2022-01-03T22:20:33,40.64247,-74.13626,5.5,85.5,82.0,JILL REINAUER,IMO7042813,WCW9655,31,0,30,8,3.8,57,A
366727190,2022-01-03T21:13:02,40.56691,-74.21252,4.1,15.1,16.0,JILL REINAUER,IMO7042813,WCW9655,31,0,30,8,3.8,57,A
366727190,2022-01-03T21:15:22,40.56934,-74.21161,4.0,13.9,15.0,JILL REINAUER,IMO7042813,WCW9655,31,0,30,8,3.8,57,A
366727190,2022-01-03T21:11:51,40.56546,-74.21302,4.9,15.9,17.0,JILL REINAUER,IMO7042813,WCW9655,31,0,30,8,3.8,57,A
366727190,2022-01-03T21:33:22,40.59754,-74.20039,6.9,16.6,12.0,JILL REINAUER,IMO7042813,WCW9655,31,0,30,8,3.8,57,A
366727190,2022-01-03T21:04:54,40.55770,-74.22019,5.4,76.2,67.0,JILL REINAUER,IMO7042813,WCW9655,31,0,30,8,3.8,57,A
366727190,2022-01-03T21:30:01,40.59187,-74.20473,7.2,32.8,35.0,JILL REINAUER,IMO7042813,WCW9655,31,0,30,8,3.8,57,A
366727190,2022-01-03T21:35:32,40.60146,-74.20069,6.6,335.7,335.0,JILL REINAUER,IMO7042813,WCW9655,31,0,30,8,3.8,57,A
366727190,2022-01-03T22:27:23,40.64350,-74.12175,6.0,72.3,68.0,JILL REINAUER,IMO7042813,WCW9655,31,0,30,8,3.8,57,A
366727190,2022-01-03T21:17:42,40.57185,-74.21097,4.0,9.6,11.0,JILL REINAUER,IMO7042813,WCW9655,31,0,30,8,3.8,57,A
366727190,2022-01-03T22:30:42,40.64545,-74.11488,6.1,72.6,69.0,JILL REINAUER,IMO7042813,WCW9655,31,0,30,8,3.8,57,A
366727190,2022-01-03T21:34:23,40.59940,-74.20004,6.7,359.0,352.0,JILL REINAUER,IMO7042813,WCW9655,31,0,30,8,3.8,57,A
366727190,2022-01-03T21:25:42,40.58362,-74.20805,7.3,9.2,9.0,JILL REINAUER,IMO7042813,WCW9655,31,0,30,8,3.8,57,A
366727190,2022-01-03T21:31:11,40.59377,-74.20300,7.2,34.5,34.0,JILL REINAUER,IMO7042813,WCW9655,31,0,30,8,3.8,57,A
366727190,2022-01-03T22:37:43,40.64670,-74.09978,5.9,91.2,87.0,JILL REINAUER,IMO7042813,WCW9655,31,0,30,8,3.8,57,A
366727190,2022-01-03T21:43:22,40.61547,-74.20339,7.0,4.4,6.0,JILL REINAUER,IMO7042813,WCW9655,31,0,30,8,3.8,57,A
366727190,2022-01-03T22:01:13,40.64531,-74.18439,7.1,69.0,73.0,JILL REINAUER,IMO7042813,WCW9655,31,0,30,8,3.8,57,A
366727190,2022-01-03T21:36:42,40.60334,-74.20204,6.8,328.1,333.0,JILL REINAUER,IMO7042813,WCW9655,31,0,30,8,3.8,57,A
366727190,2022-01-03T21:46:52,40.62224,-74.20287,7.1,4.5,6.0,JILL REINAUER,IMO7042813,WCW9655,31,0,30,8,3.8,57,A
366727190,2022-01-03T21:37:46,40.60508,-74.20324,6.6,337.6,347.0,JILL REINAUER,IMO7042813,WCW9655,31,0,30,8,3.8,57,A
366727190,2022-01-03T21:24:32,40.58130,-74.20874,7.4,13.4,13.0,JILL REINAUER,IMO7042813,WCW9655,31,0,30,8,3.8,57,A
366727190,2022-01-03T21:41:01,40.61099,-74.20388,6.8,3.9,5.0,JILL REINAUER,IMO7042813,WCW9655,31,0,30,8,3.8,57,A
366727190,2022-01-03T21:51:16,40.63074,-74.20145,6.9,15.5,22.0,JILL REINAUER,IMO7042813,WCW9655,31,0,30,8,3.8,57,A
366727190,2022-01-03T21:28:52,40.58981,-74.20623,7.2,24.6,29.0,JILL REINAUER,IMO7042813,WCW9655,31,0,30,8,3.8,57,A
366727190,2022-01-03T21:54:23,40.63568,-74.19693,7.0,36.2,34.0,JILL REINAUER,IMO7042813,WCW9655,31,0,30,8,3.8,57,A
366727190,2022-01-03T21:59:01,40.64285,-74.18908,7.3,46.9,49.0,JILL REINAUER,IMO7042813,WCW9655,31,0,30,8,3.8,57,A
366727190,2022-01-03T21:44:32,40.61770,-74.20321,7.0,2.4,3.0,JILL REINAUER,IMO7042813,WCW9655,31,0,30,8,3.8,57,A
366727190,2022-01-03T21:45:42,40.61995,-74.20310,7.0,3.6,5.0,JILL REINAUER,IMO7042813,WCW9655,31,0,30,8,3.8,57,A
366727190,2022-01-03T21:55:31,40.63752,-74.19519,7.1,37.1,38.0,JILL REINAUER,IMO7042813,WCW9655,31,0,30,8,3.8,57,A
366727190,2022-01-03T22:54:45,40.65096,-74.07673,8.0,276.0,269.0,JILL REINAUER,IMO7042813,WCW9655,31,0,30,8,3.8,57,A
366727190,2022-01-03T21:42:13,40.61324,-74.20360,7.0,4.9,5.0,JILL REINAUER,IMO7042813,WCW9655,31,0,30,8,3.8,57,A
366727190,2022-01-03T22:02:22,40.64598,-74.18143,7.3,78.3,82.0,JILL REINAUER,IMO7042813,WCW9655,31,0,30,8,3.8,57,A
366727190,2022-01-03T21:52:19,40.63255,-74.20041,6.9,33.4,41.0,JILL REINAUER,IMO7042813,WCW9655,31,0,30,8,3.8,57,A
366727190,2022-01-03T22:09:36,40.64651,-74.16098,8.1,97.0,99.0,JILL REINAUER,IMO7042813,WCW9655,31,0,30,8,3.8,57,A
366727190,2022-01-03T21:57:52,40.64122,-74.19116,7.3,42.6,43.0,JILL REINAUER,IMO7042813,WCW9655,31,0,30,8,3.8,57,A
366727190,2022-01-03T21:49:12,40.62690,-74.20224,7.2,6.3,7.0,JILL REINAUER,IMO7042813,WCW9655,31,0,30,8,3.8,57,A
366727190,2022-01-03T22:11:53,40.64531,-74.15454,7.6,108.5,115.0,JILL REINAUER,IMO7042813,WCW9655,31,0,30,8,3.8,57,A
366727190,2022-01-03T23:09:21,40.64193,-74.12772,5.8,231.0,208.0,JILL REINAUER,IMO7042813,WCW9655,31,0,30,8,3.8,57,A
366727190,2022-01-03T23:11:08,40.64073,-74.12826,0.3,193.3,114.0,JILL REINAUER,IMO7042813,WCW9655,31,0,30,8,3.8,57,A
366727190,2022-01-03T22:18:12,40.64196,-74.14094,5.6,79.8,76.0,JILL REINAUER,IMO7042813,WCW9655,31,0,30,8,3.8,57,A
366727190,2022-01-03T23:14:16,40.64154,-74.12861,2.3,316.7,290.0,JILL REINAUER,IMO7042813,WCW9655,31,0,30,8,3.8,57,A
366727190,2022-01-03T22:04:42,40.64640,-74.17519,7.4,89.6,88.0,JILL REINAUER,IMO7042813,WCW9655,31,0,30,8,3.8,57,A
366727190,2022-01-03T23:16:19,40.64106,-74.12906,0.4,183.8,165.0,JILL REINAUER,IMO7042813,WCW9655,31,0,30,8,3.8,57,A
366727190,2022-01-03T21:56:42,40.63939,-74.19320,7.3,39.3,38.0,JILL REINAUER,IMO7042813,WCW9655,31,0,30,8,3.8,57,A
366727190,2022-01-03T22:10:41,40.64600,-74.15782,8.1,106.3,106.0,JILL REINAUER,IMO7042813,WCW9655,31,0,30,8,3.8,57,A
366727190,2022-01-03T23:24:13,40.64101,-74.12903,0.0,222.3,176.0,JILL REINAUER,IMO7042813,WCW9655,31,0,30,8,3.8,57,A
366727190,2022-01-03T22:14:03,40.64311,-74.14943,7.3,125.0,119.0,JILL REINAUER,IMO7042813,WCW9655,31,0,30,8,3.8,57,A
366727190,2022-01-03T22:44:23,40.65007,-74.08607,6.2,69.9,71.0,JILL REINAUER,IMO7042813,WCW9655,31,0,30,8,3.8,57,A
366727190,2022-01-03T22:31:52,40.64605,-74.11243,5.9,71.9,71.0,JILL REINAUER,IMO7042813,WCW9655,31,0,30,8,3.8,57,A
366727190,2022-01-03T22:07:21,40.64658,-74.16763,8.1,87.1,85.0,JILL REINAUER,IMO7042813,WCW9655,31,0,30,8,3.8,57,A
366727190,2022-01-03T23:28:21,40.64106,-74.12904,0.0,239.7,176.0,JILL REINAUER,IMO7042813,WCW9655,31,0,30,8,3.8,57,A
366727190,2022-01-03T22:46:27,40.65102,-74.08161,5.0,70.5,66.0,JILL REINAUER,IMO7042813,WCW9655,31,0,30,8,3.8,57,A
366727190,2022-01-03T10:25:52,40.53584,-74.25430,0.0,194.6,337.0,JILL REINAUER,IMO7042813,WCW9655,31,0,30,8,3.8,57,A
366727190,2022-01-03T22:08:31,40.64664,-74.16421,8.2,90.9,90.0,JILL REINAUER,IMO7042813,WCW9655,31,0,30,8,3.8,57,A
366727190,2022-01-03T23:33:01,40.64104,-74.12898,0.0,208.6,177.0,JILL REINAUER,IMO7042813,WCW9655,31,0,30,8,3.8,57,A
366727190,2022-01-03T23:36:02,40.64102,-74.12904,0.0,211.0,177.0,JILL REINAUER,IMO7042813,WCW9655,31,0,30,8,3.8,57,A
366727190,2022-01-03T22:40:58,40.64767,-74.09298,6.1,70.1,65.0,JILL REINAUER,IMO7042813,WCW9655,31,0,30,8,3.8,57,A
366727190,2022-01-03T23:38:21,40.64102,-74.12901,0.0,128.2,178.0,JILL REINAUER,IMO7042813,WCW9655,31,0,30,8,3.8,57,A
366727190,2022-01-03T22:38:45,40.64681,-74.09760,5.9,83.0,77.0,JILL REINAUER,IMO7042813,WCW9655,31,0,30,8,3.8,57,A
366727190,2022-01-03T22:13:01,40.64430,-74.15169,7.4,121.7,125.0,JILL REINAUER,IMO7042813,WCW9655,31,0,30,8,3.8,57,A
366727190,2022-01-03T22:28:32,40.64417,-74.11933,6.1,68.0,64.0,JILL REINAUER,IMO7042813,WCW9655,31,0,30,8,3.8,57,A
366727190,2022-01-03T22:17:08,40.64172,-74.14311,5.6,86.9,80.0,JILL REINAUER,IMO7042813,WCW9655,31,0,30,8,3.8,57,A
366727190,2022-01-03T22:43:13,40.64923,-74.08842,6.1,62.3,63.0,JILL REINAUER,IMO7042813,WCW9655,31,0,30,8,3.8,57,A
366727190,2022-01-03T22:33:01,40.64657,-74.11002,6.1,78.4,77.0,JILL REINAUER,IMO7042813,WCW9655,31,0,30,8,3.8,57,A
366727190,2022-01-03T22:19:23,40.64227,-74.13857,5.5,80.1,80.0,JILL REINAUER,IMO7042813,WCW9655,31,0,30,8,3.8,57,A
366727190,2022-01-03T22:58:56,40.64888,-74.09177,9.2,243.0,247.0,JILL REINAUER,IMO7042813,WCW9655,31,0,30,8,3.8,57,A
366727190,2022-01-03T22:21:43,40.64258,-74.13392,5.6,86.3,83.0,JILL REINAUER,IMO7042813,WCW9655,31,0,30,8,3.8,57,A
366727190,2022-01-03T22:35:21,40.64684,-74.10490,6.0,93.3,92.0,JILL REINAUER,IMO7042813,WCW9655,31,0,30,8,3.8,57,A
366727190,2022-01-03T22:23:58,40.64263,-74.12925,6.0,90.4,86.0,JILL REINAUER,IMO7042813,WCW9655,31,0,30,8,3.8,57,A
366727190,2022-01-03T22:53:44,40.65013,-74.07410,7.3,305.8,313.0,JILL REINAUER,IMO7042813,WCW9655,31,0,30,8,3.8,57,A
366727190,2022-01-03T22:39:46,40.64709,-74.09545,5.9,75.0,69.0,JILL REINAUER,IMO7042813,WCW9655,31,0,30,8,3.8,57,A
366727190,2022-01-03T22:29:33,40.64482,-74.11729,6.1,68.4,68.0,JILL REINAUER,IMO7042813,WCW9655,31,0,30,8,3.8,57,A
366727190,2022-01-03T22:42:01,40.64835,-74.09081,6.1,67.1,61.0,JILL REINAUER,IMO7042813,WCW9655,31,0,30,8,3.8,57,A
366727190,2022-01-03T22:36:31,40.64676,-74.10230,5.8,90.3,87.0,JILL REINAUER,IMO7042813,WCW9655,31,0,30,8,3.8,57,A
366727190,2022-01-03T22:49:42,40.65116,-74.07718,3.2,96.4,92.0,JILL REINAUER,IMO7042813,WCW9655,31,0,30,8,3.8,57,A
366727190,2022-01-03T22:50:44,40.65104,-74.07598,3.4,102.9,106.0,JILL REINAUER,IMO7042813,WCW9655,31,0,30,8,3.8,57,A
366727190,2022-01-03T23:12:09,40.64068,-74.12830,0.1,179.8,66.0,JILL REINAUER,IMO7042813,WCW9655,31,0,30,8,3.8,57,A
366727190,2022-01-03T22:47:29,40.65134,-74.08004,3.8,84.2,82.0,JILL REINAUER,IMO7042813,WCW9655,31,0,30,8,3.8,57,A
366727190,2022-01-03T23:05:12,40.64621,-74.11369,11.5,251.6,251.0,JILL REINAUER,IMO7042813,WCW9655,31,0,30,8,3.8,57,A
366727190,2022-01-03T23:06:13,40.64498,-74.11755,11.1,245.0,248.0,JILL REINAUER,IMO7042813,WCW9655,31,0,30,8,3.8,57,A
366727190,2022-01-03T22:56:49,40.65105,-74.08418,11.0,254.5,252.0,JILL REINAUER,IMO7042813,WCW9655,31,0,30,8,3.8,57,A
366727190,2022-01-03T23:40:42,40.64120,-74.12906,1.4,354.1,176.0,JILL REINAUER,IMO7042813,WCW9655,31,0,30,8,3.8,57,A
366727190,2022-01-03T23:00:01,40.64786,-74.09512,9.2,254.2,261.0,JILL REINAUER,IMO7042813,WCW9655,31,0,30,8,3.8,57,A
366727190,2022-01-03T23:30:43,40.64102,-74.12902,0.1,181.0,177.0,JILL REINAUER,IMO7042813,WCW9655,31,0,30,8,3.8,57,A
366727190,2022-01-03T23:42:48,40.64241,-74.13065,9.6,299.5,291.0,JILL REINAUER,IMO7042813,WCW9655,31,0,30,8,3.8,57,A
366727190,2022-01-03T23:15:18,40.64141,-74.12902,1.7,197.4,190.0,JILL REINAUER,IMO7042813,WCW9655,31,0,30,8,3.8,57,A
366727190,2022-01-03T23:31:52,40.64104,-74.12901,0.0,62.1,177.0,JILL REINAUER,IMO7042813,WCW9655,31,0,30,8,3.8,57,A
366727190,2022-01-03T23:03:06,40.64790,-74.10554,10.2,256.3,259.0,JILL REINAUER,IMO7042813,WCW9655,31,0,30,8,3.8,57,A
366727190,2022-01-03T23:02:04,40.64802,-74.10170,9.9,270.8,273.0,JILL REINAUER,IMO7042813,WCW9655,31,0,30,8,3.8,57,A
366727190,2022-01-03T23:17:22,40.64102,-74.12903,0.1,189.6,152.0,JILL REINAUER,IMO7042813,WCW9655,31,0,30,8,3.8,57,A
366727190,2022-01-03T23:04:10,40.64706,-74.10958,11.4,256.6,259.0,JILL REINAUER,IMO7042813,WCW9655,31,0,30,8,3.8,57,A
366727190,2022-01-03T23:37:11,40.64100,-74.12904,0.0,75.1,177.0,JILL REINAUER,IMO7042813,WCW9655,31,0,30,8,3.8,57,A
366727190,2022-01-03T23:19:41,40.64105,-74.12902,0.0,249.8,176.0,JILL REINAUER,IMO7042813,WCW9655,31,0,30,8,3.8,57,A
366727190,2022-01-03T23:08:19,40.64294,-74.12504,9.3,245.0,244.0,JILL REINAUER,IMO7042813,WCW9655,31,0,30,8,3.8,57,A
366727190,2022-01-03T23:22:01,40.64103,-74.12901,0.0,274.2,176.0,JILL REINAUER,IMO7042813,WCW9655,31,0,30,8,3.8,57,A
366727190,2022-01-03T23:41:46,40.64159,-74.12910,0.5,302.9,261.0,JILL REINAUER,IMO7042813,WCW9655,31,0,30,8,3.8,57,A
366727190,2022-01-03T23:23:02,40.64102,-74.12902,0.0,185.0,176.0,JILL REINAUER,IMO7042813,WCW9655,31,0,30,8,3.8,57,A
366727190,2022-01-03T23:13:11,40.64069,-74.12832,0.5,5.6,341.0,JILL REINAUER,IMO7042813,WCW9655,31,0,30,8,3.8,57,A
366727190,2022-01-03T10:54:01,40.53592,-74.25425,0.0,245.0,260.0,JILL REINAUER,IMO7042813,WCW9655,31,0,30,8,3.8,57,A
366727190,2022-01-03T23:20:52,40.64105,-74.12901,0.0,203.6,175.0,JILL REINAUER,IMO7042813,WCW9655,31,0,30,8,3.8,57,A
366727190,2022-01-03T23:29:33,40.64102,-74.12902,0.0,210.8,177.0,JILL REINAUER,IMO7042813,WCW9655,31,0,30,8,3.8,57,A
366727190,2022-01-03T23:26:33,40.64103,-74.12901,0.0,256.2,176.0,JILL REINAUER,IMO7042813,WCW9655,31,0,30,8,3.8,57,A
366727190,2022-01-03T11:00:01,40.53596,-74.25422,0.0,316.2,255.0,JILL REINAUER,IMO7042813,WCW9655,31,0,30,8,3.8,57,A
366727190,2022-01-03T23:34:12,40.64105,-74.12899,0.0,65.7,177.0,JILL REINAUER,IMO7042813,WCW9655,31,0,30,8,3.8,57,A
366727190,2022-01-03T11:05:32,40.53594,-74.25420,0.0,184.7,242.0,JILL REINAUER,IMO7042813,WCW9655,31,0,30,8,3.8,57,A
366727190,2022-01-03T11:23:13,40.53582,-74.25429,0.0,250.3,321.0,JILL REINAUER,IMO7042813,WCW9655,31,0,30,8,3.8,57,A
366727190,2022-01-03T11:29:11,40.53578,-74.25430,0.0,210.6,325.0,JILL REINAUER,IMO7042813,WCW9655,31,0,30,8,3.8,57,A
366727190,2022-01-03T11:36:11,40.53577,-74.25432,0.0,248.9,329.0,JILL REINAUER,IMO7042813,WCW9655,31,0,30,8,3.8,57,A
366727190,2022-01-03T11:38:31,40.53580,-74.25429,0.1,220.2,331.0,JILL REINAUER,IMO7042813,WCW9655,31,0,30,8,3.8,57,A
366727190,2022-01-03T11:44:31,40.53578,-74.25430,0.0,249.3,330.0,JILL REINAUER,IMO7042813,WCW9655,31,0,30,8,3.8,57,A
366727190,2022-01-03T11:56:31,40.53584,-74.25430,0.0,202.5,328.0,JILL REINAUER,IMO7042813,WCW9655,31,0,30,8,3.8,57,A
366727190,2022-01-03T12:25:01,40.56274,-74.21381,7.4,22.8,25.0,JILL REINAUER,IMO7042813,WCW9655,31,0,30,8,3.8,57,A
366727190,2022-01-03T12:37:21,40.59143,-74.20610,0.7,8.6,320.0,JILL REINAUER,IMO7042813,WCW9655,31,0,30,8,3.8,57,A
366727190,2022-01-03T12:54:03,40.59091,-74.20693,0.0,1.5,241.0,JILL REINAUER,IMO7042813,WCW9655,31,0,30,8,3.8,57,A
366727190,2022-01-03T13:01:12,40.59094,-74.20692,0.0,292.7,238.0,JILL REINAUER,IMO7042813,WCW9655,31,0,30,8,3.8,57,A
366727190,2022-01-03T13:08:12,40.59093,-74.20687,0.0,155.6,241.0,JILL REINAUER,IMO7042813,WCW9655,31,0,30,8,3.8,57,A
366727190,2022-01-03T13:16:32,40.59092,-74.20691,0.0,284.7,248.0,JILL REINAUER,IMO7042813,WCW9655,31,0,30,8,3.8,57,A
366727190,2022-01-03T13:24:51,40.59092,-74.20692,0.0,124.3,250.0,JILL REINAUER,IMO7042813,WCW9655,31,0,30,8,3.8,57,A
366727190,2022-01-03T13:28:06,40.59098,-74.20677,1.1,61.9,248.0,JILL REINAUER,IMO7042813,WCW9655,31,0,30,8,3.8,57,A
366727190,2022-01-03T13:31:21,40.59137,-74.20647,0.2,29.8,298.0,JILL REINAUER,IMO7042813,WCW9655,31,0,30,8,3.8,57,A
366727190,2022-01-03T13:40:22,40.59147,-74.20643,0.0,261.3,243.0,JILL REINAUER,IMO7042813,WCW9655,31,0,30,8,3.8,57,A
366727190,2022-01-03T13:41:32,40.59147,-74.20645,0.0,295.8,247.0,JILL REINAUER,IMO7042813,WCW9655,31,0,30,8,3.8,57,A
366727190,2022-01-03T13:52:42,40.59147,-74.20643,0.0,229.6,254.0,JILL REINAUER,IMO7042813,WCW9655,31,0,30,8,3.8,57,A
366727190,2022-01-03T13:54:53,40.59143,-74.20644,0.0,63.3,257.0,JILL REINAUER,IMO7042813,WCW9655,31,0,30,8,3.8,57,A
366727190,2022-01-03T14:16:12,40.59137,-74.20642,0.1,142.8,301.0,JILL REINAUER,IMO7042813,WCW9655,31,0,30,8,3.8,57,A
366727190,2022-01-03T14:48:08,40.55662,-74.23756,6.4,247.7,263.0,JILL REINAUER,IMO7042813,WCW9655,31,0,30,8,3.8,57,A
366727190,2022-01-03T14:56:12,40.55721,-74.24217,0.0,207.7,44.0,JILL REINAUER,IMO7042813,WCW9655,31,0,30,8,3.8,57,A
366727190,2022-01-03T14:57:32,40.55721,-74.24217,0.0,245.7,42.0,JILL REINAUER,IMO7042813,WCW9655,31,0,30,8,3.8,57,A
366727190,2022-01-03T15:15:02,40.55719,-74.24221,0.0,82.1,46.0,JILL REINAUER,IMO7042813,WCW9655,31,0,30,8,3.8,57,A
366727190,2022-01-03T15:24:02,40.55719,-74.24220,0.0,231.7,46.0,JILL REINAUER,IMO7042813,WCW9655,31,0,30,8,3.8,57,A
366727190,2022-01-03T15:27:22,40.55723,-74.24214,0.0,210.0,46.0,JILL REINAUER,IMO7042813,WCW9655,31,0,30,8,3.8,57,A
366727190,2022-01-03T15:36:52,40.55718,-74.24219,0.0,197.6,47.0,JILL REINAUER,IMO7042813,WCW9655,31,0,30,8,3.8,57,A
366727190,2022-01-03T15:49:31,40.55722,-74.24218,0.0,137.3,47.0,JILL REINAUER,IMO7042813,WCW9655,31,0,30,8,3.8,57,A
366727190,2022-01-03T15:56:31,40.55722,-74.24217,0.0,346.7,47.0,JILL REINAUER,IMO7042813,WCW9655,31,0,30,8,3.8,57,A
366727190,2022-01-03T16:24:03,40.55721,-74.24214,0.0,342.2,45.0,JILL REINAUER,IMO7042813,WCW9655,31,0,30,8,3.8,57,A
366727190,2022-01-03T16:41:31,40.55722,-74.24215,0.0,153.3,45.0,JILL REINAUER,IMO7042813,WCW9655,31,0,30,8,3.8,57,A
366727190,2022-01-03T16:43:51,40.55724,-74.24219,0.0,60.8,46.0,JILL REINAUER,IMO7042813,WCW9655,31,0,30,8,3.8,57,A
366727190,2022-01-03T17:23:44,40.55674,-74.23772,0.7,290.2,348.0,JILL REINAUER,IMO7042813,WCW9655,31,0,30,8,3.8,57,A
366727190,2022-01-03T17:35:36,40.55706,-74.24017,0.2,91.8,355.0,JILL REINAUER,IMO7042813,WCW9655,31,0,30,8,3.8,57,A
366727190,2022-01-03T17:55:12,40.55711,-74.24008,0.0,275.6,335.0,JILL REINAUER,IMO7042813,WCW9655,31,0,30,8,3.8,57,A
366727190,2022-01-03T17:58:33,40.55709,-74.24010,0.0,196.7,334.0,JILL REINAUER,IMO7042813,WCW9655,31,0,30,8,3.8,57,A
366727190,2022-01-03T18:02:33,40.55710,-74.24009,0.0,232.6,331.0,JILL REINAUER,IMO7042813,WCW9655,31,0,30,8,3.8,57,A
366727190,2022-01-03T18:09:41,40.55727,-74.23972,0.1,72.3,334.0,JILL REINAUER,IMO7042813,WCW9655,31,0,30,8,3.8,57,A
366727190,2022-01-03T18:18:41,40.55725,-74.23969,0.0,286.8,336.0,JILL REINAUER,IMO7042813,WCW9655,31,0,30,8,3.8,57,A
366727190,2022-01-03T18:19:49,40.55709,-74.23989,1.2,218.3,334.0,JILL REINAUER,IMO7042813,WCW9655,31,0,30,8,3.8,57,A
366727190,2022-01-03T18:21:58,40.55650,-74.24062,1.4,230.1,292.0,JILL REINAUER,IMO7042813,WCW9655,31,0,30,8,3.8,57,A
366727190,2022-01-03T18:24:13,40.55515,-74.24311,9.0,234.3,233.0,JILL REINAUER,IMO7042813,WCW9655,31,0,30,8,3.8,57,A
366727190,2022-01-03T18:33:53,40.53138,-74.24997,11.4,167.4,168.0,JILL REINAUER,IMO7042813,WCW9655,31,0,30,8,3.8,57,A
366727190,2022-01-03T18:36:06,40.52442,-74.24825,11.8,175.1,179.0,JILL REINAUER,IMO7042813,WCW9655,31,0,30,8,3.8,57,A
366727190,2022-01-03T18:38:15,40.51922,-74.24871,5.3,201.8,203.0,JILL REINAUER,IMO7042813,WCW9655,31,0,30,8,3.8,57,A
366727190,2022-01-03T18:40:25,40.51789,-74.24966,1.4,193.3,53.0,JILL REINAUER,IMO7042813,WCW9655,31,0,30,8,3.8,57,A
366727190,2022-01-03T18:42:28,40.51792,-74.24967,0.7,351.0,28.0,JILL REINAUER,IMO7042813,WCW9655,31,0,30,8,3.8,57,A
366727190,2022-01-03T18:59:12,40.52162,-74.24968,0.2,204.1,289.0,JILL REINAUER,IMO7042813,WCW9655,31,0,30,8,3.8,57,A
366727190,2022-01-03T19:07:23,40.52156,-74.24970,0.0,77.4,293.0,JILL REINAUER,IMO7042813,WCW9655,31,0,30,8,3.8,57,A
366727190,2022-01-03T19:50:52,40.53609,-74.25425,0.0,215.3,293.0,JILL REINAUER,IMO7042813,WCW9655,31,0,30,8,3.8,57,A
366727190,2022-01-03T20:00:01,40.53476,-74.25225,0.1,137.4,262.0,JILL REINAUER,IMO7042813,WCW9655,31,0,30,8,3.8,57,A
366727190,2022-01-03T20:01:12,40.53475,-74.25227,0.0,290.6,260.0,JILL REINAUER,IMO7042813,WCW9655,31,0,30,8,3.8,57,A
366727190,2022-01-03T20:03:32,40.53477,-74.25231,0.0,75.6,258.0,JILL REINAUER,IMO7042813,WCW9655,31,0,30,8,3.8,57,A
366727190,2022-01-03T20:58:53,40.55745,-74.23237,5.5,79.1,78.0,JILL REINAUER,IMO7042813,WCW9655,31,0,30,8,3.8,57,A
366727190,2022-01-03T21:16:32,40.57061,-74.21127,3.9,10.3,10.0,JILL REINAUER,IMO7042813,WCW9655,31,0,30,8,3.8,57,A
366727190,2022-01-03T21:48:01,40.62451,-74.20257,7.2,6.3,6.0,JILL REINAUER,IMO7042813,WCW9655,31,0,30,8,3.8,57,A
366727190,2022-01-03T21:50:13,40.62877,-74.20192,6.8,8.2,9.0,JILL REINAUER,IMO7042813,WCW9655,31,0,30,8,3.8,57,A
366727190,2022-01-03T22:16:05,40.64171,-74.14523,5.6,95.2,86.0,JILL REINAUER,IMO7042813,WCW9655,31,0,30,8,3.8,57,A
366727190,2022-01-03T22:22:53,40.64263,-74.13155,5.6,89.6,86.0,JILL REINAUER,IMO7042813,WCW9655,31,0,30,8,3.8,57,A
366727190,2022-01-03T22:25:01,40.64273,-74.12687,6.2,84.0,80.0,JILL REINAUER,IMO7042813,WCW9655,31,0,30,8,3.8,57,A
366727190,2022-01-03T22:26:13,40.64303,-74.12421,6.1,79.0,73.0,JILL REINAUER,IMO7042813,WCW9655,31,0,30,8,3.8,57,A
366727190,2022-01-03T22:34:12,40.64686,-74.10739,6.0,87.1,86.0,JILL REINAUER,IMO7042813,WCW9655,31,0,30,8,3.8,57,A
366727190,2022-01-03T22:45:26,40.65057,-74.08371,6.2,75.9,75.0,JILL REINAUER,IMO7042813,WCW9655,31,0,30,8,3.8,57,A
366727190,2022-01-03T22:48:31,40.65131,-74.07863,3.5,94.3,89.0,JILL REINAUER,IMO7042813,WCW9655,31,0,30,8,3.8,57,A
366727190,2022-01-03T22:55:46,40.65128,-74.08007,10.6,276.0,272.0,JILL REINAUER,IMO7042813,WCW9655,31,0,30,8,3.8,57,A
366727190,2022-01-03T22:57:51,40.64996,-74.08822,11.5,250.2,254.0,JILL REINAUER,IMO7042813,WCW9655,31,0,30,8,3.8,57,A
366727190,2022-01-03T23:01:03,40.64763,-74.09851,8.7,280.5,290.0,JILL REINAUER,IMO7042813,WCW9655,31,0,30,8,3.8,57,A
366727190,2022-01-03T23:07:15,40.64391,-74.12140,10.1,252.9,254.0,JILL REINAUER,IMO7042813,WCW9655,31,0,30,8,3.8,57,A
366727190,2022-01-03T23:18:31,40.64104,-74.12902,0.0,263.1,177.0,JILL REINAUER,IMO7042813,WCW9655,31,0,30,8,3.8,57,A
366727190,2022-01-03T23:25:21,40.64101,-74.12902,0.0,245.3,176.0,JILL REINAUER,IMO7042813,WCW9655,31,0,30,8,3.8,57,A
366727190,2022-01-03T23:39:33,40.64106,-74.12900,0.1,239.7,178.0,JILL REINAUER,IMO7042813,WCW9655,31,0,30,8,3.8,57,A
366727190,2022-01-04T13:12:01,40.55741,-74.24147,0.0,103.3,265.0,JILL REINAUER,IMO7042813,WCW9655,31,0,30,8,3.8,57,A
366727190,2022-01-04T13:16:42,40.55748,-74.24152,0.0,288.7,267.0,JILL REINAUER,IMO7042813,WCW9655,31,0,30,8,3.8,57,A
366727190,2022-01-04T13:18:54,40.55736,-74.24152,1.2,214.7,227.0,JILL REINAUER,IMO7042813,WCW9655,31,0,30,8,3.8,57,A
366727190,2022-01-04T13:07:22,40.55746,-74.24153,0.0,34.3,265.0,JILL REINAUER,IMO7042813,WCW9655,31,0,30,8,3.8,57,A
366727190,2022-01-04T13:30:58,40.53847,-74.25110,8.7,171.2,174.0,JILL REINAUER,IMO7042813,WCW9655,31,0,30,8,3.8,57,A
366727190,2022-01-04T13:08:32,40.55747,-74.24152,0.0,307.3,265.0,JILL REINAUER,IMO7042813,WCW9655,31,0,30,8,3.8,57,A
366727190,2022-01-04T13:36:37,40.52510,-74.24882,7.4,177.5,179.0,JILL REINAUER,IMO7042813,WCW9655,31,0,30,8,3.8,57,A
366727190,2022-01-04T13:38:39,40.52197,-74.24948,3.8,209.6,212.0,JILL REINAUER,IMO7042813,WCW9655,31,0,30,8,3.8,57,A
366727190,2022-01-04T13:17:53,40.55747,-74.24152,0.0,174.3,275.0,JILL REINAUER,IMO7042813,WCW9655,31,0,30,8,3.8,57,A
366727190,2022-01-04T13:42:56,40.52172,-74.24972,0.1,300.0,226.0,JILL REINAUER,IMO7042813,WCW9655,31,0,30,8,3.8,57,A
366727190,2022-01-04T13:27:38,40.54624,-74.25186,7.7,184.5,185.0,JILL REINAUER,IMO7042813,WCW9655,31,0,30,8,3.8,57,A
366727190,2022-01-04T13:15:31,40.55745,-74.24150,0.0,150.0,266.0,JILL REINAUER,IMO7042813,WCW9655,31,0,30,8,3.8,57,A
366727190,2022-01-04T13:51:11,40.52172,-74.24974,0.0,225.4,224.0,JILL REINAUER,IMO7042813,WCW9655,31,0,30,8,3.8,57,A
366727190,2022-01-04T13:53:43,40.52170,-74.24970,0.0,330.5,225.0,JILL REINAUER,IMO7042813,WCW9655,31,0,30,8,3.8,57,A
366727190,2022-01-04T13:32:03,40.53585,-74.25073,8.8,173.4,174.0,JILL REINAUER,IMO7042813,WCW9655,31,0,30,8,3.8,57,A
366727190,2022-01-04T14:01:12,40.52171,-74.24972,0.0,208.2,224.0,JILL REINAUER,IMO7042813,WCW9655,31,0,30,8,3.8,57,A
366727190,2022-01-04T13:10:53,40.55742,-74.24152,0.0,178.4,265.0,JILL REINAUER,IMO7042813,WCW9655,31,0,30,8,3.8,57,A
366727190,2022-01-04T14:02:23,40.52171,-74.24973,0.1,175.1,223.0,JILL REINAUER,IMO7042813,WCW9655,31,0,30,8,3.8,57,A
366727190,2022-01-04T14:03:33,40.52167,-74.24966,0.0,170.2,224.0,JILL REINAUER,IMO7042813,WCW9655,31,0,30,8,3.8,57,A
366727190,2022-01-04T13:29:51,40.54107,-74.25154,8.5,174.9,179.0,JILL REINAUER,IMO7042813,WCW9655,31,0,30,8,3.8,57,A
366727190,2022-01-04T14:07:13,40.52169,-74.24971,0.0,133.1,224.0,JILL REINAUER,IMO7042813,WCW9655,31,0,30,8,3.8,57,A
366727190,2022-01-04T14:09:33,40.52169,-74.24972,0.0,168.6,225.0,JILL REINAUER,IMO7042813,WCW9655,31,0,30,8,3.8,57,A
366727190,2022-01-04T13:33:21,40.53268,-74.25004,8.8,173.5,174.0,JILL REINAUER,IMO7042813,WCW9655,31,0,30,8,3.8,57,A
366727190,2022-01-04T13:46:32,40.52172,-74.24972,0.0,277.7,224.0,JILL REINAUER,IMO7042813,WCW9655,31,0,30,8,3.8,57,A
366727190,2022-01-04T14:12:13,40.52171,-74.24972,0.0,283.5,224.0,JILL REINAUER,IMO7042813,WCW9655,31,0,30,8,3.8,57,A
366727190,2022-01-04T13:34:33,40.52986,-74.24941,8.5,170.5,169.0,JILL REINAUER,IMO7042813,WCW9655,31,0,30,8,3.8,57,A
366727190,2022-01-04T13:21:21,40.55547,-74.24349,4.4,217.3,223.0,JILL REINAUER,IMO7042813,WCW9655,31,0,30,8,3.8,57,A
366727190,2022-01-04T13:26:36,40.54838,-74.25112,7.7,205.9,203.0,JILL REINAUER,IMO7042813,WCW9655,31,0,30,8,3.8,57,A
366727190,2022-01-04T14:20:09,40.52167,-74.24966,0.1,196.7,276.0,JILL REINAUER,IMO7042813,WCW9655,31,0,30,8,3.8,57,A
366727190,2022-01-04T13:44:03,40.52172,-74.24971,0.0,359.4,227.0,JILL REINAUER,IMO7042813,WCW9655,31,0,30,8,3.8,57,A
366727190,2022-01-04T14:21:12,40.52164,-74.24967,0.1,210.3,293.0,JILL REINAUER,IMO7042813,WCW9655,31,0,30,8,3.8,57,A
366727190,2022-01-04T14:23:32,40.52164,-74.24970,0.1,217.2,288.0,JILL REINAUER,IMO7042813,WCW9655,31,0,30,8,3.8,57,A
366727190,2022-01-04T14:24:42,40.52163,-74.24971,0.0,151.9,289.0,JILL REINAUER,IMO7042813,WCW9655,31,0,30,8,3.8,57,A
366727190,2022-01-04T14:27:12,40.52164,-74.24971,0.0,348.7,289.0,JILL REINAUER,IMO7042813,WCW9655,31,0,30,8,3.8,57,A
366727190,2022-01-04T13:58:33,40.52168,-74.24969,0.0,109.6,224.0,JILL REINAUER,IMO7042813,WCW9655,31,0,30,8,3.8,57,A
366727190,2022-01-04T14:30:25,40.52171,-74.24940,0.9,41.3,313.0,JILL REINAUER,IMO7042813,WCW9655,31,0,30,8,3.8,57,A
366727190,2022-01-04T14:32:28,40.52378,-74.24811,10.1,5.3,355.0,JILL REINAUER,IMO7042813,WCW9655,31,0,30,8,3.8,57,A
366727190,2022-01-04T13:52:32,40.52173,-74.24972,0.0,315.9,225.0,JILL REINAUER,IMO7042813,WCW9655,31,0,30,8,3.8,57,A
366727190,2022-01-04T14:06:02,40.52169,-74.24970,0.0,250.6,224.0,JILL REINAUER,IMO7042813,WCW9655,31,0,30,8,3.8,57,A
366727190,2022-01-04T13:35:34,40.52748,-74.24890,8.4,178.6,180.0,JILL REINAUER,IMO7042813,WCW9655,31,0,30,8,3.8,57,A
366727190,2022-01-04T14:34:36,40.53007,-74.24931,10.9,350.3,354.0,JILL REINAUER,IMO7042813,WCW9655,31,0,30,8,3.8,57,A
366727190,2022-01-04T13:40:52,40.52165,-74.24970,0.0,118.2,296.0,JILL REINAUER,IMO7042813,WCW9655,31,0,30,8,3.8,57,A
366727190,2022-01-04T14:13:21,40.52172,-74.24974,0.0,333.1,223.0,JILL REINAUER,IMO7042813,WCW9655,31,0,30,8,3.8,57,A
366727190,2022-01-04T13:41:55,40.52168,-74.24970,0.2,347.8,257.0,JILL REINAUER,IMO7042813,WCW9655,31,0,30,8,3.8,57,A
366727190,2022-01-04T14:42:05,40.55152,-74.24826,10.6,39.3,42.0,JILL REINAUER,IMO7042813,WCW9655,31,0,30,8,3.8,57,A
366727190,2022-01-04T14:44:09,40.55571,-74.24345,7.4,42.7,43.0,JILL REINAUER,IMO7042813,WCW9655,31,0,30,8,3.8,57,A
366727190,2022-01-04T13:50:02,40.52173,-74.24975,0.0,50.0,224.0,JILL REINAUER,IMO7042813,WCW9655,31,0,30,8,3.8,57,A
366727190,2022-01-04T14:16:53,40.52172,-74.24972,0.0,354.6,223.0,JILL REINAUER,IMO7042813,WCW9655,31,0,30,8,3.8,57,A
366727190,2022-01-04T14:18:02,40.52170,-74.24971,0.0,242.2,224.0,JILL REINAUER,IMO7042813,WCW9655,31,0,30,8,3.8,57,A
366727190,2022-01-04T14:55:22,40.55736,-74.24161,0.1,213.2,267.0,JILL REINAUER,IMO7042813,WCW9655,31,0,30,8,3.8,57,A
366727190,2022-01-04T14:33:32,40.52695,-74.24836,10.9,354.1,352.0,JILL REINAUER,IMO7042813,WCW9655,31,0,30,8,3.8,57,A
366727190,2022-01-04T14:00:01,40.52169,-74.24971,0.0,266.4,224.0,JILL REINAUER,IMO7042813,WCW9655,31,0,30,8,3.8,57,A
366727190,2022-01-04T13:23:26,40.55342,-74.24628,6.9,229.1,231.0,JILL REINAUER,IMO7042813,WCW9655,31,0,30,8,3.8,57,A
366727190,2022-01-04T14:31:26,40.52202,-74.24924,2.2,34.1,41.0,JILL REINAUER,IMO7042813,WCW9655,31,0,30,8,3.8,57,A
366727190,2022-01-04T14:04:43,40.52169,-74.24971,0.0,275.8,224.0,JILL REINAUER,IMO7042813,WCW9655,31,0,30,8,3.8,57,A
366727190,2022-01-04T13:24:29,40.55199,-74.24810,7.1,215.2,214.0,JILL REINAUER,IMO7042813,WCW9655,31,0,30,8,3.8,57,A
366727190,2022-01-04T15:02:32,40.55735,-74.24167,0.0,331.1,282.0,JILL REINAUER,IMO7042813,WCW9655,31,0,30,8,3.8,57,A
366727190,2022-01-04T14:26:02,40.52164,-74.24971,0.0,292.2,288.0,JILL REINAUER,IMO7042813,WCW9655,31,0,30,8,3.8,57,A
366727190,2022-01-04T15:03:42,40.55734,-74.24170,0.0,218.7,283.0,JILL REINAUER,IMO7042813,WCW9655,31,0,30,8,3.8,57,A
366727190,2022-01-04T15:06:12,40.55733,-74.24170,0.0,234.0,283.0,JILL REINAUER,IMO7042813,WCW9655,31,0,30,8,3.8,57,A
366727190,2022-01-04T15:07:22,40.55733,-74.24172,0.0,270.9,283.0,JILL REINAUER,IMO7042813,WCW9655,31,0,30,8,3.8,57,A
366727190,2022-01-04T13:28:41,40.54383,-74.25180,8.5,176.5,180.0,JILL REINAUER,IMO7042813,WCW9655,31,0,30,8,3.8,57,A
366727190,2022-01-04T15:09:41,40.55732,-74.24174,0.0,278.8,290.0,JILL REINAUER,IMO7042813,WCW9655,31,0,30,8,3.8,57,A
366727190,2022-01-04T14:45:13,40.55689,-74.24204,3.9,33.1,21.0,JILL REINAUER,IMO7042813,WCW9655,31,0,30,8,3.8,57,A
366727190,2022-01-04T15:13:11,40.55730,-74.24178,0.0,263.1,305.0,JILL REINAUER,IMO7042813,WCW9655,31,0,30,8,3.8,57,A
366727190,2022-01-04T14:46:19,40.55726,-74.24177,0.4,15.7,312.0,JILL REINAUER,IMO7042813,WCW9655,31,0,30,8,3.8,57,A
366727190,2022-01-04T14:50:41,40.55737,-74.24170,0.0,304.8,268.0,JILL REINAUER,IMO7042813,WCW9655,31,0,30,8,3.8,57,A
366727190,2022-01-04T14:47:23,40.55731,-74.24171,0.1,28.1,277.0,JILL REINAUER,IMO7042813,WCW9655,31,0,30,8,3.8,57,A
366727190,2022-01-04T14:51:52,40.55737,-74.24171,0.0,320.2,265.0,JILL REINAUER,IMO7042813,WCW9655,31,0,30,8,3.8,57,A
366727190,2022-01-04T15:18:55,40.55727,-74.24187,0.1,243.9,354.0,JILL REINAUER,IMO7042813,WCW9655,31,0,30,8,3.8,57,A
366727190,2022-01-04T14:48:25,40.55734,-74.24171,0.0,91.5,263.0,JILL REINAUER,IMO7042813,WCW9655,31,0,30,8,3.8,57,A
366727190,2022-01-04T15:22:12,40.55727,-74.24196,0.1,313.6,24.0,JILL REINAUER,IMO7042813,WCW9655,31,0,30,8,3.8,57,A
366727190,2022-01-04T14:57:42,40.55734,-74.24167,0.0,267.2,274.0,JILL REINAUER,IMO7042813,WCW9655,31,0,30,8,3.8,57,A
366727190,2022-01-04T14:28:19,40.52161,-74.24964,0.2,85.7,282.0,JILL REINAUER,IMO7042813,WCW9655,31,0,30,8,3.8,57,A
366727190,2022-01-04T13:45:12,40.52171,-74.24971,0.0,183.0,227.0,JILL REINAUER,IMO7042813,WCW9655,31,0,30,8,3.8,57,A
366727190,2022-01-04T15:25:52,40.55726,-74.24197,0.0,260.7,34.0,JILL REINAUER,IMO7042813,WCW9655,31,0,30,8,3.8,57,A
366727190,2022-01-04T14:58:52,40.55736,-74.24170,0.1,299.0,280.0,JILL REINAUER,IMO7042813,WCW9655,31,0,30,8,3.8,57,A
366727190,2022-01-04T14:29:22,40.52164,-74.24956,0.2,81.6,277.0,JILL REINAUER,IMO7042813,WCW9655,31,0,30,8,3.8,57,A
366727190,2022-01-04T15:27:03,40.55730,-74.24196,0.0,56.5,35.0,JILL REINAUER,IMO7042813,WCW9655,31,0,30,8,3.8,57,A
366727190,2022-01-04T13:47:43,40.52171,-74.24975,0.0,309.9,223.0,JILL REINAUER,IMO7042813,WCW9655,31,0,30,8,3.8,57,A
366727190,2022-01-04T14:53:01,40.55736,-74.24168,0.0,42.3,267.0,JILL REINAUER,IMO7042813,WCW9655,31,0,30,8,3.8,57,A
366727190,2022-01-04T13:48:51,40.52171,-74.24974,0.0,248.1,224.0,JILL REINAUER,IMO7042813,WCW9655,31,0,30,8,3.8,57,A
366727190,2022-01-04T15:31:52,40.55723,-74.24199,0.0,341.0,45.0,JILL REINAUER,IMO7042813,WCW9655,31,0,30,8,3.8,57,A
366727190,2022-01-04T15:33:03,40.55727,-74.24196,0.0,356.0,45.0,JILL REINAUER,IMO7042813,WCW9655,31,0,30,8,3.8,57,A
366727190,2022-01-04T15:01:12,40.55733,-74.24169,0.0,295.2,282.0,JILL REINAUER,IMO7042813,WCW9655,31,0,30,8,3.8,57,A
366727190,2022-01-04T14:36:51,40.53663,-74.25073,10.7,349.4,352.0,JILL REINAUER,IMO7042813,WCW9655,31,0,30,8,3.8,57,A
366727190,2022-01-04T14:37:52,40.53967,-74.25121,10.6,354.1,355.0,JILL REINAUER,IMO7042813,WCW9655,31,0,30,8,3.8,57,A
366727190,2022-01-04T14:38:55,40.54273,-74.25168,10.8,358.2,2.0,JILL REINAUER,IMO7042813,WCW9655,31,0,30,8,3.8,57,A
366727190,2022-01-04T15:40:12,40.55728,-74.24196,0.0,312.3,45.0,JILL REINAUER,IMO7042813,WCW9655,31,0,30,8,3.8,57,A
366727190,2022-01-04T14:43:08,40.55369,-74.24540,10.5,41.7,36.0,JILL REINAUER,IMO7042813,WCW9655,31,0,30,8,3.8,57,A
366727190,2022-01-04T13:54:52,40.52170,-74.24968,0.0,298.2,225.0,JILL REINAUER,IMO7042813,WCW9655,31,0,30,8,3.8,57,A
366727190,2022-01-04T13:56:01,40.52171,-74.24969,0.0,322.1,224.0,JILL REINAUER,IMO7042813,WCW9655,31,0,30,8,3.8,57,A
366727190,2022-01-04T15:14:23,40.55731,-74.24178,0.1,233.7,314.0,JILL REINAUER,IMO7042813,WCW9655,31,0,30,8,3.8,57,A
366727190,2022-01-04T13:57:22,40.52172,-74.24970,0.0,318.1,224.0,JILL REINAUER,IMO7042813,WCW9655,31,0,30,8,3.8,57,A
366727190,2022-01-04T15:47:02,40.55729,-74.24196,0.0,214.7,47.0,JILL REINAUER,IMO7042813,WCW9655,31,0,30,8,3.8,57,A
366727190,2022-01-04T15:15:31,40.55730,-74.24179,0.1,225.6,322.0,JILL REINAUER,IMO7042813,WCW9655,31,0,30,8,3.8,57,A
366727190,2022-01-04T14:54:12,40.55736,-74.24165,0.0,309.1,271.0,JILL REINAUER,IMO7042813,WCW9655,31,0,30,8,3.8,57,A
366727190,2022-01-04T15:19:59,40.55727,-74.24189,0.1,267.3,6.0,JILL REINAUER,IMO7042813,WCW9655,31,0,30,8,3.8,57,A
366727190,2022-01-04T15:51:31,40.55728,-74.24194,0.0,153.6,47.0,JILL REINAUER,IMO7042813,WCW9655,31,0,30,8,3.8,57,A
366727190,2022-01-04T15:21:03,40.55727,-74.24193,0.0,305.9,16.0,JILL REINAUER,IMO7042813,WCW9655,31,0,30,8,3.8,57,A
366727190,2022-01-04T14:56:31,40.55736,-74.24165,0.0,224.2,268.0,JILL REINAUER,IMO7042813,WCW9655,31,0,30,8,3.8,57,A
366727190,2022-01-04T14:14:43,40.52172,-74.24972,0.0,34.9,224.0,JILL REINAUER,IMO7042813,WCW9655,31,0,30,8,3.8,57,A
366727190,2022-01-04T15:30:42,40.55724,-74.24200,0.0,280.3,44.0,JILL REINAUER,IMO7042813,WCW9655,31,0,30,8,3.8,57,A
366727190,2022-01-04T14:15:52,40.52171,-74.24972,0.0,253.9,224.0,JILL REINAUER,IMO7042813,WCW9655,31,0,30,8,3.8,57,A
366727190,2022-01-04T14:19:05,40.52171,-74.24968,0.2,155.9,239.0,JILL REINAUER,IMO7042813,WCW9655,31,0,30,8,3.8,57,A
366727190,2022-01-04T15:58:32,40.55732,-74.24197,0.0,342.8,47.0,JILL REINAUER,IMO7042813,WCW9655,31,0,30,8,3.8,57,A
366727190,2022-01-04T15:28:22,40.55731,-74.24197,0.0,15.8,38.0,JILL REINAUER,IMO7042813,WCW9655,31,0,30,8,3.8,57,A
366727190,2022-01-04T16:03:22,40.55733,-74.24195,0.0,339.4,48.0,JILL REINAUER,IMO7042813,WCW9655,31,0,30,8,3.8,57,A
366727190,2022-01-04T15:29:32,40.55728,-74.24197,0.0,338.1,43.0,JILL REINAUER,IMO7042813,WCW9655,31,0,30,8,3.8,57,A
366727190,2022-01-04T16:11:01,40.55732,-74.24197,0.0,246.7,48.0,JILL REINAUER,IMO7042813,WCW9655,31,0,30,8,3.8,57,A
366727190,2022-01-04T15:39:02,40.55725,-74.24196,0.0,280.1,45.0,JILL REINAUER,IMO7042813,WCW9655,31,0,30,8,3.8,57,A
366727190,2022-01-04T16:06:11,40.55732,-74.24196,0.0,212.8,48.0,JILL REINAUER,IMO7042813,WCW9655,31,0,30,8,3.8,57,A
366727190,2022-01-04T16:15:42,40.55727,-74.24195,0.0,115.6,48.0,JILL REINAUER,IMO7042813,WCW9655,31,0,30,8,3.8,57,A
366727190,2022-01-04T15:08:32,40.55734,-74.24174,0.0,217.2,285.0,JILL REINAUER,IMO7042813,WCW9655,31,0,30,8,3.8,57,A
366727190,2022-01-04T15:10:52,40.55732,-74.24173,0.0,133.3,296.0,JILL REINAUER,IMO7042813,WCW9655,31,0,30,8,3.8,57,A
366727190,2022-01-04T15:43:42,40.55728,-74.24195,0.0,287.4,46.0,JILL REINAUER,IMO7042813,WCW9655,31,0,30,8,3.8,57,A
366727190,2022-01-04T15:11:53,40.55730,-74.24177,0.0,188.1,300.0,JILL REINAUER,IMO7042813,WCW9655,31,0,30,8,3.8,57,A
366727190,2022-01-04T15:42:32,40.55730,-74.24195,0.0,278.5,47.0,JILL REINAUER,IMO7042813,WCW9655,31,0,30,8,3.8,57,A
366727190,2022-01-04T15:45:53,40.55732,-74.24195,0.0,178.3,46.0,JILL REINAUER,IMO7042813,WCW9655,31,0,30,8,3.8,57,A
366727190,2022-01-04T15:44:52,40.55731,-74.24195,0.0,5.8,46.0,JILL REINAUER,IMO7042813,WCW9655,31,0,30,8,3.8,57,A
366727190,2022-01-04T15:50:22,40.55731,-74.24196,0.0,261.9,46.0,JILL REINAUER,IMO7042813,WCW9655,31,0,30,8,3.8,57,A
366727190,2022-01-04T14:35:41,40.53331,-74.24987,10.6,351.4,353.0,JILL REINAUER,IMO7042813,WCW9655,31,0,30,8,3.8,57,A
366727190,2022-01-04T16:28:43,40.55731,-74.24197,0.0,109.8,48.0,JILL REINAUER,IMO7042813,WCW9655,31,0,30,8,3.8,57,A
366727190,2022-01-04T15:57:22,40.55730,-74.24195,0.0,343.9,47.0,JILL REINAUER,IMO7042813,WCW9655,31,0,30,8,3.8,57,A
366727190,2022-01-04T15:56:13,40.55731,-74.24196,0.0,303.8,47.0,JILL REINAUER,IMO7042813,WCW9655,31,0,30,8,3.8,57,A
366727190,2022-01-04T14:40:58,40.54875,-74.25068,10.7,28.2,34.0,JILL REINAUER,IMO7042813,WCW9655,31,0,30,8,3.8,57,A
366727190,2022-01-04T16:07:22,40.55732,-74.24195,0.0,237.6,48.0,JILL REINAUER,IMO7042813,WCW9655,31,0,30,8,3.8,57,A
366727190,2022-01-04T16:37:02,40.55732,-74.24197,0.0,196.4,48.0,JILL REINAUER,IMO7042813,WCW9655,31,0,30,8,3.8,57,A
366727190,2022-01-04T16:08:32,40.55733,-74.24197,0.0,106.6,48.0,JILL REINAUER,IMO7042813,WCW9655,31,0,30,8,3.8,57,A
366727190,2022-01-04T16:04:32,40.55733,-74.24198,0.0,333.4,48.0,JILL REINAUER,IMO7042813,WCW9655,31,0,30,8,3.8,57,A
366727190,2022-01-04T15:36:32,40.55725,-74.24196,0.0,252.1,45.0,JILL REINAUER,IMO7042813,WCW9655,31,0,30,8,3.8,57,A
366727190,2022-01-04T16:31:02,40.55730,-74.24192,0.0,78.2,48.0,JILL REINAUER,IMO7042813,WCW9655,31,0,30,8,3.8,57,A
366727190,2022-01-04T15:37:53,40.55726,-74.24196,0.0,251.2,45.0,JILL REINAUER,IMO7042813,WCW9655,31,0,30,8,3.8,57,A
366727190,2022-01-04T16:12:13,40.55729,-74.24198,0.0,59.8,48.0,JILL REINAUER,IMO7042813,WCW9655,31,0,30,8,3.8,57,A
366727190,2022-01-04T16:09:42,40.55734,-74.24197,0.0,145.5,48.0,JILL REINAUER,IMO7042813,WCW9655,31,0,30,8,3.8,57,A
366727190,2022-01-04T16:46:12,40.55730,-74.24202,0.0,189.5,46.0,JILL REINAUER,IMO7042813,WCW9655,31,0,30,8,3.8,57,A
366727190,2022-01-04T16:13:23,40.55728,-74.24199,0.0,98.2,48.0,JILL REINAUER,IMO7042813,WCW9655,31,0,30,8,3.8,57,A
366727190,2022-01-04T16:19:13,40.55729,-74.24197,0.0,214.5,48.0,JILL REINAUER,IMO7042813,WCW9655,31,0,30,8,3.8,57,A
366727190,2022-01-04T16:39:21,40.55732,-74.24198,0.1,251.3,48.0,JILL REINAUER,IMO7042813,WCW9655,31,0,30,8,3.8,57,A
366727190,2022-01-04T16:48:32,40.55732,-74.24200,0.0,282.3,47.0,JILL REINAUER,IMO7042813,WCW9655,31,0,30,8,3.8,57,A
366727190,2022-01-04T15:48:12,40.55729,-74.24196,0.0,266.0,46.0,JILL REINAUER,IMO7042813,WCW9655,31,0,30,8,3.8,57,A
366727190,2022-01-04T16:16:51,40.55730,-74.24196,0.0,27.0,48.0,JILL REINAUER,IMO7042813,WCW9655,31,0,30,8,3.8,57,A
366727190,2022-01-04T15:49:21,40.55730,-74.24194,0.0,277.4,46.0,JILL REINAUER,IMO7042813,WCW9655,31,0,30,8,3.8,57,A
366727190,2022-01-04T16:50:51,40.55728,-74.24204,0.0,219.9,46.0,JILL REINAUER,IMO7042813,WCW9655,31,0,30,8,3.8,57,A
366727190,2022-01-04T16:25:02,40.55733,-74.24195,0.0,35.6,47.0,JILL REINAUER,IMO7042813,WCW9655,31,0,30,8,3.8,57,A
366727190,2022-01-04T16:20:23,40.55730,-74.24199,0.0,119.8,48.0,JILL REINAUER,IMO7042813,WCW9655,31,0,30,8,3.8,57,A
366727190,2022-01-04T16:52:03,40.55731,-74.24200,0.0,133.3,47.0,JILL REINAUER,IMO7042813,WCW9655,31,0,30,8,3.8,57,A
366727190,2022-01-04T16:26:23,40.55730,-74.24195,0.0,165.6,47.0,JILL REINAUER,IMO7042813,WCW9655,31,0,30,8,3.8,57,A
366727190,2022-01-04T15:52:42,40.55731,-74.24196,0.0,98.9,47.0,JILL REINAUER,IMO7042813,WCW9655,31,0,30,8,3.8,57,A
366727190,2022-01-04T16:53:12,40.55728,-74.24200,0.0,149.6,47.0,JILL REINAUER,IMO7042813,WCW9655,31,0,30,8,3.8,57,A
366727190,2022-01-04T15:53:52,40.55732,-74.24196,0.0,314.6,47.0,JILL REINAUER,IMO7042813,WCW9655,31,0,30,8,3.8,57,A
366727190,2022-01-04T16:45:03,40.55730,-74.24201,0.0,211.9,47.0,JILL REINAUER,IMO7042813,WCW9655,31,0,30,8,3.8,57,A
366727190,2022-01-04T15:00:03,40.55734,-74.24168,0.0,272.3,280.0,JILL REINAUER,IMO7042813,WCW9655,31,0,30,8,3.8,57,A
366727190,2022-01-04T15:55:02,40.55730,-74.24195,0.0,344.3,47.0,JILL REINAUER,IMO7042813,WCW9655,31,0,30,8,3.8,57,A
366727190,2022-01-04T16:49:41,40.55729,-74.24205,0.0,215.9,46.0,JILL REINAUER,IMO7042813,WCW9655,31,0,30,8,3.8,57,A
366727190,2022-01-04T16:32:12,40.55728,-74.24196,0.0,150.4,48.0,JILL REINAUER,IMO7042813,WCW9655,31,0,30,8,3.8,57,A
366727190,2022-01-04T16:02:11,40.55732,-74.24195,0.0,232.3,47.0,JILL REINAUER,IMO7042813,WCW9655,31,0,30,8,3.8,57,A
366727190,2022-01-04T17:06:13,40.55732,-74.24203,0.0,193.6,47.0,JILL REINAUER,IMO7042813,WCW9655,31,0,30,8,3.8,57,A
366727190,2022-01-04T16:34:42,40.55729,-74.24194,0.0,204.2,48.0,JILL REINAUER,IMO7042813,WCW9655,31,0,30,8,3.8,57,A
366727190,2022-01-04T16:35:53,40.55729,-74.24192,0.0,111.8,48.0,JILL REINAUER,IMO7042813,WCW9655,31,0,30,8,3.8,57,A
366727190,2022-01-04T16:38:03,40.55733,-74.24196,0.0,126.4,48.0,JILL REINAUER,IMO7042813,WCW9655,31,0,30,8,3.8,57,A
366727190,2022-01-04T17:00:21,40.55729,-74.24199,0.0,333.4,47.0,JILL REINAUER,IMO7042813,WCW9655,31,0,30,8,3.8,57,A
366727190,2022-01-04T16:40:33,40.55730,-74.24204,0.0,192.4,48.0,JILL REINAUER,IMO7042813,WCW9655,31,0,30,8,3.8,57,A
366727190,2022-01-04T17:01:32,40.55725,-74.24199,0.0,147.9,47.0,JILL REINAUER,IMO7042813,WCW9655,31,0,30,8,3.8,57,A
366727190,2022-01-04T16:42:43,40.55728,-74.24198,0.0,261.1,48.0,JILL REINAUER,IMO7042813,WCW9655,31,0,30,8,3.8,57,A
366727190,2022-01-04T17:21:21,40.55729,-74.24198,0.0,225.5,47.0,JILL REINAUER,IMO7042813,WCW9655,31,0,30,8,3.8,57,A
366727190,2022-01-04T16:47:23,40.55733,-74.24199,0.0,82.0,46.0,JILL REINAUER,IMO7042813,WCW9655,31,0,30,8,3.8,57,A
366727190,2022-01-04T17:13:12,40.55729,-74.24198,0.0,256.0,47.0,JILL REINAUER,IMO7042813,WCW9655,31,0,30,8,3.8,57,A
366727190,2022-01-04T16:56:52,40.55729,-74.24205,0.0,239.4,47.0,JILL REINAUER,IMO7042813,WCW9655,31,0,30,8,3.8,57,A
366727190,2022-01-04T17:23:51,40.55731,-74.24199,0.0,259.3,46.0,JILL REINAUER,IMO7042813,WCW9655,31,0,30,8,3.8,57,A
366727190,2022-01-04T16:29:53,40.55731,-74.24196,0.0,172.2,48.0,JILL REINAUER,IMO7042813,WCW9655,31,0,30,8,3.8,57,A
366727190,2022-01-04T15:35:22,40.55728,-74.24195,0.0,190.1,44.0,JILL REINAUER,IMO7042813,WCW9655,31,0,30,8,3.8,57,A
366727190,2022-01-04T17:44:21,40.55726,-74.24200,0.0,18.1,48.0,JILL REINAUER,IMO7042813,WCW9655,31,0,30,8,3.8,57,A
366727190,2022-01-04T17:08:33,40.55729,-74.24196,0.1,231.2,48.0,JILL REINAUER,IMO7042813,WCW9655,31,0,30,8,3.8,57,A
366727190,2022-01-04T17:31:02,40.55728,-74.24199,0.0,263.7,47.0,JILL REINAUER,IMO7042813,WCW9655,31,0,30,8,3.8,57,A
366727190,2022-01-04T17:09:42,40.55729,-74.24196,0.0,180.5,47.0,JILL REINAUER,IMO7042813,WCW9655,31,0,30,8,3.8,57,A
366727190,2022-01-04T17:50:51,40.55728,-74.24199,0.0,161.0,47.0,JILL REINAUER,IMO7042813,WCW9655,31,0,30,8,3.8,57,A
366727190,2022-01-04T17:12:02,40.55731,-74.24193,0.0,222.9,47.0,JILL REINAUER,IMO7042813,WCW9655,31,0,30,8,3.8,57,A
366727190,2022-01-04T15:41:21,40.55730,-74.24196,0.0,290.1,46.0,JILL REINAUER,IMO7042813,WCW9655,31,0,30,8,3.8,57,A
366727190,2022-01-04T17:15:32,40.55730,-74.24199,0.0,167.5,47.0,JILL REINAUER,IMO7042813,WCW9655,31,0,30,8,3.8,57,A
366727190,2022-01-04T17:17:51,40.55728,-74.24194,0.0,138.3,47.0,JILL REINAUER,IMO7042813,WCW9655,31,0,30,8,3.8,57,A
366727190,2022-01-04T17:26:23,40.55727,-74.24198,0.0,293.6,47.0,JILL REINAUER,IMO7042813,WCW9655,31,0,30,8,3.8,57,A
366727190,2022-01-04T17:25:13,40.55731,-74.24197,0.0,221.6,46.0,JILL REINAUER,IMO7042813,WCW9655,31,0,30,8,3.8,57,A
366727190,2022-01-04T17:52:12,40.55728,-74.24197,0.0,274.4,47.0,JILL REINAUER,IMO7042813,WCW9655,31,0,30,8,3.8,57,A
366727190,2022-01-04T18:07:42,40.55732,-74.24201,0.0,291.2,47.0,JILL REINAUER,IMO7042813,WCW9655,31,0,30,8,3.8,57,A
366727190,2022-01-04T17:53:23,40.55728,-74.24199,0.0,267.8,47.0,JILL REINAUER,IMO7042813,WCW9655,31,0,30,8,3.8,57,A
366727190,2022-01-04T17:27:33,40.55728,-74.24197,0.0,293.1,47.0,JILL REINAUER,IMO7042813,WCW9655,31,0,30,8,3.8,57,A
366727190,2022-01-04T17:32:11,40.55728,-74.24199,0.0,198.8,46.0,JILL REINAUER,IMO7042813,WCW9655,31,0,30,8,3.8,57,A
366727190,2022-01-04T16:55:42,40.55728,-74.24211,0.0,195.0,47.0,JILL REINAUER,IMO7042813,WCW9655,31,0,30,8,3.8,57,A
366727190,2022-01-04T18:13:32,40.55730,-74.24199,0.0,152.9,47.0,JILL REINAUER,IMO7042813,WCW9655,31,0,30,8,3.8,57,A
366727190,2022-01-04T17:35:43,40.55731,-74.24198,0.0,294.9,46.0,JILL REINAUER,IMO7042813,WCW9655,31,0,30,8,3.8,57,A
366727190,2022-01-04T18:14:42,40.55734,-74.24198,0.0,90.0,47.0,JILL REINAUER,IMO7042813,WCW9655,31,0,30,8,3.8,57,A
366727190,2022-01-04T17:33:21,40.55729,-74.24198,0.0,201.9,46.0,JILL REINAUER,IMO7042813,WCW9655,31,0,30,8,3.8,57,A
366727190,2022-01-04T16:59:21,40.55729,-74.24200,0.0,183.1,47.0,JILL REINAUER,IMO7042813,WCW9655,31,0,30,8,3.8,57,A
366727190,2022-01-04T17:39:22,40.55729,-74.24198,0.0,235.5,45.0,JILL REINAUER,IMO7042813,WCW9655,31,0,30,8,3.8,57,A
366727190,2022-01-04T17:40:43,40.55727,-74.24201,0.0,307.6,46.0,JILL REINAUER,IMO7042813,WCW9655,31,0,30,8,3.8,57,A
366727190,2022-01-04T18:01:12,40.55732,-74.24206,0.0,277.4,46.0,JILL REINAUER,IMO7042813,WCW9655,31,0,30,8,3.8,57,A
366727190,2022-01-04T18:20:51,40.55730,-74.24194,0.0,207.0,44.0,JILL REINAUER,IMO7042813,WCW9655,31,0,30,8,3.8,57,A
366727190,2022-01-04T18:23:11,40.55731,-74.24195,0.0,159.1,51.0,JILL REINAUER,IMO7042813,WCW9655,31,0,30,8,3.8,57,A
366727190,2022-01-04T13:09:41,40.55749,-74.24151,0.0,72.2,265.0,JILL REINAUER,IMO7042813,WCW9655,31,0,30,8,3.8,57,A
366727190,2022-01-04T17:05:01,40.55730,-74.24205,0.0,256.6,47.0,JILL REINAUER,IMO7042813,WCW9655,31,0,30,8,3.8,57,A
366727190,2022-01-04T17:43:12,40.55728,-74.24199,0.0,216.1,47.0,JILL REINAUER,IMO7042813,WCW9655,31,0,30,8,3.8,57,A
366727190,2022-01-04T17:45:32,40.55725,-74.24201,0.0,315.0,48.0,JILL REINAUER,IMO7042813,WCW9655,31,0,30,8,3.8,57,A
366727190,2022-01-04T17:07:21,40.55732,-74.24198,0.0,202.8,47.0,JILL REINAUER,IMO7042813,WCW9655,31,0,30,8,3.8,57,A
366727190,2022-01-04T18:12:22,40.55727,-74.24199,0.0,300.9,47.0,JILL REINAUER,IMO7042813,WCW9655,31,0,30,8,3.8,57,A
366727190,2022-01-04T18:29:02,40.55732,-74.24200,0.0,331.2,52.0,JILL REINAUER,IMO7042813,WCW9655,31,0,30,8,3.8,57,A
366727190,2022-01-04T16:14:32,40.55726,-74.24194,0.0,169.5,48.0,JILL REINAUER,IMO7042813,WCW9655,31,0,30,8,3.8,57,A
366727190,2022-01-04T18:33:31,40.55732,-74.24198,0.1,162.1,51.0,JILL REINAUER,IMO7042813,WCW9655,31,0,30,8,3.8,57,A
366727190,2022-01-04T17:54:32,40.55723,-74.24195,0.0,215.6,47.0,JILL REINAUER,IMO7042813,WCW9655,31,0,30,8,3.8,57,A
366727190,2022-01-04T13:13:12,40.55745,-74.24149,0.0,25.3,265.0,JILL REINAUER,IMO7042813,WCW9655,31,0,30,8,3.8,57,A
366727190,2022-01-04T16:18:02,40.55730,-74.24198,0.0,24.6,48.0,JILL REINAUER,IMO7042813,WCW9655,31,0,30,8,3.8,57,A
366727190,2022-01-04T13:14:22,40.55746,-74.24150,0.0,197.8,265.0,JILL REINAUER,IMO7042813,WCW9655,31,0,30,8,3.8,57,A
366727190,2022-01-04T16:21:31,40.55733,-74.24197,0.0,7.0,47.0,JILL REINAUER,IMO7042813,WCW9655,31,0,30,8,3.8,57,A
366727190,2022-01-04T16:22:42,40.55731,-74.24198,0.0,114.0,47.0,JILL REINAUER,IMO7042813,WCW9655,31,0,30,8,3.8,57,A
366727190,2022-01-04T17:59:03,40.55729,-74.24208,0.0,158.2,44.0,JILL REINAUER,IMO7042813,WCW9655,31,0,30,8,3.8,57,A
366727190,2022-01-04T17:22:33,40.55729,-74.24199,0.0,351.3,47.0,JILL REINAUER,IMO7042813,WCW9655,31,0,30,8,3.8,57,A
366727190,2022-01-04T13:20:01,40.55674,-74.24219,4.1,214.9,225.0,JILL REINAUER,IMO7042813,WCW9655,31,0,30,8,3.8,57,A
366727190,2022-01-04T18:47:42,40.55729,-74.24192,0.1,73.2,51.0,JILL REINAUER,IMO7042813,WCW9655,31,0,30,8,3.8,57,A
366727190,2022-01-04T16:27:32,40.55731,-74.24197,0.0,188.7,48.0,JILL REINAUER,IMO7042813,WCW9655,31,0,30,8,3.8,57,A
366727190,2022-01-04T13:22:25,40.55447,-74.24451,4.7,225.0,233.0,JILL REINAUER,IMO7042813,WCW9655,31,0,30,8,3.8,57,A
366727190,2022-01-04T18:06:22,40.55732,-74.24201,0.0,171.6,47.0,JILL REINAUER,IMO7042813,WCW9655,31,0,30,8,3.8,57,A
366727190,2022-01-04T18:32:21,40.55734,-74.24197,0.0,216.3,52.0,JILL REINAUER,IMO7042813,WCW9655,31,0,30,8,3.8,57,A
366727190,2022-01-04T18:52:21,40.55730,-74.24188,0.0,150.4,37.0,JILL REINAUER,IMO7042813,WCW9655,31,0,30,8,3.8,57,A
366727190,2022-01-04T18:08:51,40.55733,-74.24201,0.0,227.9,47.0,JILL REINAUER,IMO7042813,WCW9655,31,0,30,8,3.8,57,A
366727190,2022-01-04T13:25:31,40.55027,-74.24957,7.0,214.3,215.0,JILL REINAUER,IMO7042813,WCW9655,31,0,30,8,3.8,57,A
366727190,2022-01-04T18:54:33,40.55730,-74.24188,0.0,225.9,39.0,JILL REINAUER,IMO7042813,WCW9655,31,0,30,8,3.8,57,A
366727190,2022-01-04T18:58:12,40.55728,-74.24192,0.0,171.9,41.0,JILL REINAUER,IMO7042813,WCW9655,31,0,30,8,3.8,57,A
366727190,2022-01-04T17:34:42,40.55729,-74.24198,0.0,226.7,46.0,JILL REINAUER,IMO7042813,WCW9655,31,0,30,8,3.8,57,A
366727190,2022-01-04T18:11:12,40.55732,-74.24200,0.0,303.2,47.0,JILL REINAUER,IMO7042813,WCW9655,31,0,30,8,3.8,57,A
366727190,2022-01-04T18:16:02,40.55730,-74.24196,0.1,200.4,47.0,JILL REINAUER,IMO7042813,WCW9655,31,0,30,8,3.8,57,A
366727190,2022-01-04T18:17:21,40.55729,-74.24196,0.0,130.3,47.0,JILL REINAUER,IMO7042813,WCW9655,31,0,30,8,3.8,57,A
366727190,2022-01-04T18:43:52,40.55728,-74.24195,0.0,253.9,50.0,JILL REINAUER,IMO7042813,WCW9655,31,0,30,8,3.8,57,A
366727190,2022-01-04T17:37:02,40.55730,-74.24196,0.0,237.7,45.0,JILL REINAUER,IMO7042813,WCW9655,31,0,30,8,3.8,57,A
366727190,2022-01-04T19:01:22,40.55729,-74.24194,0.0,334.5,40.0,JILL REINAUER,IMO7042813,WCW9655,31,0,30,8,3.8,57,A
366727190,2022-01-04T18:45:22,40.55726,-74.24195,0.0,178.9,50.0,JILL REINAUER,IMO7042813,WCW9655,31,0,30,8,3.8,57,A
366727190,2022-01-04T16:41:42,40.55729,-74.24202,0.0,261.7,48.0,JILL REINAUER,IMO7042813,WCW9655,31,0,30,8,3.8,57,A
366727190,2022-01-04T16:43:52,40.55725,-74.24214,0.0,273.0,47.0,JILL REINAUER,IMO7042813,WCW9655,31,0,30,8,3.8,57,A
366727190,2022-01-04T17:41:53,40.55727,-74.24203,0.1,237.0,47.0,JILL REINAUER,IMO7042813,WCW9655,31,0,30,8,3.8,57,A
366727190,2022-01-04T18:21:52,40.55728,-74.24194,0.0,229.8,46.0,JILL REINAUER,IMO7042813,WCW9655,31,0,30,8,3.8,57,A
366727190,2022-01-04T13:37:38,40.52329,-74.24893,5.2,191.6,192.0,JILL REINAUER,IMO7042813,WCW9655,31,0,30,8,3.8,57,A
366727190,2022-01-04T18:26:52,40.55732,-74.24200,0.0,275.5,52.0,JILL REINAUER,IMO7042813,WCW9655,31,0,30,8,3.8,57,A
366727190,2022-01-04T13:39:42,40.52171,-74.24972,0.2,170.5,236.0,JILL REINAUER,IMO7042813,WCW9655,31,0,30,8,3.8,57,A
366727190,2022-01-04T19:11:52,40.55728,-74.24179,0.0,195.8,4.0,JILL REINAUER,IMO7042813,WCW9655,31,0,30,8,3.8,57,A
366727190,2022-01-04T18:30:11,40.55732,-74.24197,0.0,342.2,52.0,JILL REINAUER,IMO7042813,WCW9655,31,0,30,8,3.8,57,A
366727190,2022-01-04T19:13:01,40.55727,-74.24181,0.1,235.0,9.0,JILL REINAUER,IMO7042813,WCW9655,31,0,30,8,3.8,57,A
366727190,2022-01-04T17:48:21,40.55728,-74.24199,0.0,354.4,48.0,JILL REINAUER,IMO7042813,WCW9655,31,0,30,8,3.8,57,A
366727190,2022-01-04T19:16:33,40.55729,-74.24188,0.0,144.0,30.0,JILL REINAUER,IMO7042813,WCW9655,31,0,30,8,3.8,57,A
366727190,2022-01-04T18:34:52,40.55731,-74.24196,0.1,169.8,51.0,JILL REINAUER,IMO7042813,WCW9655,31,0,30,8,3.8,57,A
366727190,2022-01-04T17:55:42,40.55727,-74.24201,0.0,212.2,47.0,JILL REINAUER,IMO7042813,WCW9655,31,0,30,8,3.8,57,A
366727190,2022-01-04T18:36:01,40.55730,-74.24198,0.0,140.9,51.0,JILL REINAUER,IMO7042813,WCW9655,31,0,30,8,3.8,57,A
366727190,2022-01-04T18:38:03,40.55734,-74.24200,0.0,185.4,51.0,JILL REINAUER,IMO7042813,WCW9655,31,0,30,8,3.8,57,A
366727190,2022-01-04T19:24:21,40.55725,-74.24188,0.3,209.6,327.0,JILL REINAUER,IMO7042813,WCW9655,31,0,30,8,3.8,57,A
366727190,2022-01-04T18:42:42,40.55729,-74.24196,0.0,246.3,51.0,JILL REINAUER,IMO7042813,WCW9655,31,0,30,8,3.8,57,A
366727190,2022-01-04T16:58:12,40.55730,-74.24199,0.0,219.7,47.0,JILL REINAUER,IMO7042813,WCW9655,31,0,30,8,3.8,57,A
366727190,2022-01-04T19:27:28,40.55471,-74.24366,8.3,230.4,238.0,JILL REINAUER,IMO7042813,WCW9655,31,0,30,8,3.8,57,A
366727190,2022-01-04T18:46:32,40.55727,-74.24192,0.0,129.7,49.0,JILL REINAUER,IMO7042813,WCW9655,31,0,30,8,3.8,57,A
366727190,2022-01-04T18:48:52,40.55731,-74.24189,0.0,127.1,49.0,JILL REINAUER,IMO7042813,WCW9655,31,0,30,8,3.8,57,A
366727190,2022-01-04T19:14:13,40.55731,-74.24183,0.1,288.9,19.0,JILL REINAUER,IMO7042813,WCW9655,31,0,30,8,3.8,57,A
366727190,2022-01-04T19:15:23,40.55732,-74.24185,0.0,225.5,27.0,JILL REINAUER,IMO7042813,WCW9655,31,0,30,8,3.8,57,A
366727190,2022-01-04T13:59:43,40.52170,-74.24971,0.0,207.7,224.0,JILL REINAUER,IMO7042813,WCW9655,31,0,30,8,3.8,57,A
366727190,2022-01-04T17:02:43,40.55727,-74.24199,0.0,225.2,47.0,JILL REINAUER,IMO7042813,WCW9655,31,0,30,8,3.8,57,A
366727190,2022-01-04T17:03:53,40.55729,-74.24199,0.0,229.2,47.0,JILL REINAUER,IMO7042813,WCW9655,31,0,30,8,3.8,57,A
366727190,2022-01-04T19:18:51,40.55731,-74.24185,0.0,103.7,29.0,JILL REINAUER,IMO7042813,WCW9655,31,0,30,8,3.8,57,A
366727190,2022-01-04T18:56:52,40.55730,-74.24190,0.0,266.5,45.0,JILL REINAUER,IMO7042813,WCW9655,31,0,30,8,3.8,57,A
366727190,2022-01-04T18:55:42,40.55730,-74.24191,0.0,268.1,43.0,JILL REINAUER,IMO7042813,WCW9655,31,0,30,8,3.8,57,A
366727190,2022-01-04T19:39:12,40.54319,-74.25288,0.0,97.2,316.0,JILL REINAUER,IMO7042813,WCW9655,31,0,30,8,3.8,57,A
366727190,2022-01-04T19:23:19,40.55733,-74.24184,0.2,189.7,9.0,JILL REINAUER,IMO7042813,WCW9655,31,0,30,8,3.8,57,A
366727190,2022-01-04T19:40:15,40.54319,-74.25283,0.2,24.8,294.0,JILL REINAUER,IMO7042813,WCW9655,31,0,30,8,3.8,57,A
366727190,2022-01-04T14:08:23,40.52169,-74.24972,0.0,178.7,224.0,JILL REINAUER,IMO7042813,WCW9655,31,0,30,8,3.8,57,A
366727190,2022-01-04T19:00:12,40.55730,-74.24191,0.0,334.5,38.0,JILL REINAUER,IMO7042813,WCW9655,31,0,30,8,3.8,57,A
366727190,2022-01-04T18:59:21,40.55728,-74.24191,0.0,31.7,38.0,JILL REINAUER,IMO7042813,WCW9655,31,0,30,8,3.8,57,A
366727190,2022-01-04T19:43:42,40.54327,-74.25282,0.0,261.0,270.0,JILL REINAUER,IMO7042813,WCW9655,31,0,30,8,3.8,57,A
366727190,2022-01-04T17:10:52,40.55731,-74.24197,0.0,234.9,48.0,JILL REINAUER,IMO7042813,WCW9655,31,0,30,8,3.8,57,A
366727190,2022-01-04T14:10:42,40.52171,-74.24971,0.0,262.7,224.0,JILL REINAUER,IMO7042813,WCW9655,31,0,30,8,3.8,57,A
366727190,2022-01-04T19:46:03,40.54326,-74.25281,0.0,182.2,268.0,JILL REINAUER,IMO7042813,WCW9655,31,0,30,8,3.8,57,A
366727190,2022-01-04T18:19:42,40.55731,-74.24193,0.0,0.2,44.0,JILL REINAUER,IMO7042813,WCW9655,31,0,30,8,3.8,57,A
366727190,2022-01-04T19:03:43,40.55730,-74.24189,0.0,215.9,35.0,JILL REINAUER,IMO7042813,WCW9655,31,0,30,8,3.8,57,A
366727190,2022-01-04T19:47:13,40.54326,-74.25284,0.0,314.7,268.0,JILL REINAUER,IMO7042813,WCW9655,31,0,30,8,3.8,57,A
366727190,2022-01-04T19:33:55,40.54345,-74.25208,4.0,196.1,222.0,JILL REINAUER,IMO7042813,WCW9655,31,0,30,8,3.8,57,A
366727190,2022-01-04T19:07:22,40.55729,-74.24184,0.0,55.0,17.0,JILL REINAUER,IMO7042813,WCW9655,31,0,30,8,3.8,57,A
366727190,2022-01-04T19:34:59,40.54298,-74.25254,0.8,284.6,344.0,JILL REINAUER,IMO7042813,WCW9655,31,0,30,8,3.8,57,A
366727190,2022-01-04T17:16:42,40.55732,-74.24197,0.0,339.4,47.0,JILL REINAUER,IMO7042813,WCW9655,31,0,30,8,3.8,57,A
366727190,2022-01-04T19:36:02,40.54315,-74.25284,0.5,320.4,0.0,JILL REINAUER,IMO7042813,WCW9655,31,0,30,8,3.8,57,A
366727190,2022-01-04T19:08:32,40.55731,-74.24182,0.0,141.8,12.0,JILL REINAUER,IMO7042813,WCW9655,31,0,30,8,3.8,57,A
366727190,2022-01-04T18:24:31,40.55732,-74.24197,0.0,38.5,51.0,JILL REINAUER,IMO7042813,WCW9655,31,0,30,8,3.8,57,A
366727190,2022-01-04T18:25:41,40.55732,-74.24199,0.0,277.0,51.0,JILL REINAUER,IMO7042813,WCW9655,31,0,30,8,3.8,57,A
366727190,2022-01-04T19:09:33,40.55732,-74.24183,0.1,151.5,7.0,JILL REINAUER,IMO7042813,WCW9655,31,0,30,8,3.8,57,A
366727190,2022-01-04T19:38:09,40.54316,-74.25290,0.1,59.2,329.0,JILL REINAUER,IMO7042813,WCW9655,31,0,30,8,3.8,57,A
366727190,2022-01-04T17:19:12,40.55729,-74.24200,0.0,216.5,47.0,JILL REINAUER,IMO7042813,WCW9655,31,0,30,8,3.8,57,A
366727190,2022-01-04T19:53:51,40.54283,-74.25259,0.7,174.0,355.0,JILL REINAUER,IMO7042813,WCW9655,31,0,30,8,3.8,57,A
366727190,2022-01-04T19:10:42,40.55730,-74.24182,0.0,140.4,4.0,JILL REINAUER,IMO7042813,WCW9655,31,0,30,8,3.8,57,A
366727190,2022-01-04T18:31:12,40.55734,-74.24198,0.0,334.0,52.0,JILL REINAUER,IMO7042813,WCW9655,31,0,30,8,3.8,57,A
366727190,2022-01-04T14:22:22,40.52164,-74.24968,0.0,262.5,286.0,JILL REINAUER,IMO7042813,WCW9655,31,0,30,8,3.8,57,A
366727190,2022-01-04T19:57:59,40.54633,-74.25184,5.6,6.8,14.0,JILL REINAUER,IMO7042813,WCW9655,31,0,30,8,3.8,57,A
366727190,2022-01-04T19:48:21,40.54326,-74.25280,0.0,271.4,271.0,JILL REINAUER,IMO7042813,WCW9655,31,0,30,8,3.8,57,A
366727190,2022-01-04T19:17:42,40.55731,-74.24186,0.0,79.2,31.0,JILL REINAUER,IMO7042813,WCW9655,31,0,30,8,3.8,57,A
366727190,2022-01-04T19:22:12,40.55732,-74.24184,0.0,174.9,12.0,JILL REINAUER,IMO7042813,WCW9655,31,0,30,8,3.8,57,A
366727190,2022-01-04T19:21:01,40.55731,-74.24185,0.0,100.9,17.0,JILL REINAUER,IMO7042813,WCW9655,31,0,30,8,3.8,57,A
366727190,2022-01-04T19:19:52,40.55731,-74.24186,0.0,140.1,24.0,JILL REINAUER,IMO7042813,WCW9655,31,0,30,8,3.8,57,A
366727190,2022-01-04T17:29:51,40.55727,-74.24197,0.0,228.8,47.0,JILL REINAUER,IMO7042813,WCW9655,31,0,30,8,3.8,57,A
366727190,2022-01-04T19:30:38,40.54942,-74.25051,8.6,212.2,213.0,JILL REINAUER,IMO7042813,WCW9655,31,0,30,8,3.8,57,A
366727190,2022-01-04T20:01:06,40.55195,-74.24707,7.6,53.6,53.0,JILL REINAUER,IMO7042813,WCW9655,31,0,30,8,3.8,57,A
366727190,2022-01-04T20:13:59,40.56364,-74.21294,8.8,11.4,12.0,JILL REINAUER,IMO7042813,WCW9655,31,0,30,8,3.8,57,A
366727190,2022-01-04T20:15:02,40.56612,-74.21235,7.1,10.0,12.0,JILL REINAUER,IMO7042813,WCW9655,31,0,30,8,3.8,57,A
366727190,2022-01-04T14:39:56,40.54582,-74.25159,10.8,0.7,5.0,JILL REINAUER,IMO7042813,WCW9655,31,0,30,8,3.8,57,A
366727190,2022-01-04T19:32:52,40.54485,-74.25204,5.8,177.1,176.0,JILL REINAUER,IMO7042813,WCW9655,31,0,30,8,3.8,57,A
366727190,2022-01-04T17:38:12,40.55727,-74.24199,0.1,255.7,45.0,JILL REINAUER,IMO7042813,WCW9655,31,0,30,8,3.8,57,A
366727190,2022-01-04T20:06:36,40.55722,-74.23161,8.7,83.5,89.0,JILL REINAUER,IMO7042813,WCW9655,31,0,30,8,3.8,57,A
366727190,2022-01-04T20:07:38,40.55744,-74.22834,8.6,86.3,94.0,JILL REINAUER,IMO7042813,WCW9655,31,0,30,8,3.8,57,A
366727190,2022-01-04T20:23:52,40.58489,-74.20783,6.1,12.8,14.0,JILL REINAUER,IMO7042813,WCW9655,31,0,30,8,3.8,57,A
366727190,2022-01-04T20:11:56,40.55917,-74.21545,8.7,47.2,45.0,JILL REINAUER,IMO7042813,WCW9655,31,0,30,8,3.8,57,A
366727190,2022-01-04T14:49:32,40.55736,-74.24170,0.1,151.6,269.0,JILL REINAUER,IMO7042813,WCW9655,31,0,30,8,3.8,57,A
366727190,2022-01-04T19:44:52,40.54326,-74.25281,0.1,214.8,267.0,JILL REINAUER,IMO7042813,WCW9655,31,0,30,8,3.8,57,A
366727190,2022-01-04T20:29:42,40.59466,-74.20203,6.8,29.3,31.0,JILL REINAUER,IMO7042813,WCW9655,31,0,30,8,3.8,57,A
366727190,2022-01-04T20:16:12,40.56821,-74.21197,7.7,6.9,10.0,JILL REINAUER,IMO7042813,WCW9655,31,0,30,8,3.8,57,A
366727190,2022-01-04T17:46:42,40.55724,-74.24201,0.0,183.4,48.0,JILL REINAUER,IMO7042813,WCW9655,31,0,30,8,3.8,57,A
366727190,2022-01-04T19:42:32,40.54325,-74.25279,0.0,166.6,273.0,JILL REINAUER,IMO7042813,WCW9655,31,0,30,8,3.8,57,A
366727190,2022-01-04T19:02:32,40.55729,-74.24190,0.0,167.3,38.0,JILL REINAUER,IMO7042813,WCW9655,31,0,30,8,3.8,57,A
366727190,2022-01-04T20:19:36,40.57609,-74.21006,8.6,9.4,14.0,JILL REINAUER,IMO7042813,WCW9655,31,0,30,8,3.8,57,A
366727190,2022-01-04T17:49:32,40.55728,-74.24201,0.0,18.6,48.0,JILL REINAUER,IMO7042813,WCW9655,31,0,30,8,3.8,57,A
366727190,2022-01-04T19:49:32,40.54327,-74.25282,0.0,244.4,269.0,JILL REINAUER,IMO7042813,WCW9655,31,0,30,8,3.8,57,A
366727190,2022-01-04T20:34:08,40.60248,-74.20204,6.8,329.2,326.0,JILL REINAUER,IMO7042813,WCW9655,31,0,30,8,3.8,57,A
366727190,2022-01-04T19:50:42,40.54324,-74.25286,0.4,137.9,259.0,JILL REINAUER,IMO7042813,WCW9655,31,0,30,8,3.8,57,A
366727190,2022-01-04T19:52:46,40.54300,-74.25267,0.7,169.7,301.0,JILL REINAUER,IMO7042813,WCW9655,31,0,30,8,3.8,57,A
366727190,2022-01-04T20:39:29,40.60782,-74.20508,7.1,2.3,2.0,JILL REINAUER,IMO7042813,WCW9655,31,0,30,8,3.8,57,A
366727190,2022-01-04T17:56:51,40.55727,-74.24202,0.0,323.0,47.0,JILL REINAUER,IMO7042813,WCW9655,31,0,30,8,3.8,57,A
366727190,2022-01-04T19:59:01,40.54841,-74.25081,8.4,27.3,31.0,JILL REINAUER,IMO7042813,WCW9655,31,0,30,8,3.8,57,A
366727190,2022-01-04T20:42:42,40.61353,-74.20440,6.8,4.8,6.0,JILL REINAUER,IMO7042813,WCW9655,31,0,30,8,3.8,57,A
366727190,2022-01-04T19:54:54,40.54336,-74.25215,3.8,31.9,20.0,JILL REINAUER,IMO7042813,WCW9655,31,0,30,8,3.8,57,A
366727190,2022-01-04T18:00:03,40.55730,-74.24202,0.0,159.5,45.0,JILL REINAUER,IMO7042813,WCW9655,31,0,30,8,3.8,57,A
366727190,2022-01-04T20:32:01,40.59879,-74.20040,6.9,357.9,1.0,JILL REINAUER,IMO7042813,WCW9655,31,0,30,8,3.8,57,A
366727190,2022-01-04T15:05:02,40.55734,-74.24168,0.0,247.3,283.0,JILL REINAUER,IMO7042813,WCW9655,31,0,30,8,3.8,57,A
366727190,2022-01-04T20:00:01,40.55041,-74.24930,7.9,34.9,39.0,JILL REINAUER,IMO7042813,WCW9655,31,0,30,8,3.8,57,A
366727190,2022-01-04T18:02:21,40.55732,-74.24202,0.0,290.0,46.0,JILL REINAUER,IMO7042813,WCW9655,31,0,30,8,3.8,57,A
366727190,2022-01-04T20:49:12,40.62734,-74.20302,8.0,19.2,20.0,JILL REINAUER,IMO7042813,WCW9655,31,0,30,8,3.8,57,A
366727190,2022-01-04T20:02:12,40.55341,-74.24447,8.4,53.6,55.0,JILL REINAUER,IMO7042813,WCW9655,31,0,30,8,3.8,57,A
366727190,2022-01-04T20:51:19,40.63175,-74.20077,7.9,26.9,33.0,JILL REINAUER,IMO7042813,WCW9655,31,0,30,8,3.8,57,A
366727190,2022-01-04T20:59:46,40.64470,-74.18555,7.6,55.0,61.0,JILL REINAUER,IMO7042813,WCW9655,31,0,30,8,3.8,57,A
366727190,2022-01-04T21:00:01,40.64496,-74.18501,7.6,60.9,66.0,JILL REINAUER,IMO7042813,WCW9655,31,0,30,8,3.8,57,A
366727190,2022-01-04T19:25:25,40.55715,-74.24192,0.3,231.3,251.0,JILL REINAUER,IMO7042813,WCW9655,31,0,30,8,3.8,57,A
366727190,2022-01-04T19:26:26,40.55658,-74.24224,6.1,198.8,194.0,JILL REINAUER,IMO7042813,WCW9655,31,0,30,8,3.8,57,A
366727190,2022-01-04T15:16:41,40.55730,-74.24180,0.1,257.4,332.0,JILL REINAUER,IMO7042813,WCW9655,31,0,30,8,3.8,57,A
366727190,2022-01-04T18:18:31,40.55729,-74.24195,0.0,107.3,45.0,JILL REINAUER,IMO7042813,WCW9655,31,0,30,8,3.8,57,A
366727190,2022-01-04T19:29:36,40.55141,-74.24868,8.6,221.5,220.0,JILL REINAUER,IMO7042813,WCW9655,31,0,30,8,3.8,57,A
366727190,2022-01-04T21:06:12,40.64650,-74.16910,8.7,83.4,87.0,JILL REINAUER,IMO7042813,WCW9655,31,0,30,8,3.8,57,A
366727190,2022-01-04T15:17:52,40.55728,-74.24185,0.1,263.2,342.0,JILL REINAUER,IMO7042813,WCW9655,31,0,30,8,3.8,57,A
366727190,2022-01-04T20:26:21,40.58901,-74.20612,6.9,25.0,26.0,JILL REINAUER,IMO7042813,WCW9655,31,0,30,8,3.8,57,A
366727190,2022-01-04T20:21:44,40.58100,-74.20878,7.9,8.5,12.0,JILL REINAUER,IMO7042813,WCW9655,31,0,30,8,3.8,57,A
366727190,2022-01-04T20:20:43,40.57865,-74.20939,8.5,12.2,15.0,JILL REINAUER,IMO7042813,WCW9655,31,0,30,8,3.8,57,A
366727190,2022-01-04T21:14:52,40.64170,-74.14239,9.4,83.1,88.0,JILL REINAUER,IMO7042813,WCW9655,31,0,30,8,3.8,57,A
366727190,2022-01-04T21:15:55,40.64209,-74.13869,9.5,80.8,84.0,JILL REINAUER,IMO7042813,WCW9655,31,0,30,8,3.8,57,A
366727190,2022-01-04T15:23:32,40.55728,-74.24196,0.0,332.6,32.0,JILL REINAUER,IMO7042813,WCW9655,31,0,30,8,3.8,57,A
366727190,2022-01-04T15:24:42,40.55727,-74.24195,0.0,307.2,34.0,JILL REINAUER,IMO7042813,WCW9655,31,0,30,8,3.8,57,A
366727190,2022-01-04T20:37:26,40.60573,-74.20515,1.5,316.9,318.0,JILL REINAUER,IMO7042813,WCW9655,31,0,30,8,3.8,57,A
366727190,2022-01-04T20:33:02,40.60063,-74.20082,6.7,336.3,336.0,JILL REINAUER,IMO7042813,WCW9655,31,0,30,8,3.8,57,A
366727190,2022-01-04T20:30:52,40.59663,-74.20077,6.8,22.2,23.0,JILL REINAUER,IMO7042813,WCW9655,31,0,30,8,3.8,57,A
366727190,2022-01-04T20:41:36,40.61146,-74.20476,6.8,8.7,13.0,JILL REINAUER,IMO7042813,WCW9655,31,0,30,8,3.8,57,A
366727190,2022-01-04T21:13:49,40.64163,-74.14592,9.3,92.0,99.0,JILL REINAUER,IMO7042813,WCW9655,31,0,30,8,3.8,57,A
366727190,2022-01-04T20:43:43,40.61548,-74.20423,6.9,4.0,4.0,JILL REINAUER,IMO7042813,WCW9655,31,0,30,8,3.8,57,A
366727190,2022-01-04T20:44:52,40.61783,-74.20406,7.9,1.3,2.0,JILL REINAUER,IMO7042813,WCW9655,31,0,30,8,3.8,57,A
366727190,2022-01-04T15:34:12,40.55728,-74.24195,0.0,325.5,45.0,JILL REINAUER,IMO7042813,WCW9655,31,0,30,8,3.8,57,A
366727190,2022-01-04T20:47:02,40.62265,-74.20393,7.9,1.1,1.0,JILL REINAUER,IMO7042813,WCW9655,31,0,30,8,3.8,57,A
366727190,2022-01-04T20:48:05,40.62498,-74.20391,8.1,2.7,6.0,JILL REINAUER,IMO7042813,WCW9655,31,0,30,8,3.8,57,A
366727190,2022-01-04T21:26:32,40.64136,-74.12900,0.0,230.0,158.0,JILL REINAUER,IMO7042813,WCW9655,31,0,30,8,3.8,57,A
366727190,2022-01-04T19:55:55,40.54411,-74.25184,2.5,9.2,8.0,JILL REINAUER,IMO7042813,WCW9655,31,0,30,8,3.8,57,A
366727190,2022-01-04T20:46:00,40.62038,-74.20401,8.0,3.7,2.0,JILL REINAUER,IMO7042813,WCW9655,31,0,30,8,3.8,57,A
366727190,2022-01-04T19:56:58,40.54518,-74.25177,4.0,358.7,356.0,JILL REINAUER,IMO7042813,WCW9655,31,0,30,8,3.8,57,A
366727190,2022-01-04T20:52:22,40.63366,-74.19901,8.0,40.7,45.0,JILL REINAUER,IMO7042813,WCW9655,31,0,30,8,3.8,57,A
366727190,2022-01-04T20:50:18,40.62964,-74.20188,8.1,21.4,24.0,JILL REINAUER,IMO7042813,WCW9655,31,0,30,8,3.8,57,A
366727190,2022-01-04T20:58:43,40.64318,-74.18779,7.7,46.1,48.0,JILL REINAUER,IMO7042813,WCW9655,31,0,30,8,3.8,57,A
366727190,2022-01-04T20:04:32,40.55603,-74.23802,8.9,68.9,72.0,JILL REINAUER,IMO7042813,WCW9655,31,0,30,8,3.8,57,A
366727190,2022-01-04T21:01:06,40.64573,-74.18220,7.5,77.3,81.0,JILL REINAUER,IMO7042813,WCW9655,31,0,30,8,3.8,57,A
366727190,2022-01-04T20:05:33,40.55682,-74.23490,8.8,76.4,82.0,JILL REINAUER,IMO7042813,WCW9655,31,0,30,8,3.8,57,A
366727190,2022-01-04T18:51:12,40.55730,-74.24188,0.0,152.6,38.0,JILL REINAUER,IMO7042813,WCW9655,31,0,30,8,3.8,57,A
366727190,2022-01-04T21:03:16,40.64622,-74.17793,4.8,85.9,87.0,JILL REINAUER,IMO7042813,WCW9655,31,0,30,8,3.8,57,A
366727190,2022-01-04T18:53:31,40.55730,-74.24186,0.0,245.6,36.0,JILL REINAUER,IMO7042813,WCW9655,31,0,30,8,3.8,57,A
366727190,2022-01-04T21:33:53,40.64554,-74.11329,7.2,69.3,74.0,JILL REINAUER,IMO7042813,WCW9655,31,0,30,8,3.8,57,A
366727190,2022-01-04T20:12:58,40.56123,-74.21372,8.8,19.2,19.0,JILL REINAUER,IMO7042813,WCW9655,31,0,30,8,3.8,57,A
366727190,2022-01-04T21:07:22,40.64676,-74.16537,8.8,84.8,86.0,JILL REINAUER,IMO7042813,WCW9655,31,0,30,8,3.8,57,A
366727190,2022-01-04T21:08:25,40.64683,-74.16200,8.8,94.0,100.0,JILL REINAUER,IMO7042813,WCW9655,31,0,30,8,3.8,57,A
366727190,2022-01-04T21:09:32,40.64621,-74.15859,8.9,109.4,112.0,JILL REINAUER,IMO7042813,WCW9655,31,0,30,8,3.8,57,A
366727190,2022-01-04T21:05:11,40.64641,-74.17229,8.5,91.8,95.0,JILL REINAUER,IMO7042813,WCW9655,31,0,30,8,3.8,57,A
366727190,2022-01-04T16:01:02,40.55731,-74.24195,0.0,315.4,47.0,JILL REINAUER,IMO7042813,WCW9655,31,0,30,8,3.8,57,A
366727190,2022-01-04T20:22:49,40.58316,-74.20830,6.5,10.7,13.0,JILL REINAUER,IMO7042813,WCW9655,31,0,30,8,3.8,57,A
366727190,2022-01-04T21:45:39,40.65309,-74.08345,7.5,71.9,75.0,JILL REINAUER,IMO7042813,WCW9655,31,0,30,8,3.8,57,A
366727190,2022-01-04T21:10:42,40.64487,-74.15529,8.8,126.5,128.0,JILL REINAUER,IMO7042813,WCW9655,31,0,30,8,3.8,57,A
366727190,2022-01-04T21:59:15,40.66488,-74.04428,8.1,64.0,61.0,JILL REINAUER,IMO7042813,WCW9655,31,0,30,8,3.8,57,A
366727190,2022-01-04T22:05:15,40.67166,-74.02795,9.0,46.3,48.0,JILL REINAUER,IMO7042813,WCW9655,31,0,30,8,3.8,57,A
366727190,2022-01-04T22:06:16,40.67314,-74.02520,9.3,70.3,76.0,JILL REINAUER,IMO7042813,WCW9655,31,0,30,8,3.8,57,A
366727190,2022-01-04T21:16:58,40.64242,-74.13520,9.2,84.0,86.0,JILL REINAUER,IMO7042813,WCW9655,31,0,30,8,3.8,57,A
366727190,2022-01-04T21:28:36,40.64168,-74.12842,6.6,83.9,85.0,JILL REINAUER,IMO7042813,WCW9655,31,0,30,8,3.8,57,A
366727190,2022-01-04T20:35:13,40.60411,-74.20358,5.7,322.8,324.0,JILL REINAUER,IMO7042813,WCW9655,31,0,30,8,3.8,57,A
366727190,2022-01-04T21:57:10,40.66245,-74.04924,7.6,58.1,52.0,JILL REINAUER,IMO7042813,WCW9655,31,0,30,8,3.8,57,A
366727190,2022-01-04T21:21:09,40.64135,-74.12904,0.2,157.6,122.0,JILL REINAUER,IMO7042813,WCW9655,31,0,30,8,3.8,57,A
366727190,2022-01-04T21:19:02,40.64214,-74.12971,4.3,112.5,124.0,JILL REINAUER,IMO7042813,WCW9655,31,0,30,8,3.8,57,A
366727190,2022-01-04T20:38:28,40.60619,-74.20543,3.8,2.6,10.0,JILL REINAUER,IMO7042813,WCW9655,31,0,30,8,3.8,57,A
366727190,2022-01-04T22:04:12,40.66998,-74.03055,8.8,47.1,49.0,JILL REINAUER,IMO7042813,WCW9655,31,0,30,8,3.8,57,A
366727190,2022-01-04T20:40:33,40.60980,-74.20492,4.7,4.0,10.0,JILL REINAUER,IMO7042813,WCW9655,31,0,30,8,3.8,57,A
366727190,2022-01-04T21:37:08,40.64681,-74.10506,7.4,88.1,88.0,JILL REINAUER,IMO7042813,WCW9655,31,0,30,8,3.8,57,A
366727190,2022-01-04T21:38:13,40.64708,-74.10200,8.0,80.3,84.0,JILL REINAUER,IMO7042813,WCW9655,31,0,30,8,3.8,57,A
366727190,2022-01-04T21:30:42,40.64293,-74.12207,7.3,72.0,77.0,JILL REINAUER,IMO7042813,WCW9655,31,0,30,8,3.8,57,A
366727190,2022-01-04T21:41:24,40.64882,-74.09313,7.8,54.1,58.0,JILL REINAUER,IMO7042813,WCW9655,31,0,30,8,3.8,57,A
366727190,2022-01-04T22:09:25,40.67104,-74.01723,4.7,142.7,156.0,JILL REINAUER,IMO7042813,WCW9655,31,0,30,8,3.8,57,A
366727190,2022-01-04T22:20:31,40.66945,-74.01729,0.0,140.4,351.0,JILL REINAUER,IMO7042813,WCW9655,31,0,30,8,3.8,57,A
366727190,2022-01-04T21:42:25,40.65003,-74.09083,6.9,54.1,53.0,JILL REINAUER,IMO7042813,WCW9655,31,0,30,8,3.8,57,A
366727190,2022-01-04T21:32:48,40.64459,-74.11642,9.0,64.8,70.0,JILL REINAUER,IMO7042813,WCW9655,31,0,30,8,3.8,57,A
366727190,2022-01-04T16:23:51,40.55732,-74.24197,0.0,31.5,47.0,JILL REINAUER,IMO7042813,WCW9655,31,0,30,8,3.8,57,A
366727190,2022-01-04T21:44:38,40.65222,-74.08598,7.4,60.7,63.0,JILL REINAUER,IMO7042813,WCW9655,31,0,30,8,3.8,57,A
366727190,2022-01-04T21:31:45,40.64356,-74.11945,8.0,62.6,68.0,JILL REINAUER,IMO7042813,WCW9655,31,0,30,8,3.8,57,A
366727190,2022-01-04T21:51:56,40.66090,-74.06541,9.7,84.2,90.0,JILL REINAUER,IMO7042813,WCW9655,31,0,30,8,3.8,57,A
366727190,2022-01-04T20:54:28,40.63728,-74.19532,5.9,36.4,39.0,JILL REINAUER,IMO7042813,WCW9655,31,0,30,8,3.8,57,A
366727190,2022-01-04T20:56:37,40.64003,-74.19197,7.8,47.2,49.0,JILL REINAUER,IMO7042813,WCW9655,31,0,30,8,3.8,57,A
366727190,2022-01-04T21:39:19,40.64754,-74.09882,7.9,80.3,82.0,JILL REINAUER,IMO7042813,WCW9655,31,0,30,8,3.8,57,A
366727190,2022-01-04T21:54:03,40.66093,-74.05805,8.7,78.7,71.0,JILL REINAUER,IMO7042813,WCW9655,31,0,30,8,3.8,57,A
366727190,2022-01-04T21:36:06,40.64677,-74.10785,7.5,83.4,90.0,JILL REINAUER,IMO7042813,WCW9655,31,0,30,8,3.8,57,A
366727190,2022-01-04T19:28:31,40.55317,-74.24626,8.5,228.0,230.0,JILL REINAUER,IMO7042813,WCW9655,31,0,30,8,3.8,57,A
366727190,2022-01-04T22:35:12,40.66945,-74.01731,0.0,137.0,351.0,JILL REINAUER,IMO7042813,WCW9655,31,0,30,8,3.8,57,A
366727190,2022-01-04T21:58:12,40.66359,-74.04684,7.8,59.4,56.0,JILL REINAUER,IMO7042813,WCW9655,31,0,30,8,3.8,57,A
366727190,2022-01-04T22:27:13,40.66941,-74.01732,0.0,64.5,351.0,JILL REINAUER,IMO7042813,WCW9655,31,0,30,8,3.8,57,A
366727190,2022-01-04T16:33:22,40.55730,-74.24197,0.0,245.9,48.0,JILL REINAUER,IMO7042813,WCW9655,31,0,30,8,3.8,57,A
366727190,2022-01-04T22:00:03,40.66550,-74.04205,8.3,70.9,63.0,JILL REINAUER,IMO7042813,WCW9655,31,0,30,8,3.8,57,A
366727190,2022-01-04T19:31:43,40.54711,-74.25181,7.8,192.9,191.0,JILL REINAUER,IMO7042813,WCW9655,31,0,30,8,3.8,57,A
366727190,2022-01-04T22:28:23,40.66941,-74.01734,0.0,58.6,351.0,JILL REINAUER,IMO7042813,WCW9655,31,0,30,8,3.8,57,A
366727190,2022-01-04T22:02:05,40.66698,-74.03595,8.8,73.1,68.0,JILL REINAUER,IMO7042813,WCW9655,31,0,30,8,3.8,57,A
366727190,2022-01-04T21:02:13,40.64610,-74.17946,5.2,82.4,86.0,JILL REINAUER,IMO7042813,WCW9655,31,0,30,8,3.8,57,A
366727190,2022-01-04T22:39:42,40.66943,-74.01729,0.0,1.4,350.0,JILL REINAUER,IMO7042813,WCW9655,31,0,30,8,3.8,57,A
366727190,2022-01-04T22:34:02,40.66947,-74.01731,0.0,229.6,351.0,JILL REINAUER,IMO7042813,WCW9655,31,0,30,8,3.8,57,A
366727190,2022-01-04T19:37:06,40.54315,-74.25290,0.2,172.2,348.0,JILL REINAUER,IMO7042813,WCW9655,31,0,30,8,3.8,57,A
366727190,2022-01-04T21:48:49,40.65561,-74.07377,9.8,59.0,59.0,JILL REINAUER,IMO7042813,WCW9655,31,0,30,8,3.8,57,A
366727190,2022-01-04T21:49:53,40.65763,-74.07110,10.0,35.5,38.0,JILL REINAUER,IMO7042813,WCW9655,31,0,30,8,3.8,57,A
366727190,2022-01-04T21:11:46,40.64328,-74.15242,9.3,126.1,124.0,JILL REINAUER,IMO7042813,WCW9655,31,0,30,8,3.8,57,A
366727190,2022-01-04T21:12:48,40.64197,-74.14933,9.4,109.6,104.0,JILL REINAUER,IMO7042813,WCW9655,31,0,30,8,3.8,57,A
366727190,2022-01-04T19:41:22,40.54325,-74.25281,0.0,135.9,270.0,JILL REINAUER,IMO7042813,WCW9655,31,0,30,8,3.8,57,A
366727190,2022-01-04T22:44:02,40.66944,-74.01728,0.0,174.3,351.0,JILL REINAUER,IMO7042813,WCW9655,31,0,30,8,3.8,57,A
366727190,2022-01-04T22:45:03,40.66944,-74.01727,0.0,190.5,351.0,JILL REINAUER,IMO7042813,WCW9655,31,0,30,8,3.8,57,A
366727190,2022-01-04T21:17:59,40.64247,-74.13205,7.6,97.8,102.0,JILL REINAUER,IMO7042813,WCW9655,31,0,30,8,3.8,57,A
366727190,2022-01-04T21:20:05,40.64160,-74.12912,1.9,173.1,168.0,JILL REINAUER,IMO7042813,WCW9655,31,0,30,8,3.8,57,A
366727190,2022-01-04T22:21:42,40.66945,-74.01728,0.0,266.1,351.0,JILL REINAUER,IMO7042813,WCW9655,31,0,30,8,3.8,57,A
366727190,2022-01-04T23:00:02,40.66945,-74.01726,0.0,328.9,351.0,JILL REINAUER,IMO7042813,WCW9655,31,0,30,8,3.8,57,A
366727190,2022-01-04T22:50:52,40.66945,-74.01727,0.0,196.2,352.0,JILL REINAUER,IMO7042813,WCW9655,31,0,30,8,3.8,57,A
366727190,2022-01-04T23:02:22,40.66949,-74.01724,0.0,209.4,351.0,JILL REINAUER,IMO7042813,WCW9655,31,0,30,8,3.8,57,A
366727190,2022-01-04T22:52:02,40.66945,-74.01728,0.0,235.4,351.0,JILL REINAUER,IMO7042813,WCW9655,31,0,30,8,3.8,57,A
366727190,2022-01-04T21:23:21,40.64137,-74.12899,0.1,91.7,175.0,JILL REINAUER,IMO7042813,WCW9655,31,0,30,8,3.8,57,A
366727190,2022-01-04T22:07:18,40.67307,-74.02172,9.2,117.7,125.0,JILL REINAUER,IMO7042813,WCW9655,31,0,30,8,3.8,57,A
366727190,2022-01-04T22:56:41,40.66947,-74.01727,0.0,247.3,351.0,JILL REINAUER,IMO7042813,WCW9655,31,0,30,8,3.8,57,A
366727190,2022-01-04T22:59:02,40.66948,-74.01726,0.0,351.1,351.0,JILL REINAUER,IMO7042813,WCW9655,31,0,30,8,3.8,57,A
366727190,2022-01-04T22:13:36,40.66945,-74.01723,0.1,203.9,332.0,JILL REINAUER,IMO7042813,WCW9655,31,0,30,8,3.8,57,A
366727190,2022-01-04T22:10:26,40.66992,-74.01678,3.7,184.8,197.0,JILL REINAUER,IMO7042813,WCW9655,31,0,30,8,3.8,57,A
366727190,2022-01-04T22:29:32,40.66942,-74.01734,0.0,109.9,351.0,JILL REINAUER,IMO7042813,WCW9655,31,0,30,8,3.8,57,A
366727190,2022-01-04T16:54:21,40.55729,-74.24203,0.0,86.8,47.0,JILL REINAUER,IMO7042813,WCW9655,31,0,30,8,3.8,57,A
366727190,2022-01-04T21:35:02,40.64629,-74.11053,6.7,71.0,75.0,JILL REINAUER,IMO7042813,WCW9655,31,0,30,8,3.8,57,A
366727190,2022-01-04T23:04:43,40.66948,-74.01727,0.0,211.2,351.0,JILL REINAUER,IMO7042813,WCW9655,31,0,30,8,3.8,57,A
366727190,2022-01-04T22:36:22,40.66944,-74.01731,0.0,60.9,351.0,JILL REINAUER,IMO7042813,WCW9655,31,0,30,8,3.8,57,A
366727190,2022-01-04T21:40:23,40.64802,-74.09585,8.0,75.9,81.0,JILL REINAUER,IMO7042813,WCW9655,31,0,30,8,3.8,57,A
366727190,2022-01-04T22:22:52,40.66941,-74.01732,0.0,50.5,351.0,JILL REINAUER,IMO7042813,WCW9655,31,0,30,8,3.8,57,A
366727190,2022-01-04T22:38:32,40.66943,-74.01730,0.0,248.7,350.0,JILL REINAUER,IMO7042813,WCW9655,31,0,30,8,3.8,57,A
366727190,2022-01-04T22:41:52,40.66945,-74.01730,0.0,239.0,351.0,JILL REINAUER,IMO7042813,WCW9655,31,0,30,8,3.8,57,A
366727190,2022-01-04T23:13:11,40.66944,-74.01728,0.0,273.3,350.0,JILL REINAUER,IMO7042813,WCW9655,31,0,30,8,3.8,57,A
366727190,2022-01-04T20:03:19,40.55486,-74.24162,8.7,64.7,70.0,JILL REINAUER,IMO7042813,WCW9655,31,0,30,8,3.8,57,A
366727190,2022-01-04T21:47:46,40.65439,-74.07714,9.7,67.3,69.0,JILL REINAUER,IMO7042813,WCW9655,31,0,30,8,3.8,57,A
366727190,2022-01-04T20:08:42,40.55736,-74.22501,8.6,92.7,94.0,JILL REINAUER,IMO7042813,WCW9655,31,0,30,8,3.8,57,A
366727190,2022-01-04T22:49:41,40.66947,-74.01727,0.0,215.9,352.0,JILL REINAUER,IMO7042813,WCW9655,31,0,30,8,3.8,57,A
366727190,2022-01-04T22:40:51,40.66944,-74.01729,0.0,137.5,350.0,JILL REINAUER,IMO7042813,WCW9655,31,0,30,8,3.8,57,A
366727190,2022-01-04T22:54:23,40.66945,-74.01729,0.0,210.1,351.0,JILL REINAUER,IMO7042813,WCW9655,31,0,30,8,3.8,57,A
366727190,2022-01-04T22:55:33,40.66945,-74.01727,0.0,214.7,351.0,JILL REINAUER,IMO7042813,WCW9655,31,0,30,8,3.8,57,A
366727190,2022-01-04T22:33:01,40.66945,-74.01731,0.0,238.2,351.0,JILL REINAUER,IMO7042813,WCW9655,31,0,30,8,3.8,57,A
366727190,2022-01-04T22:42:53,40.66943,-74.01730,0.0,77.8,350.0,JILL REINAUER,IMO7042813,WCW9655,31,0,30,8,3.8,57,A
366727190,2022-01-04T23:40:41,40.66944,-74.01726,0.0,94.5,351.0,JILL REINAUER,IMO7042813,WCW9655,31,0,30,8,3.8,57,A
366727190,2022-01-04T20:18:32,40.57354,-74.21060,8.6,9.5,12.0,JILL REINAUER,IMO7042813,WCW9655,31,0,30,8,3.8,57,A
366727190,2022-01-04T22:01:04,40.66628,-74.03907,8.6,72.9,70.0,JILL REINAUER,IMO7042813,WCW9655,31,0,30,8,3.8,57,A
366727190,2022-01-04T22:03:09,40.66827,-74.03299,8.7,49.3,52.0,JILL REINAUER,IMO7042813,WCW9655,31,0,30,8,3.8,57,A
366727190,2022-01-04T22:08:23,40.67190,-74.01891,6.4,119.8,120.0,JILL REINAUER,IMO7042813,WCW9655,31,0,30,8,3.8,57,A
366727190,2022-01-04T23:07:22,40.66945,-74.01731,0.0,35.2,350.0,JILL REINAUER,IMO7042813,WCW9655,31,0,30,8,3.8,57,A
366727190,2022-01-04T17:14:22,40.55728,-74.24194,0.0,236.8,47.0,JILL REINAUER,IMO7042813,WCW9655,31,0,30,8,3.8,57,A
366727190,2022-01-04T22:12:32,40.66945,-74.01719,0.1,274.7,312.0,JILL REINAUER,IMO7042813,WCW9655,31,0,30,8,3.8,57,A
366727190,2022-01-04T23:43:03,40.66945,-74.01730,0.0,203.1,351.0,JILL REINAUER,IMO7042813,WCW9655,31,0,30,8,3.8,57,A
366727190,2022-01-04T22:57:51,40.66949,-74.01726,0.0,73.6,352.0,JILL REINAUER,IMO7042813,WCW9655,31,0,30,8,3.8,57,A
366727190,2022-01-04T23:14:22,40.66942,-74.01725,0.0,170.6,350.0,JILL REINAUER,IMO7042813,WCW9655,31,0,30,8,3.8,57,A
366727190,2022-01-04T17:20:13,40.55730,-74.24200,0.0,180.2,46.0,JILL REINAUER,IMO7042813,WCW9655,31,0,30,8,3.8,57,A
366727190,2022-01-04T23:17:51,40.66942,-74.01730,0.0,65.3,349.0,JILL REINAUER,IMO7042813,WCW9655,31,0,30,8,3.8,57,A
366727190,2022-01-04T23:20:11,40.66943,-74.01730,0.0,110.3,349.0,JILL REINAUER,IMO7042813,WCW9655,31,0,30,8,3.8,57,A
366727190,2022-01-04T22:23:53,40.66938,-74.01734,0.0,201.5,351.0,JILL REINAUER,IMO7042813,WCW9655,31,0,30,8,3.8,57,A
366727190,2022-01-04T23:23:33,40.66942,-74.01730,0.0,155.3,349.0,JILL REINAUER,IMO7042813,WCW9655,31,0,30,8,3.8,57,A
366727190,2022-01-04T23:54:43,40.66945,-74.01734,0.0,325.8,352.0,JILL REINAUER,IMO7042813,WCW9655,31,0,30,8,3.8,57,A
366727190,2022-01-04T23:01:11,40.66947,-74.01725,0.0,336.3,351.0,JILL REINAUER,IMO7042813,WCW9655,31,0,30,8,3.8,57,A
366727190,2022-01-04T17:28:42,40.55727,-74.24198,0.0,302.1,47.0,JILL REINAUER,IMO7042813,WCW9655,31,0,30,8,3.8,57,A
366727190,2022-01-04T23:57:02,40.66945,-74.01733,0.0,203.9,352.0,JILL REINAUER,IMO7042813,WCW9655,31,0,30,8,3.8,57,A
366727190,2022-01-04T23:58:11,40.66944,-74.01731,0.0,166.3,351.0,JILL REINAUER,IMO7042813,WCW9655,31,0,30,8,3.8,57,A
366727190,2022-01-04T22:30:42,40.66947,-74.01729,0.0,28.2,351.0,JILL REINAUER,IMO7042813,WCW9655,31,0,30,8,3.8,57,A
366727190,2022-01-04T23:29:02,40.66945,-74.01729,0.0,111.9,349.0,JILL REINAUER,IMO7042813,WCW9655,31,0,30,8,3.8,57,A
366727190,2022-01-04T23:21:12,40.66945,-74.01730,0.0,205.5,349.0,JILL REINAUER,IMO7042813,WCW9655,31,0,30,8,3.8,57,A
366727190,2022-01-04T23:15:33,40.66944,-74.01728,0.0,257.6,349.0,JILL REINAUER,IMO7042813,WCW9655,31,0,30,8,3.8,57,A
366727190,2022-01-04T23:28:01,40.66944,-74.01728,0.0,309.1,349.0,JILL REINAUER,IMO7042813,WCW9655,31,0,30,8,3.8,57,A
366727190,2022-01-04T20:53:25,40.63531,-74.19692,7.9,36.7,36.0,JILL REINAUER,IMO7042813,WCW9655,31,0,30,8,3.8,57,A
366727190,2022-01-04T23:30:12,40.66944,-74.01728,0.0,226.9,349.0,JILL REINAUER,IMO7042813,WCW9655,31,0,30,8,3.8,57,A
366727190,2022-01-04T20:55:30,40.63851,-74.19401,5.8,40.5,44.0,JILL REINAUER,IMO7042813,WCW9655,31,0,30,8,3.8,57,A
366727190,2022-01-04T20:57:41,40.64167,-74.18993,7.7,42.9,45.0,JILL REINAUER,IMO7042813,WCW9655,31,0,30,8,3.8,57,A
366727190,2022-01-04T23:36:02,40.66944,-74.01733,0.0,188.1,350.0,JILL REINAUER,IMO7042813,WCW9655,31,0,30,8,3.8,57,A
366727190,2022-01-04T23:38:22,40.66944,-74.01730,0.0,310.8,350.0,JILL REINAUER,IMO7042813,WCW9655,31,0,30,8,3.8,57,A
366727190,2022-01-04T23:32:32,40.66944,-74.01727,0.0,219.3,350.0,JILL REINAUER,IMO7042813,WCW9655,31,0,30,8,3.8,57,A
366727190,2022-01-04T23:33:42,40.66945,-74.01727,0.0,237.9,350.0,JILL REINAUER,IMO7042813,WCW9655,31,0,30,8,3.8,57,A
366727190,2022-01-04T23:45:23,40.66945,-74.01732,0.0,257.8,352.0,JILL REINAUER,IMO7042813,WCW9655,31,0,30,8,3.8,57,A
366727190,2022-01-04T23:46:32,40.66944,-74.01729,0.0,167.8,351.0,JILL REINAUER,IMO7042813,WCW9655,31,0,30,8,3.8,57,A
366727190,2022-01-04T17:57:52,40.55728,-74.24205,0.0,53.0,46.0,JILL REINAUER,IMO7042813,WCW9655,31,0,30,8,3.8,57,A
366727190,2022-01-04T23:08:31,40.66946,-74.01730,0.0,208.7,351.0,JILL REINAUER,IMO7042813,WCW9655,31,0,30,8,3.8,57,A
366727190,2022-01-04T18:03:42,40.55730,-74.24201,0.0,8.3,47.0,JILL REINAUER,IMO7042813,WCW9655,31,0,30,8,3.8,57,A
366727190,2022-01-04T18:05:12,40.55731,-74.24201,0.0,47.3,48.0,JILL REINAUER,IMO7042813,WCW9655,31,0,30,8,3.8,57,A
366727190,2022-01-04T23:47:43,40.66943,-74.01730,0.0,233.9,352.0,JILL REINAUER,IMO7042813,WCW9655,31,0,30,8,3.8,57,A
366727190,2022-01-04T21:22:12,40.64134,-74.12903,0.0,98.3,152.0,JILL REINAUER,IMO7042813,WCW9655,31,0,30,8,3.8,57,A
366727190,2022-01-04T18:10:02,40.55730,-74.24200,0.0,308.1,47.0,JILL REINAUER,IMO7042813,WCW9655,31,0,30,8,3.8,57,A
366727190,2022-01-04T21:25:28,40.64137,-74.12899,0.1,258.0,169.0,JILL REINAUER,IMO7042813,WCW9655,31,0,30,8,3.8,57,A
366727190,2022-01-04T23:25:51,40.66942,-74.01730,0.0,199.6,349.0,JILL REINAUER,IMO7042813,WCW9655,31,0,30,8,3.8,57,A
366727190,2022-01-04T23:59:22,40.66944,-74.01731,0.0,315.6,351.0,JILL REINAUER,IMO7042813,WCW9655,31,0,30,8,3.8,57,A
366727190,2022-01-04T23:37:11,40.66944,-74.01730,0.0,201.7,350.0,JILL REINAUER,IMO7042813,WCW9655,31,0,30,8,3.8,57,A
366727190,2022-01-04T23:39:32,40.66944,-74.01729,0.0,239.6,351.0,JILL REINAUER,IMO7042813,WCW9655,31,0,30,8,3.8,57,A
366727190,2022-01-04T23:41:52,40.66943,-74.01729,0.0,218.3,351.0,JILL REINAUER,IMO7042813,WCW9655,31,0,30,8,3.8,57,A
366727190,2022-01-04T18:28:01,40.55732,-74.24199,0.0,238.0,52.0,JILL REINAUER,IMO7042813,WCW9655,31,0,30,8,3.8,57,A
366727190,2022-01-04T21:46:42,40.65368,-74.08066,8.3,80.1,84.0,JILL REINAUER,IMO7042813,WCW9655,31,0,30,8,3.8,57,A
366727190,2022-01-04T18:37:02,40.55732,-74.24198,0.0,165.9,51.0,JILL REINAUER,IMO7042813,WCW9655,31,0,30,8,3.8,57,A
366727190,2022-01-04T18:39:12,40.55730,-74.24198,0.0,162.0,50.0,JILL REINAUER,IMO7042813,WCW9655,31,0,30,8,3.8,57,A
366727190,2022-01-04T23:52:22,40.66944,-74.01735,0.1,303.0,352.0,JILL REINAUER,IMO7042813,WCW9655,31,0,30,8,3.8,57,A
366727190,2022-01-04T18:40:22,40.55728,-74.24196,0.0,149.3,50.0,JILL REINAUER,IMO7042813,WCW9655,31,0,30,8,3.8,57,A
366727190,2022-01-04T18:41:32,40.55727,-74.24195,0.0,170.0,50.0,JILL REINAUER,IMO7042813,WCW9655,31,0,30,8,3.8,57,A
366727190,2022-01-04T21:50:55,40.65995,-74.06871,10.2,45.4,56.0,JILL REINAUER,IMO7042813,WCW9655,31,0,30,8,3.8,57,A
366727190,2022-01-04T23:55:53,40.66945,-74.01732,0.0,201.6,352.0,JILL REINAUER,IMO7042813,WCW9655,31,0,30,8,3.8,57,A
366727190,2022-01-04T21:55:06,40.66191,-74.05514,8.3,83.2,88.0,JILL REINAUER,IMO7042813,WCW9655,31,0,30,8,3.8,57,A
366727190,2022-01-04T21:56:08,40.66173,-74.05197,8.1,89.3,73.0,JILL REINAUER,IMO7042813,WCW9655,31,0,30,8,3.8,57,A
366727190,2022-01-04T18:50:01,40.55731,-74.24191,0.0,51.8,43.0,JILL REINAUER,IMO7042813,WCW9655,31,0,30,8,3.8,57,A
366727190,2022-01-04T19:04:52,40.55730,-74.24187,0.0,174.5,32.0,JILL REINAUER,IMO7042813,WCW9655,31,0,30,8,3.8,57,A
366727190,2022-01-04T19:06:12,40.55730,-74.24185,0.0,110.5,24.0,JILL REINAUER,IMO7042813,WCW9655,31,0,30,8,3.8,57,A
366727190,2022-01-04T22:14:42,40.66945,-74.01728,0.0,263.3,348.0,JILL REINAUER,IMO7042813,WCW9655,31,0,30,8,3.8,57,A
366727190,2022-01-04T22:15:53,40.66943,-74.01730,0.0,298.9,354.0,JILL REINAUER,IMO7042813,WCW9655,31,0,30,8,3.8,57,A
366727190,2022-01-04T22:18:12,40.66945,-74.01727,0.0,9.6,354.0,JILL REINAUER,IMO7042813,WCW9655,31,0,30,8,3.8,57,A
366727190,2022-01-04T22:19:23,40.66945,-74.01730,0.0,176.9,350.0,JILL REINAUER,IMO7042813,WCW9655,31,0,30,8,3.8,57,A
366727190,2022-01-04T22:26:03,40.66941,-74.01729,0.0,131.7,351.0,JILL REINAUER,IMO7042813,WCW9655,31,0,30,8,3.8,57,A
366727190,2022-01-04T22:31:52,40.66947,-74.01728,0.0,138.3,351.0,JILL REINAUER,IMO7042813,WCW9655,31,0,30,8,3.8,57,A
366727190,2022-01-04T22:37:31,40.66947,-74.01729,0.0,174.6,351.0,JILL REINAUER,IMO7042813,WCW9655,31,0,30,8,3.8,57,A
366727190,2022-01-04T19:51:44,40.54311,-74.25275,0.4,164.2,288.0,JILL REINAUER,IMO7042813,WCW9655,31,0,30,8,3.8,57,A
366727190,2022-01-04T23:06:12,40.66947,-74.01727,0.0,244.0,350.0,JILL REINAUER,IMO7042813,WCW9655,31,0,30,8,3.8,57,A
366727190,2022-01-04T23:10:53,40.66944,-74.01725,0.0,341.7,351.0,JILL REINAUER,IMO7042813,WCW9655,31,0,30,8,3.8,57,A
366727190,2022-01-04T23:12:01,40.66943,-74.01727,0.0,246.6,351.0,JILL REINAUER,IMO7042813,WCW9655,31,0,30,8,3.8,57,A
366727190,2022-01-04T20:09:48,40.55738,-74.22155,8.7,84.1,86.0,JILL REINAUER,IMO7042813,WCW9655,31,0,30,8,3.8,57,A
366727190,2022-01-04T20:10:51,40.55773,-74.21823,8.6,70.5,67.0,JILL REINAUER,IMO7042813,WCW9655,31,0,30,8,3.8,57,A
366727190,2022-01-04T20:17:22,40.57084,-74.21130,8.5,12.5,14.0,JILL REINAUER,IMO7042813,WCW9655,31,0,30,8,3.8,57,A
366727190,2022-01-04T23:22:23,40.66942,-74.01732,0.0,256.3,349.0,JILL REINAUER,IMO7042813,WCW9655,31,0,30,8,3.8,57,A
366727190,2022-01-04T20:25:13,40.58710,-74.20714,6.1,15.6,17.0,JILL REINAUER,IMO7042813,WCW9655,31,0,30,8,3.8,57,A
366727190,2022-01-04T23:24:42,40.66942,-74.01731,0.0,236.2,349.0,JILL REINAUER,IMO7042813,WCW9655,31,0,30,8,3.8,57,A
366727190,2022-01-04T23:26:52,40.66943,-74.01728,0.0,254.2,349.0,JILL REINAUER,IMO7042813,WCW9655,31,0,30,8,3.8,57,A
366727190,2022-01-04T20:27:26,40.59089,-74.20496,6.9,27.7,30.0,JILL REINAUER,IMO7042813,WCW9655,31,0,30,8,3.8,57,A
366727190,2022-01-04T20:28:31,40.59270,-74.20359,6.8,31.0,34.0,JILL REINAUER,IMO7042813,WCW9655,31,0,30,8,3.8,57,A
366727190,2022-01-04T23:34:52,40.66944,-74.01731,0.0,341.2,350.0,JILL REINAUER,IMO7042813,WCW9655,31,0,30,8,3.8,57,A
366727190,2022-01-04T20:36:21,40.60520,-74.20466,3.0,324.3,328.0,JILL REINAUER,IMO7042813,WCW9655,31,0,30,8,3.8,57,A
366727190,2022-01-04T23:48:51,40.66943,-74.01733,0.0,160.8,352.0,JILL REINAUER,IMO7042813,WCW9655,31,0,30,8,3.8,57,A
366727190,2022-01-04T23:50:02,40.66944,-74.01732,0.0,211.3,352.0,JILL REINAUER,IMO7042813,WCW9655,31,0,30,8,3.8,57,A
366727190,2022-01-04T23:51:12,40.66946,-74.01731,0.0,240.9,352.0,JILL REINAUER,IMO7042813,WCW9655,31,0,30,8,3.8,57,A
366727190,2022-01-04T23:53:31,40.66943,-74.01733,0.0,242.3,352.0,JILL REINAUER,IMO7042813,WCW9655,31,0,30,8,3.8,57,A
366727190,2022-01-04T21:24:26,40.64139,-74.12896,0.1,68.2,175.0,JILL REINAUER,IMO7042813,WCW9655,31,0,30,8,3.8,57,A
366727190,2022-01-04T21:27:35,40.64156,-74.12909,2.1,338.2,163.0,JILL REINAUER,IMO7042813,WCW9655,31,0,30,8,3.8,57,A
366727190,2022-01-04T21:29:38,40.64204,-74.12520,9.0,72.2,71.0,JILL REINAUER,IMO7042813,WCW9655,31,0,30,8,3.8,57,A
366727190,2022-01-04T21:43:32,40.65115,-74.08853,7.1,61.9,65.0,JILL REINAUER,IMO7042813,WCW9655,31,0,30,8,3.8,57,A
366727190,2022-01-04T21:53:02,40.66096,-74.06144,9.6,92.9,95.0,JILL REINAUER,IMO7042813,WCW9655,31,0,30,8,3.8,57,A
366727190,2022-01-04T22:11:28,40.66949,-74.01716,0.4,256.2,281.0,JILL REINAUER,IMO7042813,WCW9655,31,0,30,8,3.8,57,A
366727190,2022-01-04T22:17:02,40.66944,-74.01726,0.0,158.7,355.0,JILL REINAUER,IMO7042813,WCW9655,31,0,30,8,3.8,57,A
366727190,2022-01-04T22:25:02,40.66942,-74.01728,0.0,9.6,351.0,JILL REINAUER,IMO7042813,WCW9655,31,0,30,8,3.8,57,A
366727190,2022-01-04T22:46:12,40.66944,-74.01729,0.0,248.2,351.0,JILL REINAUER,IMO7042813,WCW9655,31,0,30,8,3.8,57,A
366727190,2022-01-04T22:47:22,40.66945,-74.01731,0.0,239.9,351.0,JILL REINAUER,IMO7042813,WCW9655,31,0,30,8,3.8,57,A
366727190,2022-01-04T22:48:32,40.66948,-74.01730,0.0,357.1,351.0,JILL REINAUER,IMO7042813,WCW9655,31,0,30,8,3.8,57,A
366727190,2022-01-04T22:53:12,40.66944,-74.01730,0.0,186.4,352.0,JILL REINAUER,IMO7042813,WCW9655,31,0,30,8,3.8,57,A
366727190,2022-01-04T23:03:31,40.66949,-74.01726,0.0,295.6,350.0,JILL REINAUER,IMO7042813,WCW9655,31,0,30,8,3.8,57,A
366727190,2022-01-04T23:09:42,40.66942,-74.01728,0.0,225.5,351.0,JILL REINAUER,IMO7042813,WCW9655,31,0,30,8,3.8,57,A
366727190,2022-01-04T23:16:42,40.66947,-74.01728,0.0,348.6,349.0,JILL REINAUER,IMO7042813,WCW9655,31,0,30,8,3.8,57,A
366727190,2022-01-04T23:19:02,40.66942,-74.01729,0.0,181.3,349.0,JILL REINAUER,IMO7042813,WCW9655,31,0,30,8,3.8,57,A
366727190,2022-01-04T23:31:21,40.66943,-74.01730,0.0,168.6,351.0,JILL REINAUER,IMO7042813,WCW9655,31,0,30,8,3.8,57,A
366727190,2022-01-04T23:44:12,40.66947,-74.01732,0.0,204.5,352.0,JILL REINAUER,IMO7042813,WCW9655,31,0,30,8,3.8,57,A
366727190,2022-01-05T00:00:02,40.66944,-74.01730,0.0,121.6,351.0,JILL REINAUER,IMO7042813,WCW9655,31,0,30,8,3.8,57,A
366727190,2022-01-05T00:01:11,40.66947,-74.01726,0.0,157.8,351.0,JILL REINAUER,IMO7042813,WCW9655,31,0,30,8,3.8,57,A
366727190,2022-01-05T00:02:22,40.66945,-74.01730,0.0,318.3,352.0,JILL REINAUER,IMO7042813,WCW9655,31,0,30,8,3.8,57,A
366727190,2022-01-05T00:03:32,40.66945,-74.01728,0.0,175.2,352.0,JILL REINAUER,IMO7042813,WCW9655,31,0,30,8,3.8,57,A
366727190,2022-01-05T00:04:42,40.66945,-74.01729,0.0,190.7,352.0,JILL REINAUER,IMO7042813,WCW9655,31,0,30,8,3.8,57,A
366727190,2022-01-05T00:08:22,40.66945,-74.01728,0.0,324.0,352.0,JILL REINAUER,IMO7042813,WCW9655,31,0,30,8,3.8,57,A
366727190,2022-01-05T00:06:11,40.66945,-74.01730,0.0,340.9,352.0,JILL REINAUER,IMO7042813,WCW9655,31,0,30,8,3.8,57,A
366727190,2022-01-05T00:10:42,40.66947,-74.01727,0.0,215.8,352.0,JILL REINAUER,IMO7042813,WCW9655,31,0,30,8,3.8,57,A
366727190,2022-01-05T00:07:12,40.66945,-74.01730,0.0,142.3,353.0,JILL REINAUER,IMO7042813,WCW9655,31,0,30,8,3.8,57,A
366727190,2022-01-05T00:09:32,40.66945,-74.01726,0.0,297.0,352.0,JILL REINAUER,IMO7042813,WCW9655,31,0,30,8,3.8,57,A
366727190,2022-01-05T00:11:51,40.66946,-74.01727,0.0,195.8,352.0,JILL REINAUER,IMO7042813,WCW9655,31,0,30,8,3.8,57,A
366727190,2022-01-05T00:14:12,40.66945,-74.01730,0.0,324.0,352.0,JILL REINAUER,IMO7042813,WCW9655,31,0,30,8,3.8,57,A
366727190,2022-01-05T00:13:02,40.66947,-74.01728,0.0,323.0,352.0,JILL REINAUER,IMO7042813,WCW9655,31,0,30,8,3.8,57,A
366727190,2022-01-05T00:16:21,40.66943,-74.01728,0.0,218.6,351.0,JILL REINAUER,IMO7042813,WCW9655,31,0,30,8,3.8,57,A
366727190,2022-01-05T00:19:51,40.66946,-74.01730,0.0,238.6,351.0,JILL REINAUER,IMO7042813,WCW9655,31,0,30,8,3.8,57,A
366727190,2022-01-05T00:21:01,40.66945,-74.01729,0.0,326.6,351.0,JILL REINAUER,IMO7042813,WCW9655,31,0,30,8,3.8,57,A
366727190,2022-01-05T00:18:33,40.66946,-74.01730,0.0,1.3,351.0,JILL REINAUER,IMO7042813,WCW9655,31,0,30,8,3.8,57,A
366727190,2022-01-05T00:22:11,40.66944,-74.01731,0.0,187.2,351.0,JILL REINAUER,IMO7042813,WCW9655,31,0,30,8,3.8,57,A
366727190,2022-01-05T00:15:13,40.66944,-74.01730,0.0,279.4,352.0,JILL REINAUER,IMO7042813,WCW9655,31,0,30,8,3.8,57,A
366727190,2022-01-05T00:23:23,40.66945,-74.01728,0.0,330.9,351.0,JILL REINAUER,IMO7042813,WCW9655,31,0,30,8,3.8,57,A
366727190,2022-01-05T00:24:33,40.66945,-74.01726,0.0,203.1,351.0,JILL REINAUER,IMO7042813,WCW9655,31,0,30,8,3.8,57,A
366727190,2022-01-05T00:26:51,40.66945,-74.01729,0.0,279.3,350.0,JILL REINAUER,IMO7042813,WCW9655,31,0,30,8,3.8,57,A
366727190,2022-01-05T00:28:02,40.66945,-74.01728,0.0,255.5,350.0,JILL REINAUER,IMO7042813,WCW9655,31,0,30,8,3.8,57,A
366727190,2022-01-05T00:17:31,40.66945,-74.01728,0.0,342.8,352.0,JILL REINAUER,IMO7042813,WCW9655,31,0,30,8,3.8,57,A
366727190,2022-01-05T00:31:32,40.66944,-74.01726,0.0,294.4,350.0,JILL REINAUER,IMO7042813,WCW9655,31,0,30,8,3.8,57,A
366727190,2022-01-05T00:29:11,40.66944,-74.01728,0.0,250.7,350.0,JILL REINAUER,IMO7042813,WCW9655,31,0,30,8,3.8,57,A
366727190,2022-01-05T00:33:52,40.66947,-74.01727,0.0,155.9,350.0,JILL REINAUER,IMO7042813,WCW9655,31,0,30,8,3.8,57,A
366727190,2022-01-05T00:35:02,40.66947,-74.01726,0.0,314.0,350.0,JILL REINAUER,IMO7042813,WCW9655,31,0,30,8,3.8,57,A
366727190,2022-01-05T00:36:12,40.66944,-74.01726,0.0,291.3,350.0,JILL REINAUER,IMO7042813,WCW9655,31,0,30,8,3.8,57,A
366727190,2022-01-05T00:39:32,40.66947,-74.01729,0.0,295.9,350.0,JILL REINAUER,IMO7042813,WCW9655,31,0,30,8,3.8,57,A
366727190,2022-01-05T00:38:22,40.66945,-74.01727,0.0,160.6,350.0,JILL REINAUER,IMO7042813,WCW9655,31,0,30,8,3.8,57,A
366727190,2022-01-05T00:37:13,40.66945,-74.01728,0.0,264.9,350.0,JILL REINAUER,IMO7042813,WCW9655,31,0,30,8,3.8,57,A
366727190,2022-01-05T00:43:01,40.66944,-74.01730,0.0,348.0,349.0,JILL REINAUER,IMO7042813,WCW9655,31,0,30,8,3.8,57,A
366727190,2022-01-05T00:40:43,40.66946,-74.01729,0.0,297.7,350.0,JILL REINAUER,IMO7042813,WCW9655,31,0,30,8,3.8,57,A
366727190,2022-01-05T00:41:51,40.66946,-74.01728,0.1,341.8,349.0,JILL REINAUER,IMO7042813,WCW9655,31,0,30,8,3.8,57,A
366727190,2022-01-05T00:47:42,40.66945,-74.01727,0.0,329.0,350.0,JILL REINAUER,IMO7042813,WCW9655,31,0,30,8,3.8,57,A
366727190,2022-01-05T00:48:53,40.66946,-74.01727,0.0,311.4,350.0,JILL REINAUER,IMO7042813,WCW9655,31,0,30,8,3.8,57,A
366727190,2022-01-05T00:46:31,40.66945,-74.01727,0.0,278.2,350.0,JILL REINAUER,IMO7042813,WCW9655,31,0,30,8,3.8,57,A
366727190,2022-01-05T00:50:01,40.66946,-74.01731,0.0,192.8,350.0,JILL REINAUER,IMO7042813,WCW9655,31,0,30,8,3.8,57,A
366727190,2022-01-05T00:51:13,40.66946,-74.01731,0.0,264.2,351.0,JILL REINAUER,IMO7042813,WCW9655,31,0,30,8,3.8,57,A
366727190,2022-01-05T00:52:22,40.66945,-74.01729,0.0,40.6,351.0,JILL REINAUER,IMO7042813,WCW9655,31,0,30,8,3.8,57,A
366727190,2022-01-05T00:45:21,40.66946,-74.01727,0.1,322.7,350.0,JILL REINAUER,IMO7042813,WCW9655,31,0,30,8,3.8,57,A
366727190,2022-01-05T00:55:41,40.66942,-74.01734,0.0,257.9,351.0,JILL REINAUER,IMO7042813,WCW9655,31,0,30,8,3.8,57,A
366727190,2022-01-05T00:56:52,40.66940,-74.01737,0.0,196.3,351.0,JILL REINAUER,IMO7042813,WCW9655,31,0,30,8,3.8,57,A
366727190,2022-01-05T00:54:32,40.66942,-74.01731,0.0,290.8,351.0,JILL REINAUER,IMO7042813,WCW9655,31,0,30,8,3.8,57,A
366727190,2022-01-05T00:59:11,40.66942,-74.01734,0.0,268.7,351.0,JILL REINAUER,IMO7042813,WCW9655,31,0,30,8,3.8,57,A
366727190,2022-01-05T00:25:43,40.66946,-74.01728,0.0,301.5,350.0,JILL REINAUER,IMO7042813,WCW9655,31,0,30,8,3.8,57,A
366727190,2022-01-05T01:00:02,40.66944,-74.01735,0.0,312.9,351.0,JILL REINAUER,IMO7042813,WCW9655,31,0,30,8,3.8,57,A
366727190,2022-01-05T01:01:11,40.66945,-74.01732,0.0,3.5,351.0,JILL REINAUER,IMO7042813,WCW9655,31,0,30,8,3.8,57,A
366727190,2022-01-05T00:58:03,40.66942,-74.01735,0.0,351.8,351.0,JILL REINAUER,IMO7042813,WCW9655,31,0,30,8,3.8,57,A
366727190,2022-01-05T01:07:21,40.66944,-74.01731,0.0,276.7,351.0,JILL REINAUER,IMO7042813,WCW9655,31,0,30,8,3.8,57,A
366727190,2022-01-05T01:02:23,40.66942,-74.01736,0.0,8.9,351.0,JILL REINAUER,IMO7042813,WCW9655,31,0,30,8,3.8,57,A
366727190,2022-01-05T01:04:43,40.66943,-74.01733,0.1,338.8,351.0,JILL REINAUER,IMO7042813,WCW9655,31,0,30,8,3.8,57,A
366727190,2022-01-05T01:08:31,40.66944,-74.01730,0.0,357.6,351.0,JILL REINAUER,IMO7042813,WCW9655,31,0,30,8,3.8,57,A
366727190,2022-01-05T01:06:12,40.66941,-74.01733,0.0,210.8,351.0,JILL REINAUER,IMO7042813,WCW9655,31,0,30,8,3.8,57,A
366727190,2022-01-05T01:10:42,40.66945,-74.01729,0.0,2.3,351.0,JILL REINAUER,IMO7042813,WCW9655,31,0,30,8,3.8,57,A
366727190,2022-01-05T01:11:52,40.66942,-74.01730,0.0,295.0,351.0,JILL REINAUER,IMO7042813,WCW9655,31,0,30,8,3.8,57,A
366727190,2022-01-05T01:09:41,40.66943,-74.01729,0.0,280.0,351.0,JILL REINAUER,IMO7042813,WCW9655,31,0,30,8,3.8,57,A
366727190,2022-01-05T01:15:22,40.66942,-74.01728,0.0,17.4,351.0,JILL REINAUER,IMO7042813,WCW9655,31,0,30,8,3.8,57,A
366727190,2022-01-05T01:13:01,40.66944,-74.01729,0.0,259.4,351.0,JILL REINAUER,IMO7042813,WCW9655,31,0,30,8,3.8,57,A
366727190,2022-01-05T00:30:21,40.66945,-74.01727,0.0,346.8,350.0,JILL REINAUER,IMO7042813,WCW9655,31,0,30,8,3.8,57,A
366727190,2022-01-05T01:20:01,40.66944,-74.01729,0.0,350.0,351.0,JILL REINAUER,IMO7042813,WCW9655,31,0,30,8,3.8,57,A
366727190,2022-01-05T00:32:43,40.66944,-74.01729,0.0,286.3,349.0,JILL REINAUER,IMO7042813,WCW9655,31,0,30,8,3.8,57,A
366727190,2022-01-05T01:18:53,40.66943,-74.01729,0.0,254.7,351.0,JILL REINAUER,IMO7042813,WCW9655,31,0,30,8,3.8,57,A
366727190,2022-01-05T01:16:31,40.66944,-74.01729,0.0,20.4,351.0,JILL REINAUER,IMO7042813,WCW9655,31,0,30,8,3.8,57,A
366727190,2022-01-05T01:21:11,40.66947,-74.01727,0.0,267.2,351.0,JILL REINAUER,IMO7042813,WCW9655,31,0,30,8,3.8,57,A
366727190,2022-01-05T01:24:42,40.66944,-74.01727,0.0,49.1,350.0,JILL REINAUER,IMO7042813,WCW9655,31,0,30,8,3.8,57,A
366727190,2022-01-05T01:17:42,40.66946,-74.01729,0.0,38.1,351.0,JILL REINAUER,IMO7042813,WCW9655,31,0,30,8,3.8,57,A
366727190,2022-01-05T01:22:22,40.66944,-74.01729,0.0,30.4,350.0,JILL REINAUER,IMO7042813,WCW9655,31,0,30,8,3.8,57,A
366727190,2022-01-05T01:23:32,40.66944,-74.01730,0.0,348.5,350.0,JILL REINAUER,IMO7042813,WCW9655,31,0,30,8,3.8,57,A
366727190,2022-01-05T01:27:01,40.66945,-74.01725,0.0,159.9,350.0,JILL REINAUER,IMO7042813,WCW9655,31,0,30,8,3.8,57,A
366727190,2022-01-05T01:29:22,40.66944,-74.01726,0.0,180.0,350.0,JILL REINAUER,IMO7042813,WCW9655,31,0,30,8,3.8,57,A
366727190,2022-01-05T01:30:32,40.66944,-74.01726,0.0,187.6,350.0,JILL REINAUER,IMO7042813,WCW9655,31,0,30,8,3.8,57,A
366727190,2022-01-05T01:31:43,40.66942,-74.01727,0.0,135.9,350.0,JILL REINAUER,IMO7042813,WCW9655,31,0,30,8,3.8,57,A
366727190,2022-01-05T01:32:51,40.66943,-74.01731,0.0,253.2,350.0,JILL REINAUER,IMO7042813,WCW9655,31,0,30,8,3.8,57,A
366727190,2022-01-05T01:34:01,40.66945,-74.01732,0.0,196.4,349.0,JILL REINAUER,IMO7042813,WCW9655,31,0,30,8,3.8,57,A
366727190,2022-01-05T01:38:41,40.66947,-74.01728,0.0,213.9,349.0,JILL REINAUER,IMO7042813,WCW9655,31,0,30,8,3.8,57,A
366727190,2022-01-05T01:35:12,40.66944,-74.01728,0.0,243.1,349.0,JILL REINAUER,IMO7042813,WCW9655,31,0,30,8,3.8,57,A
366727190,2022-01-05T01:37:32,40.66949,-74.01728,0.0,326.0,349.0,JILL REINAUER,IMO7042813,WCW9655,31,0,30,8,3.8,57,A
366727190,2022-01-05T01:28:12,40.66946,-74.01726,0.0,167.1,350.0,JILL REINAUER,IMO7042813,WCW9655,31,0,30,8,3.8,57,A
366727190,2022-01-05T01:43:23,40.66944,-74.01731,0.0,261.2,350.0,JILL REINAUER,IMO7042813,WCW9655,31,0,30,8,3.8,57,A
366727190,2022-01-05T01:44:32,40.66944,-74.01729,0.0,147.3,350.0,JILL REINAUER,IMO7042813,WCW9655,31,0,30,8,3.8,57,A
366727190,2022-01-05T01:36:22,40.66945,-74.01729,0.0,217.2,349.0,JILL REINAUER,IMO7042813,WCW9655,31,0,30,8,3.8,57,A
366727190,2022-01-05T00:44:12,40.66947,-74.01727,0.0,352.4,350.0,JILL REINAUER,IMO7042813,WCW9655,31,0,30,8,3.8,57,A
366727190,2022-01-05T01:45:42,40.66946,-74.01728,0.0,343.7,350.0,JILL REINAUER,IMO7042813,WCW9655,31,0,30,8,3.8,57,A
366727190,2022-01-05T01:49:13,40.66948,-74.01730,0.0,305.6,350.0,JILL REINAUER,IMO7042813,WCW9655,31,0,30,8,3.8,57,A
366727190,2022-01-05T01:41:01,40.66944,-74.01729,0.0,14.8,350.0,JILL REINAUER,IMO7042813,WCW9655,31,0,30,8,3.8,57,A
366727190,2022-01-05T01:52:42,40.66943,-74.01730,0.0,305.7,349.0,JILL REINAUER,IMO7042813,WCW9655,31,0,30,8,3.8,57,A
366727190,2022-01-05T01:51:32,40.66947,-74.01730,0.0,255.0,350.0,JILL REINAUER,IMO7042813,WCW9655,31,0,30,8,3.8,57,A
366727190,2022-01-05T01:46:51,40.66949,-74.01728,0.0,224.6,350.0,JILL REINAUER,IMO7042813,WCW9655,31,0,30,8,3.8,57,A
366727190,2022-01-05T01:56:53,40.66934,-74.01716,0.4,45.9,8.0,JILL REINAUER,IMO7042813,WCW9655,31,0,30,8,3.8,57,A
366727190,2022-01-05T01:48:01,40.66946,-74.01730,0.0,239.5,350.0,JILL REINAUER,IMO7042813,WCW9655,31,0,30,8,3.8,57,A
366727190,2022-01-05T01:50:22,40.66948,-74.01730,0.0,277.5,350.0,JILL REINAUER,IMO7042813,WCW9655,31,0,30,8,3.8,57,A
366727190,2022-01-05T01:58:56,40.67191,-74.01905,8.5,300.0,306.0,JILL REINAUER,IMO7042813,WCW9655,31,0,30,8,3.8,57,A
366727190,2022-01-05T02:00:03,40.67344,-74.02207,8.8,295.1,287.0,JILL REINAUER,IMO7042813,WCW9655,31,0,30,8,3.8,57,A
366727190,2022-01-05T01:57:55,40.67054,-74.01698,6.6,340.1,331.0,JILL REINAUER,IMO7042813,WCW9655,31,0,30,8,3.8,57,A
366727190,2022-01-05T01:59:58,40.67336,-74.02188,8.8,297.0,290.0,JILL REINAUER,IMO7042813,WCW9655,31,0,30,8,3.8,57,A
366727190,2022-01-05T01:53:43,40.66942,-74.01728,0.0,340.1,350.0,JILL REINAUER,IMO7042813,WCW9655,31,0,30,8,3.8,57,A
366727190,2022-01-05T02:01:06,40.67378,-74.02548,9.2,258.5,250.0,JILL REINAUER,IMO7042813,WCW9655,31,0,30,8,3.8,57,A
366727190,2022-01-05T02:07:22,40.66739,-74.03325,0.1,113.3,187.0,JILL REINAUER,IMO7042813,WCW9655,31,0,30,8,3.8,57,A
366727190,2022-01-05T02:08:24,40.66738,-74.03327,0.1,319.2,184.0,JILL REINAUER,IMO7042813,WCW9655,31,0,30,8,3.8,57,A
366727190,2022-01-05T01:55:52,40.66942,-74.01728,0.1,61.4,329.0,JILL REINAUER,IMO7042813,WCW9655,31,0,30,8,3.8,57,A
366727190,2022-01-05T02:10:26,40.66740,-74.03334,0.2,272.0,184.0,JILL REINAUER,IMO7042813,WCW9655,31,0,30,8,3.8,57,A
366727190,2022-01-05T02:11:31,40.66740,-74.03338,102.3,360.0,186.0,JILL REINAUER,IMO7042813,WCW9655,31,0,30,8,3.8,57,A
366727190,2022-01-05T00:53:31,40.66945,-74.01729,0.0,302.7,351.0,JILL REINAUER,IMO7042813,WCW9655,31,0,30,8,3.8,57,A
366727190,2022-01-05T02:03:09,40.67066,-74.03059,8.7,219.9,218.0,JILL REINAUER,IMO7042813,WCW9655,31,0,30,8,3.8,57,A
366727190,2022-01-05T02:02:07,40.67253,-74.02841,8.8,227.9,225.0,JILL REINAUER,IMO7042813,WCW9655,31,0,30,8,3.8,57,A
366727190,2022-01-05T02:09:25,40.66739,-74.03329,0.2,266.9,191.0,JILL REINAUER,IMO7042813,WCW9655,31,0,30,8,3.8,57,A
366727190,2022-01-05T02:19:02,40.66743,-74.03354,0.2,266.0,204.0,JILL REINAUER,IMO7042813,WCW9655,31,0,30,8,3.8,57,A
366727190,2022-01-05T02:14:48,40.66739,-74.03339,0.2,276.9,190.0,JILL REINAUER,IMO7042813,WCW9655,31,0,30,8,3.8,57,A
366727190,2022-01-05T02:12:43,40.66745,-74.03334,0.1,199.3,195.0,JILL REINAUER,IMO7042813,WCW9655,31,0,30,8,3.8,57,A
366727190,2022-01-05T02:17:59,40.66747,-74.03349,0.2,293.7,218.0,JILL REINAUER,IMO7042813,WCW9655,31,0,30,8,3.8,57,A
366727190,2022-01-05T02:16:54,40.66746,-74.03344,0.1,267.6,201.0,JILL REINAUER,IMO7042813,WCW9655,31,0,30,8,3.8,57,A
366727190,2022-01-05T02:23:32,40.66753,-74.03382,0.1,302.0,192.0,JILL REINAUER,IMO7042813,WCW9655,31,0,30,8,3.8,57,A
366727190,2022-01-05T02:15:51,40.66743,-74.03341,0.1,313.9,210.0,JILL REINAUER,IMO7042813,WCW9655,31,0,30,8,3.8,57,A
366727190,2022-01-05T02:22:31,40.66752,-74.03377,0.2,293.7,192.0,JILL REINAUER,IMO7042813,WCW9655,31,0,30,8,3.8,57,A
366727190,2022-01-05T02:26:43,40.66755,-74.03387,0.1,68.9,180.0,JILL REINAUER,IMO7042813,WCW9655,31,0,30,8,3.8,57,A
366727190,2022-01-05T02:27:53,40.66756,-74.03386,0.1,79.3,182.0,JILL REINAUER,IMO7042813,WCW9655,31,0,30,8,3.8,57,A
366727190,2022-01-05T02:32:32,40.66754,-74.03370,0.0,123.2,187.0,JILL REINAUER,IMO7042813,WCW9655,31,0,30,8,3.8,57,A
366727190,2022-01-05T02:20:13,40.66745,-74.03363,0.2,275.3,197.0,JILL REINAUER,IMO7042813,WCW9655,31,0,30,8,3.8,57,A
366727190,2022-01-05T02:24:34,40.66754,-74.03388,0.1,347.2,186.0,JILL REINAUER,IMO7042813,WCW9655,31,0,30,8,3.8,57,A
366727190,2022-01-05T02:30:12,40.66756,-74.03377,0.0,102.9,178.0,JILL REINAUER,IMO7042813,WCW9655,31,0,30,8,3.8,57,A
366727190,2022-01-05T02:36:01,40.66751,-74.03365,0.0,260.3,186.0,JILL REINAUER,IMO7042813,WCW9655,31,0,30,8,3.8,57,A
366727190,2022-01-05T02:31:22,40.66755,-74.03372,0.1,86.4,189.0,JILL REINAUER,IMO7042813,WCW9655,31,0,30,8,3.8,57,A
366727190,2022-01-05T02:37:02,40.66750,-74.03366,0.0,278.0,186.0,JILL REINAUER,IMO7042813,WCW9655,31,0,30,8,3.8,57,A
366727190,2022-01-05T01:03:31,40.66945,-74.01734,0.0,240.9,351.0,JILL REINAUER,IMO7042813,WCW9655,31,0,30,8,3.8,57,A
366727190,2022-01-05T02:33:42,40.66752,-74.03368,0.0,288.7,186.0,JILL REINAUER,IMO7042813,WCW9655,31,0,30,8,3.8,57,A
366727190,2022-01-05T02:40:31,40.66752,-74.03367,0.0,304.0,184.0,JILL REINAUER,IMO7042813,WCW9655,31,0,30,8,3.8,57,A
366727190,2022-01-05T02:41:42,40.66751,-74.03368,0.0,293.1,186.0,JILL REINAUER,IMO7042813,WCW9655,31,0,30,8,3.8,57,A
366727190,2022-01-05T02:38:12,40.66752,-74.03367,0.0,221.9,186.0,JILL REINAUER,IMO7042813,WCW9655,31,0,30,8,3.8,57,A
366727190,2022-01-05T02:47:14,40.66754,-74.03363,0.1,90.4,207.0,JILL REINAUER,IMO7042813,WCW9655,31,0,30,8,3.8,57,A
366727190,2022-01-05T02:39:22,40.66752,-74.03368,0.1,301.7,185.0,JILL REINAUER,IMO7042813,WCW9655,31,0,30,8,3.8,57,A
366727190,2022-01-05T02:45:05,40.66754,-74.03364,0.0,33.3,207.0,JILL REINAUER,IMO7042813,WCW9655,31,0,30,8,3.8,57,A
366727190,2022-01-05T02:50:32,40.66748,-74.03354,0.1,169.2,213.0,JILL REINAUER,IMO7042813,WCW9655,31,0,30,8,3.8,57,A
366727190,2022-01-05T02:42:51,40.66751,-74.03368,0.0,229.7,185.0,JILL REINAUER,IMO7042813,WCW9655,31,0,30,8,3.8,57,A
366727190,2022-01-05T02:49:25,40.66752,-74.03357,0.1,111.3,207.0,JILL REINAUER,IMO7042813,WCW9655,31,0,30,8,3.8,57,A
366727190,2022-01-05T02:44:01,40.66751,-74.03368,0.0,126.4,196.0,JILL REINAUER,IMO7042813,WCW9655,31,0,30,8,3.8,57,A
366727190,2022-01-05T02:55:01,40.66743,-74.03340,0.1,159.3,192.0,JILL REINAUER,IMO7042813,WCW9655,31,0,30,8,3.8,57,A
366727190,2022-01-05T02:46:12,40.66755,-74.03366,0.0,169.0,208.0,JILL REINAUER,IMO7042813,WCW9655,31,0,30,8,3.8,57,A
366727190,2022-01-05T02:58:33,40.66744,-74.03343,0.1,294.4,193.0,JILL REINAUER,IMO7042813,WCW9655,31,0,30,8,3.8,57,A
366727190,2022-01-05T02:53:51,40.66744,-74.03342,0.1,134.0,193.0,JILL REINAUER,IMO7042813,WCW9655,31,0,30,8,3.8,57,A
366727190,2022-01-05T01:14:12,40.66947,-74.01728,0.0,166.1,351.0,JILL REINAUER,IMO7042813,WCW9655,31,0,30,8,3.8,57,A
366727190,2022-01-05T02:56:13,40.66743,-74.03340,0.0,224.9,196.0,JILL REINAUER,IMO7042813,WCW9655,31,0,30,8,3.8,57,A
366727190,2022-01-05T03:07:21,40.66745,-74.03352,0.0,253.6,192.0,JILL REINAUER,IMO7042813,WCW9655,31,0,30,8,3.8,57,A
366727190,2022-01-05T03:02:15,40.66745,-74.03345,0.0,54.0,196.0,JILL REINAUER,IMO7042813,WCW9655,31,0,30,8,3.8,57,A
366727190,2022-01-05T03:03:21,40.66744,-74.03345,0.1,254.5,190.0,JILL REINAUER,IMO7042813,WCW9655,31,0,30,8,3.8,57,A
366727190,2022-01-05T02:59:42,40.66745,-74.03344,0.1,293.9,195.0,JILL REINAUER,IMO7042813,WCW9655,31,0,30,8,3.8,57,A
366727190,2022-01-05T03:16:12,40.66744,-74.03349,0.1,333.0,194.0,JILL REINAUER,IMO7042813,WCW9655,31,0,30,8,3.8,57,A
366727190,2022-01-05T03:06:11,40.66745,-74.03348,0.1,262.3,200.0,JILL REINAUER,IMO7042813,WCW9655,31,0,30,8,3.8,57,A
366727190,2022-01-05T03:10:52,40.66744,-74.03352,0.0,238.8,202.0,JILL REINAUER,IMO7042813,WCW9655,31,0,30,8,3.8,57,A
366727190,2022-01-05T03:09:43,40.66745,-74.03352,0.0,109.9,193.0,JILL REINAUER,IMO7042813,WCW9655,31,0,30,8,3.8,57,A
366727190,2022-01-05T03:19:32,40.66742,-74.03339,0.0,115.1,210.0,JILL REINAUER,IMO7042813,WCW9655,31,0,30,8,3.8,57,A
366727190,2022-01-05T03:08:31,40.66745,-74.03353,0.0,199.9,189.0,JILL REINAUER,IMO7042813,WCW9655,31,0,30,8,3.8,57,A
366727190,2022-01-05T03:12:55,40.66743,-74.03347,0.0,298.9,199.0,JILL REINAUER,IMO7042813,WCW9655,31,0,30,8,3.8,57,A
366727190,2022-01-05T03:22:53,40.66739,-74.03337,0.0,283.3,207.0,JILL REINAUER,IMO7042813,WCW9655,31,0,30,8,3.8,57,A
366727190,2022-01-05T03:14:02,40.66743,-74.03349,0.0,41.6,194.0,JILL REINAUER,IMO7042813,WCW9655,31,0,30,8,3.8,57,A
366727190,2022-01-05T03:18:24,40.66744,-74.03343,0.1,102.5,200.0,JILL REINAUER,IMO7042813,WCW9655,31,0,30,8,3.8,57,A
366727190,2022-01-05T03:17:22,40.66744,-74.03347,0.1,91.7,194.0,JILL REINAUER,IMO7042813,WCW9655,31,0,30,8,3.8,57,A
366727190,2022-01-05T03:30:22,40.66280,-74.03598,0.1,39.6,192.0,JILL REINAUER,IMO7042813,WCW9655,31,0,30,8,3.8,57,A
366727190,2022-01-05T03:26:05,40.66700,-74.03416,6.3,228.3,229.0,JILL REINAUER,IMO7042813,WCW9655,31,0,30,8,3.8,57,A
366727190,2022-01-05T03:21:52,40.66740,-74.03336,0.0,261.2,202.0,JILL REINAUER,IMO7042813,WCW9655,31,0,30,8,3.8,57,A
366727190,2022-01-05T03:36:56,40.66753,-74.03365,3.5,72.8,123.0,JILL REINAUER,IMO7042813,WCW9655,31,0,30,8,3.8,57,A
366727190,2022-01-05T03:25:01,40.66741,-74.03339,1.3,12.7,201.0,JILL REINAUER,IMO7042813,WCW9655,31,0,30,8,3.8,57,A
366727190,2022-01-05T03:28:12,40.66326,-74.03588,5.0,190.2,200.0,JILL REINAUER,IMO7042813,WCW9655,31,0,30,8,3.8,57,A
366727190,2022-01-05T01:25:51,40.66943,-74.01726,0.0,312.0,350.0,JILL REINAUER,IMO7042813,WCW9655,31,0,30,8,3.8,57,A
366727190,2022-01-05T03:37:58,40.66739,-74.03329,0.1,158.1,188.0,JILL REINAUER,IMO7042813,WCW9655,31,0,30,8,3.8,57,A
366727190,2022-01-05T03:34:49,40.66356,-74.03534,4.7,34.2,20.0,JILL REINAUER,IMO7042813,WCW9655,31,0,30,8,3.8,57,A
366727190,2022-01-05T03:41:22,40.66739,-74.03314,0.0,128.3,208.0,JILL REINAUER,IMO7042813,WCW9655,31,0,30,8,3.8,57,A
366727190,2022-01-05T03:39:02,40.66738,-74.03325,0.1,82.6,190.0,JILL REINAUER,IMO7042813,WCW9655,31,0,30,8,3.8,57,A
366727190,2022-01-05T03:35:52,40.66561,-74.03469,8.4,7.7,9.0,JILL REINAUER,IMO7042813,WCW9655,31,0,30,8,3.8,57,A
366727190,2022-01-05T03:33:45,40.66309,-74.03586,2.2,11.9,175.0,JILL REINAUER,IMO7042813,WCW9655,31,0,30,8,3.8,57,A
366727190,2022-01-05T03:32:41,40.66284,-74.03594,0.1,265.6,195.0,JILL REINAUER,IMO7042813,WCW9655,31,0,30,8,3.8,57,A
366727190,2022-01-05T03:29:16,40.66279,-74.03601,0.1,126.8,186.0,JILL REINAUER,IMO7042813,WCW9655,31,0,30,8,3.8,57,A
366727190,2022-01-05T03:31:31,40.66283,-74.03595,0.1,353.1,193.0,JILL REINAUER,IMO7042813,WCW9655,31,0,30,8,3.8,57,A
366727190,2022-01-05T03:40:12,40.66739,-74.03321,0.0,98.2,201.0,JILL REINAUER,IMO7042813,WCW9655,31,0,30,8,3.8,57,A
366727190,2022-01-05T03:48:56,40.67339,-74.02218,9.7,117.6,122.0,JILL REINAUER,IMO7042813,WCW9655,31,0,30,8,3.8,57,A
366727190,2022-01-05T03:43:42,40.66735,-74.03314,0.1,227.2,185.0,JILL REINAUER,IMO7042813,WCW9655,31,0,30,8,3.8,57,A
366727190,2022-01-05T03:54:22,40.66946,-74.01727,0.0,260.3,356.0,JILL REINAUER,IMO7042813,WCW9655,31,0,30,8,3.8,57,A
366727190,2022-01-05T03:46:52,40.67147,-74.02850,10.4,48.0,52.0,JILL REINAUER,IMO7042813,WCW9655,31,0,30,8,3.8,57,A
366727190,2022-01-05T03:56:32,40.66946,-74.01728,0.0,278.2,356.0,JILL REINAUER,IMO7042813,WCW9655,31,0,30,8,3.8,57,A
366727190,2022-01-05T03:42:32,40.66735,-74.03308,0.0,89.1,209.0,JILL REINAUER,IMO7042813,WCW9655,31,0,30,8,3.8,57,A
366727190,2022-01-05T03:49:59,40.67196,-74.01884,9.3,120.1,123.0,JILL REINAUER,IMO7042813,WCW9655,31,0,30,8,3.8,57,A
366727190,2022-01-05T03:58:52,40.66949,-74.01729,0.0,222.9,356.0,JILL REINAUER,IMO7042813,WCW9655,31,0,30,8,3.8,57,A
366727190,2022-01-05T04:00:02,40.66947,-74.01733,0.0,239.9,357.0,JILL REINAUER,IMO7042813,WCW9655,31,0,30,8,3.8,57,A
366727190,2022-01-05T03:52:06,40.66945,-74.01720,0.8,305.6,329.0,JILL REINAUER,IMO7042813,WCW9655,31,0,30,8,3.8,57,A
366727190,2022-01-05T03:45:46,40.66916,-74.03128,10.2,32.8,38.0,JILL REINAUER,IMO7042813,WCW9655,31,0,30,8,3.8,57,A
366727190,2022-01-05T03:47:55,40.67335,-74.02541,9.9,60.9,68.0,JILL REINAUER,IMO7042813,WCW9655,31,0,30,8,3.8,57,A
366727190,2022-01-05T04:04:42,40.66945,-74.01729,0.0,299.1,356.0,JILL REINAUER,IMO7042813,WCW9655,31,0,30,8,3.8,57,A
366727190,2022-01-05T03:57:42,40.66948,-74.01728,0.0,351.8,356.0,JILL REINAUER,IMO7042813,WCW9655,31,0,30,8,3.8,57,A
366727190,2022-01-05T04:03:32,40.66945,-74.01730,0.0,215.1,356.0,JILL REINAUER,IMO7042813,WCW9655,31,0,30,8,3.8,57,A
366727190,2022-01-05T04:09:56,40.67332,-74.02265,9.9,292.1,291.0,JILL REINAUER,IMO7042813,WCW9655,31,0,30,8,3.8,57,A
366727190,2022-01-05T03:55:31,40.66946,-74.01728,0.0,320.6,356.0,JILL REINAUER,IMO7042813,WCW9655,31,0,30,8,3.8,57,A
366727190,2022-01-05T04:16:33,40.67236,-74.03169,0.5,272.6,275.0,JILL REINAUER,IMO7042813,WCW9655,31,0,30,8,3.8,57,A
366727190,2022-01-05T04:01:12,40.66948,-74.01730,0.0,213.9,356.0,JILL REINAUER,IMO7042813,WCW9655,31,0,30,8,3.8,57,A
366727190,2022-01-05T04:02:21,40.66947,-74.01730,0.1,344.4,356.0,JILL REINAUER,IMO7042813,WCW9655,31,0,30,8,3.8,57,A
366727190,2022-01-05T03:59:53,40.66946,-74.01733,0.0,239.8,356.0,JILL REINAUER,IMO7042813,WCW9655,31,0,30,8,3.8,57,A
366727190,2022-01-05T04:10:58,40.67362,-74.02626,9.9,261.1,260.0,JILL REINAUER,IMO7042813,WCW9655,31,0,30,8,3.8,57,A
366727190,2022-01-05T04:08:51,40.67192,-74.01919,9.6,299.9,303.0,JILL REINAUER,IMO7042813,WCW9655,31,0,30,8,3.8,57,A
366727190,2022-01-05T04:21:52,40.67248,-74.03333,0.7,259.5,230.0,JILL REINAUER,IMO7042813,WCW9655,31,0,30,8,3.8,57,A
366727190,2022-01-05T01:39:51,40.66945,-74.01729,0.0,246.2,350.0,JILL REINAUER,IMO7042813,WCW9655,31,0,30,8,3.8,57,A
366727190,2022-01-05T04:06:46,40.66942,-74.01723,0.6,17.8,10.0,JILL REINAUER,IMO7042813,WCW9655,31,0,30,8,3.8,57,A
366727190,2022-01-05T04:15:21,40.67236,-74.03156,0.5,264.4,271.0,JILL REINAUER,IMO7042813,WCW9655,31,0,30,8,3.8,57,A
366727190,2022-01-05T04:17:36,40.67236,-74.03194,0.7,282.5,282.0,JILL REINAUER,IMO7042813,WCW9655,31,0,30,8,3.8,57,A
366727190,2022-01-05T04:26:12,40.67230,-74.03394,0.0,233.7,228.0,JILL REINAUER,IMO7042813,WCW9655,31,0,30,8,3.8,57,A
366727190,2022-01-05T01:42:12,40.66945,-74.01729,0.0,134.0,350.0,JILL REINAUER,IMO7042813,WCW9655,31,0,30,8,3.8,57,A
366727190,2022-01-05T04:18:38,40.67245,-74.03217,1.0,291.1,271.0,JILL REINAUER,IMO7042813,WCW9655,31,0,30,8,3.8,57,A
366727190,2022-01-05T04:13:11,40.67248,-74.03104,1.1,251.4,246.0,JILL REINAUER,IMO7042813,WCW9655,31,0,30,8,3.8,57,A
366727190,2022-01-05T04:27:15,40.67229,-74.03395,0.1,42.7,220.0,JILL REINAUER,IMO7042813,WCW9655,31,0,30,8,3.8,57,A
366727190,2022-01-05T04:19:39,40.67250,-74.03259,1.2,273.9,247.0,JILL REINAUER,IMO7042813,WCW9655,31,0,30,8,3.8,57,A
366727190,2022-01-05T04:20:42,40.67251,-74.03300,0.9,264.1,237.0,JILL REINAUER,IMO7042813,WCW9655,31,0,30,8,3.8,57,A
366727190,2022-01-05T04:12:01,40.67288,-74.02953,6.3,248.5,250.0,JILL REINAUER,IMO7042813,WCW9655,31,0,30,8,3.8,57,A
366727190,2022-01-05T04:14:13,40.67239,-74.03134,0.6,257.1,261.0,JILL REINAUER,IMO7042813,WCW9655,31,0,30,8,3.8,57,A
366727190,2022-01-05T04:34:42,40.67387,-74.03058,9.7,81.6,85.0,JILL REINAUER,IMO7042813,WCW9655,31,0,30,8,3.8,57,A
366727190,2022-01-05T04:36:49,40.67369,-74.02313,9.8,110.4,117.0,JILL REINAUER,IMO7042813,WCW9655,31,0,30,8,3.8,57,A
366727190,2022-01-05T04:29:24,40.67240,-74.03380,0.2,30.3,223.0,JILL REINAUER,IMO7042813,WCW9655,31,0,30,8,3.8,57,A
366727190,2022-01-05T04:23:58,40.67235,-74.03378,0.4,248.6,246.0,JILL REINAUER,IMO7042813,WCW9655,31,0,30,8,3.8,57,A
366727190,2022-01-05T04:31:35,40.67253,-74.03369,0.3,16.8,212.0,JILL REINAUER,IMO7042813,WCW9655,31,0,30,8,3.8,57,A
366727190,2022-01-05T04:32:36,40.67267,-74.03358,1.8,37.8,233.0,JILL REINAUER,IMO7042813,WCW9655,31,0,30,8,3.8,57,A
366727190,2022-01-05T04:28:22,40.67234,-74.03387,0.2,68.3,210.0,JILL REINAUER,IMO7042813,WCW9655,31,0,30,8,3.8,57,A
366727190,2022-01-05T04:25:01,40.67233,-74.03387,0.2,256.5,231.0,JILL REINAUER,IMO7042813,WCW9655,31,0,30,8,3.8,57,A
366727190,2022-01-05T04:35:46,40.67413,-74.02685,9.8,92.4,93.0,JILL REINAUER,IMO7042813,WCW9655,31,0,30,8,3.8,57,A
366727190,2022-01-05T04:45:31,40.66936,-74.01726,0.0,164.9,175.0,JILL REINAUER,IMO7042813,WCW9655,31,0,30,8,3.8,57,A
366727190,2022-01-05T04:47:52,40.66933,-74.01726,0.0,322.0,175.0,JILL REINAUER,IMO7042813,WCW9655,31,0,30,8,3.8,57,A
366727190,2022-01-05T04:30:32,40.67245,-74.03375,0.4,33.3,235.0,JILL REINAUER,IMO7042813,WCW9655,31,0,30,8,3.8,57,A
366727190,2022-01-05T04:40:59,40.66938,-74.01722,0.1,286.8,190.0,JILL REINAUER,IMO7042813,WCW9655,31,0,30,8,3.8,57,A
366727190,2022-01-05T04:38:56,40.67068,-74.01700,7.5,161.4,177.0,JILL REINAUER,IMO7042813,WCW9655,31,0,30,8,3.8,57,A
366727190,2022-01-05T04:52:31,40.66933,-74.01726,0.0,215.6,174.0,JILL REINAUER,IMO7042813,WCW9655,31,0,30,8,3.8,57,A
366727190,2022-01-05T04:43:12,40.66942,-74.01724,0.0,182.3,175.0,JILL REINAUER,IMO7042813,WCW9655,31,0,30,8,3.8,57,A
366727190,2022-01-05T04:42:02,40.66942,-74.01725,0.0,240.4,175.0,JILL REINAUER,IMO7042813,WCW9655,31,0,30,8,3.8,57,A
366727190,2022-01-05T04:49:03,40.66931,-74.01725,0.1,173.8,174.0,JILL REINAUER,IMO7042813,WCW9655,31,0,30,8,3.8,57,A
366727190,2022-01-05T04:58:11,40.66936,-74.01726,0.1,5.8,173.0,JILL REINAUER,IMO7042813,WCW9655,31,0,30,8,3.8,57,A
366727190,2022-01-05T04:44:22,40.66941,-74.01725,0.0,318.3,175.0,JILL REINAUER,IMO7042813,WCW9655,31,0,30,8,3.8,57,A
366727190,2022-01-05T04:51:22,40.66941,-74.01723,0.0,3.2,175.0,JILL REINAUER,IMO7042813,WCW9655,31,0,30,8,3.8,57,A
366727190,2022-01-05T01:54:51,40.66942,-74.01728,0.0,271.4,350.0,JILL REINAUER,IMO7042813,WCW9655,31,0,30,8,3.8,57,A
366727190,2022-01-05T05:00:01,40.66938,-74.01727,0.0,92.0,173.0,JILL REINAUER,IMO7042813,WCW9655,31,0,30,8,3.8,57,A
366727190,2022-01-05T04:50:12,40.66938,-74.01723,0.0,139.7,174.0,JILL REINAUER,IMO7042813,WCW9655,31,0,30,8,3.8,57,A
366727190,2022-01-05T05:05:41,40.66942,-74.01723,0.0,184.5,173.0,JILL REINAUER,IMO7042813,WCW9655,31,0,30,8,3.8,57,A
366727190,2022-01-05T04:56:02,40.66935,-74.01726,0.1,207.1,174.0,JILL REINAUER,IMO7042813,WCW9655,31,0,30,8,3.8,57,A
366727190,2022-01-05T05:01:13,40.66942,-74.01723,0.0,328.2,173.0,JILL REINAUER,IMO7042813,WCW9655,31,0,30,8,3.8,57,A
366727190,2022-01-05T05:06:52,40.66941,-74.01724,0.0,226.8,173.0,JILL REINAUER,IMO7042813,WCW9655,31,0,30,8,3.8,57,A
366727190,2022-01-05T04:57:03,40.66938,-74.01724,0.0,145.6,173.0,JILL REINAUER,IMO7042813,WCW9655,31,0,30,8,3.8,57,A
366727190,2022-01-05T05:02:22,40.66944,-74.01721,0.0,250.5,174.0,JILL REINAUER,IMO7042813,WCW9655,31,0,30,8,3.8,57,A
366727190,2022-01-05T05:03:23,40.66942,-74.01723,0.0,267.7,173.0,JILL REINAUER,IMO7042813,WCW9655,31,0,30,8,3.8,57,A
366727190,2022-01-05T05:16:01,40.66938,-74.01725,0.0,287.9,173.0,JILL REINAUER,IMO7042813,WCW9655,31,0,30,8,3.8,57,A
366727190,2022-01-05T04:54:52,40.66938,-74.01725,0.0,30.5,174.0,JILL REINAUER,IMO7042813,WCW9655,31,0,30,8,3.8,57,A
366727190,2022-01-05T05:17:11,40.66939,-74.01725,0.0,294.7,173.0,JILL REINAUER,IMO7042813,WCW9655,31,0,30,8,3.8,57,A
366727190,2022-01-05T04:59:22,40.66939,-74.01730,0.0,215.8,173.0,JILL REINAUER,IMO7042813,WCW9655,31,0,30,8,3.8,57,A
366727190,2022-01-05T05:09:12,40.66940,-74.01725,0.0,60.1,173.0,JILL REINAUER,IMO7042813,WCW9655,31,0,30,8,3.8,57,A
366727190,2022-01-05T05:10:22,40.66937,-74.01727,0.0,249.4,173.0,JILL REINAUER,IMO7042813,WCW9655,31,0,30,8,3.8,57,A
366727190,2022-01-05T05:04:33,40.66942,-74.01724,0.0,262.8,173.0,JILL REINAUER,IMO7042813,WCW9655,31,0,30,8,3.8,57,A
366727190,2022-01-05T05:20:42,40.66938,-74.01724,0.0,268.8,173.0,JILL REINAUER,IMO7042813,WCW9655,31,0,30,8,3.8,57,A
366727190,2022-01-05T05:13:51,40.66938,-74.01726,0.0,234.4,173.0,JILL REINAUER,IMO7042813,WCW9655,31,0,30,8,3.8,57,A
366727190,2022-01-05T05:14:52,40.66936,-74.01725,0.1,199.4,173.0,JILL REINAUER,IMO7042813,WCW9655,31,0,30,8,3.8,57,A
366727190,2022-01-05T05:26:23,40.66939,-74.01725,0.0,345.0,173.0,JILL REINAUER,IMO7042813,WCW9655,31,0,30,8,3.8,57,A
366727190,2022-01-05T05:11:31,40.66938,-74.01725,0.0,284.9,173.0,JILL REINAUER,IMO7042813,WCW9655,31,0,30,8,3.8,57,A
366727190,2022-01-05T05:08:01,40.66940,-74.01725,0.0,213.3,173.0,JILL REINAUER,IMO7042813,WCW9655,31,0,30,8,3.8,57,A
366727190,2022-01-05T02:04:13,40.66864,-74.03247,7.2,214.5,216.0,JILL REINAUER,IMO7042813,WCW9655,31,0,30,8,3.8,57,A
366727190,2022-01-05T02:05:15,40.66750,-74.03324,2.7,190.8,199.0,JILL REINAUER,IMO7042813,WCW9655,31,0,30,8,3.8,57,A
366727190,2022-01-05T02:06:19,40.66733,-74.03324,0.0,211.9,181.0,JILL REINAUER,IMO7042813,WCW9655,31,0,30,8,3.8,57,A
366727190,2022-01-05T05:27:32,40.66940,-74.01724,0.0,232.2,173.0,JILL REINAUER,IMO7042813,WCW9655,31,0,30,8,3.8,57,A
366727190,2022-01-05T05:37:41,40.66937,-74.01725,0.0,13.4,174.0,JILL REINAUER,IMO7042813,WCW9655,31,0,30,8,3.8,57,A
366727190,2022-01-05T05:29:52,40.66940,-74.01725,0.0,303.3,174.0,JILL REINAUER,IMO7042813,WCW9655,31,0,30,8,3.8,57,A
366727190,2022-01-05T05:18:22,40.66939,-74.01725,0.0,276.2,173.0,JILL REINAUER,IMO7042813,WCW9655,31,0,30,8,3.8,57,A
366727190,2022-01-05T05:25:12,40.66938,-74.01723,0.0,263.1,173.0,JILL REINAUER,IMO7042813,WCW9655,31,0,30,8,3.8,57,A
366727190,2022-01-05T05:21:51,40.66939,-74.01725,0.0,14.9,173.0,JILL REINAUER,IMO7042813,WCW9655,31,0,30,8,3.8,57,A
366727190,2022-01-05T05:41:13,40.66935,-74.01725,0.0,4.5,173.0,JILL REINAUER,IMO7042813,WCW9655,31,0,30,8,3.8,57,A
366727190,2022-01-05T05:42:22,40.66939,-74.01725,0.0,319.8,173.0,JILL REINAUER,IMO7042813,WCW9655,31,0,30,8,3.8,57,A
366727190,2022-01-05T02:13:46,40.66741,-74.03335,0.1,295.2,219.0,JILL REINAUER,IMO7042813,WCW9655,31,0,30,8,3.8,57,A
366727190,2022-01-05T05:45:51,40.66939,-74.01724,0.0,330.8,174.0,JILL REINAUER,IMO7042813,WCW9655,31,0,30,8,3.8,57,A
366727190,2022-01-05T05:30:53,40.66940,-74.01725,0.0,50.7,174.0,JILL REINAUER,IMO7042813,WCW9655,31,0,30,8,3.8,57,A
366727190,2022-01-05T05:32:02,40.66938,-74.01723,0.0,341.6,174.0,JILL REINAUER,IMO7042813,WCW9655,31,0,30,8,3.8,57,A
366727190,2022-01-05T05:47:01,40.66940,-74.01724,0.0,327.1,174.0,JILL REINAUER,IMO7042813,WCW9655,31,0,30,8,3.8,57,A
366727190,2022-01-05T05:48:12,40.66940,-74.01724,0.0,273.1,173.0,JILL REINAUER,IMO7042813,WCW9655,31,0,30,8,3.8,57,A
366727190,2022-01-05T05:34:21,40.66942,-74.01722,0.0,40.2,174.0,JILL REINAUER,IMO7042813,WCW9655,31,0,30,8,3.8,57,A
366727190,2022-01-05T05:51:23,40.66939,-74.01722,0.0,327.2,174.0,JILL REINAUER,IMO7042813,WCW9655,31,0,30,8,3.8,57,A
366727190,2022-01-05T05:28:43,40.66939,-74.01724,0.0,195.3,174.0,JILL REINAUER,IMO7042813,WCW9655,31,0,30,8,3.8,57,A
366727190,2022-01-05T05:35:22,40.66939,-74.01723,0.0,30.7,174.0,JILL REINAUER,IMO7042813,WCW9655,31,0,30,8,3.8,57,A
366727190,2022-01-05T05:43:33,40.66940,-74.01724,0.0,54.1,174.0,JILL REINAUER,IMO7042813,WCW9655,31,0,30,8,3.8,57,A
366727190,2022-01-05T05:40:01,40.66938,-74.01724,0.0,265.7,174.0,JILL REINAUER,IMO7042813,WCW9655,31,0,30,8,3.8,57,A
366727190,2022-01-05T05:54:53,40.66940,-74.01723,0.0,211.8,173.0,JILL REINAUER,IMO7042813,WCW9655,31,0,30,8,3.8,57,A
366727190,2022-01-05T05:53:42,40.66939,-74.01723,0.0,230.6,174.0,JILL REINAUER,IMO7042813,WCW9655,31,0,30,8,3.8,57,A
366727190,2022-01-05T05:58:23,40.66939,-74.01724,0.0,312.8,174.0,JILL REINAUER,IMO7042813,WCW9655,31,0,30,8,3.8,57,A
366727190,2022-01-05T05:33:12,40.66939,-74.01722,0.0,308.5,174.0,JILL REINAUER,IMO7042813,WCW9655,31,0,30,8,3.8,57,A
366727190,2022-01-05T05:44:43,40.66940,-74.01723,0.0,339.1,174.0,JILL REINAUER,IMO7042813,WCW9655,31,0,30,8,3.8,57,A
366727190,2022-01-05T05:36:32,40.66938,-74.01725,0.0,322.2,174.0,JILL REINAUER,IMO7042813,WCW9655,31,0,30,8,3.8,57,A
366727190,2022-01-05T02:21:22,40.66747,-74.03371,0.2,292.7,192.0,JILL REINAUER,IMO7042813,WCW9655,31,0,30,8,3.8,57,A
366727190,2022-01-05T05:52:31,40.66938,-74.01721,0.0,217.4,173.0,JILL REINAUER,IMO7042813,WCW9655,31,0,30,8,3.8,57,A
366727190,2022-01-05T06:10:12,40.66938,-74.01722,0.0,179.6,174.0,JILL REINAUER,IMO7042813,WCW9655,31,0,30,8,3.8,57,A
366727190,2022-01-05T05:50:21,40.66939,-74.01723,0.0,315.9,174.0,JILL REINAUER,IMO7042813,WCW9655,31,0,30,8,3.8,57,A
366727190,2022-01-05T06:12:33,40.66938,-74.01722,0.0,355.3,174.0,JILL REINAUER,IMO7042813,WCW9655,31,0,30,8,3.8,57,A
366727190,2022-01-05T06:13:41,40.66937,-74.01722,0.0,240.2,174.0,JILL REINAUER,IMO7042813,WCW9655,31,0,30,8,3.8,57,A
366727190,2022-01-05T05:57:12,40.66939,-74.01724,0.0,296.9,174.0,JILL REINAUER,IMO7042813,WCW9655,31,0,30,8,3.8,57,A
366727190,2022-01-05T06:01:12,40.66938,-74.01724,0.0,325.7,175.0,JILL REINAUER,IMO7042813,WCW9655,31,0,30,8,3.8,57,A
366727190,2022-01-05T06:02:13,40.66937,-74.01725,0.0,286.4,175.0,JILL REINAUER,IMO7042813,WCW9655,31,0,30,8,3.8,57,A
366727190,2022-01-05T06:17:12,40.66939,-74.01722,0.0,212.5,173.0,JILL REINAUER,IMO7042813,WCW9655,31,0,30,8,3.8,57,A
366727190,2022-01-05T06:03:22,40.66938,-74.01725,0.0,250.8,174.0,JILL REINAUER,IMO7042813,WCW9655,31,0,30,8,3.8,57,A
366727190,2022-01-05T02:25:42,40.66754,-74.03388,0.0,49.6,177.0,JILL REINAUER,IMO7042813,WCW9655,31,0,30,8,3.8,57,A
366727190,2022-01-05T06:19:32,40.66943,-74.01725,0.0,339.5,173.0,JILL REINAUER,IMO7042813,WCW9655,31,0,30,8,3.8,57,A
366727190,2022-01-05T05:56:01,40.66939,-74.01723,0.0,35.4,174.0,JILL REINAUER,IMO7042813,WCW9655,31,0,30,8,3.8,57,A
366727190,2022-01-05T06:04:32,40.66940,-74.01724,0.0,121.9,174.0,JILL REINAUER,IMO7042813,WCW9655,31,0,30,8,3.8,57,A
366727190,2022-01-05T06:20:42,40.66941,-74.01724,0.0,325.9,173.0,JILL REINAUER,IMO7042813,WCW9655,31,0,30,8,3.8,57,A
366727190,2022-01-05T06:06:42,40.66936,-74.01722,0.0,178.3,174.0,JILL REINAUER,IMO7042813,WCW9655,31,0,30,8,3.8,57,A
366727190,2022-01-05T02:29:01,40.66759,-74.03382,0.1,91.4,178.0,JILL REINAUER,IMO7042813,WCW9655,31,0,30,8,3.8,57,A
366727190,2022-01-05T06:21:52,40.66939,-74.01723,0.0,66.1,174.0,JILL REINAUER,IMO7042813,WCW9655,31,0,30,8,3.8,57,A
366727190,2022-01-05T06:11:22,40.66938,-74.01722,0.0,93.4,174.0,JILL REINAUER,IMO7042813,WCW9655,31,0,30,8,3.8,57,A
366727190,2022-01-05T06:00:01,40.66937,-74.01724,0.0,304.9,175.0,JILL REINAUER,IMO7042813,WCW9655,31,0,30,8,3.8,57,A
366727190,2022-01-05T06:07:51,40.66938,-74.01722,0.0,223.2,174.0,JILL REINAUER,IMO7042813,WCW9655,31,0,30,8,3.8,57,A
366727190,2022-01-05T06:25:22,40.66941,-74.01723,0.0,344.8,174.0,JILL REINAUER,IMO7042813,WCW9655,31,0,30,8,3.8,57,A
366727190,2022-01-05T06:09:02,40.66940,-74.01722,0.0,177.7,174.0,JILL REINAUER,IMO7042813,WCW9655,31,0,30,8,3.8,57,A
366727190,2022-01-05T06:27:41,40.66939,-74.01723,0.0,346.7,174.0,JILL REINAUER,IMO7042813,WCW9655,31,0,30,8,3.8,57,A
366727190,2022-01-05T06:05:33,40.66936,-74.01721,0.0,344.5,174.0,JILL REINAUER,IMO7042813,WCW9655,31,0,30,8,3.8,57,A
366727190,2022-01-05T06:16:01,40.66940,-74.01721,0.0,198.5,174.0,JILL REINAUER,IMO7042813,WCW9655,31,0,30,8,3.8,57,A
366727190,2022-01-05T06:14:52,40.66938,-74.01721,0.0,355.7,174.0,JILL REINAUER,IMO7042813,WCW9655,31,0,30,8,3.8,57,A
366727190,2022-01-05T06:31:12,40.66940,-74.01724,0.0,276.7,173.0,JILL REINAUER,IMO7042813,WCW9655,31,0,30,8,3.8,57,A
366727190,2022-01-05T06:32:22,40.66938,-74.01722,0.0,11.4,173.0,JILL REINAUER,IMO7042813,WCW9655,31,0,30,8,3.8,57,A
366727190,2022-01-05T06:26:31,40.66938,-74.01723,0.0,329.6,174.0,JILL REINAUER,IMO7042813,WCW9655,31,0,30,8,3.8,57,A
366727190,2022-01-05T06:39:21,40.66943,-74.01727,0.0,239.5,174.0,JILL REINAUER,IMO7042813,WCW9655,31,0,30,8,3.8,57,A
366727190,2022-01-05T06:28:53,40.66939,-74.01724,0.0,227.8,174.0,JILL REINAUER,IMO7042813,WCW9655,31,0,30,8,3.8,57,A
366727190,2022-01-05T02:34:52,40.66751,-74.03366,0.0,149.1,186.0,JILL REINAUER,IMO7042813,WCW9655,31,0,30,8,3.8,57,A
366727190,2022-01-05T06:40:32,40.66940,-74.01723,0.0,270.0,174.0,JILL REINAUER,IMO7042813,WCW9655,31,0,30,8,3.8,57,A
366727190,2022-01-05T06:41:42,40.66942,-74.01726,0.0,332.1,174.0,JILL REINAUER,IMO7042813,WCW9655,31,0,30,8,3.8,57,A
366727190,2022-01-05T06:30:01,40.66940,-74.01724,0.0,216.0,174.0,JILL REINAUER,IMO7042813,WCW9655,31,0,30,8,3.8,57,A
366727190,2022-01-05T06:42:53,40.66940,-74.01723,0.0,231.8,174.0,JILL REINAUER,IMO7042813,WCW9655,31,0,30,8,3.8,57,A
366727190,2022-01-05T06:23:02,40.66939,-74.01722,0.1,355.7,174.0,JILL REINAUER,IMO7042813,WCW9655,31,0,30,8,3.8,57,A
366727190,2022-01-05T06:46:22,40.66939,-74.01726,0.0,36.6,174.0,JILL REINAUER,IMO7042813,WCW9655,31,0,30,8,3.8,57,A
366727190,2022-01-05T06:34:42,40.66940,-74.01725,0.0,349.2,174.0,JILL REINAUER,IMO7042813,WCW9655,31,0,30,8,3.8,57,A
366727190,2022-01-05T06:49:53,40.66935,-74.01722,0.0,8.8,174.0,JILL REINAUER,IMO7042813,WCW9655,31,0,30,8,3.8,57,A
366727190,2022-01-05T06:33:32,40.66939,-74.01723,0.0,328.5,174.0,JILL REINAUER,IMO7042813,WCW9655,31,0,30,8,3.8,57,A
366727190,2022-01-05T06:44:01,40.66940,-74.01724,0.0,339.3,174.0,JILL REINAUER,IMO7042813,WCW9655,31,0,30,8,3.8,57,A
366727190,2022-01-05T06:55:31,40.66936,-74.01723,0.0,334.4,174.0,JILL REINAUER,IMO7042813,WCW9655,31,0,30,8,3.8,57,A
366727190,2022-01-05T06:37:01,40.66940,-74.01724,0.0,131.7,174.0,JILL REINAUER,IMO7042813,WCW9655,31,0,30,8,3.8,57,A
366727190,2022-01-05T06:47:32,40.66938,-74.01724,0.0,199.6,174.0,JILL REINAUER,IMO7042813,WCW9655,31,0,30,8,3.8,57,A
366727190,2022-01-05T06:56:42,40.66935,-74.01723,0.0,52.2,174.0,JILL REINAUER,IMO7042813,WCW9655,31,0,30,8,3.8,57,A
366727190,2022-01-05T06:38:11,40.66941,-74.01727,0.1,339.5,174.0,JILL REINAUER,IMO7042813,WCW9655,31,0,30,8,3.8,57,A
366727190,2022-01-05T06:48:42,40.66938,-74.01723,0.0,66.9,173.0,JILL REINAUER,IMO7042813,WCW9655,31,0,30,8,3.8,57,A
366727190,2022-01-05T07:00:01,40.66938,-74.01727,0.0,213.0,175.0,JILL REINAUER,IMO7042813,WCW9655,31,0,30,8,3.8,57,A
366727190,2022-01-05T06:54:21,40.66936,-74.01722,0.0,18.8,174.0,JILL REINAUER,IMO7042813,WCW9655,31,0,30,8,3.8,57,A
366727190,2022-01-05T06:45:12,40.66939,-74.01724,0.0,199.2,174.0,JILL REINAUER,IMO7042813,WCW9655,31,0,30,8,3.8,57,A
366727190,2022-01-05T06:52:11,40.66936,-74.01724,0.0,317.6,174.0,JILL REINAUER,IMO7042813,WCW9655,31,0,30,8,3.8,57,A
366727190,2022-01-05T06:53:12,40.66936,-74.01723,0.0,315.7,174.0,JILL REINAUER,IMO7042813,WCW9655,31,0,30,8,3.8,57,A
366727190,2022-01-05T02:48:21,40.66753,-74.03360,0.1,114.2,199.0,JILL REINAUER,IMO7042813,WCW9655,31,0,30,8,3.8,57,A
366727190,2022-01-05T07:08:11,40.66936,-74.01722,0.0,162.5,175.0,JILL REINAUER,IMO7042813,WCW9655,31,0,30,8,3.8,57,A
366727190,2022-01-05T06:51:01,40.66935,-74.01723,0.0,16.0,174.0,JILL REINAUER,IMO7042813,WCW9655,31,0,30,8,3.8,57,A
366727190,2022-01-05T06:59:01,40.66944,-74.01727,0.0,354.5,175.0,JILL REINAUER,IMO7042813,WCW9655,31,0,30,8,3.8,57,A
366727190,2022-01-05T02:51:33,40.66747,-74.03349,0.2,92.4,199.0,JILL REINAUER,IMO7042813,WCW9655,31,0,30,8,3.8,57,A
366727190,2022-01-05T07:03:33,40.66938,-74.01721,0.0,279.3,175.0,JILL REINAUER,IMO7042813,WCW9655,31,0,30,8,3.8,57,A
366727190,2022-01-05T02:52:43,40.66746,-74.03346,0.1,89.4,189.0,JILL REINAUER,IMO7042813,WCW9655,31,0,30,8,3.8,57,A
366727190,2022-01-05T07:05:52,40.66936,-74.01722,0.0,250.4,175.0,JILL REINAUER,IMO7042813,WCW9655,31,0,30,8,3.8,57,A
366727190,2022-01-05T06:57:52,40.66934,-74.01722,0.1,331.2,174.0,JILL REINAUER,IMO7042813,WCW9655,31,0,30,8,3.8,57,A
366727190,2022-01-05T07:10:32,40.66938,-74.01721,0.0,300.2,175.0,JILL REINAUER,IMO7042813,WCW9655,31,0,30,8,3.8,57,A
366727190,2022-01-05T07:01:11,40.66938,-74.01725,0.0,235.3,174.0,JILL REINAUER,IMO7042813,WCW9655,31,0,30,8,3.8,57,A
366727190,2022-01-05T07:17:32,40.66938,-74.01726,0.0,226.7,175.0,JILL REINAUER,IMO7042813,WCW9655,31,0,30,8,3.8,57,A
366727190,2022-01-05T07:11:43,40.66938,-74.01723,0.0,288.5,175.0,JILL REINAUER,IMO7042813,WCW9655,31,0,30,8,3.8,57,A
366727190,2022-01-05T07:02:21,40.66937,-74.01722,0.0,313.1,175.0,JILL REINAUER,IMO7042813,WCW9655,31,0,30,8,3.8,57,A
366727190,2022-01-05T07:12:53,40.66938,-74.01722,0.0,100.2,175.0,JILL REINAUER,IMO7042813,WCW9655,31,0,30,8,3.8,57,A
366727190,2022-01-05T07:09:22,40.66937,-74.01721,0.0,83.8,175.0,JILL REINAUER,IMO7042813,WCW9655,31,0,30,8,3.8,57,A
366727190,2022-01-05T07:16:22,40.66939,-74.01726,0.0,269.8,175.0,JILL REINAUER,IMO7042813,WCW9655,31,0,30,8,3.8,57,A
366727190,2022-01-05T07:04:42,40.66938,-74.01722,0.0,17.8,175.0,JILL REINAUER,IMO7042813,WCW9655,31,0,30,8,3.8,57,A
366727190,2022-01-05T07:14:01,40.66938,-74.01723,0.0,57.4,175.0,JILL REINAUER,IMO7042813,WCW9655,31,0,30,8,3.8,57,A
366727190,2022-01-05T07:07:02,40.66936,-74.01724,0.0,271.1,175.0,JILL REINAUER,IMO7042813,WCW9655,31,0,30,8,3.8,57,A
366727190,2022-01-05T02:57:23,40.66744,-74.03341,0.1,243.0,193.0,JILL REINAUER,IMO7042813,WCW9655,31,0,30,8,3.8,57,A
366727190,2022-01-05T07:19:53,40.66938,-74.01725,0.0,184.2,175.0,JILL REINAUER,IMO7042813,WCW9655,31,0,30,8,3.8,57,A
366727190,2022-01-05T07:21:02,40.66936,-74.01724,0.0,106.4,175.0,JILL REINAUER,IMO7042813,WCW9655,31,0,30,8,3.8,57,A
366727190,2022-01-05T07:31:31,40.66939,-74.01726,0.0,201.6,176.0,JILL REINAUER,IMO7042813,WCW9655,31,0,30,8,3.8,57,A
366727190,2022-01-05T07:33:52,40.66936,-74.01727,0.0,192.2,176.0,JILL REINAUER,IMO7042813,WCW9655,31,0,30,8,3.8,57,A
366727190,2022-01-05T07:32:43,40.66935,-74.01726,0.0,146.6,176.0,JILL REINAUER,IMO7042813,WCW9655,31,0,30,8,3.8,57,A
366727190,2022-01-05T03:00:03,40.66745,-74.03345,0.0,304.0,196.0,JILL REINAUER,IMO7042813,WCW9655,31,0,30,8,3.8,57,A
366727190,2022-01-05T07:34:53,40.66936,-74.01727,0.0,304.9,176.0,JILL REINAUER,IMO7042813,WCW9655,31,0,30,8,3.8,57,A
366727190,2022-01-05T03:01:12,40.66745,-74.03345,0.0,173.1,193.0,JILL REINAUER,IMO7042813,WCW9655,31,0,30,8,3.8,57,A
366727190,2022-01-05T07:24:32,40.66936,-74.01728,0.0,198.1,176.0,JILL REINAUER,IMO7042813,WCW9655,31,0,30,8,3.8,57,A
366727190,2022-01-05T07:36:03,40.66938,-74.01724,0.0,195.6,175.0,JILL REINAUER,IMO7042813,WCW9655,31,0,30,8,3.8,57,A
366727190,2022-01-05T07:15:12,40.66939,-74.01724,0.0,288.8,175.0,JILL REINAUER,IMO7042813,WCW9655,31,0,30,8,3.8,57,A
366727190,2022-01-05T07:28:02,40.66933,-74.01724,0.0,241.7,176.0,JILL REINAUER,IMO7042813,WCW9655,31,0,30,8,3.8,57,A
366727190,2022-01-05T07:26:53,40.66935,-74.01726,0.0,161.7,176.0,JILL REINAUER,IMO7042813,WCW9655,31,0,30,8,3.8,57,A
366727190,2022-01-05T07:23:22,40.66936,-74.01727,0.0,23.5,176.0,JILL REINAUER,IMO7042813,WCW9655,31,0,30,8,3.8,57,A
366727190,2022-01-05T07:42:42,40.66938,-74.01723,0.0,117.7,175.0,JILL REINAUER,IMO7042813,WCW9655,31,0,30,8,3.8,57,A
366727190,2022-01-05T03:04:31,40.66744,-74.03347,0.1,295.2,198.0,JILL REINAUER,IMO7042813,WCW9655,31,0,30,8,3.8,57,A
366727190,2022-01-05T07:29:12,40.66935,-74.01725,0.0,145.9,176.0,JILL REINAUER,IMO7042813,WCW9655,31,0,30,8,3.8,57,A
366727190,2022-01-05T07:25:42,40.66936,-74.01727,0.0,186.8,176.0,JILL REINAUER,IMO7042813,WCW9655,31,0,30,8,3.8,57,A
366727190,2022-01-05T07:41:41,40.66937,-74.01725,0.0,287.5,175.0,JILL REINAUER,IMO7042813,WCW9655,31,0,30,8,3.8,57,A
366727190,2022-01-05T07:40:31,40.66935,-74.01723,0.0,173.6,175.0,JILL REINAUER,IMO7042813,WCW9655,31,0,30,8,3.8,57,A
366727190,2022-01-05T07:45:01,40.66941,-74.01720,0.0,120.5,174.0,JILL REINAUER,IMO7042813,WCW9655,31,0,30,8,3.8,57,A
366727190,2022-01-05T07:46:12,40.66936,-74.01725,0.0,247.7,174.0,JILL REINAUER,IMO7042813,WCW9655,31,0,30,8,3.8,57,A
366727190,2022-01-05T07:47:21,40.66936,-74.01723,0.0,141.4,174.0,JILL REINAUER,IMO7042813,WCW9655,31,0,30,8,3.8,57,A
366727190,2022-01-05T07:43:51,40.66936,-74.01722,0.1,207.9,175.0,JILL REINAUER,IMO7042813,WCW9655,31,0,30,8,3.8,57,A
366727190,2022-01-05T03:11:53,40.66742,-74.03349,0.1,147.6,202.0,JILL REINAUER,IMO7042813,WCW9655,31,0,30,8,3.8,57,A
366727190,2022-01-05T07:48:32,40.66938,-74.01723,0.0,178.5,174.0,JILL REINAUER,IMO7042813,WCW9655,31,0,30,8,3.8,57,A
366727190,2022-01-05T08:02:22,40.66942,-74.01722,0.0,315.0,172.0,JILL REINAUER,IMO7042813,WCW9655,31,0,30,8,3.8,57,A
366727190,2022-01-05T07:52:01,40.66940,-74.01722,0.0,185.8,173.0,JILL REINAUER,IMO7042813,WCW9655,31,0,30,8,3.8,57,A
366727190,2022-01-05T07:57:53,40.66941,-74.01723,0.0,201.5,172.0,JILL REINAUER,IMO7042813,WCW9655,31,0,30,8,3.8,57,A
366727190,2022-01-05T07:53:11,40.66939,-74.01723,0.0,166.4,173.0,JILL REINAUER,IMO7042813,WCW9655,31,0,30,8,3.8,57,A
366727190,2022-01-05T08:00:02,40.66942,-74.01721,0.0,107.8,173.0,JILL REINAUER,IMO7042813,WCW9655,31,0,30,8,3.8,57,A
366727190,2022-01-05T07:55:32,40.66946,-74.01724,0.0,22.1,173.0,JILL REINAUER,IMO7042813,WCW9655,31,0,30,8,3.8,57,A
366727190,2022-01-05T08:09:12,40.66942,-74.01724,0.0,48.1,173.0,JILL REINAUER,IMO7042813,WCW9655,31,0,30,8,3.8,57,A
366727190,2022-01-05T07:49:42,40.66937,-74.01723,0.0,178.0,173.0,JILL REINAUER,IMO7042813,WCW9655,31,0,30,8,3.8,57,A
366727190,2022-01-05T07:59:02,40.66943,-74.01721,0.0,24.6,172.0,JILL REINAUER,IMO7042813,WCW9655,31,0,30,8,3.8,57,A
366727190,2022-01-05T08:11:31,40.66941,-74.01726,0.0,143.9,173.0,JILL REINAUER,IMO7042813,WCW9655,31,0,30,8,3.8,57,A
366727190,2022-01-05T07:50:53,40.66936,-74.01724,0.0,270.1,173.0,JILL REINAUER,IMO7042813,WCW9655,31,0,30,8,3.8,57,A
366727190,2022-01-05T08:01:11,40.66943,-74.01722,0.0,147.7,172.0,JILL REINAUER,IMO7042813,WCW9655,31,0,30,8,3.8,57,A
366727190,2022-01-05T07:56:42,40.66940,-74.01726,0.0,202.6,172.0,JILL REINAUER,IMO7042813,WCW9655,31,0,30,8,3.8,57,A
366727190,2022-01-05T03:15:11,40.66744,-74.03349,0.0,345.8,198.0,JILL REINAUER,IMO7042813,WCW9655,31,0,30,8,3.8,57,A
366727190,2022-01-05T08:15:01,40.66941,-74.01725,0.0,216.7,174.0,JILL REINAUER,IMO7042813,WCW9655,31,0,30,8,3.8,57,A
366727190,2022-01-05T08:05:42,40.66942,-74.01723,0.0,199.9,173.0,JILL REINAUER,IMO7042813,WCW9655,31,0,30,8,3.8,57,A
366727190,2022-01-05T08:16:12,40.66939,-74.01726,0.0,206.0,174.0,JILL REINAUER,IMO7042813,WCW9655,31,0,30,8,3.8,57,A
366727190,2022-01-05T08:12:42,40.66939,-74.01727,0.0,215.5,173.0,JILL REINAUER,IMO7042813,WCW9655,31,0,30,8,3.8,57,A
366727190,2022-01-05T08:23:02,40.66939,-74.01721,0.0,172.8,174.0,JILL REINAUER,IMO7042813,WCW9655,31,0,30,8,3.8,57,A
366727190,2022-01-05T03:20:41,40.66740,-74.03337,0.1,165.6,202.0,JILL REINAUER,IMO7042813,WCW9655,31,0,30,8,3.8,57,A
366727190,2022-01-05T08:08:02,40.66941,-74.01721,0.0,268.3,172.0,JILL REINAUER,IMO7042813,WCW9655,31,0,30,8,3.8,57,A
366727190,2022-01-05T08:06:53,40.66940,-74.01723,0.0,245.0,172.0,JILL REINAUER,IMO7042813,WCW9655,31,0,30,8,3.8,57,A
366727190,2022-01-05T08:17:21,40.66937,-74.01726,0.0,231.1,174.0,JILL REINAUER,IMO7042813,WCW9655,31,0,30,8,3.8,57,A
366727190,2022-01-05T08:10:23,40.66943,-74.01726,0.0,313.9,173.0,JILL REINAUER,IMO7042813,WCW9655,31,0,30,8,3.8,57,A
366727190,2022-01-05T08:18:22,40.66936,-74.01728,0.0,287.3,174.0,JILL REINAUER,IMO7042813,WCW9655,31,0,30,8,3.8,57,A
366727190,2022-01-05T03:23:59,40.66740,-74.03337,0.0,291.9,208.0,JILL REINAUER,IMO7042813,WCW9655,31,0,30,8,3.8,57,A
366727190,2022-01-05T08:28:52,40.66939,-74.01725,0.0,233.4,174.0,JILL REINAUER,IMO7042813,WCW9655,31,0,30,8,3.8,57,A
366727190,2022-01-05T08:31:13,40.66939,-74.01726,0.0,271.2,174.0,JILL REINAUER,IMO7042813,WCW9655,31,0,30,8,3.8,57,A
366727190,2022-01-05T08:24:12,40.66939,-74.01721,0.0,211.3,174.0,JILL REINAUER,IMO7042813,WCW9655,31,0,30,8,3.8,57,A
366727190,2022-01-05T08:25:22,40.66938,-74.01723,0.1,167.2,174.0,JILL REINAUER,IMO7042813,WCW9655,31,0,30,8,3.8,57,A
366727190,2022-01-05T08:19:32,40.66937,-74.01726,0.0,171.2,174.0,JILL REINAUER,IMO7042813,WCW9655,31,0,30,8,3.8,57,A
366727190,2022-01-05T08:21:52,40.66938,-74.01726,0.0,34.0,174.0,JILL REINAUER,IMO7042813,WCW9655,31,0,30,8,3.8,57,A
366727190,2022-01-05T08:26:31,40.66940,-74.01720,0.0,224.1,174.0,JILL REINAUER,IMO7042813,WCW9655,31,0,30,8,3.8,57,A
366727190,2022-01-05T03:27:09,40.66524,-74.03545,7.3,188.4,192.0,JILL REINAUER,IMO7042813,WCW9655,31,0,30,8,3.8,57,A
366727190,2022-01-05T08:27:43,40.66941,-74.01723,0.0,218.7,174.0,JILL REINAUER,IMO7042813,WCW9655,31,0,30,8,3.8,57,A
366727190,2022-01-05T08:32:22,40.66940,-74.01726,0.0,170.9,174.0,JILL REINAUER,IMO7042813,WCW9655,31,0,30,8,3.8,57,A
366727190,2022-01-05T08:30:02,40.66940,-74.01724,0.0,208.0,174.0,JILL REINAUER,IMO7042813,WCW9655,31,0,30,8,3.8,57,A
366727190,2022-01-05T08:35:52,40.66941,-74.01724,0.0,184.1,175.0,JILL REINAUER,IMO7042813,WCW9655,31,0,30,8,3.8,57,A
366727190,2022-01-05T08:42:52,40.66942,-74.01724,0.0,238.7,175.0,JILL REINAUER,IMO7042813,WCW9655,31,0,30,8,3.8,57,A
366727190,2022-01-05T08:50:42,40.66940,-74.01724,0.0,129.4,174.0,JILL REINAUER,IMO7042813,WCW9655,31,0,30,8,3.8,57,A
366727190,2022-01-05T08:39:23,40.66936,-74.01726,0.0,186.4,176.0,JILL REINAUER,IMO7042813,WCW9655,31,0,30,8,3.8,57,A
366727190,2022-01-05T08:41:42,40.66940,-74.01723,0.0,6.9,175.0,JILL REINAUER,IMO7042813,WCW9655,31,0,30,8,3.8,57,A
366727190,2022-01-05T08:46:12,40.66938,-74.01727,0.0,262.1,175.0,JILL REINAUER,IMO7042813,WCW9655,31,0,30,8,3.8,57,A
366727190,2022-01-05T08:58:51,40.66940,-74.01724,0.0,276.4,174.0,JILL REINAUER,IMO7042813,WCW9655,31,0,30,8,3.8,57,A
366727190,2022-01-05T08:47:13,40.66939,-74.01727,0.0,183.1,175.0,JILL REINAUER,IMO7042813,WCW9655,31,0,30,8,3.8,57,A
366727190,2022-01-05T08:44:01,40.66942,-74.01726,0.0,232.5,174.0,JILL REINAUER,IMO7042813,WCW9655,31,0,30,8,3.8,57,A
366727190,2022-01-05T08:45:02,40.66941,-74.01726,0.0,261.7,175.0,JILL REINAUER,IMO7042813,WCW9655,31,0,30,8,3.8,57,A
366727190,2022-01-05T08:53:03,40.66939,-74.01724,0.0,159.8,175.0,JILL REINAUER,IMO7042813,WCW9655,31,0,30,8,3.8,57,A
366727190,2022-01-05T09:07:01,40.66940,-74.01722,0.0,75.6,174.0,JILL REINAUER,IMO7042813,WCW9655,31,0,30,8,3.8,57,A
366727190,2022-01-05T09:04:42,40.66941,-74.01724,0.0,195.4,175.0,JILL REINAUER,IMO7042813,WCW9655,31,0,30,8,3.8,57,A
366727190,2022-01-05T08:55:21,40.66940,-74.01724,0.0,230.2,175.0,JILL REINAUER,IMO7042813,WCW9655,31,0,30,8,3.8,57,A
366727190,2022-01-05T08:56:32,40.66940,-74.01723,0.0,235.5,174.0,JILL REINAUER,IMO7042813,WCW9655,31,0,30,8,3.8,57,A
366727190,2022-01-05T08:57:42,40.66940,-74.01723,0.0,73.5,174.0,JILL REINAUER,IMO7042813,WCW9655,31,0,30,8,3.8,57,A
366727190,2022-01-05T08:49:32,40.66938,-74.01727,0.0,12.7,174.0,JILL REINAUER,IMO7042813,WCW9655,31,0,30,8,3.8,57,A
366727190,2022-01-05T09:00:03,40.66937,-74.01726,0.0,197.2,175.0,JILL REINAUER,IMO7042813,WCW9655,31,0,30,8,3.8,57,A
366727190,2022-01-05T09:01:11,40.66938,-74.01725,0.0,217.5,175.0,JILL REINAUER,IMO7042813,WCW9655,31,0,30,8,3.8,57,A
366727190,2022-01-05T09:11:42,40.66939,-74.01724,0.0,338.2,173.0,JILL REINAUER,IMO7042813,WCW9655,31,0,30,8,3.8,57,A
366727190,2022-01-05T08:52:02,40.66938,-74.01725,0.0,221.6,175.0,JILL REINAUER,IMO7042813,WCW9655,31,0,30,8,3.8,57,A
366727190,2022-01-05T09:03:31,40.66938,-74.01725,0.0,17.9,175.0,JILL REINAUER,IMO7042813,WCW9655,31,0,30,8,3.8,57,A
366727190,2022-01-05T08:54:12,40.66938,-74.01724,0.0,341.1,175.0,JILL REINAUER,IMO7042813,WCW9655,31,0,30,8,3.8,57,A
366727190,2022-01-05T09:17:22,40.66940,-74.01725,0.0,163.4,174.0,JILL REINAUER,IMO7042813,WCW9655,31,0,30,8,3.8,57,A
366727190,2022-01-05T09:22:52,40.66939,-74.01723,0.0,333.4,175.0,JILL REINAUER,IMO7042813,WCW9655,31,0,30,8,3.8,57,A
366727190,2022-01-05T09:05:52,40.66941,-74.01722,0.0,40.6,174.0,JILL REINAUER,IMO7042813,WCW9655,31,0,30,8,3.8,57,A
366727190,2022-01-05T09:02:21,40.66940,-74.01723,0.0,183.8,175.0,JILL REINAUER,IMO7042813,WCW9655,31,0,30,8,3.8,57,A
366727190,2022-01-05T09:08:12,40.66938,-74.01725,0.0,283.7,174.0,JILL REINAUER,IMO7042813,WCW9655,31,0,30,8,3.8,57,A
366727190,2022-01-05T03:44:43,40.66761,-74.03305,2.4,82.7,86.0,JILL REINAUER,IMO7042813,WCW9655,31,0,30,8,3.8,57,A
366727190,2022-01-05T09:10:32,40.66940,-74.01722,0.0,0.0,174.0,JILL REINAUER,IMO7042813,WCW9655,31,0,30,8,3.8,57,A
366727190,2022-01-05T09:09:21,40.66940,-74.01723,0.0,225.3,173.0,JILL REINAUER,IMO7042813,WCW9655,31,0,30,8,3.8,57,A
366727190,2022-01-05T09:19:41,40.66939,-74.01724,0.0,256.2,174.0,JILL REINAUER,IMO7042813,WCW9655,31,0,30,8,3.8,57,A
366727190,2022-01-05T09:21:43,40.66938,-74.01724,0.0,271.8,175.0,JILL REINAUER,IMO7042813,WCW9655,31,0,30,8,3.8,57,A
366727190,2022-01-05T09:16:13,40.66940,-74.01726,0.0,235.6,174.0,JILL REINAUER,IMO7042813,WCW9655,31,0,30,8,3.8,57,A
366727190,2022-01-05T09:36:52,40.66943,-74.01726,0.0,323.1,174.0,JILL REINAUER,IMO7042813,WCW9655,31,0,30,8,3.8,57,A
366727190,2022-01-05T09:25:11,40.66941,-74.01725,0.0,337.1,175.0,JILL REINAUER,IMO7042813,WCW9655,31,0,30,8,3.8,57,A
366727190,2022-01-05T09:18:32,40.66942,-74.01724,0.0,323.7,174.0,JILL REINAUER,IMO7042813,WCW9655,31,0,30,8,3.8,57,A
366727190,2022-01-05T09:33:23,40.66940,-74.01725,0.0,227.3,174.0,JILL REINAUER,IMO7042813,WCW9655,31,0,30,8,3.8,57,A
366727190,2022-01-05T09:34:33,40.66938,-74.01724,0.0,50.6,174.0,JILL REINAUER,IMO7042813,WCW9655,31,0,30,8,3.8,57,A
366727190,2022-01-05T09:20:42,40.66938,-74.01721,0.0,262.4,174.0,JILL REINAUER,IMO7042813,WCW9655,31,0,30,8,3.8,57,A
366727190,2022-01-05T09:27:33,40.66940,-74.01725,0.0,236.9,174.0,JILL REINAUER,IMO7042813,WCW9655,31,0,30,8,3.8,57,A
366727190,2022-01-05T09:12:53,40.66938,-74.01722,0.0,173.5,174.0,JILL REINAUER,IMO7042813,WCW9655,31,0,30,8,3.8,57,A
366727190,2022-01-05T09:38:01,40.66942,-74.01725,0.0,170.4,173.0,JILL REINAUER,IMO7042813,WCW9655,31,0,30,8,3.8,57,A
366727190,2022-01-05T09:28:42,40.66938,-74.01724,0.0,319.1,174.0,JILL REINAUER,IMO7042813,WCW9655,31,0,30,8,3.8,57,A
366727190,2022-01-05T09:29:52,40.66939,-74.01724,0.0,11.2,174.0,JILL REINAUER,IMO7042813,WCW9655,31,0,30,8,3.8,57,A
366727190,2022-01-05T09:42:22,40.66940,-74.01724,0.0,174.0,174.0,JILL REINAUER,IMO7042813,WCW9655,31,0,30,8,3.8,57,A
366727190,2022-01-05T09:32:11,40.66940,-74.01724,0.0,277.9,174.0,JILL REINAUER,IMO7042813,WCW9655,31,0,30,8,3.8,57,A
366727190,2022-01-05T03:51:03,40.67021,-74.01679,6.2,176.1,187.0,JILL REINAUER,IMO7042813,WCW9655,31,0,30,8,3.8,57,A
366727190,2022-01-05T09:31:01,40.66938,-74.01723,0.0,339.5,174.0,JILL REINAUER,IMO7042813,WCW9655,31,0,30,8,3.8,57,A
366727190,2022-01-05T09:24:02,40.66940,-74.01724,0.0,302.1,175.0,JILL REINAUER,IMO7042813,WCW9655,31,0,30,8,3.8,57,A
366727190,2022-01-05T09:47:02,40.66939,-74.01724,0.0,355.7,174.0,JILL REINAUER,IMO7042813,WCW9655,31,0,30,8,3.8,57,A
366727190,2022-01-05T09:40:12,40.66945,-74.01726,0.0,215.9,174.0,JILL REINAUER,IMO7042813,WCW9655,31,0,30,8,3.8,57,A
366727190,2022-01-05T09:55:12,40.66940,-74.01725,0.0,316.7,175.0,JILL REINAUER,IMO7042813,WCW9655,31,0,30,8,3.8,57,A
366727190,2022-01-05T09:41:21,40.66940,-74.01724,0.0,62.5,174.0,JILL REINAUER,IMO7042813,WCW9655,31,0,30,8,3.8,57,A
366727190,2022-01-05T09:43:32,40.66940,-74.01723,0.0,348.7,174.0,JILL REINAUER,IMO7042813,WCW9655,31,0,30,8,3.8,57,A
366727190,2022-01-05T09:45:51,40.66939,-74.01725,0.0,36.6,174.0,JILL REINAUER,IMO7042813,WCW9655,31,0,30,8,3.8,57,A
366727190,2022-01-05T09:39:02,40.66945,-74.01726,0.0,302.9,174.0,JILL REINAUER,IMO7042813,WCW9655,31,0,30,8,3.8,57,A
366727190,2022-01-05T03:53:13,40.66946,-74.01725,0.0,0.2,355.0,JILL REINAUER,IMO7042813,WCW9655,31,0,30,8,3.8,57,A
366727190,2022-01-05T09:49:22,40.66940,-74.01726,0.0,222.4,175.0,JILL REINAUER,IMO7042813,WCW9655,31,0,30,8,3.8,57,A
366727190,2022-01-05T09:54:03,40.66939,-74.01723,0.0,28.2,174.0,JILL REINAUER,IMO7042813,WCW9655,31,0,30,8,3.8,57,A
366727190,2022-01-05T09:50:32,40.66939,-74.01726,0.1,318.0,174.0,JILL REINAUER,IMO7042813,WCW9655,31,0,30,8,3.8,57,A
366727190,2022-01-05T09:35:42,40.66940,-74.01724,0.0,38.9,174.0,JILL REINAUER,IMO7042813,WCW9655,31,0,30,8,3.8,57,A
366727190,2022-01-05T09:51:41,40.66938,-74.01724,0.0,333.0,174.0,JILL REINAUER,IMO7042813,WCW9655,31,0,30,8,3.8,57,A
366727190,2022-01-05T10:03:32,40.66938,-74.01725,0.0,330.3,175.0,JILL REINAUER,IMO7042813,WCW9655,31,0,30,8,3.8,57,A
366727190,2022-01-05T09:57:23,40.66938,-74.01725,0.0,346.5,175.0,JILL REINAUER,IMO7042813,WCW9655,31,0,30,8,3.8,57,A
366727190,2022-01-05T09:59:41,40.66938,-74.01724,0.0,317.0,174.0,JILL REINAUER,IMO7042813,WCW9655,31,0,30,8,3.8,57,A
366727190,2022-01-05T09:44:42,40.66939,-74.01726,0.0,191.1,175.0,JILL REINAUER,IMO7042813,WCW9655,31,0,30,8,3.8,57,A
366727190,2022-01-05T10:10:31,40.66937,-74.01726,0.0,352.4,175.0,JILL REINAUER,IMO7042813,WCW9655,31,0,30,8,3.8,57,A
366727190,2022-01-05T09:52:52,40.66937,-74.01723,0.0,339.5,174.0,JILL REINAUER,IMO7042813,WCW9655,31,0,30,8,3.8,57,A
366727190,2022-01-05T10:00:01,40.66938,-74.01725,0.0,189.0,175.0,JILL REINAUER,IMO7042813,WCW9655,31,0,30,8,3.8,57,A
366727190,2022-01-05T09:48:12,40.66941,-74.01725,0.0,176.6,175.0,JILL REINAUER,IMO7042813,WCW9655,31,0,30,8,3.8,57,A
366727190,2022-01-05T10:01:11,40.66938,-74.01724,0.0,237.9,174.0,JILL REINAUER,IMO7042813,WCW9655,31,0,30,8,3.8,57,A
366727190,2022-01-05T10:19:53,40.66938,-74.01722,0.0,204.3,174.0,JILL REINAUER,IMO7042813,WCW9655,31,0,30,8,3.8,57,A
366727190,2022-01-05T10:02:23,40.66938,-74.01725,0.0,21.6,175.0,JILL REINAUER,IMO7042813,WCW9655,31,0,30,8,3.8,57,A
366727190,2022-01-05T10:07:01,40.66942,-74.01726,0.0,198.9,175.0,JILL REINAUER,IMO7042813,WCW9655,31,0,30,8,3.8,57,A
366727190,2022-01-05T09:56:22,40.66938,-74.01725,0.0,227.7,175.0,JILL REINAUER,IMO7042813,WCW9655,31,0,30,8,3.8,57,A
366727190,2022-01-05T10:09:23,40.66946,-74.01724,0.0,284.8,175.0,JILL REINAUER,IMO7042813,WCW9655,31,0,30,8,3.8,57,A
366727190,2022-01-05T10:24:32,40.66937,-74.01726,0.0,247.0,174.0,JILL REINAUER,IMO7042813,WCW9655,31,0,30,8,3.8,57,A
366727190,2022-01-05T10:05:52,40.66942,-74.01724,0.0,311.2,175.0,JILL REINAUER,IMO7042813,WCW9655,31,0,30,8,3.8,57,A
366727190,2022-01-05T10:25:33,40.66937,-74.01726,0.0,348.8,174.0,JILL REINAUER,IMO7042813,WCW9655,31,0,30,8,3.8,57,A
366727190,2022-01-05T10:11:41,40.66942,-74.01724,0.0,309.4,175.0,JILL REINAUER,IMO7042813,WCW9655,31,0,30,8,3.8,57,A
366727190,2022-01-05T10:08:12,40.66938,-74.01726,0.0,7.5,175.0,JILL REINAUER,IMO7042813,WCW9655,31,0,30,8,3.8,57,A
366727190,2022-01-05T10:30:12,40.66940,-74.01723,0.0,272.0,174.0,JILL REINAUER,IMO7042813,WCW9655,31,0,30,8,3.8,57,A
366727190,2022-01-05T10:32:32,40.66942,-74.01726,0.0,284.3,174.0,JILL REINAUER,IMO7042813,WCW9655,31,0,30,8,3.8,57,A
366727190,2022-01-05T04:05:45,40.66947,-74.01730,0.1,310.1,352.0,JILL REINAUER,IMO7042813,WCW9655,31,0,30,8,3.8,57,A
366727190,2022-01-05T10:12:52,40.66947,-74.01724,0.0,321.3,175.0,JILL REINAUER,IMO7042813,WCW9655,31,0,30,8,3.8,57,A
366727190,2022-01-05T10:21:01,40.66934,-74.01726,0.0,211.2,174.0,JILL REINAUER,IMO7042813,WCW9655,31,0,30,8,3.8,57,A
366727190,2022-01-05T10:14:01,40.66941,-74.01726,0.0,253.9,174.0,JILL REINAUER,IMO7042813,WCW9655,31,0,30,8,3.8,57,A
366727190,2022-01-05T10:17:31,40.66940,-74.01724,0.0,262.6,174.0,JILL REINAUER,IMO7042813,WCW9655,31,0,30,8,3.8,57,A
366727190,2022-01-05T04:07:49,40.67045,-74.01693,6.8,348.0,337.0,JILL REINAUER,IMO7042813,WCW9655,31,0,30,8,3.8,57,A
366727190,2022-01-05T10:41:52,40.66941,-74.01725,0.0,8.3,172.0,JILL REINAUER,IMO7042813,WCW9655,31,0,30,8,3.8,57,A
366727190,2022-01-05T10:31:22,40.66943,-74.01724,0.0,252.8,173.0,JILL REINAUER,IMO7042813,WCW9655,31,0,30,8,3.8,57,A
366727190,2022-01-05T10:26:43,40.66940,-74.01725,0.0,261.8,173.0,JILL REINAUER,IMO7042813,WCW9655,31,0,30,8,3.8,57,A
366727190,2022-01-05T10:27:51,40.66938,-74.01726,0.0,285.2,173.0,JILL REINAUER,IMO7042813,WCW9655,31,0,30,8,3.8,57,A
366727190,2022-01-05T10:29:01,40.66942,-74.01726,0.0,230.9,174.0,JILL REINAUER,IMO7042813,WCW9655,31,0,30,8,3.8,57,A
366727190,2022-01-05T10:22:12,40.66939,-74.01725,0.0,325.8,174.0,JILL REINAUER,IMO7042813,WCW9655,31,0,30,8,3.8,57,A
366727190,2022-01-05T10:23:22,40.66936,-74.01727,0.0,159.2,174.0,JILL REINAUER,IMO7042813,WCW9655,31,0,30,8,3.8,57,A
366727190,2022-01-05T10:34:52,40.66938,-74.01724,0.1,215.0,173.0,JILL REINAUER,IMO7042813,WCW9655,31,0,30,8,3.8,57,A
366727190,2022-01-05T10:48:53,40.66939,-74.01722,0.0,215.1,174.0,JILL REINAUER,IMO7042813,WCW9655,31,0,30,8,3.8,57,A
366727190,2022-01-05T10:36:01,40.66938,-74.01723,0.0,30.9,174.0,JILL REINAUER,IMO7042813,WCW9655,31,0,30,8,3.8,57,A
366727190,2022-01-05T10:37:12,40.66938,-74.01724,0.0,186.3,173.0,JILL REINAUER,IMO7042813,WCW9655,31,0,30,8,3.8,57,A
366727190,2022-01-05T10:43:02,40.66942,-74.01724,0.0,249.5,173.0,JILL REINAUER,IMO7042813,WCW9655,31,0,30,8,3.8,57,A
366727190,2022-01-05T10:39:32,40.66935,-74.01726,0.0,105.3,173.0,JILL REINAUER,IMO7042813,WCW9655,31,0,30,8,3.8,57,A
366727190,2022-01-05T10:46:32,40.66940,-74.01721,0.0,327.1,174.0,JILL REINAUER,IMO7042813,WCW9655,31,0,30,8,3.8,57,A
366727190,2022-01-05T10:44:11,40.66941,-74.01725,0.0,354.6,173.0,JILL REINAUER,IMO7042813,WCW9655,31,0,30,8,3.8,57,A
366727190,2022-01-05T10:47:43,40.66939,-74.01721,0.0,231.7,174.0,JILL REINAUER,IMO7042813,WCW9655,31,0,30,8,3.8,57,A
366727190,2022-01-05T10:54:33,40.66940,-74.01724,0.0,186.4,174.0,JILL REINAUER,IMO7042813,WCW9655,31,0,30,8,3.8,57,A
366727190,2022-01-05T10:52:21,40.66940,-74.01724,0.1,211.3,174.0,JILL REINAUER,IMO7042813,WCW9655,31,0,30,8,3.8,57,A
366727190,2022-01-05T11:10:22,40.66944,-74.01725,0.0,294.8,173.0,JILL REINAUER,IMO7042813,WCW9655,31,0,30,8,3.8,57,A
366727190,2022-01-05T10:53:32,40.66939,-74.01724,0.0,228.7,175.0,JILL REINAUER,IMO7042813,WCW9655,31,0,30,8,3.8,57,A
366727190,2022-01-05T11:01:12,40.66938,-74.01724,0.0,22.8,174.0,JILL REINAUER,IMO7042813,WCW9655,31,0,30,8,3.8,57,A
366727190,2022-01-05T10:56:53,40.66938,-74.01723,0.1,230.7,175.0,JILL REINAUER,IMO7042813,WCW9655,31,0,30,8,3.8,57,A
366727190,2022-01-05T10:50:02,40.66940,-74.01723,0.0,342.5,173.0,JILL REINAUER,IMO7042813,WCW9655,31,0,30,8,3.8,57,A
366727190,2022-01-05T10:51:11,40.66940,-74.01722,0.0,298.4,173.0,JILL REINAUER,IMO7042813,WCW9655,31,0,30,8,3.8,57,A
366727190,2022-01-05T10:58:02,40.66941,-74.01725,0.0,310.8,174.0,JILL REINAUER,IMO7042813,WCW9655,31,0,30,8,3.8,57,A
366727190,2022-01-05T11:12:43,40.66941,-74.01726,0.0,227.6,174.0,JILL REINAUER,IMO7042813,WCW9655,31,0,30,8,3.8,57,A
366727190,2022-01-05T11:04:31,40.66940,-74.01724,0.0,336.7,174.0,JILL REINAUER,IMO7042813,WCW9655,31,0,30,8,3.8,57,A
366727190,2022-01-05T11:00:02,40.66938,-74.01726,0.0,252.3,174.0,JILL REINAUER,IMO7042813,WCW9655,31,0,30,8,3.8,57,A
366727190,2022-01-05T10:59:12,40.66940,-74.01726,0.0,226.9,174.0,JILL REINAUER,IMO7042813,WCW9655,31,0,30,8,3.8,57,A
366727190,2022-01-05T04:22:56,40.67241,-74.03359,0.7,247.6,250.0,JILL REINAUER,IMO7042813,WCW9655,31,0,30,8,3.8,57,A
366727190,2022-01-05T10:55:43,40.66940,-74.01723,0.0,225.7,174.0,JILL REINAUER,IMO7042813,WCW9655,31,0,30,8,3.8,57,A
366727190,2022-01-05T11:02:13,40.66939,-74.01723,0.0,262.9,175.0,JILL REINAUER,IMO7042813,WCW9655,31,0,30,8,3.8,57,A
366727190,2022-01-05T11:03:23,40.66942,-74.01727,0.0,284.6,174.0,JILL REINAUER,IMO7042813,WCW9655,31,0,30,8,3.8,57,A
366727190,2022-01-05T11:05:42,40.66944,-74.01723,0.0,300.9,174.0,JILL REINAUER,IMO7042813,WCW9655,31,0,30,8,3.8,57,A
366727190,2022-01-05T11:08:02,40.66942,-74.01723,0.0,204.1,174.0,JILL REINAUER,IMO7042813,WCW9655,31,0,30,8,3.8,57,A
366727190,2022-01-05T11:09:13,40.66941,-74.01722,0.0,337.3,173.0,JILL REINAUER,IMO7042813,WCW9655,31,0,30,8,3.8,57,A
366727190,2022-01-05T11:13:51,40.66940,-74.01726,0.1,215.3,174.0,JILL REINAUER,IMO7042813,WCW9655,31,0,30,8,3.8,57,A
366727190,2022-01-05T11:24:21,40.66939,-74.01725,0.0,263.6,175.0,JILL REINAUER,IMO7042813,WCW9655,31,0,30,8,3.8,57,A
366727190,2022-01-05T11:11:33,40.66945,-74.01725,0.0,319.7,174.0,JILL REINAUER,IMO7042813,WCW9655,31,0,30,8,3.8,57,A
366727190,2022-01-05T11:15:01,40.66941,-74.01724,0.0,223.7,175.0,JILL REINAUER,IMO7042813,WCW9655,31,0,30,8,3.8,57,A
366727190,2022-01-05T11:18:31,40.66943,-74.01725,0.0,275.8,175.0,JILL REINAUER,IMO7042813,WCW9655,31,0,30,8,3.8,57,A
366727190,2022-01-05T11:36:02,40.66938,-74.01727,0.1,204.4,174.0,JILL REINAUER,IMO7042813,WCW9655,31,0,30,8,3.8,57,A
366727190,2022-01-05T11:16:12,40.66942,-74.01724,0.0,280.6,175.0,JILL REINAUER,IMO7042813,WCW9655,31,0,30,8,3.8,57,A
366727190,2022-01-05T11:17:22,40.66942,-74.01725,0.0,237.5,175.0,JILL REINAUER,IMO7042813,WCW9655,31,0,30,8,3.8,57,A
366727190,2022-01-05T11:31:21,40.66942,-74.01725,0.0,216.6,175.0,JILL REINAUER,IMO7042813,WCW9655,31,0,30,8,3.8,57,A
366727190,2022-01-05T11:20:53,40.66943,-74.01724,0.0,255.9,175.0,JILL REINAUER,IMO7042813,WCW9655,31,0,30,8,3.8,57,A
366727190,2022-01-05T11:19:43,40.66942,-74.01726,0.0,236.0,174.0,JILL REINAUER,IMO7042813,WCW9655,31,0,30,8,3.8,57,A
366727190,2022-01-05T11:23:12,40.66938,-74.01725,0.1,217.4,175.0,JILL REINAUER,IMO7042813,WCW9655,31,0,30,8,3.8,57,A
366727190,2022-01-05T11:22:03,40.66943,-74.01724,0.0,244.3,176.0,JILL REINAUER,IMO7042813,WCW9655,31,0,30,8,3.8,57,A
366727190,2022-01-05T11:25:31,40.66940,-74.01725,0.0,220.7,176.0,JILL REINAUER,IMO7042813,WCW9655,31,0,30,8,3.8,57,A
366727190,2022-01-05T11:29:02,40.66941,-74.01725,0.0,226.2,175.0,JILL REINAUER,IMO7042813,WCW9655,31,0,30,8,3.8,57,A
366727190,2022-01-05T04:33:38,40.67321,-74.03360,4.9,26.4,54.0,JILL REINAUER,IMO7042813,WCW9655,31,0,30,8,3.8,57,A
366727190,2022-01-05T11:27:51,40.66940,-74.01725,0.0,208.7,174.0,JILL REINAUER,IMO7042813,WCW9655,31,0,30,8,3.8,57,A
366727190,2022-01-05T11:30:12,40.66942,-74.01726,0.0,207.0,175.0,JILL REINAUER,IMO7042813,WCW9655,31,0,30,8,3.8,57,A
366727190,2022-01-05T11:26:42,40.66940,-74.01725,0.0,268.1,175.0,JILL REINAUER,IMO7042813,WCW9655,31,0,30,8,3.8,57,A
366727190,2022-01-05T11:32:31,40.66938,-74.01727,0.0,52.2,175.0,JILL REINAUER,IMO7042813,WCW9655,31,0,30,8,3.8,57,A
366727190,2022-01-05T11:33:42,40.66943,-74.01726,0.0,265.0,174.0,JILL REINAUER,IMO7042813,WCW9655,31,0,30,8,3.8,57,A
366727190,2022-01-05T11:55:32,40.66943,-74.01728,0.0,316.5,175.0,JILL REINAUER,IMO7042813,WCW9655,31,0,30,8,3.8,57,A
366727190,2022-01-05T11:38:22,40.66943,-74.01725,0.0,274.1,175.0,JILL REINAUER,IMO7042813,WCW9655,31,0,30,8,3.8,57,A
366727190,2022-01-05T11:37:12,40.66940,-74.01727,0.0,198.3,175.0,JILL REINAUER,IMO7042813,WCW9655,31,0,30,8,3.8,57,A
366727190,2022-01-05T04:37:52,40.67227,-74.01983,9.9,120.5,120.0,JILL REINAUER,IMO7042813,WCW9655,31,0,30,8,3.8,57,A
366727190,2022-01-05T11:57:53,40.66944,-74.01726,0.0,205.7,175.0,JILL REINAUER,IMO7042813,WCW9655,31,0,30,8,3.8,57,A
366727190,2022-01-05T11:41:52,40.66942,-74.01725,0.0,345.5,175.0,JILL REINAUER,IMO7042813,WCW9655,31,0,30,8,3.8,57,A
366727190,2022-01-05T11:39:32,40.66943,-74.01724,0.0,242.5,175.0,JILL REINAUER,IMO7042813,WCW9655,31,0,30,8,3.8,57,A
366727190,2022-01-05T04:39:58,40.66945,-74.01718,1.4,210.1,214.0,JILL REINAUER,IMO7042813,WCW9655,31,0,30,8,3.8,57,A
366727190,2022-01-05T11:48:41,40.66942,-74.01724,0.0,242.8,175.0,JILL REINAUER,IMO7042813,WCW9655,31,0,30,8,3.8,57,A
366727190,2022-01-05T11:49:52,40.66941,-74.01723,0.0,316.5,176.0,JILL REINAUER,IMO7042813,WCW9655,31,0,30,8,3.8,57,A
366727190,2022-01-05T11:46:22,40.66944,-74.01725,0.0,75.7,175.0,JILL REINAUER,IMO7042813,WCW9655,31,0,30,8,3.8,57,A
366727190,2022-01-05T11:44:12,40.66942,-74.01725,0.0,222.9,176.0,JILL REINAUER,IMO7042813,WCW9655,31,0,30,8,3.8,57,A
366727190,2022-01-05T11:54:21,40.66945,-74.01729,0.0,311.5,174.0,JILL REINAUER,IMO7042813,WCW9655,31,0,30,8,3.8,57,A
366727190,2022-01-05T11:45:21,40.66944,-74.01725,0.0,214.4,175.0,JILL REINAUER,IMO7042813,WCW9655,31,0,30,8,3.8,57,A
366727190,2022-01-05T12:12:42,40.66942,-74.01727,0.0,300.6,175.0,JILL REINAUER,IMO7042813,WCW9655,31,0,30,8,3.8,57,A
366727190,2022-01-05T11:50:53,40.66943,-74.01724,0.0,340.0,175.0,JILL REINAUER,IMO7042813,WCW9655,31,0,30,8,3.8,57,A
366727190,2022-01-05T12:00:03,40.66940,-74.01727,0.0,202.7,174.0,JILL REINAUER,IMO7042813,WCW9655,31,0,30,8,3.8,57,A
366727190,2022-01-05T11:59:03,40.66943,-74.01727,0.0,310.6,173.0,JILL REINAUER,IMO7042813,WCW9655,31,0,30,8,3.8,57,A
366727190,2022-01-05T12:18:31,40.66945,-74.01726,0.0,277.9,175.0,JILL REINAUER,IMO7042813,WCW9655,31,0,30,8,3.8,57,A
366727190,2022-01-05T12:19:32,40.66945,-74.01726,0.0,330.8,176.0,JILL REINAUER,IMO7042813,WCW9655,31,0,30,8,3.8,57,A
366727190,2022-01-05T12:03:23,40.66945,-74.01730,0.0,247.9,174.0,JILL REINAUER,IMO7042813,WCW9655,31,0,30,8,3.8,57,A
366727190,2022-01-05T12:15:03,40.66942,-74.01726,0.0,259.7,176.0,JILL REINAUER,IMO7042813,WCW9655,31,0,30,8,3.8,57,A
366727190,2022-01-05T12:04:32,40.66943,-74.01729,0.0,235.6,174.0,JILL REINAUER,IMO7042813,WCW9655,31,0,30,8,3.8,57,A
366727190,2022-01-05T12:09:12,40.66940,-74.01725,0.0,349.5,174.0,JILL REINAUER,IMO7042813,WCW9655,31,0,30,8,3.8,57,A
366727190,2022-01-05T11:56:43,40.66944,-74.01729,0.0,239.4,176.0,JILL REINAUER,IMO7042813,WCW9655,31,0,30,8,3.8,57,A
366727190,2022-01-05T12:05:42,40.66942,-74.01726,0.0,236.4,175.0,JILL REINAUER,IMO7042813,WCW9655,31,0,30,8,3.8,57,A
366727190,2022-01-05T12:01:12,40.66939,-74.01727,0.0,316.4,174.0,JILL REINAUER,IMO7042813,WCW9655,31,0,30,8,3.8,57,A
366727190,2022-01-05T12:08:02,40.66941,-74.01726,0.0,317.3,175.0,JILL REINAUER,IMO7042813,WCW9655,31,0,30,8,3.8,57,A
366727190,2022-01-05T12:02:22,40.66946,-74.01726,0.0,246.0,174.0,JILL REINAUER,IMO7042813,WCW9655,31,0,30,8,3.8,57,A
366727190,2022-01-05T12:24:01,40.66945,-74.01725,0.0,323.2,175.0,JILL REINAUER,IMO7042813,WCW9655,31,0,30,8,3.8,57,A
366727190,2022-01-05T12:13:53,40.66942,-74.01727,0.0,308.4,176.0,JILL REINAUER,IMO7042813,WCW9655,31,0,30,8,3.8,57,A
366727190,2022-01-05T04:46:42,40.66933,-74.01726,0.0,9.2,174.0,JILL REINAUER,IMO7042813,WCW9655,31,0,30,8,3.8,57,A
366727190,2022-01-05T12:11:31,40.66941,-74.01725,0.0,224.0,174.0,JILL REINAUER,IMO7042813,WCW9655,31,0,30,8,3.8,57,A
366727190,2022-01-05T12:06:52,40.66942,-74.01724,0.0,335.2,175.0,JILL REINAUER,IMO7042813,WCW9655,31,0,30,8,3.8,57,A
366727190,2022-01-05T12:20:41,40.66944,-74.01726,0.0,293.1,176.0,JILL REINAUER,IMO7042813,WCW9655,31,0,30,8,3.8,57,A
366727190,2022-01-05T12:16:12,40.66942,-74.01725,0.0,189.8,176.0,JILL REINAUER,IMO7042813,WCW9655,31,0,30,8,3.8,57,A
366727190,2022-01-05T12:33:12,40.66945,-74.01727,0.0,37.2,175.0,JILL REINAUER,IMO7042813,WCW9655,31,0,30,8,3.8,57,A
366727190,2022-01-05T12:26:23,40.66946,-74.01726,0.0,228.3,175.0,JILL REINAUER,IMO7042813,WCW9655,31,0,30,8,3.8,57,A
366727190,2022-01-05T12:35:33,40.66945,-74.01726,0.0,181.7,175.0,JILL REINAUER,IMO7042813,WCW9655,31,0,30,8,3.8,57,A
366727190,2022-01-05T12:17:22,40.66944,-74.01727,0.0,21.8,176.0,JILL REINAUER,IMO7042813,WCW9655,31,0,30,8,3.8,57,A
366727190,2022-01-05T12:29:51,40.66950,-74.01725,0.0,43.9,175.0,JILL REINAUER,IMO7042813,WCW9655,31,0,30,8,3.8,57,A
366727190,2022-01-05T12:31:01,40.66951,-74.01725,0.0,301.0,175.0,JILL REINAUER,IMO7042813,WCW9655,31,0,30,8,3.8,57,A
366727190,2022-01-05T12:21:42,40.66945,-74.01727,0.0,326.8,175.0,JILL REINAUER,IMO7042813,WCW9655,31,0,30,8,3.8,57,A
366727190,2022-01-05T12:27:31,40.66944,-74.01725,0.0,200.3,175.0,JILL REINAUER,IMO7042813,WCW9655,31,0,30,8,3.8,57,A
366727190,2022-01-05T12:28:42,40.66950,-74.01726,0.0,327.0,175.0,JILL REINAUER,IMO7042813,WCW9655,31,0,30,8,3.8,57,A
366727190,2022-01-05T12:25:13,40.66944,-74.01724,0.0,5.2,174.0,JILL REINAUER,IMO7042813,WCW9655,31,0,30,8,3.8,57,A
366727190,2022-01-05T12:32:02,40.66948,-74.01727,0.0,187.6,176.0,JILL REINAUER,IMO7042813,WCW9655,31,0,30,8,3.8,57,A
366727190,2022-01-05T12:40:12,40.66943,-74.01725,0.0,217.1,176.0,JILL REINAUER,IMO7042813,WCW9655,31,0,30,8,3.8,57,A
366727190,2022-01-05T12:34:21,40.66943,-74.01726,0.0,86.0,174.0,JILL REINAUER,IMO7042813,WCW9655,31,0,30,8,3.8,57,A
366727190,2022-01-05T12:56:23,40.66945,-74.01725,0.0,205.1,177.0,JILL REINAUER,IMO7042813,WCW9655,31,0,30,8,3.8,57,A
366727190,2022-01-05T12:43:42,40.66943,-74.01727,0.0,158.0,175.0,JILL REINAUER,IMO7042813,WCW9655,31,0,30,8,3.8,57,A
366727190,2022-01-05T04:53:42,40.66939,-74.01727,0.0,273.0,174.0,JILL REINAUER,IMO7042813,WCW9655,31,0,30,8,3.8,57,A
366727190,2022-01-05T12:52:51,40.66948,-74.01725,0.1,217.8,176.0,JILL REINAUER,IMO7042813,WCW9655,31,0,30,8,3.8,57,A
366727190,2022-01-05T12:44:53,40.66949,-74.01726,0.0,33.2,174.0,JILL REINAUER,IMO7042813,WCW9655,31,0,30,8,3.8,57,A
366727190,2022-01-05T12:41:21,40.66944,-74.01725,0.0,36.7,176.0,JILL REINAUER,IMO7042813,WCW9655,31,0,30,8,3.8,57,A
366727190,2022-01-05T13:04:43,40.66944,-74.01725,0.0,130.4,176.0,JILL REINAUER,IMO7042813,WCW9655,31,0,30,8,3.8,57,A
366727190,2022-01-05T12:46:02,40.66945,-74.01726,0.0,5.8,173.0,JILL REINAUER,IMO7042813,WCW9655,31,0,30,8,3.8,57,A
366727190,2022-01-05T12:39:02,40.66942,-74.01725,0.0,28.9,176.0,JILL REINAUER,IMO7042813,WCW9655,31,0,30,8,3.8,57,A
366727190,2022-01-05T12:50:31,40.66946,-74.01725,0.0,186.0,174.0,JILL REINAUER,IMO7042813,WCW9655,31,0,30,8,3.8,57,A
366727190,2022-01-05T12:48:13,40.66944,-74.01726,0.0,322.1,174.0,JILL REINAUER,IMO7042813,WCW9655,31,0,30,8,3.8,57,A
366727190,2022-01-05T12:49:22,40.66947,-74.01724,0.1,188.8,174.0,JILL REINAUER,IMO7042813,WCW9655,31,0,30,8,3.8,57,A
366727190,2022-01-05T13:01:12,40.66941,-74.01727,0.0,219.1,176.0,JILL REINAUER,IMO7042813,WCW9655,31,0,30,8,3.8,57,A
366727190,2022-01-05T12:51:41,40.66952,-74.01726,0.0,196.1,176.0,JILL REINAUER,IMO7042813,WCW9655,31,0,30,8,3.8,57,A
366727190,2022-01-05T12:42:32,40.66945,-74.01725,0.0,3.7,176.0,JILL REINAUER,IMO7042813,WCW9655,31,0,30,8,3.8,57,A
366727190,2022-01-05T12:54:01,40.66941,-74.01726,0.0,328.7,176.0,JILL REINAUER,IMO7042813,WCW9655,31,0,30,8,3.8,57,A
366727190,2022-01-05T13:07:02,40.66945,-74.01723,0.0,325.2,175.0,JILL REINAUER,IMO7042813,WCW9655,31,0,30,8,3.8,57,A
366727190,2022-01-05T12:55:11,40.66944,-74.01725,0.0,165.5,176.0,JILL REINAUER,IMO7042813,WCW9655,31,0,30,8,3.8,57,A
366727190,2022-01-05T12:57:32,40.66936,-74.01727,0.1,208.7,176.0,JILL REINAUER,IMO7042813,WCW9655,31,0,30,8,3.8,57,A
366727190,2022-01-05T13:10:32,40.66945,-74.01726,0.0,318.4,175.0,JILL REINAUER,IMO7042813,WCW9655,31,0,30,8,3.8,57,A
366727190,2022-01-05T12:58:42,40.66941,-74.01726,0.1,173.4,176.0,JILL REINAUER,IMO7042813,WCW9655,31,0,30,8,3.8,57,A
366727190,2022-01-05T13:00:01,40.66943,-74.01725,0.0,171.5,176.0,JILL REINAUER,IMO7042813,WCW9655,31,0,30,8,3.8,57,A
366727190,2022-01-05T13:19:42,40.66942,-74.01726,0.0,252.6,175.0,JILL REINAUER,IMO7042813,WCW9655,31,0,30,8,3.8,57,A
366727190,2022-01-05T12:59:53,40.66943,-74.01725,0.0,155.6,176.0,JILL REINAUER,IMO7042813,WCW9655,31,0,30,8,3.8,57,A
366727190,2022-01-05T13:02:22,40.66944,-74.01726,0.0,191.9,176.0,JILL REINAUER,IMO7042813,WCW9655,31,0,30,8,3.8,57,A
366727190,2022-01-05T13:05:52,40.66944,-74.01725,0.0,237.1,175.0,JILL REINAUER,IMO7042813,WCW9655,31,0,30,8,3.8,57,A
366727190,2022-01-05T13:03:32,40.66945,-74.01726,0.0,225.4,176.0,JILL REINAUER,IMO7042813,WCW9655,31,0,30,8,3.8,57,A
366727190,2022-01-05T13:09:23,40.66945,-74.01725,0.0,234.6,175.0,JILL REINAUER,IMO7042813,WCW9655,31,0,30,8,3.8,57,A
366727190,2022-01-05T13:32:32,40.66946,-74.01723,0.0,330.4,174.0,JILL REINAUER,IMO7042813,WCW9655,31,0,30,8,3.8,57,A
366727190,2022-01-05T13:11:43,40.66945,-74.01725,0.0,217.8,175.0,JILL REINAUER,IMO7042813,WCW9655,31,0,30,8,3.8,57,A
366727190,2022-01-05T13:12:52,40.66945,-74.01724,0.0,303.7,175.0,JILL REINAUER,IMO7042813,WCW9655,31,0,30,8,3.8,57,A
366727190,2022-01-05T13:14:02,40.66945,-74.01725,0.0,203.7,176.0,JILL REINAUER,IMO7042813,WCW9655,31,0,30,8,3.8,57,A
366727190,2022-01-05T13:36:03,40.66943,-74.01724,0.0,215.4,173.0,JILL REINAUER,IMO7042813,WCW9655,31,0,30,8,3.8,57,A
366727190,2022-01-05T13:27:52,40.66943,-74.01725,0.0,187.4,174.0,JILL REINAUER,IMO7042813,WCW9655,31,0,30,8,3.8,57,A
366727190,2022-01-05T13:18:32,40.66943,-74.01726,0.0,343.5,175.0,JILL REINAUER,IMO7042813,WCW9655,31,0,30,8,3.8,57,A
366727190,2022-01-05T13:30:11,40.66944,-74.01726,0.0,259.3,174.0,JILL REINAUER,IMO7042813,WCW9655,31,0,30,8,3.8,57,A
366727190,2022-01-05T13:20:53,40.66941,-74.01728,0.0,287.8,174.0,JILL REINAUER,IMO7042813,WCW9655,31,0,30,8,3.8,57,A
366727190,2022-01-05T13:22:01,40.66942,-74.01726,0.0,331.4,173.0,JILL REINAUER,IMO7042813,WCW9655,31,0,30,8,3.8,57,A
366727190,2022-01-05T13:34:52,40.66944,-74.01722,0.0,270.1,173.0,JILL REINAUER,IMO7042813,WCW9655,31,0,30,8,3.8,57,A
366727190,2022-01-05T13:23:12,40.66945,-74.01724,0.0,223.3,174.0,JILL REINAUER,IMO7042813,WCW9655,31,0,30,8,3.8,57,A
366727190,2022-01-05T13:24:23,40.66942,-74.01727,0.0,310.4,173.0,JILL REINAUER,IMO7042813,WCW9655,31,0,30,8,3.8,57,A
366727190,2022-01-05T13:26:42,40.66944,-74.01725,0.0,234.4,173.0,JILL REINAUER,IMO7042813,WCW9655,31,0,30,8,3.8,57,A
366727190,2022-01-05T13:16:13,40.66946,-74.01723,0.0,295.1,175.0,JILL REINAUER,IMO7042813,WCW9655,31,0,30,8,3.8,57,A
366727190,2022-01-05T05:12:41,40.66938,-74.01725,0.0,202.1,173.0,JILL REINAUER,IMO7042813,WCW9655,31,0,30,8,3.8,57,A
366727190,2022-01-05T13:17:21,40.66945,-74.01725,0.0,258.4,175.0,JILL REINAUER,IMO7042813,WCW9655,31,0,30,8,3.8,57,A
366727190,2022-01-05T13:29:02,40.66944,-74.01724,0.0,161.0,175.0,JILL REINAUER,IMO7042813,WCW9655,31,0,30,8,3.8,57,A
366727190,2022-01-05T13:41:51,40.66945,-74.01724,0.0,322.5,173.0,JILL REINAUER,IMO7042813,WCW9655,31,0,30,8,3.8,57,A
366727190,2022-01-05T13:31:23,40.66944,-74.01726,0.0,229.7,173.0,JILL REINAUER,IMO7042813,WCW9655,31,0,30,8,3.8,57,A
366727190,2022-01-05T13:51:12,40.66945,-74.01723,0.0,213.3,172.0,JILL REINAUER,IMO7042813,WCW9655,31,0,30,8,3.8,57,A
366727190,2022-01-05T13:33:42,40.66945,-74.01724,0.0,322.6,173.0,JILL REINAUER,IMO7042813,WCW9655,31,0,30,8,3.8,57,A
366727190,2022-01-05T13:46:31,40.66945,-74.01724,0.0,226.5,173.0,JILL REINAUER,IMO7042813,WCW9655,31,0,30,8,3.8,57,A
366727190,2022-01-05T13:57:01,40.66942,-74.01725,0.1,232.0,172.0,JILL REINAUER,IMO7042813,WCW9655,31,0,30,8,3.8,57,A
366727190,2022-01-05T13:38:21,40.66944,-74.01722,0.0,80.4,173.0,JILL REINAUER,IMO7042813,WCW9655,31,0,30,8,3.8,57,A
366727190,2022-01-05T13:39:31,40.66944,-74.01723,0.0,208.3,173.0,JILL REINAUER,IMO7042813,WCW9655,31,0,30,8,3.8,57,A
366727190,2022-01-05T13:45:23,40.66945,-74.01724,0.0,245.1,173.0,JILL REINAUER,IMO7042813,WCW9655,31,0,30,8,3.8,57,A
366727190,2022-01-05T13:47:42,40.66945,-74.01722,0.0,25.1,174.0,JILL REINAUER,IMO7042813,WCW9655,31,0,30,8,3.8,57,A
366727190,2022-01-05T13:54:43,40.66944,-74.01724,0.0,260.7,172.0,JILL REINAUER,IMO7042813,WCW9655,31,0,30,8,3.8,57,A
366727190,2022-01-05T05:19:33,40.66938,-74.01724,0.0,205.8,173.0,JILL REINAUER,IMO7042813,WCW9655,31,0,30,8,3.8,57,A
366727190,2022-01-05T13:55:51,40.66942,-74.01724,0.0,231.0,172.0,JILL REINAUER,IMO7042813,WCW9655,31,0,30,8,3.8,57,A
366727190,2022-01-05T14:01:11,40.66943,-74.01722,0.0,284.3,172.0,JILL REINAUER,IMO7042813,WCW9655,31,0,30,8,3.8,57,A
366727190,2022-01-05T13:50:01,40.66945,-74.01723,0.0,57.5,172.0,JILL REINAUER,IMO7042813,WCW9655,31,0,30,8,3.8,57,A
366727190,2022-01-05T05:22:52,40.66940,-74.01725,0.0,212.4,173.0,JILL REINAUER,IMO7042813,WCW9655,31,0,30,8,3.8,57,A
366727190,2022-01-05T14:02:22,40.66944,-74.01723,0.0,260.7,172.0,JILL REINAUER,IMO7042813,WCW9655,31,0,30,8,3.8,57,A
366727190,2022-01-05T05:24:02,40.66938,-74.01725,0.0,105.0,173.0,JILL REINAUER,IMO7042813,WCW9655,31,0,30,8,3.8,57,A
366727190,2022-01-05T14:04:32,40.66942,-74.01722,0.0,148.3,172.0,JILL REINAUER,IMO7042813,WCW9655,31,0,30,8,3.8,57,A
366727190,2022-01-05T13:59:22,40.66944,-74.01723,0.0,333.6,172.0,JILL REINAUER,IMO7042813,WCW9655,31,0,30,8,3.8,57,A
366727190,2022-01-05T13:58:13,40.66942,-74.01725,0.0,124.1,172.0,JILL REINAUER,IMO7042813,WCW9655,31,0,30,8,3.8,57,A
366727190,2022-01-05T13:53:32,40.66944,-74.01724,0.0,225.7,172.0,JILL REINAUER,IMO7042813,WCW9655,31,0,30,8,3.8,57,A
366727190,2022-01-05T14:00:01,40.66944,-74.01722,0.0,354.3,172.0,JILL REINAUER,IMO7042813,WCW9655,31,0,30,8,3.8,57,A
366727190,2022-01-05T14:05:33,40.66942,-74.01724,0.0,157.1,172.0,JILL REINAUER,IMO7042813,WCW9655,31,0,30,8,3.8,57,A
366727190,2022-01-05T14:27:02,40.67047,-74.01727,0.1,295.5,208.0,JILL REINAUER,IMO7042813,WCW9655,31,0,30,8,3.8,57,A
366727190,2022-01-05T14:34:31,40.67050,-74.01736,0.0,155.2,175.0,JILL REINAUER,IMO7042813,WCW9655,31,0,30,8,3.8,57,A
366727190,2022-01-05T14:25:59,40.67058,-74.01712,0.6,228.7,238.0,JILL REINAUER,IMO7042813,WCW9655,31,0,30,8,3.8,57,A
366727190,2022-01-05T14:41:31,40.67049,-74.01738,0.0,350.8,175.0,JILL REINAUER,IMO7042813,WCW9655,31,0,30,8,3.8,57,A
366727190,2022-01-05T14:43:43,40.67049,-74.01738,0.0,23.4,174.0,JILL REINAUER,IMO7042813,WCW9655,31,0,30,8,3.8,57,A
366727190,2022-01-05T14:31:02,40.67049,-74.01737,0.0,212.3,174.0,JILL REINAUER,IMO7042813,WCW9655,31,0,30,8,3.8,57,A
366727190,2022-01-05T14:29:53,40.67048,-74.01738,0.0,220.4,174.0,JILL REINAUER,IMO7042813,WCW9655,31,0,30,8,3.8,57,A
366727190,2022-01-05T14:46:01,40.67047,-74.01738,0.0,7.9,174.0,JILL REINAUER,IMO7042813,WCW9655,31,0,30,8,3.8,57,A
366727190,2022-01-05T14:33:22,40.67048,-74.01738,0.0,268.0,175.0,JILL REINAUER,IMO7042813,WCW9655,31,0,30,8,3.8,57,A
366727190,2022-01-05T14:28:38,40.67048,-74.01736,0.0,77.9,175.0,JILL REINAUER,IMO7042813,WCW9655,31,0,30,8,3.8,57,A
366727190,2022-01-05T14:35:42,40.67049,-74.01736,0.0,224.5,175.0,JILL REINAUER,IMO7042813,WCW9655,31,0,30,8,3.8,57,A
366727190,2022-01-05T14:49:32,40.67048,-74.01734,0.0,144.8,176.0,JILL REINAUER,IMO7042813,WCW9655,31,0,30,8,3.8,57,A
366727190,2022-01-05T14:36:53,40.67049,-74.01736,0.0,171.4,175.0,JILL REINAUER,IMO7042813,WCW9655,31,0,30,8,3.8,57,A
366727190,2022-01-05T05:38:51,40.66936,-74.01726,0.0,9.1,174.0,JILL REINAUER,IMO7042813,WCW9655,31,0,30,8,3.8,57,A
366727190,2022-01-05T14:38:03,40.67048,-74.01735,0.0,234.5,175.0,JILL REINAUER,IMO7042813,WCW9655,31,0,30,8,3.8,57,A
366727190,2022-01-05T14:32:11,40.67048,-74.01738,0.0,271.6,175.0,JILL REINAUER,IMO7042813,WCW9655,31,0,30,8,3.8,57,A
366727190,2022-01-05T14:39:11,40.67048,-74.01736,0.0,353.3,175.0,JILL REINAUER,IMO7042813,WCW9655,31,0,30,8,3.8,57,A
366727190,2022-01-05T14:40:23,40.67048,-74.01737,0.0,224.3,175.0,JILL REINAUER,IMO7042813,WCW9655,31,0,30,8,3.8,57,A
366727190,2022-01-05T14:51:42,40.67048,-74.01730,0.1,80.9,178.0,JILL REINAUER,IMO7042813,WCW9655,31,0,30,8,3.8,57,A
366727190,2022-01-05T14:53:52,40.67049,-74.01708,0.4,98.5,195.0,JILL REINAUER,IMO7042813,WCW9655,31,0,30,8,3.8,57,A
366727190,2022-01-05T14:44:53,40.67048,-74.01739,0.0,164.1,174.0,JILL REINAUER,IMO7042813,WCW9655,31,0,30,8,3.8,57,A
366727190,2022-01-05T14:47:12,40.67048,-74.01737,0.0,308.7,174.0,JILL REINAUER,IMO7042813,WCW9655,31,0,30,8,3.8,57,A
366727190,2022-01-05T14:48:22,40.67048,-74.01736,0.0,44.9,175.0,JILL REINAUER,IMO7042813,WCW9655,31,0,30,8,3.8,57,A
366727190,2022-01-05T14:42:41,40.67050,-74.01739,0.0,9.8,174.0,JILL REINAUER,IMO7042813,WCW9655,31,0,30,8,3.8,57,A
366727190,2022-01-05T14:52:43,40.67052,-74.01725,0.3,86.0,183.0,JILL REINAUER,IMO7042813,WCW9655,31,0,30,8,3.8,57,A
366727190,2022-01-05T15:04:19,40.67401,-74.02683,5.7,247.5,226.0,JILL REINAUER,IMO7042813,WCW9655,31,0,30,8,3.8,57,A
366727190,2022-01-05T15:05:21,40.67296,-74.02857,5.9,220.8,209.0,JILL REINAUER,IMO7042813,WCW9655,31,0,30,8,3.8,57,A
366727190,2022-01-05T15:06:33,40.67126,-74.02985,6.2,203.7,204.0,JILL REINAUER,IMO7042813,WCW9655,31,0,30,8,3.8,57,A
366727190,2022-01-05T15:07:42,40.66940,-74.03084,6.3,201.2,205.0,JILL REINAUER,IMO7042813,WCW9655,31,0,30,8,3.8,57,A
366727190,2022-01-05T15:08:52,40.66747,-74.03189,6.4,203.6,210.0,JILL REINAUER,IMO7042813,WCW9655,31,0,30,8,3.8,57,A
366727190,2022-01-05T14:50:33,40.67048,-74.01733,0.0,138.8,177.0,JILL REINAUER,IMO7042813,WCW9655,31,0,30,8,3.8,57,A
366727190,2022-01-05T14:57:59,40.67071,-74.01608,0.5,126.8,280.0,JILL REINAUER,IMO7042813,WCW9655,31,0,30,8,3.8,57,A
366727190,2022-01-05T15:00:02,40.67137,-74.01738,5.0,299.4,295.0,JILL REINAUER,IMO7042813,WCW9655,31,0,30,8,3.8,57,A
366727190,2022-01-05T05:49:13,40.66939,-74.01723,0.0,141.9,174.0,JILL REINAUER,IMO7042813,WCW9655,31,0,30,8,3.8,57,A
366727190,2022-01-05T15:01:12,40.67226,-74.01968,6.8,300.0,295.0,JILL REINAUER,IMO7042813,WCW9655,31,0,30,8,3.8,57,A
366727190,2022-01-05T15:03:18,40.67406,-74.02463,6.6,282.9,260.0,JILL REINAUER,IMO7042813,WCW9655,31,0,30,8,3.8,57,A
366727190,2022-01-05T15:14:42,40.66269,-74.03579,0.5,256.7,222.0,JILL REINAUER,IMO7042813,WCW9655,31,0,30,8,3.8,57,A
366727190,2022-01-05T14:59:02,40.67080,-74.01627,2.5,319.7,299.0,JILL REINAUER,IMO7042813,WCW9655,31,0,30,8,3.8,57,A
366727190,2022-01-05T15:22:43,40.66306,-74.03622,0.1,249.1,204.0,JILL REINAUER,IMO7042813,WCW9655,31,0,30,8,3.8,57,A
366727190,2022-01-05T15:11:13,40.66418,-74.03431,4.4,214.4,215.0,JILL REINAUER,IMO7042813,WCW9655,31,0,30,8,3.8,57,A
366727190,2022-01-05T15:12:23,40.66329,-74.03510,2.5,214.8,218.0,JILL REINAUER,IMO7042813,WCW9655,31,0,30,8,3.8,57,A
366727190,2022-01-05T15:28:32,40.66309,-74.03639,0.1,271.3,207.0,JILL REINAUER,IMO7042813,WCW9655,31,0,30,8,3.8,57,A
366727190,2022-01-05T15:30:42,40.66312,-74.03646,0.1,300.2,206.0,JILL REINAUER,IMO7042813,WCW9655,31,0,30,8,3.8,57,A
366727190,2022-01-05T15:29:41,40.66310,-74.03643,0.1,301.3,207.0,JILL REINAUER,IMO7042813,WCW9655,31,0,30,8,3.8,57,A
366727190,2022-01-05T15:31:52,40.66314,-74.03650,0.1,308.8,204.0,JILL REINAUER,IMO7042813,WCW9655,31,0,30,8,3.8,57,A
366727190,2022-01-05T15:16:55,40.66280,-74.03594,0.6,334.0,213.0,JILL REINAUER,IMO7042813,WCW9655,31,0,30,8,3.8,57,A
366727190,2022-01-05T15:25:02,40.66309,-74.03627,0.1,297.8,206.0,JILL REINAUER,IMO7042813,WCW9655,31,0,30,8,3.8,57,A
366727190,2022-01-05T15:27:22,40.66310,-74.03633,0.1,269.7,207.0,JILL REINAUER,IMO7042813,WCW9655,31,0,30,8,3.8,57,A
366727190,2022-01-05T15:20:22,40.66305,-74.03613,0.2,301.8,201.0,JILL REINAUER,IMO7042813,WCW9655,31,0,30,8,3.8,57,A
366727190,2022-01-05T15:23:52,40.66306,-74.03625,0.1,303.4,205.0,JILL REINAUER,IMO7042813,WCW9655,31,0,30,8,3.8,57,A
366727190,2022-01-05T05:59:32,40.66938,-74.01724,0.0,207.5,175.0,JILL REINAUER,IMO7042813,WCW9655,31,0,30,8,3.8,57,A
366727190,2022-01-05T15:34:12,40.66318,-74.03656,0.1,305.8,200.0,JILL REINAUER,IMO7042813,WCW9655,31,0,30,8,3.8,57,A
366727190,2022-01-05T15:45:52,40.66326,-74.03676,0.1,32.7,190.0,JILL REINAUER,IMO7042813,WCW9655,31,0,30,8,3.8,57,A
366727190,2022-01-05T15:26:12,40.66310,-74.03630,0.1,279.7,207.0,JILL REINAUER,IMO7042813,WCW9655,31,0,30,8,3.8,57,A
366727190,2022-01-05T15:35:22,40.66318,-74.03661,0.1,297.0,200.0,JILL REINAUER,IMO7042813,WCW9655,31,0,30,8,3.8,57,A
366727190,2022-01-05T15:37:43,40.66320,-74.03666,0.1,295.2,198.0,JILL REINAUER,IMO7042813,WCW9655,31,0,30,8,3.8,57,A
366727190,2022-01-05T15:38:53,40.66320,-74.03670,0.1,299.1,198.0,JILL REINAUER,IMO7042813,WCW9655,31,0,30,8,3.8,57,A
366727190,2022-01-05T15:40:02,40.66320,-74.03674,0.1,288.8,197.0,JILL REINAUER,IMO7042813,WCW9655,31,0,30,8,3.8,57,A
366727190,2022-01-05T15:56:12,40.66325,-74.03685,0.1,303.4,192.0,JILL REINAUER,IMO7042813,WCW9655,31,0,30,8,3.8,57,A
366727190,2022-01-05T15:44:42,40.66325,-74.03679,0.0,128.7,191.0,JILL REINAUER,IMO7042813,WCW9655,31,0,30,8,3.8,57,A
366727190,2022-01-05T15:59:43,40.66330,-74.03684,0.0,333.1,189.0,JILL REINAUER,IMO7042813,WCW9655,31,0,30,8,3.8,57,A
366727190,2022-01-05T15:48:13,40.66325,-74.03673,0.0,120.4,191.0,JILL REINAUER,IMO7042813,WCW9655,31,0,30,8,3.8,57,A
366727190,2022-01-05T15:41:13,40.66322,-74.03677,0.1,312.7,194.0,JILL REINAUER,IMO7042813,WCW9655,31,0,30,8,3.8,57,A
366727190,2022-01-05T15:42:22,40.66324,-74.03677,0.0,319.3,193.0,JILL REINAUER,IMO7042813,WCW9655,31,0,30,8,3.8,57,A
366727190,2022-01-05T16:03:31,40.66329,-74.03684,0.1,284.9,188.0,JILL REINAUER,IMO7042813,WCW9655,31,0,30,8,3.8,57,A
366727190,2022-01-05T15:43:32,40.66324,-74.03679,0.0,270.7,192.0,JILL REINAUER,IMO7042813,WCW9655,31,0,30,8,3.8,57,A
366727190,2022-01-05T15:51:41,40.66324,-74.03670,0.1,252.6,194.0,JILL REINAUER,IMO7042813,WCW9655,31,0,30,8,3.8,57,A
366727190,2022-01-05T16:06:12,40.66329,-74.03683,0.0,133.0,188.0,JILL REINAUER,IMO7042813,WCW9655,31,0,30,8,3.8,57,A
366727190,2022-01-05T15:47:02,40.66326,-74.03675,0.0,126.7,190.0,JILL REINAUER,IMO7042813,WCW9655,31,0,30,8,3.8,57,A
366727190,2022-01-05T16:08:32,40.66329,-74.03684,0.0,66.2,190.0,JILL REINAUER,IMO7042813,WCW9655,31,0,30,8,3.8,57,A
366727190,2022-01-05T15:52:42,40.66324,-74.03673,0.1,257.4,194.0,JILL REINAUER,IMO7042813,WCW9655,31,0,30,8,3.8,57,A
366727190,2022-01-05T16:13:02,40.66324,-74.03678,0.0,82.2,191.0,JILL REINAUER,IMO7042813,WCW9655,31,0,30,8,3.8,57,A
366727190,2022-01-05T15:55:01,40.66325,-74.03683,0.1,319.4,193.0,JILL REINAUER,IMO7042813,WCW9655,31,0,30,8,3.8,57,A
366727190,2022-01-05T16:01:11,40.66328,-74.03683,0.0,203.1,190.0,JILL REINAUER,IMO7042813,WCW9655,31,0,30,8,3.8,57,A
366727190,2022-01-05T15:57:21,40.66328,-74.03684,0.1,315.1,190.0,JILL REINAUER,IMO7042813,WCW9655,31,0,30,8,3.8,57,A
366727190,2022-01-05T16:00:02,40.66330,-74.03684,0.0,106.7,189.0,JILL REINAUER,IMO7042813,WCW9655,31,0,30,8,3.8,57,A
366727190,2022-01-05T16:18:51,40.66325,-74.03679,0.0,181.3,190.0,JILL REINAUER,IMO7042813,WCW9655,31,0,30,8,3.8,57,A
366727190,2022-01-05T16:02:21,40.66328,-74.03682,0.0,272.6,189.0,JILL REINAUER,IMO7042813,WCW9655,31,0,30,8,3.8,57,A
366727190,2022-01-05T16:09:42,40.66327,-74.03682,0.0,119.7,189.0,JILL REINAUER,IMO7042813,WCW9655,31,0,30,8,3.8,57,A
366727190,2022-01-05T16:24:22,40.66325,-74.03683,0.1,279.6,191.0,JILL REINAUER,IMO7042813,WCW9655,31,0,30,8,3.8,57,A
366727190,2022-01-05T16:25:33,40.66325,-74.03686,0.1,283.2,191.0,JILL REINAUER,IMO7042813,WCW9655,31,0,30,8,3.8,57,A
366727190,2022-01-05T16:10:51,40.66325,-74.03680,0.0,93.7,190.0,JILL REINAUER,IMO7042813,WCW9655,31,0,30,8,3.8,57,A
366727190,2022-01-05T16:11:52,40.66325,-74.03681,0.0,76.9,191.0,JILL REINAUER,IMO7042813,WCW9655,31,0,30,8,3.8,57,A
366727190,2022-01-05T16:07:21,40.66328,-74.03682,0.0,67.7,189.0,JILL REINAUER,IMO7042813,WCW9655,31,0,30,8,3.8,57,A
366727190,2022-01-05T16:16:32,40.66325,-74.03680,0.1,64.9,190.0,JILL REINAUER,IMO7042813,WCW9655,31,0,30,8,3.8,57,A
366727190,2022-01-05T16:15:22,40.66323,-74.03682,0.0,66.0,190.0,JILL REINAUER,IMO7042813,WCW9655,31,0,30,8,3.8,57,A
366727190,2022-01-05T16:17:42,40.66325,-74.03678,0.0,86.9,189.0,JILL REINAUER,IMO7042813,WCW9655,31,0,30,8,3.8,57,A
366727190,2022-01-05T06:18:23,40.66942,-74.01723,0.0,332.1,173.0,JILL REINAUER,IMO7042813,WCW9655,31,0,30,8,3.8,57,A
366727190,2022-01-05T16:14:12,40.66322,-74.03683,0.0,265.2,191.0,JILL REINAUER,IMO7042813,WCW9655,31,0,30,8,3.8,57,A
366727190,2022-01-05T16:21:02,40.66323,-74.03681,0.0,187.6,192.0,JILL REINAUER,IMO7042813,WCW9655,31,0,30,8,3.8,57,A
366727190,2022-01-05T16:22:11,40.66324,-74.03682,0.0,200.1,191.0,JILL REINAUER,IMO7042813,WCW9655,31,0,30,8,3.8,57,A
366727190,2022-01-05T16:26:42,40.66324,-74.03689,0.0,293.3,190.0,JILL REINAUER,IMO7042813,WCW9655,31,0,30,8,3.8,57,A
366727190,2022-01-05T16:40:11,40.66334,-74.03699,0.1,319.9,182.0,JILL REINAUER,IMO7042813,WCW9655,31,0,30,8,3.8,57,A
366727190,2022-01-05T16:20:01,40.66324,-74.03680,0.0,13.8,191.0,JILL REINAUER,IMO7042813,WCW9655,31,0,30,8,3.8,57,A
366727190,2022-01-05T16:29:02,40.66323,-74.03691,0.0,285.7,189.0,JILL REINAUER,IMO7042813,WCW9655,31,0,30,8,3.8,57,A
366727190,2022-01-05T16:42:32,40.66334,-74.03708,0.1,281.4,177.0,JILL REINAUER,IMO7042813,WCW9655,31,0,30,8,3.8,57,A
366727190,2022-01-05T16:43:43,40.66333,-74.03715,0.1,274.3,174.0,JILL REINAUER,IMO7042813,WCW9655,31,0,30,8,3.8,57,A
366727190,2022-01-05T16:30:11,40.66324,-74.03691,0.1,280.2,189.0,JILL REINAUER,IMO7042813,WCW9655,31,0,30,8,3.8,57,A
366727190,2022-01-05T16:23:21,40.66324,-74.03683,0.0,282.5,191.0,JILL REINAUER,IMO7042813,WCW9655,31,0,30,8,3.8,57,A
366727190,2022-01-05T16:31:21,40.66326,-74.03691,0.0,277.9,188.0,JILL REINAUER,IMO7042813,WCW9655,31,0,30,8,3.8,57,A
366727190,2022-01-05T16:32:23,40.66327,-74.03692,0.0,243.7,187.0,JILL REINAUER,IMO7042813,WCW9655,31,0,30,8,3.8,57,A
366727190,2022-01-05T16:37:52,40.66330,-74.03694,0.1,265.1,186.0,JILL REINAUER,IMO7042813,WCW9655,31,0,30,8,3.8,57,A
366727190,2022-01-05T16:34:41,40.66328,-74.03690,0.0,225.8,188.0,JILL REINAUER,IMO7042813,WCW9655,31,0,30,8,3.8,57,A
366727190,2022-01-05T16:35:42,40.66329,-74.03690,0.0,321.3,187.0,JILL REINAUER,IMO7042813,WCW9655,31,0,30,8,3.8,57,A
366727190,2022-01-05T16:51:52,40.66313,-74.03706,0.6,137.5,157.0,JILL REINAUER,IMO7042813,WCW9655,31,0,30,8,3.8,57,A
366727190,2022-01-05T16:53:56,40.66280,-74.03688,0.7,186.0,125.0,JILL REINAUER,IMO7042813,WCW9655,31,0,30,8,3.8,57,A
366727190,2022-01-05T16:55:59,40.66239,-74.03629,0.8,108.0,51.0,JILL REINAUER,IMO7042813,WCW9655,31,0,30,8,3.8,57,A
366727190,2022-01-05T06:24:12,40.66940,-74.01722,0.0,23.7,174.0,JILL REINAUER,IMO7042813,WCW9655,31,0,30,8,3.8,57,A
366727190,2022-01-05T16:46:03,40.66329,-74.03719,0.0,259.2,173.0,JILL REINAUER,IMO7042813,WCW9655,31,0,30,8,3.8,57,A
366727190,2022-01-05T16:36:43,40.66330,-74.03692,0.1,310.8,187.0,JILL REINAUER,IMO7042813,WCW9655,31,0,30,8,3.8,57,A
366727190,2022-01-05T16:47:12,40.66330,-74.03719,0.0,171.1,172.0,JILL REINAUER,IMO7042813,WCW9655,31,0,30,8,3.8,57,A
366727190,2022-01-05T16:39:02,40.66333,-74.03696,0.1,273.9,184.0,JILL REINAUER,IMO7042813,WCW9655,31,0,30,8,3.8,57,A
366727190,2022-01-05T16:41:22,40.66331,-74.03706,0.1,274.4,180.0,JILL REINAUER,IMO7042813,WCW9655,31,0,30,8,3.8,57,A
366727190,2022-01-05T16:52:55,40.66291,-74.03688,0.7,171.0,150.0,JILL REINAUER,IMO7042813,WCW9655,31,0,30,8,3.8,57,A
366727190,2022-01-05T16:49:32,40.66331,-74.03722,0.1,213.6,166.0,JILL REINAUER,IMO7042813,WCW9655,31,0,30,8,3.8,57,A
366727190,2022-01-05T16:57:01,40.66242,-74.03586,1.6,60.6,11.0,JILL REINAUER,IMO7042813,WCW9655,31,0,30,8,3.8,57,A
366727190,2022-01-05T16:54:58,40.66250,-74.03662,1.7,118.4,79.0,JILL REINAUER,IMO7042813,WCW9655,31,0,30,8,3.8,57,A
366727190,2022-01-05T16:48:22,40.66330,-74.03719,0.0,341.1,172.0,JILL REINAUER,IMO7042813,WCW9655,31,0,30,8,3.8,57,A
366727190,2022-01-05T16:59:03,40.66411,-74.03594,4.7,341.8,343.0,JILL REINAUER,IMO7042813,WCW9655,31,0,30,8,3.8,57,A
366727190,2022-01-05T17:02:10,40.66682,-74.03727,1.7,332.3,308.0,JILL REINAUER,IMO7042813,WCW9655,31,0,30,8,3.8,57,A
366727190,2022-01-05T17:00:02,40.66528,-74.03645,3.7,342.4,337.0,JILL REINAUER,IMO7042813,WCW9655,31,0,30,8,3.8,57,A
366727190,2022-01-05T17:04:15,40.66775,-74.03817,1.9,296.7,246.0,JILL REINAUER,IMO7042813,WCW9655,31,0,30,8,3.8,57,A
366727190,2022-01-05T17:12:22,40.66609,-74.04185,0.2,252.5,209.0,JILL REINAUER,IMO7042813,WCW9655,31,0,30,8,3.8,57,A
366727190,2022-01-05T17:08:42,40.66631,-74.04099,1.4,243.5,222.0,JILL REINAUER,IMO7042813,WCW9655,31,0,30,8,3.8,57,A
366727190,2022-01-05T17:07:32,40.66673,-74.04030,2.6,222.8,224.0,JILL REINAUER,IMO7042813,WCW9655,31,0,30,8,3.8,57,A
366727190,2022-01-05T17:01:06,40.66618,-74.03685,3.2,341.3,318.0,JILL REINAUER,IMO7042813,WCW9655,31,0,30,8,3.8,57,A
366727190,2022-01-05T17:03:12,40.66734,-74.03758,2.2,326.1,279.0,JILL REINAUER,IMO7042813,WCW9655,31,0,30,8,3.8,57,A
366727190,2022-01-05T06:35:52,40.66942,-74.01726,0.0,314.6,174.0,JILL REINAUER,IMO7042813,WCW9655,31,0,30,8,3.8,57,A
366727190,2022-01-05T17:19:21,40.66634,-74.04223,0.2,308.3,178.0,JILL REINAUER,IMO7042813,WCW9655,31,0,30,8,3.8,57,A
366727190,2022-01-05T17:14:42,40.66618,-74.04209,0.2,296.6,199.0,JILL REINAUER,IMO7042813,WCW9655,31,0,30,8,3.8,57,A
366727190,2022-01-05T17:22:53,40.66638,-74.04211,0.2,135.7,183.0,JILL REINAUER,IMO7042813,WCW9655,31,0,30,8,3.8,57,A
366727190,2022-01-05T17:11:13,40.66613,-74.04170,0.6,261.5,213.0,JILL REINAUER,IMO7042813,WCW9655,31,0,30,8,3.8,57,A
366727190,2022-01-05T17:06:23,40.66743,-74.03952,3.0,219.7,218.0,JILL REINAUER,IMO7042813,WCW9655,31,0,30,8,3.8,57,A
366727190,2022-01-05T17:15:52,40.66620,-74.04212,0.1,21.5,199.0,JILL REINAUER,IMO7042813,WCW9655,31,0,30,8,3.8,57,A
366727190,2022-01-05T17:17:02,40.66625,-74.04211,0.1,309.1,196.0,JILL REINAUER,IMO7042813,WCW9655,31,0,30,8,3.8,57,A
366727190,2022-01-05T17:26:22,40.66635,-74.04201,0.0,14.0,183.0,JILL REINAUER,IMO7042813,WCW9655,31,0,30,8,3.8,57,A
366727190,2022-01-05T17:29:52,40.66632,-74.04206,0.1,275.4,184.0,JILL REINAUER,IMO7042813,WCW9655,31,0,30,8,3.8,57,A
366727190,2022-01-05T17:10:12,40.66618,-74.04148,0.6,247.0,215.0,JILL REINAUER,IMO7042813,WCW9655,31,0,30,8,3.8,57,A
366727190,2022-01-05T17:24:02,40.66635,-74.04206,0.1,137.5,185.0,JILL REINAUER,IMO7042813,WCW9655,31,0,30,8,3.8,57,A
366727190,2022-01-05T17:33:21,40.66632,-74.04219,0.1,286.7,189.0,JILL REINAUER,IMO7042813,WCW9655,31,0,30,8,3.8,57,A
366727190,2022-01-05T17:20:32,40.66640,-74.04224,0.1,19.9,177.0,JILL REINAUER,IMO7042813,WCW9655,31,0,30,8,3.8,57,A
366727190,2022-01-05T17:40:01,40.66634,-74.04290,0.4,254.1,165.0,JILL REINAUER,IMO7042813,WCW9655,31,0,30,8,3.8,57,A
366727190,2022-01-05T17:28:42,40.66633,-74.04202,0.1,276.1,184.0,JILL REINAUER,IMO7042813,WCW9655,31,0,30,8,3.8,57,A
366727190,2022-01-05T17:27:31,40.66633,-74.04201,0.0,43.6,183.0,JILL REINAUER,IMO7042813,WCW9655,31,0,30,8,3.8,57,A
366727190,2022-01-05T17:42:22,40.66627,-74.04323,0.4,262.8,150.0,JILL REINAUER,IMO7042813,WCW9655,31,0,30,8,3.8,57,A
366727190,2022-01-05T17:35:32,40.66638,-74.04238,0.3,278.1,184.0,JILL REINAUER,IMO7042813,WCW9655,31,0,30,8,3.8,57,A
366727190,2022-01-05T17:32:12,40.66633,-74.04214,0.1,280.6,188.0,JILL REINAUER,IMO7042813,WCW9655,31,0,30,8,3.8,57,A
366727190,2022-01-05T17:38:53,40.66635,-74.04276,0.3,257.8,170.0,JILL REINAUER,IMO7042813,WCW9655,31,0,30,8,3.8,57,A
366727190,2022-01-05T17:34:22,40.66633,-74.04228,0.2,286.0,187.0,JILL REINAUER,IMO7042813,WCW9655,31,0,30,8,3.8,57,A
366727190,2022-01-05T17:50:22,40.66599,-74.04374,0.1,192.7,120.0,JILL REINAUER,IMO7042813,WCW9655,31,0,30,8,3.8,57,A
366727190,2022-01-05T17:43:33,40.66626,-74.04340,0.3,256.8,144.0,JILL REINAUER,IMO7042813,WCW9655,31,0,30,8,3.8,57,A
366727190,2022-01-05T17:41:12,40.66631,-74.04307,0.5,254.6,158.0,JILL REINAUER,IMO7042813,WCW9655,31,0,30,8,3.8,57,A
366727190,2022-01-05T17:36:42,40.66639,-74.04252,0.3,273.2,179.0,JILL REINAUER,IMO7042813,WCW9655,31,0,30,8,3.8,57,A
366727190,2022-01-05T17:37:52,40.66639,-74.04265,0.3,267.4,174.0,JILL REINAUER,IMO7042813,WCW9655,31,0,30,8,3.8,57,A
366727190,2022-01-05T17:55:02,40.66594,-74.04372,0.0,262.5,117.0,JILL REINAUER,IMO7042813,WCW9655,31,0,30,8,3.8,57,A
366727190,2022-01-05T17:56:11,40.66594,-74.04372,0.1,21.2,117.0,JILL REINAUER,IMO7042813,WCW9655,31,0,30,8,3.8,57,A
366727190,2022-01-05T18:04:42,40.66604,-74.04362,0.0,7.1,125.0,JILL REINAUER,IMO7042813,WCW9655,31,0,30,8,3.8,57,A
366727190,2022-01-05T18:08:32,40.66602,-74.04367,0.1,276.5,122.0,JILL REINAUER,IMO7042813,WCW9655,31,0,30,8,3.8,57,A
366727190,2022-01-05T17:44:42,40.66623,-74.04351,0.3,236.6,138.0,JILL REINAUER,IMO7042813,WCW9655,31,0,30,8,3.8,57,A
366727190,2022-01-05T18:02:23,40.66603,-74.04362,0.0,14.4,124.0,JILL REINAUER,IMO7042813,WCW9655,31,0,30,8,3.8,57,A
366727190,2022-01-05T17:45:51,40.66619,-74.04358,0.2,224.1,134.0,JILL REINAUER,IMO7042813,WCW9655,31,0,30,8,3.8,57,A
366727190,2022-01-05T18:03:31,40.66603,-74.04362,0.0,199.2,123.0,JILL REINAUER,IMO7042813,WCW9655,31,0,30,8,3.8,57,A
366727190,2022-01-05T17:48:02,40.66609,-74.04369,0.2,208.4,127.0,JILL REINAUER,IMO7042813,WCW9655,31,0,30,8,3.8,57,A
366727190,2022-01-05T17:47:01,40.66613,-74.04365,0.2,219.9,130.0,JILL REINAUER,IMO7042813,WCW9655,31,0,30,8,3.8,57,A
366727190,2022-01-05T17:49:12,40.66605,-74.04374,0.2,198.9,123.0,JILL REINAUER,IMO7042813,WCW9655,31,0,30,8,3.8,57,A
366727190,2022-01-05T17:53:52,40.66593,-74.04372,0.0,71.5,117.0,JILL REINAUER,IMO7042813,WCW9655,31,0,30,8,3.8,57,A
366727190,2022-01-05T17:52:42,40.66595,-74.04374,0.0,44.6,118.0,JILL REINAUER,IMO7042813,WCW9655,31,0,30,8,3.8,57,A
366727190,2022-01-05T17:51:31,40.66595,-74.04374,0.1,157.2,118.0,JILL REINAUER,IMO7042813,WCW9655,31,0,30,8,3.8,57,A
366727190,2022-01-05T18:17:52,40.66583,-74.04387,0.2,212.8,110.0,JILL REINAUER,IMO7042813,WCW9655,31,0,30,8,3.8,57,A
366727190,2022-01-05T18:15:31,40.66591,-74.04381,0.1,199.8,116.0,JILL REINAUER,IMO7042813,WCW9655,31,0,30,8,3.8,57,A
366727190,2022-01-05T18:09:42,40.66603,-74.04369,0.0,263.4,121.0,JILL REINAUER,IMO7042813,WCW9655,31,0,30,8,3.8,57,A
366727190,2022-01-05T18:19:02,40.66575,-74.04393,0.3,210.9,107.0,JILL REINAUER,IMO7042813,WCW9655,31,0,30,8,3.8,57,A
366727190,2022-01-05T18:01:11,40.66604,-74.04363,0.0,27.8,124.0,JILL REINAUER,IMO7042813,WCW9655,31,0,30,8,3.8,57,A
366727190,2022-01-05T17:57:21,40.66595,-74.04370,0.1,27.0,118.0,JILL REINAUER,IMO7042813,WCW9655,31,0,30,8,3.8,57,A
366727190,2022-01-05T17:58:22,40.66597,-74.04368,0.1,24.1,120.0,JILL REINAUER,IMO7042813,WCW9655,31,0,30,8,3.8,57,A
366727190,2022-01-05T17:59:23,40.66599,-74.04366,0.1,52.1,121.0,JILL REINAUER,IMO7042813,WCW9655,31,0,30,8,3.8,57,A
366727190,2022-01-05T18:16:42,40.66588,-74.04382,0.2,213.8,113.0,JILL REINAUER,IMO7042813,WCW9655,31,0,30,8,3.8,57,A
366727190,2022-01-05T18:10:52,40.66602,-74.04372,0.1,221.8,121.0,JILL REINAUER,IMO7042813,WCW9655,31,0,30,8,3.8,57,A
366727190,2022-01-05T18:12:03,40.66599,-74.04376,0.2,220.2,119.0,JILL REINAUER,IMO7042813,WCW9655,31,0,30,8,3.8,57,A
366727190,2022-01-05T18:22:31,40.66553,-74.04418,0.3,233.4,100.0,JILL REINAUER,IMO7042813,WCW9655,31,0,30,8,3.8,57,A
366727190,2022-01-05T18:28:12,40.66520,-74.04443,0.2,197.1,93.0,JILL REINAUER,IMO7042813,WCW9655,31,0,30,8,3.8,57,A
366727190,2022-01-05T18:32:43,40.66485,-74.04451,0.3,184.3,84.0,JILL REINAUER,IMO7042813,WCW9655,31,0,30,8,3.8,57,A
366727190,2022-01-05T18:07:22,40.66604,-74.04367,0.0,295.9,122.0,JILL REINAUER,IMO7042813,WCW9655,31,0,30,8,3.8,57,A
366727190,2022-01-05T18:27:02,40.66528,-74.04442,0.2,192.2,93.0,JILL REINAUER,IMO7042813,WCW9655,31,0,30,8,3.8,57,A
366727190,2022-01-05T18:36:13,40.66460,-74.04444,0.2,170.3,81.0,JILL REINAUER,IMO7042813,WCW9655,31,0,30,8,3.8,57,A
366727190,2022-01-05T18:29:22,40.66513,-74.04446,0.2,204.9,92.0,JILL REINAUER,IMO7042813,WCW9655,31,0,30,8,3.8,57,A
366727190,2022-01-05T18:13:11,40.66594,-74.04381,0.2,237.1,116.0,JILL REINAUER,IMO7042813,WCW9655,31,0,30,8,3.8,57,A
366727190,2022-01-05T18:14:22,40.66592,-74.04382,0.1,160.0,115.0,JILL REINAUER,IMO7042813,WCW9655,31,0,30,8,3.8,57,A
366727190,2022-01-05T18:21:22,40.66560,-74.04408,0.3,221.2,103.0,JILL REINAUER,IMO7042813,WCW9655,31,0,30,8,3.8,57,A
366727190,2022-01-05T18:45:21,40.66375,-74.04424,0.2,143.5,48.0,JILL REINAUER,IMO7042813,WCW9655,31,0,30,8,3.8,57,A
366727190,2022-01-05T18:48:52,40.66360,-74.04408,0.3,141.6,41.0,JILL REINAUER,IMO7042813,WCW9655,31,0,30,8,3.8,57,A
366727190,2022-01-05T18:24:42,40.66544,-74.04434,0.3,221.2,95.0,JILL REINAUER,IMO7042813,WCW9655,31,0,30,8,3.8,57,A
366727190,2022-01-05T18:23:32,40.66549,-74.04426,0.2,223.1,99.0,JILL REINAUER,IMO7042813,WCW9655,31,0,30,8,3.8,57,A
366727190,2022-01-05T18:31:42,40.66494,-74.04449,0.3,187.3,86.0,JILL REINAUER,IMO7042813,WCW9655,31,0,30,8,3.8,57,A
366727190,2022-01-05T18:50:59,40.66344,-74.04386,0.1,93.9,16.0,JILL REINAUER,IMO7042813,WCW9655,31,0,30,8,3.8,57,A
366727190,2022-01-05T18:44:11,40.66378,-74.04429,0.2,160.9,52.0,JILL REINAUER,IMO7042813,WCW9655,31,0,30,8,3.8,57,A
366727190,2022-01-05T18:25:51,40.66536,-74.04439,0.3,206.0,94.0,JILL REINAUER,IMO7042813,WCW9655,31,0,30,8,3.8,57,A
366727190,2022-01-05T18:56:22,40.66930,-74.04005,6.3,44.4,43.0,JILL REINAUER,IMO7042813,WCW9655,31,0,30,8,3.8,57,A
366727190,2022-01-05T18:46:32,40.66371,-74.04420,0.2,137.6,46.0,JILL REINAUER,IMO7042813,WCW9655,31,0,30,8,3.8,57,A
366727190,2022-01-05T18:30:31,40.66504,-74.04448,0.2,193.3,90.0,JILL REINAUER,IMO7042813,WCW9655,31,0,30,8,3.8,57,A
366727190,2022-01-05T18:55:13,40.66772,-74.04175,6.3,38.4,40.0,JILL REINAUER,IMO7042813,WCW9655,31,0,30,8,3.8,57,A
366727190,2022-01-05T18:33:53,40.66473,-74.04451,0.3,175.3,82.0,JILL REINAUER,IMO7042813,WCW9655,31,0,30,8,3.8,57,A
366727190,2022-01-05T18:59:42,40.67366,-74.03491,6.2,45.7,55.0,JILL REINAUER,IMO7042813,WCW9655,31,0,30,8,3.8,57,A
366727190,2022-01-05T18:35:02,40.66468,-74.04446,0.3,153.0,81.0,JILL REINAUER,IMO7042813,WCW9655,31,0,30,8,3.8,57,A
366727190,2022-01-05T18:47:41,40.66365,-74.04415,0.3,136.4,43.0,JILL REINAUER,IMO7042813,WCW9655,31,0,30,8,3.8,57,A
366727190,2022-01-05T18:37:23,40.66449,-74.04443,0.4,182.8,77.0,JILL REINAUER,IMO7042813,WCW9655,31,0,30,8,3.8,57,A
366727190,2022-01-05T19:07:52,40.67203,-74.01896,3.4,116.1,129.0,JILL REINAUER,IMO7042813,WCW9655,31,0,30,8,3.8,57,A
366727190,2022-01-05T18:39:33,40.66422,-74.04436,0.4,173.8,69.0,JILL REINAUER,IMO7042813,WCW9655,31,0,30,8,3.8,57,A
366727190,2022-01-05T18:40:42,40.66407,-74.04434,0.4,175.8,66.0,JILL REINAUER,IMO7042813,WCW9655,31,0,30,8,3.8,57,A
366727190,2022-01-05T19:10:05,40.67132,-74.01730,2.0,114.5,151.0,JILL REINAUER,IMO7042813,WCW9655,31,0,30,8,3.8,57,A
366727190,2022-01-05T18:43:02,40.66385,-74.04431,0.3,178.6,58.0,JILL REINAUER,IMO7042813,WCW9655,31,0,30,8,3.8,57,A
366727190,2022-01-05T18:52:01,40.66369,-74.04388,2.0,7.2,14.0,JILL REINAUER,IMO7042813,WCW9655,31,0,30,8,3.8,57,A
366727190,2022-01-05T18:54:11,40.66632,-74.04308,5.9,29.6,39.0,JILL REINAUER,IMO7042813,WCW9655,31,0,30,8,3.8,57,A
366727190,2022-01-05T19:15:32,40.67035,-74.01654,0.7,246.9,219.0,JILL REINAUER,IMO7042813,WCW9655,31,0,30,8,3.8,57,A
366727190,2022-01-05T18:49:58,40.66350,-74.04398,0.4,143.1,33.0,JILL REINAUER,IMO7042813,WCW9655,31,0,30,8,3.8,57,A
366727190,2022-01-05T19:01:06,40.67480,-74.03225,6.1,80.6,80.0,JILL REINAUER,IMO7042813,WCW9655,31,0,30,8,3.8,57,A
366727190,2022-01-05T18:53:05,40.66475,-74.04375,4.9,6.9,23.0,JILL REINAUER,IMO7042813,WCW9655,31,0,30,8,3.8,57,A
366727190,2022-01-05T19:25:51,40.67050,-74.01735,0.0,216.0,175.0,JILL REINAUER,IMO7042813,WCW9655,31,0,30,8,3.8,57,A
366727190,2022-01-05T19:22:21,40.67048,-74.01734,0.2,326.2,176.0,JILL REINAUER,IMO7042813,WCW9655,31,0,30,8,3.8,57,A
366727190,2022-01-05T19:04:25,40.67436,-74.02503,5.6,108.4,108.0,JILL REINAUER,IMO7042813,WCW9655,31,0,30,8,3.8,57,A
366727190,2022-01-05T19:20:01,40.67039,-74.01721,0.4,279.2,182.0,JILL REINAUER,IMO7042813,WCW9655,31,0,30,8,3.8,57,A
366727190,2022-01-05T18:57:31,40.67077,-74.03828,6.3,40.5,41.0,JILL REINAUER,IMO7042813,WCW9655,31,0,30,8,3.8,57,A
366727190,2022-01-05T19:34:01,40.67050,-74.01735,0.0,95.6,177.0,JILL REINAUER,IMO7042813,WCW9655,31,0,30,8,3.8,57,A
366727190,2022-01-05T18:58:41,40.67236,-74.03652,6.3,42.7,45.0,JILL REINAUER,IMO7042813,WCW9655,31,0,30,8,3.8,57,A
366727190,2022-01-05T19:00:01,40.67402,-74.03438,6.1,51.2,63.0,JILL REINAUER,IMO7042813,WCW9655,31,0,30,8,3.8,57,A
366727190,2022-01-05T19:36:05,40.67050,-74.01730,0.2,49.8,206.0,JILL REINAUER,IMO7042813,WCW9655,31,0,30,8,3.8,57,A
366727190,2022-01-05T19:13:12,40.67057,-74.01631,0.7,159.8,217.0,JILL REINAUER,IMO7042813,WCW9655,31,0,30,8,3.8,57,A
366727190,2022-01-05T19:31:42,40.67052,-74.01735,0.0,208.9,176.0,JILL REINAUER,IMO7042813,WCW9655,31,0,30,8,3.8,57,A
366727190,2022-01-05T19:23:33,40.67050,-74.01735,0.0,276.4,175.0,JILL REINAUER,IMO7042813,WCW9655,31,0,30,8,3.8,57,A
366727190,2022-01-05T19:02:13,40.67503,-74.02972,6.3,87.4,87.0,JILL REINAUER,IMO7042813,WCW9655,31,0,30,8,3.8,57,A
366727190,2022-01-05T19:24:43,40.67050,-74.01736,0.0,235.7,175.0,JILL REINAUER,IMO7042813,WCW9655,31,0,30,8,3.8,57,A
366727190,2022-01-05T19:32:53,40.67052,-74.01735,0.0,257.2,177.0,JILL REINAUER,IMO7042813,WCW9655,31,0,30,8,3.8,57,A
366727190,2022-01-05T07:18:42,40.66938,-74.01726,0.0,203.2,175.0,JILL REINAUER,IMO7042813,WCW9655,31,0,30,8,3.8,57,A
366727190,2022-01-05T19:05:31,40.67355,-74.02297,6.2,117.8,112.0,JILL REINAUER,IMO7042813,WCW9655,31,0,30,8,3.8,57,A
366727190,2022-01-05T19:27:02,40.67050,-74.01734,0.0,93.7,175.0,JILL REINAUER,IMO7042813,WCW9655,31,0,30,8,3.8,57,A
366727190,2022-01-05T19:14:22,40.67045,-74.01631,0.4,247.1,224.0,JILL REINAUER,IMO7042813,WCW9655,31,0,30,8,3.8,57,A
366727190,2022-01-05T19:12:09,40.67076,-74.01648,1.0,144.9,197.0,JILL REINAUER,IMO7042813,WCW9655,31,0,30,8,3.8,57,A
366727190,2022-01-05T19:16:42,40.67030,-74.01678,0.4,244.9,209.0,JILL REINAUER,IMO7042813,WCW9655,31,0,30,8,3.8,57,A
366727190,2022-01-05T19:17:43,40.67033,-74.01686,0.3,288.3,204.0,JILL REINAUER,IMO7042813,WCW9655,31,0,30,8,3.8,57,A
366727190,2022-01-05T19:39:12,40.66954,-74.01668,1.4,254.0,250.0,JILL REINAUER,IMO7042813,WCW9655,31,0,30,8,3.8,57,A
366727190,2022-01-05T19:40:15,40.66939,-74.01700,0.5,220.9,218.0,JILL REINAUER,IMO7042813,WCW9655,31,0,30,8,3.8,57,A
366727190,2022-01-05T07:22:12,40.66937,-74.01726,0.0,278.3,176.0,JILL REINAUER,IMO7042813,WCW9655,31,0,30,8,3.8,57,A
366727190,2022-01-05T19:41:19,40.66929,-74.01711,0.4,213.7,238.0,JILL REINAUER,IMO7042813,WCW9655,31,0,30,8,3.8,57,A
366727190,2022-01-05T19:48:52,40.66931,-74.01721,0.1,175.1,185.0,JILL REINAUER,IMO7042813,WCW9655,31,0,30,8,3.8,57,A
366727190,2022-01-05T19:21:12,40.67043,-74.01731,0.2,321.6,177.0,JILL REINAUER,IMO7042813,WCW9655,31,0,30,8,3.8,57,A
366727190,2022-01-05T19:50:01,40.66931,-74.01723,0.1,347.0,180.0,JILL REINAUER,IMO7042813,WCW9655,31,0,30,8,3.8,57,A
366727190,2022-01-05T19:42:21,40.66924,-74.01713,0.0,310.7,240.0,JILL REINAUER,IMO7042813,WCW9655,31,0,30,8,3.8,57,A
366727190,2022-01-05T19:18:52,40.67037,-74.01703,0.4,285.6,193.0,JILL REINAUER,IMO7042813,WCW9655,31,0,30,8,3.8,57,A
366727190,2022-01-05T19:46:34,40.66930,-74.01723,0.2,281.1,178.0,JILL REINAUER,IMO7042813,WCW9655,31,0,30,8,3.8,57,A
366727190,2022-01-05T19:30:31,40.67051,-74.01736,0.0,333.9,176.0,JILL REINAUER,IMO7042813,WCW9655,31,0,30,8,3.8,57,A
366727190,2022-01-05T19:28:13,40.67052,-74.01732,0.0,224.7,175.0,JILL REINAUER,IMO7042813,WCW9655,31,0,30,8,3.8,57,A
366727190,2022-01-05T19:57:03,40.66933,-74.01722,0.0,136.7,177.0,JILL REINAUER,IMO7042813,WCW9655,31,0,30,8,3.8,57,A
366727190,2022-01-05T19:59:21,40.66935,-74.01717,0.0,230.5,177.0,JILL REINAUER,IMO7042813,WCW9655,31,0,30,8,3.8,57,A
366727190,2022-01-05T19:38:09,40.66984,-74.01645,2.6,153.1,180.0,JILL REINAUER,IMO7042813,WCW9655,31,0,30,8,3.8,57,A
366727190,2022-01-05T19:35:02,40.67050,-74.01735,0.0,346.2,178.0,JILL REINAUER,IMO7042813,WCW9655,31,0,30,8,3.8,57,A
366727190,2022-01-05T19:29:23,40.67050,-74.01736,0.0,224.0,176.0,JILL REINAUER,IMO7042813,WCW9655,31,0,30,8,3.8,57,A
366727190,2022-01-05T20:00:03,40.66936,-74.01719,0.0,187.2,177.0,JILL REINAUER,IMO7042813,WCW9655,31,0,30,8,3.8,57,A
366727190,2022-01-05T19:45:32,40.66929,-74.01721,0.1,0.4,190.0,JILL REINAUER,IMO7042813,WCW9655,31,0,30,8,3.8,57,A
366727190,2022-01-05T20:09:41,40.66932,-74.01719,0.0,249.7,177.0,JILL REINAUER,IMO7042813,WCW9655,31,0,30,8,3.8,57,A
366727190,2022-01-05T19:43:26,40.66924,-74.01713,0.0,97.2,222.0,JILL REINAUER,IMO7042813,WCW9655,31,0,30,8,3.8,57,A
366727190,2022-01-05T20:10:42,40.66931,-74.01720,0.0,331.0,177.0,JILL REINAUER,IMO7042813,WCW9655,31,0,30,8,3.8,57,A
366727190,2022-01-05T20:13:01,40.66933,-74.01720,0.0,248.1,177.0,JILL REINAUER,IMO7042813,WCW9655,31,0,30,8,3.8,57,A
366727190,2022-01-05T20:06:13,40.66936,-74.01721,0.0,246.0,177.0,JILL REINAUER,IMO7042813,WCW9655,31,0,30,8,3.8,57,A
366727190,2022-01-05T20:14:12,40.66933,-74.01721,0.0,358.3,177.0,JILL REINAUER,IMO7042813,WCW9655,31,0,30,8,3.8,57,A
366727190,2022-01-05T19:58:11,40.66936,-74.01718,0.0,33.1,177.0,JILL REINAUER,IMO7042813,WCW9655,31,0,30,8,3.8,57,A
366727190,2022-01-05T20:17:42,40.66932,-74.01725,0.0,275.6,177.0,JILL REINAUER,IMO7042813,WCW9655,31,0,30,8,3.8,57,A
366727190,2022-01-05T19:52:23,40.66935,-74.01720,0.0,225.4,179.0,JILL REINAUER,IMO7042813,WCW9655,31,0,30,8,3.8,57,A
366727190,2022-01-05T20:16:32,40.66933,-74.01721,0.0,207.8,177.0,JILL REINAUER,IMO7042813,WCW9655,31,0,30,8,3.8,57,A
366727190,2022-01-05T07:30:23,40.66938,-74.01727,0.0,255.5,176.0,JILL REINAUER,IMO7042813,WCW9655,31,0,30,8,3.8,57,A
366727190,2022-01-05T19:54:42,40.66931,-74.01721,0.0,73.1,177.0,JILL REINAUER,IMO7042813,WCW9655,31,0,30,8,3.8,57,A
366727190,2022-01-05T19:55:52,40.66934,-74.01721,0.0,290.1,177.0,JILL REINAUER,IMO7042813,WCW9655,31,0,30,8,3.8,57,A
366727190,2022-01-05T20:22:21,40.66933,-74.01723,0.0,278.0,177.0,JILL REINAUER,IMO7042813,WCW9655,31,0,30,8,3.8,57,A
366727190,2022-01-05T20:01:11,40.66936,-74.01719,0.0,265.7,177.0,JILL REINAUER,IMO7042813,WCW9655,31,0,30,8,3.8,57,A
366727190,2022-01-05T20:24:42,40.66930,-74.01724,0.0,302.7,176.0,JILL REINAUER,IMO7042813,WCW9655,31,0,30,8,3.8,57,A
366727190,2022-01-05T20:03:32,40.66932,-74.01719,0.0,243.3,177.0,JILL REINAUER,IMO7042813,WCW9655,31,0,30,8,3.8,57,A
366727190,2022-01-05T19:53:32,40.66931,-74.01721,0.0,351.4,177.0,JILL REINAUER,IMO7042813,WCW9655,31,0,30,8,3.8,57,A
366727190,2022-01-05T20:28:03,40.66932,-74.01723,0.0,170.1,177.0,JILL REINAUER,IMO7042813,WCW9655,31,0,30,8,3.8,57,A
366727190,2022-01-05T20:31:32,40.66933,-74.01722,0.0,206.8,177.0,JILL REINAUER,IMO7042813,WCW9655,31,0,30,8,3.8,57,A
366727190,2022-01-05T20:02:22,40.66933,-74.01717,0.0,235.4,177.0,JILL REINAUER,IMO7042813,WCW9655,31,0,30,8,3.8,57,A
366727190,2022-01-05T20:04:41,40.66931,-74.01719,0.0,223.8,176.0,JILL REINAUER,IMO7042813,WCW9655,31,0,30,8,3.8,57,A
366727190,2022-01-05T20:21:12,40.66932,-74.01722,0.0,228.7,177.0,JILL REINAUER,IMO7042813,WCW9655,31,0,30,8,3.8,57,A
366727190,2022-01-05T07:37:11,40.66934,-74.01725,0.0,253.1,175.0,JILL REINAUER,IMO7042813,WCW9655,31,0,30,8,3.8,57,A
366727190,2022-01-05T20:08:32,40.66932,-74.01715,0.0,323.5,177.0,JILL REINAUER,IMO7042813,WCW9655,31,0,30,8,3.8,57,A
366727190,2022-01-05T20:32:43,40.66934,-74.01722,0.0,227.9,178.0,JILL REINAUER,IMO7042813,WCW9655,31,0,30,8,3.8,57,A
366727190,2022-01-05T20:20:01,40.66931,-74.01723,0.0,350.9,177.0,JILL REINAUER,IMO7042813,WCW9655,31,0,30,8,3.8,57,A
366727190,2022-01-05T20:25:51,40.66933,-74.01723,0.0,278.7,176.0,JILL REINAUER,IMO7042813,WCW9655,31,0,30,8,3.8,57,A
366727190,2022-01-05T20:33:52,40.66937,-74.01724,0.0,127.1,177.0,JILL REINAUER,IMO7042813,WCW9655,31,0,30,8,3.8,57,A
366727190,2022-01-05T20:42:01,40.66934,-74.01724,0.0,319.2,177.0,JILL REINAUER,IMO7042813,WCW9655,31,0,30,8,3.8,57,A
366727190,2022-01-05T07:38:12,40.66934,-74.01725,0.0,166.5,176.0,JILL REINAUER,IMO7042813,WCW9655,31,0,30,8,3.8,57,A
366727190,2022-01-05T20:38:32,40.66933,-74.01726,0.0,168.6,177.0,JILL REINAUER,IMO7042813,WCW9655,31,0,30,8,3.8,57,A
366727190,2022-01-05T07:39:21,40.66934,-74.01726,0.0,231.6,175.0,JILL REINAUER,IMO7042813,WCW9655,31,0,30,8,3.8,57,A
366727190,2022-01-05T20:15:23,40.66933,-74.01721,0.0,329.0,177.0,JILL REINAUER,IMO7042813,WCW9655,31,0,30,8,3.8,57,A
366727190,2022-01-05T20:30:22,40.66933,-74.01723,0.0,2.2,177.0,JILL REINAUER,IMO7042813,WCW9655,31,0,30,8,3.8,57,A
366727190,2022-01-05T20:23:31,40.66930,-74.01725,0.0,120.3,176.0,JILL REINAUER,IMO7042813,WCW9655,31,0,30,8,3.8,57,A
366727190,2022-01-05T20:51:22,40.66934,-74.01723,0.0,176.5,177.0,JILL REINAUER,IMO7042813,WCW9655,31,0,30,8,3.8,57,A
366727190,2022-01-05T20:18:53,40.66930,-74.01724,0.0,280.8,177.0,JILL REINAUER,IMO7042813,WCW9655,31,0,30,8,3.8,57,A
366727190,2022-01-05T20:45:32,40.66935,-74.01723,0.0,127.5,177.0,JILL REINAUER,IMO7042813,WCW9655,31,0,30,8,3.8,57,A
366727190,2022-01-05T20:56:02,40.66933,-74.01725,0.0,228.0,177.0,JILL REINAUER,IMO7042813,WCW9655,31,0,30,8,3.8,57,A
366727190,2022-01-05T20:39:41,40.66932,-74.01725,0.0,299.1,176.0,JILL REINAUER,IMO7042813,WCW9655,31,0,30,8,3.8,57,A
366727190,2022-01-05T20:37:22,40.66933,-74.01726,0.0,279.8,177.0,JILL REINAUER,IMO7042813,WCW9655,31,0,30,8,3.8,57,A
366727190,2022-01-05T20:43:11,40.66936,-74.01723,0.0,244.2,177.0,JILL REINAUER,IMO7042813,WCW9655,31,0,30,8,3.8,57,A
366727190,2022-01-05T20:40:52,40.66929,-74.01726,0.0,211.2,176.0,JILL REINAUER,IMO7042813,WCW9655,31,0,30,8,3.8,57,A
366727190,2022-01-05T21:00:02,40.66934,-74.01727,0.0,327.8,178.0,JILL REINAUER,IMO7042813,WCW9655,31,0,30,8,3.8,57,A
366727190,2022-01-05T20:47:52,40.66930,-74.01724,0.0,234.0,177.0,JILL REINAUER,IMO7042813,WCW9655,31,0,30,8,3.8,57,A
366727190,2022-01-05T21:04:42,40.66931,-74.01724,0.0,318.1,178.0,JILL REINAUER,IMO7042813,WCW9655,31,0,30,8,3.8,57,A
366727190,2022-01-05T21:06:11,40.66931,-74.01726,0.0,224.2,177.0,JILL REINAUER,IMO7042813,WCW9655,31,0,30,8,3.8,57,A
366727190,2022-01-05T20:36:13,40.66933,-74.01726,0.0,173.4,177.0,JILL REINAUER,IMO7042813,WCW9655,31,0,30,8,3.8,57,A
366727190,2022-01-05T21:10:51,40.66930,-74.01721,0.0,299.1,178.0,JILL REINAUER,IMO7042813,WCW9655,31,0,30,8,3.8,57,A
366727190,2022-01-05T21:13:03,40.66929,-74.01723,0.0,15.9,178.0,JILL REINAUER,IMO7042813,WCW9655,31,0,30,8,3.8,57,A
366727190,2022-01-05T20:52:32,40.66934,-74.01726,0.0,319.6,178.0,JILL REINAUER,IMO7042813,WCW9655,31,0,30,8,3.8,57,A
366727190,2022-01-05T21:14:13,40.66930,-74.01722,0.0,340.0,178.0,JILL REINAUER,IMO7042813,WCW9655,31,0,30,8,3.8,57,A
366727190,2022-01-05T20:44:22,40.66936,-74.01724,0.0,304.4,177.0,JILL REINAUER,IMO7042813,WCW9655,31,0,30,8,3.8,57,A
366727190,2022-01-05T20:46:42,40.66935,-74.01724,0.0,161.0,177.0,JILL REINAUER,IMO7042813,WCW9655,31,0,30,8,3.8,57,A
366727190,2022-01-05T07:54:22,40.66944,-74.01722,0.0,38.5,173.0,JILL REINAUER,IMO7042813,WCW9655,31,0,30,8,3.8,57,A
366727190,2022-01-05T20:58:22,40.66932,-74.01724,0.0,333.9,178.0,JILL REINAUER,IMO7042813,WCW9655,31,0,30,8,3.8,57,A
366727190,2022-01-05T21:12:01,40.66929,-74.01722,0.0,59.0,178.0,JILL REINAUER,IMO7042813,WCW9655,31,0,30,8,3.8,57,A
366727190,2022-01-05T21:20:01,40.66930,-74.01725,0.0,299.8,178.0,JILL REINAUER,IMO7042813,WCW9655,31,0,30,8,3.8,57,A
366727190,2022-01-05T21:02:22,40.66933,-74.01722,0.0,236.7,178.0,JILL REINAUER,IMO7042813,WCW9655,31,0,30,8,3.8,57,A
366727190,2022-01-05T20:50:12,40.66933,-74.01723,0.0,237.8,177.0,JILL REINAUER,IMO7042813,WCW9655,31,0,30,8,3.8,57,A
366727190,2022-01-05T21:03:31,40.66933,-74.01723,0.0,263.0,178.0,JILL REINAUER,IMO7042813,WCW9655,31,0,30,8,3.8,57,A
366727190,2022-01-05T21:24:42,40.66929,-74.01721,0.0,343.6,176.0,JILL REINAUER,IMO7042813,WCW9655,31,0,30,8,3.8,57,A
366727190,2022-01-05T20:54:53,40.66932,-74.01723,0.0,248.9,177.0,JILL REINAUER,IMO7042813,WCW9655,31,0,30,8,3.8,57,A
366727190,2022-01-05T20:53:42,40.66935,-74.01726,0.0,353.7,178.0,JILL REINAUER,IMO7042813,WCW9655,31,0,30,8,3.8,57,A
366727190,2022-01-05T21:25:52,40.66931,-74.01722,0.0,308.0,176.0,JILL REINAUER,IMO7042813,WCW9655,31,0,30,8,3.8,57,A
366727190,2022-01-05T08:03:23,40.66941,-74.01723,0.0,187.8,172.0,JILL REINAUER,IMO7042813,WCW9655,31,0,30,8,3.8,57,A
366727190,2022-01-05T08:04:32,40.66940,-74.01725,0.0,190.7,173.0,JILL REINAUER,IMO7042813,WCW9655,31,0,30,8,3.8,57,A
366727190,2022-01-05T21:09:42,40.66931,-74.01722,0.0,263.4,178.0,JILL REINAUER,IMO7042813,WCW9655,31,0,30,8,3.8,57,A
366727190,2022-01-05T21:15:22,40.66929,-74.01724,0.1,321.7,178.0,JILL REINAUER,IMO7042813,WCW9655,31,0,30,8,3.8,57,A
366727190,2022-01-05T21:29:22,40.66929,-74.01720,0.0,289.4,177.0,JILL REINAUER,IMO7042813,WCW9655,31,0,30,8,3.8,57,A
366727190,2022-01-05T21:01:13,40.66932,-74.01724,0.0,327.3,177.0,JILL REINAUER,IMO7042813,WCW9655,31,0,30,8,3.8,57,A
366727190,2022-01-05T21:37:13,40.66928,-74.01723,0.0,325.5,178.0,JILL REINAUER,IMO7042813,WCW9655,31,0,30,8,3.8,57,A
366727190,2022-01-05T21:21:12,40.66929,-74.01723,0.0,320.2,177.0,JILL REINAUER,IMO7042813,WCW9655,31,0,30,8,3.8,57,A
366727190,2022-01-05T21:22:21,40.66931,-74.01721,0.0,301.9,177.0,JILL REINAUER,IMO7042813,WCW9655,31,0,30,8,3.8,57,A
366727190,2022-01-05T21:18:52,40.66929,-74.01725,0.0,349.3,177.0,JILL REINAUER,IMO7042813,WCW9655,31,0,30,8,3.8,57,A
366727190,2022-01-05T21:32:41,40.66929,-74.01721,0.1,0.3,177.0,JILL REINAUER,IMO7042813,WCW9655,31,0,30,8,3.8,57,A
366727190,2022-01-05T21:08:32,40.66931,-74.01725,0.0,275.0,178.0,JILL REINAUER,IMO7042813,WCW9655,31,0,30,8,3.8,57,A
366727190,2022-01-05T21:07:22,40.66933,-74.01726,0.0,71.8,178.0,JILL REINAUER,IMO7042813,WCW9655,31,0,30,8,3.8,57,A
366727190,2022-01-05T21:34:53,40.66929,-74.01722,0.0,279.4,177.0,JILL REINAUER,IMO7042813,WCW9655,31,0,30,8,3.8,57,A
366727190,2022-01-05T21:16:32,40.66930,-74.01723,0.0,353.0,178.0,JILL REINAUER,IMO7042813,WCW9655,31,0,30,8,3.8,57,A
366727190,2022-01-05T21:47:32,40.66929,-74.01721,0.0,340.9,178.0,JILL REINAUER,IMO7042813,WCW9655,31,0,30,8,3.8,57,A
366727190,2022-01-05T21:40:41,40.66930,-74.01720,0.0,244.1,178.0,JILL REINAUER,IMO7042813,WCW9655,31,0,30,8,3.8,57,A
366727190,2022-01-05T21:17:43,40.66929,-74.01724,0.0,184.9,178.0,JILL REINAUER,IMO7042813,WCW9655,31,0,30,8,3.8,57,A
366727190,2022-01-05T21:33:52,40.66932,-74.01721,0.0,330.6,177.0,JILL REINAUER,IMO7042813,WCW9655,31,0,30,8,3.8,57,A
366727190,2022-01-05T21:52:03,40.66926,-74.01721,0.0,190.1,177.0,JILL REINAUER,IMO7042813,WCW9655,31,0,30,8,3.8,57,A
366727190,2022-01-05T21:41:51,40.66928,-74.01725,0.0,34.7,177.0,JILL REINAUER,IMO7042813,WCW9655,31,0,30,8,3.8,57,A
366727190,2022-01-05T21:23:33,40.66929,-74.01723,0.0,341.3,177.0,JILL REINAUER,IMO7042813,WCW9655,31,0,30,8,3.8,57,A
366727190,2022-01-05T21:27:01,40.66930,-74.01719,0.0,288.8,176.0,JILL REINAUER,IMO7042813,WCW9655,31,0,30,8,3.8,57,A
366727190,2022-01-05T21:57:53,40.66928,-74.01724,0.0,314.1,177.0,JILL REINAUER,IMO7042813,WCW9655,31,0,30,8,3.8,57,A
366727190,2022-01-05T21:46:23,40.66931,-74.01718,0.0,288.8,178.0,JILL REINAUER,IMO7042813,WCW9655,31,0,30,8,3.8,57,A
366727190,2022-01-05T21:28:11,40.66929,-74.01720,0.0,267.4,176.0,JILL REINAUER,IMO7042813,WCW9655,31,0,30,8,3.8,57,A
366727190,2022-01-05T21:59:01,40.66927,-74.01723,0.0,275.9,177.0,JILL REINAUER,IMO7042813,WCW9655,31,0,30,8,3.8,57,A
366727190,2022-01-05T08:13:52,40.66942,-74.01727,0.0,198.9,173.0,JILL REINAUER,IMO7042813,WCW9655,31,0,30,8,3.8,57,A
366727190,2022-01-05T21:30:31,40.66931,-74.01722,0.0,337.2,177.0,JILL REINAUER,IMO7042813,WCW9655,31,0,30,8,3.8,57,A
366727190,2022-01-05T22:02:21,40.66930,-74.01721,0.0,325.6,177.0,JILL REINAUER,IMO7042813,WCW9655,31,0,30,8,3.8,57,A
366727190,2022-01-05T21:44:12,40.66928,-74.01721,0.1,297.0,178.0,JILL REINAUER,IMO7042813,WCW9655,31,0,30,8,3.8,57,A
366727190,2022-01-05T22:03:31,40.66929,-74.01722,0.0,43.9,178.0,JILL REINAUER,IMO7042813,WCW9655,31,0,30,8,3.8,57,A
366727190,2022-01-05T21:38:22,40.66930,-74.01720,0.0,302.3,178.0,JILL REINAUER,IMO7042813,WCW9655,31,0,30,8,3.8,57,A
366727190,2022-01-05T21:53:13,40.66928,-74.01724,0.0,118.3,177.0,JILL REINAUER,IMO7042813,WCW9655,31,0,30,8,3.8,57,A
366727190,2022-01-05T21:39:33,40.66931,-74.01719,0.0,266.4,178.0,JILL REINAUER,IMO7042813,WCW9655,31,0,30,8,3.8,57,A
366727190,2022-01-05T21:54:23,40.66930,-74.01723,0.0,129.0,178.0,JILL REINAUER,IMO7042813,WCW9655,31,0,30,8,3.8,57,A
366727190,2022-01-05T21:51:02,40.66926,-74.01722,0.0,28.0,178.0,JILL REINAUER,IMO7042813,WCW9655,31,0,30,8,3.8,57,A
366727190,2022-01-05T21:36:02,40.66929,-74.01722,0.0,280.0,178.0,JILL REINAUER,IMO7042813,WCW9655,31,0,30,8,3.8,57,A
366727190,2022-01-05T21:43:02,40.66929,-74.01722,0.0,65.6,178.0,JILL REINAUER,IMO7042813,WCW9655,31,0,30,8,3.8,57,A
366727190,2022-01-05T22:04:43,40.66928,-74.01722,0.0,243.1,178.0,JILL REINAUER,IMO7042813,WCW9655,31,0,30,8,3.8,57,A
366727190,2022-01-05T21:56:43,40.66929,-74.01723,0.0,296.8,178.0,JILL REINAUER,IMO7042813,WCW9655,31,0,30,8,3.8,57,A
366727190,2022-01-05T21:45:22,40.66929,-74.01722,0.0,234.8,178.0,JILL REINAUER,IMO7042813,WCW9655,31,0,30,8,3.8,57,A
366727190,2022-01-05T22:13:12,40.66929,-74.01725,0.0,306.0,178.0,JILL REINAUER,IMO7042813,WCW9655,31,0,30,8,3.8,57,A
366727190,2022-01-05T21:48:41,40.66927,-74.01722,0.0,311.4,178.0,JILL REINAUER,IMO7042813,WCW9655,31,0,30,8,3.8,57,A
366727190,2022-01-05T22:15:31,40.66929,-74.01726,0.0,309.9,178.0,JILL REINAUER,IMO7042813,WCW9655,31,0,30,8,3.8,57,A
366727190,2022-01-05T22:09:43,40.66929,-74.01723,0.0,282.4,178.0,JILL REINAUER,IMO7042813,WCW9655,31,0,30,8,3.8,57,A
366727190,2022-01-05T22:01:12,40.66928,-74.01722,0.0,11.8,177.0,JILL REINAUER,IMO7042813,WCW9655,31,0,30,8,3.8,57,A
366727190,2022-01-05T08:20:41,40.66939,-74.01726,0.0,183.8,174.0,JILL REINAUER,IMO7042813,WCW9655,31,0,30,8,3.8,57,A
366727190,2022-01-05T22:22:31,40.66932,-74.01725,0.0,312.3,178.0,JILL REINAUER,IMO7042813,WCW9655,31,0,30,8,3.8,57,A
366727190,2022-01-05T22:20:12,40.66926,-74.01721,0.0,326.4,178.0,JILL REINAUER,IMO7042813,WCW9655,31,0,30,8,3.8,57,A
366727190,2022-01-05T22:23:32,40.66931,-74.01725,0.0,75.0,178.0,JILL REINAUER,IMO7042813,WCW9655,31,0,30,8,3.8,57,A
366727190,2022-01-05T21:55:31,40.66930,-74.01722,0.0,61.0,177.0,JILL REINAUER,IMO7042813,WCW9655,31,0,30,8,3.8,57,A
366727190,2022-01-05T22:21:21,40.66927,-74.01725,0.0,343.0,177.0,JILL REINAUER,IMO7042813,WCW9655,31,0,30,8,3.8,57,A
366727190,2022-01-05T22:06:13,40.66927,-74.01723,0.0,320.3,178.0,JILL REINAUER,IMO7042813,WCW9655,31,0,30,8,3.8,57,A
366727190,2022-01-05T22:08:31,40.66929,-74.01722,0.0,326.6,178.0,JILL REINAUER,IMO7042813,WCW9655,31,0,30,8,3.8,57,A
366727190,2022-01-05T22:29:13,40.66929,-74.01722,0.0,216.3,176.0,JILL REINAUER,IMO7042813,WCW9655,31,0,30,8,3.8,57,A
366727190,2022-01-05T22:31:31,40.66929,-74.01725,0.0,216.4,177.0,JILL REINAUER,IMO7042813,WCW9655,31,0,30,8,3.8,57,A
366727190,2022-01-05T22:32:42,40.66931,-74.01723,0.0,327.1,178.0,JILL REINAUER,IMO7042813,WCW9655,31,0,30,8,3.8,57,A
366727190,2022-01-05T22:00:01,40.66927,-74.01721,0.0,317.7,177.0,JILL REINAUER,IMO7042813,WCW9655,31,0,30,8,3.8,57,A
366727190,2022-01-05T22:36:02,40.66928,-74.01723,0.0,200.4,177.0,JILL REINAUER,IMO7042813,WCW9655,31,0,30,8,3.8,57,A
366727190,2022-01-05T22:37:12,40.66931,-74.01722,0.0,23.4,178.0,JILL REINAUER,IMO7042813,WCW9655,31,0,30,8,3.8,57,A
366727190,2022-01-05T22:07:22,40.66929,-74.01722,0.0,300.2,178.0,JILL REINAUER,IMO7042813,WCW9655,31,0,30,8,3.8,57,A
366727190,2022-01-05T22:33:43,40.66933,-74.01722,0.0,320.0,178.0,JILL REINAUER,IMO7042813,WCW9655,31,0,30,8,3.8,57,A
366727190,2022-01-05T22:27:01,40.66927,-74.01722,0.0,22.7,177.0,JILL REINAUER,IMO7042813,WCW9655,31,0,30,8,3.8,57,A
366727190,2022-01-05T22:14:23,40.66928,-74.01726,0.0,315.7,178.0,JILL REINAUER,IMO7042813,WCW9655,31,0,30,8,3.8,57,A
366727190,2022-01-05T22:10:52,40.66931,-74.01722,0.0,14.9,178.0,JILL REINAUER,IMO7042813,WCW9655,31,0,30,8,3.8,57,A
366727190,2022-01-05T22:47:11,40.66928,-74.01723,0.0,225.1,177.0,JILL REINAUER,IMO7042813,WCW9655,31,0,30,8,3.8,57,A
366727190,2022-01-05T22:39:22,40.66929,-74.01723,0.0,357.5,177.0,JILL REINAUER,IMO7042813,WCW9655,31,0,30,8,3.8,57,A
366727190,2022-01-05T08:33:31,40.66942,-74.01726,0.0,249.9,175.0,JILL REINAUER,IMO7042813,WCW9655,31,0,30,8,3.8,57,A
366727190,2022-01-05T22:16:42,40.66929,-74.01722,0.0,319.0,178.0,JILL REINAUER,IMO7042813,WCW9655,31,0,30,8,3.8,57,A
366727190,2022-01-05T22:34:53,40.66929,-74.01724,0.0,230.0,178.0,JILL REINAUER,IMO7042813,WCW9655,31,0,30,8,3.8,57,A
366727190,2022-01-05T22:17:51,40.66930,-74.01725,0.0,307.7,178.0,JILL REINAUER,IMO7042813,WCW9655,31,0,30,8,3.8,57,A
366727190,2022-01-05T22:24:42,40.66929,-74.01726,0.0,42.4,178.0,JILL REINAUER,IMO7042813,WCW9655,31,0,30,8,3.8,57,A
366727190,2022-01-05T22:19:01,40.66931,-74.01723,0.0,318.6,178.0,JILL REINAUER,IMO7042813,WCW9655,31,0,30,8,3.8,57,A
366727190,2022-01-05T08:34:42,40.66942,-74.01726,0.0,223.8,175.0,JILL REINAUER,IMO7042813,WCW9655,31,0,30,8,3.8,57,A
366727190,2022-01-05T22:28:12,40.66929,-74.01722,0.0,16.8,177.0,JILL REINAUER,IMO7042813,WCW9655,31,0,30,8,3.8,57,A
366727190,2022-01-05T08:37:02,40.66937,-74.01724,0.0,208.6,175.0,JILL REINAUER,IMO7042813,WCW9655,31,0,30,8,3.8,57,A
366727190,2022-01-05T23:00:01,40.67250,-74.02014,8.3,299.4,295.0,JILL REINAUER,IMO7042813,WCW9655,31,0,30,8,3.8,57,A
366727190,2022-01-05T23:01:17,40.67364,-74.02423,9.9,281.9,280.0,JILL REINAUER,IMO7042813,WCW9655,31,0,30,8,3.8,57,A
366727190,2022-01-05T22:46:03,40.66927,-74.01722,0.0,270.7,176.0,JILL REINAUER,IMO7042813,WCW9655,31,0,30,8,3.8,57,A
366727190,2022-01-05T22:41:33,40.66930,-74.01726,0.0,332.8,177.0,JILL REINAUER,IMO7042813,WCW9655,31,0,30,8,3.8,57,A
366727190,2022-01-05T22:30:22,40.66931,-74.01723,0.0,273.1,177.0,JILL REINAUER,IMO7042813,WCW9655,31,0,30,8,3.8,57,A
366727190,2022-01-05T22:38:13,40.66929,-74.01722,0.0,201.2,177.0,JILL REINAUER,IMO7042813,WCW9655,31,0,30,8,3.8,57,A
366727190,2022-01-05T08:38:12,40.66936,-74.01727,0.0,308.8,176.0,JILL REINAUER,IMO7042813,WCW9655,31,0,30,8,3.8,57,A
366727190,2022-01-05T23:12:45,40.66289,-74.04328,6.6,56.5,51.0,JILL REINAUER,IMO7042813,WCW9655,31,0,30,8,3.8,57,A
366727190,2022-01-05T23:13:46,40.66444,-74.04103,8.6,49.0,49.0,JILL REINAUER,IMO7042813,WCW9655,31,0,30,8,3.8,57,A
366727190,2022-01-05T22:43:53,40.66926,-74.01724,0.0,332.2,177.0,JILL REINAUER,IMO7042813,WCW9655,31,0,30,8,3.8,57,A
366727190,2022-01-05T08:40:32,40.66936,-74.01726,0.0,201.8,175.0,JILL REINAUER,IMO7042813,WCW9655,31,0,30,8,3.8,57,A
366727190,2022-01-05T22:50:31,40.66929,-74.01724,0.1,224.7,177.0,JILL REINAUER,IMO7042813,WCW9655,31,0,30,8,3.8,57,A
366727190,2022-01-05T22:51:42,40.66927,-74.01721,0.0,113.0,177.0,JILL REINAUER,IMO7042813,WCW9655,31,0,30,8,3.8,57,A
366727190,2022-01-05T22:42:42,40.66927,-74.01725,0.0,315.9,176.0,JILL REINAUER,IMO7042813,WCW9655,31,0,30,8,3.8,57,A
366727190,2022-01-05T22:54:02,40.66926,-74.01724,0.0,196.8,177.0,JILL REINAUER,IMO7042813,WCW9655,31,0,30,8,3.8,57,A
366727190,2022-01-05T23:02:19,40.67379,-74.02786,9.8,244.9,240.0,JILL REINAUER,IMO7042813,WCW9655,31,0,30,8,3.8,57,A
366727190,2022-01-05T23:04:28,40.66980,-74.03403,11.0,222.9,231.0,JILL REINAUER,IMO7042813,WCW9655,31,0,30,8,3.8,57,A
366727190,2022-01-05T22:48:12,40.66928,-74.01724,0.0,192.6,176.0,JILL REINAUER,IMO7042813,WCW9655,31,0,30,8,3.8,57,A
366727190,2022-01-05T08:48:21,40.66938,-74.01725,0.0,269.3,174.0,JILL REINAUER,IMO7042813,WCW9655,31,0,30,8,3.8,57,A
366727190,2022-01-05T23:07:35,40.66321,-74.04230,7.2,226.1,235.0,JILL REINAUER,IMO7042813,WCW9655,31,0,30,8,3.8,57,A
366727190,2022-01-05T23:22:26,40.67128,-74.01754,7.3,130.0,146.0,JILL REINAUER,IMO7042813,WCW9655,31,0,30,8,3.8,57,A
366727190,2022-01-05T23:23:29,40.66985,-74.01686,3.6,181.7,189.0,JILL REINAUER,IMO7042813,WCW9655,31,0,30,8,3.8,57,A
366727190,2022-01-05T23:03:22,40.67209,-74.03109,10.3,226.7,229.0,JILL REINAUER,IMO7042813,WCW9655,31,0,30,8,3.8,57,A
366727190,2022-01-05T23:26:39,40.66957,-74.01699,2.3,350.3,354.0,JILL REINAUER,IMO7042813,WCW9655,31,0,30,8,3.8,57,A
366727190,2022-01-05T23:11:44,40.66278,-74.04390,0.5,172.8,7.0,JILL REINAUER,IMO7042813,WCW9655,31,0,30,8,3.8,57,A
366727190,2022-01-05T23:06:33,40.66532,-74.03994,10.7,222.6,223.0,JILL REINAUER,IMO7042813,WCW9655,31,0,30,8,3.8,57,A
366727190,2022-01-05T23:10:42,40.66278,-74.04390,0.1,269.6,29.0,JILL REINAUER,IMO7042813,WCW9655,31,0,30,8,3.8,57,A
366727190,2022-01-05T23:09:39,40.66274,-74.04390,0.1,4.3,28.0,JILL REINAUER,IMO7042813,WCW9655,31,0,30,8,3.8,57,A
366727190,2022-01-05T22:59:19,40.67173,-74.01839,7.4,298.9,299.0,JILL REINAUER,IMO7042813,WCW9655,31,0,30,8,3.8,57,A
366727190,2022-01-05T23:39:12,40.66996,-74.01704,0.0,337.5,281.0,JILL REINAUER,IMO7042813,WCW9655,31,0,30,8,3.8,57,A
366727190,2022-01-05T23:33:22,40.66989,-74.01707,0.0,210.2,312.0,JILL REINAUER,IMO7042813,WCW9655,31,0,30,8,3.8,57,A
366727190,2022-01-05T23:15:54,40.66816,-74.03628,8.9,42.3,48.0,JILL REINAUER,IMO7042813,WCW9655,31,0,30,8,3.8,57,A
366727190,2022-01-05T23:36:51,40.66991,-74.01706,0.0,127.2,291.0,JILL REINAUER,IMO7042813,WCW9655,31,0,30,8,3.8,57,A
366727190,2022-01-05T23:05:32,40.66750,-74.03705,10.9,225.5,230.0,JILL REINAUER,IMO7042813,WCW9655,31,0,30,8,3.8,57,A
366727190,2022-01-05T23:21:21,40.67266,-74.02038,9.5,117.9,126.0,JILL REINAUER,IMO7042813,WCW9655,31,0,30,8,3.8,57,A
366727190,2022-01-05T23:20:13,40.67395,-74.02409,9.6,107.7,118.0,JILL REINAUER,IMO7042813,WCW9655,31,0,30,8,3.8,57,A
366727190,2022-01-05T23:40:22,40.66996,-74.01706,0.0,326.0,275.0,JILL REINAUER,IMO7042813,WCW9655,31,0,30,8,3.8,57,A
366727190,2022-01-05T23:24:31,40.66924,-74.01711,0.4,258.2,278.0,JILL REINAUER,IMO7042813,WCW9655,31,0,30,8,3.8,57,A
366727190,2022-01-05T23:42:41,40.66995,-74.01706,0.0,320.4,265.0,JILL REINAUER,IMO7042813,WCW9655,31,0,30,8,3.8,57,A
366727190,2022-01-05T23:27:43,40.66988,-74.01710,0.1,93.8,310.0,JILL REINAUER,IMO7042813,WCW9655,31,0,30,8,3.8,57,A
366727190,2022-01-05T23:28:52,40.66991,-74.01708,0.1,1.4,302.0,JILL REINAUER,IMO7042813,WCW9655,31,0,30,8,3.8,57,A
366727190,2022-01-05T23:47:12,40.66996,-74.01704,0.0,308.2,244.0,JILL REINAUER,IMO7042813,WCW9655,31,0,30,8,3.8,57,A
366727190,2022-01-05T23:14:51,40.66627,-74.03861,8.6,45.1,45.0,JILL REINAUER,IMO7042813,WCW9655,31,0,30,8,3.8,57,A
366727190,2022-01-05T23:31:12,40.66989,-74.01709,0.0,245.6,312.0,JILL REINAUER,IMO7042813,WCW9655,31,0,30,8,3.8,57,A
366727190,2022-01-05T23:30:03,40.66990,-74.01708,0.0,219.0,306.0,JILL REINAUER,IMO7042813,WCW9655,31,0,30,8,3.8,57,A
366727190,2022-01-05T23:17:03,40.67000,-74.03343,9.0,52.4,50.0,JILL REINAUER,IMO7042813,WCW9655,31,0,30,8,3.8,57,A
366727190,2022-01-05T23:49:23,40.67005,-74.01707,0.1,333.7,230.0,JILL REINAUER,IMO7042813,WCW9655,31,0,30,8,3.8,57,A
366727190,2022-01-05T23:48:22,40.67002,-74.01705,0.0,272.4,236.0,JILL REINAUER,IMO7042813,WCW9655,31,0,30,8,3.8,57,A
366727190,2022-01-05T23:19:09,40.67338,-74.02765,9.9,62.6,67.0,JILL REINAUER,IMO7042813,WCW9655,31,0,30,8,3.8,57,A
366727190,2022-01-05T23:32:21,40.66988,-74.01707,0.0,259.3,315.0,JILL REINAUER,IMO7042813,WCW9655,31,0,30,8,3.8,57,A
366727190,2022-01-05T23:50:32,40.67006,-74.01708,0.1,305.3,223.0,JILL REINAUER,IMO7042813,WCW9655,31,0,30,8,3.8,57,A
366727190,2022-01-05T23:35:42,40.66992,-74.01707,0.0,118.3,297.0,JILL REINAUER,IMO7042813,WCW9655,31,0,30,8,3.8,57,A
366727190,2022-01-05T23:57:31,40.67007,-74.01714,0.0,189.4,197.0,JILL REINAUER,IMO7042813,WCW9655,31,0,30,8,3.8,57,A
366727190,2022-01-05T23:25:36,40.66926,-74.01699,1.8,90.9,276.0,JILL REINAUER,IMO7042813,WCW9655,31,0,30,8,3.8,57,A
366727190,2022-01-05T23:43:42,40.66999,-74.01707,0.0,169.3,261.0,JILL REINAUER,IMO7042813,WCW9655,31,0,30,8,3.8,57,A
366727190,2022-01-05T23:46:02,40.67000,-74.01705,0.1,306.5,251.0,JILL REINAUER,IMO7042813,WCW9655,31,0,30,8,3.8,57,A
366727190,2022-01-05T23:34:33,40.66989,-74.01707,0.0,136.4,305.0,JILL REINAUER,IMO7042813,WCW9655,31,0,30,8,3.8,57,A
366727190,2022-01-05T23:38:02,40.66995,-74.01705,0.0,275.9,286.0,JILL REINAUER,IMO7042813,WCW9655,31,0,30,8,3.8,57,A
366727190,2022-01-05T23:52:53,40.67005,-74.01707,0.1,271.9,208.0,JILL REINAUER,IMO7042813,WCW9655,31,0,30,8,3.8,57,A
366727190,2022-01-05T23:56:22,40.67007,-74.01713,0.0,215.3,197.0,JILL REINAUER,IMO7042813,WCW9655,31,0,30,8,3.8,57,A
366727190,2022-01-05T23:58:42,40.67007,-74.01712,0.1,186.2,196.0,JILL REINAUER,IMO7042813,WCW9655,31,0,30,8,3.8,57,A
366727190,2022-01-05T23:59:51,40.67007,-74.01711,0.0,237.7,197.0,JILL REINAUER,IMO7042813,WCW9655,31,0,30,8,3.8,57,A
366727190,2022-01-05T09:14:01,40.66937,-74.01724,0.0,202.3,174.0,JILL REINAUER,IMO7042813,WCW9655,31,0,30,8,3.8,57,A
366727190,2022-01-05T09:15:02,40.66941,-74.01723,0.0,259.0,174.0,JILL REINAUER,IMO7042813,WCW9655,31,0,30,8,3.8,57,A
366727190,2022-01-05T23:51:42,40.67004,-74.01707,0.0,291.7,216.0,JILL REINAUER,IMO7042813,WCW9655,31,0,30,8,3.8,57,A
366727190,2022-01-05T09:26:23,40.66942,-74.01725,0.0,320.2,174.0,JILL REINAUER,IMO7042813,WCW9655,31,0,30,8,3.8,57,A
366727190,2022-01-05T09:58:32,40.66938,-74.01726,0.0,268.5,174.0,JILL REINAUER,IMO7042813,WCW9655,31,0,30,8,3.8,57,A
366727190,2022-01-05T10:04:41,40.66933,-74.01726,0.0,249.2,175.0,JILL REINAUER,IMO7042813,WCW9655,31,0,30,8,3.8,57,A
366727190,2022-01-05T10:15:12,40.66939,-74.01727,0.0,313.5,174.0,JILL REINAUER,IMO7042813,WCW9655,31,0,30,8,3.8,57,A
366727190,2022-01-05T10:16:22,40.66930,-74.01725,0.0,0.1,174.0,JILL REINAUER,IMO7042813,WCW9655,31,0,30,8,3.8,57,A
366727190,2022-01-05T10:18:42,40.66935,-74.01723,0.0,199.9,173.0,JILL REINAUER,IMO7042813,WCW9655,31,0,30,8,3.8,57,A
366727190,2022-01-05T10:33:43,40.66942,-74.01724,0.0,211.3,173.0,JILL REINAUER,IMO7042813,WCW9655,31,0,30,8,3.8,57,A
366727190,2022-01-05T10:38:22,40.66936,-74.01725,0.0,276.8,173.0,JILL REINAUER,IMO7042813,WCW9655,31,0,30,8,3.8,57,A
366727190,2022-01-05T10:40:42,40.66939,-74.01725,0.0,208.2,173.0,JILL REINAUER,IMO7042813,WCW9655,31,0,30,8,3.8,57,A
366727190,2022-01-05T10:45:22,40.66941,-74.01723,0.0,229.9,173.0,JILL REINAUER,IMO7042813,WCW9655,31,0,30,8,3.8,57,A
366727190,2022-01-05T11:06:52,40.66944,-74.01724,0.0,331.6,173.0,JILL REINAUER,IMO7042813,WCW9655,31,0,30,8,3.8,57,A
366727190,2022-01-05T11:34:51,40.66940,-74.01726,0.0,252.2,174.0,JILL REINAUER,IMO7042813,WCW9655,31,0,30,8,3.8,57,A
366727190,2022-01-05T11:40:42,40.66942,-74.01724,0.0,249.4,176.0,JILL REINAUER,IMO7042813,WCW9655,31,0,30,8,3.8,57,A
366727190,2022-01-05T11:43:01,40.66943,-74.01725,0.0,304.1,175.0,JILL REINAUER,IMO7042813,WCW9655,31,0,30,8,3.8,57,A
366727190,2022-01-05T11:47:32,40.66943,-74.01726,0.0,284.7,175.0,JILL REINAUER,IMO7042813,WCW9655,31,0,30,8,3.8,57,A
366727190,2022-01-05T11:52:01,40.66943,-74.01723,0.0,329.4,175.0,JILL REINAUER,IMO7042813,WCW9655,31,0,30,8,3.8,57,A
366727190,2022-01-05T11:53:12,40.66942,-74.01723,0.0,296.3,174.0,JILL REINAUER,IMO7042813,WCW9655,31,0,30,8,3.8,57,A
366727190,2022-01-05T12:10:23,40.66940,-74.01726,0.0,227.5,174.0,JILL REINAUER,IMO7042813,WCW9655,31,0,30,8,3.8,57,A
366727190,2022-01-05T12:22:52,40.66945,-74.01726,0.0,249.2,176.0,JILL REINAUER,IMO7042813,WCW9655,31,0,30,8,3.8,57,A
366727190,2022-01-05T12:36:42,40.66944,-74.01726,0.0,23.5,175.0,JILL REINAUER,IMO7042813,WCW9655,31,0,30,8,3.8,57,A
366727190,2022-01-05T12:37:53,40.66942,-74.01725,0.0,150.1,175.0,JILL REINAUER,IMO7042813,WCW9655,31,0,30,8,3.8,57,A
366727190,2022-01-05T12:47:12,40.66942,-74.01726,0.0,233.0,173.0,JILL REINAUER,IMO7042813,WCW9655,31,0,30,8,3.8,57,A
366727190,2022-01-05T13:08:12,40.66945,-74.01724,0.0,234.8,176.0,JILL REINAUER,IMO7042813,WCW9655,31,0,30,8,3.8,57,A
366727190,2022-01-05T13:15:12,40.66944,-74.01724,0.0,241.8,175.0,JILL REINAUER,IMO7042813,WCW9655,31,0,30,8,3.8,57,A
366727190,2022-01-05T13:25:32,40.66942,-74.01729,0.0,347.3,173.0,JILL REINAUER,IMO7042813,WCW9655,31,0,30,8,3.8,57,A
366727190,2022-01-05T13:37:12,40.66942,-74.01724,0.0,346.5,174.0,JILL REINAUER,IMO7042813,WCW9655,31,0,30,8,3.8,57,A
366727190,2022-01-05T13:40:41,40.66944,-74.01724,0.0,33.9,173.0,JILL REINAUER,IMO7042813,WCW9655,31,0,30,8,3.8,57,A
366727190,2022-01-05T13:43:02,40.66944,-74.01723,0.0,172.2,172.0,JILL REINAUER,IMO7042813,WCW9655,31,0,30,8,3.8,57,A
366727190,2022-01-05T13:44:13,40.66945,-74.01724,0.0,155.9,172.0,JILL REINAUER,IMO7042813,WCW9655,31,0,30,8,3.8,57,A
366727190,2022-01-05T13:48:51,40.66945,-74.01722,0.0,350.9,173.0,JILL REINAUER,IMO7042813,WCW9655,31,0,30,8,3.8,57,A
366727190,2022-01-05T13:52:21,40.66943,-74.01725,0.0,230.0,172.0,JILL REINAUER,IMO7042813,WCW9655,31,0,30,8,3.8,57,A
366727190,2022-01-05T14:03:23,40.66944,-74.01722,0.0,273.7,172.0,JILL REINAUER,IMO7042813,WCW9655,31,0,30,8,3.8,57,A
366727190,2022-01-05T14:06:42,40.66941,-74.01723,0.0,282.6,172.0,JILL REINAUER,IMO7042813,WCW9655,31,0,30,8,3.8,57,A
366727190,2022-01-05T14:07:51,40.66941,-74.01725,0.0,344.6,173.0,JILL REINAUER,IMO7042813,WCW9655,31,0,30,8,3.8,57,A
366727190,2022-01-05T14:54:53,40.67048,-74.01694,0.4,105.7,203.0,JILL REINAUER,IMO7042813,WCW9655,31,0,30,8,3.8,57,A
366727190,2022-01-05T14:55:55,40.67048,-74.01673,0.7,59.9,218.0,JILL REINAUER,IMO7042813,WCW9655,31,0,30,8,3.8,57,A
366727190,2022-01-05T14:56:58,40.67065,-74.01639,1.4,61.7,242.0,JILL REINAUER,IMO7042813,WCW9655,31,0,30,8,3.8,57,A
366727190,2022-01-05T15:02:16,40.67331,-74.02213,7.4,298.2,286.0,JILL REINAUER,IMO7042813,WCW9655,31,0,30,8,3.8,57,A
366727190,2022-01-05T15:10:02,40.66563,-74.03311,6.1,209.6,214.0,JILL REINAUER,IMO7042813,WCW9655,31,0,30,8,3.8,57,A
366727190,2022-01-05T15:13:32,40.66281,-74.03557,1.4,221.2,223.0,JILL REINAUER,IMO7042813,WCW9655,31,0,30,8,3.8,57,A
366727190,2022-01-05T15:15:52,40.66269,-74.03588,0.3,8.4,222.0,JILL REINAUER,IMO7042813,WCW9655,31,0,30,8,3.8,57,A
366727190,2022-01-05T15:18:02,40.66296,-74.03604,0.5,346.2,201.0,JILL REINAUER,IMO7042813,WCW9655,31,0,30,8,3.8,57,A
366727190,2022-01-05T15:19:13,40.66302,-74.03606,0.1,314.5,199.0,JILL REINAUER,IMO7042813,WCW9655,31,0,30,8,3.8,57,A
366727190,2022-01-05T15:21:33,40.66307,-74.03619,0.2,278.0,202.0,JILL REINAUER,IMO7042813,WCW9655,31,0,30,8,3.8,57,A
366727190,2022-01-05T15:33:01,40.66317,-74.03652,0.1,321.8,202.0,JILL REINAUER,IMO7042813,WCW9655,31,0,30,8,3.8,57,A
366727190,2022-01-05T15:36:32,40.66318,-74.03664,0.1,286.0,199.0,JILL REINAUER,IMO7042813,WCW9655,31,0,30,8,3.8,57,A
366727190,2022-01-05T15:49:21,40.66325,-74.03669,0.0,142.5,191.0,JILL REINAUER,IMO7042813,WCW9655,31,0,30,8,3.8,57,A
366727190,2022-01-05T15:50:32,40.66324,-74.03670,0.0,191.0,192.0,JILL REINAUER,IMO7042813,WCW9655,31,0,30,8,3.8,57,A
366727190,2022-01-05T15:53:51,40.66324,-74.03678,0.1,267.8,194.0,JILL REINAUER,IMO7042813,WCW9655,31,0,30,8,3.8,57,A
366727190,2022-01-05T15:58:31,40.66329,-74.03685,0.0,276.5,189.0,JILL REINAUER,IMO7042813,WCW9655,31,0,30,8,3.8,57,A
366727190,2022-01-05T16:04:43,40.66331,-74.03684,0.0,285.6,188.0,JILL REINAUER,IMO7042813,WCW9655,31,0,30,8,3.8,57,A
366727190,2022-01-05T16:27:52,40.66324,-74.03692,0.0,300.9,190.0,JILL REINAUER,IMO7042813,WCW9655,31,0,30,8,3.8,57,A
366727190,2022-01-05T16:33:31,40.66327,-74.03692,0.0,117.4,186.0,JILL REINAUER,IMO7042813,WCW9655,31,0,30,8,3.8,57,A
366727190,2022-01-05T16:44:51,40.66332,-74.03716,0.1,228.5,173.0,JILL REINAUER,IMO7042813,WCW9655,31,0,30,8,3.8,57,A
366727190,2022-01-05T16:50:42,40.66329,-74.03714,0.4,129.5,166.0,JILL REINAUER,IMO7042813,WCW9655,31,0,30,8,3.8,57,A
366727190,2022-01-05T16:58:02,40.66301,-74.03566,3.4,350.8,351.0,JILL REINAUER,IMO7042813,WCW9655,31,0,30,8,3.8,57,A
366727190,2022-01-05T17:05:16,40.66791,-74.03879,1.7,261.9,218.0,JILL REINAUER,IMO7042813,WCW9655,31,0,30,8,3.8,57,A
366727190,2022-01-05T17:13:32,40.66611,-74.04198,0.3,294.2,202.0,JILL REINAUER,IMO7042813,WCW9655,31,0,30,8,3.8,57,A
366727190,2022-01-05T17:18:13,40.66626,-74.04219,0.2,284.4,185.0,JILL REINAUER,IMO7042813,WCW9655,31,0,30,8,3.8,57,A
366727190,2022-01-05T17:21:42,40.66642,-74.04219,0.2,105.7,179.0,JILL REINAUER,IMO7042813,WCW9655,31,0,30,8,3.8,57,A
366727190,2022-01-05T17:25:13,40.66634,-74.04202,0.0,101.2,184.0,JILL REINAUER,IMO7042813,WCW9655,31,0,30,8,3.8,57,A
366727190,2022-01-05T17:31:02,40.66633,-74.04211,0.1,282.4,185.0,JILL REINAUER,IMO7042813,WCW9655,31,0,30,8,3.8,57,A
366727190,2022-01-05T18:00:03,40.66601,-74.04365,0.1,36.9,122.0,JILL REINAUER,IMO7042813,WCW9655,31,0,30,8,3.8,57,A
366727190,2022-01-05T18:06:12,40.66603,-74.04364,0.1,256.1,123.0,JILL REINAUER,IMO7042813,WCW9655,31,0,30,8,3.8,57,A
366727190,2022-01-05T18:20:12,40.66568,-74.04399,0.3,217.0,105.0,JILL REINAUER,IMO7042813,WCW9655,31,0,30,8,3.8,57,A
366727190,2022-01-05T18:38:32,40.66434,-74.04436,0.5,175.5,73.0,JILL REINAUER,IMO7042813,WCW9655,31,0,30,8,3.8,57,A
366727190,2022-01-05T18:41:52,40.66394,-74.04432,0.3,183.5,62.0,JILL REINAUER,IMO7042813,WCW9655,31,0,30,8,3.8,57,A
366727190,2022-01-05T19:03:22,40.67489,-74.02714,5.8,103.6,101.0,JILL REINAUER,IMO7042813,WCW9655,31,0,30,8,3.8,57,A
366727190,2022-01-05T19:06:41,40.67265,-74.02065,5.5,119.0,121.0,JILL REINAUER,IMO7042813,WCW9655,31,0,30,8,3.8,57,A
366727190,2022-01-05T19:09:02,40.67158,-74.01798,2.1,118.6,131.0,JILL REINAUER,IMO7042813,WCW9655,31,0,30,8,3.8,57,A
366727190,2022-01-05T19:11:08,40.67105,-74.01673,1.8,136.7,177.0,JILL REINAUER,IMO7042813,WCW9655,31,0,30,8,3.8,57,A
366727190,2022-01-05T19:37:06,40.67060,-74.01714,1.7,148.8,147.0,JILL REINAUER,IMO7042813,WCW9655,31,0,30,8,3.8,57,A
366727190,2022-01-05T19:44:29,40.66928,-74.01717,0.2,269.0,192.0,JILL REINAUER,IMO7042813,WCW9655,31,0,30,8,3.8,57,A
366727190,2022-01-05T19:47:42,40.66932,-74.01722,0.0,335.8,177.0,JILL REINAUER,IMO7042813,WCW9655,31,0,30,8,3.8,57,A
366727190,2022-01-05T19:51:11,40.66932,-74.01721,0.0,25.3,177.0,JILL REINAUER,IMO7042813,WCW9655,31,0,30,8,3.8,57,A
366727190,2022-01-05T20:07:22,40.66937,-74.01721,0.0,214.5,176.0,JILL REINAUER,IMO7042813,WCW9655,31,0,30,8,3.8,57,A
366727190,2022-01-05T20:11:52,40.66932,-74.01719,0.0,140.8,177.0,JILL REINAUER,IMO7042813,WCW9655,31,0,30,8,3.8,57,A
366727190,2022-01-05T20:26:52,40.66934,-74.01723,0.0,193.1,176.0,JILL REINAUER,IMO7042813,WCW9655,31,0,30,8,3.8,57,A
366727190,2022-01-05T20:29:12,40.66933,-74.01723,0.0,207.0,177.0,JILL REINAUER,IMO7042813,WCW9655,31,0,30,8,3.8,57,A
366727190,2022-01-05T20:35:02,40.66934,-74.01724,0.0,229.0,177.0,JILL REINAUER,IMO7042813,WCW9655,31,0,30,8,3.8,57,A
366727190,2022-01-05T20:49:01,40.66930,-74.01725,0.0,187.4,177.0,JILL REINAUER,IMO7042813,WCW9655,31,0,30,8,3.8,57,A
366727190,2022-01-05T20:57:11,40.66933,-74.01723,0.0,218.5,178.0,JILL REINAUER,IMO7042813,WCW9655,31,0,30,8,3.8,57,A
366727190,2022-01-05T20:59:31,40.66932,-74.01726,0.0,13.3,178.0,JILL REINAUER,IMO7042813,WCW9655,31,0,30,8,3.8,57,A
366727190,2022-01-05T21:31:32,40.66931,-74.01722,0.0,238.7,177.0,JILL REINAUER,IMO7042813,WCW9655,31,0,30,8,3.8,57,A
366727190,2022-01-05T21:49:52,40.66927,-74.01722,0.0,266.5,178.0,JILL REINAUER,IMO7042813,WCW9655,31,0,30,8,3.8,57,A
366727190,2022-01-05T22:12:02,40.66929,-74.01725,0.0,315.4,178.0,JILL REINAUER,IMO7042813,WCW9655,31,0,30,8,3.8,57,A
366727190,2022-01-05T22:25:52,40.66927,-74.01726,0.0,105.1,177.0,JILL REINAUER,IMO7042813,WCW9655,31,0,30,8,3.8,57,A
366727190,2022-01-05T22:40:32,40.66929,-74.01723,0.0,306.5,177.0,JILL REINAUER,IMO7042813,WCW9655,31,0,30,8,3.8,57,A
366727190,2022-01-05T22:45:02,40.66926,-74.01722,0.0,263.6,177.0,JILL REINAUER,IMO7042813,WCW9655,31,0,30,8,3.8,57,A
366727190,2022-01-05T22:49:22,40.66929,-74.01725,0.1,241.1,177.0,JILL REINAUER,IMO7042813,WCW9655,31,0,30,8,3.8,57,A
366727190,2022-01-05T22:52:51,40.66926,-74.01725,0.0,241.9,177.0,JILL REINAUER,IMO7042813,WCW9655,31,0,30,8,3.8,57,A
366727190,2022-01-05T22:55:06,40.66925,-74.01723,0.0,162.2,195.0,JILL REINAUER,IMO7042813,WCW9655,31,0,30,8,3.8,57,A
366727190,2022-01-05T22:56:09,40.66935,-74.01715,0.6,19.9,212.0,JILL REINAUER,IMO7042813,WCW9655,31,0,30,8,3.8,57,A
366727190,2022-01-05T22:57:12,40.66964,-74.01665,2.2,76.7,283.0,JILL REINAUER,IMO7042813,WCW9655,31,0,30,8,3.8,57,A
366727190,2022-01-05T22:58:15,40.67033,-74.01666,5.8,346.8,341.0,JILL REINAUER,IMO7042813,WCW9655,31,0,30,8,3.8,57,A
366727190,2022-01-05T23:08:38,40.66257,-74.04388,1.5,292.1,15.0,JILL REINAUER,IMO7042813,WCW9655,31,0,30,8,3.8,57,A
366727190,2022-01-05T23:18:06,40.67171,-74.03075,9.5,44.0,48.0,JILL REINAUER,IMO7042813,WCW9655,31,0,30,8,3.8,57,A
366727190,2022-01-05T23:41:32,40.66996,-74.01707,0.0,336.0,270.0,JILL REINAUER,IMO7042813,WCW9655,31,0,30,8,3.8,57,A
366727190,2022-01-05T23:44:52,40.66999,-74.01706,0.1,323.1,257.0,JILL REINAUER,IMO7042813,WCW9655,31,0,30,8,3.8,57,A
366727190,2022-01-05T23:54:02,40.67007,-74.01710,0.0,196.0,198.0,JILL REINAUER,IMO7042813,WCW9655,31,0,30,8,3.8,57,A
366727190,2022-01-05T23:55:12,40.67008,-74.01713,0.0,263.0,197.0,JILL REINAUER,IMO7042813,WCW9655,31,0,30,8,3.8,57,A
366727190,2022-01-06T00:00:01,40.67007,-74.01711,0.0,0.0,197.0,JILL REINAUER,IMO7042813,WCW9655,31,0,30,8,3.8,57,A
366727190,2022-01-06T00:01:12,40.67007,-74.01712,0.0,272.2,197.0,JILL REINAUER,IMO7042813,WCW9655,31,0,30,8,3.8,57,A
366727190,2022-01-06T00:02:23,40.67007,-74.01712,0.0,324.2,196.0,JILL REINAUER,IMO7042813,WCW9655,31,0,30,8,3.8,57,A
366727190,2022-01-06T00:03:32,40.67005,-74.01713,0.0,357.2,197.0,JILL REINAUER,IMO7042813,WCW9655,31,0,30,8,3.8,57,A
366727190,2022-01-06T00:04:42,40.67007,-74.01712,0.0,189.4,196.0,JILL REINAUER,IMO7042813,WCW9655,31,0,30,8,3.8,57,A
366727190,2022-01-06T00:06:12,40.67006,-74.01713,0.0,54.6,197.0,JILL REINAUER,IMO7042813,WCW9655,31,0,30,8,3.8,57,A
366727190,2022-01-06T00:07:21,40.67006,-74.01714,0.0,248.0,197.0,JILL REINAUER,IMO7042813,WCW9655,31,0,30,8,3.8,57,A
366727190,2022-01-06T00:09:42,40.67006,-74.01716,0.0,292.4,197.0,JILL REINAUER,IMO7042813,WCW9655,31,0,30,8,3.8,57,A
366727190,2022-01-06T00:11:53,40.67005,-74.01713,0.0,231.8,197.0,JILL REINAUER,IMO7042813,WCW9655,31,0,30,8,3.8,57,A
366727190,2022-01-06T00:14:12,40.67008,-74.01712,0.0,325.4,196.0,JILL REINAUER,IMO7042813,WCW9655,31,0,30,8,3.8,57,A
366727190,2022-01-06T00:08:32,40.67006,-74.01715,0.0,332.4,197.0,JILL REINAUER,IMO7042813,WCW9655,31,0,30,8,3.8,57,A
366727190,2022-01-06T00:13:02,40.67008,-74.01711,0.0,238.9,197.0,JILL REINAUER,IMO7042813,WCW9655,31,0,30,8,3.8,57,A
366727190,2022-01-06T00:10:43,40.67006,-74.01714,0.0,309.0,197.0,JILL REINAUER,IMO7042813,WCW9655,31,0,30,8,3.8,57,A
366727190,2022-01-06T00:15:22,40.67008,-74.01714,0.0,209.1,195.0,JILL REINAUER,IMO7042813,WCW9655,31,0,30,8,3.8,57,A
366727190,2022-01-06T00:16:32,40.67006,-74.01713,0.0,177.9,197.0,JILL REINAUER,IMO7042813,WCW9655,31,0,30,8,3.8,57,A
366727190,2022-01-06T00:17:41,40.67008,-74.01714,0.0,313.4,196.0,JILL REINAUER,IMO7042813,WCW9655,31,0,30,8,3.8,57,A
366727190,2022-01-06T00:18:52,40.67011,-74.01714,0.0,318.7,196.0,JILL REINAUER,IMO7042813,WCW9655,31,0,30,8,3.8,57,A
366727190,2022-01-06T00:20:02,40.67009,-74.01714,0.0,309.4,197.0,JILL REINAUER,IMO7042813,WCW9655,31,0,30,8,3.8,57,A
366727190,2022-01-06T00:21:12,40.67008,-74.01712,0.0,183.1,199.0,JILL REINAUER,IMO7042813,WCW9655,31,0,30,8,3.8,57,A
366727190,2022-01-06T00:23:31,40.67005,-74.01712,0.0,212.8,197.0,JILL REINAUER,IMO7042813,WCW9655,31,0,30,8,3.8,57,A
366727190,2022-01-06T00:22:23,40.67006,-74.01712,0.0,328.8,198.0,JILL REINAUER,IMO7042813,WCW9655,31,0,30,8,3.8,57,A
366727190,2022-01-06T00:24:42,40.67007,-74.01711,0.0,183.3,197.0,JILL REINAUER,IMO7042813,WCW9655,31,0,30,8,3.8,57,A
366727190,2022-01-06T00:28:12,40.67004,-74.01711,0.0,299.5,200.0,JILL REINAUER,IMO7042813,WCW9655,31,0,30,8,3.8,57,A
366727190,2022-01-06T00:25:51,40.67006,-74.01712,0.0,220.1,200.0,JILL REINAUER,IMO7042813,WCW9655,31,0,30,8,3.8,57,A
366727190,2022-01-06T00:27:03,40.67005,-74.01712,0.0,276.0,200.0,JILL REINAUER,IMO7042813,WCW9655,31,0,30,8,3.8,57,A
366727190,2022-01-06T00:31:42,40.67003,-74.01714,0.1,325.8,198.0,JILL REINAUER,IMO7042813,WCW9655,31,0,30,8,3.8,57,A
366727190,2022-01-06T00:32:51,40.67004,-74.01713,0.0,252.3,196.0,JILL REINAUER,IMO7042813,WCW9655,31,0,30,8,3.8,57,A
366727190,2022-01-06T00:29:22,40.67004,-74.01711,0.0,347.5,200.0,JILL REINAUER,IMO7042813,WCW9655,31,0,30,8,3.8,57,A
366727190,2022-01-06T00:30:31,40.67004,-74.01711,0.0,293.0,198.0,JILL REINAUER,IMO7042813,WCW9655,31,0,30,8,3.8,57,A
366727190,2022-01-06T00:35:12,40.67003,-74.01713,0.0,166.0,196.0,JILL REINAUER,IMO7042813,WCW9655,31,0,30,8,3.8,57,A
366727190,2022-01-06T00:38:43,40.67006,-74.01714,0.0,196.6,198.0,JILL REINAUER,IMO7042813,WCW9655,31,0,30,8,3.8,57,A
366727190,2022-01-06T00:36:21,40.67002,-74.01714,0.0,285.0,196.0,JILL REINAUER,IMO7042813,WCW9655,31,0,30,8,3.8,57,A
366727190,2022-01-06T00:37:32,40.67005,-74.01713,0.0,175.6,197.0,JILL REINAUER,IMO7042813,WCW9655,31,0,30,8,3.8,57,A
366727190,2022-01-06T00:42:01,40.67005,-74.01712,0.0,319.4,199.0,JILL REINAUER,IMO7042813,WCW9655,31,0,30,8,3.8,57,A
366727190,2022-01-06T00:34:02,40.67005,-74.01714,0.0,84.4,196.0,JILL REINAUER,IMO7042813,WCW9655,31,0,30,8,3.8,57,A
366727190,2022-01-06T00:39:51,40.67006,-74.01712,0.0,324.1,198.0,JILL REINAUER,IMO7042813,WCW9655,31,0,30,8,3.8,57,A
366727190,2022-01-06T00:45:21,40.67003,-74.01711,0.1,312.1,200.0,JILL REINAUER,IMO7042813,WCW9655,31,0,30,8,3.8,57,A
366727190,2022-01-06T00:40:52,40.67005,-74.01711,0.0,258.9,199.0,JILL REINAUER,IMO7042813,WCW9655,31,0,30,8,3.8,57,A
366727190,2022-01-06T00:43:02,40.67005,-74.01712,0.0,314.3,200.0,JILL REINAUER,IMO7042813,WCW9655,31,0,30,8,3.8,57,A
366727190,2022-01-06T00:46:22,40.67005,-74.01711,0.0,323.5,200.0,JILL REINAUER,IMO7042813,WCW9655,31,0,30,8,3.8,57,A
366727190,2022-01-06T00:44:13,40.67004,-74.01713,0.0,235.7,199.0,JILL REINAUER,IMO7042813,WCW9655,31,0,30,8,3.8,57,A
366727190,2022-01-06T00:49:52,40.67004,-74.01712,0.0,285.5,200.0,JILL REINAUER,IMO7042813,WCW9655,31,0,30,8,3.8,57,A
366727190,2022-01-06T00:51:03,40.67004,-74.01712,0.0,301.8,199.0,JILL REINAUER,IMO7042813,WCW9655,31,0,30,8,3.8,57,A
366727190,2022-01-06T00:47:31,40.67006,-74.01713,0.0,5.6,201.0,JILL REINAUER,IMO7042813,WCW9655,31,0,30,8,3.8,57,A
366727190,2022-01-06T00:52:12,40.67004,-74.01711,0.0,232.3,198.0,JILL REINAUER,IMO7042813,WCW9655,31,0,30,8,3.8,57,A
366727190,2022-01-06T00:48:43,40.67005,-74.01714,0.0,207.3,201.0,JILL REINAUER,IMO7042813,WCW9655,31,0,30,8,3.8,57,A
366727190,2022-01-06T00:54:31,40.67003,-74.01711,0.0,327.4,198.0,JILL REINAUER,IMO7042813,WCW9655,31,0,30,8,3.8,57,A
366727190,2022-01-06T00:57:52,40.67004,-74.01713,0.0,312.7,199.0,JILL REINAUER,IMO7042813,WCW9655,31,0,30,8,3.8,57,A
366727190,2022-01-06T00:53:22,40.67005,-74.01712,0.0,298.3,197.0,JILL REINAUER,IMO7042813,WCW9655,31,0,30,8,3.8,57,A
366727190,2022-01-06T01:02:22,40.67004,-74.01711,0.0,10.0,201.0,JILL REINAUER,IMO7042813,WCW9655,31,0,30,8,3.8,57,A
366727190,2022-01-06T00:59:02,40.67005,-74.01713,0.0,296.3,199.0,JILL REINAUER,IMO7042813,WCW9655,31,0,30,8,3.8,57,A
366727190,2022-01-06T01:01:12,40.67006,-74.01711,0.0,296.5,200.0,JILL REINAUER,IMO7042813,WCW9655,31,0,30,8,3.8,57,A
366727190,2022-01-06T01:04:43,40.67004,-74.01711,0.1,331.0,206.0,JILL REINAUER,IMO7042813,WCW9655,31,0,30,8,3.8,57,A
366727190,2022-01-06T00:55:42,40.67005,-74.01713,0.0,345.5,199.0,JILL REINAUER,IMO7042813,WCW9655,31,0,30,8,3.8,57,A
366727190,2022-01-06T00:56:51,40.67005,-74.01715,0.0,291.0,199.0,JILL REINAUER,IMO7042813,WCW9655,31,0,30,8,3.8,57,A
366727190,2022-01-06T01:08:23,40.67005,-74.01709,0.1,138.3,218.0,JILL REINAUER,IMO7042813,WCW9655,31,0,30,8,3.8,57,A
366727190,2022-01-06T01:09:32,40.66999,-74.01703,0.0,199.1,226.0,JILL REINAUER,IMO7042813,WCW9655,31,0,30,8,3.8,57,A
366727190,2022-01-06T01:00:02,40.67004,-74.01712,0.0,284.0,199.0,JILL REINAUER,IMO7042813,WCW9655,31,0,30,8,3.8,57,A
366727190,2022-01-06T01:10:43,40.66996,-74.01698,0.0,122.4,238.0,JILL REINAUER,IMO7042813,WCW9655,31,0,30,8,3.8,57,A
366727190,2022-01-06T01:14:02,40.66993,-74.01703,0.0,170.7,259.0,JILL REINAUER,IMO7042813,WCW9655,31,0,30,8,3.8,57,A
366727190,2022-01-06T01:03:31,40.67004,-74.01712,0.0,285.6,203.0,JILL REINAUER,IMO7042813,WCW9655,31,0,30,8,3.8,57,A
366727190,2022-01-06T01:16:21,40.66995,-74.01703,0.0,156.4,268.0,JILL REINAUER,IMO7042813,WCW9655,31,0,30,8,3.8,57,A
366727190,2022-01-06T01:17:22,40.66996,-74.01711,0.0,146.6,270.0,JILL REINAUER,IMO7042813,WCW9655,31,0,30,8,3.8,57,A
366727190,2022-01-06T01:11:52,40.66997,-74.01704,0.0,283.8,246.0,JILL REINAUER,IMO7042813,WCW9655,31,0,30,8,3.8,57,A
366727190,2022-01-06T01:12:53,40.66995,-74.01705,0.0,208.9,253.0,JILL REINAUER,IMO7042813,WCW9655,31,0,30,8,3.8,57,A
366727190,2022-01-06T01:07:22,40.67002,-74.01709,0.0,142.3,214.0,JILL REINAUER,IMO7042813,WCW9655,31,0,30,8,3.8,57,A
366727190,2022-01-06T01:15:12,40.66992,-74.01696,0.0,160.4,264.0,JILL REINAUER,IMO7042813,WCW9655,31,0,30,8,3.8,57,A
366727190,2022-01-06T01:25:32,40.66997,-74.01706,0.0,147.1,279.0,JILL REINAUER,IMO7042813,WCW9655,31,0,30,8,3.8,57,A
366727190,2022-01-06T01:19:41,40.66991,-74.01702,0.0,251.5,274.0,JILL REINAUER,IMO7042813,WCW9655,31,0,30,8,3.8,57,A
366727190,2022-01-06T01:18:32,40.66992,-74.01704,0.0,278.5,273.0,JILL REINAUER,IMO7042813,WCW9655,31,0,30,8,3.8,57,A
366727190,2022-01-06T01:29:02,40.66996,-74.01705,0.0,335.8,280.0,JILL REINAUER,IMO7042813,WCW9655,31,0,30,8,3.8,57,A
366727190,2022-01-06T01:31:22,40.66997,-74.01704,0.0,124.6,279.0,JILL REINAUER,IMO7042813,WCW9655,31,0,30,8,3.8,57,A
366727190,2022-01-06T01:22:02,40.66994,-74.01703,0.0,211.1,277.0,JILL REINAUER,IMO7042813,WCW9655,31,0,30,8,3.8,57,A
366727190,2022-01-06T01:06:12,40.67002,-74.01712,0.0,274.2,211.0,JILL REINAUER,IMO7042813,WCW9655,31,0,30,8,3.8,57,A
366727190,2022-01-06T01:24:22,40.66995,-74.01708,0.0,320.4,278.0,JILL REINAUER,IMO7042813,WCW9655,31,0,30,8,3.8,57,A
366727190,2022-01-06T01:30:12,40.66997,-74.01705,0.0,299.5,280.0,JILL REINAUER,IMO7042813,WCW9655,31,0,30,8,3.8,57,A
366727190,2022-01-06T01:26:42,40.66998,-74.01706,0.0,48.8,280.0,JILL REINAUER,IMO7042813,WCW9655,31,0,30,8,3.8,57,A
366727190,2022-01-06T01:36:35,40.67497,-74.02163,10.0,335.7,342.0,JILL REINAUER,IMO7042813,WCW9655,31,0,30,8,3.8,57,A
366727190,2022-01-06T01:38:39,40.68077,-74.02063,11.2,26.6,34.0,JILL REINAUER,IMO7042813,WCW9655,31,0,30,8,3.8,57,A
366727190,2022-01-06T01:33:25,40.66997,-74.01681,1.7,344.2,352.0,JILL REINAUER,IMO7042813,WCW9655,31,0,30,8,3.8,57,A
366727190,2022-01-06T01:47:22,40.70284,-73.99898,12.5,36.8,38.0,JILL REINAUER,IMO7042813,WCW9655,31,0,30,8,3.8,57,A
366727190,2022-01-06T01:23:12,40.66994,-74.01707,0.0,284.4,278.0,JILL REINAUER,IMO7042813,WCW9655,31,0,30,8,3.8,57,A
366727190,2022-01-06T01:20:51,40.66993,-74.01702,0.0,248.7,276.0,JILL REINAUER,IMO7042813,WCW9655,31,0,30,8,3.8,57,A
366727190,2022-01-06T01:40:47,40.68511,-74.01387,11.4,50.6,50.0,JILL REINAUER,IMO7042813,WCW9655,31,0,30,8,3.8,57,A
366727190,2022-01-06T01:39:42,40.68304,-74.01740,11.5,57.6,59.0,JILL REINAUER,IMO7042813,WCW9655,31,0,30,8,3.8,57,A
366727190,2022-01-06T01:44:12,40.69395,-74.00521,10.7,29.2,27.0,JILL REINAUER,IMO7042813,WCW9655,31,0,30,8,3.8,57,A
366727190,2022-01-06T01:27:52,40.66998,-74.01706,0.1,182.5,280.0,JILL REINAUER,IMO7042813,WCW9655,31,0,30,8,3.8,57,A
366727190,2022-01-06T01:43:06,40.69091,-74.00763,11.9,33.2,31.0,JILL REINAUER,IMO7042813,WCW9655,31,0,30,8,3.8,57,A
366727190,2022-01-06T01:55:46,40.71873,-73.96882,13.3,13.7,12.0,JILL REINAUER,IMO7042813,WCW9655,31,0,30,8,3.8,57,A
366727190,2022-01-06T01:58:00,40.72637,-73.96690,12.0,0.8,0.0,JILL REINAUER,IMO7042813,WCW9655,31,0,30,8,3.8,57,A
366727190,2022-01-06T01:34:29,40.67126,-74.01755,6.5,311.0,309.0,JILL REINAUER,IMO7042813,WCW9655,31,0,30,8,3.8,57,A
366727190,2022-01-06T02:01:03,40.73653,-73.96802,12.1,352.1,352.0,JILL REINAUER,IMO7042813,WCW9655,31,0,30,8,3.8,57,A
366727190,2022-01-06T01:35:31,40.67253,-74.01956,8.6,323.9,325.0,JILL REINAUER,IMO7042813,WCW9655,31,0,30,8,3.8,57,A
366727190,2022-01-06T01:49:28,40.70670,-73.99074,12.7,84.2,91.0,JILL REINAUER,IMO7042813,WCW9655,31,0,30,8,3.8,57,A
366727190,2022-01-06T02:02:05,40.73997,-73.96848,12.0,359.9,1.0,JILL REINAUER,IMO7042813,WCW9655,31,0,30,8,3.8,57,A
366727190,2022-01-06T01:51:35,40.70738,-73.98079,12.6,76.4,76.0,JILL REINAUER,IMO7042813,WCW9655,31,0,30,8,3.8,57,A
366727190,2022-01-06T02:04:09,40.74658,-73.96607,12.1,25.2,26.0,JILL REINAUER,IMO7042813,WCW9655,31,0,30,8,3.8,57,A
366727190,2022-01-06T01:32:23,40.66998,-74.01704,0.1,93.3,279.0,JILL REINAUER,IMO7042813,WCW9655,31,0,30,8,3.8,57,A
366727190,2022-01-06T02:05:12,40.74991,-73.96409,12.3,27.3,33.0,JILL REINAUER,IMO7042813,WCW9655,31,0,30,8,3.8,57,A
366727190,2022-01-06T01:54:45,40.71526,-73.97048,13.5,24.5,26.0,JILL REINAUER,IMO7042813,WCW9655,31,0,30,8,3.8,57,A
366727190,2022-01-06T01:59:03,40.72983,-73.96711,11.8,352.8,353.0,JILL REINAUER,IMO7042813,WCW9655,31,0,30,8,3.8,57,A
366727190,2022-01-06T02:09:18,40.76231,-73.95278,14.2,35.2,36.0,JILL REINAUER,IMO7042813,WCW9655,31,0,30,8,3.8,57,A
366727190,2022-01-06T01:37:36,40.67778,-74.02195,10.7,7.9,8.0,JILL REINAUER,IMO7042813,WCW9655,31,0,30,8,3.8,57,A
366727190,2022-01-06T02:00:02,40.73315,-73.96758,12.1,354.9,357.0,JILL REINAUER,IMO7042813,WCW9655,31,0,30,8,3.8,57,A
366727190,2022-01-06T02:12:24,40.77280,-73.94303,15.0,39.7,43.0,JILL REINAUER,IMO7042813,WCW9655,31,0,30,8,3.8,57,A
366727190,2022-01-06T02:13:30,40.77618,-73.93945,13.1,38.9,48.0,JILL REINAUER,IMO7042813,WCW9655,31,0,30,8,3.8,57,A
366727190,2022-01-06T01:42:01,40.68805,-74.01037,11.9,40.4,42.0,JILL REINAUER,IMO7042813,WCW9655,31,0,30,8,3.8,57,A
366727190,2022-01-06T01:46:19,40.69982,-74.00127,11.8,25.8,25.0,JILL REINAUER,IMO7042813,WCW9655,31,0,30,8,3.8,57,A
366727190,2022-01-06T02:07:15,40.75602,-73.95875,13.5,35.3,39.0,JILL REINAUER,IMO7042813,WCW9655,31,0,30,8,3.8,57,A
366727190,2022-01-06T02:03:08,40.74345,-73.96793,12.1,16.8,24.0,JILL REINAUER,IMO7042813,WCW9655,31,0,30,8,3.8,57,A
366727190,2022-01-06T02:08:16,40.75903,-73.95582,13.4,33.8,37.0,JILL REINAUER,IMO7042813,WCW9655,31,0,30,8,3.8,57,A
366727190,2022-01-06T02:18:40,40.78664,-73.91779,14.5,39.2,38.0,JILL REINAUER,IMO7042813,WCW9655,31,0,30,8,3.8,57,A
366727190,2022-01-06T01:50:31,40.70703,-73.98571,13.0,86.0,91.0,JILL REINAUER,IMO7042813,WCW9655,31,0,30,8,3.8,57,A
366727190,2022-01-06T02:17:38,40.78312,-73.92125,14.9,40.2,35.0,JILL REINAUER,IMO7042813,WCW9655,31,0,30,8,3.8,57,A
366727190,2022-01-06T01:52:39,40.70893,-73.97616,12.9,53.8,47.0,JILL REINAUER,IMO7042813,WCW9655,31,0,30,8,3.8,57,A
366727190,2022-01-06T01:56:52,40.72258,-73.96759,12.7,13.6,13.0,JILL REINAUER,IMO7042813,WCW9655,31,0,30,8,3.8,57,A
366727190,2022-01-06T02:25:04,40.80285,-73.90343,4.4,36.1,37.0,JILL REINAUER,IMO7042813,WCW9655,31,0,30,8,3.8,57,A
366727190,2022-01-06T02:14:32,40.77866,-73.93585,13.3,63.5,77.0,JILL REINAUER,IMO7042813,WCW9655,31,0,30,8,3.8,57,A
366727190,2022-01-06T01:45:15,40.69674,-74.00325,10.9,22.8,18.0,JILL REINAUER,IMO7042813,WCW9655,31,0,30,8,3.8,57,A
366727190,2022-01-06T02:16:36,40.78034,-73.92527,14.5,58.2,52.0,JILL REINAUER,IMO7042813,WCW9655,31,0,30,8,3.8,57,A
366727190,2022-01-06T02:30:35,40.80366,-73.90318,0.3,25.6,266.0,JILL REINAUER,IMO7042813,WCW9655,31,0,30,8,3.8,57,A
366727190,2022-01-06T01:48:26,40.70545,-73.99533,13.1,58.5,64.0,JILL REINAUER,IMO7042813,WCW9655,31,0,30,8,3.8,57,A
366727190,2022-01-06T02:19:42,40.78991,-73.91490,13.9,31.8,34.0,JILL REINAUER,IMO7042813,WCW9655,31,0,30,8,3.8,57,A
366727190,2022-01-06T02:29:25,40.80363,-73.90317,0.1,241.9,273.0,JILL REINAUER,IMO7042813,WCW9655,31,0,30,8,3.8,57,A
366727190,2022-01-06T02:20:48,40.79343,-73.91169,13.6,37.2,37.0,JILL REINAUER,IMO7042813,WCW9655,31,0,30,8,3.8,57,A
366727190,2022-01-06T02:21:50,40.79640,-73.90896,11.8,35.5,38.0,JILL REINAUER,IMO7042813,WCW9655,31,0,30,8,3.8,57,A
366727190,2022-01-06T01:53:42,40.71177,-73.97302,13.3,33.0,33.0,JILL REINAUER,IMO7042813,WCW9655,31,0,30,8,3.8,57,A
366727190,2022-01-06T02:23:56,40.80137,-73.90484,7.1,33.5,38.0,JILL REINAUER,IMO7042813,WCW9655,31,0,30,8,3.8,57,A
366727190,2022-01-06T02:36:16,40.80373,-73.90315,0.0,298.3,241.0,JILL REINAUER,IMO7042813,WCW9655,31,0,30,8,3.8,57,A
366727190,2022-01-06T02:33:56,40.80371,-73.90314,0.0,236.3,244.0,JILL REINAUER,IMO7042813,WCW9655,31,0,30,8,3.8,57,A
366727190,2022-01-06T02:06:13,40.75280,-73.96153,12.8,36.6,37.0,JILL REINAUER,IMO7042813,WCW9655,31,0,30,8,3.8,57,A
366727190,2022-01-06T02:28:16,40.80360,-73.90317,0.1,203.3,274.0,JILL REINAUER,IMO7042813,WCW9655,31,0,30,8,3.8,57,A
366727190,2022-01-06T02:31:39,40.80370,-73.90315,0.1,330.5,248.0,JILL REINAUER,IMO7042813,WCW9655,31,0,30,8,3.8,57,A
366727190,2022-01-06T02:26:06,40.80359,-73.90305,1.2,321.2,252.0,JILL REINAUER,IMO7042813,WCW9655,31,0,30,8,3.8,57,A
366727190,2022-01-06T02:43:15,40.80372,-73.90314,0.0,245.6,239.0,JILL REINAUER,IMO7042813,WCW9655,31,0,30,8,3.8,57,A
366727190,2022-01-06T02:27:10,40.80362,-73.90318,0.1,184.2,258.0,JILL REINAUER,IMO7042813,WCW9655,31,0,30,8,3.8,57,A
366727190,2022-01-06T02:11:22,40.76935,-73.94659,14.9,33.5,37.0,JILL REINAUER,IMO7042813,WCW9655,31,0,30,8,3.8,57,A
366727190,2022-01-06T02:46:46,40.80373,-73.90317,0.0,211.5,242.0,JILL REINAUER,IMO7042813,WCW9655,31,0,30,8,3.8,57,A
366727190,2022-01-06T02:35:05,40.80370,-73.90313,0.0,323.7,244.0,JILL REINAUER,IMO7042813,WCW9655,31,0,30,8,3.8,57,A
366727190,2022-01-06T02:49:05,40.80371,-73.90313,0.0,176.0,246.0,JILL REINAUER,IMO7042813,WCW9655,31,0,30,8,3.8,57,A
366727190,2022-01-06T02:37:26,40.80373,-73.90314,0.0,314.0,238.0,JILL REINAUER,IMO7042813,WCW9655,31,0,30,8,3.8,57,A
366727190,2022-01-06T02:39:45,40.80373,-73.90315,0.0,255.0,239.0,JILL REINAUER,IMO7042813,WCW9655,31,0,30,8,3.8,57,A
366727190,2022-01-06T02:38:36,40.80372,-73.90314,0.1,184.2,239.0,JILL REINAUER,IMO7042813,WCW9655,31,0,30,8,3.8,57,A
366727190,2022-01-06T02:47:56,40.80373,-73.90315,0.0,213.4,244.0,JILL REINAUER,IMO7042813,WCW9655,31,0,30,8,3.8,57,A
366727190,2022-01-06T02:52:26,40.80372,-73.90315,0.0,237.2,245.0,JILL REINAUER,IMO7042813,WCW9655,31,0,30,8,3.8,57,A
366727190,2022-01-06T02:40:56,40.80372,-73.90314,0.1,343.4,238.0,JILL REINAUER,IMO7042813,WCW9655,31,0,30,8,3.8,57,A
366727190,2022-01-06T02:44:25,40.80375,-73.90315,0.0,280.0,238.0,JILL REINAUER,IMO7042813,WCW9655,31,0,30,8,3.8,57,A
366727190,2022-01-06T02:22:54,40.79917,-73.90645,10.7,26.9,28.0,JILL REINAUER,IMO7042813,WCW9655,31,0,30,8,3.8,57,A
366727190,2022-01-06T02:57:06,40.80371,-73.90315,0.0,211.1,245.0,JILL REINAUER,IMO7042813,WCW9655,31,0,30,8,3.8,57,A
366727190,2022-01-06T02:10:19,40.76564,-73.94977,15.0,33.5,32.0,JILL REINAUER,IMO7042813,WCW9655,31,0,30,8,3.8,57,A
366727190,2022-01-06T02:50:06,40.80373,-73.90314,0.1,338.2,244.0,JILL REINAUER,IMO7042813,WCW9655,31,0,30,8,3.8,57,A
366727190,2022-01-06T02:59:13,40.80302,-73.90377,1.7,250.1,246.0,JILL REINAUER,IMO7042813,WCW9655,31,0,30,8,3.8,57,A
366727190,2022-01-06T03:01:06,40.80306,-73.90385,0.1,12.3,259.0,JILL REINAUER,IMO7042813,WCW9655,31,0,30,8,3.8,57,A
366727190,2022-01-06T02:15:34,40.77919,-73.93064,15.1,88.4,86.0,JILL REINAUER,IMO7042813,WCW9655,31,0,30,8,3.8,57,A
366727190,2022-01-06T03:00:03,40.80307,-73.90387,0.2,22.4,240.0,JILL REINAUER,IMO7042813,WCW9655,31,0,30,8,3.8,57,A
366727190,2022-01-06T03:05:33,40.80296,-73.90390,0.1,266.3,314.0,JILL REINAUER,IMO7042813,WCW9655,31,0,30,8,3.8,57,A
366727190,2022-01-06T02:32:47,40.80368,-73.90310,0.0,200.5,242.0,JILL REINAUER,IMO7042813,WCW9655,31,0,30,8,3.8,57,A
366727190,2022-01-06T02:58:10,40.80364,-73.90312,2.4,214.9,217.0,JILL REINAUER,IMO7042813,WCW9655,31,0,30,8,3.8,57,A
366727190,2022-01-06T03:06:34,40.80293,-73.90389,0.1,22.5,317.0,JILL REINAUER,IMO7042813,WCW9655,31,0,30,8,3.8,57,A
366727190,2022-01-06T03:17:22,40.80254,-73.90380,1.8,187.4,219.0,JILL REINAUER,IMO7042813,WCW9655,31,0,30,8,3.8,57,A
366727190,2022-01-06T02:55:56,40.80371,-73.90314,0.0,306.4,247.0,JILL REINAUER,IMO7042813,WCW9655,31,0,30,8,3.8,57,A
366727190,2022-01-06T03:14:09,40.80303,-73.90378,0.1,245.8,245.0,JILL REINAUER,IMO7042813,WCW9655,31,0,30,8,3.8,57,A
366727190,2022-01-06T03:22:40,40.80108,-73.90457,2.5,247.3,232.0,JILL REINAUER,IMO7042813,WCW9655,31,0,30,8,3.8,57,A
366727190,2022-01-06T03:16:19,40.80300,-73.90377,0.9,187.6,209.0,JILL REINAUER,IMO7042813,WCW9655,31,0,30,8,3.8,57,A
366727190,2022-01-06T03:23:42,40.80053,-73.90518,4.2,211.3,214.0,JILL REINAUER,IMO7042813,WCW9655,31,0,30,8,3.8,57,A
366727190,2022-01-06T03:10:57,40.80299,-73.90388,0.0,305.2,302.0,JILL REINAUER,IMO7042813,WCW9655,31,0,30,8,3.8,57,A
366727190,2022-01-06T03:18:25,40.80206,-73.90388,1.3,175.0,183.0,JILL REINAUER,IMO7042813,WCW9655,31,0,30,8,3.8,57,A
366727190,2022-01-06T03:24:46,40.79906,-73.90650,6.8,217.5,218.0,JILL REINAUER,IMO7042813,WCW9655,31,0,30,8,3.8,57,A
366727190,2022-01-06T03:26:54,40.79557,-73.91001,8.1,215.6,216.0,JILL REINAUER,IMO7042813,WCW9655,31,0,30,8,3.8,57,A
366727190,2022-01-06T03:13:05,40.80305,-73.90380,0.1,77.9,265.0,JILL REINAUER,IMO7042813,WCW9655,31,0,30,8,3.8,57,A
366727190,2022-01-06T03:21:36,40.80154,-73.90377,3.2,208.0,214.0,JILL REINAUER,IMO7042813,WCW9655,31,0,30,8,3.8,57,A
366727190,2022-01-06T03:30:06,40.79030,-73.91481,6.4,218.1,218.0,JILL REINAUER,IMO7042813,WCW9655,31,0,30,8,3.8,57,A
366727190,2022-01-06T03:09:56,40.80298,-73.90390,0.0,234.2,299.0,JILL REINAUER,IMO7042813,WCW9655,31,0,30,8,3.8,57,A
366727190,2022-01-06T03:32:12,40.78707,-73.91773,6.8,221.5,222.0,JILL REINAUER,IMO7042813,WCW9655,31,0,30,8,3.8,57,A
366727190,2022-01-06T02:51:17,40.80370,-73.90313,0.0,271.4,244.0,JILL REINAUER,IMO7042813,WCW9655,31,0,30,8,3.8,57,A
366727190,2022-01-06T03:36:19,40.78167,-73.92364,5.7,232.8,238.0,JILL REINAUER,IMO7042813,WCW9655,31,0,30,8,3.8,57,A
366727190,2022-01-06T03:31:09,40.78874,-73.91639,7.0,214.0,213.0,JILL REINAUER,IMO7042813,WCW9655,31,0,30,8,3.8,57,A
366727190,2022-01-06T03:15:16,40.80305,-73.90376,0.1,49.5,228.0,JILL REINAUER,IMO7042813,WCW9655,31,0,30,8,3.8,57,A
366727190,2022-01-06T03:37:22,40.78074,-73.92551,6.5,238.7,246.0,JILL REINAUER,IMO7042813,WCW9655,31,0,30,8,3.8,57,A
366727190,2022-01-06T03:39:26,40.77967,-73.92960,5.7,265.3,270.0,JILL REINAUER,IMO7042813,WCW9655,31,0,30,8,3.8,57,A
366727190,2022-01-06T02:54:46,40.80371,-73.90316,0.0,62.4,248.0,JILL REINAUER,IMO7042813,WCW9655,31,0,30,8,3.8,57,A
366727190,2022-01-06T03:34:16,40.78413,-73.92067,5.4,226.0,226.0,JILL REINAUER,IMO7042813,WCW9655,31,0,30,8,3.8,57,A
366727190,2022-01-06T03:35:18,40.78290,-73.92200,5.8,222.4,229.0,JILL REINAUER,IMO7042813,WCW9655,31,0,30,8,3.8,57,A
366727190,2022-01-06T03:19:30,40.80181,-73.90382,0.7,154.2,164.0,JILL REINAUER,IMO7042813,WCW9655,31,0,30,8,3.8,57,A
366727190,2022-01-06T03:29:04,40.79182,-73.91335,6.9,216.2,217.0,JILL REINAUER,IMO7042813,WCW9655,31,0,30,8,3.8,57,A
366727190,2022-01-06T02:42:06,40.80372,-73.90314,0.0,219.1,238.0,JILL REINAUER,IMO7042813,WCW9655,31,0,30,8,3.8,57,A
366727190,2022-01-06T03:41:34,40.77896,-73.93397,6.3,242.7,253.0,JILL REINAUER,IMO7042813,WCW9655,31,0,30,8,3.8,57,A
366727190,2022-01-06T03:42:36,40.77816,-73.93613,6.8,233.6,234.0,JILL REINAUER,IMO7042813,WCW9655,31,0,30,8,3.8,57,A
366727190,2022-01-06T03:33:15,40.78551,-73.91925,6.6,213.8,220.0,JILL REINAUER,IMO7042813,WCW9655,31,0,30,8,3.8,57,A
366727190,2022-01-06T03:43:38,40.77682,-73.93828,7.9,224.5,229.0,JILL REINAUER,IMO7042813,WCW9655,31,0,30,8,3.8,57,A
366727190,2022-01-06T03:02:15,40.80304,-73.90384,0.0,194.9,265.0,JILL REINAUER,IMO7042813,WCW9655,31,0,30,8,3.8,57,A
366727190,2022-01-06T03:04:30,40.80300,-73.90386,0.1,220.4,295.0,JILL REINAUER,IMO7042813,WCW9655,31,0,30,8,3.8,57,A
366727190,2022-01-06T03:38:23,40.78003,-73.92742,5.7,249.1,263.0,JILL REINAUER,IMO7042813,WCW9655,31,0,30,8,3.8,57,A
366727190,2022-01-06T02:45:36,40.80374,-73.90318,0.0,194.9,239.0,JILL REINAUER,IMO7042813,WCW9655,31,0,30,8,3.8,57,A
366727190,2022-01-06T03:54:16,40.76218,-73.95306,6.7,213.7,217.0,JILL REINAUER,IMO7042813,WCW9655,31,0,30,8,3.8,57,A
366727190,2022-01-06T03:52:02,40.76543,-73.95028,5.7,212.3,216.0,JILL REINAUER,IMO7042813,WCW9655,31,0,30,8,3.8,57,A
366727190,2022-01-06T03:48:55,40.76959,-73.94649,6.2,216.8,220.0,JILL REINAUER,IMO7042813,WCW9655,31,0,30,8,3.8,57,A
366727190,2022-01-06T04:03:17,40.74671,-73.96659,8.2,209.9,212.0,JILL REINAUER,IMO7042813,WCW9655,31,0,30,8,3.8,57,A
366727190,2022-01-06T03:40:30,40.77951,-73.93179,5.7,261.4,268.0,JILL REINAUER,IMO7042813,WCW9655,31,0,30,8,3.8,57,A
366727190,2022-01-06T03:58:43,40.75492,-73.95945,7.4,216.0,218.0,JILL REINAUER,IMO7042813,WCW9655,31,0,30,8,3.8,57,A
366727190,2022-01-06T04:04:21,40.74443,-73.96793,8.4,199.9,200.0,JILL REINAUER,IMO7042813,WCW9655,31,0,30,8,3.8,57,A
366727190,2022-01-06T02:53:36,40.80374,-73.90316,0.0,289.1,246.0,JILL REINAUER,IMO7042813,WCW9655,31,0,30,8,3.8,57,A
366727190,2022-01-06T03:20:32,40.80186,-73.90369,1.3,22.9,177.0,JILL REINAUER,IMO7042813,WCW9655,31,0,30,8,3.8,57,A
366727190,2022-01-06T04:02:06,40.74902,-73.96479,8.3,210.6,212.0,JILL REINAUER,IMO7042813,WCW9655,31,0,30,8,3.8,57,A
366727190,2022-01-06T04:11:38,40.72727,-73.96936,8.6,196.8,195.0,JILL REINAUER,IMO7042813,WCW9655,31,0,30,8,3.8,57,A
366727190,2022-01-06T03:49:59,40.76813,-73.94794,6.0,215.5,219.0,JILL REINAUER,IMO7042813,WCW9655,31,0,30,8,3.8,57,A
366727190,2022-01-06T04:07:26,40.73721,-73.96864,8.4,179.3,178.0,JILL REINAUER,IMO7042813,WCW9655,31,0,30,8,3.8,57,A
366727190,2022-01-06T04:06:25,40.73960,-73.96846,8.6,181.8,185.0,JILL REINAUER,IMO7042813,WCW9655,31,0,30,8,3.8,57,A
366727190,2022-01-06T04:08:30,40.73470,-73.96845,8.5,183.3,185.0,JILL REINAUER,IMO7042813,WCW9655,31,0,30,8,3.8,57,A
366727190,2022-01-06T04:16:52,40.71539,-73.97277,8.8,202.2,205.0,JILL REINAUER,IMO7042813,WCW9655,31,0,30,8,3.8,57,A
366727190,2022-01-06T03:53:03,40.76403,-73.95148,6.4,215.9,218.0,JILL REINAUER,IMO7042813,WCW9655,31,0,30,8,3.8,57,A
366727190,2022-01-06T03:03:25,40.80304,-73.90386,0.1,217.0,269.0,JILL REINAUER,IMO7042813,WCW9655,31,0,30,8,3.8,57,A
366727190,2022-01-06T04:19:59,40.70956,-73.97782,7.1,241.1,247.0,JILL REINAUER,IMO7042813,WCW9655,31,0,30,8,3.8,57,A
366727190,2022-01-06T04:13:44,40.72243,-73.97039,8.3,191.7,192.0,JILL REINAUER,IMO7042813,WCW9655,31,0,30,8,3.8,57,A
366727190,2022-01-06T04:09:36,40.73208,-73.96869,8.7,182.1,184.0,JILL REINAUER,IMO7042813,WCW9655,31,0,30,8,3.8,57,A
366727190,2022-01-06T04:15:49,40.71771,-73.97174,8.3,195.1,198.0,JILL REINAUER,IMO7042813,WCW9655,31,0,30,8,3.8,57,A
366727190,2022-01-06T04:10:37,40.72964,-73.96881,8.6,180.8,184.0,JILL REINAUER,IMO7042813,WCW9655,31,0,30,8,3.8,57,A
366727190,2022-01-06T04:17:53,40.71313,-73.97419,8.7,203.2,207.0,JILL REINAUER,IMO7042813,WCW9655,31,0,30,8,3.8,57,A
366727190,2022-01-06T03:07:37,40.80296,-73.90389,0.0,29.1,308.0,JILL REINAUER,IMO7042813,WCW9655,31,0,30,8,3.8,57,A
366727190,2022-01-06T04:12:39,40.72491,-73.96981,8.4,182.8,188.0,JILL REINAUER,IMO7042813,WCW9655,31,0,30,8,3.8,57,A
366727190,2022-01-06T04:28:23,40.70343,-73.99917,8.5,220.2,223.0,JILL REINAUER,IMO7042813,WCW9655,31,0,30,8,3.8,57,A
366727190,2022-01-06T04:18:56,40.71092,-73.97572,8.0,213.3,225.0,JILL REINAUER,IMO7042813,WCW9655,31,0,30,8,3.8,57,A
366727190,2022-01-06T03:08:46,40.80297,-73.90390,0.1,4.8,300.0,JILL REINAUER,IMO7042813,WCW9655,31,0,30,8,3.8,57,A
366727190,2022-01-06T04:29:26,40.70166,-74.00141,8.5,223.1,219.0,JILL REINAUER,IMO7042813,WCW9655,31,0,30,8,3.8,57,A
366727190,2022-01-06T04:23:13,40.70802,-73.98604,7.7,263.4,265.0,JILL REINAUER,IMO7042813,WCW9655,31,0,30,8,3.8,57,A
366727190,2022-01-06T03:12:00,40.80305,-73.90384,0.3,27.1,280.0,JILL REINAUER,IMO7042813,WCW9655,31,0,30,8,3.8,57,A
366727190,2022-01-06T04:25:16,40.70741,-73.99174,7.8,253.0,250.0,JILL REINAUER,IMO7042813,WCW9655,31,0,30,8,3.8,57,A
366727190,2022-01-06T04:26:20,40.70624,-73.99445,7.7,229.4,235.0,JILL REINAUER,IMO7042813,WCW9655,31,0,30,8,3.8,57,A
366727190,2022-01-06T04:27:22,40.70496,-73.99691,8.1,237.5,235.0,JILL REINAUER,IMO7042813,WCW9655,31,0,30,8,3.8,57,A
366727190,2022-01-06T04:37:05,40.68557,-74.01439,9.1,232.8,237.0,JILL REINAUER,IMO7042813,WCW9655,31,0,30,8,3.8,57,A
366727190,2022-01-06T03:44:39,40.77514,-73.94032,7.3,219.3,224.0,JILL REINAUER,IMO7042813,WCW9655,31,0,30,8,3.8,57,A
366727190,2022-01-06T04:30:28,40.69971,-74.00328,8.7,215.1,213.0,JILL REINAUER,IMO7042813,WCW9655,31,0,30,8,3.8,57,A
366727190,2022-01-06T04:40:12,40.67997,-74.02165,9.2,207.2,203.0,JILL REINAUER,IMO7042813,WCW9655,31,0,30,8,3.8,57,A
366727190,2022-01-06T03:47:53,40.77086,-73.94505,5.9,222.7,221.0,JILL REINAUER,IMO7042813,WCW9655,31,0,30,8,3.8,57,A
366727190,2022-01-06T04:32:36,40.69494,-74.00610,9.0,202.8,204.0,JILL REINAUER,IMO7042813,WCW9655,31,0,30,8,3.8,57,A
366727190,2022-01-06T04:21:02,40.70874,-73.98028,7.2,252.6,257.0,JILL REINAUER,IMO7042813,WCW9655,31,0,30,8,3.8,57,A
366727190,2022-01-06T03:51:00,40.76682,-73.94913,5.5,215.7,217.0,JILL REINAUER,IMO7042813,WCW9655,31,0,30,8,3.8,57,A
366727190,2022-01-06T04:45:27,40.66968,-74.01697,3.1,212.7,219.0,JILL REINAUER,IMO7042813,WCW9655,31,0,30,8,3.8,57,A
366727190,2022-01-06T04:35:59,40.68731,-74.01159,9.0,224.9,233.0,JILL REINAUER,IMO7042813,WCW9655,31,0,30,8,3.8,57,A
366727190,2022-01-06T03:25:53,40.79727,-73.90831,7.6,221.6,225.0,JILL REINAUER,IMO7042813,WCW9655,31,0,30,8,3.8,57,A
366727190,2022-01-06T03:55:20,40.76059,-73.95460,6.6,214.8,214.0,JILL REINAUER,IMO7042813,WCW9655,31,0,30,8,3.8,57,A
366727190,2022-01-06T03:27:55,40.79362,-73.91156,7.4,215.9,222.0,JILL REINAUER,IMO7042813,WCW9655,31,0,30,8,3.8,57,A
366727190,2022-01-06T04:41:13,40.67741,-74.02232,9.5,180.9,181.0,JILL REINAUER,IMO7042813,WCW9655,31,0,30,8,3.8,57,A
366727190,2022-01-06T03:57:36,40.75670,-73.95770,7.2,215.1,219.0,JILL REINAUER,IMO7042813,WCW9655,31,0,30,8,3.8,57,A
366727190,2022-01-06T04:47:33,40.66939,-74.01723,0.2,343.4,189.0,JILL REINAUER,IMO7042813,WCW9655,31,0,30,8,3.8,57,A
366727190,2022-01-06T04:48:36,40.66941,-74.01724,0.1,22.8,176.0,JILL REINAUER,IMO7042813,WCW9655,31,0,30,8,3.8,57,A
366727190,2022-01-06T04:42:15,40.67464,-74.02171,9.8,162.2,160.0,JILL REINAUER,IMO7042813,WCW9655,31,0,30,8,3.8,57,A
366727190,2022-01-06T03:59:47,40.75315,-73.96108,7.4,214.4,218.0,JILL REINAUER,IMO7042813,WCW9655,31,0,30,8,3.8,57,A
366727190,2022-01-06T04:31:29,40.69746,-74.00482,8.9,205.3,204.0,JILL REINAUER,IMO7042813,WCW9655,31,0,30,8,3.8,57,A
366727190,2022-01-06T04:53:15,40.66936,-74.01726,0.0,229.0,175.0,JILL REINAUER,IMO7042813,WCW9655,31,0,30,8,3.8,57,A
366727190,2022-01-06T04:56:45,40.66937,-74.01727,0.1,350.0,172.0,JILL REINAUER,IMO7042813,WCW9655,31,0,30,8,3.8,57,A
366727190,2022-01-06T04:44:23,40.67096,-74.01716,7.1,136.4,151.0,JILL REINAUER,IMO7042813,WCW9655,31,0,30,8,3.8,57,A
366727190,2022-01-06T04:46:29,40.66940,-74.01721,0.2,180.2,203.0,JILL REINAUER,IMO7042813,WCW9655,31,0,30,8,3.8,57,A
366727190,2022-01-06T04:43:20,40.67223,-74.01966,8.9,132.1,129.0,JILL REINAUER,IMO7042813,WCW9655,31,0,30,8,3.8,57,A
366727190,2022-01-06T04:49:47,40.66938,-74.01726,0.1,211.2,177.0,JILL REINAUER,IMO7042813,WCW9655,31,0,30,8,3.8,57,A
366727190,2022-01-06T05:06:56,40.66940,-74.01725,0.0,209.2,170.0,JILL REINAUER,IMO7042813,WCW9655,31,0,30,8,3.8,57,A
366727190,2022-01-06T05:02:25,40.66940,-74.01726,0.0,356.0,172.0,JILL REINAUER,IMO7042813,WCW9655,31,0,30,8,3.8,57,A
366727190,2022-01-06T05:10:25,40.66942,-74.01725,0.0,267.8,171.0,JILL REINAUER,IMO7042813,WCW9655,31,0,30,8,3.8,57,A
366727190,2022-01-06T05:09:16,40.66941,-74.01725,0.0,24.0,171.0,JILL REINAUER,IMO7042813,WCW9655,31,0,30,8,3.8,57,A
366727190,2022-01-06T04:50:55,40.66938,-74.01725,0.0,34.9,176.0,JILL REINAUER,IMO7042813,WCW9655,31,0,30,8,3.8,57,A
366727190,2022-01-06T04:57:46,40.66940,-74.01725,0.0,163.1,172.0,JILL REINAUER,IMO7042813,WCW9655,31,0,30,8,3.8,57,A
366727190,2022-01-06T05:08:05,40.66940,-74.01726,0.0,291.1,171.0,JILL REINAUER,IMO7042813,WCW9655,31,0,30,8,3.8,57,A
366727190,2022-01-06T05:15:06,40.66939,-74.01725,0.0,257.0,172.0,JILL REINAUER,IMO7042813,WCW9655,31,0,30,8,3.8,57,A
366727190,2022-01-06T05:16:16,40.66938,-74.01725,0.0,16.6,172.0,JILL REINAUER,IMO7042813,WCW9655,31,0,30,8,3.8,57,A
366727190,2022-01-06T04:54:27,40.66939,-74.01723,0.0,273.6,174.0,JILL REINAUER,IMO7042813,WCW9655,31,0,30,8,3.8,57,A
366727190,2022-01-06T05:13:56,40.66940,-74.01724,0.0,277.4,172.0,JILL REINAUER,IMO7042813,WCW9655,31,0,30,8,3.8,57,A
366727190,2022-01-06T04:55:37,40.66938,-74.01726,0.0,267.1,174.0,JILL REINAUER,IMO7042813,WCW9655,31,0,30,8,3.8,57,A
366727190,2022-01-06T03:45:45,40.77359,-73.94219,6.6,222.8,223.0,JILL REINAUER,IMO7042813,WCW9655,31,0,30,8,3.8,57,A
366727190,2022-01-06T03:46:50,40.77222,-73.94370,5.6,217.5,222.0,JILL REINAUER,IMO7042813,WCW9655,31,0,30,8,3.8,57,A
366727190,2022-01-06T05:00:05,40.66940,-74.01724,0.0,258.7,172.0,JILL REINAUER,IMO7042813,WCW9655,31,0,30,8,3.8,57,A
366727190,2022-01-06T04:22:06,40.70828,-73.98310,7.2,257.3,260.0,JILL REINAUER,IMO7042813,WCW9655,31,0,30,8,3.8,57,A
366727190,2022-01-06T05:01:16,40.66940,-74.01725,0.1,212.5,171.0,JILL REINAUER,IMO7042813,WCW9655,31,0,30,8,3.8,57,A
366727190,2022-01-06T05:22:05,40.66942,-74.01724,0.0,231.9,172.0,JILL REINAUER,IMO7042813,WCW9655,31,0,30,8,3.8,57,A
366727190,2022-01-06T04:24:14,40.70783,-73.98886,7.5,260.8,260.0,JILL REINAUER,IMO7042813,WCW9655,31,0,30,8,3.8,57,A
366727190,2022-01-06T05:23:15,40.66939,-74.01724,0.0,133.2,171.0,JILL REINAUER,IMO7042813,WCW9655,31,0,30,8,3.8,57,A
366727190,2022-01-06T05:05:45,40.66940,-74.01725,0.0,233.7,171.0,JILL REINAUER,IMO7042813,WCW9655,31,0,30,8,3.8,57,A
366727190,2022-01-06T05:32:37,40.66942,-74.01725,0.0,282.0,173.0,JILL REINAUER,IMO7042813,WCW9655,31,0,30,8,3.8,57,A
366727190,2022-01-06T05:17:25,40.66938,-74.01726,0.0,205.7,172.0,JILL REINAUER,IMO7042813,WCW9655,31,0,30,8,3.8,57,A
366727190,2022-01-06T05:27:56,40.66941,-74.01724,0.0,305.0,172.0,JILL REINAUER,IMO7042813,WCW9655,31,0,30,8,3.8,57,A
366727190,2022-01-06T03:56:26,40.75876,-73.95596,7.7,211.4,214.0,JILL REINAUER,IMO7042813,WCW9655,31,0,30,8,3.8,57,A
366727190,2022-01-06T05:31:26,40.66942,-74.01726,0.0,210.7,173.0,JILL REINAUER,IMO7042813,WCW9655,31,0,30,8,3.8,57,A
366727190,2022-01-06T05:12:45,40.66940,-74.01725,0.0,271.3,172.0,JILL REINAUER,IMO7042813,WCW9655,31,0,30,8,3.8,57,A
366727190,2022-01-06T05:25:36,40.66939,-74.01723,0.0,344.4,172.0,JILL REINAUER,IMO7042813,WCW9655,31,0,30,8,3.8,57,A
366727190,2022-01-06T04:33:46,40.69216,-74.00768,9.4,205.4,207.0,JILL REINAUER,IMO7042813,WCW9655,31,0,30,8,3.8,57,A
366727190,2022-01-06T05:39:36,40.66939,-74.01725,0.0,192.7,173.0,JILL REINAUER,IMO7042813,WCW9655,31,0,30,8,3.8,57,A
366727190,2022-01-06T04:00:02,40.75273,-73.96147,7.3,216.6,218.0,JILL REINAUER,IMO7042813,WCW9655,31,0,30,8,3.8,57,A
366727190,2022-01-06T04:34:56,40.68950,-74.00954,9.4,208.3,211.0,JILL REINAUER,IMO7042813,WCW9655,31,0,30,8,3.8,57,A
366727190,2022-01-06T04:01:03,40.75100,-73.96310,7.8,215.0,216.0,JILL REINAUER,IMO7042813,WCW9655,31,0,30,8,3.8,57,A
366727190,2022-01-06T05:36:06,40.66942,-74.01726,0.0,337.1,172.0,JILL REINAUER,IMO7042813,WCW9655,31,0,30,8,3.8,57,A
366727190,2022-01-06T05:41:56,40.66939,-74.01725,0.0,36.3,172.0,JILL REINAUER,IMO7042813,WCW9655,31,0,30,8,3.8,57,A
366727190,2022-01-06T04:05:23,40.74206,-73.96855,8.4,174.9,174.0,JILL REINAUER,IMO7042813,WCW9655,31,0,30,8,3.8,57,A
366727190,2022-01-06T05:43:06,40.66940,-74.01723,0.0,159.7,172.0,JILL REINAUER,IMO7042813,WCW9655,31,0,30,8,3.8,57,A
366727190,2022-01-06T05:30:15,40.66942,-74.01724,0.0,18.1,172.0,JILL REINAUER,IMO7042813,WCW9655,31,0,30,8,3.8,57,A
366727190,2022-01-06T05:33:46,40.66940,-74.01724,0.0,211.4,172.0,JILL REINAUER,IMO7042813,WCW9655,31,0,30,8,3.8,57,A
366727190,2022-01-06T05:34:56,40.66942,-74.01725,0.0,20.4,172.0,JILL REINAUER,IMO7042813,WCW9655,31,0,30,8,3.8,57,A
366727190,2022-01-06T05:37:16,40.66941,-74.01726,0.0,237.2,172.0,JILL REINAUER,IMO7042813,WCW9655,31,0,30,8,3.8,57,A
366727190,2022-01-06T05:38:26,40.66938,-74.01726,0.0,117.5,172.0,JILL REINAUER,IMO7042813,WCW9655,31,0,30,8,3.8,57,A
366727190,2022-01-06T05:49:56,40.66939,-74.01723,0.0,7.0,172.0,JILL REINAUER,IMO7042813,WCW9655,31,0,30,8,3.8,57,A
366727190,2022-01-06T05:54:36,40.66940,-74.01723,0.0,201.9,173.0,JILL REINAUER,IMO7042813,WCW9655,31,0,30,8,3.8,57,A
366727190,2022-01-06T04:14:46,40.72006,-73.97105,8.4,193.7,194.0,JILL REINAUER,IMO7042813,WCW9655,31,0,30,8,3.8,57,A
366727190,2022-01-06T05:55:47,40.66938,-74.01724,0.0,12.5,173.0,JILL REINAUER,IMO7042813,WCW9655,31,0,30,8,3.8,57,A
366727190,2022-01-06T05:46:35,40.66939,-74.01724,0.0,262.0,172.0,JILL REINAUER,IMO7042813,WCW9655,31,0,30,8,3.8,57,A
366727190,2022-01-06T06:01:15,40.66940,-74.01722,0.0,27.5,172.0,JILL REINAUER,IMO7042813,WCW9655,31,0,30,8,3.8,57,A
366727190,2022-01-06T06:04:46,40.66938,-74.01723,0.0,228.3,172.0,JILL REINAUER,IMO7042813,WCW9655,31,0,30,8,3.8,57,A
366727190,2022-01-06T05:40:45,40.66941,-74.01723,0.0,7.0,172.0,JILL REINAUER,IMO7042813,WCW9655,31,0,30,8,3.8,57,A
366727190,2022-01-06T04:58:56,40.66940,-74.01725,0.0,225.1,172.0,JILL REINAUER,IMO7042813,WCW9655,31,0,30,8,3.8,57,A
366727190,2022-01-06T05:45:25,40.66940,-74.01723,0.0,63.6,172.0,JILL REINAUER,IMO7042813,WCW9655,31,0,30,8,3.8,57,A
366727190,2022-01-06T04:59:57,40.66940,-74.01724,0.1,11.2,172.0,JILL REINAUER,IMO7042813,WCW9655,31,0,30,8,3.8,57,A
366727190,2022-01-06T06:05:56,40.66937,-74.01721,0.0,33.2,172.0,JILL REINAUER,IMO7042813,WCW9655,31,0,30,8,3.8,57,A
366727190,2022-01-06T06:10:35,40.66941,-74.01723,0.0,6.3,172.0,JILL REINAUER,IMO7042813,WCW9655,31,0,30,8,3.8,57,A
366727190,2022-01-06T05:58:07,40.66938,-74.01721,0.0,296.4,173.0,JILL REINAUER,IMO7042813,WCW9655,31,0,30,8,3.8,57,A
366727190,2022-01-06T05:03:27,40.66938,-74.01725,0.0,201.6,172.0,JILL REINAUER,IMO7042813,WCW9655,31,0,30,8,3.8,57,A
366727190,2022-01-06T05:51:06,40.66938,-74.01724,0.0,282.6,172.0,JILL REINAUER,IMO7042813,WCW9655,31,0,30,8,3.8,57,A
366727190,2022-01-06T06:11:36,40.66942,-74.01723,0.0,339.5,172.0,JILL REINAUER,IMO7042813,WCW9655,31,0,30,8,3.8,57,A
366727190,2022-01-06T05:53:26,40.66938,-74.01723,0.0,16.2,173.0,JILL REINAUER,IMO7042813,WCW9655,31,0,30,8,3.8,57,A
366727190,2022-01-06T06:16:35,40.66941,-74.01721,0.0,242.5,172.0,JILL REINAUER,IMO7042813,WCW9655,31,0,30,8,3.8,57,A
366727190,2022-01-06T05:04:36,40.66940,-74.01724,0.0,185.5,172.0,JILL REINAUER,IMO7042813,WCW9655,31,0,30,8,3.8,57,A
366727190,2022-01-06T06:17:45,40.66941,-74.01721,0.0,58.4,172.0,JILL REINAUER,IMO7042813,WCW9655,31,0,30,8,3.8,57,A
366727190,2022-01-06T06:03:36,40.66939,-74.01723,0.0,290.1,172.0,JILL REINAUER,IMO7042813,WCW9655,31,0,30,8,3.8,57,A
366727190,2022-01-06T05:59:16,40.66936,-74.01724,0.0,278.9,173.0,JILL REINAUER,IMO7042813,WCW9655,31,0,30,8,3.8,57,A
366727190,2022-01-06T06:09:26,40.66939,-74.01722,0.0,310.2,172.0,JILL REINAUER,IMO7042813,WCW9655,31,0,30,8,3.8,57,A
366727190,2022-01-06T06:27:06,40.66944,-74.01723,0.0,9.5,172.0,JILL REINAUER,IMO7042813,WCW9655,31,0,30,8,3.8,57,A
366727190,2022-01-06T06:13:17,40.66942,-74.01722,0.0,358.9,172.0,JILL REINAUER,IMO7042813,WCW9655,31,0,30,8,3.8,57,A
366727190,2022-01-06T06:31:45,40.66942,-74.01724,0.0,145.9,172.0,JILL REINAUER,IMO7042813,WCW9655,31,0,30,8,3.8,57,A
366727190,2022-01-06T04:38:06,40.68393,-74.01699,9.2,231.0,234.0,JILL REINAUER,IMO7042813,WCW9655,31,0,30,8,3.8,57,A
366727190,2022-01-06T04:39:10,40.68200,-74.01952,9.1,217.3,221.0,JILL REINAUER,IMO7042813,WCW9655,31,0,30,8,3.8,57,A
366727190,2022-01-06T06:21:16,40.66943,-74.01724,0.0,347.3,172.0,JILL REINAUER,IMO7042813,WCW9655,31,0,30,8,3.8,57,A
366727190,2022-01-06T06:38:55,40.66940,-74.01723,0.0,234.6,172.0,JILL REINAUER,IMO7042813,WCW9655,31,0,30,8,3.8,57,A
366727190,2022-01-06T06:41:15,40.66939,-74.01723,0.0,341.4,172.0,JILL REINAUER,IMO7042813,WCW9655,31,0,30,8,3.8,57,A
366727190,2022-01-06T05:18:37,40.66938,-74.01724,0.0,260.7,171.0,JILL REINAUER,IMO7042813,WCW9655,31,0,30,8,3.8,57,A
366727190,2022-01-06T06:18:55,40.66942,-74.01721,0.0,8.1,172.0,JILL REINAUER,IMO7042813,WCW9655,31,0,30,8,3.8,57,A
366727190,2022-01-06T06:47:06,40.66938,-74.01723,0.0,324.4,173.0,JILL REINAUER,IMO7042813,WCW9655,31,0,30,8,3.8,57,A
366727190,2022-01-06T06:20:06,40.66943,-74.01722,0.0,268.3,172.0,JILL REINAUER,IMO7042813,WCW9655,31,0,30,8,3.8,57,A
366727190,2022-01-06T05:24:25,40.66942,-74.01723,0.0,217.6,172.0,JILL REINAUER,IMO7042813,WCW9655,31,0,30,8,3.8,57,A
366727190,2022-01-06T06:23:36,40.66939,-74.01723,0.0,242.7,172.0,JILL REINAUER,IMO7042813,WCW9655,31,0,30,8,3.8,57,A
366727190,2022-01-06T06:48:17,40.66939,-74.01723,0.0,309.4,173.0,JILL REINAUER,IMO7042813,WCW9655,31,0,30,8,3.8,57,A
366727190,2022-01-06T04:52:07,40.66937,-74.01726,0.0,331.7,176.0,JILL REINAUER,IMO7042813,WCW9655,31,0,30,8,3.8,57,A
366727190,2022-01-06T06:35:07,40.66938,-74.01724,0.0,340.0,172.0,JILL REINAUER,IMO7042813,WCW9655,31,0,30,8,3.8,57,A
366727190,2022-01-06T06:24:46,40.66938,-74.01723,0.1,349.3,172.0,JILL REINAUER,IMO7042813,WCW9655,31,0,30,8,3.8,57,A
366727190,2022-01-06T06:53:56,40.66940,-74.01722,0.0,0.3,174.0,JILL REINAUER,IMO7042813,WCW9655,31,0,30,8,3.8,57,A
366727190,2022-01-06T06:45:57,40.66939,-74.01723,0.1,183.8,172.0,JILL REINAUER,IMO7042813,WCW9655,31,0,30,8,3.8,57,A
366727190,2022-01-06T06:30:35,40.66942,-74.01726,0.0,334.8,172.0,JILL REINAUER,IMO7042813,WCW9655,31,0,30,8,3.8,57,A
366727190,2022-01-06T07:03:37,40.66937,-74.01721,0.0,285.5,174.0,JILL REINAUER,IMO7042813,WCW9655,31,0,30,8,3.8,57,A
366727190,2022-01-06T07:05:56,40.66937,-74.01721,0.0,11.2,174.0,JILL REINAUER,IMO7042813,WCW9655,31,0,30,8,3.8,57,A
366727190,2022-01-06T06:55:06,40.66938,-74.01723,0.0,359.2,174.0,JILL REINAUER,IMO7042813,WCW9655,31,0,30,8,3.8,57,A
366727190,2022-01-06T06:37:45,40.66940,-74.01725,0.0,356.5,172.0,JILL REINAUER,IMO7042813,WCW9655,31,0,30,8,3.8,57,A
366727190,2022-01-06T06:44:46,40.66937,-74.01725,0.0,34.0,172.0,JILL REINAUER,IMO7042813,WCW9655,31,0,30,8,3.8,57,A
366727190,2022-01-06T07:17:36,40.66938,-74.01724,0.0,252.0,174.0,JILL REINAUER,IMO7042813,WCW9655,31,0,30,8,3.8,57,A
366727190,2022-01-06T07:21:16,40.66937,-74.01725,0.0,295.0,173.0,JILL REINAUER,IMO7042813,WCW9655,31,0,30,8,3.8,57,A
366727190,2022-01-06T07:22:26,40.66938,-74.01725,0.0,209.9,175.0,JILL REINAUER,IMO7042813,WCW9655,31,0,30,8,3.8,57,A
366727190,2022-01-06T06:49:25,40.66938,-74.01723,0.0,90.0,173.0,JILL REINAUER,IMO7042813,WCW9655,31,0,30,8,3.8,57,A
366727190,2022-01-06T05:11:35,40.66940,-74.01726,0.0,254.2,172.0,JILL REINAUER,IMO7042813,WCW9655,31,0,30,8,3.8,57,A
366727190,2022-01-06T06:52:55,40.66938,-74.01723,0.0,359.2,175.0,JILL REINAUER,IMO7042813,WCW9655,31,0,30,8,3.8,57,A
366727190,2022-01-06T07:10:36,40.66938,-74.01723,0.0,126.2,173.0,JILL REINAUER,IMO7042813,WCW9655,31,0,30,8,3.8,57,A
366727190,2022-01-06T07:12:55,40.66938,-74.01726,0.0,283.8,173.0,JILL REINAUER,IMO7042813,WCW9655,31,0,30,8,3.8,57,A
366727190,2022-01-06T07:27:05,40.66935,-74.01724,0.0,227.6,176.0,JILL REINAUER,IMO7042813,WCW9655,31,0,30,8,3.8,57,A
366727190,2022-01-06T07:15:17,40.66938,-74.01726,0.0,174.7,173.0,JILL REINAUER,IMO7042813,WCW9655,31,0,30,8,3.8,57,A
366727190,2022-01-06T07:16:26,40.66938,-74.01725,0.0,151.4,173.0,JILL REINAUER,IMO7042813,WCW9655,31,0,30,8,3.8,57,A
366727190,2022-01-06T07:36:15,40.66934,-74.01725,0.0,164.8,174.0,JILL REINAUER,IMO7042813,WCW9655,31,0,30,8,3.8,57,A
366727190,2022-01-06T05:19:46,40.66938,-74.01723,0.0,190.6,171.0,JILL REINAUER,IMO7042813,WCW9655,31,0,30,8,3.8,57,A
366727190,2022-01-06T07:19:56,40.66936,-74.01725,0.0,258.0,174.0,JILL REINAUER,IMO7042813,WCW9655,31,0,30,8,3.8,57,A
366727190,2022-01-06T07:02:25,40.66938,-74.01724,0.0,263.6,174.0,JILL REINAUER,IMO7042813,WCW9655,31,0,30,8,3.8,57,A
366727190,2022-01-06T05:20:56,40.66940,-74.01724,0.0,209.0,171.0,JILL REINAUER,IMO7042813,WCW9655,31,0,30,8,3.8,57,A
366727190,2022-01-06T07:09:26,40.66938,-74.01723,0.0,276.5,173.0,JILL REINAUER,IMO7042813,WCW9655,31,0,30,8,3.8,57,A
366727190,2022-01-06T07:23:37,40.66936,-74.01725,0.0,205.8,177.0,JILL REINAUER,IMO7042813,WCW9655,31,0,30,8,3.8,57,A
366727190,2022-01-06T07:40:36,40.66940,-74.01721,0.0,85.8,174.0,JILL REINAUER,IMO7042813,WCW9655,31,0,30,8,3.8,57,A
366727190,2022-01-06T07:24:45,40.66936,-74.01728,0.0,243.7,178.0,JILL REINAUER,IMO7042813,WCW9655,31,0,30,8,3.8,57,A
366727190,2022-01-06T07:41:47,40.66939,-74.01723,0.0,231.5,173.0,JILL REINAUER,IMO7042813,WCW9655,31,0,30,8,3.8,57,A
366727190,2022-01-06T07:14:06,40.66941,-74.01726,0.0,31.4,173.0,JILL REINAUER,IMO7042813,WCW9655,31,0,30,8,3.8,57,A
366727190,2022-01-06T07:42:56,40.66941,-74.01725,0.0,336.2,173.0,JILL REINAUER,IMO7042813,WCW9655,31,0,30,8,3.8,57,A
366727190,2022-01-06T05:26:46,40.66940,-74.01723,0.0,163.3,173.0,JILL REINAUER,IMO7042813,WCW9655,31,0,30,8,3.8,57,A
366727190,2022-01-06T07:30:27,40.66931,-74.01729,0.0,228.3,174.0,JILL REINAUER,IMO7042813,WCW9655,31,0,30,8,3.8,57,A
366727190,2022-01-06T06:02:27,40.66939,-74.01723,0.0,35.1,172.0,JILL REINAUER,IMO7042813,WCW9655,31,0,30,8,3.8,57,A
366727190,2022-01-06T05:29:07,40.66942,-74.01723,0.0,173.2,172.0,JILL REINAUER,IMO7042813,WCW9655,31,0,30,8,3.8,57,A
366727190,2022-01-06T07:33:56,40.66938,-74.01723,0.0,168.0,174.0,JILL REINAUER,IMO7042813,WCW9655,31,0,30,8,3.8,57,A
366727190,2022-01-06T07:47:35,40.66939,-74.01721,0.0,259.1,174.0,JILL REINAUER,IMO7042813,WCW9655,31,0,30,8,3.8,57,A
366727190,2022-01-06T06:07:05,40.66940,-74.01722,0.0,337.4,172.0,JILL REINAUER,IMO7042813,WCW9655,31,0,30,8,3.8,57,A
366727190,2022-01-06T07:55:45,40.66938,-74.01723,0.0,32.1,174.0,JILL REINAUER,IMO7042813,WCW9655,31,0,30,8,3.8,57,A
366727190,2022-01-06T07:39:25,40.66936,-74.01723,0.0,231.6,174.0,JILL REINAUER,IMO7042813,WCW9655,31,0,30,8,3.8,57,A
366727190,2022-01-06T06:08:17,40.66939,-74.01721,0.0,170.6,172.0,JILL REINAUER,IMO7042813,WCW9655,31,0,30,8,3.8,57,A
366727190,2022-01-06T07:59:16,40.66937,-74.01725,0.0,280.6,173.0,JILL REINAUER,IMO7042813,WCW9655,31,0,30,8,3.8,57,A
366727190,2022-01-06T07:29:26,40.66937,-74.01726,0.0,263.9,175.0,JILL REINAUER,IMO7042813,WCW9655,31,0,30,8,3.8,57,A
366727190,2022-01-06T06:14:26,40.66941,-74.01722,0.0,350.9,171.0,JILL REINAUER,IMO7042813,WCW9655,31,0,30,8,3.8,57,A
366727190,2022-01-06T08:03:35,40.66940,-74.01726,0.0,328.2,172.0,JILL REINAUER,IMO7042813,WCW9655,31,0,30,8,3.8,57,A
366727190,2022-01-06T07:32:45,40.66934,-74.01724,0.0,147.0,173.0,JILL REINAUER,IMO7042813,WCW9655,31,0,30,8,3.8,57,A
366727190,2022-01-06T08:08:05,40.66937,-74.01728,0.0,232.2,174.0,JILL REINAUER,IMO7042813,WCW9655,31,0,30,8,3.8,57,A
366727190,2022-01-06T07:49:57,40.66941,-74.01720,0.0,265.0,171.0,JILL REINAUER,IMO7042813,WCW9655,31,0,30,8,3.8,57,A
366727190,2022-01-06T08:02:26,40.66939,-74.01726,0.0,202.7,172.0,JILL REINAUER,IMO7042813,WCW9655,31,0,30,8,3.8,57,A
366727190,2022-01-06T05:44:16,40.66940,-74.01723,0.0,214.4,172.0,JILL REINAUER,IMO7042813,WCW9655,31,0,30,8,3.8,57,A
366727190,2022-01-06T07:51:05,40.66934,-74.01720,0.0,128.3,171.0,JILL REINAUER,IMO7042813,WCW9655,31,0,30,8,3.8,57,A
366727190,2022-01-06T07:38:17,40.66937,-74.01724,0.0,124.2,174.0,JILL REINAUER,IMO7042813,WCW9655,31,0,30,8,3.8,57,A
366727190,2022-01-06T08:05:45,40.66941,-74.01728,0.0,75.0,172.0,JILL REINAUER,IMO7042813,WCW9655,31,0,30,8,3.8,57,A
366727190,2022-01-06T05:47:46,40.66941,-74.01724,0.0,26.4,172.0,JILL REINAUER,IMO7042813,WCW9655,31,0,30,8,3.8,57,A
366727190,2022-01-06T07:54:36,40.66938,-74.01721,0.0,155.4,173.0,JILL REINAUER,IMO7042813,WCW9655,31,0,30,8,3.8,57,A
366727190,2022-01-06T05:48:55,40.66941,-74.01724,0.0,256.9,172.0,JILL REINAUER,IMO7042813,WCW9655,31,0,30,8,3.8,57,A
366727190,2022-01-06T07:58:06,40.66936,-74.01724,0.0,6.3,173.0,JILL REINAUER,IMO7042813,WCW9655,31,0,30,8,3.8,57,A
366727190,2022-01-06T08:18:37,40.66937,-74.01726,0.0,172.5,173.0,JILL REINAUER,IMO7042813,WCW9655,31,0,30,8,3.8,57,A
366727190,2022-01-06T06:28:16,40.66942,-74.01723,0.0,320.0,171.0,JILL REINAUER,IMO7042813,WCW9655,31,0,30,8,3.8,57,A
366727190,2022-01-06T05:52:17,40.66938,-74.01722,0.0,319.1,173.0,JILL REINAUER,IMO7042813,WCW9655,31,0,30,8,3.8,57,A
366727190,2022-01-06T08:15:05,40.66937,-74.01727,0.1,186.2,173.0,JILL REINAUER,IMO7042813,WCW9655,31,0,30,8,3.8,57,A
366727190,2022-01-06T08:22:05,40.66938,-74.01724,0.0,1.5,173.0,JILL REINAUER,IMO7042813,WCW9655,31,0,30,8,3.8,57,A
366727190,2022-01-06T08:24:26,40.66939,-74.01723,0.0,285.9,174.0,JILL REINAUER,IMO7042813,WCW9655,31,0,30,8,3.8,57,A
366727190,2022-01-06T06:32:56,40.66940,-74.01723,0.0,179.1,173.0,JILL REINAUER,IMO7042813,WCW9655,31,0,30,8,3.8,57,A
366727190,2022-01-06T05:56:56,40.66938,-74.01725,0.0,311.6,173.0,JILL REINAUER,IMO7042813,WCW9655,31,0,30,8,3.8,57,A
366727190,2022-01-06T08:26:45,40.66938,-74.01724,0.0,136.2,173.0,JILL REINAUER,IMO7042813,WCW9655,31,0,30,8,3.8,57,A
366727190,2022-01-06T06:00:07,40.66937,-74.01722,0.0,18.7,172.0,JILL REINAUER,IMO7042813,WCW9655,31,0,30,8,3.8,57,A
366727190,2022-01-06T08:12:46,40.66938,-74.01726,0.0,175.3,173.0,JILL REINAUER,IMO7042813,WCW9655,31,0,30,8,3.8,57,A
366727190,2022-01-06T08:33:27,40.66939,-74.01726,0.0,146.1,175.0,JILL REINAUER,IMO7042813,WCW9655,31,0,30,8,3.8,57,A
366727190,2022-01-06T08:00:06,40.66939,-74.01726,0.0,288.6,173.0,JILL REINAUER,IMO7042813,WCW9655,31,0,30,8,3.8,57,A
366727190,2022-01-06T06:42:26,40.66939,-74.01723,0.0,291.7,172.0,JILL REINAUER,IMO7042813,WCW9655,31,0,30,8,3.8,57,A
366727190,2022-01-06T08:36:56,40.66939,-74.01726,0.0,95.4,176.0,JILL REINAUER,IMO7042813,WCW9655,31,0,30,8,3.8,57,A
366727190,2022-01-06T08:34:36,40.66939,-74.01726,0.0,138.8,175.0,JILL REINAUER,IMO7042813,WCW9655,31,0,30,8,3.8,57,A
366727190,2022-01-06T08:23:16,40.66938,-74.01724,0.0,174.0,173.0,JILL REINAUER,IMO7042813,WCW9655,31,0,30,8,3.8,57,A
366727190,2022-01-06T08:06:56,40.66939,-74.01726,0.0,57.3,173.0,JILL REINAUER,IMO7042813,WCW9655,31,0,30,8,3.8,57,A
366727190,2022-01-06T08:43:56,40.66939,-74.01729,0.0,238.9,174.0,JILL REINAUER,IMO7042813,WCW9655,31,0,30,8,3.8,57,A
366727190,2022-01-06T08:10:27,40.66940,-74.01723,0.0,49.4,174.0,JILL REINAUER,IMO7042813,WCW9655,31,0,30,8,3.8,57,A
366727190,2022-01-06T06:50:36,40.66939,-74.01725,0.0,319.6,174.0,JILL REINAUER,IMO7042813,WCW9655,31,0,30,8,3.8,57,A
366727190,2022-01-06T08:27:46,40.66938,-74.01724,0.0,230.3,174.0,JILL REINAUER,IMO7042813,WCW9655,31,0,30,8,3.8,57,A
366727190,2022-01-06T08:40:25,40.66939,-74.01729,0.0,216.9,174.0,JILL REINAUER,IMO7042813,WCW9655,31,0,30,8,3.8,57,A
366727190,2022-01-06T06:15:27,40.66941,-74.01722,0.0,353.6,172.0,JILL REINAUER,IMO7042813,WCW9655,31,0,30,8,3.8,57,A
366727190,2022-01-06T08:38:06,40.66935,-74.01726,0.0,317.0,176.0,JILL REINAUER,IMO7042813,WCW9655,31,0,30,8,3.8,57,A
366727190,2022-01-06T08:30:06,40.66938,-74.01726,0.0,212.4,174.0,JILL REINAUER,IMO7042813,WCW9655,31,0,30,8,3.8,57,A
366727190,2022-01-06T08:13:56,40.66938,-74.01726,0.0,214.8,173.0,JILL REINAUER,IMO7042813,WCW9655,31,0,30,8,3.8,57,A
366727190,2022-01-06T08:48:35,40.66940,-74.01723,0.0,216.7,174.0,JILL REINAUER,IMO7042813,WCW9655,31,0,30,8,3.8,57,A
366727190,2022-01-06T08:35:46,40.66938,-74.01724,0.0,204.1,176.0,JILL REINAUER,IMO7042813,WCW9655,31,0,30,8,3.8,57,A
366727190,2022-01-06T08:53:15,40.66939,-74.01724,0.0,15.9,173.0,JILL REINAUER,IMO7042813,WCW9655,31,0,30,8,3.8,57,A
366727190,2022-01-06T08:49:46,40.66938,-74.01724,0.0,198.6,174.0,JILL REINAUER,IMO7042813,WCW9655,31,0,30,8,3.8,57,A
366727190,2022-01-06T06:22:26,40.66942,-74.01723,0.0,177.8,172.0,JILL REINAUER,IMO7042813,WCW9655,31,0,30,8,3.8,57,A
366727190,2022-01-06T08:52:06,40.66941,-74.01724,0.0,330.7,173.0,JILL REINAUER,IMO7042813,WCW9655,31,0,30,8,3.8,57,A
366727190,2022-01-06T08:41:36,40.66940,-74.01727,0.0,128.6,176.0,JILL REINAUER,IMO7042813,WCW9655,31,0,30,8,3.8,57,A
366727190,2022-01-06T06:25:57,40.66939,-74.01723,0.0,340.0,171.0,JILL REINAUER,IMO7042813,WCW9655,31,0,30,8,3.8,57,A
366727190,2022-01-06T08:46:16,40.66939,-74.01721,0.0,293.3,174.0,JILL REINAUER,IMO7042813,WCW9655,31,0,30,8,3.8,57,A
366727190,2022-01-06T06:29:26,40.66942,-74.01726,0.0,157.9,172.0,JILL REINAUER,IMO7042813,WCW9655,31,0,30,8,3.8,57,A
366727190,2022-01-06T07:04:45,40.66938,-74.01721,0.0,169.6,174.0,JILL REINAUER,IMO7042813,WCW9655,31,0,30,8,3.8,57,A
366727190,2022-01-06T08:31:17,40.66936,-74.01724,0.0,296.7,175.0,JILL REINAUER,IMO7042813,WCW9655,31,0,30,8,3.8,57,A
366727190,2022-01-06T07:07:06,40.66937,-74.01720,0.0,98.9,173.0,JILL REINAUER,IMO7042813,WCW9655,31,0,30,8,3.8,57,A
366727190,2022-01-06T08:32:26,40.66940,-74.01727,0.0,205.1,175.0,JILL REINAUER,IMO7042813,WCW9655,31,0,30,8,3.8,57,A
366727190,2022-01-06T06:33:57,40.66941,-74.01724,0.0,341.8,173.0,JILL REINAUER,IMO7042813,WCW9655,31,0,30,8,3.8,57,A
366727190,2022-01-06T06:36:16,40.66942,-74.01723,0.0,16.3,172.0,JILL REINAUER,IMO7042813,WCW9655,31,0,30,8,3.8,57,A
366727190,2022-01-06T07:11:45,40.66938,-74.01722,0.0,312.7,173.0,JILL REINAUER,IMO7042813,WCW9655,31,0,30,8,3.8,57,A
366727190,2022-01-06T08:54:17,40.66941,-74.01723,0.0,205.0,174.0,JILL REINAUER,IMO7042813,WCW9655,31,0,30,8,3.8,57,A
366727190,2022-01-06T06:40:06,40.66940,-74.01724,0.0,327.9,173.0,JILL REINAUER,IMO7042813,WCW9655,31,0,30,8,3.8,57,A
366727190,2022-01-06T08:39:17,40.66938,-74.01726,0.0,286.3,175.0,JILL REINAUER,IMO7042813,WCW9655,31,0,30,8,3.8,57,A
366727190,2022-01-06T09:00:07,40.66939,-74.01724,0.0,302.8,174.0,JILL REINAUER,IMO7042813,WCW9655,31,0,30,8,3.8,57,A
366727190,2022-01-06T06:43:36,40.66939,-74.01724,0.0,355.8,172.0,JILL REINAUER,IMO7042813,WCW9655,31,0,30,8,3.8,57,A
366727190,2022-01-06T09:02:25,40.66939,-74.01725,0.0,320.7,174.0,JILL REINAUER,IMO7042813,WCW9655,31,0,30,8,3.8,57,A
366727190,2022-01-06T09:13:46,40.66942,-74.01723,0.0,242.3,172.0,JILL REINAUER,IMO7042813,WCW9655,31,0,30,8,3.8,57,A
366727190,2022-01-06T08:42:45,40.66940,-74.01726,0.0,332.0,176.0,JILL REINAUER,IMO7042813,WCW9655,31,0,30,8,3.8,57,A
366727190,2022-01-06T07:18:45,40.66936,-74.01726,0.0,156.0,174.0,JILL REINAUER,IMO7042813,WCW9655,31,0,30,8,3.8,57,A
366727190,2022-01-06T09:27:37,40.66940,-74.01723,0.0,337.2,172.0,JILL REINAUER,IMO7042813,WCW9655,31,0,30,8,3.8,57,A
366727190,2022-01-06T09:06:55,40.66941,-74.01724,0.0,359.6,173.0,JILL REINAUER,IMO7042813,WCW9655,31,0,30,8,3.8,57,A
366727190,2022-01-06T06:51:47,40.66939,-74.01723,0.0,27.2,174.0,JILL REINAUER,IMO7042813,WCW9655,31,0,30,8,3.8,57,A
366727190,2022-01-06T08:50:55,40.66940,-74.01722,0.0,206.9,174.0,JILL REINAUER,IMO7042813,WCW9655,31,0,30,8,3.8,57,A
366727190,2022-01-06T09:24:06,40.66940,-74.01724,0.0,222.3,173.0,JILL REINAUER,IMO7042813,WCW9655,31,0,30,8,3.8,57,A
366727190,2022-01-06T09:09:06,40.66943,-74.01720,0.0,356.9,172.0,JILL REINAUER,IMO7042813,WCW9655,31,0,30,8,3.8,57,A
366727190,2022-01-06T09:25:17,40.66942,-74.01724,0.0,324.4,173.0,JILL REINAUER,IMO7042813,WCW9655,31,0,30,8,3.8,57,A
366727190,2022-01-06T09:37:47,40.66943,-74.01725,0.0,308.7,173.0,JILL REINAUER,IMO7042813,WCW9655,31,0,30,8,3.8,57,A
366727190,2022-01-06T07:28:16,40.66936,-74.01726,0.0,239.0,175.0,JILL REINAUER,IMO7042813,WCW9655,31,0,30,8,3.8,57,A
366727190,2022-01-06T09:17:06,40.66940,-74.01724,0.0,48.3,173.0,JILL REINAUER,IMO7042813,WCW9655,31,0,30,8,3.8,57,A
366727190,2022-01-06T08:56:35,40.66940,-74.01726,0.0,280.4,174.0,JILL REINAUER,IMO7042813,WCW9655,31,0,30,8,3.8,57,A
366727190,2022-01-06T09:29:47,40.66943,-74.01726,0.0,298.0,173.0,JILL REINAUER,IMO7042813,WCW9655,31,0,30,8,3.8,57,A
366727190,2022-01-06T07:01:15,40.66936,-74.01722,0.0,70.8,175.0,JILL REINAUER,IMO7042813,WCW9655,31,0,30,8,3.8,57,A
366727190,2022-01-06T07:31:37,40.66934,-74.01726,0.0,213.4,174.0,JILL REINAUER,IMO7042813,WCW9655,31,0,30,8,3.8,57,A
366727190,2022-01-06T08:57:46,40.66940,-74.01723,0.0,72.4,174.0,JILL REINAUER,IMO7042813,WCW9655,31,0,30,8,3.8,57,A
366727190,2022-01-06T09:14:56,40.66942,-74.01723,0.0,334.9,172.0,JILL REINAUER,IMO7042813,WCW9655,31,0,30,8,3.8,57,A
366727190,2022-01-06T09:28:46,40.66940,-74.01723,0.0,304.4,173.0,JILL REINAUER,IMO7042813,WCW9655,31,0,30,8,3.8,57,A
366727190,2022-01-06T09:18:16,40.66943,-74.01721,0.0,5.7,173.0,JILL REINAUER,IMO7042813,WCW9655,31,0,30,8,3.8,57,A
366727190,2022-01-06T09:19:26,40.66943,-74.01720,0.0,355.4,173.0,JILL REINAUER,IMO7042813,WCW9655,31,0,30,8,3.8,57,A
366727190,2022-01-06T09:01:17,40.66936,-74.01725,0.0,22.6,174.0,JILL REINAUER,IMO7042813,WCW9655,31,0,30,8,3.8,57,A
366727190,2022-01-06T07:08:16,40.66937,-74.01723,0.0,6.7,173.0,JILL REINAUER,IMO7042813,WCW9655,31,0,30,8,3.8,57,A
366727190,2022-01-06T09:35:36,40.66946,-74.01724,0.0,303.8,173.0,JILL REINAUER,IMO7042813,WCW9655,31,0,30,8,3.8,57,A
366727190,2022-01-06T07:37:16,40.66935,-74.01725,0.0,212.5,175.0,JILL REINAUER,IMO7042813,WCW9655,31,0,30,8,3.8,57,A
366727190,2022-01-06T09:04:36,40.66940,-74.01723,0.0,256.1,173.0,JILL REINAUER,IMO7042813,WCW9655,31,0,30,8,3.8,57,A
366727190,2022-01-06T09:05:47,40.66942,-74.01724,0.0,255.3,173.0,JILL REINAUER,IMO7042813,WCW9655,31,0,30,8,3.8,57,A
366727190,2022-01-06T09:26:26,40.66941,-74.01722,0.0,21.2,173.0,JILL REINAUER,IMO7042813,WCW9655,31,0,30,8,3.8,57,A
366727190,2022-01-06T09:40:07,40.66941,-74.01725,0.0,295.7,174.0,JILL REINAUER,IMO7042813,WCW9655,31,0,30,8,3.8,57,A
366727190,2022-01-06T09:50:36,40.66938,-74.01723,0.0,358.1,173.0,JILL REINAUER,IMO7042813,WCW9655,31,0,30,8,3.8,57,A
366727190,2022-01-06T09:10:17,40.66943,-74.01721,0.0,271.7,172.0,JILL REINAUER,IMO7042813,WCW9655,31,0,30,8,3.8,57,A
366727190,2022-01-06T09:33:16,40.66941,-74.01723,0.0,346.4,173.0,JILL REINAUER,IMO7042813,WCW9655,31,0,30,8,3.8,57,A
366727190,2022-01-06T09:41:15,40.66942,-74.01722,0.0,264.0,173.0,JILL REINAUER,IMO7042813,WCW9655,31,0,30,8,3.8,57,A
366727190,2022-01-06T09:58:36,40.66941,-74.01725,0.0,314.6,174.0,JILL REINAUER,IMO7042813,WCW9655,31,0,30,8,3.8,57,A
366727190,2022-01-06T09:11:27,40.66942,-74.01722,0.0,32.9,172.0,JILL REINAUER,IMO7042813,WCW9655,31,0,30,8,3.8,57,A
366727190,2022-01-06T07:44:05,40.66940,-74.01723,0.1,186.0,173.0,JILL REINAUER,IMO7042813,WCW9655,31,0,30,8,3.8,57,A
366727190,2022-01-06T07:45:15,40.66939,-74.01721,0.0,190.0,174.0,JILL REINAUER,IMO7042813,WCW9655,31,0,30,8,3.8,57,A
366727190,2022-01-06T09:12:36,40.66941,-74.01724,0.0,250.9,172.0,JILL REINAUER,IMO7042813,WCW9655,31,0,30,8,3.8,57,A
366727190,2022-01-06T09:15:57,40.66940,-74.01724,0.0,343.8,173.0,JILL REINAUER,IMO7042813,WCW9655,31,0,30,8,3.8,57,A
366727190,2022-01-06T09:48:16,40.66940,-74.01723,0.0,251.4,175.0,JILL REINAUER,IMO7042813,WCW9655,31,0,30,8,3.8,57,A
366727190,2022-01-06T07:25:56,40.66935,-74.01725,0.0,336.3,177.0,JILL REINAUER,IMO7042813,WCW9655,31,0,30,8,3.8,57,A
366727190,2022-01-06T09:45:55,40.66940,-74.01727,0.0,283.5,173.0,JILL REINAUER,IMO7042813,WCW9655,31,0,30,8,3.8,57,A
366727190,2022-01-06T07:53:26,40.66943,-74.01719,0.0,166.8,172.0,JILL REINAUER,IMO7042813,WCW9655,31,0,30,8,3.8,57,A
366727190,2022-01-06T09:21:46,40.66939,-74.01724,0.0,335.8,173.0,JILL REINAUER,IMO7042813,WCW9655,31,0,30,8,3.8,57,A
366727190,2022-01-06T09:55:16,40.66940,-74.01725,0.1,335.2,173.0,JILL REINAUER,IMO7042813,WCW9655,31,0,30,8,3.8,57,A
366727190,2022-01-06T07:56:56,40.66936,-74.01726,0.0,95.2,173.0,JILL REINAUER,IMO7042813,WCW9655,31,0,30,8,3.8,57,A
366727190,2022-01-06T09:44:46,40.66939,-74.01723,0.0,296.0,174.0,JILL REINAUER,IMO7042813,WCW9655,31,0,30,8,3.8,57,A
366727190,2022-01-06T09:57:27,40.66940,-74.01726,0.0,118.9,173.0,JILL REINAUER,IMO7042813,WCW9655,31,0,30,8,3.8,57,A
366727190,2022-01-06T09:47:06,40.66942,-74.01726,0.0,350.9,174.0,JILL REINAUER,IMO7042813,WCW9655,31,0,30,8,3.8,57,A
366727190,2022-01-06T10:08:06,40.66942,-74.01724,0.0,306.3,173.0,JILL REINAUER,IMO7042813,WCW9655,31,0,30,8,3.8,57,A
366727190,2022-01-06T10:09:07,40.66941,-74.01725,0.1,323.0,173.0,JILL REINAUER,IMO7042813,WCW9655,31,0,30,8,3.8,57,A
366727190,2022-01-06T07:35:05,40.66938,-74.01724,0.0,317.5,174.0,JILL REINAUER,IMO7042813,WCW9655,31,0,30,8,3.8,57,A
366727190,2022-01-06T09:30:56,40.66945,-74.01726,0.0,265.9,173.0,JILL REINAUER,IMO7042813,WCW9655,31,0,30,8,3.8,57,A
366727190,2022-01-06T08:01:16,40.66939,-74.01725,0.0,141.5,172.0,JILL REINAUER,IMO7042813,WCW9655,31,0,30,8,3.8,57,A
366727190,2022-01-06T10:11:25,40.66939,-74.01726,0.1,196.1,174.0,JILL REINAUER,IMO7042813,WCW9655,31,0,30,8,3.8,57,A
366727190,2022-01-06T09:54:06,40.66937,-74.01725,0.0,191.3,174.0,JILL REINAUER,IMO7042813,WCW9655,31,0,30,8,3.8,57,A
366727190,2022-01-06T09:34:26,40.66945,-74.01724,0.0,41.8,172.0,JILL REINAUER,IMO7042813,WCW9655,31,0,30,8,3.8,57,A
366727190,2022-01-06T08:04:36,40.66942,-74.01727,0.0,208.2,172.0,JILL REINAUER,IMO7042813,WCW9655,31,0,30,8,3.8,57,A
366727190,2022-01-06T09:36:46,40.66941,-74.01723,0.0,323.1,173.0,JILL REINAUER,IMO7042813,WCW9655,31,0,30,8,3.8,57,A
366727190,2022-01-06T09:59:46,40.66938,-74.01724,0.0,293.4,173.0,JILL REINAUER,IMO7042813,WCW9655,31,0,30,8,3.8,57,A
366727190,2022-01-06T10:00:06,40.66939,-74.01724,0.0,8.5,173.0,JILL REINAUER,IMO7042813,WCW9655,31,0,30,8,3.8,57,A
366727190,2022-01-06T10:25:25,40.66942,-74.01724,0.0,304.4,173.0,JILL REINAUER,IMO7042813,WCW9655,31,0,30,8,3.8,57,A
366727190,2022-01-06T10:01:15,40.66938,-74.01724,0.0,203.9,174.0,JILL REINAUER,IMO7042813,WCW9655,31,0,30,8,3.8,57,A
366727190,2022-01-06T09:38:55,40.66946,-74.01726,0.0,358.2,173.0,JILL REINAUER,IMO7042813,WCW9655,31,0,30,8,3.8,57,A
366727190,2022-01-06T10:02:25,40.66941,-74.01724,0.0,301.0,173.0,JILL REINAUER,IMO7042813,WCW9655,31,0,30,8,3.8,57,A
366727190,2022-01-06T08:09:15,40.66939,-74.01726,0.0,289.4,174.0,JILL REINAUER,IMO7042813,WCW9655,31,0,30,8,3.8,57,A
366727190,2022-01-06T08:11:35,40.66938,-74.01724,0.0,157.4,173.0,JILL REINAUER,IMO7042813,WCW9655,31,0,30,8,3.8,57,A
366727190,2022-01-06T10:06:55,40.66943,-74.01724,0.0,53.3,174.0,JILL REINAUER,IMO7042813,WCW9655,31,0,30,8,3.8,57,A
366727190,2022-01-06T10:13:46,40.66945,-74.01724,0.0,265.1,173.0,JILL REINAUER,IMO7042813,WCW9655,31,0,30,8,3.8,57,A
366727190,2022-01-06T07:46:26,40.66935,-74.01725,0.1,222.2,174.0,JILL REINAUER,IMO7042813,WCW9655,31,0,30,8,3.8,57,A
366727190,2022-01-06T08:16:15,40.66938,-74.01726,0.0,180.5,174.0,JILL REINAUER,IMO7042813,WCW9655,31,0,30,8,3.8,57,A
366727190,2022-01-06T07:48:46,40.66940,-74.01722,0.0,270.1,173.0,JILL REINAUER,IMO7042813,WCW9655,31,0,30,8,3.8,57,A
366727190,2022-01-06T10:10:16,40.66944,-74.01726,0.1,216.6,174.0,JILL REINAUER,IMO7042813,WCW9655,31,0,30,8,3.8,57,A
366727190,2022-01-06T10:28:46,40.66941,-74.01725,0.1,208.2,172.0,JILL REINAUER,IMO7042813,WCW9655,31,0,30,8,3.8,57,A
366727190,2022-01-06T10:16:07,40.66939,-74.01720,0.0,140.1,172.0,JILL REINAUER,IMO7042813,WCW9655,31,0,30,8,3.8,57,A
366727190,2022-01-06T08:17:26,40.66938,-74.01726,0.0,189.4,173.0,JILL REINAUER,IMO7042813,WCW9655,31,0,30,8,3.8,57,A
366727190,2022-01-06T09:49:26,40.66937,-74.01723,0.0,335.6,173.0,JILL REINAUER,IMO7042813,WCW9655,31,0,30,8,3.8,57,A
366727190,2022-01-06T10:31:06,40.66940,-74.01722,0.0,309.1,172.0,JILL REINAUER,IMO7042813,WCW9655,31,0,30,8,3.8,57,A
366727190,2022-01-06T07:52:17,40.66940,-74.01720,0.0,256.0,171.0,JILL REINAUER,IMO7042813,WCW9655,31,0,30,8,3.8,57,A
366727190,2022-01-06T10:12:36,40.66939,-74.01724,0.0,165.7,173.0,JILL REINAUER,IMO7042813,WCW9655,31,0,30,8,3.8,57,A
366727190,2022-01-06T10:23:07,40.66944,-74.01721,0.0,215.0,174.0,JILL REINAUER,IMO7042813,WCW9655,31,0,30,8,3.8,57,A
366727190,2022-01-06T09:52:56,40.66938,-74.01723,0.0,340.2,173.0,JILL REINAUER,IMO7042813,WCW9655,31,0,30,8,3.8,57,A
366727190,2022-01-06T10:46:05,40.66946,-74.01722,0.0,317.1,172.0,JILL REINAUER,IMO7042813,WCW9655,31,0,30,8,3.8,57,A
366727190,2022-01-06T10:42:36,40.66942,-74.01722,0.0,268.7,173.0,JILL REINAUER,IMO7042813,WCW9655,31,0,30,8,3.8,57,A
366727190,2022-01-06T10:19:36,40.66946,-74.01725,0.0,153.0,173.0,JILL REINAUER,IMO7042813,WCW9655,31,0,30,8,3.8,57,A
366727190,2022-01-06T10:44:55,40.66946,-74.01723,0.0,311.0,172.0,JILL REINAUER,IMO7042813,WCW9655,31,0,30,8,3.8,57,A
366727190,2022-01-06T10:20:47,40.66946,-74.01721,0.0,262.4,174.0,JILL REINAUER,IMO7042813,WCW9655,31,0,30,8,3.8,57,A
366727190,2022-01-06T10:48:26,40.66940,-74.01722,0.1,221.4,174.0,JILL REINAUER,IMO7042813,WCW9655,31,0,30,8,3.8,57,A
366727190,2022-01-06T10:29:56,40.66938,-74.01723,0.0,155.5,173.0,JILL REINAUER,IMO7042813,WCW9655,31,0,30,8,3.8,57,A
366727190,2022-01-06T10:32:15,40.66938,-74.01722,0.0,212.6,171.0,JILL REINAUER,IMO7042813,WCW9655,31,0,30,8,3.8,57,A
366727190,2022-01-06T10:34:36,40.66936,-74.01724,0.0,227.4,172.0,JILL REINAUER,IMO7042813,WCW9655,31,0,30,8,3.8,57,A
366727190,2022-01-06T10:24:17,40.66944,-74.01723,0.0,217.6,174.0,JILL REINAUER,IMO7042813,WCW9655,31,0,30,8,3.8,57,A
366727190,2022-01-06T10:33:26,40.66936,-74.01724,0.0,190.4,172.0,JILL REINAUER,IMO7042813,WCW9655,31,0,30,8,3.8,57,A
366727190,2022-01-06T10:36:57,40.66939,-74.01723,0.0,295.8,171.0,JILL REINAUER,IMO7042813,WCW9655,31,0,30,8,3.8,57,A
366727190,2022-01-06T10:35:46,40.66936,-74.01723,0.0,331.3,172.0,JILL REINAUER,IMO7042813,WCW9655,31,0,30,8,3.8,57,A
366727190,2022-01-06T10:04:36,40.66942,-74.01725,0.0,218.5,174.0,JILL REINAUER,IMO7042813,WCW9655,31,0,30,8,3.8,57,A
366727190,2022-01-06T08:28:55,40.66939,-74.01725,0.0,222.8,174.0,JILL REINAUER,IMO7042813,WCW9655,31,0,30,8,3.8,57,A
366727190,2022-01-06T10:59:46,40.66941,-74.01722,0.0,345.8,173.0,JILL REINAUER,IMO7042813,WCW9655,31,0,30,8,3.8,57,A
366727190,2022-01-06T11:01:06,40.66943,-74.01721,0.0,201.0,173.0,JILL REINAUER,IMO7042813,WCW9655,31,0,30,8,3.8,57,A
366727190,2022-01-06T10:43:46,40.66940,-74.01724,0.0,303.8,173.0,JILL REINAUER,IMO7042813,WCW9655,31,0,30,8,3.8,57,A
366727190,2022-01-06T11:02:16,40.66942,-74.01722,0.0,184.1,174.0,JILL REINAUER,IMO7042813,WCW9655,31,0,30,8,3.8,57,A
366727190,2022-01-06T11:03:25,40.66943,-74.01721,0.0,262.3,174.0,JILL REINAUER,IMO7042813,WCW9655,31,0,30,8,3.8,57,A
366727190,2022-01-06T11:04:36,40.66941,-74.01721,0.0,248.4,174.0,JILL REINAUER,IMO7042813,WCW9655,31,0,30,8,3.8,57,A
366727190,2022-01-06T10:14:56,40.66938,-74.01723,0.0,246.5,172.0,JILL REINAUER,IMO7042813,WCW9655,31,0,30,8,3.8,57,A
366727190,2022-01-06T10:17:15,40.66944,-74.01725,0.1,196.6,173.0,JILL REINAUER,IMO7042813,WCW9655,31,0,30,8,3.8,57,A
366727190,2022-01-06T08:19:46,40.66937,-74.01727,0.0,220.7,173.0,JILL REINAUER,IMO7042813,WCW9655,31,0,30,8,3.8,57,A
366727190,2022-01-06T08:20:56,40.66938,-74.01725,0.0,225.5,173.0,JILL REINAUER,IMO7042813,WCW9655,31,0,30,8,3.8,57,A
366727190,2022-01-06T10:21:56,40.66945,-74.01722,0.0,167.0,173.0,JILL REINAUER,IMO7042813,WCW9655,31,0,30,8,3.8,57,A
366727190,2022-01-06T08:25:36,40.66938,-74.01723,0.0,317.0,174.0,JILL REINAUER,IMO7042813,WCW9655,31,0,30,8,3.8,57,A
366727190,2022-01-06T10:51:55,40.66942,-74.01721,0.0,219.7,175.0,JILL REINAUER,IMO7042813,WCW9655,31,0,30,8,3.8,57,A
366727190,2022-01-06T10:54:05,40.66941,-74.01723,0.0,295.8,174.0,JILL REINAUER,IMO7042813,WCW9655,31,0,30,8,3.8,57,A
366727190,2022-01-06T08:45:06,40.66940,-74.01724,0.0,220.6,174.0,JILL REINAUER,IMO7042813,WCW9655,31,0,30,8,3.8,57,A
366727190,2022-01-06T11:19:25,40.66938,-74.01722,0.0,201.4,175.0,JILL REINAUER,IMO7042813,WCW9655,31,0,30,8,3.8,57,A
366727190,2022-01-06T08:47:27,40.66940,-74.01723,0.0,224.7,175.0,JILL REINAUER,IMO7042813,WCW9655,31,0,30,8,3.8,57,A
366727190,2022-01-06T11:12:37,40.66943,-74.01722,0.0,227.9,174.0,JILL REINAUER,IMO7042813,WCW9655,31,0,30,8,3.8,57,A
366727190,2022-01-06T10:58:36,40.66940,-74.01722,0.0,270.6,173.0,JILL REINAUER,IMO7042813,WCW9655,31,0,30,8,3.8,57,A
366727190,2022-01-06T11:27:06,40.66942,-74.01725,0.0,320.7,174.0,JILL REINAUER,IMO7042813,WCW9655,31,0,30,8,3.8,57,A
366727190,2022-01-06T11:29:26,40.66942,-74.01725,0.0,280.1,174.0,JILL REINAUER,IMO7042813,WCW9655,31,0,30,8,3.8,57,A
366727190,2022-01-06T08:55:26,40.66939,-74.01724,0.0,324.2,174.0,JILL REINAUER,IMO7042813,WCW9655,31,0,30,8,3.8,57,A
366727190,2022-01-06T11:10:17,40.66937,-74.01722,0.0,223.4,175.0,JILL REINAUER,IMO7042813,WCW9655,31,0,30,8,3.8,57,A
366727190,2022-01-06T11:00:05,40.66942,-74.01721,0.0,24.0,173.0,JILL REINAUER,IMO7042813,WCW9655,31,0,30,8,3.8,57,A
366727190,2022-01-06T11:37:25,40.66940,-74.01724,0.0,244.7,173.0,JILL REINAUER,IMO7042813,WCW9655,31,0,30,8,3.8,57,A
366727190,2022-01-06T11:38:36,40.66939,-74.01725,0.0,307.6,173.0,JILL REINAUER,IMO7042813,WCW9655,31,0,30,8,3.8,57,A
366727190,2022-01-06T08:58:56,40.66938,-74.01725,0.0,231.0,173.0,JILL REINAUER,IMO7042813,WCW9655,31,0,30,8,3.8,57,A
366727190,2022-01-06T10:49:36,40.66938,-74.01723,0.0,256.4,174.0,JILL REINAUER,IMO7042813,WCW9655,31,0,30,8,3.8,57,A
366727190,2022-01-06T11:06:45,40.66945,-74.01724,0.0,279.5,175.0,JILL REINAUER,IMO7042813,WCW9655,31,0,30,8,3.8,57,A
366727190,2022-01-06T11:18:15,40.66938,-74.01723,0.0,248.2,174.0,JILL REINAUER,IMO7042813,WCW9655,31,0,30,8,3.8,57,A
366727190,2022-01-06T10:50:46,40.66941,-74.01722,0.0,310.7,173.0,JILL REINAUER,IMO7042813,WCW9655,31,0,30,8,3.8,57,A
366727190,2022-01-06T11:43:17,40.66944,-74.01725,0.0,200.9,172.0,JILL REINAUER,IMO7042813,WCW9655,31,0,30,8,3.8,57,A
366727190,2022-01-06T11:44:26,40.66944,-74.01723,0.0,211.1,173.0,JILL REINAUER,IMO7042813,WCW9655,31,0,30,8,3.8,57,A
366727190,2022-01-06T10:52:56,40.66941,-74.01723,0.0,315.0,175.0,JILL REINAUER,IMO7042813,WCW9655,31,0,30,8,3.8,57,A
366727190,2022-01-06T09:03:35,40.66941,-74.01721,0.0,3.0,173.0,JILL REINAUER,IMO7042813,WCW9655,31,0,30,8,3.8,57,A
366727190,2022-01-06T11:42:05,40.66942,-74.01723,0.0,208.6,172.0,JILL REINAUER,IMO7042813,WCW9655,31,0,30,8,3.8,57,A
366727190,2022-01-06T11:22:36,40.66939,-74.01724,0.0,258.8,175.0,JILL REINAUER,IMO7042813,WCW9655,31,0,30,8,3.8,57,A
366727190,2022-01-06T11:11:26,40.66940,-74.01722,0.0,151.7,175.0,JILL REINAUER,IMO7042813,WCW9655,31,0,30,8,3.8,57,A
366727190,2022-01-06T10:55:16,40.66942,-74.01722,0.0,213.0,173.0,JILL REINAUER,IMO7042813,WCW9655,31,0,30,8,3.8,57,A
366727190,2022-01-06T10:56:25,40.66942,-74.01721,0.0,207.1,173.0,JILL REINAUER,IMO7042813,WCW9655,31,0,30,8,3.8,57,A
366727190,2022-01-06T10:57:26,40.66942,-74.01722,0.0,329.4,173.0,JILL REINAUER,IMO7042813,WCW9655,31,0,30,8,3.8,57,A
366727190,2022-01-06T11:52:26,40.66941,-74.01726,0.0,311.2,174.0,JILL REINAUER,IMO7042813,WCW9655,31,0,30,8,3.8,57,A
366727190,2022-01-06T11:47:46,40.66942,-74.01721,0.0,319.8,174.0,JILL REINAUER,IMO7042813,WCW9655,31,0,30,8,3.8,57,A
366727190,2022-01-06T11:30:36,40.66943,-74.01725,0.0,307.2,173.0,JILL REINAUER,IMO7042813,WCW9655,31,0,30,8,3.8,57,A
366727190,2022-01-06T11:53:35,40.66941,-74.01725,0.0,201.8,174.0,JILL REINAUER,IMO7042813,WCW9655,31,0,30,8,3.8,57,A
366727190,2022-01-06T11:21:27,40.66942,-74.01721,0.0,263.3,173.0,JILL REINAUER,IMO7042813,WCW9655,31,0,30,8,3.8,57,A
366727190,2022-01-06T11:32:56,40.66939,-74.01726,0.1,218.1,174.0,JILL REINAUER,IMO7042813,WCW9655,31,0,30,8,3.8,57,A
366727190,2022-01-06T11:39:45,40.66938,-74.01724,0.0,286.1,173.0,JILL REINAUER,IMO7042813,WCW9655,31,0,30,8,3.8,57,A
366727190,2022-01-06T11:05:37,40.66942,-74.01724,0.0,299.8,174.0,JILL REINAUER,IMO7042813,WCW9655,31,0,30,8,3.8,57,A
366727190,2022-01-06T09:07:56,40.66939,-74.01722,0.0,269.0,172.0,JILL REINAUER,IMO7042813,WCW9655,31,0,30,8,3.8,57,A
366727190,2022-01-06T12:02:26,40.66943,-74.01725,0.0,345.7,174.0,JILL REINAUER,IMO7042813,WCW9655,31,0,30,8,3.8,57,A
366727190,2022-01-06T11:58:06,40.66947,-74.01724,0.0,274.8,175.0,JILL REINAUER,IMO7042813,WCW9655,31,0,30,8,3.8,57,A
366727190,2022-01-06T09:20:37,40.66939,-74.01723,0.0,299.1,173.0,JILL REINAUER,IMO7042813,WCW9655,31,0,30,8,3.8,57,A
366727190,2022-01-06T12:05:57,40.66943,-74.01725,0.0,329.2,175.0,JILL REINAUER,IMO7042813,WCW9655,31,0,30,8,3.8,57,A
366727190,2022-01-06T11:40:56,40.66939,-74.01723,0.0,189.5,172.0,JILL REINAUER,IMO7042813,WCW9655,31,0,30,8,3.8,57,A
366727190,2022-01-06T12:03:36,40.66943,-74.01724,0.1,303.9,174.0,JILL REINAUER,IMO7042813,WCW9655,31,0,30,8,3.8,57,A
366727190,2022-01-06T11:31:45,40.66941,-74.01725,0.0,241.4,173.0,JILL REINAUER,IMO7042813,WCW9655,31,0,30,8,3.8,57,A
366727190,2022-01-06T11:45:27,40.66945,-74.01720,0.0,60.1,174.0,JILL REINAUER,IMO7042813,WCW9655,31,0,30,8,3.8,57,A
366727190,2022-01-06T11:14:46,40.66940,-74.01725,0.0,203.9,174.0,JILL REINAUER,IMO7042813,WCW9655,31,0,30,8,3.8,57,A
366727190,2022-01-06T12:10:26,40.66942,-74.01727,0.0,331.7,177.0,JILL REINAUER,IMO7042813,WCW9655,31,0,30,8,3.8,57,A
366727190,2022-01-06T11:15:56,40.66942,-74.01721,0.0,223.0,174.0,JILL REINAUER,IMO7042813,WCW9655,31,0,30,8,3.8,57,A
366727190,2022-01-06T11:17:05,40.66938,-74.01724,0.0,297.9,175.0,JILL REINAUER,IMO7042813,WCW9655,31,0,30,8,3.8,57,A
366727190,2022-01-06T11:34:05,40.66938,-74.01726,0.0,340.5,173.0,JILL REINAUER,IMO7042813,WCW9655,31,0,30,8,3.8,57,A
366727190,2022-01-06T11:35:07,40.66939,-74.01725,0.0,210.6,173.0,JILL REINAUER,IMO7042813,WCW9655,31,0,30,8,3.8,57,A
366727190,2022-01-06T11:54:36,40.66943,-74.01724,0.0,209.5,175.0,JILL REINAUER,IMO7042813,WCW9655,31,0,30,8,3.8,57,A
366727190,2022-01-06T12:15:06,40.66944,-74.01724,0.0,319.9,176.0,JILL REINAUER,IMO7042813,WCW9655,31,0,30,8,3.8,57,A
366727190,2022-01-06T09:22:55,40.66940,-74.01724,0.0,351.7,173.0,JILL REINAUER,IMO7042813,WCW9655,31,0,30,8,3.8,57,A
366727190,2022-01-06T09:32:06,40.66939,-74.01724,0.0,292.4,173.0,JILL REINAUER,IMO7042813,WCW9655,31,0,30,8,3.8,57,A
366727190,2022-01-06T12:04:46,40.66942,-74.01724,0.0,317.6,175.0,JILL REINAUER,IMO7042813,WCW9655,31,0,30,8,3.8,57,A
366727190,2022-01-06T12:07:06,40.66942,-74.01725,0.0,245.3,175.0,JILL REINAUER,IMO7042813,WCW9655,31,0,30,8,3.8,57,A
366727190,2022-01-06T11:59:15,40.66945,-74.01726,0.0,281.1,174.0,JILL REINAUER,IMO7042813,WCW9655,31,0,30,8,3.8,57,A
366727190,2022-01-06T12:00:06,40.66943,-74.01726,0.0,262.0,174.0,JILL REINAUER,IMO7042813,WCW9655,31,0,30,8,3.8,57,A
366727190,2022-01-06T12:31:25,40.66944,-74.01724,0.0,182.4,177.0,JILL REINAUER,IMO7042813,WCW9655,31,0,30,8,3.8,57,A
366727190,2022-01-06T11:56:56,40.66943,-74.01724,0.0,202.9,175.0,JILL REINAUER,IMO7042813,WCW9655,31,0,30,8,3.8,57,A
366727190,2022-01-06T12:35:56,40.66947,-74.01727,0.0,32.6,177.0,JILL REINAUER,IMO7042813,WCW9655,31,0,30,8,3.8,57,A
366727190,2022-01-06T09:42:26,40.66942,-74.01721,0.0,349.9,173.0,JILL REINAUER,IMO7042813,WCW9655,31,0,30,8,3.8,57,A
366727190,2022-01-06T09:43:36,40.66942,-74.01723,0.0,316.9,173.0,JILL REINAUER,IMO7042813,WCW9655,31,0,30,8,3.8,57,A
366727190,2022-01-06T12:40:36,40.66949,-74.01722,0.0,193.0,176.0,JILL REINAUER,IMO7042813,WCW9655,31,0,30,8,3.8,57,A
366727190,2022-01-06T12:09:17,40.66943,-74.01725,0.0,304.2,175.0,JILL REINAUER,IMO7042813,WCW9655,31,0,30,8,3.8,57,A
366727190,2022-01-06T12:01:15,40.66936,-74.01728,0.0,134.8,175.0,JILL REINAUER,IMO7042813,WCW9655,31,0,30,8,3.8,57,A
366727190,2022-01-06T12:38:15,40.66948,-74.01726,0.0,38.6,176.0,JILL REINAUER,IMO7042813,WCW9655,31,0,30,8,3.8,57,A
366727190,2022-01-06T12:41:46,40.66949,-74.01723,0.0,208.5,175.0,JILL REINAUER,IMO7042813,WCW9655,31,0,30,8,3.8,57,A
366727190,2022-01-06T12:12:46,40.66944,-74.01726,0.0,313.7,176.0,JILL REINAUER,IMO7042813,WCW9655,31,0,30,8,3.8,57,A
366727190,2022-01-06T12:20:55,40.66947,-74.01723,0.0,343.4,177.0,JILL REINAUER,IMO7042813,WCW9655,31,0,30,8,3.8,57,A
366727190,2022-01-06T12:08:16,40.66942,-74.01726,0.0,298.2,175.0,JILL REINAUER,IMO7042813,WCW9655,31,0,30,8,3.8,57,A
366727190,2022-01-06T12:47:25,40.66946,-74.01725,0.0,215.0,176.0,JILL REINAUER,IMO7042813,WCW9655,31,0,30,8,3.8,57,A
366727190,2022-01-06T12:16:15,40.66945,-74.01723,0.1,329.3,177.0,JILL REINAUER,IMO7042813,WCW9655,31,0,30,8,3.8,57,A
366727190,2022-01-06T12:11:37,40.66944,-74.01724,0.0,284.0,177.0,JILL REINAUER,IMO7042813,WCW9655,31,0,30,8,3.8,57,A
366727190,2022-01-06T11:50:06,40.66943,-74.01725,0.0,265.2,173.0,JILL REINAUER,IMO7042813,WCW9655,31,0,30,8,3.8,57,A
366727190,2022-01-06T12:51:56,40.66938,-74.01726,0.0,159.8,176.0,JILL REINAUER,IMO7042813,WCW9655,31,0,30,8,3.8,57,A
366727190,2022-01-06T09:51:46,40.66936,-74.01723,0.0,163.5,174.0,JILL REINAUER,IMO7042813,WCW9655,31,0,30,8,3.8,57,A
366727190,2022-01-06T12:23:17,40.66944,-74.01726,0.1,340.1,177.0,JILL REINAUER,IMO7042813,WCW9655,31,0,30,8,3.8,57,A
366727190,2022-01-06T12:17:26,40.66947,-74.01725,0.0,219.8,176.0,JILL REINAUER,IMO7042813,WCW9655,31,0,30,8,3.8,57,A
366727190,2022-01-06T09:56:17,40.66938,-74.01725,0.0,287.1,173.0,JILL REINAUER,IMO7042813,WCW9655,31,0,30,8,3.8,57,A
366727190,2022-01-06T12:33:35,40.66946,-74.01723,0.0,198.7,176.0,JILL REINAUER,IMO7042813,WCW9655,31,0,30,8,3.8,57,A
366727190,2022-01-06T13:02:26,40.66945,-74.01723,0.0,216.1,174.0,JILL REINAUER,IMO7042813,WCW9655,31,0,30,8,3.8,57,A
366727190,2022-01-06T13:03:35,40.66944,-74.01721,0.0,222.7,175.0,JILL REINAUER,IMO7042813,WCW9655,31,0,30,8,3.8,57,A
366727190,2022-01-06T12:32:26,40.66944,-74.01724,0.0,157.8,176.0,JILL REINAUER,IMO7042813,WCW9655,31,0,30,8,3.8,57,A
366727190,2022-01-06T13:07:06,40.66945,-74.01723,0.0,345.4,175.0,JILL REINAUER,IMO7042813,WCW9655,31,0,30,8,3.8,57,A
366727190,2022-01-06T10:03:26,40.66944,-74.01725,0.0,231.9,174.0,JILL REINAUER,IMO7042813,WCW9655,31,0,30,8,3.8,57,A
366727190,2022-01-06T12:30:15,40.66945,-74.01724,0.0,326.7,176.0,JILL REINAUER,IMO7042813,WCW9655,31,0,30,8,3.8,57,A
366727190,2022-01-06T13:08:16,40.66946,-74.01723,0.0,247.4,174.0,JILL REINAUER,IMO7042813,WCW9655,31,0,30,8,3.8,57,A
366727190,2022-01-06T10:05:45,40.66942,-74.01726,0.0,233.1,173.0,JILL REINAUER,IMO7042813,WCW9655,31,0,30,8,3.8,57,A
366727190,2022-01-06T13:16:06,40.66943,-74.01727,0.0,72.9,178.0,JILL REINAUER,IMO7042813,WCW9655,31,0,30,8,3.8,57,A
366727190,2022-01-06T12:42:56,40.66947,-74.01724,0.0,200.6,176.0,JILL REINAUER,IMO7042813,WCW9655,31,0,30,8,3.8,57,A
366727190,2022-01-06T12:53:06,40.66944,-74.01726,0.0,225.8,175.0,JILL REINAUER,IMO7042813,WCW9655,31,0,30,8,3.8,57,A
366727190,2022-01-06T12:54:07,40.66942,-74.01726,0.0,242.6,176.0,JILL REINAUER,IMO7042813,WCW9655,31,0,30,8,3.8,57,A
366727190,2022-01-06T12:44:06,40.66947,-74.01725,0.0,358.7,175.0,JILL REINAUER,IMO7042813,WCW9655,31,0,30,8,3.8,57,A
366727190,2022-01-06T10:18:26,40.66945,-74.01723,0.1,194.6,173.0,JILL REINAUER,IMO7042813,WCW9655,31,0,30,8,3.8,57,A
366727190,2022-01-06T12:59:56,40.66943,-74.01723,0.1,186.4,176.0,JILL REINAUER,IMO7042813,WCW9655,31,0,30,8,3.8,57,A
366727190,2022-01-06T12:25:37,40.66947,-74.01725,0.0,150.1,176.0,JILL REINAUER,IMO7042813,WCW9655,31,0,30,8,3.8,57,A
366727190,2022-01-06T13:00:06,40.66943,-74.01723,0.1,215.8,176.0,JILL REINAUER,IMO7042813,WCW9655,31,0,30,8,3.8,57,A
366727190,2022-01-06T12:56:25,40.66947,-74.01724,0.1,207.3,176.0,JILL REINAUER,IMO7042813,WCW9655,31,0,30,8,3.8,57,A
366727190,2022-01-06T13:09:26,40.66947,-74.01723,0.0,197.8,174.0,JILL REINAUER,IMO7042813,WCW9655,31,0,30,8,3.8,57,A
366727190,2022-01-06T13:10:36,40.66948,-74.01722,0.0,321.5,174.0,JILL REINAUER,IMO7042813,WCW9655,31,0,30,8,3.8,57,A
366727190,2022-01-06T10:26:26,40.66940,-74.01723,0.0,322.2,172.0,JILL REINAUER,IMO7042813,WCW9655,31,0,30,8,3.8,57,A
366727190,2022-01-06T12:37:06,40.66948,-74.01726,0.0,229.2,176.0,JILL REINAUER,IMO7042813,WCW9655,31,0,30,8,3.8,57,A
366727190,2022-01-06T10:27:36,40.66940,-74.01722,0.0,177.7,171.0,JILL REINAUER,IMO7042813,WCW9655,31,0,30,8,3.8,57,A
366727190,2022-01-06T13:43:47,40.66942,-74.01722,0.0,213.1,174.0,JILL REINAUER,IMO7042813,WCW9655,31,0,30,8,3.8,57,A
366727190,2022-01-06T13:11:46,40.66946,-74.01724,0.0,100.7,174.0,JILL REINAUER,IMO7042813,WCW9655,31,0,30,8,3.8,57,A
366727190,2022-01-06T13:48:26,40.66944,-74.01721,0.0,19.1,174.0,JILL REINAUER,IMO7042813,WCW9655,31,0,30,8,3.8,57,A
366727190,2022-01-06T13:51:46,40.66943,-74.01724,0.0,346.3,173.0,JILL REINAUER,IMO7042813,WCW9655,31,0,30,8,3.8,57,A
366727190,2022-01-06T10:39:15,40.66941,-74.01722,0.0,339.1,173.0,JILL REINAUER,IMO7042813,WCW9655,31,0,30,8,3.8,57,A
366727190,2022-01-06T13:15:05,40.66944,-74.01726,0.0,172.9,174.0,JILL REINAUER,IMO7042813,WCW9655,31,0,30,8,3.8,57,A
366727190,2022-01-06T10:40:16,40.66941,-74.01722,0.0,322.3,173.0,JILL REINAUER,IMO7042813,WCW9655,31,0,30,8,3.8,57,A
366727190,2022-01-06T10:41:26,40.66945,-74.01722,0.0,296.8,172.0,JILL REINAUER,IMO7042813,WCW9655,31,0,30,8,3.8,57,A
366727190,2022-01-06T12:46:16,40.66947,-74.01723,0.0,176.1,176.0,JILL REINAUER,IMO7042813,WCW9655,31,0,30,8,3.8,57,A
366727190,2022-01-06T13:26:36,40.66942,-74.01724,0.0,285.9,175.0,JILL REINAUER,IMO7042813,WCW9655,31,0,30,8,3.8,57,A
366727190,2022-01-06T10:38:05,40.66941,-74.01723,0.0,214.7,172.0,JILL REINAUER,IMO7042813,WCW9655,31,0,30,8,3.8,57,A
366727190,2022-01-06T13:19:36,40.66943,-74.01726,0.0,0.9,176.0,JILL REINAUER,IMO7042813,WCW9655,31,0,30,8,3.8,57,A
366727190,2022-01-06T13:17:17,40.66945,-74.01725,0.0,21.6,174.0,JILL REINAUER,IMO7042813,WCW9655,31,0,30,8,3.8,57,A
366727190,2022-01-06T14:01:15,40.66944,-74.01722,0.1,186.3,173.0,JILL REINAUER,IMO7042813,WCW9655,31,0,30,8,3.8,57,A
366727190,2022-01-06T13:21:56,40.66944,-74.01724,0.0,207.7,176.0,JILL REINAUER,IMO7042813,WCW9655,31,0,30,8,3.8,57,A
366727190,2022-01-06T12:50:47,40.66934,-74.01727,0.1,198.2,175.0,JILL REINAUER,IMO7042813,WCW9655,31,0,30,8,3.8,57,A
366727190,2022-01-06T13:20:47,40.66943,-74.01727,0.0,243.2,174.0,JILL REINAUER,IMO7042813,WCW9655,31,0,30,8,3.8,57,A
366727190,2022-01-06T13:24:16,40.66945,-74.01725,0.0,264.4,175.0,JILL REINAUER,IMO7042813,WCW9655,31,0,30,8,3.8,57,A
366727190,2022-01-06T10:47:16,40.66944,-74.01723,0.0,285.1,172.0,JILL REINAUER,IMO7042813,WCW9655,31,0,30,8,3.8,57,A
366727190,2022-01-06T13:33:35,40.66944,-74.01723,0.0,223.3,174.0,JILL REINAUER,IMO7042813,WCW9655,31,0,30,8,3.8,57,A
366727190,2022-01-06T13:27:47,40.66943,-74.01723,0.0,223.5,175.0,JILL REINAUER,IMO7042813,WCW9655,31,0,30,8,3.8,57,A
366727190,2022-01-06T13:28:56,40.66943,-74.01723,0.0,305.2,175.0,JILL REINAUER,IMO7042813,WCW9655,31,0,30,8,3.8,57,A
366727190,2022-01-06T13:35:55,40.66945,-74.01721,0.0,17.1,174.0,JILL REINAUER,IMO7042813,WCW9655,31,0,30,8,3.8,57,A
366727190,2022-01-06T13:30:06,40.66943,-74.01724,0.0,266.7,176.0,JILL REINAUER,IMO7042813,WCW9655,31,0,30,8,3.8,57,A
366727190,2022-01-06T12:58:47,40.66945,-74.01725,0.0,305.3,174.0,JILL REINAUER,IMO7042813,WCW9655,31,0,30,8,3.8,57,A
366727190,2022-01-06T13:32:26,40.66942,-74.01723,0.0,332.4,175.0,JILL REINAUER,IMO7042813,WCW9655,31,0,30,8,3.8,57,A
366727190,2022-01-06T13:47:16,40.66944,-74.01721,0.0,211.4,175.0,JILL REINAUER,IMO7042813,WCW9655,31,0,30,8,3.8,57,A
366727190,2022-01-06T14:19:46,40.66941,-74.01726,0.0,191.6,177.0,JILL REINAUER,IMO7042813,WCW9655,31,0,30,8,3.8,57,A
366727190,2022-01-06T13:05:57,40.66944,-74.01723,0.0,207.2,175.0,JILL REINAUER,IMO7042813,WCW9655,31,0,30,8,3.8,57,A
366727190,2022-01-06T13:40:25,40.66945,-74.01722,0.0,196.6,174.0,JILL REINAUER,IMO7042813,WCW9655,31,0,30,8,3.8,57,A
366727190,2022-01-06T13:50:37,40.66942,-74.01724,0.0,153.0,175.0,JILL REINAUER,IMO7042813,WCW9655,31,0,30,8,3.8,57,A
366727190,2022-01-06T14:22:06,40.66942,-74.01724,0.0,190.1,176.0,JILL REINAUER,IMO7042813,WCW9655,31,0,30,8,3.8,57,A
366727190,2022-01-06T13:44:55,40.66942,-74.01723,0.0,128.9,174.0,JILL REINAUER,IMO7042813,WCW9655,31,0,30,8,3.8,57,A
366727190,2022-01-06T14:26:45,40.66943,-74.01725,0.0,344.3,175.0,JILL REINAUER,IMO7042813,WCW9655,31,0,30,8,3.8,57,A
366727190,2022-01-06T13:14:04,40.66944,-74.01726,0.1,37.1,177.0,JILL REINAUER,IMO7042813,WCW9655,31,0,30,8,3.8,57,A
366727190,2022-01-06T13:49:36,40.66943,-74.01723,0.0,209.9,173.0,JILL REINAUER,IMO7042813,WCW9655,31,0,30,8,3.8,57,A
366727190,2022-01-06T14:00:07,40.66945,-74.01720,0.0,350.4,172.0,JILL REINAUER,IMO7042813,WCW9655,31,0,30,8,3.8,57,A
366727190,2022-01-06T14:02:26,40.66942,-74.01724,0.0,340.3,173.0,JILL REINAUER,IMO7042813,WCW9655,31,0,30,8,3.8,57,A
366727190,2022-01-06T11:09:06,40.66941,-74.01722,0.1,215.7,174.0,JILL REINAUER,IMO7042813,WCW9655,31,0,30,8,3.8,57,A
366727190,2022-01-06T11:07:57,40.66941,-74.01721,0.0,240.7,176.0,JILL REINAUER,IMO7042813,WCW9655,31,0,30,8,3.8,57,A
366727190,2022-01-06T14:32:36,40.66943,-74.01723,0.0,291.4,175.0,JILL REINAUER,IMO7042813,WCW9655,31,0,30,8,3.8,57,A
366727190,2022-01-06T14:36:06,40.66941,-74.01723,0.0,4.6,175.0,JILL REINAUER,IMO7042813,WCW9655,31,0,30,8,3.8,57,A
366727190,2022-01-06T13:58:45,40.66942,-74.01724,0.0,256.7,173.0,JILL REINAUER,IMO7042813,WCW9655,31,0,30,8,3.8,57,A
366727190,2022-01-06T13:59:55,40.66945,-74.01719,0.0,348.1,173.0,JILL REINAUER,IMO7042813,WCW9655,31,0,30,8,3.8,57,A
366727190,2022-01-06T11:13:45,40.66941,-74.01722,0.1,202.7,173.0,JILL REINAUER,IMO7042813,WCW9655,31,0,30,8,3.8,57,A
366727190,2022-01-06T14:05:46,40.66943,-74.01724,0.0,335.3,174.0,JILL REINAUER,IMO7042813,WCW9655,31,0,30,8,3.8,57,A
366727190,2022-01-06T14:03:27,40.66944,-74.01723,0.0,156.7,174.0,JILL REINAUER,IMO7042813,WCW9655,31,0,30,8,3.8,57,A
366727190,2022-01-06T13:23:06,40.66945,-74.01722,0.0,350.7,175.0,JILL REINAUER,IMO7042813,WCW9655,31,0,30,8,3.8,57,A
366727190,2022-01-06T14:40:46,40.66941,-74.01726,0.0,311.5,174.0,JILL REINAUER,IMO7042813,WCW9655,31,0,30,8,3.8,57,A
366727190,2022-01-06T14:04:36,40.66944,-74.01723,0.0,359.4,175.0,JILL REINAUER,IMO7042813,WCW9655,31,0,30,8,3.8,57,A
366727190,2022-01-06T14:06:55,40.66942,-74.01726,0.0,236.3,175.0,JILL REINAUER,IMO7042813,WCW9655,31,0,30,8,3.8,57,A
366727190,2022-01-06T14:08:07,40.66943,-74.01725,0.0,294.6,175.0,JILL REINAUER,IMO7042813,WCW9655,31,0,30,8,3.8,57,A
366727190,2022-01-06T14:09:15,40.66942,-74.01724,0.0,181.5,175.0,JILL REINAUER,IMO7042813,WCW9655,31,0,30,8,3.8,57,A
366727190,2022-01-06T14:45:25,40.66942,-74.01722,0.0,268.4,174.0,JILL REINAUER,IMO7042813,WCW9655,31,0,30,8,3.8,57,A
366727190,2022-01-06T14:11:36,40.66944,-74.01723,0.0,311.5,174.0,JILL REINAUER,IMO7042813,WCW9655,31,0,30,8,3.8,57,A
366727190,2022-01-06T11:20:26,40.66940,-74.01722,0.0,284.5,174.0,JILL REINAUER,IMO7042813,WCW9655,31,0,30,8,3.8,57,A
366727190,2022-01-06T14:12:46,40.66946,-74.01722,0.0,228.8,175.0,JILL REINAUER,IMO7042813,WCW9655,31,0,30,8,3.8,57,A
366727190,2022-01-06T14:17:25,40.66943,-74.01725,0.0,157.9,172.0,JILL REINAUER,IMO7042813,WCW9655,31,0,30,8,3.8,57,A
366727190,2022-01-06T13:31:16,40.66943,-74.01724,0.0,213.2,175.0,JILL REINAUER,IMO7042813,WCW9655,31,0,30,8,3.8,57,A
366727190,2022-01-06T14:13:55,40.66944,-74.01724,0.0,166.0,175.0,JILL REINAUER,IMO7042813,WCW9655,31,0,30,8,3.8,57,A
366727190,2022-01-06T11:23:45,40.66938,-74.01724,0.0,249.9,175.0,JILL REINAUER,IMO7042813,WCW9655,31,0,30,8,3.8,57,A
366727190,2022-01-06T13:34:46,40.66944,-74.01721,0.0,187.4,174.0,JILL REINAUER,IMO7042813,WCW9655,31,0,30,8,3.8,57,A
366727190,2022-01-06T14:50:06,40.66942,-74.01723,0.0,60.9,173.0,JILL REINAUER,IMO7042813,WCW9655,31,0,30,8,3.8,57,A
366727190,2022-01-06T11:25:56,40.66943,-74.01724,0.0,185.9,174.0,JILL REINAUER,IMO7042813,WCW9655,31,0,30,8,3.8,57,A
366727190,2022-01-06T11:24:55,40.66941,-74.01723,0.0,188.7,174.0,JILL REINAUER,IMO7042813,WCW9655,31,0,30,8,3.8,57,A
366727190,2022-01-06T14:51:16,40.66941,-74.01723,0.0,27.9,173.0,JILL REINAUER,IMO7042813,WCW9655,31,0,30,8,3.8,57,A
366727190,2022-01-06T14:18:36,40.66942,-74.01726,0.1,196.5,176.0,JILL REINAUER,IMO7042813,WCW9655,31,0,30,8,3.8,57,A
366727190,2022-01-06T14:24:26,40.66944,-74.01725,0.0,247.2,173.0,JILL REINAUER,IMO7042813,WCW9655,31,0,30,8,3.8,57,A
366727190,2022-01-06T11:28:16,40.66940,-74.01724,0.0,300.2,174.0,JILL REINAUER,IMO7042813,WCW9655,31,0,30,8,3.8,57,A
366727190,2022-01-06T14:55:55,40.66942,-74.01722,0.0,0.7,174.0,JILL REINAUER,IMO7042813,WCW9655,31,0,30,8,3.8,57,A
366727190,2022-01-06T14:57:06,40.66941,-74.01724,0.0,349.6,175.0,JILL REINAUER,IMO7042813,WCW9655,31,0,30,8,3.8,57,A
366727190,2022-01-06T14:30:16,40.66942,-74.01725,0.0,283.0,177.0,JILL REINAUER,IMO7042813,WCW9655,31,0,30,8,3.8,57,A
366727190,2022-01-06T14:58:16,40.66941,-74.01723,0.0,336.5,174.0,JILL REINAUER,IMO7042813,WCW9655,31,0,30,8,3.8,57,A
366727190,2022-01-06T14:31:25,40.66942,-74.01723,0.0,19.3,176.0,JILL REINAUER,IMO7042813,WCW9655,31,0,30,8,3.8,57,A
366727190,2022-01-06T13:42:37,40.66942,-74.01721,0.0,218.9,175.0,JILL REINAUER,IMO7042813,WCW9655,31,0,30,8,3.8,57,A
366727190,2022-01-06T14:27:56,40.66943,-74.01725,0.0,350.5,173.0,JILL REINAUER,IMO7042813,WCW9655,31,0,30,8,3.8,57,A
366727190,2022-01-06T14:33:45,40.66944,-74.01721,0.0,352.6,175.0,JILL REINAUER,IMO7042813,WCW9655,31,0,30,8,3.8,57,A
366727190,2022-01-06T15:03:09,40.67175,-74.01839,7.1,301.0,300.0,JILL REINAUER,IMO7042813,WCW9655,31,0,30,8,3.8,57,A
366727190,2022-01-06T14:37:16,40.66942,-74.01726,0.0,248.4,174.0,JILL REINAUER,IMO7042813,WCW9655,31,0,30,8,3.8,57,A
366727190,2022-01-06T11:36:16,40.66940,-74.01724,0.0,278.9,173.0,JILL REINAUER,IMO7042813,WCW9655,31,0,30,8,3.8,57,A
366727190,2022-01-06T15:02:06,40.67050,-74.01667,4.9,332.7,334.0,JILL REINAUER,IMO7042813,WCW9655,31,0,30,8,3.8,57,A
366727190,2022-01-06T14:34:55,40.66943,-74.01721,0.0,199.5,175.0,JILL REINAUER,IMO7042813,WCW9655,31,0,30,8,3.8,57,A
366727190,2022-01-06T14:38:26,40.66943,-74.01724,0.0,267.1,175.0,JILL REINAUER,IMO7042813,WCW9655,31,0,30,8,3.8,57,A
366727190,2022-01-06T15:09:24,40.67095,-74.03636,9.1,237.8,238.0,JILL REINAUER,IMO7042813,WCW9655,31,0,30,8,3.8,57,A
366727190,2022-01-06T14:39:36,40.66944,-74.01723,0.0,8.4,174.0,JILL REINAUER,IMO7042813,WCW9655,31,0,30,8,3.8,57,A
366727190,2022-01-06T11:46:37,40.66945,-74.01722,0.0,292.8,174.0,JILL REINAUER,IMO7042813,WCW9655,31,0,30,8,3.8,57,A
366727190,2022-01-06T13:56:27,40.66945,-74.01721,0.0,291.4,172.0,JILL REINAUER,IMO7042813,WCW9655,31,0,30,8,3.8,57,A
366727190,2022-01-06T15:11:26,40.66759,-74.04135,9.1,230.2,231.0,JILL REINAUER,IMO7042813,WCW9655,31,0,30,8,3.8,57,A
366727190,2022-01-06T15:13:33,40.66545,-74.04768,9.0,250.4,246.0,JILL REINAUER,IMO7042813,WCW9655,31,0,30,8,3.8,57,A
366727190,2022-01-06T14:41:56,40.66940,-74.01727,0.0,304.1,173.0,JILL REINAUER,IMO7042813,WCW9655,31,0,30,8,3.8,57,A
366727190,2022-01-06T15:14:34,40.66417,-74.05046,8.9,232.3,233.0,JILL REINAUER,IMO7042813,WCW9655,31,0,30,8,3.8,57,A
366727190,2022-01-06T15:18:42,40.66130,-74.06312,9.2,252.8,246.0,JILL REINAUER,IMO7042813,WCW9655,31,0,30,8,3.8,57,A
366727190,2022-01-06T11:48:56,40.66941,-74.01722,0.0,355.0,173.0,JILL REINAUER,IMO7042813,WCW9655,31,0,30,8,3.8,57,A
366727190,2022-01-06T14:47:46,40.66941,-74.01723,0.0,207.5,173.0,JILL REINAUER,IMO7042813,WCW9655,31,0,30,8,3.8,57,A
366727190,2022-01-06T14:46:37,40.66941,-74.01723,0.0,346.0,173.0,JILL REINAUER,IMO7042813,WCW9655,31,0,30,8,3.8,57,A
366727190,2022-01-06T11:51:17,40.66941,-74.01727,0.0,305.2,174.0,JILL REINAUER,IMO7042813,WCW9655,31,0,30,8,3.8,57,A
366727190,2022-01-06T14:10:26,40.66941,-74.01725,0.0,298.5,175.0,JILL REINAUER,IMO7042813,WCW9655,31,0,30,8,3.8,57,A
366727190,2022-01-06T15:21:49,40.65691,-74.07166,9.5,231.8,236.0,JILL REINAUER,IMO7042813,WCW9655,31,0,30,8,3.8,57,A
366727190,2022-01-06T14:52:25,40.66942,-74.01722,0.0,13.3,173.0,JILL REINAUER,IMO7042813,WCW9655,31,0,30,8,3.8,57,A
366727190,2022-01-06T11:55:46,40.66944,-74.01724,0.0,290.4,175.0,JILL REINAUER,IMO7042813,WCW9655,31,0,30,8,3.8,57,A
366727190,2022-01-06T15:23:58,40.65399,-74.07823,9.7,251.6,256.0,JILL REINAUER,IMO7042813,WCW9655,31,0,30,8,3.8,57,A
366727190,2022-01-06T14:16:16,40.66943,-74.01724,0.1,334.9,175.0,JILL REINAUER,IMO7042813,WCW9655,31,0,30,8,3.8,57,A
366727190,2022-01-06T14:59:19,40.66942,-74.01721,0.0,182.1,195.0,JILL REINAUER,IMO7042813,WCW9655,31,0,30,8,3.8,57,A
366727190,2022-01-06T15:04:10,40.67283,-74.02080,8.3,297.9,292.0,JILL REINAUER,IMO7042813,WCW9655,31,0,30,8,3.8,57,A
366727190,2022-01-06T15:05:12,40.67378,-74.02374,8.5,285.5,279.0,JILL REINAUER,IMO7042813,WCW9655,31,0,30,8,3.8,57,A
366727190,2022-01-06T15:06:13,40.67404,-74.02689,8.6,266.3,262.0,JILL REINAUER,IMO7042813,WCW9655,31,0,30,8,3.8,57,A
366727190,2022-01-06T15:39:57,40.64658,-74.11695,0.0,263.9,332.0,JILL REINAUER,IMO7042813,WCW9655,31,0,30,8,3.8,57,A
366727190,2022-01-06T15:43:26,40.64661,-74.11697,0.0,26.4,334.0,JILL REINAUER,IMO7042813,WCW9655,31,0,30,8,3.8,57,A
366727190,2022-01-06T14:29:06,40.66942,-74.01726,0.0,183.8,175.0,JILL REINAUER,IMO7042813,WCW9655,31,0,30,8,3.8,57,A
366727190,2022-01-06T15:45:46,40.64663,-74.11696,0.0,280.2,334.0,JILL REINAUER,IMO7042813,WCW9655,31,0,30,8,3.8,57,A
366727190,2022-01-06T12:19:46,40.66946,-74.01725,0.0,178.8,176.0,JILL REINAUER,IMO7042813,WCW9655,31,0,30,8,3.8,57,A
366727190,2022-01-06T15:22:55,40.65525,-74.07488,9.7,239.5,242.0,JILL REINAUER,IMO7042813,WCW9655,31,0,30,8,3.8,57,A
366727190,2022-01-06T15:15:36,40.66272,-74.05321,8.9,239.4,240.0,JILL REINAUER,IMO7042813,WCW9655,31,0,30,8,3.8,57,A
366727190,2022-01-06T15:52:47,40.64665,-74.11701,0.0,109.8,331.0,JILL REINAUER,IMO7042813,WCW9655,31,0,30,8,3.8,57,A
366727190,2022-01-06T12:13:56,40.66945,-74.01724,0.0,321.0,176.0,JILL REINAUER,IMO7042813,WCW9655,31,0,30,8,3.8,57,A
366727190,2022-01-06T15:16:38,40.66166,-74.05628,8.8,258.3,259.0,JILL REINAUER,IMO7042813,WCW9655,31,0,30,8,3.8,57,A
366727190,2022-01-06T12:22:06,40.66944,-74.01724,0.0,254.3,176.0,JILL REINAUER,IMO7042813,WCW9655,31,0,30,8,3.8,57,A
366727190,2022-01-06T15:17:39,40.66152,-74.05960,9.4,274.5,274.0,JILL REINAUER,IMO7042813,WCW9655,31,0,30,8,3.8,57,A
366727190,2022-01-06T12:24:26,40.66947,-74.01725,0.0,316.7,176.0,JILL REINAUER,IMO7042813,WCW9655,31,0,30,8,3.8,57,A
366727190,2022-01-06T15:24:59,40.65322,-74.08171,9.8,249.1,246.0,JILL REINAUER,IMO7042813,WCW9655,31,0,30,8,3.8,57,A
366727190,2022-01-06T12:18:37,40.66948,-74.01726,0.0,282.5,176.0,JILL REINAUER,IMO7042813,WCW9655,31,0,30,8,3.8,57,A
366727190,2022-01-06T12:26:45,40.66947,-74.01726,0.0,281.6,176.0,JILL REINAUER,IMO7042813,WCW9655,31,0,30,8,3.8,57,A
366727190,2022-01-06T14:44:15,40.66942,-74.01724,0.0,196.1,174.0,JILL REINAUER,IMO7042813,WCW9655,31,0,30,8,3.8,57,A
366727190,2022-01-06T15:27:06,40.65019,-74.08828,9.9,239.8,244.0,JILL REINAUER,IMO7042813,WCW9655,31,0,30,8,3.8,57,A
366727190,2022-01-06T16:01:07,40.64329,-74.12304,10.0,246.3,249.0,JILL REINAUER,IMO7042813,WCW9655,31,0,30,8,3.8,57,A
366727190,2022-01-06T15:33:30,40.64717,-74.11031,10.2,275.6,274.0,JILL REINAUER,IMO7042813,WCW9655,31,0,30,8,3.8,57,A
366727190,2022-01-06T15:28:15,40.64868,-74.09201,10.1,243.2,245.0,JILL REINAUER,IMO7042813,WCW9655,31,0,30,8,3.8,57,A
366727190,2022-01-06T16:00:00,40.64454,-74.11936,9.9,249.7,250.0,JILL REINAUER,IMO7042813,WCW9655,31,0,30,8,3.8,57,A
366727190,2022-01-06T16:05:15,40.64039,-74.12874,0.4,331.9,182.0,JILL REINAUER,IMO7042813,WCW9655,31,0,30,8,3.8,57,A
366727190,2022-01-06T16:06:25,40.64040,-74.12878,0.0,64.7,178.0,JILL REINAUER,IMO7042813,WCW9655,31,0,30,8,3.8,57,A
366727190,2022-01-06T14:53:36,40.66941,-74.01721,0.0,196.1,173.0,JILL REINAUER,IMO7042813,WCW9655,31,0,30,8,3.8,57,A
366727190,2022-01-06T12:27:56,40.66947,-74.01725,0.0,148.6,176.0,JILL REINAUER,IMO7042813,WCW9655,31,0,30,8,3.8,57,A
366727190,2022-01-06T16:03:12,40.64102,-74.12844,4.1,207.1,205.0,JILL REINAUER,IMO7042813,WCW9655,31,0,30,8,3.8,57,A
366727190,2022-01-06T15:42:16,40.64659,-74.11694,0.0,121.6,335.0,JILL REINAUER,IMO7042813,WCW9655,31,0,30,8,3.8,57,A
366727190,2022-01-06T15:35:36,40.64647,-74.11561,4.7,264.6,272.0,JILL REINAUER,IMO7042813,WCW9655,31,0,30,8,3.8,57,A
366727190,2022-01-06T14:54:45,40.66940,-74.01723,0.0,255.0,175.0,JILL REINAUER,IMO7042813,WCW9655,31,0,30,8,3.8,57,A
366727190,2022-01-06T15:37:46,40.64661,-74.11697,0.0,289.3,333.0,JILL REINAUER,IMO7042813,WCW9655,31,0,30,8,3.8,57,A
366727190,2022-01-06T12:29:06,40.66945,-74.01725,0.0,198.8,177.0,JILL REINAUER,IMO7042813,WCW9655,31,0,30,8,3.8,57,A
366727190,2022-01-06T16:15:37,40.64037,-74.12877,0.0,125.2,175.0,JILL REINAUER,IMO7042813,WCW9655,31,0,30,8,3.8,57,A
366727190,2022-01-06T15:48:05,40.64662,-74.11696,0.0,334.3,333.0,JILL REINAUER,IMO7042813,WCW9655,31,0,30,8,3.8,57,A
366727190,2022-01-06T12:34:45,40.66945,-74.01724,0.0,77.4,176.0,JILL REINAUER,IMO7042813,WCW9655,31,0,30,8,3.8,57,A
366727190,2022-01-06T16:19:06,40.64038,-74.12879,0.0,197.1,175.0,JILL REINAUER,IMO7042813,WCW9655,31,0,30,8,3.8,57,A
366727190,2022-01-06T12:39:25,40.66948,-74.01724,0.0,250.7,176.0,JILL REINAUER,IMO7042813,WCW9655,31,0,30,8,3.8,57,A
366727190,2022-01-06T15:54:57,40.64656,-74.11694,0.2,170.8,334.0,JILL REINAUER,IMO7042813,WCW9655,31,0,30,8,3.8,57,A
366727190,2022-01-06T15:59:10,40.64534,-74.11674,7.3,245.3,251.0,JILL REINAUER,IMO7042813,WCW9655,31,0,30,8,3.8,57,A
366727190,2022-01-06T12:57:36,40.66946,-74.01724,0.0,191.2,177.0,JILL REINAUER,IMO7042813,WCW9655,31,0,30,8,3.8,57,A
366727190,2022-01-06T16:28:16,40.64045,-74.12875,0.0,357.0,174.0,JILL REINAUER,IMO7042813,WCW9655,31,0,30,8,3.8,57,A
366727190,2022-01-06T12:45:15,40.66949,-74.01724,0.0,241.3,175.0,JILL REINAUER,IMO7042813,WCW9655,31,0,30,8,3.8,57,A
366727190,2022-01-06T16:02:09,40.64220,-74.12647,9.1,245.0,243.0,JILL REINAUER,IMO7042813,WCW9655,31,0,30,8,3.8,57,A
366727190,2022-01-06T16:32:55,40.64042,-74.12877,0.0,63.7,175.0,JILL REINAUER,IMO7042813,WCW9655,31,0,30,8,3.8,57,A
366727190,2022-01-06T12:48:36,40.66946,-74.01725,0.0,259.3,176.0,JILL REINAUER,IMO7042813,WCW9655,31,0,30,8,3.8,57,A
366727190,2022-01-06T16:35:07,40.64042,-74.12877,0.0,198.2,175.0,JILL REINAUER,IMO7042813,WCW9655,31,0,30,8,3.8,57,A
366727190,2022-01-06T12:49:37,40.66944,-74.01725,0.1,352.0,176.0,JILL REINAUER,IMO7042813,WCW9655,31,0,30,8,3.8,57,A
366727190,2022-01-06T16:08:46,40.64041,-74.12876,0.0,303.7,175.0,JILL REINAUER,IMO7042813,WCW9655,31,0,30,8,3.8,57,A
366727190,2022-01-06T16:13:25,40.64039,-74.12877,0.0,318.5,176.0,JILL REINAUER,IMO7042813,WCW9655,31,0,30,8,3.8,57,A
366727190,2022-01-06T16:07:36,40.64040,-74.12875,0.0,346.1,174.0,JILL REINAUER,IMO7042813,WCW9655,31,0,30,8,3.8,57,A
366727190,2022-01-06T15:29:20,40.64784,-74.09568,9.9,267.2,271.0,JILL REINAUER,IMO7042813,WCW9655,31,0,30,8,3.8,57,A
366727190,2022-01-06T16:09:57,40.64041,-74.12877,0.0,205.0,175.0,JILL REINAUER,IMO7042813,WCW9655,31,0,30,8,3.8,57,A
366727190,2022-01-06T16:11:07,40.64039,-74.12877,0.0,344.5,175.0,JILL REINAUER,IMO7042813,WCW9655,31,0,30,8,3.8,57,A
366727190,2022-01-06T16:12:16,40.64039,-74.12878,0.0,246.5,175.0,JILL REINAUER,IMO7042813,WCW9655,31,0,30,8,3.8,57,A
366727190,2022-01-06T12:55:15,40.66945,-74.01724,0.0,343.0,175.0,JILL REINAUER,IMO7042813,WCW9655,31,0,30,8,3.8,57,A
366727190,2022-01-06T16:14:36,40.64037,-74.12876,0.0,147.7,175.0,JILL REINAUER,IMO7042813,WCW9655,31,0,30,8,3.8,57,A
366727190,2022-01-06T16:44:25,40.64037,-74.12877,0.0,346.7,175.0,JILL REINAUER,IMO7042813,WCW9655,31,0,30,8,3.8,57,A
366727190,2022-01-06T15:36:40,40.64661,-74.11686,0.9,290.0,309.0,JILL REINAUER,IMO7042813,WCW9655,31,0,30,8,3.8,57,A
366727190,2022-01-06T16:42:06,40.64041,-74.12877,0.0,110.3,175.0,JILL REINAUER,IMO7042813,WCW9655,31,0,30,8,3.8,57,A
366727190,2022-01-06T13:12:57,40.66945,-74.01725,0.0,330.3,175.0,JILL REINAUER,IMO7042813,WCW9655,31,0,30,8,3.8,57,A
366727190,2022-01-06T16:23:37,40.64037,-74.12878,0.0,277.8,175.0,JILL REINAUER,IMO7042813,WCW9655,31,0,30,8,3.8,57,A
366727190,2022-01-06T16:24:47,40.64037,-74.12880,0.0,339.9,175.0,JILL REINAUER,IMO7042813,WCW9655,31,0,30,8,3.8,57,A
366727190,2022-01-06T16:50:16,40.64036,-74.12881,0.0,249.6,175.0,JILL REINAUER,IMO7042813,WCW9655,31,0,30,8,3.8,57,A
366727190,2022-01-06T16:45:35,40.64033,-74.12879,0.0,261.2,176.0,JILL REINAUER,IMO7042813,WCW9655,31,0,30,8,3.8,57,A
366727190,2022-01-06T16:20:15,40.64037,-74.12878,0.0,345.7,175.0,JILL REINAUER,IMO7042813,WCW9655,31,0,30,8,3.8,57,A
366727190,2022-01-06T16:29:25,40.64043,-74.12870,0.0,127.7,175.0,JILL REINAUER,IMO7042813,WCW9655,31,0,30,8,3.8,57,A
366727190,2022-01-06T16:21:25,40.64037,-74.12878,0.0,312.4,175.0,JILL REINAUER,IMO7042813,WCW9655,31,0,30,8,3.8,57,A
366727190,2022-01-06T13:18:25,40.66944,-74.01726,0.0,310.7,176.0,JILL REINAUER,IMO7042813,WCW9655,31,0,30,8,3.8,57,A
366727190,2022-01-06T15:44:37,40.64661,-74.11696,0.0,160.8,333.0,JILL REINAUER,IMO7042813,WCW9655,31,0,30,8,3.8,57,A
366727190,2022-01-06T16:56:06,40.64039,-74.12877,0.0,203.8,174.0,JILL REINAUER,IMO7042813,WCW9655,31,0,30,8,3.8,57,A
366727190,2022-01-06T16:25:57,40.64040,-74.12879,0.0,91.5,174.0,JILL REINAUER,IMO7042813,WCW9655,31,0,30,8,3.8,57,A
366727190,2022-01-06T16:30:35,40.64043,-74.12873,0.0,140.9,174.0,JILL REINAUER,IMO7042813,WCW9655,31,0,30,8,3.8,57,A
366727190,2022-01-06T16:52:37,40.64037,-74.12878,0.0,230.1,176.0,JILL REINAUER,IMO7042813,WCW9655,31,0,30,8,3.8,57,A
366727190,2022-01-06T16:59:37,40.64041,-74.12875,0.1,260.4,175.0,JILL REINAUER,IMO7042813,WCW9655,31,0,30,8,3.8,57,A
366727190,2022-01-06T15:49:16,40.64663,-74.11696,0.0,246.2,335.0,JILL REINAUER,IMO7042813,WCW9655,31,0,30,8,3.8,57,A
366727190,2022-01-06T13:01:17,40.66945,-74.01724,0.1,355.0,177.0,JILL REINAUER,IMO7042813,WCW9655,31,0,30,8,3.8,57,A
366727190,2022-01-06T16:57:15,40.64039,-74.12877,0.0,247.9,175.0,JILL REINAUER,IMO7042813,WCW9655,31,0,30,8,3.8,57,A
366727190,2022-01-06T15:50:26,40.64661,-74.11696,0.0,52.6,333.0,JILL REINAUER,IMO7042813,WCW9655,31,0,30,8,3.8,57,A
366727190,2022-01-06T13:04:45,40.66945,-74.01723,0.0,257.2,176.0,JILL REINAUER,IMO7042813,WCW9655,31,0,30,8,3.8,57,A
366727190,2022-01-06T17:02:15,40.64041,-74.12874,0.0,291.7,174.0,JILL REINAUER,IMO7042813,WCW9655,31,0,30,8,3.8,57,A
366727190,2022-01-06T16:34:06,40.64042,-74.12878,0.0,218.5,174.0,JILL REINAUER,IMO7042813,WCW9655,31,0,30,8,3.8,57,A
366727190,2022-01-06T16:36:16,40.64040,-74.12877,0.0,203.1,175.0,JILL REINAUER,IMO7042813,WCW9655,31,0,30,8,3.8,57,A
366727190,2022-01-06T16:37:26,40.64039,-74.12879,0.0,217.6,175.0,JILL REINAUER,IMO7042813,WCW9655,31,0,30,8,3.8,57,A
366727190,2022-01-06T15:56:03,40.64646,-74.11693,0.4,165.1,341.0,JILL REINAUER,IMO7042813,WCW9655,31,0,30,8,3.8,57,A
366727190,2022-01-06T17:06:16,40.64043,-74.12877,0.0,319.8,175.0,JILL REINAUER,IMO7042813,WCW9655,31,0,30,8,3.8,57,A
366727190,2022-01-06T15:57:07,40.64644,-74.11688,1.2,58.0,71.0,JILL REINAUER,IMO7042813,WCW9655,31,0,30,8,3.8,57,A
366727190,2022-01-06T17:10:55,40.64039,-74.12878,0.0,318.0,175.0,JILL REINAUER,IMO7042813,WCW9655,31,0,30,8,3.8,57,A
366727190,2022-01-06T15:58:09,40.64633,-74.11562,4.3,138.3,168.0,JILL REINAUER,IMO7042813,WCW9655,31,0,30,8,3.8,57,A
366727190,2022-01-06T16:40:55,40.64039,-74.12883,0.0,178.6,174.0,JILL REINAUER,IMO7042813,WCW9655,31,0,30,8,3.8,57,A
366727190,2022-01-06T17:14:26,40.64041,-74.12876,0.0,284.9,176.0,JILL REINAUER,IMO7042813,WCW9655,31,0,30,8,3.8,57,A
366727190,2022-01-06T13:38:06,40.66945,-74.01721,0.0,231.2,174.0,JILL REINAUER,IMO7042813,WCW9655,31,0,30,8,3.8,57,A
366727190,2022-01-06T17:13:15,40.64041,-74.12877,0.0,14.5,175.0,JILL REINAUER,IMO7042813,WCW9655,31,0,30,8,3.8,57,A
366727190,2022-01-06T16:46:46,40.64039,-74.12874,0.0,259.9,176.0,JILL REINAUER,IMO7042813,WCW9655,31,0,30,8,3.8,57,A
366727190,2022-01-06T13:39:16,40.66946,-74.01721,0.0,189.9,175.0,JILL REINAUER,IMO7042813,WCW9655,31,0,30,8,3.8,57,A
366727190,2022-01-06T16:49:07,40.64036,-74.12879,0.0,326.8,176.0,JILL REINAUER,IMO7042813,WCW9655,31,0,30,8,3.8,57,A
366727190,2022-01-06T13:41:26,40.66945,-74.01723,0.0,281.5,174.0,JILL REINAUER,IMO7042813,WCW9655,31,0,30,8,3.8,57,A
366727190,2022-01-06T13:25:26,40.66942,-74.01726,0.0,277.7,176.0,JILL REINAUER,IMO7042813,WCW9655,31,0,30,8,3.8,57,A
366727190,2022-01-06T16:54:57,40.64040,-74.12876,0.0,247.7,174.0,JILL REINAUER,IMO7042813,WCW9655,31,0,30,8,3.8,57,A
366727190,2022-01-06T16:17:56,40.64040,-74.12878,0.0,157.1,175.0,JILL REINAUER,IMO7042813,WCW9655,31,0,30,8,3.8,57,A
366727190,2022-01-06T17:00:06,40.64040,-74.12876,0.0,308.4,175.0,JILL REINAUER,IMO7042813,WCW9655,31,0,30,8,3.8,57,A
366727190,2022-01-06T17:03:26,40.64041,-74.12875,0.0,268.1,174.0,JILL REINAUER,IMO7042813,WCW9655,31,0,30,8,3.8,57,A
366727190,2022-01-06T13:55:17,40.66945,-74.01721,0.1,248.8,172.0,JILL REINAUER,IMO7042813,WCW9655,31,0,30,8,3.8,57,A
366727190,2022-01-06T16:22:26,40.64037,-74.12878,0.0,322.9,175.0,JILL REINAUER,IMO7042813,WCW9655,31,0,30,8,3.8,57,A
366727190,2022-01-06T17:34:15,40.64042,-74.12879,0.0,127.0,174.0,JILL REINAUER,IMO7042813,WCW9655,31,0,30,8,3.8,57,A
366727190,2022-01-06T17:07:26,40.64044,-74.12875,0.0,258.9,174.0,JILL REINAUER,IMO7042813,WCW9655,31,0,30,8,3.8,57,A
366727190,2022-01-06T13:36:56,40.66945,-74.01722,0.0,224.9,173.0,JILL REINAUER,IMO7042813,WCW9655,31,0,30,8,3.8,57,A
366727190,2022-01-06T17:09:46,40.64041,-74.12877,0.0,168.2,175.0,JILL REINAUER,IMO7042813,WCW9655,31,0,30,8,3.8,57,A
366727190,2022-01-06T17:42:15,40.64038,-74.12877,0.0,155.5,173.0,JILL REINAUER,IMO7042813,WCW9655,31,0,30,8,3.8,57,A
366727190,2022-01-06T17:43:26,40.64037,-74.12876,0.0,292.1,174.0,JILL REINAUER,IMO7042813,WCW9655,31,0,30,8,3.8,57,A
366727190,2022-01-06T17:16:47,40.64042,-74.12878,0.0,0.4,176.0,JILL REINAUER,IMO7042813,WCW9655,31,0,30,8,3.8,57,A
366727190,2022-01-06T13:46:06,40.66942,-74.01719,0.0,326.6,173.0,JILL REINAUER,IMO7042813,WCW9655,31,0,30,8,3.8,57,A
366727190,2022-01-06T17:19:06,40.64037,-74.12879,0.0,304.4,175.0,JILL REINAUER,IMO7042813,WCW9655,31,0,30,8,3.8,57,A
366727190,2022-01-06T17:17:56,40.64041,-74.12879,0.0,149.0,176.0,JILL REINAUER,IMO7042813,WCW9655,31,0,30,8,3.8,57,A
366727190,2022-01-06T17:56:06,40.64037,-74.12878,0.0,234.0,175.0,JILL REINAUER,IMO7042813,WCW9655,31,0,30,8,3.8,57,A
366727190,2022-01-06T17:23:47,40.64041,-74.12876,0.0,276.4,174.0,JILL REINAUER,IMO7042813,WCW9655,31,0,30,8,3.8,57,A
366727190,2022-01-06T17:21:26,40.64039,-74.12881,0.0,288.9,175.0,JILL REINAUER,IMO7042813,WCW9655,31,0,30,8,3.8,57,A
366727190,2022-01-06T17:27:16,40.64041,-74.12878,0.0,331.9,175.0,JILL REINAUER,IMO7042813,WCW9655,31,0,30,8,3.8,57,A
366727190,2022-01-06T17:24:56,40.64041,-74.12876,0.0,97.3,175.0,JILL REINAUER,IMO7042813,WCW9655,31,0,30,8,3.8,57,A
366727190,2022-01-06T17:30:46,40.64037,-74.12880,0.0,343.7,175.0,JILL REINAUER,IMO7042813,WCW9655,31,0,30,8,3.8,57,A
366727190,2022-01-06T16:47:56,40.64040,-74.12875,0.1,228.1,176.0,JILL REINAUER,IMO7042813,WCW9655,31,0,30,8,3.8,57,A
366727190,2022-01-06T17:31:57,40.64040,-74.12878,0.0,242.4,175.0,JILL REINAUER,IMO7042813,WCW9655,31,0,30,8,3.8,57,A
366727190,2022-01-06T18:02:26,40.64039,-74.12877,0.0,343.1,174.0,JILL REINAUER,IMO7042813,WCW9655,31,0,30,8,3.8,57,A
366727190,2022-01-06T17:28:26,40.64037,-74.12880,0.0,339.6,175.0,JILL REINAUER,IMO7042813,WCW9655,31,0,30,8,3.8,57,A
366727190,2022-01-06T14:23:15,40.66943,-74.01724,0.0,269.5,175.0,JILL REINAUER,IMO7042813,WCW9655,31,0,30,8,3.8,57,A
366727190,2022-01-06T13:57:37,40.66943,-74.01721,0.0,347.0,172.0,JILL REINAUER,IMO7042813,WCW9655,31,0,30,8,3.8,57,A
366727190,2022-01-06T17:29:37,40.64041,-74.12878,0.0,327.4,175.0,JILL REINAUER,IMO7042813,WCW9655,31,0,30,8,3.8,57,A
366727190,2022-01-06T14:25:36,40.66943,-74.01726,0.0,175.3,175.0,JILL REINAUER,IMO7042813,WCW9655,31,0,30,8,3.8,57,A
366727190,2022-01-06T17:36:26,40.64039,-74.12877,0.0,44.7,174.0,JILL REINAUER,IMO7042813,WCW9655,31,0,30,8,3.8,57,A
366727190,2022-01-06T17:33:07,40.64044,-74.12878,0.0,132.9,174.0,JILL REINAUER,IMO7042813,WCW9655,31,0,30,8,3.8,57,A
366727190,2022-01-06T18:08:26,40.64037,-74.12877,0.0,38.5,174.0,JILL REINAUER,IMO7042813,WCW9655,31,0,30,8,3.8,57,A
366727190,2022-01-06T17:39:56,40.64038,-74.12873,0.0,225.5,173.0,JILL REINAUER,IMO7042813,WCW9655,31,0,30,8,3.8,57,A
366727190,2022-01-06T16:58:26,40.64041,-74.12877,0.0,287.5,174.0,JILL REINAUER,IMO7042813,WCW9655,31,0,30,8,3.8,57,A
366727190,2022-01-06T18:14:16,40.64037,-74.12877,0.0,301.9,174.0,JILL REINAUER,IMO7042813,WCW9655,31,0,30,8,3.8,57,A
366727190,2022-01-06T18:16:46,40.64037,-74.12877,0.0,290.4,174.0,JILL REINAUER,IMO7042813,WCW9655,31,0,30,8,3.8,57,A
366727190,2022-01-06T17:44:36,40.64034,-74.12878,0.0,265.2,174.0,JILL REINAUER,IMO7042813,WCW9655,31,0,30,8,3.8,57,A
366727190,2022-01-06T17:51:35,40.64040,-74.12878,0.0,296.2,174.0,JILL REINAUER,IMO7042813,WCW9655,31,0,30,8,3.8,57,A
366727190,2022-01-06T18:23:47,40.64040,-74.12877,0.0,245.8,175.0,JILL REINAUER,IMO7042813,WCW9655,31,0,30,8,3.8,57,A
366727190,2022-01-06T14:43:06,40.66943,-74.01724,0.0,315.7,173.0,JILL REINAUER,IMO7042813,WCW9655,31,0,30,8,3.8,57,A
366727190,2022-01-06T17:53:47,40.64038,-74.12876,0.0,329.1,174.0,JILL REINAUER,IMO7042813,WCW9655,31,0,30,8,3.8,57,A
366727190,2022-01-06T18:27:16,40.64036,-74.12876,0.0,218.6,175.0,JILL REINAUER,IMO7042813,WCW9655,31,0,30,8,3.8,57,A
366727190,2022-01-06T14:15:07,40.66942,-74.01725,0.0,212.1,178.0,JILL REINAUER,IMO7042813,WCW9655,31,0,30,8,3.8,57,A
366727190,2022-01-06T17:12:06,40.64042,-74.12878,0.0,240.6,175.0,JILL REINAUER,IMO7042813,WCW9655,31,0,30,8,3.8,57,A
366727190,2022-01-06T17:57:16,40.64038,-74.12879,0.1,319.1,175.0,JILL REINAUER,IMO7042813,WCW9655,31,0,30,8,3.8,57,A
366727190,2022-01-06T18:29:47,40.64039,-74.12878,0.0,227.8,176.0,JILL REINAUER,IMO7042813,WCW9655,31,0,30,8,3.8,57,A
366727190,2022-01-06T18:00:06,40.64039,-74.12877,0.0,346.9,174.0,JILL REINAUER,IMO7042813,WCW9655,31,0,30,8,3.8,57,A
366727190,2022-01-06T17:15:37,40.64039,-74.12877,0.0,235.3,175.0,JILL REINAUER,IMO7042813,WCW9655,31,0,30,8,3.8,57,A
366727190,2022-01-06T18:01:16,40.64039,-74.12876,0.0,300.0,174.0,JILL REINAUER,IMO7042813,WCW9655,31,0,30,8,3.8,57,A
366727190,2022-01-06T18:03:46,40.64038,-74.12878,0.0,351.0,174.0,JILL REINAUER,IMO7042813,WCW9655,31,0,30,8,3.8,57,A
366727190,2022-01-06T18:32:05,40.64039,-74.12875,0.0,267.7,174.0,JILL REINAUER,IMO7042813,WCW9655,31,0,30,8,3.8,57,A
366727190,2022-01-06T14:20:55,40.66942,-74.01724,0.0,5.4,175.0,JILL REINAUER,IMO7042813,WCW9655,31,0,30,8,3.8,57,A
366727190,2022-01-06T18:09:37,40.64038,-74.12878,0.0,311.8,174.0,JILL REINAUER,IMO7042813,WCW9655,31,0,30,8,3.8,57,A
366727190,2022-01-06T18:04:56,40.64039,-74.12878,0.0,0.5,175.0,JILL REINAUER,IMO7042813,WCW9655,31,0,30,8,3.8,57,A
366727190,2022-01-06T18:38:17,40.64038,-74.12876,0.0,197.5,173.0,JILL REINAUER,IMO7042813,WCW9655,31,0,30,8,3.8,57,A
366727190,2022-01-06T15:00:04,40.66955,-74.01711,1.7,28.7,210.0,JILL REINAUER,IMO7042813,WCW9655,31,0,30,8,3.8,57,A
366727190,2022-01-06T18:10:47,40.64038,-74.12879,0.0,295.8,175.0,JILL REINAUER,IMO7042813,WCW9655,31,0,30,8,3.8,57,A
366727190,2022-01-06T15:01:05,40.67000,-74.01658,2.2,67.7,275.0,JILL REINAUER,IMO7042813,WCW9655,31,0,30,8,3.8,57,A
366727190,2022-01-06T18:19:07,40.64038,-74.12876,0.0,262.6,174.0,JILL REINAUER,IMO7042813,WCW9655,31,0,30,8,3.8,57,A
366727190,2022-01-06T17:35:16,40.64038,-74.12879,0.0,254.1,174.0,JILL REINAUER,IMO7042813,WCW9655,31,0,30,8,3.8,57,A
366727190,2022-01-06T18:21:26,40.64040,-74.12875,0.0,317.4,174.0,JILL REINAUER,IMO7042813,WCW9655,31,0,30,8,3.8,57,A
366727190,2022-01-06T18:17:55,40.64037,-74.12878,0.0,307.1,174.0,JILL REINAUER,IMO7042813,WCW9655,31,0,30,8,3.8,57,A
366727190,2022-01-06T18:26:06,40.64038,-74.12876,0.0,314.2,176.0,JILL REINAUER,IMO7042813,WCW9655,31,0,30,8,3.8,57,A
366727190,2022-01-06T15:08:16,40.67240,-74.03315,9.0,241.4,239.0,JILL REINAUER,IMO7042813,WCW9655,31,0,30,8,3.8,57,A
366727190,2022-01-06T18:20:16,40.64039,-74.12876,0.0,327.4,174.0,JILL REINAUER,IMO7042813,WCW9655,31,0,30,8,3.8,57,A
366727190,2022-01-06T19:00:06,40.64036,-74.12877,0.0,233.7,174.0,JILL REINAUER,IMO7042813,WCW9655,31,0,30,8,3.8,57,A
366727190,2022-01-06T19:02:36,40.64038,-74.12879,0.0,196.2,173.0,JILL REINAUER,IMO7042813,WCW9655,31,0,30,8,3.8,57,A
366727190,2022-01-06T19:03:47,40.64038,-74.12877,0.0,295.9,173.0,JILL REINAUER,IMO7042813,WCW9655,31,0,30,8,3.8,57,A
366727190,2022-01-06T19:08:36,40.64040,-74.12878,0.0,192.8,174.0,JILL REINAUER,IMO7042813,WCW9655,31,0,30,8,3.8,57,A
366727190,2022-01-06T17:45:46,40.64035,-74.12879,0.0,83.6,174.0,JILL REINAUER,IMO7042813,WCW9655,31,0,30,8,3.8,57,A
366727190,2022-01-06T17:52:36,40.64039,-74.12878,0.0,14.0,175.0,JILL REINAUER,IMO7042813,WCW9655,31,0,30,8,3.8,57,A
366727190,2022-01-06T19:15:47,40.64041,-74.12874,0.0,219.6,174.0,JILL REINAUER,IMO7042813,WCW9655,31,0,30,8,3.8,57,A
366727190,2022-01-06T18:42:55,40.64035,-74.12875,0.0,150.4,174.0,JILL REINAUER,IMO7042813,WCW9655,31,0,30,8,3.8,57,A
366727190,2022-01-06T18:44:07,40.64035,-74.12876,0.0,228.0,174.0,JILL REINAUER,IMO7042813,WCW9655,31,0,30,8,3.8,57,A
366727190,2022-01-06T18:46:25,40.64038,-74.12878,0.0,255.7,174.0,JILL REINAUER,IMO7042813,WCW9655,31,0,30,8,3.8,57,A
366727190,2022-01-06T19:13:26,40.64037,-74.12876,0.0,73.0,174.0,JILL REINAUER,IMO7042813,WCW9655,31,0,30,8,3.8,57,A
366727190,2022-01-06T17:58:27,40.64042,-74.12879,0.0,253.1,176.0,JILL REINAUER,IMO7042813,WCW9655,31,0,30,8,3.8,57,A
366727190,2022-01-06T14:48:55,40.66942,-74.01722,0.0,244.9,174.0,JILL REINAUER,IMO7042813,WCW9655,31,0,30,8,3.8,57,A
366727190,2022-01-06T18:47:36,40.64037,-74.12877,0.0,264.7,174.0,JILL REINAUER,IMO7042813,WCW9655,31,0,30,8,3.8,57,A
366727190,2022-01-06T17:59:36,40.64040,-74.12878,0.0,177.7,173.0,JILL REINAUER,IMO7042813,WCW9655,31,0,30,8,3.8,57,A
366727190,2022-01-06T18:49:55,40.64038,-74.12879,0.0,293.1,173.0,JILL REINAUER,IMO7042813,WCW9655,31,0,30,8,3.8,57,A
366727190,2022-01-06T19:25:06,40.64041,-74.12873,0.0,111.9,174.0,JILL REINAUER,IMO7042813,WCW9655,31,0,30,8,3.8,57,A
366727190,2022-01-06T19:16:56,40.64041,-74.12874,0.1,232.3,175.0,JILL REINAUER,IMO7042813,WCW9655,31,0,30,8,3.8,57,A
366727190,2022-01-06T18:52:16,40.64039,-74.12878,0.0,207.8,173.0,JILL REINAUER,IMO7042813,WCW9655,31,0,30,8,3.8,57,A
366727190,2022-01-06T15:30:22,40.64787,-74.09911,9.3,267.6,268.0,JILL REINAUER,IMO7042813,WCW9655,31,0,30,8,3.8,57,A
366727190,2022-01-06T19:21:37,40.64041,-74.12874,0.0,119.9,174.0,JILL REINAUER,IMO7042813,WCW9655,31,0,30,8,3.8,57,A
366727190,2022-01-06T18:54:36,40.64038,-74.12874,0.0,218.5,173.0,JILL REINAUER,IMO7042813,WCW9655,31,0,30,8,3.8,57,A
366727190,2022-01-06T15:32:29,40.64715,-74.10661,10.0,262.5,268.0,JILL REINAUER,IMO7042813,WCW9655,31,0,30,8,3.8,57,A
366727190,2022-01-06T18:55:45,40.64039,-74.12878,0.0,261.9,173.0,JILL REINAUER,IMO7042813,WCW9655,31,0,30,8,3.8,57,A
366727190,2022-01-06T18:48:47,40.64037,-74.12878,0.0,5.9,174.0,JILL REINAUER,IMO7042813,WCW9655,31,0,30,8,3.8,57,A
366727190,2022-01-06T19:27:17,40.64040,-74.12875,0.0,278.3,173.0,JILL REINAUER,IMO7042813,WCW9655,31,0,30,8,3.8,57,A
366727190,2022-01-06T18:59:06,40.64036,-74.12877,0.0,324.0,174.0,JILL REINAUER,IMO7042813,WCW9655,31,0,30,8,3.8,57,A
366727190,2022-01-06T18:11:55,40.64037,-74.12878,0.0,264.2,174.0,JILL REINAUER,IMO7042813,WCW9655,31,0,30,8,3.8,57,A
366727190,2022-01-06T19:29:36,40.64040,-74.12876,0.0,311.9,175.0,JILL REINAUER,IMO7042813,WCW9655,31,0,30,8,3.8,57,A
366727190,2022-01-06T19:01:26,40.64038,-74.12875,0.0,162.7,173.0,JILL REINAUER,IMO7042813,WCW9655,31,0,30,8,3.8,57,A
366727190,2022-01-06T18:13:05,40.64036,-74.12877,0.0,331.9,174.0,JILL REINAUER,IMO7042813,WCW9655,31,0,30,8,3.8,57,A
366727190,2022-01-06T19:38:55,40.64036,-74.12873,0.0,243.0,174.0,JILL REINAUER,IMO7042813,WCW9655,31,0,30,8,3.8,57,A
366727190,2022-01-06T19:06:17,40.64039,-74.12879,0.0,210.7,174.0,JILL REINAUER,IMO7042813,WCW9655,31,0,30,8,3.8,57,A
366727190,2022-01-06T19:39:56,40.64036,-74.12875,0.0,45.0,174.0,JILL REINAUER,IMO7042813,WCW9655,31,0,30,8,3.8,57,A
366727190,2022-01-06T18:57:57,40.64037,-74.12877,0.0,227.6,174.0,JILL REINAUER,IMO7042813,WCW9655,31,0,30,8,3.8,57,A
366727190,2022-01-06T15:38:49,40.64660,-74.11697,0.1,236.5,327.0,JILL REINAUER,IMO7042813,WCW9655,31,0,30,8,3.8,57,A
366727190,2022-01-06T15:07:15,40.67339,-74.03009,9.2,250.1,247.0,JILL REINAUER,IMO7042813,WCW9655,31,0,30,8,3.8,57,A
366727190,2022-01-06T15:41:06,40.64660,-74.11693,0.0,229.2,332.0,JILL REINAUER,IMO7042813,WCW9655,31,0,30,8,3.8,57,A
366727190,2022-01-06T18:22:35,40.64038,-74.12876,0.0,274.2,174.0,JILL REINAUER,IMO7042813,WCW9655,31,0,30,8,3.8,57,A
366727190,2022-01-06T18:24:56,40.64038,-74.12876,0.0,13.2,174.0,JILL REINAUER,IMO7042813,WCW9655,31,0,30,8,3.8,57,A
366727190,2022-01-06T15:10:25,40.66938,-74.03903,9.0,224.3,224.0,JILL REINAUER,IMO7042813,WCW9655,31,0,30,8,3.8,57,A
366727190,2022-01-06T15:12:29,40.66622,-74.04425,8.9,251.3,252.0,JILL REINAUER,IMO7042813,WCW9655,31,0,30,8,3.8,57,A
366727190,2022-01-06T19:09:47,40.64040,-74.12873,0.0,313.2,174.0,JILL REINAUER,IMO7042813,WCW9655,31,0,30,8,3.8,57,A
366727190,2022-01-06T15:46:56,40.64663,-74.11699,0.0,76.2,340.0,JILL REINAUER,IMO7042813,WCW9655,31,0,30,8,3.8,57,A
366727190,2022-01-06T19:19:15,40.64041,-74.12870,0.0,222.1,174.0,JILL REINAUER,IMO7042813,WCW9655,31,0,30,8,3.8,57,A
366727190,2022-01-06T19:52:47,40.64039,-74.12875,0.1,177.0,174.0,JILL REINAUER,IMO7042813,WCW9655,31,0,30,8,3.8,57,A
366727190,2022-01-06T19:12:17,40.64038,-74.12877,0.0,257.1,174.0,JILL REINAUER,IMO7042813,WCW9655,31,0,30,8,3.8,57,A
366727190,2022-01-06T18:30:56,40.64039,-74.12877,0.0,314.5,175.0,JILL REINAUER,IMO7042813,WCW9655,31,0,30,8,3.8,57,A
366727190,2022-01-06T18:33:37,40.64037,-74.12880,0.0,265.3,174.0,JILL REINAUER,IMO7042813,WCW9655,31,0,30,8,3.8,57,A
366727190,2022-01-06T19:14:37,40.64041,-74.12874,0.0,228.9,175.0,JILL REINAUER,IMO7042813,WCW9655,31,0,30,8,3.8,57,A
366727190,2022-01-06T15:19:43,40.66009,-74.06606,9.1,245.0,249.0,JILL REINAUER,IMO7042813,WCW9655,31,0,30,8,3.8,57,A
366727190,2022-01-06T19:57:25,40.64040,-74.12875,0.0,251.8,173.0,JILL REINAUER,IMO7042813,WCW9655,31,0,30,8,3.8,57,A
366727190,2022-01-06T15:20:46,40.65865,-74.06897,9.3,226.9,232.0,JILL REINAUER,IMO7042813,WCW9655,31,0,30,8,3.8,57,A
366727190,2022-01-06T19:56:15,40.64038,-74.12875,0.0,166.2,175.0,JILL REINAUER,IMO7042813,WCW9655,31,0,30,8,3.8,57,A
366727190,2022-01-06T20:02:16,40.64037,-74.12879,0.0,61.8,173.0,JILL REINAUER,IMO7042813,WCW9655,31,0,30,8,3.8,57,A
366727190,2022-01-06T18:40:36,40.64037,-74.12874,0.0,175.4,173.0,JILL REINAUER,IMO7042813,WCW9655,31,0,30,8,3.8,57,A
366727190,2022-01-06T15:26:01,40.65181,-74.08490,9.9,239.6,241.0,JILL REINAUER,IMO7042813,WCW9655,31,0,30,8,3.8,57,A
366727190,2022-01-06T18:41:46,40.64035,-74.12875,0.0,338.8,174.0,JILL REINAUER,IMO7042813,WCW9655,31,0,30,8,3.8,57,A
366727190,2022-01-06T19:58:26,40.64038,-74.12874,0.1,251.1,174.0,JILL REINAUER,IMO7042813,WCW9655,31,0,30,8,3.8,57,A
366727190,2022-01-06T19:33:06,40.64040,-74.12875,0.0,325.3,174.0,JILL REINAUER,IMO7042813,WCW9655,31,0,30,8,3.8,57,A
366727190,2022-01-06T18:45:15,40.64036,-74.12875,0.0,342.6,174.0,JILL REINAUER,IMO7042813,WCW9655,31,0,30,8,3.8,57,A
366727190,2022-01-06T20:01:15,40.64036,-74.12881,0.0,203.7,174.0,JILL REINAUER,IMO7042813,WCW9655,31,0,30,8,3.8,57,A
366727190,2022-01-06T15:31:26,40.64758,-74.10281,9.7,259.8,262.0,JILL REINAUER,IMO7042813,WCW9655,31,0,30,8,3.8,57,A
366727190,2022-01-06T20:04:37,40.64039,-74.12877,0.0,71.7,173.0,JILL REINAUER,IMO7042813,WCW9655,31,0,30,8,3.8,57,A
366727190,2022-01-06T19:41:06,40.64037,-74.12874,0.0,233.6,174.0,JILL REINAUER,IMO7042813,WCW9655,31,0,30,8,3.8,57,A
366727190,2022-01-06T15:34:33,40.64691,-74.11351,7.0,253.5,255.0,JILL REINAUER,IMO7042813,WCW9655,31,0,30,8,3.8,57,A
366727190,2022-01-06T20:08:27,40.64042,-74.12875,0.0,231.8,173.0,JILL REINAUER,IMO7042813,WCW9655,31,0,30,8,3.8,57,A
366727190,2022-01-06T20:10:46,40.64042,-74.12877,0.0,313.2,173.0,JILL REINAUER,IMO7042813,WCW9655,31,0,30,8,3.8,57,A
366727190,2022-01-06T19:43:26,40.64033,-74.12875,0.0,355.3,174.0,JILL REINAUER,IMO7042813,WCW9655,31,0,30,8,3.8,57,A
366727190,2022-01-06T19:37:47,40.64037,-74.12873,0.0,307.8,175.0,JILL REINAUER,IMO7042813,WCW9655,31,0,30,8,3.8,57,A
366727190,2022-01-06T18:53:27,40.64035,-74.12875,0.0,195.0,173.0,JILL REINAUER,IMO7042813,WCW9655,31,0,30,8,3.8,57,A
366727190,2022-01-06T19:45:46,40.64030,-74.12872,0.0,256.6,174.0,JILL REINAUER,IMO7042813,WCW9655,31,0,30,8,3.8,57,A
366727190,2022-01-06T19:46:56,40.64038,-74.12867,0.1,259.7,176.0,JILL REINAUER,IMO7042813,WCW9655,31,0,30,8,3.8,57,A
366727190,2022-01-06T16:04:13,40.64037,-74.12875,0.3,185.9,197.0,JILL REINAUER,IMO7042813,WCW9655,31,0,30,8,3.8,57,A
366727190,2022-01-06T19:44:36,40.64038,-74.12874,0.0,220.0,174.0,JILL REINAUER,IMO7042813,WCW9655,31,0,30,8,3.8,57,A
366727190,2022-01-06T19:49:15,40.64038,-74.12877,0.0,80.8,173.0,JILL REINAUER,IMO7042813,WCW9655,31,0,30,8,3.8,57,A
366727190,2022-01-06T20:17:46,40.64039,-74.12879,0.0,304.6,173.0,JILL REINAUER,IMO7042813,WCW9655,31,0,30,8,3.8,57,A
366727190,2022-01-06T20:22:25,40.64042,-74.12879,0.0,268.5,174.0,JILL REINAUER,IMO7042813,WCW9655,31,0,30,8,3.8,57,A
366727190,2022-01-06T20:29:26,40.64037,-74.12880,0.0,326.3,174.0,JILL REINAUER,IMO7042813,WCW9655,31,0,30,8,3.8,57,A
366727190,2022-01-06T20:03:26,40.64038,-74.12875,0.0,259.4,173.0,JILL REINAUER,IMO7042813,WCW9655,31,0,30,8,3.8,57,A
366727190,2022-01-06T15:51:36,40.64663,-74.11698,0.0,259.1,331.0,JILL REINAUER,IMO7042813,WCW9655,31,0,30,8,3.8,57,A
366727190,2022-01-06T20:28:15,40.64039,-74.12879,0.0,233.4,175.0,JILL REINAUER,IMO7042813,WCW9655,31,0,30,8,3.8,57,A
366727190,2022-01-06T19:59:36,40.64038,-74.12875,0.0,236.4,174.0,JILL REINAUER,IMO7042813,WCW9655,31,0,30,8,3.8,57,A
366727190,2022-01-06T20:06:07,40.64041,-74.12875,0.0,213.4,173.0,JILL REINAUER,IMO7042813,WCW9655,31,0,30,8,3.8,57,A
366727190,2022-01-06T15:53:55,40.64663,-74.11696,0.0,237.3,327.0,JILL REINAUER,IMO7042813,WCW9655,31,0,30,8,3.8,57,A
366727190,2022-01-06T19:18:06,40.64041,-74.12873,0.0,214.1,174.0,JILL REINAUER,IMO7042813,WCW9655,31,0,30,8,3.8,57,A
366727190,2022-01-06T20:32:55,40.64042,-74.12880,0.0,287.0,174.0,JILL REINAUER,IMO7042813,WCW9655,31,0,30,8,3.8,57,A
366727190,2022-01-06T20:14:17,40.64039,-74.12878,0.0,334.2,174.0,JILL REINAUER,IMO7042813,WCW9655,31,0,30,8,3.8,57,A
366727190,2022-01-06T16:27:07,40.64041,-74.12876,0.0,12.9,174.0,JILL REINAUER,IMO7042813,WCW9655,31,0,30,8,3.8,57,A
366727190,2022-01-06T20:42:15,40.64043,-74.12877,0.0,342.6,176.0,JILL REINAUER,IMO7042813,WCW9655,31,0,30,8,3.8,57,A
366727190,2022-01-06T19:26:07,40.64040,-74.12872,0.0,334.1,174.0,JILL REINAUER,IMO7042813,WCW9655,31,0,30,8,3.8,57,A
366727190,2022-01-06T20:43:26,40.64039,-74.12879,0.0,353.7,175.0,JILL REINAUER,IMO7042813,WCW9655,31,0,30,8,3.8,57,A
366727190,2022-01-06T20:46:55,40.64044,-74.12880,0.0,258.6,176.0,JILL REINAUER,IMO7042813,WCW9655,31,0,30,8,3.8,57,A
366727190,2022-01-06T19:28:26,40.64039,-74.12878,0.0,51.2,174.0,JILL REINAUER,IMO7042813,WCW9655,31,0,30,8,3.8,57,A
366727190,2022-01-06T20:15:26,40.64038,-74.12875,0.0,266.7,174.0,JILL REINAUER,IMO7042813,WCW9655,31,0,30,8,3.8,57,A
366727190,2022-01-06T20:16:36,40.64039,-74.12878,0.0,237.1,173.0,JILL REINAUER,IMO7042813,WCW9655,31,0,30,8,3.8,57,A
366727190,2022-01-06T19:30:46,40.64040,-74.12875,0.0,72.8,174.0,JILL REINAUER,IMO7042813,WCW9655,31,0,30,8,3.8,57,A
366727190,2022-01-06T20:55:06,40.64045,-74.12883,0.0,320.1,177.0,JILL REINAUER,IMO7042813,WCW9655,31,0,30,8,3.8,57,A
366727190,2022-01-06T21:00:06,40.64038,-74.12879,0.0,312.4,176.0,JILL REINAUER,IMO7042813,WCW9655,31,0,30,8,3.8,57,A
366727190,2022-01-06T20:21:16,40.64042,-74.12880,0.0,277.5,173.0,JILL REINAUER,IMO7042813,WCW9655,31,0,30,8,3.8,57,A
366727190,2022-01-06T20:30:36,40.64037,-74.12878,0.0,213.2,174.0,JILL REINAUER,IMO7042813,WCW9655,31,0,30,8,3.8,57,A
366727190,2022-01-06T20:57:26,40.64041,-74.12884,0.0,306.7,176.0,JILL REINAUER,IMO7042813,WCW9655,31,0,30,8,3.8,57,A
366727190,2022-01-06T20:31:47,40.64043,-74.12882,0.0,207.9,174.0,JILL REINAUER,IMO7042813,WCW9655,31,0,30,8,3.8,57,A
366727190,2022-01-06T20:24:47,40.64043,-74.12881,0.0,192.2,175.0,JILL REINAUER,IMO7042813,WCW9655,31,0,30,8,3.8,57,A
366727190,2022-01-06T16:16:46,40.64041,-74.12876,0.0,150.3,175.0,JILL REINAUER,IMO7042813,WCW9655,31,0,30,8,3.8,57,A
366727190,2022-01-06T21:10:46,40.64039,-74.12878,0.0,306.7,176.0,JILL REINAUER,IMO7042813,WCW9655,31,0,30,8,3.8,57,A
366727190,2022-01-06T20:35:15,40.64045,-74.12880,0.0,300.5,174.0,JILL REINAUER,IMO7042813,WCW9655,31,0,30,8,3.8,57,A
366727190,2022-01-06T20:37:36,40.64041,-74.12877,0.0,181.8,175.0,JILL REINAUER,IMO7042813,WCW9655,31,0,30,8,3.8,57,A
366727190,2022-01-06T19:50:25,40.64041,-74.12873,0.0,333.2,174.0,JILL REINAUER,IMO7042813,WCW9655,31,0,30,8,3.8,57,A
366727190,2022-01-06T21:16:36,40.64040,-74.12881,0.0,229.4,178.0,JILL REINAUER,IMO7042813,WCW9655,31,0,30,8,3.8,57,A
366727190,2022-01-06T20:38:46,40.64043,-74.12878,0.0,307.1,175.0,JILL REINAUER,IMO7042813,WCW9655,31,0,30,8,3.8,57,A
366727190,2022-01-06T19:51:36,40.64037,-74.12874,0.0,169.9,174.0,JILL REINAUER,IMO7042813,WCW9655,31,0,30,8,3.8,57,A
366727190,2022-01-06T21:17:45,40.64036,-74.12877,0.0,9.7,177.0,JILL REINAUER,IMO7042813,WCW9655,31,0,30,8,3.8,57,A
366727190,2022-01-06T20:41:07,40.64043,-74.12879,0.0,137.1,176.0,JILL REINAUER,IMO7042813,WCW9655,31,0,30,8,3.8,57,A
366727190,2022-01-06T20:45:45,40.64038,-74.12879,0.0,303.8,176.0,JILL REINAUER,IMO7042813,WCW9655,31,0,30,8,3.8,57,A
366727190,2022-01-06T21:24:37,40.64037,-74.12878,0.0,9.6,175.0,JILL REINAUER,IMO7042813,WCW9655,31,0,30,8,3.8,57,A
366727190,2022-01-06T20:59:35,40.64039,-74.12878,0.0,294.4,176.0,JILL REINAUER,IMO7042813,WCW9655,31,0,30,8,3.8,57,A
366727190,2022-01-06T20:49:16,40.64046,-74.12886,0.0,278.5,177.0,JILL REINAUER,IMO7042813,WCW9655,31,0,30,8,3.8,57,A
366727190,2022-01-06T20:51:36,40.64042,-74.12879,0.0,306.5,177.0,JILL REINAUER,IMO7042813,WCW9655,31,0,30,8,3.8,57,A
366727190,2022-01-06T21:29:16,40.64038,-74.12878,0.0,29.0,174.0,JILL REINAUER,IMO7042813,WCW9655,31,0,30,8,3.8,57,A
366727190,2022-01-06T20:52:47,40.64043,-74.12878,0.0,312.5,177.0,JILL REINAUER,IMO7042813,WCW9655,31,0,30,8,3.8,57,A
366727190,2022-01-06T21:26:56,40.64037,-74.12874,0.0,7.0,174.0,JILL REINAUER,IMO7042813,WCW9655,31,0,30,8,3.8,57,A
366727190,2022-01-06T21:32:45,40.64036,-74.12878,0.0,242.3,175.0,JILL REINAUER,IMO7042813,WCW9655,31,0,30,8,3.8,57,A
366727190,2022-01-06T16:31:47,40.64043,-74.12876,0.0,259.2,174.0,JILL REINAUER,IMO7042813,WCW9655,31,0,30,8,3.8,57,A
366727190,2022-01-06T21:33:56,40.64037,-74.12876,0.0,299.3,176.0,JILL REINAUER,IMO7042813,WCW9655,31,0,30,8,3.8,57,A
366727190,2022-01-06T21:35:06,40.64038,-74.12875,0.0,249.7,176.0,JILL REINAUER,IMO7042813,WCW9655,31,0,30,8,3.8,57,A
366727190,2022-01-06T21:30:27,40.64037,-74.12876,0.0,343.5,175.0,JILL REINAUER,IMO7042813,WCW9655,31,0,30,8,3.8,57,A
366727190,2022-01-06T21:09:36,40.64039,-74.12884,0.1,333.5,176.0,JILL REINAUER,IMO7042813,WCW9655,31,0,30,8,3.8,57,A
366727190,2022-01-06T17:08:36,40.64044,-74.12877,0.0,249.2,175.0,JILL REINAUER,IMO7042813,WCW9655,31,0,30,8,3.8,57,A
366727190,2022-01-06T20:58:27,40.64041,-74.12882,0.1,322.7,177.0,JILL REINAUER,IMO7042813,WCW9655,31,0,30,8,3.8,57,A
366727190,2022-01-06T21:04:46,40.64038,-74.12876,0.0,306.0,176.0,JILL REINAUER,IMO7042813,WCW9655,31,0,30,8,3.8,57,A
366727190,2022-01-06T21:14:16,40.64038,-74.12879,0.0,329.3,178.0,JILL REINAUER,IMO7042813,WCW9655,31,0,30,8,3.8,57,A
366727190,2022-01-06T16:38:36,40.64040,-74.12879,0.0,179.2,175.0,JILL REINAUER,IMO7042813,WCW9655,31,0,30,8,3.8,57,A
366727190,2022-01-06T21:02:27,40.64040,-74.12879,0.0,297.6,175.0,JILL REINAUER,IMO7042813,WCW9655,31,0,30,8,3.8,57,A
366727190,2022-01-06T21:03:35,40.64039,-74.12877,0.1,344.9,176.0,JILL REINAUER,IMO7042813,WCW9655,31,0,30,8,3.8,57,A
366727190,2022-01-06T16:39:46,40.64040,-74.12880,0.0,200.4,175.0,JILL REINAUER,IMO7042813,WCW9655,31,0,30,8,3.8,57,A
366727190,2022-01-06T21:18:56,40.64038,-74.12874,0.0,340.9,177.0,JILL REINAUER,IMO7042813,WCW9655,31,0,30,8,3.8,57,A
366727190,2022-01-06T21:20:05,40.64038,-74.12874,0.0,335.4,177.0,JILL REINAUER,IMO7042813,WCW9655,31,0,30,8,3.8,57,A
366727190,2022-01-06T21:40:55,40.64039,-74.12873,0.0,160.2,174.0,JILL REINAUER,IMO7042813,WCW9655,31,0,30,8,3.8,57,A
366727190,2022-01-06T16:43:16,40.64041,-74.12875,0.0,209.8,174.0,JILL REINAUER,IMO7042813,WCW9655,31,0,30,8,3.8,57,A
366727190,2022-01-06T20:18:55,40.64040,-74.12878,0.0,239.0,173.0,JILL REINAUER,IMO7042813,WCW9655,31,0,30,8,3.8,57,A
366727190,2022-01-06T21:11:56,40.64040,-74.12881,0.0,205.7,178.0,JILL REINAUER,IMO7042813,WCW9655,31,0,30,8,3.8,57,A
366727190,2022-01-06T21:13:06,40.64040,-74.12880,0.0,270.1,178.0,JILL REINAUER,IMO7042813,WCW9655,31,0,30,8,3.8,57,A
366727190,2022-01-06T17:22:36,40.64038,-74.12879,0.0,244.4,175.0,JILL REINAUER,IMO7042813,WCW9655,31,0,30,8,3.8,57,A
366727190,2022-01-06T21:21:15,40.64035,-74.12873,0.0,14.5,177.0,JILL REINAUER,IMO7042813,WCW9655,31,0,30,8,3.8,57,A
366727190,2022-01-06T20:23:36,40.64044,-74.12881,0.0,171.9,175.0,JILL REINAUER,IMO7042813,WCW9655,31,0,30,8,3.8,57,A
366727190,2022-01-06T16:51:26,40.64036,-74.12877,0.0,308.4,176.0,JILL REINAUER,IMO7042813,WCW9655,31,0,30,8,3.8,57,A
366727190,2022-01-06T21:31:37,40.64039,-74.12879,0.0,319.7,174.0,JILL REINAUER,IMO7042813,WCW9655,31,0,30,8,3.8,57,A
366727190,2022-01-06T21:23:25,40.64036,-74.12873,0.0,359.4,177.0,JILL REINAUER,IMO7042813,WCW9655,31,0,30,8,3.8,57,A
366727190,2022-01-06T16:53:45,40.64036,-74.12880,0.0,327.5,176.0,JILL REINAUER,IMO7042813,WCW9655,31,0,30,8,3.8,57,A
366727190,2022-01-06T22:07:16,40.64033,-74.12881,0.0,153.3,175.0,JILL REINAUER,IMO7042813,WCW9655,31,0,30,8,3.8,57,A
366727190,2022-01-06T17:37:36,40.64038,-74.12877,0.0,330.7,174.0,JILL REINAUER,IMO7042813,WCW9655,31,0,30,8,3.8,57,A
366727190,2022-01-06T20:34:05,40.64041,-74.12882,0.0,321.4,174.0,JILL REINAUER,IMO7042813,WCW9655,31,0,30,8,3.8,57,A
366727190,2022-01-06T21:36:15,40.64037,-74.12875,0.0,354.3,175.0,JILL REINAUER,IMO7042813,WCW9655,31,0,30,8,3.8,57,A
366727190,2022-01-06T17:38:46,40.64039,-74.12877,0.0,238.0,174.0,JILL REINAUER,IMO7042813,WCW9655,31,0,30,8,3.8,57,A
366727190,2022-01-06T22:09:35,40.64036,-74.12881,0.0,328.5,175.0,JILL REINAUER,IMO7042813,WCW9655,31,0,30,8,3.8,57,A
366727190,2022-01-06T20:39:56,40.64035,-74.12876,0.0,282.0,175.0,JILL REINAUER,IMO7042813,WCW9655,31,0,30,8,3.8,57,A
366727190,2022-01-06T21:42:06,40.64039,-74.12872,0.0,340.0,175.0,JILL REINAUER,IMO7042813,WCW9655,31,0,30,8,3.8,57,A
366727190,2022-01-06T22:12:55,40.64038,-74.12877,0.0,194.3,174.0,JILL REINAUER,IMO7042813,WCW9655,31,0,30,8,3.8,57,A
366727190,2022-01-06T17:01:07,40.64039,-74.12876,0.0,201.4,174.0,JILL REINAUER,IMO7042813,WCW9655,31,0,30,8,3.8,57,A
366727190,2022-01-06T22:14:06,40.64032,-74.12877,0.0,176.5,174.0,JILL REINAUER,IMO7042813,WCW9655,31,0,30,8,3.8,57,A
366727190,2022-01-06T21:44:25,40.64037,-74.12874,0.0,304.2,175.0,JILL REINAUER,IMO7042813,WCW9655,31,0,30,8,3.8,57,A
366727190,2022-01-06T20:44:37,40.64038,-74.12881,0.0,256.3,176.0,JILL REINAUER,IMO7042813,WCW9655,31,0,30,8,3.8,57,A
366727190,2022-01-06T17:46:55,40.64037,-74.12878,0.0,293.9,174.0,JILL REINAUER,IMO7042813,WCW9655,31,0,30,8,3.8,57,A
366727190,2022-01-06T17:48:06,40.64037,-74.12878,0.0,331.4,175.0,JILL REINAUER,IMO7042813,WCW9655,31,0,30,8,3.8,57,A
366727190,2022-01-06T21:46:46,40.64038,-74.12877,0.0,338.4,175.0,JILL REINAUER,IMO7042813,WCW9655,31,0,30,8,3.8,57,A
366727190,2022-01-06T17:04:35,40.64041,-74.12876,0.0,248.2,175.0,JILL REINAUER,IMO7042813,WCW9655,31,0,30,8,3.8,57,A
366727190,2022-01-06T17:49:17,40.64038,-74.12876,0.0,79.9,174.0,JILL REINAUER,IMO7042813,WCW9655,31,0,30,8,3.8,57,A
366727190,2022-01-06T21:43:16,40.64036,-74.12876,0.0,161.8,175.0,JILL REINAUER,IMO7042813,WCW9655,31,0,30,8,3.8,57,A
366727190,2022-01-06T21:37:25,40.64038,-74.12874,0.0,337.4,175.0,JILL REINAUER,IMO7042813,WCW9655,31,0,30,8,3.8,57,A
366727190,2022-01-06T21:38:35,40.64039,-74.12873,0.0,220.4,175.0,JILL REINAUER,IMO7042813,WCW9655,31,0,30,8,3.8,57,A
366727190,2022-01-06T22:11:46,40.64039,-74.12878,0.0,266.7,175.0,JILL REINAUER,IMO7042813,WCW9655,31,0,30,8,3.8,57,A
366727190,2022-01-06T22:22:07,40.64035,-74.12880,0.0,79.9,173.0,JILL REINAUER,IMO7042813,WCW9655,31,0,30,8,3.8,57,A
366727190,2022-01-06T20:48:06,40.64043,-74.12881,0.0,302.0,178.0,JILL REINAUER,IMO7042813,WCW9655,31,0,30,8,3.8,57,A
366727190,2022-01-06T17:54:56,40.64037,-74.12878,0.0,293.8,175.0,JILL REINAUER,IMO7042813,WCW9655,31,0,30,8,3.8,57,A
366727190,2022-01-06T22:24:26,40.64036,-74.12878,0.0,308.9,175.0,JILL REINAUER,IMO7042813,WCW9655,31,0,30,8,3.8,57,A
366727190,2022-01-06T21:52:35,40.64034,-74.12877,0.0,17.7,175.0,JILL REINAUER,IMO7042813,WCW9655,31,0,30,8,3.8,57,A
366727190,2022-01-06T21:47:55,40.64038,-74.12876,0.0,0.9,176.0,JILL REINAUER,IMO7042813,WCW9655,31,0,30,8,3.8,57,A
366727190,2022-01-06T20:53:55,40.64045,-74.12879,0.0,263.5,178.0,JILL REINAUER,IMO7042813,WCW9655,31,0,30,8,3.8,57,A
366727190,2022-01-06T21:54:56,40.64036,-74.12882,0.0,253.8,175.0,JILL REINAUER,IMO7042813,WCW9655,31,0,30,8,3.8,57,A
366727190,2022-01-06T21:56:05,40.64036,-74.12881,0.0,78.0,174.0,JILL REINAUER,IMO7042813,WCW9655,31,0,30,8,3.8,57,A
366727190,2022-01-06T22:33:35,40.64038,-74.12878,0.0,308.8,175.0,JILL REINAUER,IMO7042813,WCW9655,31,0,30,8,3.8,57,A
366727190,2022-01-06T18:06:06,40.64037,-74.12878,0.0,266.0,174.0,JILL REINAUER,IMO7042813,WCW9655,31,0,30,8,3.8,57,A
366727190,2022-01-06T21:53:47,40.64035,-74.12880,0.0,281.1,174.0,JILL REINAUER,IMO7042813,WCW9655,31,0,30,8,3.8,57,A
366727190,2022-01-06T22:03:35,40.64037,-74.12877,0.0,268.4,175.0,JILL REINAUER,IMO7042813,WCW9655,31,0,30,8,3.8,57,A
366727190,2022-01-06T22:37:07,40.64039,-74.12880,0.0,262.0,176.0,JILL REINAUER,IMO7042813,WCW9655,31,0,30,8,3.8,57,A
366727190,2022-01-06T22:00:06,40.64037,-74.12879,0.0,23.4,175.0,JILL REINAUER,IMO7042813,WCW9655,31,0,30,8,3.8,57,A
366727190,2022-01-06T21:57:15,40.64036,-74.12880,0.0,212.0,176.0,JILL REINAUER,IMO7042813,WCW9655,31,0,30,8,3.8,57,A
366727190,2022-01-06T22:40:36,40.64035,-74.12878,0.1,242.5,175.0,JILL REINAUER,IMO7042813,WCW9655,31,0,30,8,3.8,57,A
366727190,2022-01-06T22:29:07,40.64038,-74.12880,0.0,277.5,175.0,JILL REINAUER,IMO7042813,WCW9655,31,0,30,8,3.8,57,A
366727190,2022-01-06T22:08:26,40.64033,-74.12882,0.0,242.3,175.0,JILL REINAUER,IMO7042813,WCW9655,31,0,30,8,3.8,57,A
366727190,2022-01-06T22:06:07,40.64037,-74.12878,0.0,230.5,175.0,JILL REINAUER,IMO7042813,WCW9655,31,0,30,8,3.8,57,A
366727190,2022-01-06T17:20:16,40.64038,-74.12879,0.0,275.5,175.0,JILL REINAUER,IMO7042813,WCW9655,31,0,30,8,3.8,57,A
366727190,2022-01-06T21:15:26,40.64040,-74.12880,0.0,312.9,178.0,JILL REINAUER,IMO7042813,WCW9655,31,0,30,8,3.8,57,A
366727190,2022-01-06T22:51:07,40.64034,-74.12876,0.0,257.7,177.0,JILL REINAUER,IMO7042813,WCW9655,31,0,30,8,3.8,57,A
366727190,2022-01-06T22:17:35,40.64034,-74.12877,0.0,280.6,174.0,JILL REINAUER,IMO7042813,WCW9655,31,0,30,8,3.8,57,A
366727190,2022-01-06T17:26:07,40.64040,-74.12875,0.0,170.5,174.0,JILL REINAUER,IMO7042813,WCW9655,31,0,30,8,3.8,57,A
366727190,2022-01-06T22:56:45,40.64036,-74.12877,0.0,278.4,174.0,JILL REINAUER,IMO7042813,WCW9655,31,0,30,8,3.8,57,A
366727190,2022-01-06T22:18:36,40.64034,-74.12879,0.0,267.1,174.0,JILL REINAUER,IMO7042813,WCW9655,31,0,30,8,3.8,57,A
366727190,2022-01-06T22:25:37,40.64039,-74.12881,0.0,10.4,174.0,JILL REINAUER,IMO7042813,WCW9655,31,0,30,8,3.8,57,A
366727190,2022-01-06T22:27:55,40.64036,-74.12879,0.0,155.1,175.0,JILL REINAUER,IMO7042813,WCW9655,31,0,30,8,3.8,57,A
366727190,2022-01-06T18:28:25,40.64037,-74.12876,0.0,283.6,176.0,JILL REINAUER,IMO7042813,WCW9655,31,0,30,8,3.8,57,A
366727190,2022-01-06T22:20:56,40.64035,-74.12883,0.0,196.3,174.0,JILL REINAUER,IMO7042813,WCW9655,31,0,30,8,3.8,57,A
366727190,2022-01-06T22:55:37,40.64036,-74.12878,0.0,343.6,175.0,JILL REINAUER,IMO7042813,WCW9655,31,0,30,8,3.8,57,A
366727190,2022-01-06T22:59:05,40.64032,-74.12882,0.0,351.4,174.0,JILL REINAUER,IMO7042813,WCW9655,31,0,30,8,3.8,57,A
366727190,2022-01-06T22:34:47,40.64040,-74.12879,0.0,296.4,175.0,JILL REINAUER,IMO7042813,WCW9655,31,0,30,8,3.8,57,A
366727190,2022-01-06T22:30:15,40.64039,-74.12878,0.0,238.4,176.0,JILL REINAUER,IMO7042813,WCW9655,31,0,30,8,3.8,57,A
366727190,2022-01-06T23:16:06,40.64038,-74.12874,0.0,211.4,173.0,JILL REINAUER,IMO7042813,WCW9655,31,0,30,8,3.8,57,A
366727190,2022-01-06T23:18:25,40.64037,-74.12873,0.0,213.6,173.0,JILL REINAUER,IMO7042813,WCW9655,31,0,30,8,3.8,57,A
366727190,2022-01-06T22:31:25,40.64037,-74.12876,0.0,178.0,176.0,JILL REINAUER,IMO7042813,WCW9655,31,0,30,8,3.8,57,A
366727190,2022-01-06T18:39:26,40.64037,-74.12877,0.0,214.3,173.0,JILL REINAUER,IMO7042813,WCW9655,31,0,30,8,3.8,57,A
366727190,2022-01-06T17:41:05,40.64037,-74.12883,0.0,311.0,174.0,JILL REINAUER,IMO7042813,WCW9655,31,0,30,8,3.8,57,A
366727190,2022-01-06T22:42:56,40.64037,-74.12877,0.0,152.8,176.0,JILL REINAUER,IMO7042813,WCW9655,31,0,30,8,3.8,57,A
366727190,2022-01-06T23:21:47,40.64035,-74.12877,0.0,343.0,174.0,JILL REINAUER,IMO7042813,WCW9655,31,0,30,8,3.8,57,A
366727190,2022-01-06T23:10:27,40.64039,-74.12875,0.0,296.6,172.0,JILL REINAUER,IMO7042813,WCW9655,31,0,30,8,3.8,57,A
366727190,2022-01-06T23:11:36,40.64038,-74.12874,0.0,237.4,172.0,JILL REINAUER,IMO7042813,WCW9655,31,0,30,8,3.8,57,A
366727190,2022-01-06T22:46:26,40.64037,-74.12881,0.0,245.6,175.0,JILL REINAUER,IMO7042813,WCW9655,31,0,30,8,3.8,57,A
366727190,2022-01-06T22:38:15,40.64038,-74.12877,0.0,217.8,176.0,JILL REINAUER,IMO7042813,WCW9655,31,0,30,8,3.8,57,A
366727190,2022-01-06T23:26:25,40.64033,-74.12879,0.0,249.7,175.0,JILL REINAUER,IMO7042813,WCW9655,31,0,30,8,3.8,57,A
366727190,2022-01-06T23:28:36,40.64034,-74.12879,0.0,227.7,175.0,JILL REINAUER,IMO7042813,WCW9655,31,0,30,8,3.8,57,A
366727190,2022-01-06T23:15:05,40.64038,-74.12878,0.0,148.4,173.0,JILL REINAUER,IMO7042813,WCW9655,31,0,30,8,3.8,57,A
366727190,2022-01-06T22:49:56,40.64036,-74.12877,0.0,343.9,175.0,JILL REINAUER,IMO7042813,WCW9655,31,0,30,8,3.8,57,A
366727190,2022-01-06T23:30:57,40.64034,-74.12877,0.0,205.9,175.0,JILL REINAUER,IMO7042813,WCW9655,31,0,30,8,3.8,57,A
366727190,2022-01-06T23:19:36,40.64038,-74.12875,0.0,271.9,173.0,JILL REINAUER,IMO7042813,WCW9655,31,0,30,8,3.8,57,A
366727190,2022-01-06T17:50:26,40.64039,-74.12878,0.0,293.0,175.0,JILL REINAUER,IMO7042813,WCW9655,31,0,30,8,3.8,57,A
366727190,2022-01-06T22:54:26,40.64040,-74.12877,0.0,37.0,175.0,JILL REINAUER,IMO7042813,WCW9655,31,0,30,8,3.8,57,A
366727190,2022-01-06T22:47:36,40.64035,-74.12879,0.0,258.7,177.0,JILL REINAUER,IMO7042813,WCW9655,31,0,30,8,3.8,57,A
366727190,2022-01-06T22:48:47,40.64033,-74.12879,0.0,254.4,176.0,JILL REINAUER,IMO7042813,WCW9655,31,0,30,8,3.8,57,A
366727190,2022-01-06T23:39:06,40.64038,-74.12881,0.0,253.1,177.0,JILL REINAUER,IMO7042813,WCW9655,31,0,30,8,3.8,57,A
366727190,2022-01-06T18:51:06,40.64038,-74.12877,0.0,221.6,174.0,JILL REINAUER,IMO7042813,WCW9655,31,0,30,8,3.8,57,A
366727190,2022-01-06T23:43:47,40.64038,-74.12877,0.0,252.1,176.0,JILL REINAUER,IMO7042813,WCW9655,31,0,30,8,3.8,57,A
366727190,2022-01-06T23:02:16,40.64037,-74.12878,0.0,228.6,174.0,JILL REINAUER,IMO7042813,WCW9655,31,0,30,8,3.8,57,A
366727190,2022-01-06T23:04:36,40.64037,-74.12876,0.0,171.6,173.0,JILL REINAUER,IMO7042813,WCW9655,31,0,30,8,3.8,57,A
366727190,2022-01-06T19:04:56,40.64039,-74.12877,0.0,191.6,173.0,JILL REINAUER,IMO7042813,WCW9655,31,0,30,8,3.8,57,A
366727190,2022-01-06T23:09:16,40.64037,-74.12878,0.0,156.0,173.0,JILL REINAUER,IMO7042813,WCW9655,31,0,30,8,3.8,57,A
366727190,2022-01-06T23:03:26,40.64036,-74.12876,0.0,144.8,173.0,JILL REINAUER,IMO7042813,WCW9655,31,0,30,8,3.8,57,A
366727190,2022-01-06T23:42:36,40.64036,-74.12879,0.0,329.2,176.0,JILL REINAUER,IMO7042813,WCW9655,31,0,30,8,3.8,57,A
366727190,2022-01-06T23:08:05,40.64034,-74.12882,0.0,164.6,173.0,JILL REINAUER,IMO7042813,WCW9655,31,0,30,8,3.8,57,A
366727190,2022-01-06T23:20:45,40.64035,-74.12875,0.0,283.2,173.0,JILL REINAUER,IMO7042813,WCW9655,31,0,30,8,3.8,57,A
366727190,2022-01-06T18:07:16,40.64036,-74.12879,0.0,233.2,174.0,JILL REINAUER,IMO7042813,WCW9655,31,0,30,8,3.8,57,A
366727190,2022-01-06T23:12:46,40.64038,-74.12873,0.0,258.8,173.0,JILL REINAUER,IMO7042813,WCW9655,31,0,30,8,3.8,57,A
366727190,2022-01-06T23:13:56,40.64039,-74.12877,0.0,222.3,173.0,JILL REINAUER,IMO7042813,WCW9655,31,0,30,8,3.8,57,A
366727190,2022-01-06T19:20:27,40.64042,-74.12873,0.0,287.6,174.0,JILL REINAUER,IMO7042813,WCW9655,31,0,30,8,3.8,57,A
366727190,2022-01-06T23:24:05,40.64033,-74.12877,0.0,227.0,174.0,JILL REINAUER,IMO7042813,WCW9655,31,0,30,8,3.8,57,A
366727190,2022-01-06T19:22:45,40.64040,-74.12874,0.0,277.2,174.0,JILL REINAUER,IMO7042813,WCW9655,31,0,30,8,3.8,57,A
366727190,2022-01-06T23:29:45,40.64035,-74.12878,0.0,301.8,175.0,JILL REINAUER,IMO7042813,WCW9655,31,0,30,8,3.8,57,A
366727190,2022-01-06T19:23:56,40.64039,-74.12874,0.0,233.3,174.0,JILL REINAUER,IMO7042813,WCW9655,31,0,30,8,3.8,57,A
366727190,2022-01-06T23:34:26,40.64035,-74.12877,0.0,268.1,175.0,JILL REINAUER,IMO7042813,WCW9655,31,0,30,8,3.8,57,A
366727190,2022-01-06T23:37:56,40.64037,-74.12879,0.0,218.9,177.0,JILL REINAUER,IMO7042813,WCW9655,31,0,30,8,3.8,57,A
366727190,2022-01-06T19:31:56,40.64038,-74.12876,0.0,185.3,174.0,JILL REINAUER,IMO7042813,WCW9655,31,0,30,8,3.8,57,A
366727190,2022-01-06T23:33:15,40.64034,-74.12877,0.0,309.6,175.0,JILL REINAUER,IMO7042813,WCW9655,31,0,30,8,3.8,57,A
366727190,2022-01-06T19:34:16,40.64041,-74.12873,0.0,87.2,175.0,JILL REINAUER,IMO7042813,WCW9655,31,0,30,8,3.8,57,A
366727190,2022-01-06T22:35:56,40.64038,-74.12879,0.0,277.3,175.0,JILL REINAUER,IMO7042813,WCW9655,31,0,30,8,3.8,57,A
366727190,2022-01-06T23:47:16,40.64035,-74.12874,0.0,194.3,175.0,JILL REINAUER,IMO7042813,WCW9655,31,0,30,8,3.8,57,A
366727190,2022-01-06T18:34:46,40.64039,-74.12877,0.0,301.5,174.0,JILL REINAUER,IMO7042813,WCW9655,31,0,30,8,3.8,57,A
366727190,2022-01-06T22:41:46,40.64039,-74.12878,0.0,251.4,176.0,JILL REINAUER,IMO7042813,WCW9655,31,0,30,8,3.8,57,A
366727190,2022-01-06T18:35:56,40.64039,-74.12878,0.0,313.3,174.0,JILL REINAUER,IMO7042813,WCW9655,31,0,30,8,3.8,57,A
366727190,2022-01-06T18:37:07,40.64040,-74.12876,0.0,338.2,174.0,JILL REINAUER,IMO7042813,WCW9655,31,0,30,8,3.8,57,A
366727190,2022-01-06T19:42:15,40.64035,-74.12876,0.0,24.6,173.0,JILL REINAUER,IMO7042813,WCW9655,31,0,30,8,3.8,57,A
366727190,2022-01-06T23:53:05,40.64035,-74.12876,0.0,235.7,176.0,JILL REINAUER,IMO7042813,WCW9655,31,0,30,8,3.8,57,A
366727190,2022-01-06T23:56:35,40.64037,-74.12876,0.0,350.2,174.0,JILL REINAUER,IMO7042813,WCW9655,31,0,30,8,3.8,57,A
366727190,2022-01-06T23:54:16,40.64037,-74.12877,0.0,304.3,176.0,JILL REINAUER,IMO7042813,WCW9655,31,0,30,8,3.8,57,A
366727190,2022-01-06T23:57:45,40.64037,-74.12879,0.0,297.3,174.0,JILL REINAUER,IMO7042813,WCW9655,31,0,30,8,3.8,57,A
366727190,2022-01-06T23:58:56,40.64038,-74.12877,0.0,304.3,174.0,JILL REINAUER,IMO7042813,WCW9655,31,0,30,8,3.8,57,A
366727190,2022-01-06T19:53:55,40.64037,-74.12876,0.0,269.9,174.0,JILL REINAUER,IMO7042813,WCW9655,31,0,30,8,3.8,57,A
366727190,2022-01-06T19:55:06,40.64039,-74.12875,0.0,178.2,174.0,JILL REINAUER,IMO7042813,WCW9655,31,0,30,8,3.8,57,A
366727190,2022-01-06T18:56:56,40.64038,-74.12877,0.0,283.9,174.0,JILL REINAUER,IMO7042813,WCW9655,31,0,30,8,3.8,57,A
366727190,2022-01-06T23:06:55,40.64036,-74.12880,0.0,272.3,173.0,JILL REINAUER,IMO7042813,WCW9655,31,0,30,8,3.8,57,A
366727190,2022-01-06T19:07:26,40.64039,-74.12878,0.0,197.3,174.0,JILL REINAUER,IMO7042813,WCW9655,31,0,30,8,3.8,57,A
366727190,2022-01-06T19:10:57,40.64041,-74.12876,0.0,265.1,174.0,JILL REINAUER,IMO7042813,WCW9655,31,0,30,8,3.8,57,A
366727190,2022-01-06T20:09:36,40.64042,-74.12879,0.0,341.4,174.0,JILL REINAUER,IMO7042813,WCW9655,31,0,30,8,3.8,57,A
366727190,2022-01-06T20:11:55,40.64039,-74.12876,0.0,266.9,173.0,JILL REINAUER,IMO7042813,WCW9655,31,0,30,8,3.8,57,A
366727190,2022-01-06T20:13:07,40.64038,-74.12882,0.0,258.9,174.0,JILL REINAUER,IMO7042813,WCW9655,31,0,30,8,3.8,57,A
366727190,2022-01-06T23:25:16,40.64033,-74.12879,0.0,153.6,174.0,JILL REINAUER,IMO7042813,WCW9655,31,0,30,8,3.8,57,A
366727190,2022-01-06T20:20:06,40.64039,-74.12878,0.0,237.0,173.0,JILL REINAUER,IMO7042813,WCW9655,31,0,30,8,3.8,57,A
366727190,2022-01-06T23:32:05,40.64033,-74.12877,0.0,284.3,175.0,JILL REINAUER,IMO7042813,WCW9655,31,0,30,8,3.8,57,A
366727190,2022-01-06T20:25:56,40.64041,-74.12879,0.0,258.1,175.0,JILL REINAUER,IMO7042813,WCW9655,31,0,30,8,3.8,57,A
366727190,2022-01-06T23:46:06,40.64037,-74.12877,0.0,264.2,176.0,JILL REINAUER,IMO7042813,WCW9655,31,0,30,8,3.8,57,A
366727190,2022-01-06T23:48:25,40.64034,-74.12874,0.0,197.0,176.0,JILL REINAUER,IMO7042813,WCW9655,31,0,30,8,3.8,57,A
366727190,2022-01-06T23:49:36,40.64035,-74.12876,0.0,226.9,176.0,JILL REINAUER,IMO7042813,WCW9655,31,0,30,8,3.8,57,A
366727190,2022-01-06T19:35:26,40.64040,-74.12874,0.1,231.4,175.0,JILL REINAUER,IMO7042813,WCW9655,31,0,30,8,3.8,57,A
366727190,2022-01-06T23:50:45,40.64032,-74.12877,0.0,253.3,175.0,JILL REINAUER,IMO7042813,WCW9655,31,0,30,8,3.8,57,A
366727190,2022-01-06T23:51:56,40.64034,-74.12878,0.0,147.8,176.0,JILL REINAUER,IMO7042813,WCW9655,31,0,30,8,3.8,57,A
366727190,2022-01-06T19:36:36,40.64039,-74.12873,0.0,314.4,174.0,JILL REINAUER,IMO7042813,WCW9655,31,0,30,8,3.8,57,A
366727190,2022-01-06T20:36:27,40.64040,-74.12879,0.0,278.4,175.0,JILL REINAUER,IMO7042813,WCW9655,31,0,30,8,3.8,57,A
366727190,2022-01-06T19:48:06,40.64038,-74.12876,0.0,305.5,177.0,JILL REINAUER,IMO7042813,WCW9655,31,0,30,8,3.8,57,A
366727190,2022-01-06T20:56:15,40.64041,-74.12883,0.0,293.3,177.0,JILL REINAUER,IMO7042813,WCW9655,31,0,30,8,3.8,57,A
366727190,2022-01-06T20:00:06,40.64038,-74.12878,0.0,290.6,174.0,JILL REINAUER,IMO7042813,WCW9655,31,0,30,8,3.8,57,A
366727190,2022-01-06T21:01:17,40.64043,-74.12880,0.1,334.9,174.0,JILL REINAUER,IMO7042813,WCW9655,31,0,30,8,3.8,57,A
366727190,2022-01-06T20:07:16,40.64046,-74.12873,0.0,177.7,173.0,JILL REINAUER,IMO7042813,WCW9655,31,0,30,8,3.8,57,A
366727190,2022-01-06T21:06:06,40.64041,-74.12878,0.0,246.3,175.0,JILL REINAUER,IMO7042813,WCW9655,31,0,30,8,3.8,57,A
366727190,2022-01-06T21:07:17,40.64041,-74.12882,0.0,358.0,175.0,JILL REINAUER,IMO7042813,WCW9655,31,0,30,8,3.8,57,A
366727190,2022-01-06T21:08:25,40.64043,-74.12878,0.0,293.2,176.0,JILL REINAUER,IMO7042813,WCW9655,31,0,30,8,3.8,57,A
366727190,2022-01-06T21:22:16,40.64039,-74.12873,0.0,324.3,177.0,JILL REINAUER,IMO7042813,WCW9655,31,0,30,8,3.8,57,A
366727190,2022-01-06T20:27:05,40.64046,-74.12879,0.0,277.2,175.0,JILL REINAUER,IMO7042813,WCW9655,31,0,30,8,3.8,57,A
366727190,2022-01-06T21:25:47,40.64036,-74.12876,0.0,306.0,174.0,JILL REINAUER,IMO7042813,WCW9655,31,0,30,8,3.8,57,A
366727190,2022-01-06T21:28:06,40.64038,-74.12875,0.0,356.4,175.0,JILL REINAUER,IMO7042813,WCW9655,31,0,30,8,3.8,57,A
366727190,2022-01-06T20:50:26,40.64045,-74.12882,0.0,238.2,177.0,JILL REINAUER,IMO7042813,WCW9655,31,0,30,8,3.8,57,A
366727190,2022-01-06T21:51:26,40.64037,-74.12878,0.0,309.1,175.0,JILL REINAUER,IMO7042813,WCW9655,31,0,30,8,3.8,57,A
366727190,2022-01-06T21:58:25,40.64038,-74.12879,0.0,6.2,176.0,JILL REINAUER,IMO7042813,WCW9655,31,0,30,8,3.8,57,A
366727190,2022-01-06T22:04:46,40.64036,-74.12878,0.0,285.0,175.0,JILL REINAUER,IMO7042813,WCW9655,31,0,30,8,3.8,57,A
366727190,2022-01-06T22:10:45,40.64038,-74.12878,0.0,254.7,175.0,JILL REINAUER,IMO7042813,WCW9655,31,0,30,8,3.8,57,A
366727190,2022-01-06T22:19:46,40.64035,-74.12880,0.0,316.6,174.0,JILL REINAUER,IMO7042813,WCW9655,31,0,30,8,3.8,57,A
366727190,2022-01-06T22:23:15,40.64035,-74.12877,0.0,160.1,174.0,JILL REINAUER,IMO7042813,WCW9655,31,0,30,8,3.8,57,A
366727190,2022-01-06T21:39:46,40.64041,-74.12872,0.0,262.4,174.0,JILL REINAUER,IMO7042813,WCW9655,31,0,30,8,3.8,57,A
366727190,2022-01-06T21:45:36,40.64037,-74.12878,0.0,70.1,175.0,JILL REINAUER,IMO7042813,WCW9655,31,0,30,8,3.8,57,A
366727190,2022-01-06T21:49:06,40.64036,-74.12878,0.0,159.7,176.0,JILL REINAUER,IMO7042813,WCW9655,31,0,30,8,3.8,57,A
366727190,2022-01-06T21:50:16,40.64037,-74.12876,0.0,59.5,174.0,JILL REINAUER,IMO7042813,WCW9655,31,0,30,8,3.8,57,A
366727190,2022-01-06T22:32:26,40.64038,-74.12878,0.0,323.5,175.0,JILL REINAUER,IMO7042813,WCW9655,31,0,30,8,3.8,57,A
366727190,2022-01-06T21:59:35,40.64037,-74.12878,0.0,0.4,175.0,JILL REINAUER,IMO7042813,WCW9655,31,0,30,8,3.8,57,A
366727190,2022-01-06T22:39:25,40.64036,-74.12879,0.0,349.2,176.0,JILL REINAUER,IMO7042813,WCW9655,31,0,30,8,3.8,57,A
366727190,2022-01-06T22:01:16,40.64037,-74.12877,0.0,109.9,175.0,JILL REINAUER,IMO7042813,WCW9655,31,0,30,8,3.8,57,A
366727190,2022-01-06T22:02:25,40.64034,-74.12875,0.0,297.7,174.0,JILL REINAUER,IMO7042813,WCW9655,31,0,30,8,3.8,57,A
366727190,2022-01-06T22:44:07,40.64038,-74.12875,0.0,230.3,175.0,JILL REINAUER,IMO7042813,WCW9655,31,0,30,8,3.8,57,A
366727190,2022-01-06T22:15:16,40.64034,-74.12877,0.1,346.8,174.0,JILL REINAUER,IMO7042813,WCW9655,31,0,30,8,3.8,57,A
366727190,2022-01-06T22:16:26,40.64036,-74.12874,0.0,9.5,174.0,JILL REINAUER,IMO7042813,WCW9655,31,0,30,8,3.8,57,A
366727190,2022-01-06T22:57:56,40.64035,-74.12879,0.0,69.1,174.0,JILL REINAUER,IMO7042813,WCW9655,31,0,30,8,3.8,57,A
366727190,2022-01-06T23:00:05,40.64037,-74.12874,0.0,228.8,174.0,JILL REINAUER,IMO7042813,WCW9655,31,0,30,8,3.8,57,A
366727190,2022-01-06T22:26:46,40.64040,-74.12879,0.0,287.8,175.0,JILL REINAUER,IMO7042813,WCW9655,31,0,30,8,3.8,57,A
366727190,2022-01-06T23:01:06,40.64037,-74.12875,0.0,167.4,174.0,JILL REINAUER,IMO7042813,WCW9655,31,0,30,8,3.8,57,A
366727190,2022-01-06T22:45:17,40.64040,-74.12878,0.0,210.7,176.0,JILL REINAUER,IMO7042813,WCW9655,31,0,30,8,3.8,57,A
366727190,2022-01-06T22:52:16,40.64036,-74.12878,0.0,17.0,176.0,JILL REINAUER,IMO7042813,WCW9655,31,0,30,8,3.8,57,A
366727190,2022-01-06T22:53:25,40.64039,-74.12878,0.0,250.8,175.0,JILL REINAUER,IMO7042813,WCW9655,31,0,30,8,3.8,57,A
366727190,2022-01-06T23:27:35,40.64034,-74.12880,0.0,304.3,175.0,JILL REINAUER,IMO7042813,WCW9655,31,0,30,8,3.8,57,A
366727190,2022-01-06T23:41:27,40.64038,-74.12878,0.0,281.4,176.0,JILL REINAUER,IMO7042813,WCW9655,31,0,30,8,3.8,57,A
366727190,2022-01-06T23:17:16,40.64035,-74.12874,0.0,269.7,173.0,JILL REINAUER,IMO7042813,WCW9655,31,0,30,8,3.8,57,A
366727190,2022-01-06T23:44:55,40.64037,-74.12877,0.0,209.8,175.0,JILL REINAUER,IMO7042813,WCW9655,31,0,30,8,3.8,57,A
366727190,2022-01-06T23:22:56,40.64033,-74.12877,0.0,208.8,174.0,JILL REINAUER,IMO7042813,WCW9655,31,0,30,8,3.8,57,A
366727190,2022-01-06T23:35:36,40.64036,-74.12877,0.0,159.1,175.0,JILL REINAUER,IMO7042813,WCW9655,31,0,30,8,3.8,57,A
366727190,2022-01-06T23:36:47,40.64038,-74.12879,0.0,192.3,175.0,JILL REINAUER,IMO7042813,WCW9655,31,0,30,8,3.8,57,A
366727190,2022-01-06T23:40:17,40.64037,-74.12879,0.0,193.6,176.0,JILL REINAUER,IMO7042813,WCW9655,31,0,30,8,3.8,57,A
366727190,2022-01-06T23:55:26,40.64037,-74.12877,0.0,351.0,175.0,JILL REINAUER,IMO7042813,WCW9655,31,0,30,8,3.8,57,A
