367456430,2022-01-01T00:00:01,29.87565,-89.97535,8.4,193.8,511.0,CAPT WEBSTER,,WDF4843,31,0,19,7,,31,A
367456430,2022-01-01T00:01:10,29.87301,-89.97609,8.5,194.3,511.0,CAPT WEBSTER,,WDF4843,31,0,19,7,,31,A
367456430,2022-01-01T00:02:21,29.87020,-89.97679,8.7,190.0,511.0,CAPT WEBSTER,,WDF4843,31,0,19,7,,31,A
367456430,2022-01-01T00:04:41,29.86461,-89.97787,8.8,186.6,511.0,CAPT WEBSTER,,WDF4843,31,0,19,7,,31,A
367456430,2022-01-01T00:03:30,29.86748,-89.97740,8.8,191.2,511.0,CAPT WEBSTER,,WDF4843,31,0,19,7,,31,A
367456430,2022-01-01T00:05:51,29.86175,-89.97824,8.9,186.1,511.0,CAPT WEBSTER,,WDF4843,31,0,19,7,,31,A
367456430,2022-01-01T00:07:00,29.85898,-89.97885,8.9,189.8,511.0,CAPT WEBSTER,,WDF4843,31,0,19,7,,31,A
367456430,2022-01-01T00:08:10,29.85614,-89.97943,8.8,190.5,511.0,CAPT WEBSTER,,WDF4843,31,0,19,7,,31,A
367456430,2022-01-01T00:09:12,29.85369,-89.98015,8.8,200.0,511.0,CAPT WEBSTER,,WDF4843,31,0,19,7,,31,A
367456430,2022-01-01T00:10:20,29.85109,-89.98138,8.9,202.1,511.0,CAPT WEBSTER,,WDF4843,31,0,19,7,,31,A
367456430,2022-01-01T00:11:31,29.84846,-89.98264,8.8,208.4,511.0,CAPT WEBSTER,,WDF4843,31,0,19,7,,31,A
367456430,2022-01-01T00:12:40,29.84596,-89.98432,8.9,213.2,511.0,CAPT WEBSTER,,WDF4843,31,0,19,7,,31,A
367456430,2022-01-01T00:13:51,29.84358,-89.98616,8.8,214.5,511.0,CAPT WEBSTER,,WDF4843,31,0,19,7,,31,A
367456430,2022-01-01T00:17:20,29.83710,-89.99231,6.9,223.0,511.0,CAPT WEBSTER,,WDF4843,31,0,19,7,,31,A
367456430,2022-01-01T00:18:21,29.83616,-89.99332,4.0,220.9,511.0,CAPT WEBSTER,,WDF4843,31,0,19,7,,31,A
367456430,2022-01-01T00:15:01,29.84134,-89.98815,8.8,222.2,511.0,CAPT WEBSTER,,WDF4843,31,0,19,7,,31,A
367456430,2022-01-01T00:20:50,29.83469,-89.99573,3.0,259.6,511.0,CAPT WEBSTER,,WDF4843,31,0,19,7,,31,A
367456430,2022-01-01T00:16:12,29.83917,-89.99026,8.8,219.8,511.0,CAPT WEBSTER,,WDF4843,31,0,19,7,,31,A
367456430,2022-01-01T00:19:41,29.83518,-89.99461,3.8,236.4,511.0,CAPT WEBSTER,,WDF4843,31,0,19,7,,31,A
367456430,2022-01-01T00:26:42,29.83549,-89.99721,0.1,84.1,511.0,CAPT WEBSTER,,WDF4843,31,0,19,7,,31,A
367456430,2022-01-01T00:24:22,29.83548,-89.99741,0.1,332.4,511.0,CAPT WEBSTER,,WDF4843,31,0,19,7,,31,A
367456430,2022-01-01T00:22:00,29.83496,-89.99667,2.6,316.2,511.0,CAPT WEBSTER,,WDF4843,31,0,19,7,,31,A
367456430,2022-01-01T00:25:30,29.83547,-89.99729,0.3,90.3,511.0,CAPT WEBSTER,,WDF4843,31,0,19,7,,31,A
367456430,2022-01-01T00:23:12,29.83536,-89.99730,1.0,299.9,511.0,CAPT WEBSTER,,WDF4843,31,0,19,7,,31,A
367456430,2022-01-01T00:27:51,29.83549,-89.99718,0.0,83.1,511.0,CAPT WEBSTER,,WDF4843,31,0,19,7,,31,A
367456430,2022-01-01T00:31:02,29.83552,-89.99716,0.0,82.9,511.0,CAPT WEBSTER,,WDF4843,31,0,19,7,,31,A
367456430,2022-01-01T00:28:52,29.83550,-89.99716,0.0,82.7,511.0,CAPT WEBSTER,,WDF4843,31,0,19,7,,31,A
367456430,2022-01-01T00:30:01,29.83550,-89.99715,0.1,82.9,511.0,CAPT WEBSTER,,WDF4843,31,0,19,7,,31,A
367456430,2022-01-01T00:32:11,29.83554,-89.99715,0.0,87.5,511.0,CAPT WEBSTER,,WDF4843,31,0,19,7,,31,A
367456430,2022-01-01T00:33:21,29.83553,-89.99714,0.0,132.7,511.0,CAPT WEBSTER,,WDF4843,31,0,19,7,,31,A
367456430,2022-01-01T00:37:51,29.83550,-89.99712,0.0,179.2,511.0,CAPT WEBSTER,,WDF4843,31,0,19,7,,31,A
367456430,2022-01-01T00:34:22,29.83552,-89.99715,0.1,176.6,511.0,CAPT WEBSTER,,WDF4843,31,0,19,7,,31,A
367456430,2022-01-01T00:35:30,29.83552,-89.99714,0.0,189.0,511.0,CAPT WEBSTER,,WDF4843,31,0,19,7,,31,A
367456430,2022-01-01T00:39:00,29.83551,-89.99711,0.1,195.3,511.0,CAPT WEBSTER,,WDF4843,31,0,19,7,,31,A
367456430,2022-01-01T00:36:41,29.83550,-89.99712,0.1,161.7,511.0,CAPT WEBSTER,,WDF4843,31,0,19,7,,31,A
367456430,2022-01-01T00:42:22,29.83548,-89.99711,0.1,238.0,511.0,CAPT WEBSTER,,WDF4843,31,0,19,7,,31,A
367456430,2022-01-01T00:40:11,29.83549,-89.99711,0.0,215.7,511.0,CAPT WEBSTER,,WDF4843,31,0,19,7,,31,A
367456430,2022-01-01T00:46:11,29.83548,-89.99714,0.1,252.1,511.0,CAPT WEBSTER,,WDF4843,31,0,19,7,,31,A
367456430,2022-01-01T00:41:21,29.83550,-89.99712,0.0,231.7,511.0,CAPT WEBSTER,,WDF4843,31,0,19,7,,31,A
367456430,2022-01-01T00:45:01,29.83547,-89.99711,0.0,249.0,511.0,CAPT WEBSTER,,WDF4843,31,0,19,7,,31,A
367456430,2022-01-01T00:47:12,29.83547,-89.99714,0.0,255.1,511.0,CAPT WEBSTER,,WDF4843,31,0,19,7,,31,A
367456430,2022-01-01T00:51:52,29.83547,-89.99716,0.0,247.3,511.0,CAPT WEBSTER,,WDF4843,31,0,19,7,,31,A
367456430,2022-01-01T00:50:41,29.83550,-89.99716,0.0,251.9,511.0,CAPT WEBSTER,,WDF4843,31,0,19,7,,31,A
367456430,2022-01-01T00:54:12,29.83551,-89.99716,0.0,227.0,511.0,CAPT WEBSTER,,WDF4843,31,0,19,7,,31,A
367456430,2022-01-01T00:53:01,29.83551,-89.99717,0.0,231.3,511.0,CAPT WEBSTER,,WDF4843,31,0,19,7,,31,A
367456430,2022-01-01T01:02:12,29.83547,-89.99713,0.0,213.5,511.0,CAPT WEBSTER,,WDF4843,31,0,19,7,,31,A
367456430,2022-01-01T00:55:21,29.83549,-89.99715,0.1,233.9,511.0,CAPT WEBSTER,,WDF4843,31,0,19,7,,31,A
367456430,2022-01-01T01:04:31,29.83549,-89.99714,0.0,197.1,511.0,CAPT WEBSTER,,WDF4843,31,0,19,7,,31,A
367456430,2022-01-01T01:03:22,29.83548,-89.99712,0.0,196.5,511.0,CAPT WEBSTER,,WDF4843,31,0,19,7,,31,A
367456430,2022-01-01T01:00:02,29.83547,-89.99714,0.0,192.3,511.0,CAPT WEBSTER,,WDF4843,31,0,19,7,,31,A
367456430,2022-01-01T00:58:52,29.83549,-89.99714,0.0,177.2,511.0,CAPT WEBSTER,,WDF4843,31,0,19,7,,31,A
367456430,2022-01-01T01:05:40,29.83549,-89.99714,0.0,200.2,511.0,CAPT WEBSTER,,WDF4843,31,0,19,7,,31,A
367456430,2022-01-01T01:09:32,29.83548,-89.99715,0.1,215.1,511.0,CAPT WEBSTER,,WDF4843,31,0,19,7,,31,A
367456430,2022-01-01T01:10:41,29.83551,-89.99714,0.0,207.5,511.0,CAPT WEBSTER,,WDF4843,31,0,19,7,,31,A
367456430,2022-01-01T01:08:22,29.83550,-89.99715,0.0,208.7,511.0,CAPT WEBSTER,,WDF4843,31,0,19,7,,31,A
367456430,2022-01-01T01:13:01,29.83550,-89.99714,0.0,220.6,511.0,CAPT WEBSTER,,WDF4843,31,0,19,7,,31,A
367456430,2022-01-01T01:15:20,29.83550,-89.99716,0.1,227.1,511.0,CAPT WEBSTER,,WDF4843,31,0,19,7,,31,A
367456430,2022-01-01T01:14:11,29.83548,-89.99715,0.0,221.9,511.0,CAPT WEBSTER,,WDF4843,31,0,19,7,,31,A
367456430,2022-01-01T01:17:40,29.83552,-89.99717,0.0,236.0,511.0,CAPT WEBSTER,,WDF4843,31,0,19,7,,31,A
367456430,2022-01-01T00:43:51,29.83547,-89.99711,0.1,238.6,511.0,CAPT WEBSTER,,WDF4843,31,0,19,7,,31,A
367456430,2022-01-01T01:22:11,29.83551,-89.99718,0.0,215.5,511.0,CAPT WEBSTER,,WDF4843,31,0,19,7,,31,A
367456430,2022-01-01T01:18:50,29.83551,-89.99717,0.0,226.7,511.0,CAPT WEBSTER,,WDF4843,31,0,19,7,,31,A
367456430,2022-01-01T01:23:20,29.83549,-89.99716,0.0,182.3,511.0,CAPT WEBSTER,,WDF4843,31,0,19,7,,31,A
367456430,2022-01-01T01:19:51,29.83550,-89.99717,0.0,215.1,511.0,CAPT WEBSTER,,WDF4843,31,0,19,7,,31,A
367456430,2022-01-01T01:16:30,29.83552,-89.99716,0.0,231.4,511.0,CAPT WEBSTER,,WDF4843,31,0,19,7,,31,A
367456430,2022-01-01T01:25:40,29.83548,-89.99716,0.0,184.9,511.0,CAPT WEBSTER,,WDF4843,31,0,19,7,,31,A
367456430,2022-01-01T01:24:31,29.83549,-89.99716,0.0,165.0,511.0,CAPT WEBSTER,,WDF4843,31,0,19,7,,31,A
367456430,2022-01-01T00:48:21,29.83547,-89.99715,0.0,256.1,511.0,CAPT WEBSTER,,WDF4843,31,0,19,7,,31,A
367456430,2022-01-01T01:21:01,29.83551,-89.99718,0.0,213.6,511.0,CAPT WEBSTER,,WDF4843,31,0,19,7,,31,A
367456430,2022-01-01T01:30:50,29.83548,-89.99715,0.0,209.0,511.0,CAPT WEBSTER,,WDF4843,31,0,19,7,,31,A
367456430,2022-01-01T00:49:31,29.83548,-89.99716,0.0,258.1,511.0,CAPT WEBSTER,,WDF4843,31,0,19,7,,31,A
367456430,2022-01-01T01:34:21,29.83549,-89.99717,0.0,216.6,511.0,CAPT WEBSTER,,WDF4843,31,0,19,7,,31,A
367456430,2022-01-01T01:29:12,29.83549,-89.99716,0.1,215.6,511.0,CAPT WEBSTER,,WDF4843,31,0,19,7,,31,A
367456430,2022-01-01T01:26:51,29.83549,-89.99714,0.1,197.1,511.0,CAPT WEBSTER,,WDF4843,31,0,19,7,,31,A
367456430,2022-01-01T01:32:01,29.83548,-89.99715,0.0,199.0,511.0,CAPT WEBSTER,,WDF4843,31,0,19,7,,31,A
367456430,2022-01-01T01:28:01,29.83550,-89.99716,0.0,210.8,511.0,CAPT WEBSTER,,WDF4843,31,0,19,7,,31,A
367456430,2022-01-01T01:37:50,29.83549,-89.99719,0.0,234.0,511.0,CAPT WEBSTER,,WDF4843,31,0,19,7,,31,A
367456430,2022-01-01T01:35:31,29.83550,-89.99718,0.0,226.0,511.0,CAPT WEBSTER,,WDF4843,31,0,19,7,,31,A
367456430,2022-01-01T00:56:31,29.83551,-89.99716,0.0,241.1,511.0,CAPT WEBSTER,,WDF4843,31,0,19,7,,31,A
367456430,2022-01-01T00:57:41,29.83549,-89.99715,0.0,238.0,511.0,CAPT WEBSTER,,WDF4843,31,0,19,7,,31,A
367456430,2022-01-01T01:40:10,29.83549,-89.99721,0.0,252.4,511.0,CAPT WEBSTER,,WDF4843,31,0,19,7,,31,A
367456430,2022-01-01T01:36:42,29.83546,-89.99717,0.0,219.6,511.0,CAPT WEBSTER,,WDF4843,31,0,19,7,,31,A
367456430,2022-01-01T01:33:10,29.83549,-89.99715,0.0,205.6,511.0,CAPT WEBSTER,,WDF4843,31,0,19,7,,31,A
367456430,2022-01-01T01:42:21,29.83549,-89.99721,0.0,224.4,511.0,CAPT WEBSTER,,WDF4843,31,0,19,7,,31,A
367456430,2022-01-01T01:39:02,29.83549,-89.99720,0.3,240.1,511.0,CAPT WEBSTER,,WDF4843,31,0,19,7,,31,A
367456430,2022-01-01T01:43:31,29.83546,-89.99719,0.0,214.7,511.0,CAPT WEBSTER,,WDF4843,31,0,19,7,,31,A
367456430,2022-01-01T01:45:51,29.83548,-89.99719,0.0,203.9,511.0,CAPT WEBSTER,,WDF4843,31,0,19,7,,31,A
367456430,2022-01-01T01:44:41,29.83548,-89.99719,0.0,202.6,511.0,CAPT WEBSTER,,WDF4843,31,0,19,7,,31,A
367456430,2022-01-01T01:47:01,29.83547,-89.99719,0.0,210.1,511.0,CAPT WEBSTER,,WDF4843,31,0,19,7,,31,A
367456430,2022-01-01T01:49:21,29.83547,-89.99719,0.1,212.2,511.0,CAPT WEBSTER,,WDF4843,31,0,19,7,,31,A
367456430,2022-01-01T01:55:11,29.83548,-89.99718,0.0,236.8,511.0,CAPT WEBSTER,,WDF4843,31,0,19,7,,31,A
367456430,2022-01-01T01:56:21,29.83545,-89.99718,0.0,230.9,511.0,CAPT WEBSTER,,WDF4843,31,0,19,7,,31,A
367456430,2022-01-01T01:57:30,29.83548,-89.99718,0.0,228.6,511.0,CAPT WEBSTER,,WDF4843,31,0,19,7,,31,A
367456430,2022-01-01T01:54:01,29.83549,-89.99720,0.0,229.8,511.0,CAPT WEBSTER,,WDF4843,31,0,19,7,,31,A
367456430,2022-01-01T01:52:50,29.83549,-89.99720,0.0,222.1,511.0,CAPT WEBSTER,,WDF4843,31,0,19,7,,31,A
367456430,2022-01-01T02:00:00,29.83553,-89.99719,0.0,220.6,511.0,CAPT WEBSTER,,WDF4843,31,0,19,7,,31,A
367456430,2022-01-01T01:50:30,29.83546,-89.99719,0.0,207.6,511.0,CAPT WEBSTER,,WDF4843,31,0,19,7,,31,A
367456430,2022-01-01T01:59:41,29.83552,-89.99719,0.1,214.6,511.0,CAPT WEBSTER,,WDF4843,31,0,19,7,,31,A
367456430,2022-01-01T01:51:40,29.83548,-89.99722,0.0,224.1,511.0,CAPT WEBSTER,,WDF4843,31,0,19,7,,31,A
367456430,2022-01-01T02:04:30,29.83548,-89.99720,0.0,242.8,511.0,CAPT WEBSTER,,WDF4843,31,0,19,7,,31,A
367456430,2022-01-01T02:01:11,29.83549,-89.99719,0.0,225.2,511.0,CAPT WEBSTER,,WDF4843,31,0,19,7,,31,A
367456430,2022-01-01T01:58:40,29.83549,-89.99718,0.0,213.8,511.0,CAPT WEBSTER,,WDF4843,31,0,19,7,,31,A
367456430,2022-01-01T02:02:20,29.83549,-89.99719,0.0,238.5,511.0,CAPT WEBSTER,,WDF4843,31,0,19,7,,31,A
367456430,2022-01-01T02:03:21,29.83549,-89.99720,0.0,243.3,511.0,CAPT WEBSTER,,WDF4843,31,0,19,7,,31,A
367456430,2022-01-01T01:07:11,29.83549,-89.99713,0.0,205.2,511.0,CAPT WEBSTER,,WDF4843,31,0,19,7,,31,A
367456430,2022-01-01T02:11:31,29.83548,-89.99720,0.0,292.8,511.0,CAPT WEBSTER,,WDF4843,31,0,19,7,,31,A
367456430,2022-01-01T02:05:41,29.83549,-89.99720,0.1,243.6,511.0,CAPT WEBSTER,,WDF4843,31,0,19,7,,31,A
367456430,2022-01-01T02:08:00,29.83550,-89.99720,0.0,253.4,511.0,CAPT WEBSTER,,WDF4843,31,0,19,7,,31,A
367456430,2022-01-01T02:10:21,29.83548,-89.99719,0.0,260.4,511.0,CAPT WEBSTER,,WDF4843,31,0,19,7,,31,A
367456430,2022-01-01T02:15:31,29.83548,-89.99720,0.1,317.7,511.0,CAPT WEBSTER,,WDF4843,31,0,19,7,,31,A
367456430,2022-01-01T02:14:20,29.83546,-89.99721,0.0,316.2,511.0,CAPT WEBSTER,,WDF4843,31,0,19,7,,31,A
367456430,2022-01-01T01:11:52,29.83550,-89.99714,0.1,210.5,511.0,CAPT WEBSTER,,WDF4843,31,0,19,7,,31,A
367456430,2022-01-01T02:23:02,29.83548,-89.99721,0.0,293.4,511.0,CAPT WEBSTER,,WDF4843,31,0,19,7,,31,A
367456430,2022-01-01T02:24:11,29.83547,-89.99720,0.0,287.5,511.0,CAPT WEBSTER,,WDF4843,31,0,19,7,,31,A
367456430,2022-01-01T02:09:10,29.83550,-89.99721,0.0,252.9,511.0,CAPT WEBSTER,,WDF4843,31,0,19,7,,31,A
367456430,2022-01-01T02:17:50,29.83548,-89.99720,0.0,322.2,511.0,CAPT WEBSTER,,WDF4843,31,0,19,7,,31,A
367456430,2022-01-01T02:29:52,29.83546,-89.99720,0.0,284.4,511.0,CAPT WEBSTER,,WDF4843,31,0,19,7,,31,A
367456430,2022-01-01T02:31:00,29.83548,-89.99721,0.0,275.1,511.0,CAPT WEBSTER,,WDF4843,31,0,19,7,,31,A
367456430,2022-01-01T02:32:12,29.83547,-89.99720,0.0,283.2,511.0,CAPT WEBSTER,,WDF4843,31,0,19,7,,31,A
367456430,2022-01-01T02:25:21,29.83548,-89.99722,0.0,287.6,511.0,CAPT WEBSTER,,WDF4843,31,0,19,7,,31,A
367456430,2022-01-01T02:20:11,29.83547,-89.99718,0.0,315.3,511.0,CAPT WEBSTER,,WDF4843,31,0,19,7,,31,A
367456430,2022-01-01T02:21:51,29.83547,-89.99720,0.0,304.2,511.0,CAPT WEBSTER,,WDF4843,31,0,19,7,,31,A
367456430,2022-01-01T02:37:52,29.83549,-89.99722,0.0,277.7,511.0,CAPT WEBSTER,,WDF4843,31,0,19,7,,31,A
367456430,2022-01-01T02:27:32,29.83547,-89.99722,0.0,286.8,511.0,CAPT WEBSTER,,WDF4843,31,0,19,7,,31,A
367456430,2022-01-01T02:40:21,29.83551,-89.99721,0.0,253.4,511.0,CAPT WEBSTER,,WDF4843,31,0,19,7,,31,A
367456430,2022-01-01T02:28:40,29.83547,-89.99721,0.0,289.3,511.0,CAPT WEBSTER,,WDF4843,31,0,19,7,,31,A
367456430,2022-01-01T02:34:31,29.83548,-89.99720,0.0,307.1,511.0,CAPT WEBSTER,,WDF4843,31,0,19,7,,31,A
367456430,2022-01-01T02:46:21,29.83549,-89.99719,0.0,249.5,511.0,CAPT WEBSTER,,WDF4843,31,0,19,7,,31,A
367456430,2022-01-01T02:33:22,29.83549,-89.99719,0.0,303.7,511.0,CAPT WEBSTER,,WDF4843,31,0,19,7,,31,A
367456430,2022-01-01T02:36:42,29.83550,-89.99722,0.0,285.7,511.0,CAPT WEBSTER,,WDF4843,31,0,19,7,,31,A
367456430,2022-01-01T02:45:01,29.83552,-89.99723,0.0,254.7,511.0,CAPT WEBSTER,,WDF4843,31,0,19,7,,31,A
367456430,2022-01-01T02:35:40,29.83549,-89.99721,0.0,295.1,511.0,CAPT WEBSTER,,WDF4843,31,0,19,7,,31,A
367456430,2022-01-01T02:53:21,29.83548,-89.99708,0.0,152.7,511.0,CAPT WEBSTER,,WDF4843,31,0,19,7,,31,A
367456430,2022-01-01T02:49:51,29.83549,-89.99714,0.0,187.5,511.0,CAPT WEBSTER,,WDF4843,31,0,19,7,,31,A
367456430,2022-01-01T02:39:11,29.83550,-89.99723,0.0,263.3,511.0,CAPT WEBSTER,,WDF4843,31,0,19,7,,31,A
367456430,2022-01-01T02:51:01,29.83551,-89.99715,0.0,198.6,511.0,CAPT WEBSTER,,WDF4843,31,0,19,7,,31,A
367456430,2022-01-01T02:52:11,29.83549,-89.99712,0.0,180.8,511.0,CAPT WEBSTER,,WDF4843,31,0,19,7,,31,A
367456430,2022-01-01T02:41:31,29.83553,-89.99723,0.1,255.1,511.0,CAPT WEBSTER,,WDF4843,31,0,19,7,,31,A
367456430,2022-01-01T02:55:41,29.83548,-89.99708,0.1,142.0,511.0,CAPT WEBSTER,,WDF4843,31,0,19,7,,31,A
367456430,2022-01-01T02:42:42,29.83548,-89.99721,0.0,256.1,511.0,CAPT WEBSTER,,WDF4843,31,0,19,7,,31,A
367456430,2022-01-01T02:43:50,29.83550,-89.99722,0.1,260.6,511.0,CAPT WEBSTER,,WDF4843,31,0,19,7,,31,A
367456430,2022-01-01T02:56:50,29.83551,-89.99706,0.0,157.6,511.0,CAPT WEBSTER,,WDF4843,31,0,19,7,,31,A
367456430,2022-01-01T02:54:31,29.83550,-89.99710,0.0,174.0,511.0,CAPT WEBSTER,,WDF4843,31,0,19,7,,31,A
367456430,2022-01-01T02:59:32,29.83552,-89.99714,0.2,254.8,511.0,CAPT WEBSTER,,WDF4843,31,0,19,7,,31,A
367456430,2022-01-01T02:47:31,29.83549,-89.99717,0.0,240.4,511.0,CAPT WEBSTER,,WDF4843,31,0,19,7,,31,A
367456430,2022-01-01T02:48:40,29.83550,-89.99716,0.0,234.2,511.0,CAPT WEBSTER,,WDF4843,31,0,19,7,,31,A
367456430,2022-01-01T03:05:32,29.83552,-89.99720,0.0,263.5,511.0,CAPT WEBSTER,,WDF4843,31,0,19,7,,31,A
367456430,2022-01-01T03:00:00,29.83551,-89.99713,0.0,256.5,511.0,CAPT WEBSTER,,WDF4843,31,0,19,7,,31,A
367456430,2022-01-01T03:07:52,29.83550,-89.99720,0.1,262.8,511.0,CAPT WEBSTER,,WDF4843,31,0,19,7,,31,A
367456430,2022-01-01T03:01:50,29.83551,-89.99715,0.1,251.8,511.0,CAPT WEBSTER,,WDF4843,31,0,19,7,,31,A
367456430,2022-01-01T03:09:00,29.83551,-89.99721,0.0,267.6,511.0,CAPT WEBSTER,,WDF4843,31,0,19,7,,31,A
367456430,2022-01-01T03:03:00,29.83550,-89.99717,0.1,256.9,511.0,CAPT WEBSTER,,WDF4843,31,0,19,7,,31,A
367456430,2022-01-01T03:11:20,29.83552,-89.99721,0.0,281.9,511.0,CAPT WEBSTER,,WDF4843,31,0,19,7,,31,A
367456430,2022-01-01T03:16:00,29.83550,-89.99720,0.0,295.2,511.0,CAPT WEBSTER,,WDF4843,31,0,19,7,,31,A
367456430,2022-01-01T03:22:50,29.83551,-89.99719,0.0,281.4,511.0,CAPT WEBSTER,,WDF4843,31,0,19,7,,31,A
367456430,2022-01-01T03:10:11,29.83553,-89.99721,0.0,264.3,511.0,CAPT WEBSTER,,WDF4843,31,0,19,7,,31,A
367456430,2022-01-01T03:12:31,29.83555,-89.99722,0.0,299.7,511.0,CAPT WEBSTER,,WDF4843,31,0,19,7,,31,A
367456430,2022-01-01T03:04:31,29.83552,-89.99720,0.1,248.7,511.0,CAPT WEBSTER,,WDF4843,31,0,19,7,,31,A
367456430,2022-01-01T03:14:50,29.83551,-89.99722,0.1,298.1,511.0,CAPT WEBSTER,,WDF4843,31,0,19,7,,31,A
367456430,2022-01-01T03:17:01,29.83551,-89.99720,0.0,291.0,511.0,CAPT WEBSTER,,WDF4843,31,0,19,7,,31,A
367456430,2022-01-01T01:41:11,29.83547,-89.99720,0.0,248.2,511.0,CAPT WEBSTER,,WDF4843,31,0,19,7,,31,A
367456430,2022-01-01T03:31:00,29.83553,-89.99721,0.0,259.0,511.0,CAPT WEBSTER,,WDF4843,31,0,19,7,,31,A
367456430,2022-01-01T03:25:10,29.83552,-89.99722,0.0,288.3,511.0,CAPT WEBSTER,,WDF4843,31,0,19,7,,31,A
367456430,2022-01-01T03:13:41,29.83551,-89.99721,0.1,287.8,511.0,CAPT WEBSTER,,WDF4843,31,0,19,7,,31,A
367456430,2022-01-01T03:29:51,29.83549,-89.99719,0.1,273.2,511.0,CAPT WEBSTER,,WDF4843,31,0,19,7,,31,A
367456430,2022-01-01T03:20:30,29.83551,-89.99718,0.0,296.5,511.0,CAPT WEBSTER,,WDF4843,31,0,19,7,,31,A
367456430,2022-01-01T03:28:41,29.83552,-89.99720,0.1,293.3,511.0,CAPT WEBSTER,,WDF4843,31,0,19,7,,31,A
367456430,2022-01-01T03:40:50,29.83552,-89.99707,0.1,88.1,511.0,CAPT WEBSTER,,WDF4843,31,0,19,7,,31,A
367456430,2022-01-01T01:48:11,29.83548,-89.99721,0.0,206.9,511.0,CAPT WEBSTER,,WDF4843,31,0,19,7,,31,A
367456430,2022-01-01T03:42:00,29.83553,-89.99704,0.0,76.3,511.0,CAPT WEBSTER,,WDF4843,31,0,19,7,,31,A
367456430,2022-01-01T03:18:11,29.83551,-89.99719,0.0,303.2,511.0,CAPT WEBSTER,,WDF4843,31,0,19,7,,31,A
367456430,2022-01-01T03:39:40,29.83552,-89.99707,0.0,96.6,511.0,CAPT WEBSTER,,WDF4843,31,0,19,7,,31,A
367456430,2022-01-01T03:27:31,29.83554,-89.99722,0.1,298.4,511.0,CAPT WEBSTER,,WDF4843,31,0,19,7,,31,A
367456430,2022-01-01T03:44:11,29.83552,-89.99702,0.0,62.5,511.0,CAPT WEBSTER,,WDF4843,31,0,19,7,,31,A
367456430,2022-01-01T03:24:01,29.83553,-89.99722,0.1,282.2,511.0,CAPT WEBSTER,,WDF4843,31,0,19,7,,31,A
367456430,2022-01-01T03:38:31,29.83552,-89.99709,0.0,119.0,511.0,CAPT WEBSTER,,WDF4843,31,0,19,7,,31,A
367456430,2022-01-01T03:48:52,29.83556,-89.99692,0.0,57.7,511.0,CAPT WEBSTER,,WDF4843,31,0,19,7,,31,A
367456430,2022-01-01T03:45:20,29.83552,-89.99701,0.0,41.3,511.0,CAPT WEBSTER,,WDF4843,31,0,19,7,,31,A
367456430,2022-01-01T03:33:20,29.83553,-89.99718,0.1,228.0,511.0,CAPT WEBSTER,,WDF4843,31,0,19,7,,31,A
367456430,2022-01-01T03:34:51,29.83551,-89.99712,0.0,184.5,511.0,CAPT WEBSTER,,WDF4843,31,0,19,7,,31,A
367456430,2022-01-01T03:37:22,29.83551,-89.99711,0.1,180.0,511.0,CAPT WEBSTER,,WDF4843,31,0,19,7,,31,A
367456430,2022-01-01T03:51:01,29.83560,-89.99686,0.1,54.2,511.0,CAPT WEBSTER,,WDF4843,31,0,19,7,,31,A
367456430,2022-01-01T03:46:31,29.83554,-89.99698,0.1,54.0,511.0,CAPT WEBSTER,,WDF4843,31,0,19,7,,31,A
367456430,2022-01-01T03:35:52,29.83550,-89.99715,0.0,218.1,511.0,CAPT WEBSTER,,WDF4843,31,0,19,7,,31,A
367456430,2022-01-01T03:52:02,29.83561,-89.99686,0.0,53.6,511.0,CAPT WEBSTER,,WDF4843,31,0,19,7,,31,A
367456430,2022-01-01T03:47:42,29.83557,-89.99699,0.1,53.7,511.0,CAPT WEBSTER,,WDF4843,31,0,19,7,,31,A
367456430,2022-01-01T03:43:10,29.83552,-89.99703,0.1,65.1,511.0,CAPT WEBSTER,,WDF4843,31,0,19,7,,31,A
367456430,2022-01-01T03:56:32,29.83566,-89.99678,0.0,34.7,511.0,CAPT WEBSTER,,WDF4843,31,0,19,7,,31,A
367456430,2022-01-01T03:50:00,29.83558,-89.99691,0.1,56.9,511.0,CAPT WEBSTER,,WDF4843,31,0,19,7,,31,A
367456430,2022-01-01T03:54:22,29.83566,-89.99680,0.0,37.4,511.0,CAPT WEBSTER,,WDF4843,31,0,19,7,,31,A
367456430,2022-01-01T03:55:31,29.83565,-89.99678,0.0,40.8,511.0,CAPT WEBSTER,,WDF4843,31,0,19,7,,31,A
367456430,2022-01-01T03:58:51,29.83564,-89.99684,0.2,250.5,511.0,CAPT WEBSTER,,WDF4843,31,0,19,7,,31,A
367456430,2022-01-01T04:01:31,29.83558,-89.99690,0.2,240.7,511.0,CAPT WEBSTER,,WDF4843,31,0,19,7,,31,A
367456430,2022-01-01T03:57:40,29.83565,-89.99680,0.2,296.6,511.0,CAPT WEBSTER,,WDF4843,31,0,19,7,,31,A
367456430,2022-01-01T04:06:11,29.83553,-89.99701,0.1,249.0,511.0,CAPT WEBSTER,,WDF4843,31,0,19,7,,31,A
367456430,2022-01-01T04:02:32,29.83558,-89.99694,0.1,244.5,511.0,CAPT WEBSTER,,WDF4843,31,0,19,7,,31,A
367456430,2022-01-01T04:04:51,29.83556,-89.99697,0.1,245.2,511.0,CAPT WEBSTER,,WDF4843,31,0,19,7,,31,A
367456430,2022-01-01T04:10:50,29.83552,-89.99709,0.1,253.9,511.0,CAPT WEBSTER,,WDF4843,31,0,19,7,,31,A
367456430,2022-01-01T04:08:31,29.83551,-89.99706,0.1,252.5,511.0,CAPT WEBSTER,,WDF4843,31,0,19,7,,31,A
367456430,2022-01-01T03:53:11,29.83565,-89.99683,0.0,45.4,511.0,CAPT WEBSTER,,WDF4843,31,0,19,7,,31,A
367456430,2022-01-01T04:07:20,29.83552,-89.99704,0.1,248.8,511.0,CAPT WEBSTER,,WDF4843,31,0,19,7,,31,A
367456430,2022-01-01T02:06:50,29.83550,-89.99720,0.0,251.1,511.0,CAPT WEBSTER,,WDF4843,31,0,19,7,,31,A
367456430,2022-01-01T04:09:41,29.83550,-89.99706,0.1,254.9,511.0,CAPT WEBSTER,,WDF4843,31,0,19,7,,31,A
367456430,2022-01-01T04:11:51,29.83552,-89.99711,0.1,257.4,511.0,CAPT WEBSTER,,WDF4843,31,0,19,7,,31,A
367456430,2022-01-01T04:13:01,29.83550,-89.99716,0.2,259.6,511.0,CAPT WEBSTER,,WDF4843,31,0,19,7,,31,A
367456430,2022-01-01T02:12:41,29.83549,-89.99721,0.0,294.6,511.0,CAPT WEBSTER,,WDF4843,31,0,19,7,,31,A
367456430,2022-01-01T04:19:00,29.83553,-89.99701,0.1,70.3,511.0,CAPT WEBSTER,,WDF4843,31,0,19,7,,31,A
367456430,2022-01-01T04:25:51,29.83554,-89.99699,0.0,143.1,511.0,CAPT WEBSTER,,WDF4843,31,0,19,7,,31,A
367456430,2022-01-01T04:17:52,29.83552,-89.99705,0.1,70.4,511.0,CAPT WEBSTER,,WDF4843,31,0,19,7,,31,A
367456430,2022-01-01T04:30:50,29.83552,-89.99708,0.2,250.0,511.0,CAPT WEBSTER,,WDF4843,31,0,19,7,,31,A
367456430,2022-01-01T04:21:11,29.83556,-89.99696,0.1,66.9,511.0,CAPT WEBSTER,,WDF4843,31,0,19,7,,31,A
367456430,2022-01-01T04:22:20,29.83554,-89.99698,0.0,76.6,511.0,CAPT WEBSTER,,WDF4843,31,0,19,7,,31,A
367456430,2022-01-01T04:27:21,29.83555,-89.99698,0.1,169.0,511.0,CAPT WEBSTER,,WDF4843,31,0,19,7,,31,A
367456430,2022-01-01T04:24:42,29.83556,-89.99698,0.0,135.9,511.0,CAPT WEBSTER,,WDF4843,31,0,19,7,,31,A
367456430,2022-01-01T04:14:21,29.83552,-89.99717,0.0,276.8,511.0,CAPT WEBSTER,,WDF4843,31,0,19,7,,31,A
367456430,2022-01-01T04:15:31,29.83550,-89.99715,0.1,8.8,511.0,CAPT WEBSTER,,WDF4843,31,0,19,7,,31,A
367456430,2022-01-01T04:20:01,29.83554,-89.99698,0.1,70.5,511.0,CAPT WEBSTER,,WDF4843,31,0,19,7,,31,A
367456430,2022-01-01T04:32:02,29.83550,-89.99715,0.2,260.6,511.0,CAPT WEBSTER,,WDF4843,31,0,19,7,,31,A
367456430,2022-01-01T02:16:40,29.83546,-89.99721,0.0,306.5,511.0,CAPT WEBSTER,,WDF4843,31,0,19,7,,31,A
367456430,2022-01-01T04:34:30,29.83548,-89.99728,0.1,263.5,511.0,CAPT WEBSTER,,WDF4843,31,0,19,7,,31,A
367456430,2022-01-01T02:19:02,29.83549,-89.99720,0.0,326.5,511.0,CAPT WEBSTER,,WDF4843,31,0,19,7,,31,A
367456430,2022-01-01T04:37:22,29.83548,-89.99739,0.1,274.1,511.0,CAPT WEBSTER,,WDF4843,31,0,19,7,,31,A
367456430,2022-01-01T04:23:41,29.83555,-89.99697,0.0,116.1,511.0,CAPT WEBSTER,,WDF4843,31,0,19,7,,31,A
367456430,2022-01-01T04:28:32,29.83555,-89.99700,0.1,219.7,511.0,CAPT WEBSTER,,WDF4843,31,0,19,7,,31,A
367456430,2022-01-01T04:50:10,29.83548,-89.99717,0.0,96.3,511.0,CAPT WEBSTER,,WDF4843,31,0,19,7,,31,A
367456430,2022-01-01T04:40:52,29.83550,-89.99740,0.0,270.6,511.0,CAPT WEBSTER,,WDF4843,31,0,19,7,,31,A
367456430,2022-01-01T04:39:41,29.83548,-89.99740,0.0,267.3,511.0,CAPT WEBSTER,,WDF4843,31,0,19,7,,31,A
367456430,2022-01-01T04:42:01,29.83547,-89.99738,0.1,189.5,511.0,CAPT WEBSTER,,WDF4843,31,0,19,7,,31,A
367456430,2022-01-01T04:43:11,29.83548,-89.99735,0.1,116.1,511.0,CAPT WEBSTER,,WDF4843,31,0,19,7,,31,A
367456430,2022-01-01T04:29:40,29.83553,-89.99702,0.1,241.9,511.0,CAPT WEBSTER,,WDF4843,31,0,19,7,,31,A
367456430,2022-01-01T04:33:22,29.83548,-89.99723,0.2,262.0,511.0,CAPT WEBSTER,,WDF4843,31,0,19,7,,31,A
367456430,2022-01-01T04:45:31,29.83551,-89.99728,0.1,92.9,511.0,CAPT WEBSTER,,WDF4843,31,0,19,7,,31,A
367456430,2022-01-01T04:38:31,29.83550,-89.99740,0.1,271.0,511.0,CAPT WEBSTER,,WDF4843,31,0,19,7,,31,A
367456430,2022-01-01T04:46:42,29.83551,-89.99724,0.1,93.1,511.0,CAPT WEBSTER,,WDF4843,31,0,19,7,,31,A
367456430,2022-01-01T02:26:22,29.83548,-89.99722,0.0,285.0,511.0,CAPT WEBSTER,,WDF4843,31,0,19,7,,31,A
367456430,2022-01-01T04:47:52,29.83550,-89.99723,0.0,96.1,511.0,CAPT WEBSTER,,WDF4843,31,0,19,7,,31,A
367456430,2022-01-01T05:01:41,29.83552,-89.99705,0.1,63.4,511.0,CAPT WEBSTER,,WDF4843,31,0,19,7,,31,A
367456430,2022-01-01T04:51:21,29.83547,-89.99717,0.0,96.7,511.0,CAPT WEBSTER,,WDF4843,31,0,19,7,,31,A
367456430,2022-01-01T04:52:31,29.83549,-89.99717,0.0,95.8,511.0,CAPT WEBSTER,,WDF4843,31,0,19,7,,31,A
367456430,2022-01-01T05:05:10,29.83556,-89.99696,0.0,47.6,511.0,CAPT WEBSTER,,WDF4843,31,0,19,7,,31,A
367456430,2022-01-01T04:54:50,29.83550,-89.99719,0.0,44.3,511.0,CAPT WEBSTER,,WDF4843,31,0,19,7,,31,A
367456430,2022-01-01T04:44:20,29.83551,-89.99731,0.1,99.6,511.0,CAPT WEBSTER,,WDF4843,31,0,19,7,,31,A
367456430,2022-01-01T04:49:01,29.83548,-89.99720,0.0,96.1,511.0,CAPT WEBSTER,,WDF4843,31,0,19,7,,31,A
367456430,2022-01-01T04:53:41,29.83549,-89.99718,0.0,98.0,511.0,CAPT WEBSTER,,WDF4843,31,0,19,7,,31,A
367456430,2022-01-01T05:02:51,29.83554,-89.99702,0.1,61.2,511.0,CAPT WEBSTER,,WDF4843,31,0,19,7,,31,A
367456430,2022-01-01T05:00:00,29.83550,-89.99709,0.1,68.1,511.0,CAPT WEBSTER,,WDF4843,31,0,19,7,,31,A
367456430,2022-01-01T04:59:30,29.83550,-89.99711,0.1,67.9,511.0,CAPT WEBSTER,,WDF4843,31,0,19,7,,31,A
367456430,2022-01-01T05:04:02,29.83555,-89.99697,0.1,57.8,511.0,CAPT WEBSTER,,WDF4843,31,0,19,7,,31,A
367456430,2022-01-01T05:14:21,29.83548,-89.99716,0.1,260.1,511.0,CAPT WEBSTER,,WDF4843,31,0,19,7,,31,A
367456430,2022-01-01T05:06:21,29.83554,-89.99696,0.0,32.7,511.0,CAPT WEBSTER,,WDF4843,31,0,19,7,,31,A
367456430,2022-01-01T05:07:31,29.83554,-89.99697,0.0,343.9,511.0,CAPT WEBSTER,,WDF4843,31,0,19,7,,31,A
367456430,2022-01-01T05:17:50,29.83548,-89.99720,0.0,260.0,511.0,CAPT WEBSTER,,WDF4843,31,0,19,7,,31,A
367456430,2022-01-01T05:09:52,29.83552,-89.99701,0.1,267.4,511.0,CAPT WEBSTER,,WDF4843,31,0,19,7,,31,A
367456430,2022-01-01T04:56:00,29.83550,-89.99717,0.0,49.3,511.0,CAPT WEBSTER,,WDF4843,31,0,19,7,,31,A
367456430,2022-01-01T05:20:02,29.83549,-89.99724,0.1,260.7,511.0,CAPT WEBSTER,,WDF4843,31,0,19,7,,31,A
367456430,2022-01-01T04:58:21,29.83550,-89.99714,0.1,60.4,511.0,CAPT WEBSTER,,WDF4843,31,0,19,7,,31,A
367456430,2022-01-01T04:57:11,29.83549,-89.99717,0.1,48.5,511.0,CAPT WEBSTER,,WDF4843,31,0,19,7,,31,A
367456430,2022-01-01T05:08:41,29.83552,-89.99698,0.1,290.0,511.0,CAPT WEBSTER,,WDF4843,31,0,19,7,,31,A
367456430,2022-01-01T05:21:11,29.83549,-89.99729,0.1,266.1,511.0,CAPT WEBSTER,,WDF4843,31,0,19,7,,31,A
367456430,2022-01-01T05:11:01,29.83550,-89.99705,0.1,258.8,511.0,CAPT WEBSTER,,WDF4843,31,0,19,7,,31,A
367456430,2022-01-01T05:29:22,29.83548,-89.99736,0.0,266.1,511.0,CAPT WEBSTER,,WDF4843,31,0,19,7,,31,A
367456430,2022-01-01T05:13:20,29.83549,-89.99714,0.1,263.4,511.0,CAPT WEBSTER,,WDF4843,31,0,19,7,,31,A
367456430,2022-01-01T05:15:31,29.83548,-89.99717,0.0,260.4,511.0,CAPT WEBSTER,,WDF4843,31,0,19,7,,31,A
367456430,2022-01-01T05:16:41,29.83548,-89.99719,0.0,259.9,511.0,CAPT WEBSTER,,WDF4843,31,0,19,7,,31,A
367456430,2022-01-01T05:18:51,29.83550,-89.99720,0.0,259.0,511.0,CAPT WEBSTER,,WDF4843,31,0,19,7,,31,A
367456430,2022-01-01T05:12:11,29.83550,-89.99710,0.1,262.4,511.0,CAPT WEBSTER,,WDF4843,31,0,19,7,,31,A
367456430,2022-01-01T05:24:41,29.83553,-89.99733,0.0,244.4,511.0,CAPT WEBSTER,,WDF4843,31,0,19,7,,31,A
367456430,2022-01-01T05:22:21,29.83552,-89.99732,0.1,268.3,511.0,CAPT WEBSTER,,WDF4843,31,0,19,7,,31,A
367456430,2022-01-01T05:41:20,29.83548,-89.99728,0.1,275.4,511.0,CAPT WEBSTER,,WDF4843,31,0,19,7,,31,A
367456430,2022-01-01T05:30:31,29.83549,-89.99737,0.0,254.6,511.0,CAPT WEBSTER,,WDF4843,31,0,19,7,,31,A
367456430,2022-01-01T05:27:11,29.83551,-89.99734,0.0,267.1,511.0,CAPT WEBSTER,,WDF4843,31,0,19,7,,31,A
367456430,2022-01-01T05:45:41,29.83549,-89.99736,0.0,282.3,511.0,CAPT WEBSTER,,WDF4843,31,0,19,7,,31,A
367456430,2022-01-01T05:31:41,29.83548,-89.99734,0.0,181.8,511.0,CAPT WEBSTER,,WDF4843,31,0,19,7,,31,A
367456430,2022-01-01T05:32:51,29.83547,-89.99733,0.0,151.8,511.0,CAPT WEBSTER,,WDF4843,31,0,19,7,,31,A
367456430,2022-01-01T05:25:51,29.83550,-89.99733,0.0,258.3,511.0,CAPT WEBSTER,,WDF4843,31,0,19,7,,31,A
367456430,2022-01-01T05:38:52,29.83549,-89.99719,0.1,66.0,511.0,CAPT WEBSTER,,WDF4843,31,0,19,7,,31,A
367456430,2022-01-01T05:36:31,29.83550,-89.99731,0.2,126.6,511.0,CAPT WEBSTER,,WDF4843,31,0,19,7,,31,A
367456430,2022-01-01T05:51:30,29.83549,-89.99744,0.0,294.1,511.0,CAPT WEBSTER,,WDF4843,31,0,19,7,,31,A
367456430,2022-01-01T05:28:21,29.83550,-89.99736,0.0,272.8,511.0,CAPT WEBSTER,,WDF4843,31,0,19,7,,31,A
367456430,2022-01-01T05:35:22,29.83547,-89.99734,0.0,208.6,511.0,CAPT WEBSTER,,WDF4843,31,0,19,7,,31,A
367456430,2022-01-01T05:37:40,29.83549,-89.99724,0.3,92.8,511.0,CAPT WEBSTER,,WDF4843,31,0,19,7,,31,A
367456430,2022-01-01T05:43:30,29.83549,-89.99735,0.1,278.3,511.0,CAPT WEBSTER,,WDF4843,31,0,19,7,,31,A
367456430,2022-01-01T05:40:10,29.83549,-89.99724,0.2,291.8,511.0,CAPT WEBSTER,,WDF4843,31,0,19,7,,31,A
367456430,2022-01-01T05:42:21,29.83548,-89.99731,0.1,275.3,511.0,CAPT WEBSTER,,WDF4843,31,0,19,7,,31,A
367456430,2022-01-01T05:48:00,29.83554,-89.99738,0.1,300.3,511.0,CAPT WEBSTER,,WDF4843,31,0,19,7,,31,A
367456430,2022-01-01T05:34:01,29.83546,-89.99734,0.0,194.2,511.0,CAPT WEBSTER,,WDF4843,31,0,19,7,,31,A
367456430,2022-01-01T05:49:12,29.83551,-89.99742,0.1,283.5,511.0,CAPT WEBSTER,,WDF4843,31,0,19,7,,31,A
367456430,2022-01-01T05:52:42,29.83552,-89.99743,0.0,294.3,511.0,CAPT WEBSTER,,WDF4843,31,0,19,7,,31,A
367456430,2022-01-01T05:44:40,29.83549,-89.99737,0.0,276.5,511.0,CAPT WEBSTER,,WDF4843,31,0,19,7,,31,A
367456430,2022-01-01T05:53:50,29.83552,-89.99741,0.1,272.8,511.0,CAPT WEBSTER,,WDF4843,31,0,19,7,,31,A
367456430,2022-01-01T05:46:50,29.83548,-89.99734,0.0,308.5,511.0,CAPT WEBSTER,,WDF4843,31,0,19,7,,31,A
367456430,2022-01-01T02:58:00,29.83552,-89.99705,0.1,167.5,511.0,CAPT WEBSTER,,WDF4843,31,0,19,7,,31,A
367456430,2022-01-01T05:57:31,29.83552,-89.99745,0.0,273.4,511.0,CAPT WEBSTER,,WDF4843,31,0,19,7,,31,A
367456430,2022-01-01T05:59:50,29.83549,-89.99739,0.0,166.3,511.0,CAPT WEBSTER,,WDF4843,31,0,19,7,,31,A
367456430,2022-01-01T05:50:22,29.83551,-89.99744,0.0,282.8,511.0,CAPT WEBSTER,,WDF4843,31,0,19,7,,31,A
367456430,2022-01-01T05:55:11,29.83549,-89.99742,0.0,258.9,511.0,CAPT WEBSTER,,WDF4843,31,0,19,7,,31,A
367456430,2022-01-01T05:56:20,29.83550,-89.99745,0.1,267.9,511.0,CAPT WEBSTER,,WDF4843,31,0,19,7,,31,A
367456430,2022-01-01T06:08:41,29.83551,-89.99745,0.0,272.5,511.0,CAPT WEBSTER,,WDF4843,31,0,19,7,,31,A
367456430,2022-01-01T06:09:51,29.83552,-89.99744,0.0,272.5,511.0,CAPT WEBSTER,,WDF4843,31,0,19,7,,31,A
367456430,2022-01-01T06:06:21,29.83552,-89.99744,0.0,267.1,511.0,CAPT WEBSTER,,WDF4843,31,0,19,7,,31,A
367456430,2022-01-01T06:30:41,29.83550,-89.99747,0.0,262.6,511.0,CAPT WEBSTER,,WDF4843,31,0,19,7,,31,A
367456430,2022-01-01T06:04:02,29.83550,-89.99744,0.0,265.5,511.0,CAPT WEBSTER,,WDF4843,31,0,19,7,,31,A
367456430,2022-01-01T06:18:01,29.83551,-89.99749,0.0,279.1,511.0,CAPT WEBSTER,,WDF4843,31,0,19,7,,31,A
367456430,2022-01-01T05:58:40,29.83551,-89.99743,0.0,236.4,511.0,CAPT WEBSTER,,WDF4843,31,0,19,7,,31,A
367456430,2022-01-01T06:35:32,29.83552,-89.99745,0.0,235.7,511.0,CAPT WEBSTER,,WDF4843,31,0,19,7,,31,A
367456430,2022-01-01T06:00:02,29.83549,-89.99739,0.0,164.5,511.0,CAPT WEBSTER,,WDF4843,31,0,19,7,,31,A
367456430,2022-01-01T06:40:41,29.83551,-89.99746,0.0,241.5,511.0,CAPT WEBSTER,,WDF4843,31,0,19,7,,31,A
367456430,2022-01-01T06:21:41,29.83550,-89.99746,0.0,287.6,511.0,CAPT WEBSTER,,WDF4843,31,0,19,7,,31,A
367456430,2022-01-01T03:06:42,29.83552,-89.99721,0.0,263.6,511.0,CAPT WEBSTER,,WDF4843,31,0,19,7,,31,A
367456430,2022-01-01T06:26:21,29.83550,-89.99745,0.0,263.7,511.0,CAPT WEBSTER,,WDF4843,31,0,19,7,,31,A
367456430,2022-01-01T06:45:11,29.83552,-89.99745,0.0,238.5,511.0,CAPT WEBSTER,,WDF4843,31,0,19,7,,31,A
367456430,2022-01-01T06:19:20,29.83548,-89.99746,0.0,281.7,511.0,CAPT WEBSTER,,WDF4843,31,0,19,7,,31,A
367456430,2022-01-01T06:14:31,29.83552,-89.99746,0.0,277.7,511.0,CAPT WEBSTER,,WDF4843,31,0,19,7,,31,A
367456430,2022-01-01T06:25:11,29.83548,-89.99746,0.0,273.1,511.0,CAPT WEBSTER,,WDF4843,31,0,19,7,,31,A
367456430,2022-01-01T06:13:20,29.83551,-89.99747,0.0,275.6,511.0,CAPT WEBSTER,,WDF4843,31,0,19,7,,31,A
367456430,2022-01-01T06:20:31,29.83549,-89.99746,0.0,286.5,511.0,CAPT WEBSTER,,WDF4843,31,0,19,7,,31,A
367456430,2022-01-01T06:31:50,29.83549,-89.99746,0.0,233.4,511.0,CAPT WEBSTER,,WDF4843,31,0,19,7,,31,A
367456430,2022-01-01T06:38:11,29.83551,-89.99746,0.0,237.0,511.0,CAPT WEBSTER,,WDF4843,31,0,19,7,,31,A
367456430,2022-01-01T06:15:41,29.83550,-89.99748,0.0,276.3,511.0,CAPT WEBSTER,,WDF4843,31,0,19,7,,31,A
367456430,2022-01-01T06:22:52,29.83551,-89.99748,0.1,287.5,511.0,CAPT WEBSTER,,WDF4843,31,0,19,7,,31,A
367456430,2022-01-01T06:16:50,29.83550,-89.99747,0.0,279.3,511.0,CAPT WEBSTER,,WDF4843,31,0,19,7,,31,A
367456430,2022-01-01T06:37:01,29.83550,-89.99746,0.0,238.1,511.0,CAPT WEBSTER,,WDF4843,31,0,19,7,,31,A
367456430,2022-01-01T06:29:40,29.83549,-89.99746,0.0,257.6,511.0,CAPT WEBSTER,,WDF4843,31,0,19,7,,31,A
367456430,2022-01-01T06:43:01,29.83552,-89.99746,0.0,246.7,511.0,CAPT WEBSTER,,WDF4843,31,0,19,7,,31,A
367456430,2022-01-01T06:33:00,29.83549,-89.99746,0.0,230.6,511.0,CAPT WEBSTER,,WDF4843,31,0,19,7,,31,A
367456430,2022-01-01T03:19:22,29.83552,-89.99719,0.0,306.2,511.0,CAPT WEBSTER,,WDF4843,31,0,19,7,,31,A
367456430,2022-01-01T06:24:01,29.83550,-89.99744,0.0,281.5,511.0,CAPT WEBSTER,,WDF4843,31,0,19,7,,31,A
367456430,2022-01-01T06:47:31,29.83549,-89.99746,0.0,242.5,511.0,CAPT WEBSTER,,WDF4843,31,0,19,7,,31,A
367456430,2022-01-01T06:46:22,29.83550,-89.99746,0.0,230.0,511.0,CAPT WEBSTER,,WDF4843,31,0,19,7,,31,A
367456430,2022-01-01T06:27:31,29.83548,-89.99746,0.0,264.4,511.0,CAPT WEBSTER,,WDF4843,31,0,19,7,,31,A
367456430,2022-01-01T03:21:42,29.83551,-89.99718,0.0,288.5,511.0,CAPT WEBSTER,,WDF4843,31,0,19,7,,31,A
367456430,2022-01-01T06:28:32,29.83548,-89.99746,0.0,264.3,511.0,CAPT WEBSTER,,WDF4843,31,0,19,7,,31,A
367456430,2022-01-01T06:49:50,29.83553,-89.99745,0.0,242.5,511.0,CAPT WEBSTER,,WDF4843,31,0,19,7,,31,A
367456430,2022-01-01T07:17:02,29.83548,-89.99743,0.0,237.0,511.0,CAPT WEBSTER,,WDF4843,31,0,19,7,,31,A
367456430,2022-01-01T06:41:51,29.83550,-89.99746,0.1,248.5,511.0,CAPT WEBSTER,,WDF4843,31,0,19,7,,31,A
367456430,2022-01-01T06:53:10,29.83549,-89.99742,0.0,172.1,511.0,CAPT WEBSTER,,WDF4843,31,0,19,7,,31,A
367456430,2022-01-01T06:52:02,29.83550,-89.99745,0.0,228.3,511.0,CAPT WEBSTER,,WDF4843,31,0,19,7,,31,A
367456430,2022-01-01T06:54:20,29.83548,-89.99741,0.0,159.9,511.0,CAPT WEBSTER,,WDF4843,31,0,19,7,,31,A
367456430,2022-01-01T06:39:22,29.83552,-89.99745,0.1,240.4,511.0,CAPT WEBSTER,,WDF4843,31,0,19,7,,31,A
367456430,2022-01-01T06:56:52,29.83548,-89.99745,0.0,234.2,511.0,CAPT WEBSTER,,WDF4843,31,0,19,7,,31,A
367456430,2022-01-01T06:58:01,29.83548,-89.99743,0.0,198.9,511.0,CAPT WEBSTER,,WDF4843,31,0,19,7,,31,A
367456430,2022-01-01T07:25:10,29.83548,-89.99741,0.0,229.3,511.0,CAPT WEBSTER,,WDF4843,31,0,19,7,,31,A
367456430,2022-01-01T07:00:01,29.83548,-89.99738,0.0,151.1,511.0,CAPT WEBSTER,,WDF4843,31,0,19,7,,31,A
367456430,2022-01-01T07:28:30,29.83548,-89.99741,0.0,164.0,511.0,CAPT WEBSTER,,WDF4843,31,0,19,7,,31,A
367456430,2022-01-01T07:03:21,29.83548,-89.99743,0.0,248.2,511.0,CAPT WEBSTER,,WDF4843,31,0,19,7,,31,A
367456430,2022-01-01T06:50:51,29.83549,-89.99746,0.0,239.1,511.0,CAPT WEBSTER,,WDF4843,31,0,19,7,,31,A
367456430,2022-01-01T07:05:52,29.83550,-89.99743,0.0,256.1,511.0,CAPT WEBSTER,,WDF4843,31,0,19,7,,31,A
367456430,2022-01-01T06:55:42,29.83550,-89.99744,0.0,221.3,511.0,CAPT WEBSTER,,WDF4843,31,0,19,7,,31,A
367456430,2022-01-01T07:07:02,29.83551,-89.99742,0.0,235.1,511.0,CAPT WEBSTER,,WDF4843,31,0,19,7,,31,A
367456430,2022-01-01T07:08:10,29.83550,-89.99742,0.0,224.5,511.0,CAPT WEBSTER,,WDF4843,31,0,19,7,,31,A
367456430,2022-01-01T03:26:20,29.83552,-89.99721,0.1,304.2,511.0,CAPT WEBSTER,,WDF4843,31,0,19,7,,31,A
367456430,2022-01-01T07:09:22,29.83550,-89.99741,0.0,219.2,511.0,CAPT WEBSTER,,WDF4843,31,0,19,7,,31,A
367456430,2022-01-01T07:10:41,29.83554,-89.99742,0.0,204.9,511.0,CAPT WEBSTER,,WDF4843,31,0,19,7,,31,A
367456430,2022-01-01T07:13:02,29.83551,-89.99743,0.0,249.4,511.0,CAPT WEBSTER,,WDF4843,31,0,19,7,,31,A
367456430,2022-01-01T07:39:31,29.83549,-89.99742,0.0,229.3,511.0,CAPT WEBSTER,,WDF4843,31,0,19,7,,31,A
367456430,2022-01-01T07:14:41,29.83550,-89.99743,0.0,240.3,511.0,CAPT WEBSTER,,WDF4843,31,0,19,7,,31,A
367456430,2022-01-01T07:20:50,29.83548,-89.99739,0.0,165.2,511.0,CAPT WEBSTER,,WDF4843,31,0,19,7,,31,A
367456430,2022-01-01T07:18:11,29.83548,-89.99743,0.0,230.5,511.0,CAPT WEBSTER,,WDF4843,31,0,19,7,,31,A
367456430,2022-01-01T07:01:41,29.83549,-89.99742,0.1,238.7,511.0,CAPT WEBSTER,,WDF4843,31,0,19,7,,31,A
367456430,2022-01-01T07:19:22,29.83547,-89.99741,0.1,181.3,511.0,CAPT WEBSTER,,WDF4843,31,0,19,7,,31,A
367456430,2022-01-01T07:04:22,29.83553,-89.99744,0.0,257.5,511.0,CAPT WEBSTER,,WDF4843,31,0,19,7,,31,A
367456430,2022-01-01T07:49:02,29.83549,-89.99746,0.0,250.7,511.0,CAPT WEBSTER,,WDF4843,31,0,19,7,,31,A
367456430,2022-01-01T07:21:51,29.83549,-89.99742,0.1,219.3,511.0,CAPT WEBSTER,,WDF4843,31,0,19,7,,31,A
367456430,2022-01-01T07:24:00,29.83548,-89.99740,0.0,226.6,511.0,CAPT WEBSTER,,WDF4843,31,0,19,7,,31,A
367456430,2022-01-01T07:27:21,29.83551,-89.99741,0.0,180.7,511.0,CAPT WEBSTER,,WDF4843,31,0,19,7,,31,A
367456430,2022-01-01T07:52:31,29.83548,-89.99744,0.1,180.6,511.0,CAPT WEBSTER,,WDF4843,31,0,19,7,,31,A
367456430,2022-01-01T07:32:20,29.83549,-89.99744,0.0,244.5,511.0,CAPT WEBSTER,,WDF4843,31,0,19,7,,31,A
367456430,2022-01-01T07:54:50,29.83549,-89.99744,0.0,145.6,511.0,CAPT WEBSTER,,WDF4843,31,0,19,7,,31,A
367456430,2022-01-01T07:15:51,29.83549,-89.99743,0.0,248.9,511.0,CAPT WEBSTER,,WDF4843,31,0,19,7,,31,A
367456430,2022-01-01T07:11:51,29.83550,-89.99742,0.1,234.0,511.0,CAPT WEBSTER,,WDF4843,31,0,19,7,,31,A
367456430,2022-01-01T07:38:21,29.83549,-89.99743,0.0,232.0,511.0,CAPT WEBSTER,,WDF4843,31,0,19,7,,31,A
367456430,2022-01-01T07:30:51,29.83551,-89.99745,0.0,234.8,511.0,CAPT WEBSTER,,WDF4843,31,0,19,7,,31,A
367456430,2022-01-01T03:32:11,29.83547,-89.99718,0.0,247.5,511.0,CAPT WEBSTER,,WDF4843,31,0,19,7,,31,A
367456430,2022-01-01T07:33:31,29.83552,-89.99744,0.0,229.7,511.0,CAPT WEBSTER,,WDF4843,31,0,19,7,,31,A
367456430,2022-01-01T07:22:52,29.83548,-89.99742,0.0,231.2,511.0,CAPT WEBSTER,,WDF4843,31,0,19,7,,31,A
367456430,2022-01-01T07:37:11,29.83550,-89.99741,0.1,202.5,511.0,CAPT WEBSTER,,WDF4843,31,0,19,7,,31,A
367456430,2022-01-01T08:04:31,29.83548,-89.99741,0.0,161.1,511.0,CAPT WEBSTER,,WDF4843,31,0,19,7,,31,A
367456430,2022-01-01T07:26:20,29.83548,-89.99741,0.1,198.0,511.0,CAPT WEBSTER,,WDF4843,31,0,19,7,,31,A
367456430,2022-01-01T07:46:41,29.83549,-89.99745,0.0,231.1,511.0,CAPT WEBSTER,,WDF4843,31,0,19,7,,31,A
367456430,2022-01-01T07:40:40,29.83549,-89.99741,0.0,232.8,511.0,CAPT WEBSTER,,WDF4843,31,0,19,7,,31,A
367456430,2022-01-01T08:08:00,29.83550,-89.99742,0.0,207.7,511.0,CAPT WEBSTER,,WDF4843,31,0,19,7,,31,A
367456430,2022-01-01T07:47:51,29.83551,-89.99747,0.0,231.4,511.0,CAPT WEBSTER,,WDF4843,31,0,19,7,,31,A
367456430,2022-01-01T07:43:10,29.83550,-89.99742,0.0,251.6,511.0,CAPT WEBSTER,,WDF4843,31,0,19,7,,31,A
367456430,2022-01-01T07:41:52,29.83549,-89.99742,0.1,241.4,511.0,CAPT WEBSTER,,WDF4843,31,0,19,7,,31,A
367456430,2022-01-01T07:50:10,29.83551,-89.99749,0.1,239.8,511.0,CAPT WEBSTER,,WDF4843,31,0,19,7,,31,A
367456430,2022-01-01T07:29:41,29.83551,-89.99742,0.0,207.0,511.0,CAPT WEBSTER,,WDF4843,31,0,19,7,,31,A
367456430,2022-01-01T08:19:50,29.83551,-89.99740,0.0,230.1,511.0,CAPT WEBSTER,,WDF4843,31,0,19,7,,31,A
367456430,2022-01-01T07:53:40,29.83548,-89.99744,0.0,155.8,511.0,CAPT WEBSTER,,WDF4843,31,0,19,7,,31,A
367456430,2022-01-01T07:59:31,29.83548,-89.99739,0.0,126.1,511.0,CAPT WEBSTER,,WDF4843,31,0,19,7,,31,A
367456430,2022-01-01T08:23:20,29.83547,-89.99741,0.0,237.0,511.0,CAPT WEBSTER,,WDF4843,31,0,19,7,,31,A
367456430,2022-01-01T07:36:01,29.83550,-89.99741,0.0,182.3,511.0,CAPT WEBSTER,,WDF4843,31,0,19,7,,31,A
367456430,2022-01-01T07:56:01,29.83550,-89.99744,0.0,136.6,511.0,CAPT WEBSTER,,WDF4843,31,0,19,7,,31,A
367456430,2022-01-01T07:57:12,29.83548,-89.99742,0.0,129.2,511.0,CAPT WEBSTER,,WDF4843,31,0,19,7,,31,A
367456430,2022-01-01T08:02:12,29.83547,-89.99740,0.0,139.0,511.0,CAPT WEBSTER,,WDF4843,31,0,19,7,,31,A
367456430,2022-01-01T08:05:42,29.83550,-89.99739,0.0,169.3,511.0,CAPT WEBSTER,,WDF4843,31,0,19,7,,31,A
367456430,2022-01-01T07:58:21,29.83547,-89.99740,0.0,123.5,511.0,CAPT WEBSTER,,WDF4843,31,0,19,7,,31,A
367456430,2022-01-01T08:31:11,29.83550,-89.99742,0.0,208.0,511.0,CAPT WEBSTER,,WDF4843,31,0,19,7,,31,A
367456430,2022-01-01T07:44:22,29.83549,-89.99745,0.0,254.7,511.0,CAPT WEBSTER,,WDF4843,31,0,19,7,,31,A
367456430,2022-01-01T08:00:01,29.83548,-89.99739,0.0,122.5,511.0,CAPT WEBSTER,,WDF4843,31,0,19,7,,31,A
367456430,2022-01-01T08:12:31,29.83551,-89.99741,0.1,210.3,511.0,CAPT WEBSTER,,WDF4843,31,0,19,7,,31,A
367456430,2022-01-01T08:14:40,29.83552,-89.99741,0.0,215.9,511.0,CAPT WEBSTER,,WDF4843,31,0,19,7,,31,A
367456430,2022-01-01T07:51:21,29.83548,-89.99746,0.0,189.1,511.0,CAPT WEBSTER,,WDF4843,31,0,19,7,,31,A
367456430,2022-01-01T08:43:21,29.83551,-89.99742,0.0,239.7,511.0,CAPT WEBSTER,,WDF4843,31,0,19,7,,31,A
367456430,2022-01-01T08:13:32,29.83552,-89.99741,0.0,217.2,511.0,CAPT WEBSTER,,WDF4843,31,0,19,7,,31,A
367456430,2022-01-01T08:16:01,29.83550,-89.99740,0.0,202.9,511.0,CAPT WEBSTER,,WDF4843,31,0,19,7,,31,A
367456430,2022-01-01T08:10:12,29.83550,-89.99742,0.0,215.9,511.0,CAPT WEBSTER,,WDF4843,31,0,19,7,,31,A
367456430,2022-01-01T08:25:32,29.83551,-89.99742,0.0,218.6,511.0,CAPT WEBSTER,,WDF4843,31,0,19,7,,31,A
367456430,2022-01-01T08:21:01,29.83549,-89.99740,0.0,235.7,511.0,CAPT WEBSTER,,WDF4843,31,0,19,7,,31,A
367456430,2022-01-01T08:24:31,29.83547,-89.99742,0.0,230.1,511.0,CAPT WEBSTER,,WDF4843,31,0,19,7,,31,A
367456430,2022-01-01T08:52:31,29.83549,-89.99743,0.1,199.8,511.0,CAPT WEBSTER,,WDF4843,31,0,19,7,,31,A
367456430,2022-01-01T08:03:22,29.83548,-89.99740,0.0,155.3,511.0,CAPT WEBSTER,,WDF4843,31,0,19,7,,31,A
367456430,2022-01-01T08:27:51,29.83549,-89.99741,0.0,212.8,511.0,CAPT WEBSTER,,WDF4843,31,0,19,7,,31,A
367456430,2022-01-01T08:22:11,29.83548,-89.99740,0.0,237.1,511.0,CAPT WEBSTER,,WDF4843,31,0,19,7,,31,A
367456430,2022-01-01T08:26:41,29.83550,-89.99741,0.0,209.6,511.0,CAPT WEBSTER,,WDF4843,31,0,19,7,,31,A
367456430,2022-01-01T08:32:21,29.83550,-89.99742,0.0,218.8,511.0,CAPT WEBSTER,,WDF4843,31,0,19,7,,31,A
367456430,2022-01-01T08:34:40,29.83550,-89.99741,0.0,219.2,511.0,CAPT WEBSTER,,WDF4843,31,0,19,7,,31,A
367456430,2022-01-01T08:36:21,29.83551,-89.99743,0.0,227.9,511.0,CAPT WEBSTER,,WDF4843,31,0,19,7,,31,A
367456430,2022-01-01T08:38:41,29.83551,-89.99740,0.1,253.7,511.0,CAPT WEBSTER,,WDF4843,31,0,19,7,,31,A
367456430,2022-01-01T08:11:22,29.83550,-89.99741,0.0,209.5,511.0,CAPT WEBSTER,,WDF4843,31,0,19,7,,31,A
367456430,2022-01-01T09:03:51,29.83548,-89.99732,0.0,26.1,511.0,CAPT WEBSTER,,WDF4843,31,0,19,7,,31,A
367456430,2022-01-01T08:39:52,29.83549,-89.99741,0.0,258.4,511.0,CAPT WEBSTER,,WDF4843,31,0,19,7,,31,A
367456430,2022-01-01T08:42:11,29.83549,-89.99741,0.0,238.8,511.0,CAPT WEBSTER,,WDF4843,31,0,19,7,,31,A
367456430,2022-01-01T08:17:32,29.83553,-89.99740,0.0,218.6,511.0,CAPT WEBSTER,,WDF4843,31,0,19,7,,31,A
367456430,2022-01-01T04:00:00,29.83561,-89.99685,0.2,237.9,511.0,CAPT WEBSTER,,WDF4843,31,0,19,7,,31,A
367456430,2022-01-01T08:46:50,29.83552,-89.99741,0.0,205.7,511.0,CAPT WEBSTER,,WDF4843,31,0,19,7,,31,A
367456430,2022-01-01T08:48:00,29.83551,-89.99740,0.0,204.7,511.0,CAPT WEBSTER,,WDF4843,31,0,19,7,,31,A
367456430,2022-01-01T08:41:01,29.83551,-89.99742,0.0,246.5,511.0,CAPT WEBSTER,,WDF4843,31,0,19,7,,31,A
367456430,2022-01-01T08:33:31,29.83550,-89.99741,0.0,222.1,511.0,CAPT WEBSTER,,WDF4843,31,0,19,7,,31,A
367456430,2022-01-01T08:51:21,29.83551,-89.99744,0.1,264.0,511.0,CAPT WEBSTER,,WDF4843,31,0,19,7,,31,A
367456430,2022-01-01T08:37:32,29.83550,-89.99742,0.1,233.1,511.0,CAPT WEBSTER,,WDF4843,31,0,19,7,,31,A
367456430,2022-01-01T08:44:31,29.83550,-89.99741,0.0,233.4,511.0,CAPT WEBSTER,,WDF4843,31,0,19,7,,31,A
367456430,2022-01-01T08:45:40,29.83553,-89.99742,0.0,221.3,511.0,CAPT WEBSTER,,WDF4843,31,0,19,7,,31,A
367456430,2022-01-01T09:17:51,29.83552,-89.99732,0.0,338.2,511.0,CAPT WEBSTER,,WDF4843,31,0,19,7,,31,A
367456430,2022-01-01T04:03:40,29.83557,-89.99695,0.1,243.4,511.0,CAPT WEBSTER,,WDF4843,31,0,19,7,,31,A
367456430,2022-01-01T08:53:41,29.83553,-89.99741,0.1,130.6,511.0,CAPT WEBSTER,,WDF4843,31,0,19,7,,31,A
367456430,2022-01-01T08:56:02,29.83554,-89.99737,0.1,88.4,511.0,CAPT WEBSTER,,WDF4843,31,0,19,7,,31,A
367456430,2022-01-01T09:22:31,29.83549,-89.99730,0.0,354.1,511.0,CAPT WEBSTER,,WDF4843,31,0,19,7,,31,A
367456430,2022-01-01T08:54:51,29.83555,-89.99738,0.1,105.5,511.0,CAPT WEBSTER,,WDF4843,31,0,19,7,,31,A
367456430,2022-01-01T08:57:10,29.83554,-89.99735,0.0,83.8,511.0,CAPT WEBSTER,,WDF4843,31,0,19,7,,31,A
367456430,2022-01-01T09:00:01,29.83551,-89.99734,0.0,86.6,511.0,CAPT WEBSTER,,WDF4843,31,0,19,7,,31,A
367456430,2022-01-01T08:30:01,29.83550,-89.99742,0.0,213.9,511.0,CAPT WEBSTER,,WDF4843,31,0,19,7,,31,A
367456430,2022-01-01T09:23:40,29.83550,-89.99731,0.0,342.6,511.0,CAPT WEBSTER,,WDF4843,31,0,19,7,,31,A
367456430,2022-01-01T08:49:01,29.83552,-89.99741,0.1,222.2,511.0,CAPT WEBSTER,,WDF4843,31,0,19,7,,31,A
367456430,2022-01-01T08:59:30,29.83551,-89.99734,0.0,71.5,511.0,CAPT WEBSTER,,WDF4843,31,0,19,7,,31,A
367456430,2022-01-01T09:06:11,29.83548,-89.99733,0.0,15.4,511.0,CAPT WEBSTER,,WDF4843,31,0,19,7,,31,A
367456430,2022-01-01T09:30:32,29.83550,-89.99730,0.0,256.8,511.0,CAPT WEBSTER,,WDF4843,31,0,19,7,,31,A
367456430,2022-01-01T09:01:40,29.83548,-89.99732,0.0,54.3,511.0,CAPT WEBSTER,,WDF4843,31,0,19,7,,31,A
367456430,2022-01-01T09:10:51,29.83550,-89.99732,0.0,325.4,511.0,CAPT WEBSTER,,WDF4843,31,0,19,7,,31,A
367456430,2022-01-01T09:12:01,29.83550,-89.99732,0.0,322.7,511.0,CAPT WEBSTER,,WDF4843,31,0,19,7,,31,A
367456430,2022-01-01T09:09:40,29.83549,-89.99733,0.0,330.3,511.0,CAPT WEBSTER,,WDF4843,31,0,19,7,,31,A
367456430,2022-01-01T09:40:20,29.83551,-89.99732,0.1,227.5,511.0,CAPT WEBSTER,,WDF4843,31,0,19,7,,31,A
367456430,2022-01-01T09:14:21,29.83549,-89.99733,0.0,341.7,511.0,CAPT WEBSTER,,WDF4843,31,0,19,7,,31,A
367456430,2022-01-01T09:42:31,29.83550,-89.99733,0.0,237.7,511.0,CAPT WEBSTER,,WDF4843,31,0,19,7,,31,A
367456430,2022-01-01T09:15:32,29.83550,-89.99733,0.0,338.2,511.0,CAPT WEBSTER,,WDF4843,31,0,19,7,,31,A
367456430,2022-01-01T09:13:12,29.83550,-89.99733,0.0,320.4,511.0,CAPT WEBSTER,,WDF4843,31,0,19,7,,31,A
367456430,2022-01-01T09:05:01,29.83547,-89.99732,0.1,44.5,511.0,CAPT WEBSTER,,WDF4843,31,0,19,7,,31,A
367456430,2022-01-01T09:19:01,29.83551,-89.99732,0.1,334.2,511.0,CAPT WEBSTER,,WDF4843,31,0,19,7,,31,A
367456430,2022-01-01T09:45:52,29.83549,-89.99732,0.0,234.3,511.0,CAPT WEBSTER,,WDF4843,31,0,19,7,,31,A
367456430,2022-01-01T09:07:20,29.83547,-89.99733,0.1,355.5,511.0,CAPT WEBSTER,,WDF4843,31,0,19,7,,31,A
367456430,2022-01-01T04:16:41,29.83551,-89.99711,0.1,55.4,511.0,CAPT WEBSTER,,WDF4843,31,0,19,7,,31,A
367456430,2022-01-01T09:16:41,29.83551,-89.99732,0.0,353.7,511.0,CAPT WEBSTER,,WDF4843,31,0,19,7,,31,A
367456430,2022-01-01T09:49:21,29.83549,-89.99732,0.0,238.2,511.0,CAPT WEBSTER,,WDF4843,31,0,19,7,,31,A
367456430,2022-01-01T09:50:31,29.83548,-89.99733,0.0,238.1,511.0,CAPT WEBSTER,,WDF4843,31,0,19,7,,31,A
367456430,2022-01-01T09:26:00,29.83550,-89.99732,0.0,292.5,511.0,CAPT WEBSTER,,WDF4843,31,0,19,7,,31,A
367456430,2022-01-01T09:28:21,29.83547,-89.99729,0.1,269.6,511.0,CAPT WEBSTER,,WDF4843,31,0,19,7,,31,A
367456430,2022-01-01T09:27:11,29.83547,-89.99727,0.0,280.9,511.0,CAPT WEBSTER,,WDF4843,31,0,19,7,,31,A
367456430,2022-01-01T09:29:31,29.83552,-89.99729,0.0,263.8,511.0,CAPT WEBSTER,,WDF4843,31,0,19,7,,31,A
367456430,2022-01-01T09:02:41,29.83548,-89.99732,0.0,55.0,511.0,CAPT WEBSTER,,WDF4843,31,0,19,7,,31,A
367456430,2022-01-01T09:57:22,29.83550,-89.99734,0.1,244.0,511.0,CAPT WEBSTER,,WDF4843,31,0,19,7,,31,A
367456430,2022-01-01T09:33:10,29.83550,-89.99732,0.0,232.5,511.0,CAPT WEBSTER,,WDF4843,31,0,19,7,,31,A
367456430,2022-01-01T09:08:31,29.83549,-89.99732,0.0,8.4,511.0,CAPT WEBSTER,,WDF4843,31,0,19,7,,31,A
367456430,2022-01-01T09:43:41,29.83550,-89.99733,0.0,240.3,511.0,CAPT WEBSTER,,WDF4843,31,0,19,7,,31,A
367456430,2022-01-01T09:44:42,29.83550,-89.99732,0.0,231.6,511.0,CAPT WEBSTER,,WDF4843,31,0,19,7,,31,A
367456430,2022-01-01T09:38:01,29.83550,-89.99730,0.0,183.1,511.0,CAPT WEBSTER,,WDF4843,31,0,19,7,,31,A
367456430,2022-01-01T09:41:30,29.83549,-89.99733,0.0,226.8,511.0,CAPT WEBSTER,,WDF4843,31,0,19,7,,31,A
367456430,2022-01-01T09:35:32,29.83552,-89.99732,0.0,231.6,511.0,CAPT WEBSTER,,WDF4843,31,0,19,7,,31,A
367456430,2022-01-01T09:51:42,29.83548,-89.99734,0.0,235.1,511.0,CAPT WEBSTER,,WDF4843,31,0,19,7,,31,A
367456430,2022-01-01T09:24:50,29.83550,-89.99732,0.0,333.5,511.0,CAPT WEBSTER,,WDF4843,31,0,19,7,,31,A
367456430,2022-01-01T09:39:11,29.83550,-89.99731,0.1,215.3,511.0,CAPT WEBSTER,,WDF4843,31,0,19,7,,31,A
367456430,2022-01-01T10:21:31,29.83549,-89.99732,0.0,282.6,511.0,CAPT WEBSTER,,WDF4843,31,0,19,7,,31,A
367456430,2022-01-01T09:48:10,29.83549,-89.99731,0.0,236.5,511.0,CAPT WEBSTER,,WDF4843,31,0,19,7,,31,A
367456430,2022-01-01T09:55:10,29.83553,-89.99734,0.0,236.9,511.0,CAPT WEBSTER,,WDF4843,31,0,19,7,,31,A
367456430,2022-01-01T10:27:21,29.83549,-89.99733,0.0,279.1,511.0,CAPT WEBSTER,,WDF4843,31,0,19,7,,31,A
367456430,2022-01-01T09:47:02,29.83551,-89.99731,0.0,238.3,511.0,CAPT WEBSTER,,WDF4843,31,0,19,7,,31,A
367456430,2022-01-01T09:52:50,29.83548,-89.99734,0.0,231.4,511.0,CAPT WEBSTER,,WDF4843,31,0,19,7,,31,A
367456430,2022-01-01T09:58:31,29.83548,-89.99734,0.1,234.4,511.0,CAPT WEBSTER,,WDF4843,31,0,19,7,,31,A
367456430,2022-01-01T10:00:00,29.83548,-89.99733,0.0,227.1,511.0,CAPT WEBSTER,,WDF4843,31,0,19,7,,31,A
367456430,2022-01-01T04:35:41,29.83547,-89.99732,0.1,270.9,511.0,CAPT WEBSTER,,WDF4843,31,0,19,7,,31,A
367456430,2022-01-01T10:11:50,29.83551,-89.99734,0.0,266.4,511.0,CAPT WEBSTER,,WDF4843,31,0,19,7,,31,A
367456430,2022-01-01T09:56:21,29.83552,-89.99733,0.1,234.6,511.0,CAPT WEBSTER,,WDF4843,31,0,19,7,,31,A
367456430,2022-01-01T10:14:20,29.83549,-89.99732,0.0,270.3,511.0,CAPT WEBSTER,,WDF4843,31,0,19,7,,31,A
367456430,2022-01-01T10:41:01,29.83549,-89.99720,0.2,84.6,511.0,CAPT WEBSTER,,WDF4843,31,0,19,7,,31,A
367456430,2022-01-01T10:03:50,29.83548,-89.99733,0.0,226.3,511.0,CAPT WEBSTER,,WDF4843,31,0,19,7,,31,A
367456430,2022-01-01T10:15:31,29.83547,-89.99731,0.0,269.7,511.0,CAPT WEBSTER,,WDF4843,31,0,19,7,,31,A
367456430,2022-01-01T09:59:41,29.83547,-89.99733,0.0,225.4,511.0,CAPT WEBSTER,,WDF4843,31,0,19,7,,31,A
367456430,2022-01-01T10:16:41,29.83549,-89.99730,0.0,276.8,511.0,CAPT WEBSTER,,WDF4843,31,0,19,7,,31,A
367456430,2022-01-01T10:09:32,29.83548,-89.99733,0.0,256.6,511.0,CAPT WEBSTER,,WDF4843,31,0,19,7,,31,A
367456430,2022-01-01T10:05:00,29.83548,-89.99733,0.0,224.6,511.0,CAPT WEBSTER,,WDF4843,31,0,19,7,,31,A
367456430,2022-01-01T10:07:21,29.83546,-89.99732,0.0,231.6,511.0,CAPT WEBSTER,,WDF4843,31,0,19,7,,31,A
367456430,2022-01-01T10:25:01,29.83549,-89.99732,0.0,293.1,511.0,CAPT WEBSTER,,WDF4843,31,0,19,7,,31,A
367456430,2022-01-01T10:10:40,29.83551,-89.99735,0.0,262.3,511.0,CAPT WEBSTER,,WDF4843,31,0,19,7,,31,A
367456430,2022-01-01T10:19:12,29.83550,-89.99732,0.0,282.6,511.0,CAPT WEBSTER,,WDF4843,31,0,19,7,,31,A
367456430,2022-01-01T10:13:12,29.83550,-89.99733,0.0,266.2,511.0,CAPT WEBSTER,,WDF4843,31,0,19,7,,31,A
367456430,2022-01-01T10:30:50,29.83549,-89.99734,0.0,272.9,511.0,CAPT WEBSTER,,WDF4843,31,0,19,7,,31,A
367456430,2022-01-01T10:06:10,29.83546,-89.99733,0.0,239.1,511.0,CAPT WEBSTER,,WDF4843,31,0,19,7,,31,A
367456430,2022-01-01T10:33:11,29.83551,-89.99734,0.0,270.5,511.0,CAPT WEBSTER,,WDF4843,31,0,19,7,,31,A
367456430,2022-01-01T10:29:41,29.83548,-89.99733,0.0,276.4,511.0,CAPT WEBSTER,,WDF4843,31,0,19,7,,31,A
367456430,2022-01-01T10:17:50,29.83546,-89.99730,0.0,275.2,511.0,CAPT WEBSTER,,WDF4843,31,0,19,7,,31,A
367456430,2022-01-01T10:36:32,29.83548,-89.99734,0.0,260.7,511.0,CAPT WEBSTER,,WDF4843,31,0,19,7,,31,A
367456430,2022-01-01T10:20:21,29.83550,-89.99731,0.0,282.8,511.0,CAPT WEBSTER,,WDF4843,31,0,19,7,,31,A
367456430,2022-01-01T11:03:51,29.81632,-90.00241,8.0,192.2,511.0,CAPT WEBSTER,,WDF4843,31,0,19,7,,31,A
367456430,2022-01-01T10:40:00,29.83550,-89.99727,0.2,104.2,511.0,CAPT WEBSTER,,WDF4843,31,0,19,7,,31,A
367456430,2022-01-01T10:28:31,29.83551,-89.99733,0.0,281.7,511.0,CAPT WEBSTER,,WDF4843,31,0,19,7,,31,A
367456430,2022-01-01T11:06:02,29.81168,-90.00380,7.9,194.9,511.0,CAPT WEBSTER,,WDF4843,31,0,19,7,,31,A
367456430,2022-01-01T10:45:42,29.83552,-89.99733,0.8,269.4,511.0,CAPT WEBSTER,,WDF4843,31,0,19,7,,31,A
367456430,2022-01-01T10:34:22,29.83552,-89.99733,0.0,266.4,511.0,CAPT WEBSTER,,WDF4843,31,0,19,7,,31,A
367456430,2022-01-01T10:49:10,29.83553,-89.99703,0.3,73.3,511.0,CAPT WEBSTER,,WDF4843,31,0,19,7,,31,A
367456430,2022-01-01T11:14:41,29.79385,-90.01148,7.8,208.5,511.0,CAPT WEBSTER,,WDF4843,31,0,19,7,,31,A
367456430,2022-01-01T10:37:41,29.83548,-89.99732,0.1,189.3,511.0,CAPT WEBSTER,,WDF4843,31,0,19,7,,31,A
367456430,2022-01-01T10:22:41,29.83548,-89.99732,0.0,279.4,511.0,CAPT WEBSTER,,WDF4843,31,0,19,7,,31,A
367456430,2022-01-01T10:43:22,29.83549,-89.99712,0.0,78.3,511.0,CAPT WEBSTER,,WDF4843,31,0,19,7,,31,A
367456430,2022-01-01T10:46:51,29.83550,-89.99729,0.5,101.6,511.0,CAPT WEBSTER,,WDF4843,31,0,19,7,,31,A
367456430,2022-01-01T10:44:31,29.83551,-89.99709,0.0,78.1,511.0,CAPT WEBSTER,,WDF4843,31,0,19,7,,31,A
367456430,2022-01-01T10:51:21,29.83513,-89.99739,0.9,300.7,511.0,CAPT WEBSTER,,WDF4843,31,0,19,7,,31,A
367456430,2022-01-01T10:52:31,29.83536,-89.99710,2.1,85.7,511.0,CAPT WEBSTER,,WDF4843,31,0,19,7,,31,A
367456430,2022-01-01T10:58:10,29.82803,-89.99814,7.7,202.5,511.0,CAPT WEBSTER,,WDF4843,31,0,19,7,,31,A
367456430,2022-01-01T10:54:50,29.83405,-89.99564,4.9,180.2,511.0,CAPT WEBSTER,,WDF4843,31,0,19,7,,31,A
367456430,2022-01-01T10:59:21,29.82574,-89.99921,7.6,198.0,511.0,CAPT WEBSTER,,WDF4843,31,0,19,7,,31,A
367456430,2022-01-01T10:57:02,29.83030,-89.99710,7.5,201.9,511.0,CAPT WEBSTER,,WDF4843,31,0,19,7,,31,A
367456430,2022-01-01T10:35:31,29.83548,-89.99733,0.0,266.2,511.0,CAPT WEBSTER,,WDF4843,31,0,19,7,,31,A
367456430,2022-01-01T11:02:41,29.81881,-90.00164,7.9,197.4,511.0,CAPT WEBSTER,,WDF4843,31,0,19,7,,31,A
367456430,2022-01-01T11:36:30,29.75042,-90.02014,7.9,138.4,511.0,CAPT WEBSTER,,WDF4843,31,0,19,7,,31,A
367456430,2022-01-01T11:04:52,29.81416,-90.00302,8.0,196.2,511.0,CAPT WEBSTER,,WDF4843,31,0,19,7,,31,A
367456430,2022-01-01T10:38:52,29.83553,-89.99731,0.0,156.7,511.0,CAPT WEBSTER,,WDF4843,31,0,19,7,,31,A
367456430,2022-01-01T11:08:31,29.80630,-90.00541,8.0,196.8,511.0,CAPT WEBSTER,,WDF4843,31,0,19,7,,31,A
367456430,2022-01-01T10:53:41,29.83515,-89.99622,2.8,119.4,511.0,CAPT WEBSTER,,WDF4843,31,0,19,7,,31,A
367456430,2022-01-01T11:41:01,29.74362,-90.01183,8.0,133.6,511.0,CAPT WEBSTER,,WDF4843,31,0,19,7,,31,A
367456430,2022-01-01T11:09:41,29.80388,-90.00632,8.0,199.6,511.0,CAPT WEBSTER,,WDF4843,31,0,19,7,,31,A
367456430,2022-01-01T10:42:11,29.83550,-89.99716,0.1,78.8,511.0,CAPT WEBSTER,,WDF4843,31,0,19,7,,31,A
367456430,2022-01-01T11:16:50,29.78973,-90.01399,7.8,209.6,511.0,CAPT WEBSTER,,WDF4843,31,0,19,7,,31,A
367456430,2022-01-01T11:00:02,29.82435,-89.99965,7.6,194.3,511.0,CAPT WEBSTER,,WDF4843,31,0,19,7,,31,A
367456430,2022-01-01T11:15:42,29.79187,-90.01265,7.8,208.1,511.0,CAPT WEBSTER,,WDF4843,31,0,19,7,,31,A
367456430,2022-01-01T11:20:21,29.78310,-90.01838,7.8,211.0,511.0,CAPT WEBSTER,,WDF4843,31,0,19,7,,31,A
367456430,2022-01-01T11:18:01,29.78748,-90.01545,7.8,209.4,511.0,CAPT WEBSTER,,WDF4843,31,0,19,7,,31,A
367456430,2022-01-01T11:50:20,29.72864,-89.99499,8.0,142.0,511.0,CAPT WEBSTER,,WDF4843,31,0,19,7,,31,A
367456430,2022-01-01T11:52:41,29.72429,-89.99158,8.0,148.5,511.0,CAPT WEBSTER,,WDF4843,31,0,19,7,,31,A
367456430,2022-01-01T11:24:00,29.77609,-90.02248,7.8,206.7,511.0,CAPT WEBSTER,,WDF4843,31,0,19,7,,31,A
367456430,2022-01-01T11:22:40,29.77871,-90.02104,7.9,205.6,511.0,CAPT WEBSTER,,WDF4843,31,0,19,7,,31,A
367456430,2022-01-01T11:26:12,29.77181,-90.02452,7.4,191.6,511.0,CAPT WEBSTER,,WDF4843,31,0,19,7,,31,A
367456430,2022-01-01T11:10:50,29.80149,-90.00734,7.8,201.4,511.0,CAPT WEBSTER,,WDF4843,31,0,19,7,,31,A
367456430,2022-01-01T11:19:12,29.78527,-90.01692,7.7,209.8,511.0,CAPT WEBSTER,,WDF4843,31,0,19,7,,31,A
367456430,2022-01-01T11:56:00,29.71792,-89.98747,8.0,152.4,511.0,CAPT WEBSTER,,WDF4843,31,0,19,7,,31,A
367456430,2022-01-01T11:58:31,29.71280,-89.98492,8.0,158.2,511.0,CAPT WEBSTER,,WDF4843,31,0,19,7,,31,A
367456430,2022-01-01T11:13:31,29.79608,-90.01011,7.9,207.0,511.0,CAPT WEBSTER,,WDF4843,31,0,19,7,,31,A
367456430,2022-01-01T12:00:00,29.70975,-89.98351,8.0,158.6,511.0,CAPT WEBSTER,,WDF4843,31,0,19,7,,31,A
367456430,2022-01-01T11:25:01,29.77415,-90.02359,7.7,206.4,511.0,CAPT WEBSTER,,WDF4843,31,0,19,7,,31,A
367456430,2022-01-01T11:32:01,29.75936,-90.02458,7.8,168.8,511.0,CAPT WEBSTER,,WDF4843,31,0,19,7,,31,A
367456430,2022-01-01T11:34:11,29.75480,-90.02308,7.9,161.9,511.0,CAPT WEBSTER,,WDF4843,31,0,19,7,,31,A
367456430,2022-01-01T11:35:22,29.75244,-90.02188,7.8,149.8,511.0,CAPT WEBSTER,,WDF4843,31,0,19,7,,31,A
367456430,2022-01-01T11:21:31,29.78096,-90.01977,7.7,206.9,511.0,CAPT WEBSTER,,WDF4843,31,0,19,7,,31,A
367456430,2022-01-01T11:33:10,29.75691,-90.02384,7.8,162.9,511.0,CAPT WEBSTER,,WDF4843,31,0,19,7,,31,A
367456430,2022-01-01T11:07:11,29.80920,-90.00452,7.9,194.3,511.0,CAPT WEBSTER,,WDF4843,31,0,19,7,,31,A
367456430,2022-01-01T11:42:21,29.74150,-90.00938,8.0,136.7,511.0,CAPT WEBSTER,,WDF4843,31,0,19,7,,31,A
367456430,2022-01-01T11:28:32,29.76691,-90.02504,7.8,181.8,511.0,CAPT WEBSTER,,WDF4843,31,0,19,7,,31,A
367456430,2022-01-01T11:29:41,29.76442,-90.02511,7.8,181.6,511.0,CAPT WEBSTER,,WDF4843,31,0,19,7,,31,A
367456430,2022-01-01T11:39:51,29.74537,-90.01396,7.9,133.2,511.0,CAPT WEBSTER,,WDF4843,31,0,19,7,,31,A
367456430,2022-01-01T11:12:21,29.79845,-90.00884,7.9,204.4,511.0,CAPT WEBSTER,,WDF4843,31,0,19,7,,31,A
367456430,2022-01-01T12:16:40,29.67703,-89.96357,8.1,159.0,511.0,CAPT WEBSTER,,WDF4843,31,0,19,7,,31,A
367456430,2022-01-01T11:43:32,29.73969,-90.00723,8.1,132.3,511.0,CAPT WEBSTER,,WDF4843,31,0,19,7,,31,A
367456430,2022-01-01T11:44:40,29.73793,-90.00501,8.1,132.1,511.0,CAPT WEBSTER,,WDF4843,31,0,19,7,,31,A
367456430,2022-01-01T11:47:01,29.73429,-90.00065,8.1,134.2,511.0,CAPT WEBSTER,,WDF4843,31,0,19,7,,31,A
367456430,2022-01-01T11:53:42,29.72238,-89.99027,8.1,149.9,511.0,CAPT WEBSTER,,WDF4843,31,0,19,7,,31,A
367456430,2022-01-01T12:04:41,29.70030,-89.97882,7.8,154.3,511.0,CAPT WEBSTER,,WDF4843,31,0,19,7,,31,A
367456430,2022-01-01T11:45:51,29.73612,-90.00280,8.1,133.9,511.0,CAPT WEBSTER,,WDF4843,31,0,19,7,,31,A
367456430,2022-01-01T12:32:22,29.64436,-89.95396,7.7,134.1,511.0,CAPT WEBSTER,,WDF4843,31,0,19,7,,31,A
367456430,2022-01-01T11:54:51,29.72016,-89.98881,7.8,153.0,511.0,CAPT WEBSTER,,WDF4843,31,0,19,7,,31,A
367456430,2022-01-01T11:48:11,29.73238,-89.99859,8.1,139.0,511.0,CAPT WEBSTER,,WDF4843,31,0,19,7,,31,A
367456430,2022-01-01T11:59:42,29.71038,-89.98380,8.0,158.7,511.0,CAPT WEBSTER,,WDF4843,31,0,19,7,,31,A
367456430,2022-01-01T12:35:50,29.64040,-89.94624,8.2,112.2,511.0,CAPT WEBSTER,,WDF4843,31,0,19,7,,31,A
367456430,2022-01-01T11:57:21,29.71523,-89.98604,7.9,157.4,511.0,CAPT WEBSTER,,WDF4843,31,0,19,7,,31,A
367456430,2022-01-01T12:38:30,29.63855,-89.93963,7.9,107.8,511.0,CAPT WEBSTER,,WDF4843,31,0,19,7,,31,A
367456430,2022-01-01T12:13:10,29.68422,-89.96765,8.2,150.1,511.0,CAPT WEBSTER,,WDF4843,31,0,19,7,,31,A
367456430,2022-01-01T12:39:40,29.63764,-89.93684,8.1,113.2,511.0,CAPT WEBSTER,,WDF4843,31,0,19,7,,31,A
367456430,2022-01-01T12:01:10,29.70732,-89.98243,7.8,157.2,511.0,CAPT WEBSTER,,WDF4843,31,0,19,7,,31,A
367456430,2022-01-01T05:23:30,29.83551,-89.99733,0.0,265.4,511.0,CAPT WEBSTER,,WDF4843,31,0,19,7,,31,A
367456430,2022-01-01T12:02:21,29.70498,-89.98128,7.8,156.2,511.0,CAPT WEBSTER,,WDF4843,31,0,19,7,,31,A
367456430,2022-01-01T12:45:41,29.63031,-89.92325,8.4,125.8,511.0,CAPT WEBSTER,,WDF4843,31,0,19,7,,31,A
367456430,2022-01-01T12:46:51,29.62871,-89.92068,8.4,125.5,511.0,CAPT WEBSTER,,WDF4843,31,0,19,7,,31,A
367456430,2022-01-01T12:12:02,29.68650,-89.96914,8.3,151.5,511.0,CAPT WEBSTER,,WDF4843,31,0,19,7,,31,A
367456430,2022-01-01T12:22:30,29.66428,-89.96161,7.7,176.6,511.0,CAPT WEBSTER,,WDF4843,31,0,19,7,,31,A
367456430,2022-01-01T12:07:22,29.69517,-89.97572,7.7,148.9,511.0,CAPT WEBSTER,,WDF4843,31,0,19,7,,31,A
367456430,2022-01-01T12:19:02,29.67191,-89.96182,8.0,171.9,511.0,CAPT WEBSTER,,WDF4843,31,0,19,7,,31,A
367456430,2022-01-01T12:15:31,29.67946,-89.96477,8.2,153.8,511.0,CAPT WEBSTER,,WDF4843,31,0,19,7,,31,A
367456430,2022-01-01T12:20:10,29.66941,-89.96156,8.0,179.7,511.0,CAPT WEBSTER,,WDF4843,31,0,19,7,,31,A
367456430,2022-01-01T12:05:52,29.69798,-89.97754,7.5,152.3,511.0,CAPT WEBSTER,,WDF4843,31,0,19,7,,31,A
367456430,2022-01-01T12:31:00,29.64656,-89.95599,7.3,148.1,511.0,CAPT WEBSTER,,WDF4843,31,0,19,7,,31,A
367456430,2022-01-01T12:57:12,29.61526,-89.89765,8.6,116.6,511.0,CAPT WEBSTER,,WDF4843,31,0,19,7,,31,A
367456430,2022-01-01T12:17:51,29.67452,-89.96263,8.3,163.1,511.0,CAPT WEBSTER,,WDF4843,31,0,19,7,,31,A
367456430,2022-01-01T12:27:30,29.65360,-89.95891,8.1,168.0,511.0,CAPT WEBSTER,,WDF4843,31,0,19,7,,31,A
367456430,2022-01-01T12:14:22,29.68184,-89.96616,8.2,152.0,511.0,CAPT WEBSTER,,WDF4843,31,0,19,7,,31,A
367456430,2022-01-01T12:21:22,29.66677,-89.96162,7.9,182.2,511.0,CAPT WEBSTER,,WDF4843,31,0,19,7,,31,A
367456430,2022-01-01T12:29:51,29.64864,-89.95723,7.5,157.6,511.0,CAPT WEBSTER,,WDF4843,31,0,19,7,,31,A
367456430,2022-01-01T12:23:41,29.66177,-89.96126,7.7,170.4,511.0,CAPT WEBSTER,,WDF4843,31,0,19,7,,31,A
367456430,2022-01-01T12:33:30,29.64286,-89.95164,8.2,124.7,511.0,CAPT WEBSTER,,WDF4843,31,0,19,7,,31,A
367456430,2022-01-01T12:43:20,29.63342,-89.92845,8.4,123.4,511.0,CAPT WEBSTER,,WDF4843,31,0,19,7,,31,A
367456430,2022-01-01T12:03:30,29.70264,-89.98008,7.9,156.1,511.0,CAPT WEBSTER,,WDF4843,31,0,19,7,,31,A
367456430,2022-01-01T12:44:30,29.63189,-89.92579,8.4,124.2,511.0,CAPT WEBSTER,,WDF4843,31,0,19,7,,31,A
367456430,2022-01-01T13:16:51,29.60097,-89.84670,8.7,103.8,511.0,CAPT WEBSTER,,WDF4843,31,0,19,7,,31,A
367456430,2022-01-01T12:51:31,29.62238,-89.91057,8.3,124.4,511.0,CAPT WEBSTER,,WDF4843,31,0,19,7,,31,A
367456430,2022-01-01T12:41:01,29.63624,-89.93368,8.4,118.4,511.0,CAPT WEBSTER,,WDF4843,31,0,19,7,,31,A
367456430,2022-01-01T12:53:51,29.61926,-89.90549,8.4,123.1,511.0,CAPT WEBSTER,,WDF4843,31,0,19,7,,31,A
367456430,2022-01-01T12:09:41,29.69106,-89.97225,8.1,143.4,511.0,CAPT WEBSTER,,WDF4843,31,0,19,7,,31,A
367456430,2022-01-01T12:10:51,29.68888,-89.97061,8.1,150.7,511.0,CAPT WEBSTER,,WDF4843,31,0,19,7,,31,A
367456430,2022-01-01T12:37:01,29.63956,-89.94329,8.1,106.0,511.0,CAPT WEBSTER,,WDF4843,31,0,19,7,,31,A
367456430,2022-01-01T12:55:01,29.61778,-89.90276,8.5,120.7,511.0,CAPT WEBSTER,,WDF4843,31,0,19,7,,31,A
367456430,2022-01-01T13:24:01,29.59390,-89.82938,8.2,129.6,511.0,CAPT WEBSTER,,WDF4843,31,0,19,7,,31,A
367456430,2022-01-01T13:28:41,29.58721,-89.81975,8.2,122.4,511.0,CAPT WEBSTER,,WDF4843,31,0,19,7,,31,A
367456430,2022-01-01T12:49:10,29.62547,-89.91575,8.4,126.3,511.0,CAPT WEBSTER,,WDF4843,31,0,19,7,,31,A
367456430,2022-01-01T12:50:22,29.62387,-89.91317,8.4,124.5,511.0,CAPT WEBSTER,,WDF4843,31,0,19,7,,31,A
367456430,2022-01-01T13:06:01,29.60628,-89.87606,8.7,104.4,511.0,CAPT WEBSTER,,WDF4843,31,0,19,7,,31,A
367456430,2022-01-01T13:41:22,29.57073,-89.79334,8.2,126.2,511.0,CAPT WEBSTER,,WDF4843,31,0,19,7,,31,A
367456430,2022-01-01T13:42:30,29.56922,-89.79095,8.2,125.3,511.0,CAPT WEBSTER,,WDF4843,31,0,19,7,,31,A
367456430,2022-01-01T12:26:12,29.65645,-89.95978,8.1,164.6,511.0,CAPT WEBSTER,,WDF4843,31,0,19,7,,31,A
367456430,2022-01-01T12:52:41,29.62079,-89.90805,8.4,125.5,511.0,CAPT WEBSTER,,WDF4843,31,0,19,7,,31,A
367456430,2022-01-01T12:58:20,29.61408,-89.89483,8.4,114.1,511.0,CAPT WEBSTER,,WDF4843,31,0,19,7,,31,A
367456430,2022-01-01T13:47:10,29.56226,-89.78196,8.1,139.7,511.0,CAPT WEBSTER,,WDF4843,31,0,19,7,,31,A
367456430,2022-01-01T12:56:02,29.61658,-89.90042,8.5,119.8,511.0,CAPT WEBSTER,,WDF4843,31,0,19,7,,31,A
367456430,2022-01-01T13:08:31,29.60495,-89.86929,8.6,101.4,511.0,CAPT WEBSTER,,WDF4843,31,0,19,7,,31,A
367456430,2022-01-01T13:01:10,29.61072,-89.88823,8.5,119.5,511.0,CAPT WEBSTER,,WDF4843,31,0,19,7,,31,A
367456430,2022-01-01T12:34:41,29.64147,-89.94903,8.3,115.6,511.0,CAPT WEBSTER,,WDF4843,31,0,19,7,,31,A
367456430,2022-01-01T13:12:00,29.60332,-89.85989,8.8,101.7,511.0,CAPT WEBSTER,,WDF4843,31,0,19,7,,31,A
367456430,2022-01-01T12:59:31,29.61285,-89.89205,8.3,122.4,511.0,CAPT WEBSTER,,WDF4843,31,0,19,7,,31,A
367456430,2022-01-01T13:02:30,29.60925,-89.88504,8.5,115.6,511.0,CAPT WEBSTER,,WDF4843,31,0,19,7,,31,A
367456430,2022-01-01T12:42:10,29.63488,-89.93103,8.4,121.9,511.0,CAPT WEBSTER,,WDF4843,31,0,19,7,,31,A
367456430,2022-01-01T13:13:31,29.60263,-89.85572,8.8,100.8,511.0,CAPT WEBSTER,,WDF4843,31,0,19,7,,31,A
367456430,2022-01-01T13:09:42,29.60445,-89.86617,8.6,100.1,511.0,CAPT WEBSTER,,WDF4843,31,0,19,7,,31,A
367456430,2022-01-01T13:15:42,29.60158,-89.84982,8.7,102.5,511.0,CAPT WEBSTER,,WDF4843,31,0,19,7,,31,A
367456430,2022-01-01T13:10:51,29.60388,-89.86301,8.6,102.4,511.0,CAPT WEBSTER,,WDF4843,31,0,19,7,,31,A
367456430,2022-01-01T06:05:11,29.83550,-89.99744,0.0,267.3,511.0,CAPT WEBSTER,,WDF4843,31,0,19,7,,31,A
367456430,2022-01-01T13:19:11,29.59945,-89.84057,8.4,110.7,511.0,CAPT WEBSTER,,WDF4843,31,0,19,7,,31,A
367456430,2022-01-01T13:20:21,29.59832,-89.83774,8.4,118.3,511.0,CAPT WEBSTER,,WDF4843,31,0,19,7,,31,A
367456430,2022-01-01T13:21:32,29.59698,-89.83496,8.4,119.3,511.0,CAPT WEBSTER,,WDF4843,31,0,19,7,,31,A
367456430,2022-01-01T13:22:52,29.59542,-89.83189,8.4,122.3,511.0,CAPT WEBSTER,,WDF4843,31,0,19,7,,31,A
367456430,2022-01-01T13:29:51,29.58570,-89.81725,8.2,122.7,511.0,CAPT WEBSTER,,WDF4843,31,0,19,7,,31,A
367456430,2022-01-01T06:07:31,29.83551,-89.99745,0.0,270.0,511.0,CAPT WEBSTER,,WDF4843,31,0,19,7,,31,A
367456430,2022-01-01T13:25:11,29.59216,-89.82699,8.3,130.4,511.0,CAPT WEBSTER,,WDF4843,31,0,19,7,,31,A
367456430,2022-01-01T13:26:22,29.59043,-89.82462,8.3,130.5,511.0,CAPT WEBSTER,,WDF4843,31,0,19,7,,31,A
367456430,2022-01-01T13:31:02,29.58429,-89.81467,8.0,124.2,511.0,CAPT WEBSTER,,WDF4843,31,0,19,7,,31,A
367456430,2022-01-01T13:37:52,29.57516,-89.80070,8.0,121.9,511.0,CAPT WEBSTER,,WDF4843,31,0,19,7,,31,A
367456430,2022-01-01T13:03:42,29.60807,-89.88210,8.6,111.7,511.0,CAPT WEBSTER,,WDF4843,31,0,19,7,,31,A
367456430,2022-01-01T13:48:21,29.56022,-89.77996,8.2,137.0,511.0,CAPT WEBSTER,,WDF4843,31,0,19,7,,31,A
367456430,2022-01-01T13:07:11,29.60565,-89.87294,8.7,102.5,511.0,CAPT WEBSTER,,WDF4843,31,0,19,7,,31,A
367456430,2022-01-01T14:31:51,29.48919,-89.69773,8.3,148.2,511.0,CAPT WEBSTER,,WDF4843,31,0,19,7,,31,A
367456430,2022-01-01T13:40:10,29.57231,-89.79586,8.1,125.4,511.0,CAPT WEBSTER,,WDF4843,31,0,19,7,,31,A
367456430,2022-01-01T13:39:02,29.57371,-89.79825,8.0,122.9,511.0,CAPT WEBSTER,,WDF4843,31,0,19,7,,31,A
367456430,2022-01-01T13:44:51,29.56588,-89.78626,8.2,131.5,511.0,CAPT WEBSTER,,WDF4843,31,0,19,7,,31,A
367456430,2022-01-01T13:54:11,29.55041,-89.76982,8.3,138.9,511.0,CAPT WEBSTER,,WDF4843,31,0,19,7,,31,A
367456430,2022-01-01T06:11:00,29.83552,-89.99744,0.1,274.9,511.0,CAPT WEBSTER,,WDF4843,31,0,19,7,,31,A
367456430,2022-01-01T06:12:10,29.83550,-89.99746,0.0,274.7,511.0,CAPT WEBSTER,,WDF4843,31,0,19,7,,31,A
367456430,2022-01-01T13:14:32,29.60219,-89.85301,8.6,102.3,511.0,CAPT WEBSTER,,WDF4843,31,0,19,7,,31,A
367456430,2022-01-01T13:58:41,29.54226,-89.76226,8.2,146.9,511.0,CAPT WEBSTER,,WDF4843,31,0,19,7,,31,A
367456430,2022-01-01T13:50:42,29.55635,-89.77579,8.0,139.5,511.0,CAPT WEBSTER,,WDF4843,31,0,19,7,,31,A
367456430,2022-01-01T13:51:51,29.55435,-89.77380,8.1,136.6,511.0,CAPT WEBSTER,,WDF4843,31,0,19,7,,31,A
367456430,2022-01-01T13:59:51,29.54006,-89.76056,8.2,143.1,511.0,CAPT WEBSTER,,WDF4843,31,0,19,7,,31,A
367456430,2022-01-01T14:05:02,29.53260,-89.74985,8.7,117.7,511.0,CAPT WEBSTER,,WDF4843,31,0,19,7,,31,A
367456430,2022-01-01T13:27:30,29.58878,-89.82228,8.3,128.0,511.0,CAPT WEBSTER,,WDF4843,31,0,19,7,,31,A
367456430,2022-01-01T14:50:51,29.45995,-89.65898,8.9,118.0,511.0,CAPT WEBSTER,,WDF4843,31,0,19,7,,31,A
367456430,2022-01-01T14:00:01,29.53976,-89.76029,8.2,141.4,511.0,CAPT WEBSTER,,WDF4843,31,0,19,7,,31,A
367456430,2022-01-01T14:10:01,29.52726,-89.73716,8.9,117.3,511.0,CAPT WEBSTER,,WDF4843,31,0,19,7,,31,A
367456430,2022-01-01T14:53:02,29.45832,-89.65306,9.0,102.3,511.0,CAPT WEBSTER,,WDF4843,31,0,19,7,,31,A
367456430,2022-01-01T14:03:50,29.53402,-89.75273,8.5,121.8,511.0,CAPT WEBSTER,,WDF4843,31,0,19,7,,31,A
367456430,2022-01-01T13:56:21,29.54668,-89.76604,8.3,140.3,511.0,CAPT WEBSTER,,WDF4843,31,0,19,7,,31,A
367456430,2022-01-01T13:57:31,29.54449,-89.76407,8.6,142.4,511.0,CAPT WEBSTER,,WDF4843,31,0,19,7,,31,A
367456430,2022-01-01T13:35:22,29.57829,-89.80597,8.0,127.3,511.0,CAPT WEBSTER,,WDF4843,31,0,19,7,,31,A
367456430,2022-01-01T14:12:22,29.52428,-89.73134,8.9,123.3,511.0,CAPT WEBSTER,,WDF4843,31,0,19,7,,31,A
367456430,2022-01-01T13:36:31,29.57677,-89.80357,8.0,124.5,511.0,CAPT WEBSTER,,WDF4843,31,0,19,7,,31,A
367456430,2022-01-01T14:16:51,29.51732,-89.72206,8.3,136.2,511.0,CAPT WEBSTER,,WDF4843,31,0,19,7,,31,A
367456430,2022-01-01T14:14:42,29.52081,-89.72620,8.6,131.3,511.0,CAPT WEBSTER,,WDF4843,31,0,19,7,,31,A
367456430,2022-01-01T14:57:42,29.45729,-89.63987,8.8,98.2,511.0,CAPT WEBSTER,,WDF4843,31,0,19,7,,31,A
367456430,2022-01-01T14:18:01,29.51529,-89.71991,8.3,137.7,511.0,CAPT WEBSTER,,WDF4843,31,0,19,7,,31,A
367456430,2022-01-01T14:19:11,29.51328,-89.71793,8.4,140.0,511.0,CAPT WEBSTER,,WDF4843,31,0,19,7,,31,A
367456430,2022-01-01T14:08:51,29.52855,-89.74017,9.1,116.5,511.0,CAPT WEBSTER,,WDF4843,31,0,19,7,,31,A
367456430,2022-01-01T15:01:22,29.45597,-89.62946,9.1,89.1,511.0,CAPT WEBSTER,,WDF4843,31,0,19,7,,31,A
367456430,2022-01-01T15:02:30,29.45620,-89.62619,8.9,85.0,511.0,CAPT WEBSTER,,WDF4843,31,0,19,7,,31,A
367456430,2022-01-01T14:21:30,29.50911,-89.71394,8.4,141.6,511.0,CAPT WEBSTER,,WDF4843,31,0,19,7,,31,A
367456430,2022-01-01T14:20:21,29.51121,-89.71594,8.4,139.9,511.0,CAPT WEBSTER,,WDF4843,31,0,19,7,,31,A
367456430,2022-01-01T13:43:41,29.56761,-89.78852,8.0,129.8,511.0,CAPT WEBSTER,,WDF4843,31,0,19,7,,31,A
367456430,2022-01-01T14:11:11,29.52582,-89.73426,9.1,121.0,511.0,CAPT WEBSTER,,WDF4843,31,0,19,7,,31,A
367456430,2022-01-01T14:22:31,29.50724,-89.71225,8.5,142.5,511.0,CAPT WEBSTER,,WDF4843,31,0,19,7,,31,A
367456430,2022-01-01T14:07:22,29.53022,-89.74395,8.8,114.2,511.0,CAPT WEBSTER,,WDF4843,31,0,19,7,,31,A
367456430,2022-01-01T14:15:50,29.51896,-89.72390,8.4,134.4,511.0,CAPT WEBSTER,,WDF4843,31,0,19,7,,31,A
367456430,2022-01-01T15:09:31,29.45105,-89.60882,8.7,133.8,511.0,CAPT WEBSTER,,WDF4843,31,0,19,7,,31,A
367456430,2022-01-01T14:13:30,29.52264,-89.72874,8.8,129.5,511.0,CAPT WEBSTER,,WDF4843,31,0,19,7,,31,A
367456430,2022-01-01T14:30:41,29.49153,-89.69931,8.5,150.5,511.0,CAPT WEBSTER,,WDF4843,31,0,19,7,,31,A
367456430,2022-01-01T15:13:21,29.44449,-89.60172,8.4,145.4,511.0,CAPT WEBSTER,,WDF4843,31,0,19,7,,31,A
367456430,2022-01-01T14:23:40,29.50503,-89.71038,8.5,143.9,511.0,CAPT WEBSTER,,WDF4843,31,0,19,7,,31,A
367456430,2022-01-01T14:34:10,29.48479,-89.69439,8.1,143.7,511.0,CAPT WEBSTER,,WDF4843,31,0,19,7,,31,A
367456430,2022-01-01T15:16:42,29.43810,-89.59901,7.8,201.0,511.0,CAPT WEBSTER,,WDF4843,31,0,19,7,,31,A
367456430,2022-01-01T14:35:21,29.48271,-89.69244,8.3,137.9,511.0,CAPT WEBSTER,,WDF4843,31,0,19,7,,31,A
367456430,2022-01-01T14:27:11,29.49847,-89.70461,8.5,143.6,511.0,CAPT WEBSTER,,WDF4843,31,0,19,7,,31,A
367456430,2022-01-01T13:55:20,29.54841,-89.76774,8.2,138.6,511.0,CAPT WEBSTER,,WDF4843,31,0,19,7,,31,A
367456430,2022-01-01T14:24:52,29.50283,-89.70845,8.5,142.9,511.0,CAPT WEBSTER,,WDF4843,31,0,19,7,,31,A
367456430,2022-01-01T14:28:21,29.49627,-89.70271,8.4,146.1,511.0,CAPT WEBSTER,,WDF4843,31,0,19,7,,31,A
367456430,2022-01-01T14:42:31,29.47057,-89.67865,8.6,135.0,511.0,CAPT WEBSTER,,WDF4843,31,0,19,7,,31,A
367456430,2022-01-01T14:02:41,29.53554,-89.75529,8.3,128.8,511.0,CAPT WEBSTER,,WDF4843,31,0,19,7,,31,A
367456430,2022-01-01T14:29:31,29.49392,-89.70099,8.7,148.0,511.0,CAPT WEBSTER,,WDF4843,31,0,19,7,,31,A
367456430,2022-01-01T06:34:01,29.83549,-89.99746,0.0,243.4,511.0,CAPT WEBSTER,,WDF4843,31,0,19,7,,31,A
367456430,2022-01-01T14:36:31,29.48071,-89.69024,8.4,134.0,511.0,CAPT WEBSTER,,WDF4843,31,0,19,7,,31,A
367456430,2022-01-01T14:49:41,29.46151,-89.66173,8.8,123.8,511.0,CAPT WEBSTER,,WDF4843,31,0,19,7,,31,A
367456430,2022-01-01T14:33:01,29.48692,-89.69607,8.1,146.7,511.0,CAPT WEBSTER,,WDF4843,31,0,19,7,,31,A
367456430,2022-01-01T14:38:51,29.47707,-89.68558,8.5,132.1,511.0,CAPT WEBSTER,,WDF4843,31,0,19,7,,31,A
367456430,2022-01-01T15:37:31,29.39395,-89.59704,8.7,147.6,511.0,CAPT WEBSTER,,WDF4843,31,0,19,7,,31,A
367456430,2022-01-01T14:40:01,29.47516,-89.68327,8.6,136.8,511.0,CAPT WEBSTER,,WDF4843,31,0,19,7,,31,A
367456430,2022-01-01T14:59:51,29.45618,-89.63385,9.1,98.2,511.0,CAPT WEBSTER,,WDF4843,31,0,19,7,,31,A
367456430,2022-01-01T14:44:50,29.46711,-89.67366,8.7,123.2,511.0,CAPT WEBSTER,,WDF4843,31,0,19,7,,31,A
367456430,2022-01-01T14:45:51,29.46589,-89.67126,8.7,118.4,511.0,CAPT WEBSTER,,WDF4843,31,0,19,7,,31,A
367456430,2022-01-01T15:39:50,29.38955,-89.59303,8.7,136.9,511.0,CAPT WEBSTER,,WDF4843,31,0,19,7,,31,A
367456430,2022-01-01T14:52:01,29.45889,-89.65590,8.9,105.8,511.0,CAPT WEBSTER,,WDF4843,31,0,19,7,,31,A
367456430,2022-01-01T14:47:01,29.46461,-89.66836,8.8,116.2,511.0,CAPT WEBSTER,,WDF4843,31,0,19,7,,31,A
367456430,2022-01-01T14:41:21,29.47269,-89.68090,8.7,139.5,511.0,CAPT WEBSTER,,WDF4843,31,0,19,7,,31,A
367456430,2022-01-01T14:54:10,29.45784,-89.64983,9.1,96.9,511.0,CAPT WEBSTER,,WDF4843,31,0,19,7,,31,A
367456430,2022-01-01T14:43:41,29.46872,-89.67629,8.7,129.9,511.0,CAPT WEBSTER,,WDF4843,31,0,19,7,,31,A
367456430,2022-01-01T15:06:02,29.45537,-89.61661,8.8,107.5,511.0,CAPT WEBSTER,,WDF4843,31,0,19,7,,31,A
367456430,2022-01-01T15:08:22,29.45299,-89.61096,8.3,129.9,511.0,CAPT WEBSTER,,WDF4843,31,0,19,7,,31,A
367456430,2022-01-01T15:00:01,29.45613,-89.63338,9.1,97.5,511.0,CAPT WEBSTER,,WDF4843,31,0,19,7,,31,A
367456430,2022-01-01T06:44:02,29.83550,-89.99745,0.0,237.0,511.0,CAPT WEBSTER,,WDF4843,31,0,19,7,,31,A
367456430,2022-01-01T15:03:40,29.45640,-89.62292,8.7,87.0,511.0,CAPT WEBSTER,,WDF4843,31,0,19,7,,31,A
367456430,2022-01-01T15:51:30,29.37249,-89.56713,8.9,107.5,511.0,CAPT WEBSTER,,WDF4843,31,0,19,7,,31,A
367456430,2022-01-01T15:17:50,29.43594,-89.60057,7.8,214.6,511.0,CAPT WEBSTER,,WDF4843,31,0,19,7,,31,A
367456430,2022-01-01T15:04:51,29.45619,-89.61976,8.4,104.9,511.0,CAPT WEBSTER,,WDF4843,31,0,19,7,,31,A
367456430,2022-01-01T15:58:22,29.36642,-89.54935,8.9,111.2,511.0,CAPT WEBSTER,,WDF4843,31,0,19,7,,31,A
367456430,2022-01-01T15:22:20,29.42688,-89.60458,8.3,201.4,511.0,CAPT WEBSTER,,WDF4843,31,0,19,7,,31,A
367456430,2022-01-01T15:14:22,29.44263,-89.60012,8.2,143.2,511.0,CAPT WEBSTER,,WDF4843,31,0,19,7,,31,A
367456430,2022-01-01T15:25:40,29.41983,-89.60763,7.9,191.2,511.0,CAPT WEBSTER,,WDF4843,31,0,19,7,,31,A
367456430,2022-01-01T06:48:41,29.83552,-89.99747,0.0,237.8,511.0,CAPT WEBSTER,,WDF4843,31,0,19,7,,31,A
367456430,2022-01-01T15:28:22,29.41400,-89.60653,8.3,162.1,511.0,CAPT WEBSTER,,WDF4843,31,0,19,7,,31,A
367456430,2022-01-01T15:15:31,29.44045,-89.59868,7.4,162.7,511.0,CAPT WEBSTER,,WDF4843,31,0,19,7,,31,A
367456430,2022-01-01T15:23:22,29.42472,-89.60558,8.2,202.1,511.0,CAPT WEBSTER,,WDF4843,31,0,19,7,,31,A
367456430,2022-01-01T15:33:02,29.40349,-89.60279,8.6,162.7,511.0,CAPT WEBSTER,,WDF4843,31,0,19,7,,31,A
367456430,2022-01-01T16:13:32,29.35354,-89.51000,8.5,127.6,511.0,CAPT WEBSTER,,WDF4843,31,0,19,7,,31,A
367456430,2022-01-01T14:55:21,29.45764,-89.64647,9.0,91.1,511.0,CAPT WEBSTER,,WDF4843,31,0,19,7,,31,A
367456430,2022-01-01T16:15:51,29.35057,-89.50475,8.4,117.5,511.0,CAPT WEBSTER,,WDF4843,31,0,19,7,,31,A
367456430,2022-01-01T16:18:01,29.34818,-89.49990,8.2,124.9,511.0,CAPT WEBSTER,,WDF4843,31,0,19,7,,31,A
367456430,2022-01-01T14:58:50,29.45668,-89.63670,9.0,105.4,511.0,CAPT WEBSTER,,WDF4843,31,0,19,7,,31,A
367456430,2022-01-01T15:26:51,29.41731,-89.60760,7.9,169.4,511.0,CAPT WEBSTER,,WDF4843,31,0,19,7,,31,A
367456430,2022-01-01T15:19:01,29.43387,-89.60205,7.4,204.8,511.0,CAPT WEBSTER,,WDF4843,31,0,19,7,,31,A
367456430,2022-01-01T15:29:30,29.41150,-89.60558,8.3,162.3,511.0,CAPT WEBSTER,,WDF4843,31,0,19,7,,31,A
367456430,2022-01-01T15:30:51,29.40850,-89.60450,8.5,163.1,511.0,CAPT WEBSTER,,WDF4843,31,0,19,7,,31,A
367456430,2022-01-01T15:24:30,29.42229,-89.60670,8.2,202.6,511.0,CAPT WEBSTER,,WDF4843,31,0,19,7,,31,A
367456430,2022-01-01T15:44:22,29.38193,-89.58395,8.9,128.2,511.0,CAPT WEBSTER,,WDF4843,31,0,19,7,,31,A
367456430,2022-01-01T15:36:22,29.39628,-89.59884,8.8,146.9,511.0,CAPT WEBSTER,,WDF4843,31,0,19,7,,31,A
367456430,2022-01-01T15:38:40,29.39166,-89.59521,8.8,141.4,511.0,CAPT WEBSTER,,WDF4843,31,0,19,7,,31,A
367456430,2022-01-01T15:52:41,29.37167,-89.56401,8.8,106.3,511.0,CAPT WEBSTER,,WDF4843,31,0,19,7,,31,A
367456430,2022-01-01T15:54:52,29.36987,-89.55836,8.7,115.3,511.0,CAPT WEBSTER,,WDF4843,31,0,19,7,,31,A
367456430,2022-01-01T15:42:11,29.38540,-89.58857,8.8,135.0,511.0,CAPT WEBSTER,,WDF4843,31,0,19,7,,31,A
367456430,2022-01-01T15:46:41,29.37852,-89.57881,8.8,126.5,511.0,CAPT WEBSTER,,WDF4843,31,0,19,7,,31,A
367456430,2022-01-01T15:41:01,29.38746,-89.59085,8.7,137.6,511.0,CAPT WEBSTER,,WDF4843,31,0,19,7,,31,A
367456430,2022-01-01T06:59:11,29.83548,-89.99741,0.0,160.8,511.0,CAPT WEBSTER,,WDF4843,31,0,19,7,,31,A
367456430,2022-01-01T16:38:51,29.36103,-89.45543,8.5,60.5,511.0,CAPT WEBSTER,,WDF4843,31,0,19,7,,31,A
367456430,2022-01-01T15:45:31,29.38022,-89.58142,8.7,126.5,511.0,CAPT WEBSTER,,WDF4843,31,0,19,7,,31,A
367456430,2022-01-01T16:00:01,29.36506,-89.54496,8.9,108.9,511.0,CAPT WEBSTER,,WDF4843,31,0,19,7,,31,A
367456430,2022-01-01T16:06:30,29.36109,-89.52701,8.9,103.2,511.0,CAPT WEBSTER,,WDF4843,31,0,19,7,,31,A
367456430,2022-01-01T15:53:51,29.37081,-89.56089,8.6,110.1,511.0,CAPT WEBSTER,,WDF4843,31,0,19,7,,31,A
367456430,2022-01-01T16:44:41,29.36180,-89.44059,8.3,112.1,511.0,CAPT WEBSTER,,WDF4843,31,0,19,7,,31,A
367456430,2022-01-01T15:50:20,29.37355,-89.57029,8.9,116.3,511.0,CAPT WEBSTER,,WDF4843,31,0,19,7,,31,A
367456430,2022-01-01T16:03:30,29.36264,-89.53539,9.0,103.3,511.0,CAPT WEBSTER,,WDF4843,31,0,19,7,,31,A
367456430,2022-01-01T15:57:10,29.36752,-89.55246,8.9,112.9,511.0,CAPT WEBSTER,,WDF4843,31,0,19,7,,31,A
367456430,2022-01-01T16:10:01,29.35846,-89.51766,8.6,117.4,511.0,CAPT WEBSTER,,WDF4843,31,0,19,7,,31,A
367456430,2022-01-01T15:59:30,29.36545,-89.54631,8.9,109.3,511.0,CAPT WEBSTER,,WDF4843,31,0,19,7,,31,A
367456430,2022-01-01T15:56:01,29.36868,-89.55548,8.8,114.3,511.0,CAPT WEBSTER,,WDF4843,31,0,19,7,,31,A
367456430,2022-01-01T15:32:01,29.40582,-89.60360,8.7,162.9,511.0,CAPT WEBSTER,,WDF4843,31,0,19,7,,31,A
367456430,2022-01-01T16:01:10,29.36415,-89.54179,9.0,106.9,511.0,CAPT WEBSTER,,WDF4843,31,0,19,7,,31,A
367456430,2022-01-01T16:11:12,29.35693,-89.51498,8.5,127.8,511.0,CAPT WEBSTER,,WDF4843,31,0,19,7,,31,A
367456430,2022-01-01T16:12:20,29.35526,-89.51251,8.6,127.6,511.0,CAPT WEBSTER,,WDF4843,31,0,19,7,,31,A
367456430,2022-01-01T16:20:21,29.34558,-89.49461,8.2,107.9,511.0,CAPT WEBSTER,,WDF4843,31,0,19,7,,31,A
367456430,2022-01-01T16:22:42,29.34370,-89.48915,8.2,117.5,511.0,CAPT WEBSTER,,WDF4843,31,0,19,7,,31,A
367456430,2022-01-01T15:48:01,29.37661,-89.57575,8.8,125.0,511.0,CAPT WEBSTER,,WDF4843,31,0,19,7,,31,A
367456430,2022-01-01T15:49:11,29.37496,-89.57306,8.9,123.6,511.0,CAPT WEBSTER,,WDF4843,31,0,19,7,,31,A
367456430,2022-01-01T17:06:52,29.33254,-89.39726,7.5,137.4,511.0,CAPT WEBSTER,,WDF4843,31,0,19,7,,31,A
367456430,2022-01-01T16:17:00,29.34942,-89.50204,8.1,119.7,511.0,CAPT WEBSTER,,WDF4843,31,0,19,7,,31,A
367456430,2022-01-01T16:19:11,29.34667,-89.49739,8.2,119.2,511.0,CAPT WEBSTER,,WDF4843,31,0,19,7,,31,A
367456430,2022-01-01T17:15:00,29.31921,-89.38496,7.4,138.6,511.0,CAPT WEBSTER,,WDF4843,31,0,19,7,,31,A
367456430,2022-01-01T16:26:10,29.34262,-89.48032,8.1,90.0,511.0,CAPT WEBSTER,,WDF4843,31,0,19,7,,31,A
367456430,2022-01-01T16:23:52,29.34268,-89.48633,8.2,104.3,511.0,CAPT WEBSTER,,WDF4843,31,0,19,7,,31,A
367456430,2022-01-01T16:28:20,29.34374,-89.47489,8.3,71.2,511.0,CAPT WEBSTER,,WDF4843,31,0,19,7,,31,A
367456430,2022-01-01T16:25:00,29.34254,-89.48339,8.2,87.9,511.0,CAPT WEBSTER,,WDF4843,31,0,19,7,,31,A
367456430,2022-01-01T17:20:41,29.30973,-89.37708,7.3,144.8,511.0,CAPT WEBSTER,,WDF4843,31,0,19,7,,31,A
367456430,2022-01-01T16:33:02,29.35067,-89.46583,8.6,30.6,511.0,CAPT WEBSTER,,WDF4843,31,0,19,7,,31,A
367456430,2022-01-01T16:02:22,29.36334,-89.53855,8.9,105.2,511.0,CAPT WEBSTER,,WDF4843,31,0,19,7,,31,A
367456430,2022-01-01T16:40:01,29.36222,-89.45252,8.5,67.4,511.0,CAPT WEBSTER,,WDF4843,31,0,19,7,,31,A
367456430,2022-01-01T17:23:02,29.30584,-89.37389,7.4,148.2,511.0,CAPT WEBSTER,,WDF4843,31,0,19,7,,31,A
367456430,2022-01-01T16:29:32,29.34472,-89.47200,8.2,66.8,511.0,CAPT WEBSTER,,WDF4843,31,0,19,7,,31,A
367456430,2022-01-01T16:32:01,29.34867,-89.46731,8.5,35.0,511.0,CAPT WEBSTER,,WDF4843,31,0,19,7,,31,A
367456430,2022-01-01T16:08:52,29.35955,-89.52060,8.7,108.8,511.0,CAPT WEBSTER,,WDF4843,31,0,19,7,,31,A
367456430,2022-01-01T16:34:12,29.35313,-89.46426,8.7,31.2,511.0,CAPT WEBSTER,,WDF4843,31,0,19,7,,31,A
367456430,2022-01-01T17:31:01,29.29201,-89.36349,7.8,145.8,511.0,CAPT WEBSTER,,WDF4843,31,0,19,7,,31,A
367456430,2022-01-01T16:47:01,29.35919,-89.43523,8.3,125.9,511.0,CAPT WEBSTER,,WDF4843,31,0,19,7,,31,A
367456430,2022-01-01T16:48:10,29.35766,-89.43273,8.3,123.0,511.0,CAPT WEBSTER,,WDF4843,31,0,19,7,,31,A
367456430,2022-01-01T16:37:41,29.35953,-89.45803,8.5,53.3,511.0,CAPT WEBSTER,,WDF4843,31,0,19,7,,31,A
367456430,2022-01-01T16:49:21,29.35630,-89.43008,8.3,118.7,511.0,CAPT WEBSTER,,WDF4843,31,0,19,7,,31,A
367456430,2022-01-01T16:41:12,29.36304,-89.44958,8.2,78.9,511.0,CAPT WEBSTER,,WDF4843,31,0,19,7,,31,A
367456430,2022-01-01T16:14:42,29.35194,-89.50744,8.4,123.7,511.0,CAPT WEBSTER,,WDF4843,31,0,19,7,,31,A
367456430,2022-01-01T16:45:51,29.36063,-89.43778,8.3,120.2,511.0,CAPT WEBSTER,,WDF4843,31,0,19,7,,31,A
367456430,2022-01-01T17:36:40,29.28179,-89.35574,7.7,145.0,511.0,CAPT WEBSTER,,WDF4843,31,0,19,7,,31,A
367456430,2022-01-01T16:54:51,29.34948,-89.41878,7.6,130.2,511.0,CAPT WEBSTER,,WDF4843,31,0,19,7,,31,A
367456430,2022-01-01T16:43:31,29.36269,-89.44351,8.4,104.3,511.0,CAPT WEBSTER,,WDF4843,31,0,19,7,,31,A
367456430,2022-01-01T16:57:11,29.34640,-89.41442,7.6,127.6,511.0,CAPT WEBSTER,,WDF4843,31,0,19,7,,31,A
367456430,2022-01-01T16:21:31,29.34487,-89.49176,7.8,113.1,511.0,CAPT WEBSTER,,WDF4843,31,0,19,7,,31,A
367456430,2022-01-01T17:00:02,29.34275,-89.40890,7.6,131.8,511.0,CAPT WEBSTER,,WDF4843,31,0,19,7,,31,A
367456430,2022-01-01T17:01:11,29.34111,-89.40681,7.7,131.8,511.0,CAPT WEBSTER,,WDF4843,31,0,19,7,,31,A
367456430,2022-01-01T16:50:31,29.35495,-89.42749,8.1,120.7,511.0,CAPT WEBSTER,,WDF4843,31,0,19,7,,31,A
367456430,2022-01-01T17:03:31,29.33767,-89.40277,7.6,136.3,511.0,CAPT WEBSTER,,WDF4843,31,0,19,7,,31,A
367456430,2022-01-01T16:56:01,29.34792,-89.41660,7.6,130.4,511.0,CAPT WEBSTER,,WDF4843,31,0,19,7,,31,A
367456430,2022-01-01T16:52:41,29.35223,-89.42293,7.8,122.1,511.0,CAPT WEBSTER,,WDF4843,31,0,19,7,,31,A
367456430,2022-01-01T16:30:51,29.34650,-89.46922,8.3,41.0,511.0,CAPT WEBSTER,,WDF4843,31,0,19,7,,31,A
367456430,2022-01-01T16:53:50,29.35079,-89.42064,7.5,130.1,511.0,CAPT WEBSTER,,WDF4843,31,0,19,7,,31,A
367456430,2022-01-01T16:58:22,29.34487,-89.41211,7.7,125.9,511.0,CAPT WEBSTER,,WDF4843,31,0,19,7,,31,A
367456430,2022-01-01T17:10:22,29.32691,-89.39196,7.6,141.5,511.0,CAPT WEBSTER,,WDF4843,31,0,19,7,,31,A
367456430,2022-01-01T17:11:32,29.32499,-89.39020,7.6,142.5,511.0,CAPT WEBSTER,,WDF4843,31,0,19,7,,31,A
367456430,2022-01-01T16:35:20,29.35545,-89.46255,8.7,35.0,511.0,CAPT WEBSTER,,WDF4843,31,0,19,7,,31,A
367456430,2022-01-01T17:13:52,29.32100,-89.38677,7.6,140.0,511.0,CAPT WEBSTER,,WDF4843,31,0,19,7,,31,A
367456430,2022-01-01T16:36:31,29.35764,-89.46044,8.7,43.8,511.0,CAPT WEBSTER,,WDF4843,31,0,19,7,,31,A
367456430,2022-01-01T17:58:41,29.24901,-89.31627,7.9,136.8,511.0,CAPT WEBSTER,,WDF4843,31,0,19,7,,31,A
367456430,2022-01-01T17:16:01,29.31766,-89.38344,7.4,140.9,511.0,CAPT WEBSTER,,WDF4843,31,0,19,7,,31,A
367456430,2022-01-01T18:01:12,29.24431,-89.31268,8.2,143.9,511.0,CAPT WEBSTER,,WDF4843,31,0,19,7,,31,A
367456430,2022-01-01T17:05:51,29.33408,-89.39889,7.5,136.5,511.0,CAPT WEBSTER,,WDF4843,31,0,19,7,,31,A
367456430,2022-01-01T17:09:11,29.32882,-89.39376,7.5,142.1,511.0,CAPT WEBSTER,,WDF4843,31,0,19,7,,31,A
367456430,2022-01-01T17:17:11,29.31575,-89.38176,7.5,143.7,511.0,CAPT WEBSTER,,WDF4843,31,0,19,7,,31,A
367456430,2022-01-01T17:19:30,29.31170,-89.37864,7.4,146.2,511.0,CAPT WEBSTER,,WDF4843,31,0,19,7,,31,A
367456430,2022-01-01T17:18:20,29.31372,-89.38018,7.5,146.9,511.0,CAPT WEBSTER,,WDF4843,31,0,19,7,,31,A
367456430,2022-01-01T07:34:41,29.83550,-89.99742,0.0,210.3,511.0,CAPT WEBSTER,,WDF4843,31,0,19,7,,31,A
367456430,2022-01-01T17:35:31,29.28384,-89.35746,7.9,144.1,511.0,CAPT WEBSTER,,WDF4843,31,0,19,7,,31,A
367456430,2022-01-01T16:59:42,29.34322,-89.40950,7.5,130.3,511.0,CAPT WEBSTER,,WDF4843,31,0,19,7,,31,A
367456430,2022-01-01T17:26:30,29.29964,-89.36983,7.3,137.6,511.0,CAPT WEBSTER,,WDF4843,31,0,19,7,,31,A
367456430,2022-01-01T17:25:20,29.30154,-89.37144,7.4,150.9,511.0,CAPT WEBSTER,,WDF4843,31,0,19,7,,31,A
367456430,2022-01-01T18:23:21,29.20583,-89.28053,7.8,146.4,511.0,CAPT WEBSTER,,WDF4843,31,0,19,7,,31,A
367456430,2022-01-01T17:41:21,29.27369,-89.34934,7.6,140.8,511.0,CAPT WEBSTER,,WDF4843,31,0,19,7,,31,A
367456430,2022-01-01T17:28:41,29.29613,-89.36664,7.5,142.0,511.0,CAPT WEBSTER,,WDF4843,31,0,19,7,,31,A
367456430,2022-01-01T17:42:31,29.27182,-89.34758,7.6,138.9,511.0,CAPT WEBSTER,,WDF4843,31,0,19,7,,31,A
367456430,2022-01-01T17:47:11,29.26494,-89.33934,7.8,124.5,511.0,CAPT WEBSTER,,WDF4843,31,0,19,7,,31,A
367456430,2022-01-01T17:34:30,29.28566,-89.35885,7.8,147.9,511.0,CAPT WEBSTER,,WDF4843,31,0,19,7,,31,A
367456430,2022-01-01T17:49:30,29.26205,-89.33453,8.0,125.8,511.0,CAPT WEBSTER,,WDF4843,31,0,19,7,,31,A
367456430,2022-01-01T17:51:51,29.25874,-89.32993,8.1,133.2,511.0,CAPT WEBSTER,,WDF4843,31,0,19,7,,31,A
367456430,2022-01-01T17:37:50,29.27972,-89.35427,7.6,148.1,511.0,CAPT WEBSTER,,WDF4843,31,0,19,7,,31,A
367456430,2022-01-01T17:39:02,29.27761,-89.35268,7.4,145.9,511.0,CAPT WEBSTER,,WDF4843,31,0,19,7,,31,A
367456430,2022-01-01T17:54:11,29.25496,-89.32568,8.2,132.8,511.0,CAPT WEBSTER,,WDF4843,31,0,19,7,,31,A
367456430,2022-01-01T17:55:12,29.25346,-89.32366,8.2,127.5,511.0,CAPT WEBSTER,,WDF4843,31,0,19,7,,31,A
367456430,2022-01-01T18:33:00,29.18792,-89.26852,7.1,151.2,511.0,CAPT WEBSTER,,WDF4843,31,0,19,7,,31,A
367456430,2022-01-01T18:36:40,29.18128,-89.26555,7.0,161.4,511.0,CAPT WEBSTER,,WDF4843,31,0,19,7,,31,A
367456430,2022-01-01T18:38:51,29.17719,-89.26392,7.1,161.4,511.0,CAPT WEBSTER,,WDF4843,31,0,19,7,,31,A
367456430,2022-01-01T17:50:41,29.26044,-89.33211,8.1,129.6,511.0,CAPT WEBSTER,,WDF4843,31,0,19,7,,31,A
367456430,2022-01-01T17:21:51,29.30776,-89.37548,7.4,143.6,511.0,CAPT WEBSTER,,WDF4843,31,0,19,7,,31,A
367456430,2022-01-01T18:42:21,29.17042,-89.26148,7.5,166.2,511.0,CAPT WEBSTER,,WDF4843,31,0,19,7,,31,A
367456430,2022-01-01T17:24:11,29.30374,-89.37263,7.5,155.1,511.0,CAPT WEBSTER,,WDF4843,31,0,19,7,,31,A
367456430,2022-01-01T17:27:32,29.29806,-89.36831,7.3,142.2,511.0,CAPT WEBSTER,,WDF4843,31,0,19,7,,31,A
367456430,2022-01-01T17:56:21,29.25201,-89.32113,8.1,119.7,511.0,CAPT WEBSTER,,WDF4843,31,0,19,7,,31,A
367456430,2022-01-01T18:10:21,29.22811,-89.29915,7.6,149.0,511.0,CAPT WEBSTER,,WDF4843,31,0,19,7,,31,A
367456430,2022-01-01T17:59:51,29.24691,-89.31455,8.1,150.0,511.0,CAPT WEBSTER,,WDF4843,31,0,19,7,,31,A
367456430,2022-01-01T18:11:30,29.22604,-89.29766,7.5,147.1,511.0,CAPT WEBSTER,,WDF4843,31,0,19,7,,31,A
367456430,2022-01-01T07:45:31,29.83548,-89.99745,0.1,248.5,511.0,CAPT WEBSTER,,WDF4843,31,0,19,7,,31,A
367456430,2022-01-01T18:12:41,29.22399,-89.29606,7.5,145.6,511.0,CAPT WEBSTER,,WDF4843,31,0,19,7,,31,A
367456430,2022-01-01T18:52:40,29.14989,-89.25705,6.9,181.0,511.0,CAPT WEBSTER,,WDF4843,31,0,19,7,,31,A
367456430,2022-01-01T18:02:31,29.24193,-89.31060,8.3,139.8,511.0,CAPT WEBSTER,,WDF4843,31,0,19,7,,31,A
367456430,2022-01-01T18:17:31,29.21582,-89.28911,7.7,141.0,511.0,CAPT WEBSTER,,WDF4843,31,0,19,7,,31,A
367456430,2022-01-01T18:57:22,29.14099,-89.25838,6.9,192.5,511.0,CAPT WEBSTER,,WDF4843,31,0,19,7,,31,A
367456430,2022-01-01T18:06:00,29.23616,-89.30473,7.8,148.8,511.0,CAPT WEBSTER,,WDF4843,31,0,19,7,,31,A
367456430,2022-01-01T18:04:51,29.23816,-89.30638,7.8,138.9,511.0,CAPT WEBSTER,,WDF4843,31,0,19,7,,31,A
367456430,2022-01-01T18:20:52,29.21017,-89.28416,7.7,142.0,511.0,CAPT WEBSTER,,WDF4843,31,0,19,7,,31,A
367456430,2022-01-01T18:08:11,29.23205,-89.30207,7.7,148.3,511.0,CAPT WEBSTER,,WDF4843,31,0,19,7,,31,A
367456430,2022-01-01T18:22:12,29.20786,-89.28222,7.7,145.6,511.0,CAPT WEBSTER,,WDF4843,31,0,19,7,,31,A
367456430,2022-01-01T19:03:22,29.12958,-89.26207,7.2,201.3,511.0,CAPT WEBSTER,,WDF4843,31,0,19,7,,31,A
367456430,2022-01-01T18:16:21,29.21780,-89.29085,7.6,141.6,511.0,CAPT WEBSTER,,WDF4843,31,0,19,7,,31,A
367456430,2022-01-01T18:31:52,29.19000,-89.26982,7.3,151.5,511.0,CAPT WEBSTER,,WDF4843,31,0,19,7,,31,A
367456430,2022-01-01T18:19:51,29.21192,-89.28566,7.7,144.2,511.0,CAPT WEBSTER,,WDF4843,31,0,19,7,,31,A
367456430,2022-01-01T19:15:01,29.10907,-89.27166,7.0,204.3,511.0,CAPT WEBSTER,,WDF4843,31,0,19,7,,31,A
367456430,2022-01-01T18:24:32,29.20369,-89.27897,7.9,149.7,511.0,CAPT WEBSTER,,WDF4843,31,0,19,7,,31,A
367456430,2022-01-01T19:18:21,29.10289,-89.27442,7.5,195.7,511.0,CAPT WEBSTER,,WDF4843,31,0,19,7,,31,A
367456430,2022-01-01T18:26:51,29.19931,-89.27591,7.8,150.7,511.0,CAPT WEBSTER,,WDF4843,31,0,19,7,,31,A
367456430,2022-01-01T18:00:00,29.24662,-89.31435,8.1,152.7,511.0,CAPT WEBSTER,,WDF4843,31,0,19,7,,31,A
367456430,2022-01-01T19:20:31,29.09896,-89.27630,5.5,207.9,511.0,CAPT WEBSTER,,WDF4843,31,0,19,7,,31,A
367456430,2022-01-01T18:41:11,29.17275,-89.26224,7.5,161.6,511.0,CAPT WEBSTER,,WDF4843,31,0,19,7,,31,A
367456430,2022-01-01T18:25:41,29.20149,-89.27743,7.9,146.9,511.0,CAPT WEBSTER,,WDF4843,31,0,19,7,,31,A
367456430,2022-01-01T18:30:51,29.19187,-89.27093,7.6,151.8,511.0,CAPT WEBSTER,,WDF4843,31,0,19,7,,31,A
367456430,2022-01-01T18:28:01,29.19711,-89.27448,7.9,147.8,511.0,CAPT WEBSTER,,WDF4843,31,0,19,7,,31,A
367456430,2022-01-01T18:44:41,29.16565,-89.26020,7.5,157.9,511.0,CAPT WEBSTER,,WDF4843,31,0,19,7,,31,A
367456430,2022-01-01T18:07:01,29.23425,-89.30349,7.9,150.3,511.0,CAPT WEBSTER,,WDF4843,31,0,19,7,,31,A
367456430,2022-01-01T18:47:01,29.16120,-89.25786,7.6,155.7,511.0,CAPT WEBSTER,,WDF4843,31,0,19,7,,31,A
367456430,2022-01-01T18:37:41,29.17941,-89.26488,7.0,161.3,511.0,CAPT WEBSTER,,WDF4843,31,0,19,7,,31,A
367456430,2022-01-01T18:34:21,29.18553,-89.26718,7.0,160.6,511.0,CAPT WEBSTER,,WDF4843,31,0,19,7,,31,A
367456430,2022-01-01T18:09:20,29.22997,-89.30050,7.7,147.6,511.0,CAPT WEBSTER,,WDF4843,31,0,19,7,,31,A
367456430,2022-01-01T19:29:51,29.08796,-89.28368,5.0,212.1,511.0,CAPT WEBSTER,,WDF4843,31,0,19,7,,31,A
367456430,2022-01-01T19:31:02,29.08660,-89.28466,5.0,213.4,511.0,CAPT WEBSTER,,WDF4843,31,0,19,7,,31,A
367456430,2022-01-01T18:53:51,29.14766,-89.25712,6.9,183.8,511.0,CAPT WEBSTER,,WDF4843,31,0,19,7,,31,A
367456430,2022-01-01T19:32:32,29.08496,-89.28604,4.9,219.0,511.0,CAPT WEBSTER,,WDF4843,31,0,19,7,,31,A
367456430,2022-01-01T18:40:01,29.17502,-89.26310,7.3,161.5,511.0,CAPT WEBSTER,,WDF4843,31,0,19,7,,31,A
367456430,2022-01-01T18:13:51,29.22199,-89.29450,7.6,146.1,511.0,CAPT WEBSTER,,WDF4843,31,0,19,7,,31,A
367456430,2022-01-01T18:43:32,29.16798,-89.26089,7.6,172.9,511.0,CAPT WEBSTER,,WDF4843,31,0,19,7,,31,A
367456430,2022-01-01T18:15:11,29.21970,-89.29264,7.6,141.5,511.0,CAPT WEBSTER,,WDF4843,31,0,19,7,,31,A
367456430,2022-01-01T18:48:11,29.15890,-89.25687,7.4,169.1,511.0,CAPT WEBSTER,,WDF4843,31,0,19,7,,31,A
367456430,2022-01-01T18:45:51,29.16342,-89.25906,7.6,154.8,511.0,CAPT WEBSTER,,WDF4843,31,0,19,7,,31,A
367456430,2022-01-01T18:18:42,29.21386,-89.28736,7.6,142.1,511.0,CAPT WEBSTER,,WDF4843,31,0,19,7,,31,A
367456430,2022-01-01T18:49:21,29.15643,-89.25665,7.5,182.2,511.0,CAPT WEBSTER,,WDF4843,31,0,19,7,,31,A
367456430,2022-01-01T18:50:22,29.15436,-89.25672,7.4,183.4,511.0,CAPT WEBSTER,,WDF4843,31,0,19,7,,31,A
367456430,2022-01-01T19:04:40,29.12707,-89.26305,7.2,196.9,511.0,CAPT WEBSTER,,WDF4843,31,0,19,7,,31,A
367456430,2022-01-01T19:44:42,29.06978,-89.29841,7.2,222.2,511.0,CAPT WEBSTER,,WDF4843,31,0,19,7,,31,A
367456430,2022-01-01T19:06:52,29.12282,-89.26415,7.2,195.4,511.0,CAPT WEBSTER,,WDF4843,31,0,19,7,,31,A
367456430,2022-01-01T19:05:51,29.12478,-89.26369,7.2,192.0,511.0,CAPT WEBSTER,,WDF4843,31,0,19,7,,31,A
367456430,2022-01-01T08:06:50,29.83547,-89.99741,0.0,190.3,511.0,CAPT WEBSTER,,WDF4843,31,0,19,7,,31,A
367456430,2022-01-01T18:29:30,29.19436,-89.27252,7.7,150.0,511.0,CAPT WEBSTER,,WDF4843,31,0,19,7,,31,A
367456430,2022-01-01T19:49:30,29.06237,-89.30538,7.2,215.3,511.0,CAPT WEBSTER,,WDF4843,31,0,19,7,,31,A
367456430,2022-01-01T19:08:00,29.12073,-89.26504,7.1,205.0,511.0,CAPT WEBSTER,,WDF4843,31,0,19,7,,31,A
367456430,2022-01-01T18:56:12,29.14320,-89.25786,6.9,190.9,511.0,CAPT WEBSTER,,WDF4843,31,0,19,7,,31,A
367456430,2022-01-01T19:51:51,29.05851,-89.30835,7.2,212.2,511.0,CAPT WEBSTER,,WDF4843,31,0,19,7,,31,A
367456430,2022-01-01T19:12:41,29.11324,-89.26980,6.3,198.7,511.0,CAPT WEBSTER,,WDF4843,31,0,19,7,,31,A
367456430,2022-01-01T08:09:01,29.83552,-89.99742,0.1,228.2,511.0,CAPT WEBSTER,,WDF4843,31,0,19,7,,31,A
367456430,2022-01-01T19:56:20,29.05071,-89.31326,7.1,209.1,511.0,CAPT WEBSTER,,WDF4843,31,0,19,7,,31,A
367456430,2022-01-01T18:59:50,29.13624,-89.25952,7.2,190.9,511.0,CAPT WEBSTER,,WDF4843,31,0,19,7,,31,A
367456430,2022-01-01T19:02:21,29.13146,-89.26128,7.2,200.5,511.0,CAPT WEBSTER,,WDF4843,31,0,19,7,,31,A
367456430,2022-01-01T20:00:01,29.04476,-89.31816,7.1,212.5,511.0,CAPT WEBSTER,,WDF4843,31,0,19,7,,31,A
367456430,2022-01-01T19:21:41,29.09749,-89.27730,5.0,211.0,511.0,CAPT WEBSTER,,WDF4843,31,0,19,7,,31,A
367456430,2022-01-01T08:18:40,29.83550,-89.99742,0.1,230.5,511.0,CAPT WEBSTER,,WDF4843,31,0,19,7,,31,A
367456430,2022-01-01T19:09:11,29.11866,-89.26632,7.1,212.3,511.0,CAPT WEBSTER,,WDF4843,31,0,19,7,,31,A
367456430,2022-01-01T19:28:40,29.08940,-89.28279,4.9,206.6,511.0,CAPT WEBSTER,,WDF4843,31,0,19,7,,31,A
367456430,2022-01-01T19:10:21,29.11670,-89.26769,6.8,208.7,511.0,CAPT WEBSTER,,WDF4843,31,0,19,7,,31,A
367456430,2022-01-01T19:19:30,29.10058,-89.27536,7.6,204.5,511.0,CAPT WEBSTER,,WDF4843,31,0,19,7,,31,A
367456430,2022-01-01T19:13:52,29.11113,-89.27061,7.1,203.4,511.0,CAPT WEBSTER,,WDF4843,31,0,19,7,,31,A
367456430,2022-01-01T19:37:30,29.08009,-89.29046,4.0,207.1,511.0,CAPT WEBSTER,,WDF4843,31,0,19,7,,31,A
367456430,2022-01-01T19:38:42,29.07861,-89.29113,5.3,200.6,511.0,CAPT WEBSTER,,WDF4843,31,0,19,7,,31,A
367456430,2022-01-01T19:17:11,29.10518,-89.27374,7.2,201.1,511.0,CAPT WEBSTER,,WDF4843,31,0,19,7,,31,A
367456430,2022-01-01T20:16:01,29.01932,-89.33960,7.0,216.8,511.0,CAPT WEBSTER,,WDF4843,31,0,19,7,,31,A
367456430,2022-01-01T19:41:11,29.07476,-89.29276,7.2,214.2,511.0,CAPT WEBSTER,,WDF4843,31,0,19,7,,31,A
367456430,2022-01-01T19:42:21,29.07306,-89.29458,7.3,229.3,511.0,CAPT WEBSTER,,WDF4843,31,0,19,7,,31,A
367456430,2022-01-01T19:25:12,29.09345,-89.28003,4.7,210.6,511.0,CAPT WEBSTER,,WDF4843,31,0,19,7,,31,A
367456430,2022-01-01T19:22:52,29.09612,-89.27821,5.0,211.3,511.0,CAPT WEBSTER,,WDF4843,31,0,19,7,,31,A
367456430,2022-01-01T19:24:00,29.09480,-89.27917,4.8,211.6,511.0,CAPT WEBSTER,,WDF4843,31,0,19,7,,31,A
367456430,2022-01-01T19:26:20,29.09215,-89.28087,4.9,210.5,511.0,CAPT WEBSTER,,WDF4843,31,0,19,7,,31,A
367456430,2022-01-01T19:45:51,29.06805,-89.30020,7.1,220.9,511.0,CAPT WEBSTER,,WDF4843,31,0,19,7,,31,A
367456430,2022-01-01T19:34:01,29.08336,-89.28745,4.8,218.3,511.0,CAPT WEBSTER,,WDF4843,31,0,19,7,,31,A
367456430,2022-01-01T19:11:31,29.11492,-89.26884,5.9,210.7,511.0,CAPT WEBSTER,,WDF4843,31,0,19,7,,31,A
367456430,2022-01-01T19:54:11,29.05450,-89.31112,7.2,208.9,511.0,CAPT WEBSTER,,WDF4843,31,0,19,7,,31,A
367456430,2022-01-01T19:35:02,29.08235,-89.28843,4.8,220.7,511.0,CAPT WEBSTER,,WDF4843,31,0,19,7,,31,A
367456430,2022-01-01T19:36:11,29.08121,-89.28957,4.3,221.2,511.0,CAPT WEBSTER,,WDF4843,31,0,19,7,,31,A
367456430,2022-01-01T08:28:52,29.83549,-89.99742,0.1,225.2,511.0,CAPT WEBSTER,,WDF4843,31,0,19,7,,31,A
367456430,2022-01-01T20:03:21,29.03918,-89.32238,7.3,214.4,511.0,CAPT WEBSTER,,WDF4843,31,0,19,7,,31,A
367456430,2022-01-01T20:43:41,28.97724,-89.37370,3.6,222.5,511.0,CAPT WEBSTER,,WDF4843,31,0,19,7,,31,A
367456430,2022-01-01T19:57:32,29.04871,-89.31476,7.2,217.7,511.0,CAPT WEBSTER,,WDF4843,31,0,19,7,,31,A
367456430,2022-01-01T20:04:31,29.03736,-89.32396,7.1,217.5,511.0,CAPT WEBSTER,,WDF4843,31,0,19,7,,31,A
367456430,2022-01-01T20:06:52,29.03383,-89.32754,7.2,222.6,511.0,CAPT WEBSTER,,WDF4843,31,0,19,7,,31,A
367456430,2022-01-01T19:58:41,29.04692,-89.31642,7.2,219.2,511.0,CAPT WEBSTER,,WDF4843,31,0,19,7,,31,A
367456430,2022-01-01T19:43:31,29.07152,-89.29659,7.2,225.5,511.0,CAPT WEBSTER,,WDF4843,31,0,19,7,,31,A
367456430,2022-01-01T19:47:01,29.06633,-89.30195,7.1,222.5,511.0,CAPT WEBSTER,,WDF4843,31,0,19,7,,31,A
367456430,2022-01-01T19:48:22,29.06426,-89.30384,7.2,218.9,511.0,CAPT WEBSTER,,WDF4843,31,0,19,7,,31,A
367456430,2022-01-01T20:14:50,29.02117,-89.33817,6.8,211.4,511.0,CAPT WEBSTER,,WDF4843,31,0,19,7,,31,A
367456430,2022-01-01T19:55:12,29.05275,-89.31213,7.0,205.1,511.0,CAPT WEBSTER,,WDF4843,31,0,19,7,,31,A
367456430,2022-01-01T20:19:31,29.01380,-89.34409,7.0,213.6,511.0,CAPT WEBSTER,,WDF4843,31,0,19,7,,31,A
367456430,2022-01-01T19:59:50,29.04513,-89.31792,7.0,212.9,511.0,CAPT WEBSTER,,WDF4843,31,0,19,7,,31,A
367456430,2022-01-01T21:02:21,28.96229,-89.37606,0.1,257.7,511.0,CAPT WEBSTER,,WDF4843,31,0,19,7,,31,A
367456430,2022-01-01T20:23:00,29.00816,-89.34849,7.1,212.8,511.0,CAPT WEBSTER,,WDF4843,31,0,19,7,,31,A
367456430,2022-01-01T20:27:41,29.00059,-89.35457,7.2,214.0,511.0,CAPT WEBSTER,,WDF4843,31,0,19,7,,31,A
367456430,2022-01-01T21:09:11,28.96246,-89.37608,0.3,37.2,511.0,CAPT WEBSTER,,WDF4843,31,0,19,7,,31,A
367456430,2022-01-01T20:32:01,28.99363,-89.36056,7.2,211.4,511.0,CAPT WEBSTER,,WDF4843,31,0,19,7,,31,A
367456430,2022-01-01T21:13:01,28.96218,-89.37618,0.2,254.1,511.0,CAPT WEBSTER,,WDF4843,31,0,19,7,,31,A
367456430,2022-01-01T20:35:31,28.98799,-89.36541,7.2,212.6,511.0,CAPT WEBSTER,,WDF4843,31,0,19,7,,31,A
367456430,2022-01-01T21:15:12,28.96214,-89.37617,0.1,0.6,511.0,CAPT WEBSTER,,WDF4843,31,0,19,7,,31,A
367456430,2022-01-01T20:17:10,29.01752,-89.34108,6.9,216.6,511.0,CAPT WEBSTER,,WDF4843,31,0,19,7,,31,A
367456430,2022-01-01T20:08:00,29.03210,-89.32923,7.2,216.5,511.0,CAPT WEBSTER,,WDF4843,31,0,19,7,,31,A
367456430,2022-01-01T20:18:21,29.01572,-89.34256,6.9,213.9,511.0,CAPT WEBSTER,,WDF4843,31,0,19,7,,31,A
367456430,2022-01-01T20:20:40,29.01198,-89.34552,6.9,212.8,511.0,CAPT WEBSTER,,WDF4843,31,0,19,7,,31,A
367456430,2022-01-01T20:21:51,29.01009,-89.34701,7.2,214.4,511.0,CAPT WEBSTER,,WDF4843,31,0,19,7,,31,A
367456430,2022-01-01T08:50:20,29.83554,-89.99741,0.4,218.9,511.0,CAPT WEBSTER,,WDF4843,31,0,19,7,,31,A
367456430,2022-01-01T20:37:51,28.98402,-89.36849,7.3,215.3,511.0,CAPT WEBSTER,,WDF4843,31,0,19,7,,31,A
367456430,2022-01-01T20:25:21,29.00438,-89.35151,7.2,216.3,511.0,CAPT WEBSTER,,WDF4843,31,0,19,7,,31,A
367456430,2022-01-01T20:40:01,28.98130,-89.37069,4.9,215.1,511.0,CAPT WEBSTER,,WDF4843,31,0,19,7,,31,A
367456430,2022-01-01T20:41:21,28.97974,-89.37184,4.9,207.8,511.0,CAPT WEBSTER,,WDF4843,31,0,19,7,,31,A
367456430,2022-01-01T20:28:42,28.99892,-89.35592,7.3,217.5,511.0,CAPT WEBSTER,,WDF4843,31,0,19,7,,31,A
367456430,2022-01-01T20:05:40,29.03555,-89.32568,7.3,222.0,511.0,CAPT WEBSTER,,WDF4843,31,0,19,7,,31,A
367456430,2022-01-01T20:30:51,28.99556,-89.35912,7.2,217.2,511.0,CAPT WEBSTER,,WDF4843,31,0,19,7,,31,A
367456430,2022-01-01T20:10:12,29.02861,-89.33224,7.3,216.5,511.0,CAPT WEBSTER,,WDF4843,31,0,19,7,,31,A
367456430,2022-01-01T21:37:21,28.96219,-89.37622,0.0,252.2,511.0,CAPT WEBSTER,,WDF4843,31,0,19,7,,31,A
367456430,2022-01-01T20:13:41,29.02305,-89.33677,7.1,215.1,511.0,CAPT WEBSTER,,WDF4843,31,0,19,7,,31,A
367456430,2022-01-01T20:39:00,28.98244,-89.36977,5.2,215.4,511.0,CAPT WEBSTER,,WDF4843,31,0,19,7,,31,A
367456430,2022-01-01T21:39:31,28.96216,-89.37628,0.0,254.1,511.0,CAPT WEBSTER,,WDF4843,31,0,19,7,,31,A
367456430,2022-01-01T08:58:22,29.83553,-89.99734,0.0,82.6,511.0,CAPT WEBSTER,,WDF4843,31,0,19,7,,31,A
367456430,2022-01-01T20:59:20,28.96284,-89.37565,3.3,220.6,511.0,CAPT WEBSTER,,WDF4843,31,0,19,7,,31,A
367456430,2022-01-01T20:34:21,28.98983,-89.36386,7.2,219.7,511.0,CAPT WEBSTER,,WDF4843,31,0,19,7,,31,A
367456430,2022-01-01T21:00:01,28.96242,-89.37597,1.9,215.5,511.0,CAPT WEBSTER,,WDF4843,31,0,19,7,,31,A
367456430,2022-01-01T20:47:10,28.97302,-89.37371,1.3,142.0,511.0,CAPT WEBSTER,,WDF4843,31,0,19,7,,31,A
367456430,2022-01-01T20:48:21,28.97270,-89.37323,1.8,116.5,511.0,CAPT WEBSTER,,WDF4843,31,0,19,7,,31,A
367456430,2022-01-01T20:36:42,28.98597,-89.36689,7.3,213.4,511.0,CAPT WEBSTER,,WDF4843,31,0,19,7,,31,A
367456430,2022-01-01T21:04:40,28.96235,-89.37612,0.1,302.4,511.0,CAPT WEBSTER,,WDF4843,31,0,19,7,,31,A
367456430,2022-01-01T20:49:32,28.97176,-89.37217,4.2,131.7,511.0,CAPT WEBSTER,,WDF4843,31,0,19,7,,31,A
367456430,2022-01-01T21:46:30,28.96219,-89.37622,0.0,263.7,511.0,CAPT WEBSTER,,WDF4843,31,0,19,7,,31,A
367456430,2022-01-01T20:52:00,28.96983,-89.37083,3.9,177.3,511.0,CAPT WEBSTER,,WDF4843,31,0,19,7,,31,A
367456430,2022-01-01T21:50:01,28.96218,-89.37622,0.0,269.4,511.0,CAPT WEBSTER,,WDF4843,31,0,19,7,,31,A
367456430,2022-01-01T20:57:01,28.96476,-89.37363,4.2,224.8,511.0,CAPT WEBSTER,,WDF4843,31,0,19,7,,31,A
367456430,2022-01-01T20:53:20,28.96836,-89.37119,4.1,200.7,511.0,CAPT WEBSTER,,WDF4843,31,0,19,7,,31,A
367456430,2022-01-01T20:54:32,28.96711,-89.37179,4.1,209.4,511.0,CAPT WEBSTER,,WDF4843,31,0,19,7,,31,A
367456430,2022-01-01T21:54:51,28.96219,-89.37622,0.0,251.6,511.0,CAPT WEBSTER,,WDF4843,31,0,19,7,,31,A
367456430,2022-01-01T21:10:40,28.96241,-89.37598,0.2,122.6,511.0,CAPT WEBSTER,,WDF4843,31,0,19,7,,31,A
367456430,2022-01-01T21:01:12,28.96229,-89.37605,0.2,318.4,511.0,CAPT WEBSTER,,WDF4843,31,0,19,7,,31,A
367456430,2022-01-01T20:33:11,28.99169,-89.36217,7.4,216.7,511.0,CAPT WEBSTER,,WDF4843,31,0,19,7,,31,A
367456430,2022-01-01T20:58:12,28.96375,-89.37471,4.1,221.6,511.0,CAPT WEBSTER,,WDF4843,31,0,19,7,,31,A
367456430,2022-01-01T21:19:51,28.96212,-89.37619,0.0,289.7,511.0,CAPT WEBSTER,,WDF4843,31,0,19,7,,31,A
367456430,2022-01-01T20:55:41,28.96597,-89.37255,4.1,210.8,511.0,CAPT WEBSTER,,WDF4843,31,0,19,7,,31,A
367456430,2022-01-01T20:42:31,28.97838,-89.37277,5.1,212.9,511.0,CAPT WEBSTER,,WDF4843,31,0,19,7,,31,A
367456430,2022-01-01T21:23:21,28.96222,-89.37621,0.0,266.0,511.0,CAPT WEBSTER,,WDF4843,31,0,19,7,,31,A
367456430,2022-01-01T20:46:01,28.97418,-89.37431,5.6,168.8,511.0,CAPT WEBSTER,,WDF4843,31,0,19,7,,31,A
367456430,2022-01-01T21:26:42,28.96221,-89.37621,0.0,254.3,511.0,CAPT WEBSTER,,WDF4843,31,0,19,7,,31,A
367456430,2022-01-01T21:16:21,28.96221,-89.37620,0.0,335.3,511.0,CAPT WEBSTER,,WDF4843,31,0,19,7,,31,A
367456430,2022-01-01T22:14:10,28.96222,-89.37622,0.0,257.7,511.0,CAPT WEBSTER,,WDF4843,31,0,19,7,,31,A
367456430,2022-01-01T22:15:11,28.96221,-89.37623,0.0,259.1,511.0,CAPT WEBSTER,,WDF4843,31,0,19,7,,31,A
367456430,2022-01-01T21:18:40,28.96226,-89.37622,0.0,308.2,511.0,CAPT WEBSTER,,WDF4843,31,0,19,7,,31,A
367456430,2022-01-01T21:33:30,28.96217,-89.37624,0.0,252.1,511.0,CAPT WEBSTER,,WDF4843,31,0,19,7,,31,A
367456430,2022-01-01T21:07:01,28.96238,-89.37611,0.1,230.6,511.0,CAPT WEBSTER,,WDF4843,31,0,19,7,,31,A
367456430,2022-01-01T21:35:01,28.96217,-89.37618,0.0,257.3,511.0,CAPT WEBSTER,,WDF4843,31,0,19,7,,31,A
367456430,2022-01-01T21:21:02,28.96221,-89.37620,0.0,280.6,511.0,CAPT WEBSTER,,WDF4843,31,0,19,7,,31,A
367456430,2022-01-01T21:27:51,28.96221,-89.37621,0.0,248.1,511.0,CAPT WEBSTER,,WDF4843,31,0,19,7,,31,A
367456430,2022-01-01T09:20:12,29.83551,-89.99732,0.1,6.4,511.0,CAPT WEBSTER,,WDF4843,31,0,19,7,,31,A
367456430,2022-01-01T21:03:31,28.96233,-89.37607,0.2,320.1,511.0,CAPT WEBSTER,,WDF4843,31,0,19,7,,31,A
367456430,2022-01-01T09:21:21,29.83548,-89.99730,0.0,359.2,511.0,CAPT WEBSTER,,WDF4843,31,0,19,7,,31,A
367456430,2022-01-01T21:45:20,28.96222,-89.37623,0.0,263.5,511.0,CAPT WEBSTER,,WDF4843,31,0,19,7,,31,A
367456430,2022-01-01T21:05:51,28.96239,-89.37616,0.1,307.9,511.0,CAPT WEBSTER,,WDF4843,31,0,19,7,,31,A
367456430,2022-01-01T22:34:11,28.96222,-89.37621,0.0,254.1,511.0,CAPT WEBSTER,,WDF4843,31,0,19,7,,31,A
367456430,2022-01-01T21:36:10,28.96220,-89.37621,0.0,253.6,511.0,CAPT WEBSTER,,WDF4843,31,0,19,7,,31,A
367456430,2022-01-01T21:08:10,28.96237,-89.37612,0.2,262.9,511.0,CAPT WEBSTER,,WDF4843,31,0,19,7,,31,A
367456430,2022-01-01T21:22:11,28.96222,-89.37621,0.0,274.2,511.0,CAPT WEBSTER,,WDF4843,31,0,19,7,,31,A
367456430,2022-01-01T21:32:10,28.96218,-89.37624,0.0,252.4,511.0,CAPT WEBSTER,,WDF4843,31,0,19,7,,31,A
367456430,2022-01-01T21:14:02,28.96224,-89.37621,0.0,315.8,511.0,CAPT WEBSTER,,WDF4843,31,0,19,7,,31,A
367456430,2022-01-01T21:53:40,28.96216,-89.37618,0.0,252.1,511.0,CAPT WEBSTER,,WDF4843,31,0,19,7,,31,A
367456430,2022-01-01T21:24:30,28.96220,-89.37621,0.0,261.9,511.0,CAPT WEBSTER,,WDF4843,31,0,19,7,,31,A
367456430,2022-01-01T21:57:11,28.96221,-89.37622,0.0,246.3,511.0,CAPT WEBSTER,,WDF4843,31,0,19,7,,31,A
367456430,2022-01-01T21:25:41,28.96220,-89.37622,0.0,257.1,511.0,CAPT WEBSTER,,WDF4843,31,0,19,7,,31,A
367456430,2022-01-01T21:40:40,28.96220,-89.37624,0.0,262.6,511.0,CAPT WEBSTER,,WDF4843,31,0,19,7,,31,A
367456430,2022-01-01T21:29:11,28.96220,-89.37622,0.0,248.4,511.0,CAPT WEBSTER,,WDF4843,31,0,19,7,,31,A
367456430,2022-01-01T09:31:41,29.83548,-89.99732,0.1,255.1,511.0,CAPT WEBSTER,,WDF4843,31,0,19,7,,31,A
367456430,2022-01-01T21:30:51,28.96218,-89.37625,0.0,249.7,511.0,CAPT WEBSTER,,WDF4843,31,0,19,7,,31,A
367456430,2022-01-01T21:52:31,28.96220,-89.37623,0.0,259.2,511.0,CAPT WEBSTER,,WDF4843,31,0,19,7,,31,A
367456430,2022-01-01T22:06:50,28.96221,-89.37621,0.0,251.0,511.0,CAPT WEBSTER,,WDF4843,31,0,19,7,,31,A
367456430,2022-01-01T22:08:02,28.96220,-89.37621,0.0,253.0,511.0,CAPT WEBSTER,,WDF4843,31,0,19,7,,31,A
367456430,2022-01-01T09:34:22,29.83550,-89.99733,0.0,237.0,511.0,CAPT WEBSTER,,WDF4843,31,0,19,7,,31,A
367456430,2022-01-01T23:00:01,28.96220,-89.37621,0.0,282.6,511.0,CAPT WEBSTER,,WDF4843,31,0,19,7,,31,A
367456430,2022-01-01T09:36:51,29.83550,-89.99731,0.0,198.6,511.0,CAPT WEBSTER,,WDF4843,31,0,19,7,,31,A
367456430,2022-01-01T22:00:41,28.96221,-89.37621,0.0,246.1,511.0,CAPT WEBSTER,,WDF4843,31,0,19,7,,31,A
367456430,2022-01-01T21:43:02,28.96219,-89.37623,0.0,262.1,511.0,CAPT WEBSTER,,WDF4843,31,0,19,7,,31,A
367456430,2022-01-01T23:03:50,28.96220,-89.37620,0.0,280.0,511.0,CAPT WEBSTER,,WDF4843,31,0,19,7,,31,A
367456430,2022-01-01T23:05:01,28.96220,-89.37620,0.0,280.1,511.0,CAPT WEBSTER,,WDF4843,31,0,19,7,,31,A
367456430,2022-01-01T21:44:11,28.96221,-89.37622,0.0,262.1,511.0,CAPT WEBSTER,,WDF4843,31,0,19,7,,31,A
367456430,2022-01-01T21:47:32,28.96219,-89.37622,0.0,262.8,511.0,CAPT WEBSTER,,WDF4843,31,0,19,7,,31,A
367456430,2022-01-01T21:59:41,28.96221,-89.37621,0.0,250.0,511.0,CAPT WEBSTER,,WDF4843,31,0,19,7,,31,A
367456430,2022-01-01T21:41:50,28.96219,-89.37622,0.0,264.1,511.0,CAPT WEBSTER,,WDF4843,31,0,19,7,,31,A
367456430,2022-01-01T22:11:50,28.96218,-89.37621,0.0,255.6,511.0,CAPT WEBSTER,,WDF4843,31,0,19,7,,31,A
367456430,2022-01-01T22:28:12,28.96220,-89.37621,0.0,244.7,511.0,CAPT WEBSTER,,WDF4843,31,0,19,7,,31,A
367456430,2022-01-01T21:56:01,28.96219,-89.37620,0.0,246.8,511.0,CAPT WEBSTER,,WDF4843,31,0,19,7,,31,A
367456430,2022-01-01T22:37:30,28.96218,-89.37621,0.0,257.2,511.0,CAPT WEBSTER,,WDF4843,31,0,19,7,,31,A
367456430,2022-01-01T21:51:21,28.96221,-89.37622,0.0,263.8,511.0,CAPT WEBSTER,,WDF4843,31,0,19,7,,31,A
367456430,2022-01-01T22:22:21,28.96222,-89.37623,0.0,248.8,511.0,CAPT WEBSTER,,WDF4843,31,0,19,7,,31,A
367456430,2022-01-01T22:41:11,28.96219,-89.37622,0.0,261.4,511.0,CAPT WEBSTER,,WDF4843,31,0,19,7,,31,A
367456430,2022-01-01T23:32:21,28.96220,-89.37618,0.0,270.8,511.0,CAPT WEBSTER,,WDF4843,31,0,19,7,,31,A
367456430,2022-01-01T23:33:31,28.96219,-89.37616,0.0,270.7,511.0,CAPT WEBSTER,,WDF4843,31,0,19,7,,31,A
367456430,2022-01-01T22:09:10,28.96220,-89.37621,0.0,254.0,511.0,CAPT WEBSTER,,WDF4843,31,0,19,7,,31,A
367456430,2022-01-01T22:44:41,28.96220,-89.37622,0.0,268.4,511.0,CAPT WEBSTER,,WDF4843,31,0,19,7,,31,A
367456430,2022-01-01T22:20:01,28.96219,-89.37620,0.0,247.0,511.0,CAPT WEBSTER,,WDF4843,31,0,19,7,,31,A
367456430,2022-01-01T22:43:30,28.96219,-89.37622,0.0,264.1,511.0,CAPT WEBSTER,,WDF4843,31,0,19,7,,31,A
367456430,2022-01-01T22:23:31,28.96220,-89.37621,0.0,246.1,511.0,CAPT WEBSTER,,WDF4843,31,0,19,7,,31,A
367456430,2022-01-01T22:30:51,28.96220,-89.37623,0.0,250.4,511.0,CAPT WEBSTER,,WDF4843,31,0,19,7,,31,A
367456430,2022-01-01T23:40:11,28.96219,-89.37618,0.0,267.9,511.0,CAPT WEBSTER,,WDF4843,31,0,19,7,,31,A
367456430,2022-01-01T22:03:20,28.96221,-89.37622,0.0,245.8,511.0,CAPT WEBSTER,,WDF4843,31,0,19,7,,31,A
367456430,2022-01-01T22:17:31,28.96220,-89.37622,0.0,257.2,511.0,CAPT WEBSTER,,WDF4843,31,0,19,7,,31,A
367456430,2022-01-01T22:04:31,28.96222,-89.37622,0.0,248.7,511.0,CAPT WEBSTER,,WDF4843,31,0,19,7,,31,A
367456430,2022-01-01T22:36:11,28.96221,-89.37622,0.0,255.2,511.0,CAPT WEBSTER,,WDF4843,31,0,19,7,,31,A
367456430,2022-01-01T22:32:00,28.96222,-89.37624,0.0,250.2,511.0,CAPT WEBSTER,,WDF4843,31,0,19,7,,31,A
367456430,2022-01-01T22:33:01,28.96219,-89.37619,0.0,252.6,511.0,CAPT WEBSTER,,WDF4843,31,0,19,7,,31,A
367456430,2022-01-01T22:21:11,28.96219,-89.37621,0.0,249.3,511.0,CAPT WEBSTER,,WDF4843,31,0,19,7,,31,A
367456430,2022-01-01T22:10:42,28.96220,-89.37620,0.0,254.0,511.0,CAPT WEBSTER,,WDF4843,31,0,19,7,,31,A
367456430,2022-01-01T09:54:01,29.83549,-89.99734,0.1,230.0,511.0,CAPT WEBSTER,,WDF4843,31,0,19,7,,31,A
367456430,2022-01-01T22:39:52,28.96224,-89.37621,0.0,262.3,511.0,CAPT WEBSTER,,WDF4843,31,0,19,7,,31,A
367456430,2022-01-01T22:26:00,28.96219,-89.37624,0.0,248.0,511.0,CAPT WEBSTER,,WDF4843,31,0,19,7,,31,A
367456430,2022-01-01T22:45:51,28.96218,-89.37623,0.0,266.8,511.0,CAPT WEBSTER,,WDF4843,31,0,19,7,,31,A
367456430,2022-01-01T22:47:02,28.96219,-89.37624,0.0,264.6,511.0,CAPT WEBSTER,,WDF4843,31,0,19,7,,31,A
367456430,2022-01-01T23:53:02,28.96220,-89.37619,0.0,280.8,511.0,CAPT WEBSTER,,WDF4843,31,0,19,7,,31,A
367456430,2022-01-01T23:54:11,28.96219,-89.37620,0.0,280.5,511.0,CAPT WEBSTER,,WDF4843,31,0,19,7,,31,A
367456430,2022-01-01T22:42:21,28.96220,-89.37622,0.0,261.6,511.0,CAPT WEBSTER,,WDF4843,31,0,19,7,,31,A
367456430,2022-01-01T23:55:22,28.96219,-89.37623,0.0,276.6,511.0,CAPT WEBSTER,,WDF4843,31,0,19,7,,31,A
367456430,2022-01-01T22:18:50,28.96223,-89.37622,0.0,249.9,511.0,CAPT WEBSTER,,WDF4843,31,0,19,7,,31,A
367456430,2022-01-01T23:06:11,28.96221,-89.37622,0.0,287.2,511.0,CAPT WEBSTER,,WDF4843,31,0,19,7,,31,A
367456430,2022-01-01T22:49:22,28.96222,-89.37623,0.0,267.9,511.0,CAPT WEBSTER,,WDF4843,31,0,19,7,,31,A
367456430,2022-01-01T23:09:51,28.96219,-89.37621,0.0,294.2,511.0,CAPT WEBSTER,,WDF4843,31,0,19,7,,31,A
367456430,2022-01-01T22:50:32,28.96224,-89.37624,0.0,269.6,511.0,CAPT WEBSTER,,WDF4843,31,0,19,7,,31,A
367456430,2022-01-01T22:51:40,28.96222,-89.37623,0.0,271.2,511.0,CAPT WEBSTER,,WDF4843,31,0,19,7,,31,A
367456430,2022-01-01T22:54:01,28.96220,-89.37623,0.0,278.1,511.0,CAPT WEBSTER,,WDF4843,31,0,19,7,,31,A
367456430,2022-01-01T23:13:11,28.96219,-89.37620,0.0,307.4,511.0,CAPT WEBSTER,,WDF4843,31,0,19,7,,31,A
367456430,2022-01-01T22:27:10,28.96219,-89.37622,0.0,247.0,511.0,CAPT WEBSTER,,WDF4843,31,0,19,7,,31,A
367456430,2022-01-01T22:56:21,28.96221,-89.37621,0.0,280.5,511.0,CAPT WEBSTER,,WDF4843,31,0,19,7,,31,A
367456430,2022-01-01T22:29:21,28.96222,-89.37625,0.0,248.2,511.0,CAPT WEBSTER,,WDF4843,31,0,19,7,,31,A
367456430,2022-01-01T23:02:42,28.96220,-89.37617,0.0,276.4,511.0,CAPT WEBSTER,,WDF4843,31,0,19,7,,31,A
367456430,2022-01-01T23:20:21,28.96220,-89.37621,0.0,323.9,511.0,CAPT WEBSTER,,WDF4843,31,0,19,7,,31,A
367456430,2022-01-01T23:26:31,28.96222,-89.37618,0.0,282.8,511.0,CAPT WEBSTER,,WDF4843,31,0,19,7,,31,A
367456430,2022-01-01T22:48:11,28.96221,-89.37625,0.0,268.3,511.0,CAPT WEBSTER,,WDF4843,31,0,19,7,,31,A
367456430,2022-01-01T22:38:41,28.96220,-89.37623,0.0,259.7,511.0,CAPT WEBSTER,,WDF4843,31,0,19,7,,31,A
367456430,2022-01-01T23:07:20,28.96219,-89.37621,0.0,288.1,511.0,CAPT WEBSTER,,WDF4843,31,0,19,7,,31,A
367456430,2022-01-01T23:08:30,28.96217,-89.37623,0.0,290.5,511.0,CAPT WEBSTER,,WDF4843,31,0,19,7,,31,A
367456430,2022-01-01T23:10:52,28.96220,-89.37622,0.0,296.0,511.0,CAPT WEBSTER,,WDF4843,31,0,19,7,,31,A
367456430,2022-01-01T23:27:40,28.96219,-89.37613,0.0,279.0,511.0,CAPT WEBSTER,,WDF4843,31,0,19,7,,31,A
367456430,2022-01-01T23:34:41,28.96219,-89.37617,0.0,266.3,511.0,CAPT WEBSTER,,WDF4843,31,0,19,7,,31,A
367456430,2022-01-01T23:17:01,28.96221,-89.37620,0.0,307.4,511.0,CAPT WEBSTER,,WDF4843,31,0,19,7,,31,A
367456430,2022-01-01T22:55:11,28.96221,-89.37625,0.0,282.8,511.0,CAPT WEBSTER,,WDF4843,31,0,19,7,,31,A
367456430,2022-01-01T22:57:31,28.96223,-89.37623,0.0,280.8,511.0,CAPT WEBSTER,,WDF4843,31,0,19,7,,31,A
367456430,2022-01-01T22:58:51,28.96223,-89.37623,0.0,278.9,511.0,CAPT WEBSTER,,WDF4843,31,0,19,7,,31,A
367456430,2022-01-01T23:24:00,28.96221,-89.37620,0.0,293.2,511.0,CAPT WEBSTER,,WDF4843,31,0,19,7,,31,A
367456430,2022-01-01T10:08:22,29.83548,-89.99733,0.0,245.6,511.0,CAPT WEBSTER,,WDF4843,31,0,19,7,,31,A
367456430,2022-01-01T23:50:40,28.96219,-89.37620,0.0,275.9,511.0,CAPT WEBSTER,,WDF4843,31,0,19,7,,31,A
367456430,2022-01-01T23:56:31,28.96220,-89.37619,0.0,279.1,511.0,CAPT WEBSTER,,WDF4843,31,0,19,7,,31,A
367456430,2022-01-01T23:14:21,28.96219,-89.37621,0.0,306.5,511.0,CAPT WEBSTER,,WDF4843,31,0,19,7,,31,A
367456430,2022-01-01T23:37:41,28.96217,-89.37614,0.0,264.1,511.0,CAPT WEBSTER,,WDF4843,31,0,19,7,,31,A
367456430,2022-01-01T23:15:51,28.96220,-89.37623,0.0,309.4,511.0,CAPT WEBSTER,,WDF4843,31,0,19,7,,31,A
367456430,2022-01-01T23:18:10,28.96221,-89.37622,0.0,312.1,511.0,CAPT WEBSTER,,WDF4843,31,0,19,7,,31,A
367456430,2022-01-01T23:19:20,28.96223,-89.37622,0.0,321.7,511.0,CAPT WEBSTER,,WDF4843,31,0,19,7,,31,A
367456430,2022-01-01T23:12:01,28.96218,-89.37620,0.0,309.9,511.0,CAPT WEBSTER,,WDF4843,31,0,19,7,,31,A
367456430,2022-01-01T23:42:31,28.96219,-89.37619,0.0,277.0,511.0,CAPT WEBSTER,,WDF4843,31,0,19,7,,31,A
367456430,2022-01-01T23:57:40,28.96221,-89.37619,0.0,279.4,511.0,CAPT WEBSTER,,WDF4843,31,0,19,7,,31,A
367456430,2022-01-01T23:22:52,28.96220,-89.37618,0.0,305.7,511.0,CAPT WEBSTER,,WDF4843,31,0,19,7,,31,A
367456430,2022-01-01T23:43:41,28.96220,-89.37623,0.0,274.4,511.0,CAPT WEBSTER,,WDF4843,31,0,19,7,,31,A
367456430,2022-01-01T23:28:52,28.96219,-89.37613,0.0,276.5,511.0,CAPT WEBSTER,,WDF4843,31,0,19,7,,31,A
367456430,2022-01-01T23:30:00,28.96221,-89.37616,0.0,273.6,511.0,CAPT WEBSTER,,WDF4843,31,0,19,7,,31,A
367456430,2022-01-01T23:31:11,28.96221,-89.37620,0.0,271.7,511.0,CAPT WEBSTER,,WDF4843,31,0,19,7,,31,A
367456430,2022-01-01T23:36:22,28.96219,-89.37615,0.0,263.6,511.0,CAPT WEBSTER,,WDF4843,31,0,19,7,,31,A
367456430,2022-01-01T23:38:52,28.96216,-89.37615,0.0,265.2,511.0,CAPT WEBSTER,,WDF4843,31,0,19,7,,31,A
367456430,2022-01-01T10:23:52,29.83550,-89.99733,0.0,287.4,511.0,CAPT WEBSTER,,WDF4843,31,0,19,7,,31,A
367456430,2022-01-01T23:45:01,28.96217,-89.37619,0.0,276.4,511.0,CAPT WEBSTER,,WDF4843,31,0,19,7,,31,A
367456430,2022-01-01T10:26:10,29.83550,-89.99733,0.0,286.0,511.0,CAPT WEBSTER,,WDF4843,31,0,19,7,,31,A
367456430,2022-01-01T23:47:20,28.96220,-89.37619,0.0,273.3,511.0,CAPT WEBSTER,,WDF4843,31,0,19,7,,31,A
367456430,2022-01-01T23:51:51,28.96221,-89.37621,0.0,277.5,511.0,CAPT WEBSTER,,WDF4843,31,0,19,7,,31,A
367456430,2022-01-01T10:32:01,29.83552,-89.99735,0.0,266.4,511.0,CAPT WEBSTER,,WDF4843,31,0,19,7,,31,A
367456430,2022-01-01T23:58:51,28.96222,-89.37621,0.0,277.9,511.0,CAPT WEBSTER,,WDF4843,31,0,19,7,,31,A
367456430,2022-01-01T10:48:01,29.83550,-89.99713,0.3,80.7,511.0,CAPT WEBSTER,,WDF4843,31,0,19,7,,31,A
367456430,2022-01-01T10:50:20,29.83535,-89.99707,2.3,192.6,511.0,CAPT WEBSTER,,WDF4843,31,0,19,7,,31,A
367456430,2022-01-01T10:56:01,29.83219,-89.99621,6.6,201.0,511.0,CAPT WEBSTER,,WDF4843,31,0,19,7,,31,A
367456430,2022-01-01T11:27:21,29.76944,-90.02494,7.6,185.5,511.0,CAPT WEBSTER,,WDF4843,31,0,19,7,,31,A
367456430,2022-01-01T11:30:52,29.76184,-90.02500,7.8,175.2,511.0,CAPT WEBSTER,,WDF4843,31,0,19,7,,31,A
367456430,2022-01-01T11:37:40,29.74858,-90.01807,7.9,134.1,511.0,CAPT WEBSTER,,WDF4843,31,0,19,7,,31,A
367456430,2022-01-01T11:38:50,29.74689,-90.01589,8.0,130.8,511.0,CAPT WEBSTER,,WDF4843,31,0,19,7,,31,A
367456430,2022-01-01T11:49:12,29.73062,-89.99687,8.1,138.5,511.0,CAPT WEBSTER,,WDF4843,31,0,19,7,,31,A
367456430,2022-01-01T11:51:31,29.72651,-89.99321,7.9,144.5,511.0,CAPT WEBSTER,,WDF4843,31,0,19,7,,31,A
367456430,2022-01-01T12:08:30,29.69314,-89.97414,7.7,144.1,511.0,CAPT WEBSTER,,WDF4843,31,0,19,7,,31,A
367456430,2022-01-01T12:25:00,29.65896,-89.96062,7.8,164.3,511.0,CAPT WEBSTER,,WDF4843,31,0,19,7,,31,A
367456430,2022-01-01T12:28:41,29.65102,-89.95819,8.0,164.4,511.0,CAPT WEBSTER,,WDF4843,31,0,19,7,,31,A
367456430,2022-01-01T12:48:02,29.62714,-89.91815,8.3,126.6,511.0,CAPT WEBSTER,,WDF4843,31,0,19,7,,31,A
367456430,2022-01-01T13:00:02,29.61216,-89.89089,8.5,123.1,511.0,CAPT WEBSTER,,WDF4843,31,0,19,7,,31,A
367456430,2022-01-01T13:04:51,29.60713,-89.87915,8.7,108.6,511.0,CAPT WEBSTER,,WDF4843,31,0,19,7,,31,A
367456430,2022-01-01T13:18:01,29.60029,-89.84359,8.6,105.1,511.0,CAPT WEBSTER,,WDF4843,31,0,19,7,,31,A
367456430,2022-01-01T13:32:30,29.58224,-89.81167,8.1,128.4,511.0,CAPT WEBSTER,,WDF4843,31,0,19,7,,31,A
367456430,2022-01-01T13:34:02,29.58016,-89.80858,8.0,127.0,511.0,CAPT WEBSTER,,WDF4843,31,0,19,7,,31,A
367456430,2022-01-01T13:46:00,29.56409,-89.78404,8.1,133.1,511.0,CAPT WEBSTER,,WDF4843,31,0,19,7,,31,A
367456430,2022-01-01T13:49:30,29.55832,-89.77791,8.2,135.9,511.0,CAPT WEBSTER,,WDF4843,31,0,19,7,,31,A
367456430,2022-01-01T13:53:01,29.55243,-89.77181,8.0,140.0,511.0,CAPT WEBSTER,,WDF4843,31,0,19,7,,31,A
367456430,2022-01-01T14:06:11,29.53138,-89.74699,8.7,113.6,511.0,CAPT WEBSTER,,WDF4843,31,0,19,7,,31,A
367456430,2022-01-01T14:26:01,29.50071,-89.70652,8.5,142.7,511.0,CAPT WEBSTER,,WDF4843,31,0,19,7,,31,A
367456430,2022-01-01T14:37:41,29.47889,-89.68794,8.5,132.5,511.0,CAPT WEBSTER,,WDF4843,31,0,19,7,,31,A
367456430,2022-01-01T14:48:31,29.46297,-89.66452,8.8,118.5,511.0,CAPT WEBSTER,,WDF4843,31,0,19,7,,31,A
367456430,2022-01-01T14:56:30,29.45760,-89.64318,8.8,92.9,511.0,CAPT WEBSTER,,WDF4843,31,0,19,7,,31,A
367456430,2022-01-01T15:07:11,29.45443,-89.61359,8.5,114.1,511.0,CAPT WEBSTER,,WDF4843,31,0,19,7,,31,A
367456430,2022-01-01T15:10:40,29.44918,-89.60649,8.7,131.7,511.0,CAPT WEBSTER,,WDF4843,31,0,19,7,,31,A
367456430,2022-01-01T15:11:51,29.44729,-89.60415,8.4,136.4,511.0,CAPT WEBSTER,,WDF4843,31,0,19,7,,31,A
367456430,2022-01-01T15:20:02,29.43186,-89.60282,7.8,194.8,511.0,CAPT WEBSTER,,WDF4843,31,0,19,7,,31,A
367456430,2022-01-01T15:21:12,29.42936,-89.60359,8.1,197.1,511.0,CAPT WEBSTER,,WDF4843,31,0,19,7,,31,A
367456430,2022-01-01T15:34:10,29.40092,-89.60170,8.6,157.7,511.0,CAPT WEBSTER,,WDF4843,31,0,19,7,,31,A
367456430,2022-01-01T15:35:21,29.39835,-89.60027,8.7,151.5,511.0,CAPT WEBSTER,,WDF4843,31,0,19,7,,31,A
367456430,2022-01-01T15:43:21,29.38346,-89.58616,8.8,131.2,511.0,CAPT WEBSTER,,WDF4843,31,0,19,7,,31,A
367456430,2022-01-01T16:07:41,29.36038,-89.52379,8.8,105.3,511.0,CAPT WEBSTER,,WDF4843,31,0,19,7,,31,A
367456430,2022-01-01T16:27:12,29.34278,-89.47768,8.2,78.2,511.0,CAPT WEBSTER,,WDF4843,31,0,19,7,,31,A
367456430,2022-01-01T16:42:21,29.36316,-89.44656,8.3,95.9,511.0,CAPT WEBSTER,,WDF4843,31,0,19,7,,31,A
367456430,2022-01-01T16:51:40,29.35350,-89.42499,7.9,125.2,511.0,CAPT WEBSTER,,WDF4843,31,0,19,7,,31,A
367456430,2022-01-01T17:02:21,29.33941,-89.40471,7.5,138.9,511.0,CAPT WEBSTER,,WDF4843,31,0,19,7,,31,A
367456430,2022-01-01T17:04:42,29.33586,-89.40082,7.6,136.6,511.0,CAPT WEBSTER,,WDF4843,31,0,19,7,,31,A
367456430,2022-01-01T17:08:01,29.33074,-89.39548,7.4,143.0,511.0,CAPT WEBSTER,,WDF4843,31,0,19,7,,31,A
367456430,2022-01-01T17:12:40,29.32300,-89.38851,7.7,145.4,511.0,CAPT WEBSTER,,WDF4843,31,0,19,7,,31,A
367456430,2022-01-01T17:29:51,29.29414,-89.36508,7.7,147.7,511.0,CAPT WEBSTER,,WDF4843,31,0,19,7,,31,A
367456430,2022-01-01T17:32:11,29.28995,-89.36191,7.8,146.5,511.0,CAPT WEBSTER,,WDF4843,31,0,19,7,,31,A
367456430,2022-01-01T17:33:20,29.28783,-89.36035,7.8,147.0,511.0,CAPT WEBSTER,,WDF4843,31,0,19,7,,31,A
367456430,2022-01-01T17:40:11,29.27565,-89.35109,7.5,142.4,511.0,CAPT WEBSTER,,WDF4843,31,0,19,7,,31,A
367456430,2022-01-01T17:43:41,29.26997,-89.34573,7.6,138.0,511.0,CAPT WEBSTER,,WDF4843,31,0,19,7,,31,A
367456430,2022-01-01T17:44:52,29.26813,-89.34370,7.7,135.3,511.0,CAPT WEBSTER,,WDF4843,31,0,19,7,,31,A
367456430,2022-01-01T17:46:01,29.26646,-89.34161,7.8,130.3,511.0,CAPT WEBSTER,,WDF4843,31,0,19,7,,31,A
367456430,2022-01-01T17:48:21,29.26353,-89.33690,7.8,124.6,511.0,CAPT WEBSTER,,WDF4843,31,0,19,7,,31,A
367456430,2022-01-01T17:53:00,29.25689,-89.32786,8.1,138.4,511.0,CAPT WEBSTER,,WDF4843,31,0,19,7,,31,A
367456430,2022-01-01T17:57:31,29.25070,-89.31860,8.0,123.0,511.0,CAPT WEBSTER,,WDF4843,31,0,19,7,,31,A
367456430,2022-01-01T18:03:42,29.23999,-89.30849,8.0,131.1,511.0,CAPT WEBSTER,,WDF4843,31,0,19,7,,31,A
367456430,2022-01-01T18:35:30,29.18341,-89.26643,7.0,161.9,511.0,CAPT WEBSTER,,WDF4843,31,0,19,7,,31,A
367456430,2022-01-01T18:51:32,29.15208,-89.25699,6.8,182.9,511.0,CAPT WEBSTER,,WDF4843,31,0,19,7,,31,A
367456430,2022-01-01T18:55:01,29.14543,-89.25737,6.9,189.0,511.0,CAPT WEBSTER,,WDF4843,31,0,19,7,,31,A
367456430,2022-01-01T18:58:31,29.13879,-89.25893,6.9,193.1,511.0,CAPT WEBSTER,,WDF4843,31,0,19,7,,31,A
367456430,2022-01-01T19:00:01,29.13590,-89.25962,7.2,193.0,511.0,CAPT WEBSTER,,WDF4843,31,0,19,7,,31,A
367456430,2022-01-01T19:01:11,29.13369,-89.26037,7.2,199.1,511.0,CAPT WEBSTER,,WDF4843,31,0,19,7,,31,A
367456430,2022-01-01T19:16:02,29.10727,-89.27260,7.2,206.5,511.0,CAPT WEBSTER,,WDF4843,31,0,19,7,,31,A
367456430,2022-01-01T19:27:30,29.09077,-89.28183,4.9,212.8,511.0,CAPT WEBSTER,,WDF4843,31,0,19,7,,31,A
367456430,2022-01-01T19:39:52,29.07696,-89.29169,5.4,194.0,511.0,CAPT WEBSTER,,WDF4843,31,0,19,7,,31,A
367456430,2022-01-01T19:50:41,29.06043,-89.30692,7.2,214.4,511.0,CAPT WEBSTER,,WDF4843,31,0,19,7,,31,A
367456430,2022-01-01T19:53:02,29.05650,-89.30977,7.2,211.1,511.0,CAPT WEBSTER,,WDF4843,31,0,19,7,,31,A
367456430,2022-01-01T20:01:10,29.04286,-89.31964,7.3,213.6,511.0,CAPT WEBSTER,,WDF4843,31,0,19,7,,31,A
367456430,2022-01-01T20:02:11,29.04116,-89.32090,7.3,212.2,511.0,CAPT WEBSTER,,WDF4843,31,0,19,7,,31,A
367456430,2022-01-01T20:09:11,29.03019,-89.33087,7.2,217.8,511.0,CAPT WEBSTER,,WDF4843,31,0,19,7,,31,A
367456430,2022-01-01T20:11:21,29.02675,-89.33379,7.0,216.9,511.0,CAPT WEBSTER,,WDF4843,31,0,19,7,,31,A
367456430,2022-01-01T20:12:32,29.02490,-89.33530,6.9,215.2,511.0,CAPT WEBSTER,,WDF4843,31,0,19,7,,31,A
367456430,2022-01-01T20:24:12,29.00623,-89.34998,7.1,217.2,511.0,CAPT WEBSTER,,WDF4843,31,0,19,7,,31,A
367456430,2022-01-01T20:26:32,29.00249,-89.35311,7.2,215.1,511.0,CAPT WEBSTER,,WDF4843,31,0,19,7,,31,A
367456430,2022-01-01T20:29:50,28.99715,-89.35759,7.2,220.4,511.0,CAPT WEBSTER,,WDF4843,31,0,19,7,,31,A
367456430,2022-01-01T20:44:52,28.97601,-89.37432,5.4,192.2,511.0,CAPT WEBSTER,,WDF4843,31,0,19,7,,31,A
367456430,2022-01-01T20:50:41,28.97101,-89.37123,3.1,145.6,511.0,CAPT WEBSTER,,WDF4843,31,0,19,7,,31,A
367456430,2022-01-01T21:11:51,28.96224,-89.37608,0.8,209.3,511.0,CAPT WEBSTER,,WDF4843,31,0,19,7,,31,A
367456430,2022-01-01T21:17:31,28.96217,-89.37618,0.0,320.5,511.0,CAPT WEBSTER,,WDF4843,31,0,19,7,,31,A
367456430,2022-01-01T21:38:30,28.96219,-89.37626,0.0,252.2,511.0,CAPT WEBSTER,,WDF4843,31,0,19,7,,31,A
367456430,2022-01-01T21:48:42,28.96218,-89.37621,0.0,264.6,511.0,CAPT WEBSTER,,WDF4843,31,0,19,7,,31,A
367456430,2022-01-01T21:58:20,28.96219,-89.37621,0.0,251.1,511.0,CAPT WEBSTER,,WDF4843,31,0,19,7,,31,A
367456430,2022-01-01T22:02:10,28.96222,-89.37619,0.0,246.1,511.0,CAPT WEBSTER,,WDF4843,31,0,19,7,,31,A
367456430,2022-01-01T22:05:41,28.96221,-89.37622,0.0,247.9,511.0,CAPT WEBSTER,,WDF4843,31,0,19,7,,31,A
367456430,2022-01-01T22:13:02,28.96219,-89.37620,0.0,256.4,511.0,CAPT WEBSTER,,WDF4843,31,0,19,7,,31,A
367456430,2022-01-01T22:16:30,28.96221,-89.37623,0.0,255.9,511.0,CAPT WEBSTER,,WDF4843,31,0,19,7,,31,A
367456430,2022-01-01T22:24:42,28.96219,-89.37621,0.0,244.4,511.0,CAPT WEBSTER,,WDF4843,31,0,19,7,,31,A
367456430,2022-01-01T22:52:51,28.96222,-89.37629,0.0,276.7,511.0,CAPT WEBSTER,,WDF4843,31,0,19,7,,31,A
367456430,2022-01-01T23:21:41,28.96222,-89.37620,0.0,316.7,511.0,CAPT WEBSTER,,WDF4843,31,0,19,7,,31,A
367456430,2022-01-01T23:25:20,28.96220,-89.37624,0.0,285.2,511.0,CAPT WEBSTER,,WDF4843,31,0,19,7,,31,A
367456430,2022-01-01T23:41:22,28.96217,-89.37617,0.0,271.2,511.0,CAPT WEBSTER,,WDF4843,31,0,19,7,,31,A
367456430,2022-01-01T23:46:11,28.96219,-89.37619,0.0,277.4,511.0,CAPT WEBSTER,,WDF4843,31,0,19,7,,31,A
367456430,2022-01-01T23:48:21,28.96218,-89.37617,0.0,275.1,511.0,CAPT WEBSTER,,WDF4843,31,0,19,7,,31,A
367456430,2022-01-01T23:49:31,28.96219,-89.37617,0.0,274.7,511.0,CAPT WEBSTER,,WDF4843,31,0,19,7,,31,A
367456430,2022-01-02T00:00:01,28.96222,-89.37619,0.0,279.5,511.0,CAPT WEBSTER,,WDF4843,31,0,19,7,,31,A
367456430,2022-01-02T00:01:12,28.96222,-89.37620,0.0,281.4,511.0,CAPT WEBSTER,,WDF4843,31,0,19,7,,31,A
367456430,2022-01-02T00:03:31,28.96222,-89.37618,0.0,281.1,511.0,CAPT WEBSTER,,WDF4843,31,0,19,7,,31,A
367456430,2022-01-02T00:04:42,28.96220,-89.37619,0.0,282.1,511.0,CAPT WEBSTER,,WDF4843,31,0,19,7,,31,A
367456430,2022-01-02T00:06:01,28.96218,-89.37621,0.0,284.1,511.0,CAPT WEBSTER,,WDF4843,31,0,19,7,,31,A
367456430,2022-01-02T00:02:21,28.96221,-89.37622,0.0,282.7,511.0,CAPT WEBSTER,,WDF4843,31,0,19,7,,31,A
367456430,2022-01-02T00:07:11,28.96220,-89.37620,0.0,282.5,511.0,CAPT WEBSTER,,WDF4843,31,0,19,7,,31,A
367456430,2022-01-02T00:09:30,28.96217,-89.37621,0.0,285.2,511.0,CAPT WEBSTER,,WDF4843,31,0,19,7,,31,A
367456430,2022-01-02T00:11:50,28.96221,-89.37620,0.0,286.2,511.0,CAPT WEBSTER,,WDF4843,31,0,19,7,,31,A
367456430,2022-01-02T00:10:42,28.96218,-89.37620,0.0,286.4,511.0,CAPT WEBSTER,,WDF4843,31,0,19,7,,31,A
367456430,2022-01-02T00:13:00,28.96217,-89.37621,0.0,289.4,511.0,CAPT WEBSTER,,WDF4843,31,0,19,7,,31,A
367456430,2022-01-02T00:15:20,28.96214,-89.37614,0.0,292.8,511.0,CAPT WEBSTER,,WDF4843,31,0,19,7,,31,A
367456430,2022-01-02T00:14:12,28.96218,-89.37622,0.0,288.5,511.0,CAPT WEBSTER,,WDF4843,31,0,19,7,,31,A
367456430,2022-01-02T00:16:21,28.96215,-89.37616,0.0,296.3,511.0,CAPT WEBSTER,,WDF4843,31,0,19,7,,31,A
367456430,2022-01-02T00:18:42,28.96215,-89.37616,0.0,295.7,511.0,CAPT WEBSTER,,WDF4843,31,0,19,7,,31,A
367456430,2022-01-02T00:17:31,28.96216,-89.37617,0.0,296.2,511.0,CAPT WEBSTER,,WDF4843,31,0,19,7,,31,A
367456430,2022-01-02T00:19:51,28.96217,-89.37616,0.0,300.1,511.0,CAPT WEBSTER,,WDF4843,31,0,19,7,,31,A
367456430,2022-01-02T00:23:20,28.96222,-89.37621,0.0,306.4,511.0,CAPT WEBSTER,,WDF4843,31,0,19,7,,31,A
367456430,2022-01-02T00:25:41,28.96219,-89.37618,0.0,275.7,511.0,CAPT WEBSTER,,WDF4843,31,0,19,7,,31,A
367456430,2022-01-02T00:22:10,28.96221,-89.37620,0.0,302.5,511.0,CAPT WEBSTER,,WDF4843,31,0,19,7,,31,A
367456430,2022-01-02T00:08:21,28.96219,-89.37620,0.0,282.2,511.0,CAPT WEBSTER,,WDF4843,31,0,19,7,,31,A
367456430,2022-01-02T00:24:31,28.96219,-89.37620,0.0,290.5,511.0,CAPT WEBSTER,,WDF4843,31,0,19,7,,31,A
367456430,2022-01-02T00:28:02,28.96223,-89.37621,0.0,261.8,511.0,CAPT WEBSTER,,WDF4843,31,0,19,7,,31,A
367456430,2022-01-02T00:26:51,28.96221,-89.37621,0.0,268.2,511.0,CAPT WEBSTER,,WDF4843,31,0,19,7,,31,A
367456430,2022-01-02T00:29:11,28.96219,-89.37620,0.0,252.4,511.0,CAPT WEBSTER,,WDF4843,31,0,19,7,,31,A
367456430,2022-01-02T00:30:50,28.96218,-89.37620,0.0,248.6,511.0,CAPT WEBSTER,,WDF4843,31,0,19,7,,31,A
367456430,2022-01-02T00:31:51,28.96215,-89.37620,0.0,248.2,511.0,CAPT WEBSTER,,WDF4843,31,0,19,7,,31,A
367456430,2022-01-02T00:33:02,28.96215,-89.37621,0.0,246.5,511.0,CAPT WEBSTER,,WDF4843,31,0,19,7,,31,A
367456430,2022-01-02T00:37:10,28.96212,-89.37619,0.0,245.6,511.0,CAPT WEBSTER,,WDF4843,31,0,19,7,,31,A
367456430,2022-01-02T00:36:02,28.96210,-89.37619,0.0,245.1,511.0,CAPT WEBSTER,,WDF4843,31,0,19,7,,31,A
367456430,2022-01-02T00:34:10,28.96216,-89.37621,0.0,245.3,511.0,CAPT WEBSTER,,WDF4843,31,0,19,7,,31,A
367456430,2022-01-02T00:38:21,28.96215,-89.37621,0.0,246.8,511.0,CAPT WEBSTER,,WDF4843,31,0,19,7,,31,A
367456430,2022-01-02T00:40:40,28.96221,-89.37619,0.0,249.3,511.0,CAPT WEBSTER,,WDF4843,31,0,19,7,,31,A
367456430,2022-01-02T00:39:32,28.96218,-89.37620,0.0,247.9,511.0,CAPT WEBSTER,,WDF4843,31,0,19,7,,31,A
367456430,2022-01-02T00:41:51,28.96217,-89.37618,0.0,239.6,511.0,CAPT WEBSTER,,WDF4843,31,0,19,7,,31,A
367456430,2022-01-02T00:47:31,28.96218,-89.37620,0.0,224.2,511.0,CAPT WEBSTER,,WDF4843,31,0,19,7,,31,A
367456430,2022-01-02T00:44:02,28.96217,-89.37620,0.0,225.8,511.0,CAPT WEBSTER,,WDF4843,31,0,19,7,,31,A
367456430,2022-01-02T00:45:11,28.96216,-89.37618,0.0,223.4,511.0,CAPT WEBSTER,,WDF4843,31,0,19,7,,31,A
367456430,2022-01-02T00:48:40,28.96218,-89.37621,0.0,223.7,511.0,CAPT WEBSTER,,WDF4843,31,0,19,7,,31,A
367456430,2022-01-02T00:46:21,28.96218,-89.37619,0.0,220.2,511.0,CAPT WEBSTER,,WDF4843,31,0,19,7,,31,A
367456430,2022-01-02T00:52:21,28.96219,-89.37620,0.0,227.3,511.0,CAPT WEBSTER,,WDF4843,31,0,19,7,,31,A
367456430,2022-01-02T00:50:01,28.96217,-89.37621,0.0,223.2,511.0,CAPT WEBSTER,,WDF4843,31,0,19,7,,31,A
367456430,2022-01-02T00:21:02,28.96220,-89.37618,0.0,302.0,511.0,CAPT WEBSTER,,WDF4843,31,0,19,7,,31,A
367456430,2022-01-02T00:51:10,28.96217,-89.37619,0.0,221.4,511.0,CAPT WEBSTER,,WDF4843,31,0,19,7,,31,A
367456430,2022-01-02T00:57:11,28.96219,-89.37623,0.0,220.4,511.0,CAPT WEBSTER,,WDF4843,31,0,19,7,,31,A
367456430,2022-01-02T00:54:42,28.96220,-89.37620,0.0,227.7,511.0,CAPT WEBSTER,,WDF4843,31,0,19,7,,31,A
367456430,2022-01-02T00:58:21,28.96220,-89.37620,0.0,218.9,511.0,CAPT WEBSTER,,WDF4843,31,0,19,7,,31,A
367456430,2022-01-02T00:59:30,28.96220,-89.37622,0.0,216.7,511.0,CAPT WEBSTER,,WDF4843,31,0,19,7,,31,A
367456430,2022-01-02T00:55:51,28.96217,-89.37621,0.0,221.6,511.0,CAPT WEBSTER,,WDF4843,31,0,19,7,,31,A
367456430,2022-01-02T01:01:11,28.96219,-89.37622,0.0,211.7,511.0,CAPT WEBSTER,,WDF4843,31,0,19,7,,31,A
367456430,2022-01-02T01:02:22,28.96217,-89.37620,0.0,210.7,511.0,CAPT WEBSTER,,WDF4843,31,0,19,7,,31,A
367456430,2022-01-02T01:03:31,28.96219,-89.37622,0.0,210.6,511.0,CAPT WEBSTER,,WDF4843,31,0,19,7,,31,A
367456430,2022-01-02T01:13:00,28.96219,-89.37624,0.0,211.4,511.0,CAPT WEBSTER,,WDF4843,31,0,19,7,,31,A
367456430,2022-01-02T01:04:41,28.96219,-89.37622,0.0,208.4,511.0,CAPT WEBSTER,,WDF4843,31,0,19,7,,31,A
367456430,2022-01-02T01:05:51,28.96220,-89.37622,0.0,210.3,511.0,CAPT WEBSTER,,WDF4843,31,0,19,7,,31,A
367456430,2022-01-02T01:08:21,28.96219,-89.37623,0.0,213.6,511.0,CAPT WEBSTER,,WDF4843,31,0,19,7,,31,A
367456430,2022-01-02T01:07:11,28.96220,-89.37622,0.0,211.6,511.0,CAPT WEBSTER,,WDF4843,31,0,19,7,,31,A
367456430,2022-01-02T01:14:10,28.96218,-89.37622,0.0,207.6,511.0,CAPT WEBSTER,,WDF4843,31,0,19,7,,31,A
367456430,2022-01-02T01:10:41,28.96220,-89.37621,0.0,210.6,511.0,CAPT WEBSTER,,WDF4843,31,0,19,7,,31,A
367456430,2022-01-02T01:16:51,28.96219,-89.37621,0.0,209.5,511.0,CAPT WEBSTER,,WDF4843,31,0,19,7,,31,A
367456430,2022-01-02T01:11:52,28.96222,-89.37623,0.0,212.5,511.0,CAPT WEBSTER,,WDF4843,31,0,19,7,,31,A
367456430,2022-01-02T01:15:32,28.96217,-89.37620,0.0,206.7,511.0,CAPT WEBSTER,,WDF4843,31,0,19,7,,31,A
367456430,2022-01-02T01:18:00,28.96218,-89.37623,0.0,211.0,511.0,CAPT WEBSTER,,WDF4843,31,0,19,7,,31,A
367456430,2022-01-02T01:24:01,28.96218,-89.37621,0.0,220.5,511.0,CAPT WEBSTER,,WDF4843,31,0,19,7,,31,A
367456430,2022-01-02T01:19:12,28.96221,-89.37622,0.0,211.7,511.0,CAPT WEBSTER,,WDF4843,31,0,19,7,,31,A
367456430,2022-01-02T01:25:21,28.96218,-89.37622,0.0,219.1,511.0,CAPT WEBSTER,,WDF4843,31,0,19,7,,31,A
367456430,2022-01-02T01:30:00,28.96220,-89.37622,0.0,214.3,511.0,CAPT WEBSTER,,WDF4843,31,0,19,7,,31,A
367456430,2022-01-02T01:21:31,28.96220,-89.37621,0.0,214.7,511.0,CAPT WEBSTER,,WDF4843,31,0,19,7,,31,A
367456430,2022-01-02T01:26:31,28.96219,-89.37621,0.0,220.9,511.0,CAPT WEBSTER,,WDF4843,31,0,19,7,,31,A
367456430,2022-01-02T01:31:10,28.96219,-89.37622,0.0,218.6,511.0,CAPT WEBSTER,,WDF4843,31,0,19,7,,31,A
367456430,2022-01-02T01:32:21,28.96217,-89.37622,0.0,220.1,511.0,CAPT WEBSTER,,WDF4843,31,0,19,7,,31,A
367456430,2022-01-02T01:27:40,28.96220,-89.37622,0.0,214.1,511.0,CAPT WEBSTER,,WDF4843,31,0,19,7,,31,A
367456430,2022-01-02T01:28:52,28.96221,-89.37622,0.0,209.6,511.0,CAPT WEBSTER,,WDF4843,31,0,19,7,,31,A
367456430,2022-01-02T01:38:10,28.96217,-89.37620,0.0,226.3,511.0,CAPT WEBSTER,,WDF4843,31,0,19,7,,31,A
367456430,2022-01-02T01:35:10,28.96218,-89.37621,0.0,222.2,511.0,CAPT WEBSTER,,WDF4843,31,0,19,7,,31,A
367456430,2022-01-02T01:37:00,28.96218,-89.37621,0.0,227.2,511.0,CAPT WEBSTER,,WDF4843,31,0,19,7,,31,A
367456430,2022-01-02T01:33:41,28.96217,-89.37622,0.0,222.7,511.0,CAPT WEBSTER,,WDF4843,31,0,19,7,,31,A
367456430,2022-01-02T01:39:12,28.96217,-89.37620,0.0,227.3,511.0,CAPT WEBSTER,,WDF4843,31,0,19,7,,31,A
367456430,2022-01-02T01:41:01,28.96219,-89.37622,0.0,230.0,511.0,CAPT WEBSTER,,WDF4843,31,0,19,7,,31,A
367456430,2022-01-02T01:45:11,28.96219,-89.37621,0.0,227.8,511.0,CAPT WEBSTER,,WDF4843,31,0,19,7,,31,A
367456430,2022-01-02T00:42:52,28.96221,-89.37620,0.0,232.3,511.0,CAPT WEBSTER,,WDF4843,31,0,19,7,,31,A
367456430,2022-01-02T01:42:12,28.96218,-89.37621,0.0,230.6,511.0,CAPT WEBSTER,,WDF4843,31,0,19,7,,31,A
367456430,2022-01-02T01:44:01,28.96219,-89.37620,0.0,229.0,511.0,CAPT WEBSTER,,WDF4843,31,0,19,7,,31,A
367456430,2022-01-02T01:49:40,28.96219,-89.37622,0.0,233.1,511.0,CAPT WEBSTER,,WDF4843,31,0,19,7,,31,A
367456430,2022-01-02T01:46:12,28.96220,-89.37623,0.0,230.0,511.0,CAPT WEBSTER,,WDF4843,31,0,19,7,,31,A
367456430,2022-01-02T01:54:21,28.96218,-89.37622,0.0,228.9,511.0,CAPT WEBSTER,,WDF4843,31,0,19,7,,31,A
367456430,2022-01-02T01:47:22,28.96219,-89.37623,0.0,232.1,511.0,CAPT WEBSTER,,WDF4843,31,0,19,7,,31,A
367456430,2022-01-02T01:48:31,28.96220,-89.37622,0.0,235.7,511.0,CAPT WEBSTER,,WDF4843,31,0,19,7,,31,A
367456430,2022-01-02T01:50:51,28.96220,-89.37623,0.0,235.3,511.0,CAPT WEBSTER,,WDF4843,31,0,19,7,,31,A
367456430,2022-01-02T01:55:41,28.96221,-89.37622,0.0,229.4,511.0,CAPT WEBSTER,,WDF4843,31,0,19,7,,31,A
367456430,2022-01-02T01:52:01,28.96219,-89.37623,0.0,233.4,511.0,CAPT WEBSTER,,WDF4843,31,0,19,7,,31,A
367456430,2022-01-02T00:53:31,28.96219,-89.37620,0.0,225.4,511.0,CAPT WEBSTER,,WDF4843,31,0,19,7,,31,A
367456430,2022-01-02T01:56:51,28.96220,-89.37622,0.0,237.1,511.0,CAPT WEBSTER,,WDF4843,31,0,19,7,,31,A
367456430,2022-01-02T01:53:10,28.96220,-89.37623,0.0,233.2,511.0,CAPT WEBSTER,,WDF4843,31,0,19,7,,31,A
367456430,2022-01-02T01:59:21,28.96221,-89.37622,0.0,243.9,511.0,CAPT WEBSTER,,WDF4843,31,0,19,7,,31,A
367456430,2022-01-02T01:58:10,28.96221,-89.37622,0.0,242.5,511.0,CAPT WEBSTER,,WDF4843,31,0,19,7,,31,A
367456430,2022-01-02T02:02:21,28.96220,-89.37620,0.0,255.2,511.0,CAPT WEBSTER,,WDF4843,31,0,19,7,,31,A
367456430,2022-01-02T02:04:41,28.96217,-89.37621,0.0,258.3,511.0,CAPT WEBSTER,,WDF4843,31,0,19,7,,31,A
367456430,2022-01-02T02:05:51,28.96218,-89.37621,0.0,261.5,511.0,CAPT WEBSTER,,WDF4843,31,0,19,7,,31,A
367456430,2022-01-02T02:00:02,28.96220,-89.37622,0.0,242.9,511.0,CAPT WEBSTER,,WDF4843,31,0,19,7,,31,A
367456430,2022-01-02T02:03:31,28.96218,-89.37620,0.0,255.5,511.0,CAPT WEBSTER,,WDF4843,31,0,19,7,,31,A
367456430,2022-01-02T02:14:42,28.96219,-89.37623,0.0,305.4,511.0,CAPT WEBSTER,,WDF4843,31,0,19,7,,31,A
367456430,2022-01-02T02:13:30,28.96219,-89.37622,0.0,303.3,511.0,CAPT WEBSTER,,WDF4843,31,0,19,7,,31,A
367456430,2022-01-02T02:07:01,28.96220,-89.37623,0.0,265.4,511.0,CAPT WEBSTER,,WDF4843,31,0,19,7,,31,A
367456430,2022-01-02T02:10:50,28.96220,-89.37622,0.0,294.5,511.0,CAPT WEBSTER,,WDF4843,31,0,19,7,,31,A
367456430,2022-01-02T02:08:11,28.96219,-89.37622,0.0,273.9,511.0,CAPT WEBSTER,,WDF4843,31,0,19,7,,31,A
367456430,2022-01-02T02:19:31,28.96221,-89.37621,0.0,289.6,511.0,CAPT WEBSTER,,WDF4843,31,0,19,7,,31,A
367456430,2022-01-02T02:18:20,28.96219,-89.37620,0.0,292.0,511.0,CAPT WEBSTER,,WDF4843,31,0,19,7,,31,A
367456430,2022-01-02T02:12:20,28.96220,-89.37621,0.0,299.0,511.0,CAPT WEBSTER,,WDF4843,31,0,19,7,,31,A
367456430,2022-01-02T02:22:00,28.96220,-89.37619,0.0,288.9,511.0,CAPT WEBSTER,,WDF4843,31,0,19,7,,31,A
367456430,2022-01-02T02:15:50,28.96221,-89.37621,0.0,300.6,511.0,CAPT WEBSTER,,WDF4843,31,0,19,7,,31,A
367456430,2022-01-02T02:25:21,28.96220,-89.37621,0.0,293.6,511.0,CAPT WEBSTER,,WDF4843,31,0,19,7,,31,A
367456430,2022-01-02T02:27:41,28.96218,-89.37619,0.0,290.4,511.0,CAPT WEBSTER,,WDF4843,31,0,19,7,,31,A
367456430,2022-01-02T02:26:32,28.96217,-89.37621,0.0,293.3,511.0,CAPT WEBSTER,,WDF4843,31,0,19,7,,31,A
367456430,2022-01-02T02:30:01,28.96220,-89.37623,0.0,279.5,511.0,CAPT WEBSTER,,WDF4843,31,0,19,7,,31,A
367456430,2022-01-02T02:24:20,28.96217,-89.37623,0.0,291.6,511.0,CAPT WEBSTER,,WDF4843,31,0,19,7,,31,A
367456430,2022-01-02T02:20:42,28.96221,-89.37622,0.0,288.1,511.0,CAPT WEBSTER,,WDF4843,31,0,19,7,,31,A
367456430,2022-01-02T02:31:02,28.96219,-89.37619,0.0,273.0,511.0,CAPT WEBSTER,,WDF4843,31,0,19,7,,31,A
367456430,2022-01-02T02:23:12,28.96217,-89.37618,0.0,288.0,511.0,CAPT WEBSTER,,WDF4843,31,0,19,7,,31,A
367456430,2022-01-02T01:09:31,28.96219,-89.37622,0.0,212.0,511.0,CAPT WEBSTER,,WDF4843,31,0,19,7,,31,A
367456430,2022-01-02T02:32:10,28.96219,-89.37621,0.0,272.9,511.0,CAPT WEBSTER,,WDF4843,31,0,19,7,,31,A
367456430,2022-01-02T02:28:51,28.96219,-89.37621,0.0,287.2,511.0,CAPT WEBSTER,,WDF4843,31,0,19,7,,31,A
367456430,2022-01-02T02:35:41,28.96218,-89.37619,0.0,273.0,511.0,CAPT WEBSTER,,WDF4843,31,0,19,7,,31,A
367456430,2022-01-02T02:33:21,28.96215,-89.37619,0.0,272.2,511.0,CAPT WEBSTER,,WDF4843,31,0,19,7,,31,A
367456430,2022-01-02T02:36:50,28.96217,-89.37619,0.0,271.3,511.0,CAPT WEBSTER,,WDF4843,31,0,19,7,,31,A
367456430,2022-01-02T02:41:52,28.96220,-89.37620,0.0,270.9,511.0,CAPT WEBSTER,,WDF4843,31,0,19,7,,31,A
367456430,2022-01-02T02:34:40,28.96218,-89.37619,0.0,274.7,511.0,CAPT WEBSTER,,WDF4843,31,0,19,7,,31,A
367456430,2022-01-02T02:39:10,28.96221,-89.37619,0.0,271.2,511.0,CAPT WEBSTER,,WDF4843,31,0,19,7,,31,A
367456430,2022-01-02T02:40:32,28.96220,-89.37619,0.0,271.6,511.0,CAPT WEBSTER,,WDF4843,31,0,19,7,,31,A
367456430,2022-01-02T02:38:02,28.96219,-89.37619,0.0,271.7,511.0,CAPT WEBSTER,,WDF4843,31,0,19,7,,31,A
367456430,2022-01-02T02:44:11,28.96219,-89.37620,0.0,270.4,511.0,CAPT WEBSTER,,WDF4843,31,0,19,7,,31,A
367456430,2022-01-02T02:45:22,28.96219,-89.37620,0.0,270.0,511.0,CAPT WEBSTER,,WDF4843,31,0,19,7,,31,A
367456430,2022-01-02T02:43:01,28.96220,-89.37620,0.0,271.3,511.0,CAPT WEBSTER,,WDF4843,31,0,19,7,,31,A
367456430,2022-01-02T02:46:30,28.96221,-89.37621,0.0,268.6,511.0,CAPT WEBSTER,,WDF4843,31,0,19,7,,31,A
367456430,2022-01-02T02:55:52,28.96221,-89.37620,0.0,285.4,511.0,CAPT WEBSTER,,WDF4843,31,0,19,7,,31,A
367456430,2022-01-02T02:57:11,28.96220,-89.37619,0.0,287.1,511.0,CAPT WEBSTER,,WDF4843,31,0,19,7,,31,A
367456430,2022-01-02T02:51:10,28.96219,-89.37620,0.0,279.2,511.0,CAPT WEBSTER,,WDF4843,31,0,19,7,,31,A
367456430,2022-01-02T02:47:41,28.96220,-89.37621,0.0,267.6,511.0,CAPT WEBSTER,,WDF4843,31,0,19,7,,31,A
367456430,2022-01-02T01:20:21,28.96220,-89.37620,0.0,213.9,511.0,CAPT WEBSTER,,WDF4843,31,0,19,7,,31,A
367456430,2022-01-02T02:50:02,28.96220,-89.37620,0.0,272.1,511.0,CAPT WEBSTER,,WDF4843,31,0,19,7,,31,A
367456430,2022-01-02T02:58:21,28.96220,-89.37619,0.0,290.3,511.0,CAPT WEBSTER,,WDF4843,31,0,19,7,,31,A
367456430,2022-01-02T02:53:32,28.96219,-89.37621,0.0,276.9,511.0,CAPT WEBSTER,,WDF4843,31,0,19,7,,31,A
367456430,2022-01-02T01:22:51,28.96216,-89.37623,0.0,216.8,511.0,CAPT WEBSTER,,WDF4843,31,0,19,7,,31,A
367456430,2022-01-02T02:52:21,28.96217,-89.37623,0.0,277.2,511.0,CAPT WEBSTER,,WDF4843,31,0,19,7,,31,A
367456430,2022-01-02T02:54:41,28.96220,-89.37620,0.0,282.3,511.0,CAPT WEBSTER,,WDF4843,31,0,19,7,,31,A
367456430,2022-01-02T03:05:10,28.96219,-89.37616,0.0,302.3,511.0,CAPT WEBSTER,,WDF4843,31,0,19,7,,31,A
367456430,2022-01-02T03:07:41,28.96220,-89.37619,0.0,300.5,511.0,CAPT WEBSTER,,WDF4843,31,0,19,7,,31,A
367456430,2022-01-02T03:00:11,28.96221,-89.37621,0.0,293.1,511.0,CAPT WEBSTER,,WDF4843,31,0,19,7,,31,A
367456430,2022-01-02T02:59:42,28.96221,-89.37620,0.0,291.9,511.0,CAPT WEBSTER,,WDF4843,31,0,19,7,,31,A
367456430,2022-01-02T03:11:12,28.96219,-89.37621,0.0,304.4,511.0,CAPT WEBSTER,,WDF4843,31,0,19,7,,31,A
367456430,2022-01-02T03:06:22,28.96220,-89.37617,0.0,301.3,511.0,CAPT WEBSTER,,WDF4843,31,0,19,7,,31,A
367456430,2022-01-02T03:15:31,28.96220,-89.37620,0.0,304.9,511.0,CAPT WEBSTER,,WDF4843,31,0,19,7,,31,A
367456430,2022-01-02T03:08:42,28.96218,-89.37620,0.0,300.6,511.0,CAPT WEBSTER,,WDF4843,31,0,19,7,,31,A
367456430,2022-01-02T03:04:01,28.96218,-89.37620,0.0,298.1,511.0,CAPT WEBSTER,,WDF4843,31,0,19,7,,31,A
367456430,2022-01-02T03:09:51,28.96218,-89.37619,0.0,303.0,511.0,CAPT WEBSTER,,WDF4843,31,0,19,7,,31,A
367456430,2022-01-02T03:14:12,28.96221,-89.37619,0.0,304.4,511.0,CAPT WEBSTER,,WDF4843,31,0,19,7,,31,A
367456430,2022-01-02T03:20:02,28.96219,-89.37620,0.0,311.6,511.0,CAPT WEBSTER,,WDF4843,31,0,19,7,,31,A
367456430,2022-01-02T03:21:11,28.96220,-89.37619,0.0,313.4,511.0,CAPT WEBSTER,,WDF4843,31,0,19,7,,31,A
367456430,2022-01-02T03:12:42,28.96220,-89.37619,0.0,306.1,511.0,CAPT WEBSTER,,WDF4843,31,0,19,7,,31,A
367456430,2022-01-02T03:16:40,28.96220,-89.37621,0.0,307.7,511.0,CAPT WEBSTER,,WDF4843,31,0,19,7,,31,A
367456430,2022-01-02T03:26:01,28.96219,-89.37623,0.0,286.5,511.0,CAPT WEBSTER,,WDF4843,31,0,19,7,,31,A
367456430,2022-01-02T03:19:01,28.96220,-89.37620,0.0,309.1,511.0,CAPT WEBSTER,,WDF4843,31,0,19,7,,31,A
367456430,2022-01-02T03:28:12,28.96220,-89.37620,0.0,269.5,511.0,CAPT WEBSTER,,WDF4843,31,0,19,7,,31,A
367456430,2022-01-02T03:27:11,28.96222,-89.37620,0.0,284.9,511.0,CAPT WEBSTER,,WDF4843,31,0,19,7,,31,A
367456430,2022-01-02T03:22:21,28.96220,-89.37619,0.0,303.5,511.0,CAPT WEBSTER,,WDF4843,31,0,19,7,,31,A
367456430,2022-01-02T03:24:52,28.96219,-89.37620,0.0,285.9,511.0,CAPT WEBSTER,,WDF4843,31,0,19,7,,31,A
367456430,2022-01-02T03:30:52,28.96218,-89.37619,0.0,248.0,511.0,CAPT WEBSTER,,WDF4843,31,0,19,7,,31,A
367456430,2022-01-02T03:29:21,28.96220,-89.37616,0.0,258.4,511.0,CAPT WEBSTER,,WDF4843,31,0,19,7,,31,A
367456430,2022-01-02T03:40:31,28.96222,-89.37622,0.0,253.6,511.0,CAPT WEBSTER,,WDF4843,31,0,19,7,,31,A
367456430,2022-01-02T03:42:42,28.96220,-89.37621,0.0,253.3,511.0,CAPT WEBSTER,,WDF4843,31,0,19,7,,31,A
367456430,2022-01-02T03:38:11,28.96223,-89.37627,0.0,255.9,511.0,CAPT WEBSTER,,WDF4843,31,0,19,7,,31,A
367456430,2022-01-02T03:32:00,28.96220,-89.37620,0.0,245.9,511.0,CAPT WEBSTER,,WDF4843,31,0,19,7,,31,A
367456430,2022-01-02T03:34:51,28.96222,-89.37622,0.0,247.6,511.0,CAPT WEBSTER,,WDF4843,31,0,19,7,,31,A
367456430,2022-01-02T03:33:12,28.96219,-89.37618,0.0,242.4,511.0,CAPT WEBSTER,,WDF4843,31,0,19,7,,31,A
367456430,2022-01-02T03:37:02,28.96221,-89.37625,0.0,252.6,511.0,CAPT WEBSTER,,WDF4843,31,0,19,7,,31,A
367456430,2022-01-02T03:43:50,28.96220,-89.37620,0.0,253.5,511.0,CAPT WEBSTER,,WDF4843,31,0,19,7,,31,A
367456430,2022-01-02T03:36:00,28.96221,-89.37623,0.0,250.0,511.0,CAPT WEBSTER,,WDF4843,31,0,19,7,,31,A
367456430,2022-01-02T03:50:41,28.96222,-89.37623,0.0,254.8,511.0,CAPT WEBSTER,,WDF4843,31,0,19,7,,31,A
367456430,2022-01-02T03:41:40,28.96221,-89.37623,0.0,254.6,511.0,CAPT WEBSTER,,WDF4843,31,0,19,7,,31,A
367456430,2022-01-02T03:39:21,28.96222,-89.37623,0.0,254.2,511.0,CAPT WEBSTER,,WDF4843,31,0,19,7,,31,A
367456430,2022-01-02T03:46:10,28.96221,-89.37621,0.0,257.8,511.0,CAPT WEBSTER,,WDF4843,31,0,19,7,,31,A
367456430,2022-01-02T03:49:40,28.96222,-89.37622,0.0,257.6,511.0,CAPT WEBSTER,,WDF4843,31,0,19,7,,31,A
367456430,2022-01-02T03:55:22,28.96220,-89.37621,0.0,247.0,511.0,CAPT WEBSTER,,WDF4843,31,0,19,7,,31,A
367456430,2022-01-02T03:53:00,28.96221,-89.37622,0.0,249.0,511.0,CAPT WEBSTER,,WDF4843,31,0,19,7,,31,A
367456430,2022-01-02T03:47:22,28.96222,-89.37622,0.0,256.2,511.0,CAPT WEBSTER,,WDF4843,31,0,19,7,,31,A
367456430,2022-01-02T03:48:32,28.96222,-89.37622,0.0,255.8,511.0,CAPT WEBSTER,,WDF4843,31,0,19,7,,31,A
367456430,2022-01-02T03:56:32,28.96220,-89.37621,0.0,248.2,511.0,CAPT WEBSTER,,WDF4843,31,0,19,7,,31,A
367456430,2022-01-02T03:57:41,28.96224,-89.37625,0.0,242.6,511.0,CAPT WEBSTER,,WDF4843,31,0,19,7,,31,A
367456430,2022-01-02T03:45:00,28.96220,-89.37621,0.0,258.9,511.0,CAPT WEBSTER,,WDF4843,31,0,19,7,,31,A
367456430,2022-01-02T03:51:51,28.96223,-89.37622,0.0,252.3,511.0,CAPT WEBSTER,,WDF4843,31,0,19,7,,31,A
367456430,2022-01-02T03:58:51,28.96222,-89.37621,0.0,243.0,511.0,CAPT WEBSTER,,WDF4843,31,0,19,7,,31,A
367456430,2022-01-02T04:00:10,28.96221,-89.37623,0.0,245.7,511.0,CAPT WEBSTER,,WDF4843,31,0,19,7,,31,A
367456430,2022-01-02T04:05:11,28.96219,-89.37624,0.0,252.5,511.0,CAPT WEBSTER,,WDF4843,31,0,19,7,,31,A
367456430,2022-01-02T02:01:11,28.96219,-89.37621,0.0,255.2,511.0,CAPT WEBSTER,,WDF4843,31,0,19,7,,31,A
367456430,2022-01-02T03:54:10,28.96218,-89.37620,0.0,245.9,511.0,CAPT WEBSTER,,WDF4843,31,0,19,7,,31,A
367456430,2022-01-02T04:02:41,28.96220,-89.37622,0.0,248.4,511.0,CAPT WEBSTER,,WDF4843,31,0,19,7,,31,A
367456430,2022-01-02T04:08:41,28.96221,-89.37623,0.0,251.4,511.0,CAPT WEBSTER,,WDF4843,31,0,19,7,,31,A
367456430,2022-01-02T04:12:01,28.96226,-89.37627,0.0,238.0,511.0,CAPT WEBSTER,,WDF4843,31,0,19,7,,31,A
367456430,2022-01-02T04:14:12,28.96221,-89.37622,0.0,242.0,511.0,CAPT WEBSTER,,WDF4843,31,0,19,7,,31,A
367456430,2022-01-02T04:15:21,28.96222,-89.37623,0.0,247.8,511.0,CAPT WEBSTER,,WDF4843,31,0,19,7,,31,A
367456430,2022-01-02T04:16:32,28.96218,-89.37622,0.0,251.0,511.0,CAPT WEBSTER,,WDF4843,31,0,19,7,,31,A
367456430,2022-01-02T04:07:30,28.96221,-89.37618,0.0,254.3,511.0,CAPT WEBSTER,,WDF4843,31,0,19,7,,31,A
367456430,2022-01-02T04:01:22,28.96221,-89.37621,0.0,244.2,511.0,CAPT WEBSTER,,WDF4843,31,0,19,7,,31,A
367456430,2022-01-02T04:11:00,28.96220,-89.37624,0.0,235.2,511.0,CAPT WEBSTER,,WDF4843,31,0,19,7,,31,A
367456430,2022-01-02T04:22:12,28.96220,-89.37621,0.0,262.4,511.0,CAPT WEBSTER,,WDF4843,31,0,19,7,,31,A
367456430,2022-01-02T04:06:21,28.96219,-89.37622,0.0,252.1,511.0,CAPT WEBSTER,,WDF4843,31,0,19,7,,31,A
367456430,2022-01-02T04:09:51,28.96220,-89.37622,0.0,236.7,511.0,CAPT WEBSTER,,WDF4843,31,0,19,7,,31,A
367456430,2022-01-02T04:30:00,28.96222,-89.37621,0.0,242.7,511.0,CAPT WEBSTER,,WDF4843,31,0,19,7,,31,A
367456430,2022-01-02T04:31:02,28.96219,-89.37619,0.0,238.7,511.0,CAPT WEBSTER,,WDF4843,31,0,19,7,,31,A
367456430,2022-01-02T04:20:01,28.96220,-89.37623,0.0,264.2,511.0,CAPT WEBSTER,,WDF4843,31,0,19,7,,31,A
367456430,2022-01-02T04:32:12,28.96219,-89.37620,0.0,233.6,511.0,CAPT WEBSTER,,WDF4843,31,0,19,7,,31,A
367456430,2022-01-02T04:28:52,28.96221,-89.37620,0.0,248.3,511.0,CAPT WEBSTER,,WDF4843,31,0,19,7,,31,A
367456430,2022-01-02T02:09:40,28.96219,-89.37621,0.0,286.3,511.0,CAPT WEBSTER,,WDF4843,31,0,19,7,,31,A
367456430,2022-01-02T04:25:31,28.96220,-89.37620,0.0,252.4,511.0,CAPT WEBSTER,,WDF4843,31,0,19,7,,31,A
367456430,2022-01-02T04:26:42,28.96220,-89.37620,0.0,257.7,511.0,CAPT WEBSTER,,WDF4843,31,0,19,7,,31,A
367456430,2022-01-02T04:39:32,28.96219,-89.37621,0.0,225.6,511.0,CAPT WEBSTER,,WDF4843,31,0,19,7,,31,A
367456430,2022-01-02T04:27:51,28.96222,-89.37621,0.0,255.9,511.0,CAPT WEBSTER,,WDF4843,31,0,19,7,,31,A
367456430,2022-01-02T04:24:22,28.96222,-89.37622,0.0,254.4,511.0,CAPT WEBSTER,,WDF4843,31,0,19,7,,31,A
367456430,2022-01-02T04:40:42,28.96219,-89.37619,0.0,227.1,511.0,CAPT WEBSTER,,WDF4843,31,0,19,7,,31,A
367456430,2022-01-02T04:33:22,28.96215,-89.37619,0.0,225.6,511.0,CAPT WEBSTER,,WDF4843,31,0,19,7,,31,A
367456430,2022-01-02T04:34:32,28.96220,-89.37621,0.0,221.4,511.0,CAPT WEBSTER,,WDF4843,31,0,19,7,,31,A
367456430,2022-01-02T04:45:21,28.96220,-89.37620,0.0,237.1,511.0,CAPT WEBSTER,,WDF4843,31,0,19,7,,31,A
367456430,2022-01-02T04:35:40,28.96218,-89.37621,0.0,219.3,511.0,CAPT WEBSTER,,WDF4843,31,0,19,7,,31,A
367456430,2022-01-02T02:17:11,28.96221,-89.37620,0.0,294.6,511.0,CAPT WEBSTER,,WDF4843,31,0,19,7,,31,A
367456430,2022-01-02T04:36:41,28.96219,-89.37622,0.0,218.6,511.0,CAPT WEBSTER,,WDF4843,31,0,19,7,,31,A
367456430,2022-01-02T04:37:51,28.96221,-89.37623,0.0,218.3,511.0,CAPT WEBSTER,,WDF4843,31,0,19,7,,31,A
367456430,2022-01-02T04:47:41,28.96222,-89.37621,0.0,237.6,511.0,CAPT WEBSTER,,WDF4843,31,0,19,7,,31,A
367456430,2022-01-02T04:48:52,28.96222,-89.37621,0.0,244.5,511.0,CAPT WEBSTER,,WDF4843,31,0,19,7,,31,A
367456430,2022-01-02T04:43:00,28.96220,-89.37622,0.0,228.6,511.0,CAPT WEBSTER,,WDF4843,31,0,19,7,,31,A
367456430,2022-01-02T04:54:50,28.96220,-89.37620,0.0,246.8,511.0,CAPT WEBSTER,,WDF4843,31,0,19,7,,31,A
367456430,2022-01-02T04:57:21,28.96224,-89.37625,0.0,269.0,511.0,CAPT WEBSTER,,WDF4843,31,0,19,7,,31,A
367456430,2022-01-02T04:58:32,28.96221,-89.37624,0.0,271.9,511.0,CAPT WEBSTER,,WDF4843,31,0,19,7,,31,A
367456430,2022-01-02T04:44:10,28.96221,-89.37620,0.0,227.7,511.0,CAPT WEBSTER,,WDF4843,31,0,19,7,,31,A
367456430,2022-01-02T05:01:21,28.96222,-89.37621,0.0,276.8,511.0,CAPT WEBSTER,,WDF4843,31,0,19,7,,31,A
367456430,2022-01-02T04:50:01,28.96222,-89.37622,0.0,247.0,511.0,CAPT WEBSTER,,WDF4843,31,0,19,7,,31,A
367456430,2022-01-02T05:05:31,28.96220,-89.37622,0.0,278.7,511.0,CAPT WEBSTER,,WDF4843,31,0,19,7,,31,A
367456430,2022-01-02T04:53:21,28.96221,-89.37623,0.0,248.1,511.0,CAPT WEBSTER,,WDF4843,31,0,19,7,,31,A
367456430,2022-01-02T04:51:10,28.96221,-89.37620,0.0,243.9,511.0,CAPT WEBSTER,,WDF4843,31,0,19,7,,31,A
367456430,2022-01-02T05:07:50,28.96221,-89.37622,0.0,282.4,511.0,CAPT WEBSTER,,WDF4843,31,0,19,7,,31,A
367456430,2022-01-02T05:08:51,28.96222,-89.37623,0.0,295.7,511.0,CAPT WEBSTER,,WDF4843,31,0,19,7,,31,A
367456430,2022-01-02T04:56:01,28.96221,-89.37624,0.0,258.7,511.0,CAPT WEBSTER,,WDF4843,31,0,19,7,,31,A
367456430,2022-01-02T04:52:11,28.96219,-89.37621,0.0,244.1,511.0,CAPT WEBSTER,,WDF4843,31,0,19,7,,31,A
367456430,2022-01-02T04:59:41,28.96221,-89.37623,0.0,272.5,511.0,CAPT WEBSTER,,WDF4843,31,0,19,7,,31,A
367456430,2022-01-02T05:14:32,28.96216,-89.37620,0.0,277.7,511.0,CAPT WEBSTER,,WDF4843,31,0,19,7,,31,A
367456430,2022-01-02T05:16:51,28.96217,-89.37620,0.0,269.5,511.0,CAPT WEBSTER,,WDF4843,31,0,19,7,,31,A
367456430,2022-01-02T05:15:40,28.96218,-89.37621,0.0,270.5,511.0,CAPT WEBSTER,,WDF4843,31,0,19,7,,31,A
367456430,2022-01-02T05:18:02,28.96218,-89.37620,0.0,257.3,511.0,CAPT WEBSTER,,WDF4843,31,0,19,7,,31,A
367456430,2022-01-02T05:00:01,28.96222,-89.37623,0.0,274.3,511.0,CAPT WEBSTER,,WDF4843,31,0,19,7,,31,A
367456430,2022-01-02T05:04:21,28.96220,-89.37623,0.0,273.2,511.0,CAPT WEBSTER,,WDF4843,31,0,19,7,,31,A
367456430,2022-01-02T05:12:21,28.96220,-89.37622,0.0,307.3,511.0,CAPT WEBSTER,,WDF4843,31,0,19,7,,31,A
367456430,2022-01-02T05:19:12,28.96218,-89.37620,0.0,254.8,511.0,CAPT WEBSTER,,WDF4843,31,0,19,7,,31,A
367456430,2022-01-02T05:03:11,28.96221,-89.37622,0.0,273.8,511.0,CAPT WEBSTER,,WDF4843,31,0,19,7,,31,A
367456430,2022-01-02T05:10:00,28.96217,-89.37622,0.0,293.2,511.0,CAPT WEBSTER,,WDF4843,31,0,19,7,,31,A
367456430,2022-01-02T05:11:12,28.96221,-89.37622,0.0,300.9,511.0,CAPT WEBSTER,,WDF4843,31,0,19,7,,31,A
367456430,2022-01-02T05:33:12,28.96217,-89.37622,0.0,222.5,511.0,CAPT WEBSTER,,WDF4843,31,0,19,7,,31,A
367456430,2022-01-02T05:27:12,28.96219,-89.37621,0.0,238.2,511.0,CAPT WEBSTER,,WDF4843,31,0,19,7,,31,A
367456430,2022-01-02T05:20:21,28.96217,-89.37620,0.0,240.1,511.0,CAPT WEBSTER,,WDF4843,31,0,19,7,,31,A
367456430,2022-01-02T05:34:20,28.96217,-89.37620,0.0,229.7,511.0,CAPT WEBSTER,,WDF4843,31,0,19,7,,31,A
367456430,2022-01-02T05:22:42,28.96219,-89.37621,0.0,230.7,511.0,CAPT WEBSTER,,WDF4843,31,0,19,7,,31,A
367456430,2022-01-02T05:39:31,28.96216,-89.37619,0.0,237.9,511.0,CAPT WEBSTER,,WDF4843,31,0,19,7,,31,A
367456430,2022-01-02T05:32:01,28.96217,-89.37622,0.0,223.1,511.0,CAPT WEBSTER,,WDF4843,31,0,19,7,,31,A
367456430,2022-01-02T05:21:31,28.96217,-89.37620,0.0,229.8,511.0,CAPT WEBSTER,,WDF4843,31,0,19,7,,31,A
367456430,2022-01-02T05:38:22,28.96219,-89.37620,0.0,239.0,511.0,CAPT WEBSTER,,WDF4843,31,0,19,7,,31,A
367456430,2022-01-02T05:43:02,28.96219,-89.37622,0.0,253.8,511.0,CAPT WEBSTER,,WDF4843,31,0,19,7,,31,A
367456430,2022-01-02T05:44:11,28.96220,-89.37620,0.0,258.3,511.0,CAPT WEBSTER,,WDF4843,31,0,19,7,,31,A
367456430,2022-01-02T05:40:41,28.96221,-89.37620,0.0,247.9,511.0,CAPT WEBSTER,,WDF4843,31,0,19,7,,31,A
367456430,2022-01-02T05:26:11,28.96220,-89.37621,0.0,233.4,511.0,CAPT WEBSTER,,WDF4843,31,0,19,7,,31,A
367456430,2022-01-02T05:37:02,28.96216,-89.37618,0.0,245.5,511.0,CAPT WEBSTER,,WDF4843,31,0,19,7,,31,A
367456430,2022-01-02T05:25:01,28.96219,-89.37620,0.0,230.5,511.0,CAPT WEBSTER,,WDF4843,31,0,19,7,,31,A
367456430,2022-01-02T05:29:40,28.96215,-89.37619,0.0,211.8,511.0,CAPT WEBSTER,,WDF4843,31,0,19,7,,31,A
367456430,2022-01-02T05:30:52,28.96218,-89.37622,0.0,218.2,511.0,CAPT WEBSTER,,WDF4843,31,0,19,7,,31,A
367456430,2022-01-02T05:45:22,28.96219,-89.37621,0.0,265.2,511.0,CAPT WEBSTER,,WDF4843,31,0,19,7,,31,A
367456430,2022-01-02T05:47:41,28.96221,-89.37619,0.0,288.8,511.0,CAPT WEBSTER,,WDF4843,31,0,19,7,,31,A
367456430,2022-01-02T05:53:40,28.96221,-89.37624,0.0,276.4,511.0,CAPT WEBSTER,,WDF4843,31,0,19,7,,31,A
367456430,2022-01-02T05:48:51,28.96222,-89.37620,0.0,299.4,511.0,CAPT WEBSTER,,WDF4843,31,0,19,7,,31,A
367456430,2022-01-02T05:54:51,28.96220,-89.37622,0.0,271.2,511.0,CAPT WEBSTER,,WDF4843,31,0,19,7,,31,A
367456430,2022-01-02T02:48:52,28.96221,-89.37622,0.0,270.1,511.0,CAPT WEBSTER,,WDF4843,31,0,19,7,,31,A
367456430,2022-01-02T05:57:11,28.96219,-89.37620,0.0,267.3,511.0,CAPT WEBSTER,,WDF4843,31,0,19,7,,31,A
367456430,2022-01-02T05:41:50,28.96221,-89.37619,0.0,253.9,511.0,CAPT WEBSTER,,WDF4843,31,0,19,7,,31,A
367456430,2022-01-02T05:46:30,28.96221,-89.37619,0.0,284.9,511.0,CAPT WEBSTER,,WDF4843,31,0,19,7,,31,A
367456430,2022-01-02T05:51:22,28.96221,-89.37622,0.0,285.2,511.0,CAPT WEBSTER,,WDF4843,31,0,19,7,,31,A
367456430,2022-01-02T06:08:20,28.96219,-89.37623,0.0,277.5,511.0,CAPT WEBSTER,,WDF4843,31,0,19,7,,31,A
367456430,2022-01-02T06:16:52,28.96224,-89.37621,0.0,288.7,511.0,CAPT WEBSTER,,WDF4843,31,0,19,7,,31,A
367456430,2022-01-02T05:56:02,28.96220,-89.37622,0.0,268.1,511.0,CAPT WEBSTER,,WDF4843,31,0,19,7,,31,A
367456430,2022-01-02T06:10:41,28.96219,-89.37622,0.0,276.2,511.0,CAPT WEBSTER,,WDF4843,31,0,19,7,,31,A
367456430,2022-01-02T06:00:02,28.96215,-89.37625,0.0,271.2,511.0,CAPT WEBSTER,,WDF4843,31,0,19,7,,31,A
367456430,2022-01-02T06:19:11,28.96222,-89.37619,0.0,292.6,511.0,CAPT WEBSTER,,WDF4843,31,0,19,7,,31,A
367456430,2022-01-02T05:59:40,28.96217,-89.37623,0.0,272.2,511.0,CAPT WEBSTER,,WDF4843,31,0,19,7,,31,A
367456430,2022-01-02T06:03:31,28.96219,-89.37620,0.0,278.7,511.0,CAPT WEBSTER,,WDF4843,31,0,19,7,,31,A
367456430,2022-01-02T06:02:21,28.96218,-89.37622,0.0,275.5,511.0,CAPT WEBSTER,,WDF4843,31,0,19,7,,31,A
367456430,2022-01-02T06:04:40,28.96219,-89.37620,0.0,277.3,511.0,CAPT WEBSTER,,WDF4843,31,0,19,7,,31,A
367456430,2022-01-02T06:27:20,28.96219,-89.37621,0.0,245.3,511.0,CAPT WEBSTER,,WDF4843,31,0,19,7,,31,A
367456430,2022-01-02T06:09:30,28.96219,-89.37622,0.0,279.2,511.0,CAPT WEBSTER,,WDF4843,31,0,19,7,,31,A
367456430,2022-01-02T06:05:52,28.96218,-89.37622,0.0,275.8,511.0,CAPT WEBSTER,,WDF4843,31,0,19,7,,31,A
367456430,2022-01-02T06:11:51,28.96221,-89.37622,0.0,276.6,511.0,CAPT WEBSTER,,WDF4843,31,0,19,7,,31,A
367456430,2022-01-02T06:30:51,28.96222,-89.37619,0.0,241.4,511.0,CAPT WEBSTER,,WDF4843,31,0,19,7,,31,A
367456430,2022-01-02T06:29:42,28.96221,-89.37619,0.0,241.7,511.0,CAPT WEBSTER,,WDF4843,31,0,19,7,,31,A
367456430,2022-01-02T06:14:30,28.96222,-89.37618,0.0,284.9,511.0,CAPT WEBSTER,,WDF4843,31,0,19,7,,31,A
367456430,2022-01-02T06:13:21,28.96223,-89.37620,0.0,282.5,511.0,CAPT WEBSTER,,WDF4843,31,0,19,7,,31,A
367456430,2022-01-02T03:01:41,28.96219,-89.37619,0.0,298.7,511.0,CAPT WEBSTER,,WDF4843,31,0,19,7,,31,A
367456430,2022-01-02T03:02:51,28.96218,-89.37617,0.0,297.7,511.0,CAPT WEBSTER,,WDF4843,31,0,19,7,,31,A
367456430,2022-01-02T06:15:41,28.96225,-89.37619,0.0,285.2,511.0,CAPT WEBSTER,,WDF4843,31,0,19,7,,31,A
367456430,2022-01-02T06:35:21,28.96222,-89.37621,0.0,243.2,511.0,CAPT WEBSTER,,WDF4843,31,0,19,7,,31,A
367456430,2022-01-02T06:38:50,28.96220,-89.37623,0.0,237.1,511.0,CAPT WEBSTER,,WDF4843,31,0,19,7,,31,A
367456430,2022-01-02T06:18:01,28.96223,-89.37623,0.0,291.7,511.0,CAPT WEBSTER,,WDF4843,31,0,19,7,,31,A
367456430,2022-01-02T06:20:21,28.96225,-89.37619,0.0,296.5,511.0,CAPT WEBSTER,,WDF4843,31,0,19,7,,31,A
367456430,2022-01-02T06:42:11,28.96219,-89.37622,0.0,235.2,511.0,CAPT WEBSTER,,WDF4843,31,0,19,7,,31,A
367456430,2022-01-02T06:21:32,28.96222,-89.37620,0.0,291.6,511.0,CAPT WEBSTER,,WDF4843,31,0,19,7,,31,A
367456430,2022-01-02T06:23:51,28.96221,-89.37621,0.0,263.9,511.0,CAPT WEBSTER,,WDF4843,31,0,19,7,,31,A
367456430,2022-01-02T06:41:00,28.96219,-89.37620,0.0,236.9,511.0,CAPT WEBSTER,,WDF4843,31,0,19,7,,31,A
367456430,2022-01-02T06:25:00,28.96220,-89.37620,0.0,255.7,511.0,CAPT WEBSTER,,WDF4843,31,0,19,7,,31,A
367456430,2022-01-02T06:26:10,28.96221,-89.37620,0.0,251.1,511.0,CAPT WEBSTER,,WDF4843,31,0,19,7,,31,A
367456430,2022-01-02T06:22:41,28.96222,-89.37619,0.0,275.1,511.0,CAPT WEBSTER,,WDF4843,31,0,19,7,,31,A
367456430,2022-01-02T06:44:41,28.96218,-89.37621,0.0,237.7,511.0,CAPT WEBSTER,,WDF4843,31,0,19,7,,31,A
367456430,2022-01-02T06:43:31,28.96217,-89.37622,0.0,234.6,511.0,CAPT WEBSTER,,WDF4843,31,0,19,7,,31,A
367456430,2022-01-02T06:45:50,28.96219,-89.37621,0.0,237.8,511.0,CAPT WEBSTER,,WDF4843,31,0,19,7,,31,A
367456430,2022-01-02T06:47:02,28.96219,-89.37618,0.0,233.0,511.0,CAPT WEBSTER,,WDF4843,31,0,19,7,,31,A
367456430,2022-01-02T06:49:21,28.96219,-89.37620,0.0,229.3,511.0,CAPT WEBSTER,,WDF4843,31,0,19,7,,31,A
367456430,2022-01-02T06:50:30,28.96219,-89.37620,0.0,228.6,511.0,CAPT WEBSTER,,WDF4843,31,0,19,7,,31,A
367456430,2022-01-02T06:28:31,28.96219,-89.37620,0.0,241.6,511.0,CAPT WEBSTER,,WDF4843,31,0,19,7,,31,A
367456430,2022-01-02T06:51:40,28.96220,-89.37623,0.0,229.1,511.0,CAPT WEBSTER,,WDF4843,31,0,19,7,,31,A
367456430,2022-01-02T06:32:01,28.96224,-89.37618,0.0,241.3,511.0,CAPT WEBSTER,,WDF4843,31,0,19,7,,31,A
367456430,2022-01-02T06:33:11,28.96220,-89.37623,0.0,240.5,511.0,CAPT WEBSTER,,WDF4843,31,0,19,7,,31,A
367456430,2022-01-02T06:57:31,28.96220,-89.37619,0.0,233.4,511.0,CAPT WEBSTER,,WDF4843,31,0,19,7,,31,A
367456430,2022-01-02T06:34:12,28.96219,-89.37621,0.0,242.4,511.0,CAPT WEBSTER,,WDF4843,31,0,19,7,,31,A
367456430,2022-01-02T03:17:51,28.96220,-89.37620,0.0,308.3,511.0,CAPT WEBSTER,,WDF4843,31,0,19,7,,31,A
367456430,2022-01-02T07:00:31,28.96220,-89.37621,0.0,231.4,511.0,CAPT WEBSTER,,WDF4843,31,0,19,7,,31,A
367456430,2022-01-02T06:59:10,28.96220,-89.37619,0.0,232.2,511.0,CAPT WEBSTER,,WDF4843,31,0,19,7,,31,A
367456430,2022-01-02T06:55:02,28.96220,-89.37622,0.0,232.7,511.0,CAPT WEBSTER,,WDF4843,31,0,19,7,,31,A
367456430,2022-01-02T06:36:32,28.96222,-89.37624,0.0,239.1,511.0,CAPT WEBSTER,,WDF4843,31,0,19,7,,31,A
367456430,2022-01-02T07:01:41,28.96220,-89.37623,0.0,232.9,511.0,CAPT WEBSTER,,WDF4843,31,0,19,7,,31,A
367456430,2022-01-02T06:39:52,28.96217,-89.37617,0.0,238.9,511.0,CAPT WEBSTER,,WDF4843,31,0,19,7,,31,A
367456430,2022-01-02T03:23:31,28.96219,-89.37617,0.0,293.8,511.0,CAPT WEBSTER,,WDF4843,31,0,19,7,,31,A
367456430,2022-01-02T07:13:42,28.96216,-89.37619,0.0,237.1,511.0,CAPT WEBSTER,,WDF4843,31,0,19,7,,31,A
367456430,2022-01-02T07:16:12,28.96219,-89.37623,0.0,234.4,511.0,CAPT WEBSTER,,WDF4843,31,0,19,7,,31,A
367456430,2022-01-02T06:53:51,28.96221,-89.37623,0.0,232.4,511.0,CAPT WEBSTER,,WDF4843,31,0,19,7,,31,A
367456430,2022-01-02T07:06:01,28.96230,-89.37633,0.0,243.5,511.0,CAPT WEBSTER,,WDF4843,31,0,19,7,,31,A
367456430,2022-01-02T06:52:42,28.96221,-89.37623,0.0,230.8,511.0,CAPT WEBSTER,,WDF4843,31,0,19,7,,31,A
367456430,2022-01-02T06:56:21,28.96221,-89.37621,0.0,230.2,511.0,CAPT WEBSTER,,WDF4843,31,0,19,7,,31,A
367456430,2022-01-02T07:22:02,28.96220,-89.37623,0.0,229.9,511.0,CAPT WEBSTER,,WDF4843,31,0,19,7,,31,A
367456430,2022-01-02T07:20:51,28.96221,-89.37623,0.0,221.6,511.0,CAPT WEBSTER,,WDF4843,31,0,19,7,,31,A
367456430,2022-01-02T07:14:50,28.96215,-89.37618,0.0,233.3,511.0,CAPT WEBSTER,,WDF4843,31,0,19,7,,31,A
367456430,2022-01-02T07:19:40,28.96220,-89.37620,0.0,224.5,511.0,CAPT WEBSTER,,WDF4843,31,0,19,7,,31,A
367456430,2022-01-02T07:26:31,28.96221,-89.37623,0.0,214.3,511.0,CAPT WEBSTER,,WDF4843,31,0,19,7,,31,A
367456430,2022-01-02T07:03:41,28.96224,-89.37630,0.0,235.9,511.0,CAPT WEBSTER,,WDF4843,31,0,19,7,,31,A
367456430,2022-01-02T07:29:01,28.96221,-89.37623,0.0,211.9,511.0,CAPT WEBSTER,,WDF4843,31,0,19,7,,31,A
367456430,2022-01-02T07:30:11,28.96220,-89.37623,0.0,212.0,511.0,CAPT WEBSTER,,WDF4843,31,0,19,7,,31,A
367456430,2022-01-02T07:04:51,28.96226,-89.37634,0.0,238.0,511.0,CAPT WEBSTER,,WDF4843,31,0,19,7,,31,A
367456430,2022-01-02T07:24:21,28.96221,-89.37623,0.0,221.9,511.0,CAPT WEBSTER,,WDF4843,31,0,19,7,,31,A
367456430,2022-01-02T07:25:30,28.96221,-89.37624,0.0,218.3,511.0,CAPT WEBSTER,,WDF4843,31,0,19,7,,31,A
367456430,2022-01-02T07:07:20,28.96226,-89.37634,0.0,251.0,511.0,CAPT WEBSTER,,WDF4843,31,0,19,7,,31,A
367456430,2022-01-02T07:33:40,28.96220,-89.37621,0.0,226.0,511.0,CAPT WEBSTER,,WDF4843,31,0,19,7,,31,A
367456430,2022-01-02T07:34:50,28.96219,-89.37621,0.0,229.4,511.0,CAPT WEBSTER,,WDF4843,31,0,19,7,,31,A
367456430,2022-01-02T07:27:51,28.96223,-89.37623,0.0,209.2,511.0,CAPT WEBSTER,,WDF4843,31,0,19,7,,31,A
367456430,2022-01-02T07:10:20,28.96222,-89.37620,0.0,242.9,511.0,CAPT WEBSTER,,WDF4843,31,0,19,7,,31,A
367456430,2022-01-02T07:11:50,28.96219,-89.37623,0.0,243.7,511.0,CAPT WEBSTER,,WDF4843,31,0,19,7,,31,A
367456430,2022-01-02T07:39:31,28.96222,-89.37623,0.0,251.0,511.0,CAPT WEBSTER,,WDF4843,31,0,19,7,,31,A
367456430,2022-01-02T07:31:21,28.96219,-89.37621,0.0,214.4,511.0,CAPT WEBSTER,,WDF4843,31,0,19,7,,31,A
367456430,2022-01-02T07:45:51,28.96221,-89.37623,0.0,241.6,511.0,CAPT WEBSTER,,WDF4843,31,0,19,7,,31,A
367456430,2022-01-02T07:36:01,28.96221,-89.37621,0.0,235.9,511.0,CAPT WEBSTER,,WDF4843,31,0,19,7,,31,A
367456430,2022-01-02T07:44:40,28.96221,-89.37622,0.0,246.2,511.0,CAPT WEBSTER,,WDF4843,31,0,19,7,,31,A
367456430,2022-01-02T07:32:31,28.96221,-89.37622,0.0,221.7,511.0,CAPT WEBSTER,,WDF4843,31,0,19,7,,31,A
367456430,2022-01-02T07:51:50,28.96222,-89.37623,0.0,228.0,511.0,CAPT WEBSTER,,WDF4843,31,0,19,7,,31,A
367456430,2022-01-02T07:17:20,28.96219,-89.37622,0.0,236.5,511.0,CAPT WEBSTER,,WDF4843,31,0,19,7,,31,A
367456430,2022-01-02T07:50:41,28.96220,-89.37622,0.0,230.9,511.0,CAPT WEBSTER,,WDF4843,31,0,19,7,,31,A
367456430,2022-01-02T07:47:11,28.96221,-89.37620,0.0,237.2,511.0,CAPT WEBSTER,,WDF4843,31,0,19,7,,31,A
367456430,2022-01-02T07:49:30,28.96219,-89.37621,0.0,226.0,511.0,CAPT WEBSTER,,WDF4843,31,0,19,7,,31,A
367456430,2022-01-02T07:43:31,28.96221,-89.37622,0.0,247.3,511.0,CAPT WEBSTER,,WDF4843,31,0,19,7,,31,A
367456430,2022-01-02T07:37:11,28.96220,-89.37621,0.0,244.1,511.0,CAPT WEBSTER,,WDF4843,31,0,19,7,,31,A
367456430,2022-01-02T07:57:42,28.96219,-89.37623,0.0,219.7,511.0,CAPT WEBSTER,,WDF4843,31,0,19,7,,31,A
367456430,2022-01-02T08:07:22,28.96218,-89.37621,0.0,194.4,511.0,CAPT WEBSTER,,WDF4843,31,0,19,7,,31,A
367456430,2022-01-02T07:40:41,28.96220,-89.37621,0.0,252.8,511.0,CAPT WEBSTER,,WDF4843,31,0,19,7,,31,A
367456430,2022-01-02T08:02:31,28.96221,-89.37621,0.0,210.5,511.0,CAPT WEBSTER,,WDF4843,31,0,19,7,,31,A
367456430,2022-01-02T07:48:12,28.96220,-89.37619,0.0,234.4,511.0,CAPT WEBSTER,,WDF4843,31,0,19,7,,31,A
367456430,2022-01-02T08:00:01,28.96219,-89.37622,0.0,216.3,511.0,CAPT WEBSTER,,WDF4843,31,0,19,7,,31,A
367456430,2022-01-02T08:01:22,28.96219,-89.37622,0.0,210.1,511.0,CAPT WEBSTER,,WDF4843,31,0,19,7,,31,A
367456430,2022-01-02T08:17:42,28.96221,-89.37615,0.0,204.2,511.0,CAPT WEBSTER,,WDF4843,31,0,19,7,,31,A
367456430,2022-01-02T07:52:52,28.96219,-89.37621,0.0,225.5,511.0,CAPT WEBSTER,,WDF4843,31,0,19,7,,31,A
367456430,2022-01-02T08:19:01,28.96221,-89.37623,0.0,212.5,511.0,CAPT WEBSTER,,WDF4843,31,0,19,7,,31,A
367456430,2022-01-02T07:58:52,28.96219,-89.37621,0.0,217.3,511.0,CAPT WEBSTER,,WDF4843,31,0,19,7,,31,A
367456430,2022-01-02T08:15:21,28.96221,-89.37620,0.0,200.7,511.0,CAPT WEBSTER,,WDF4843,31,0,19,7,,31,A
367456430,2022-01-02T08:03:51,28.96220,-89.37620,0.0,205.3,511.0,CAPT WEBSTER,,WDF4843,31,0,19,7,,31,A
367456430,2022-01-02T08:33:00,28.96219,-89.37616,0.0,229.0,511.0,CAPT WEBSTER,,WDF4843,31,0,19,7,,31,A
367456430,2022-01-02T08:21:21,28.96218,-89.37619,0.0,221.9,511.0,CAPT WEBSTER,,WDF4843,31,0,19,7,,31,A
367456430,2022-01-02T08:09:12,28.96218,-89.37620,0.0,196.3,511.0,CAPT WEBSTER,,WDF4843,31,0,19,7,,31,A
367456430,2022-01-02T08:27:31,28.96219,-89.37620,0.0,248.3,511.0,CAPT WEBSTER,,WDF4843,31,0,19,7,,31,A
367456430,2022-01-02T08:10:22,28.96218,-89.37621,0.0,196.3,511.0,CAPT WEBSTER,,WDF4843,31,0,19,7,,31,A
367456430,2022-01-02T08:11:32,28.96219,-89.37622,0.0,196.1,511.0,CAPT WEBSTER,,WDF4843,31,0,19,7,,31,A
367456430,2022-01-02T08:44:01,28.96218,-89.37617,0.0,264.3,511.0,CAPT WEBSTER,,WDF4843,31,0,19,7,,31,A
367456430,2022-01-02T08:14:11,28.96219,-89.37617,0.0,201.2,511.0,CAPT WEBSTER,,WDF4843,31,0,19,7,,31,A
367456430,2022-01-02T08:50:31,28.96221,-89.37621,0.0,277.8,511.0,CAPT WEBSTER,,WDF4843,31,0,19,7,,31,A
367456430,2022-01-02T08:36:01,28.96219,-89.37618,0.0,240.1,511.0,CAPT WEBSTER,,WDF4843,31,0,19,7,,31,A
367456430,2022-01-02T08:40:31,28.96218,-89.37620,0.0,259.4,511.0,CAPT WEBSTER,,WDF4843,31,0,19,7,,31,A
367456430,2022-01-02T08:41:41,28.96219,-89.37619,0.0,262.5,511.0,CAPT WEBSTER,,WDF4843,31,0,19,7,,31,A
367456430,2022-01-02T08:56:40,28.96221,-89.37622,0.0,309.3,511.0,CAPT WEBSTER,,WDF4843,31,0,19,7,,31,A
367456430,2022-01-02T08:24:51,28.96218,-89.37619,0.0,238.0,511.0,CAPT WEBSTER,,WDF4843,31,0,19,7,,31,A
367456430,2022-01-02T08:26:01,28.96221,-89.37623,0.0,241.9,511.0,CAPT WEBSTER,,WDF4843,31,0,19,7,,31,A
367456430,2022-01-02T08:47:41,28.96220,-89.37622,0.0,269.0,511.0,CAPT WEBSTER,,WDF4843,31,0,19,7,,31,A
367456430,2022-01-02T08:57:51,28.96222,-89.37623,0.0,312.1,511.0,CAPT WEBSTER,,WDF4843,31,0,19,7,,31,A
367456430,2022-01-02T09:03:31,28.96218,-89.37622,0.0,317.2,511.0,CAPT WEBSTER,,WDF4843,31,0,19,7,,31,A
367456430,2022-01-02T08:49:21,28.96220,-89.37620,0.0,274.0,511.0,CAPT WEBSTER,,WDF4843,31,0,19,7,,31,A
367456430,2022-01-02T08:46:21,28.96221,-89.37619,0.0,264.2,511.0,CAPT WEBSTER,,WDF4843,31,0,19,7,,31,A
367456430,2022-01-02T08:29:01,28.96219,-89.37623,0.0,240.0,511.0,CAPT WEBSTER,,WDF4843,31,0,19,7,,31,A
367456430,2022-01-02T08:34:31,28.96219,-89.37618,0.0,234.1,511.0,CAPT WEBSTER,,WDF4843,31,0,19,7,,31,A
367456430,2022-01-02T09:06:00,28.96216,-89.37619,0.0,290.6,511.0,CAPT WEBSTER,,WDF4843,31,0,19,7,,31,A
367456430,2022-01-02T09:10:40,28.96218,-89.37622,0.0,257.7,511.0,CAPT WEBSTER,,WDF4843,31,0,19,7,,31,A
367456430,2022-01-02T08:45:12,28.96219,-89.37618,0.0,266.8,511.0,CAPT WEBSTER,,WDF4843,31,0,19,7,,31,A
367456430,2022-01-02T09:13:01,28.96218,-89.37620,0.0,260.2,511.0,CAPT WEBSTER,,WDF4843,31,0,19,7,,31,A
367456430,2022-01-02T08:42:51,28.96219,-89.37619,0.0,262.4,511.0,CAPT WEBSTER,,WDF4843,31,0,19,7,,31,A
367456430,2022-01-02T04:03:52,28.96222,-89.37622,0.0,255.4,511.0,CAPT WEBSTER,,WDF4843,31,0,19,7,,31,A
367456430,2022-01-02T08:51:41,28.96220,-89.37622,0.0,283.9,511.0,CAPT WEBSTER,,WDF4843,31,0,19,7,,31,A
367456430,2022-01-02T09:23:30,28.96217,-89.37620,0.0,223.9,511.0,CAPT WEBSTER,,WDF4843,31,0,19,7,,31,A
367456430,2022-01-02T09:02:21,28.96219,-89.37622,0.0,325.7,511.0,CAPT WEBSTER,,WDF4843,31,0,19,7,,31,A
367456430,2022-01-02T09:04:42,28.96216,-89.37618,0.0,311.4,511.0,CAPT WEBSTER,,WDF4843,31,0,19,7,,31,A
367456430,2022-01-02T09:00:01,28.96222,-89.37620,0.0,318.4,511.0,CAPT WEBSTER,,WDF4843,31,0,19,7,,31,A
367456430,2022-01-02T08:52:51,28.96220,-89.37623,0.0,290.6,511.0,CAPT WEBSTER,,WDF4843,31,0,19,7,,31,A
367456430,2022-01-02T09:20:01,28.96217,-89.37619,0.0,233.6,511.0,CAPT WEBSTER,,WDF4843,31,0,19,7,,31,A
367456430,2022-01-02T09:21:11,28.96217,-89.37620,0.0,228.2,511.0,CAPT WEBSTER,,WDF4843,31,0,19,7,,31,A
367456430,2022-01-02T09:01:12,28.96221,-89.37620,0.0,324.0,511.0,CAPT WEBSTER,,WDF4843,31,0,19,7,,31,A
367456430,2022-01-02T09:11:52,28.96217,-89.37619,0.0,259.2,511.0,CAPT WEBSTER,,WDF4843,31,0,19,7,,31,A
367456430,2022-01-02T09:08:22,28.96215,-89.37620,0.0,267.6,511.0,CAPT WEBSTER,,WDF4843,31,0,19,7,,31,A
367456430,2022-01-02T09:09:30,28.96218,-89.37622,0.0,261.0,511.0,CAPT WEBSTER,,WDF4843,31,0,19,7,,31,A
367456430,2022-01-02T04:13:02,28.96225,-89.37625,0.0,239.4,511.0,CAPT WEBSTER,,WDF4843,31,0,19,7,,31,A
367456430,2022-01-02T09:15:21,28.96218,-89.37621,0.0,265.9,511.0,CAPT WEBSTER,,WDF4843,31,0,19,7,,31,A
367456430,2022-01-02T09:16:30,28.96218,-89.37619,0.0,262.8,511.0,CAPT WEBSTER,,WDF4843,31,0,19,7,,31,A
367456430,2022-01-02T09:43:00,28.96221,-89.37622,0.0,244.0,511.0,CAPT WEBSTER,,WDF4843,31,0,19,7,,31,A
367456430,2022-01-02T09:17:40,28.96219,-89.37620,0.0,258.5,511.0,CAPT WEBSTER,,WDF4843,31,0,19,7,,31,A
367456430,2022-01-02T09:44:52,28.96223,-89.37623,0.0,238.5,511.0,CAPT WEBSTER,,WDF4843,31,0,19,7,,31,A
367456430,2022-01-02T09:46:00,28.96222,-89.37622,0.0,238.5,511.0,CAPT WEBSTER,,WDF4843,31,0,19,7,,31,A
367456430,2022-01-02T09:37:01,28.96220,-89.37621,0.0,251.3,511.0,CAPT WEBSTER,,WDF4843,31,0,19,7,,31,A
367456430,2022-01-02T04:17:40,28.96222,-89.37621,0.0,251.7,511.0,CAPT WEBSTER,,WDF4843,31,0,19,7,,31,A
367456430,2022-01-02T09:25:41,28.96219,-89.37620,0.0,222.5,511.0,CAPT WEBSTER,,WDF4843,31,0,19,7,,31,A
367456430,2022-01-02T09:22:22,28.96220,-89.37621,0.0,228.0,511.0,CAPT WEBSTER,,WDF4843,31,0,19,7,,31,A
367456430,2022-01-02T09:18:51,28.96217,-89.37620,0.0,239.8,511.0,CAPT WEBSTER,,WDF4843,31,0,19,7,,31,A
367456430,2022-01-02T04:18:51,28.96220,-89.37620,0.0,260.4,511.0,CAPT WEBSTER,,WDF4843,31,0,19,7,,31,A
367456430,2022-01-02T04:21:10,28.96219,-89.37622,0.0,261.2,511.0,CAPT WEBSTER,,WDF4843,31,0,19,7,,31,A
367456430,2022-01-02T04:23:21,28.96219,-89.37620,0.0,254.5,511.0,CAPT WEBSTER,,WDF4843,31,0,19,7,,31,A
367456430,2022-01-02T09:32:00,28.96220,-89.37623,0.0,231.5,511.0,CAPT WEBSTER,,WDF4843,31,0,19,7,,31,A
367456430,2022-01-02T09:58:52,28.96220,-89.37621,0.0,241.7,511.0,CAPT WEBSTER,,WDF4843,31,0,19,7,,31,A
367456430,2022-01-02T09:39:20,28.96220,-89.37620,0.0,259.4,511.0,CAPT WEBSTER,,WDF4843,31,0,19,7,,31,A
367456430,2022-01-02T09:28:01,28.96222,-89.37624,0.0,225.4,511.0,CAPT WEBSTER,,WDF4843,31,0,19,7,,31,A
367456430,2022-01-02T09:50:40,28.96222,-89.37623,0.0,236.3,511.0,CAPT WEBSTER,,WDF4843,31,0,19,7,,31,A
367456430,2022-01-02T09:24:31,28.96220,-89.37620,0.0,224.3,511.0,CAPT WEBSTER,,WDF4843,31,0,19,7,,31,A
367456430,2022-01-02T09:34:40,28.96219,-89.37620,0.0,241.4,511.0,CAPT WEBSTER,,WDF4843,31,0,19,7,,31,A
367456430,2022-01-02T09:51:50,28.96221,-89.37623,0.0,235.6,511.0,CAPT WEBSTER,,WDF4843,31,0,19,7,,31,A
367456430,2022-01-02T10:01:12,28.96223,-89.37623,0.0,248.7,511.0,CAPT WEBSTER,,WDF4843,31,0,19,7,,31,A
367456430,2022-01-02T09:29:41,28.96222,-89.37625,0.0,227.5,511.0,CAPT WEBSTER,,WDF4843,31,0,19,7,,31,A
367456430,2022-01-02T09:55:10,28.96219,-89.37621,0.0,237.2,511.0,CAPT WEBSTER,,WDF4843,31,0,19,7,,31,A
367456430,2022-01-02T09:26:51,28.96225,-89.37623,0.0,227.0,511.0,CAPT WEBSTER,,WDF4843,31,0,19,7,,31,A
367456430,2022-01-02T09:30:51,28.96221,-89.37625,0.0,233.3,511.0,CAPT WEBSTER,,WDF4843,31,0,19,7,,31,A
367456430,2022-01-02T10:03:31,28.96223,-89.37621,0.0,250.4,511.0,CAPT WEBSTER,,WDF4843,31,0,19,7,,31,A
367456430,2022-01-02T09:57:40,28.96222,-89.37622,0.0,239.0,511.0,CAPT WEBSTER,,WDF4843,31,0,19,7,,31,A
367456430,2022-01-02T10:07:10,28.96219,-89.37621,0.0,253.4,511.0,CAPT WEBSTER,,WDF4843,31,0,19,7,,31,A
367456430,2022-01-02T09:35:51,28.96221,-89.37620,0.0,247.8,511.0,CAPT WEBSTER,,WDF4843,31,0,19,7,,31,A
367456430,2022-01-02T09:33:30,28.96219,-89.37622,0.0,238.3,511.0,CAPT WEBSTER,,WDF4843,31,0,19,7,,31,A
367456430,2022-01-02T10:08:11,28.96220,-89.37621,0.0,257.3,511.0,CAPT WEBSTER,,WDF4843,31,0,19,7,,31,A
367456430,2022-01-02T09:48:22,28.96219,-89.37622,0.0,237.3,511.0,CAPT WEBSTER,,WDF4843,31,0,19,7,,31,A
367456430,2022-01-02T09:38:12,28.96220,-89.37621,0.0,254.3,511.0,CAPT WEBSTER,,WDF4843,31,0,19,7,,31,A
367456430,2022-01-02T09:40:32,28.96220,-89.37621,0.0,255.3,511.0,CAPT WEBSTER,,WDF4843,31,0,19,7,,31,A
367456430,2022-01-02T10:15:31,28.96218,-89.37624,0.0,264.6,511.0,CAPT WEBSTER,,WDF4843,31,0,19,7,,31,A
367456430,2022-01-02T09:41:52,28.96220,-89.37622,0.0,249.4,511.0,CAPT WEBSTER,,WDF4843,31,0,19,7,,31,A
367456430,2022-01-02T10:05:52,28.96221,-89.37623,0.0,253.3,511.0,CAPT WEBSTER,,WDF4843,31,0,19,7,,31,A
367456430,2022-01-02T09:49:31,28.96220,-89.37623,0.0,235.7,511.0,CAPT WEBSTER,,WDF4843,31,0,19,7,,31,A
367456430,2022-01-02T10:17:01,28.96220,-89.37624,0.0,270.0,511.0,CAPT WEBSTER,,WDF4843,31,0,19,7,,31,A
367456430,2022-01-02T10:18:11,28.96222,-89.37623,0.0,269.0,511.0,CAPT WEBSTER,,WDF4843,31,0,19,7,,31,A
367456430,2022-01-02T09:52:52,28.96221,-89.37622,0.0,232.8,511.0,CAPT WEBSTER,,WDF4843,31,0,19,7,,31,A
367456430,2022-01-02T10:23:01,28.96233,-89.37629,0.0,297.2,511.0,CAPT WEBSTER,,WDF4843,31,0,19,7,,31,A
367456430,2022-01-02T09:56:22,28.96220,-89.37620,0.0,238.8,511.0,CAPT WEBSTER,,WDF4843,31,0,19,7,,31,A
367456430,2022-01-02T10:00:01,28.96221,-89.37622,0.0,243.4,511.0,CAPT WEBSTER,,WDF4843,31,0,19,7,,31,A
367456430,2022-01-02T10:02:20,28.96218,-89.37620,0.0,248.0,511.0,CAPT WEBSTER,,WDF4843,31,0,19,7,,31,A
367456430,2022-01-02T10:10:30,28.96221,-89.37620,0.0,257.7,511.0,CAPT WEBSTER,,WDF4843,31,0,19,7,,31,A
367456430,2022-01-02T10:33:20,28.96220,-89.37620,0.0,277.5,511.0,CAPT WEBSTER,,WDF4843,31,0,19,7,,31,A
367456430,2022-01-02T10:25:21,28.96218,-89.37620,0.0,304.5,511.0,CAPT WEBSTER,,WDF4843,31,0,19,7,,31,A
367456430,2022-01-02T10:35:42,28.96222,-89.37622,0.0,275.6,511.0,CAPT WEBSTER,,WDF4843,31,0,19,7,,31,A
367456430,2022-01-02T04:41:51,28.96219,-89.37619,0.0,232.1,511.0,CAPT WEBSTER,,WDF4843,31,0,19,7,,31,A
367456430,2022-01-02T10:04:40,28.96222,-89.37621,0.0,249.8,511.0,CAPT WEBSTER,,WDF4843,31,0,19,7,,31,A
367456430,2022-01-02T10:31:01,28.96223,-89.37622,0.0,290.8,511.0,CAPT WEBSTER,,WDF4843,31,0,19,7,,31,A
367456430,2022-01-02T10:39:11,28.96222,-89.37622,0.0,273.3,511.0,CAPT WEBSTER,,WDF4843,31,0,19,7,,31,A
367456430,2022-01-02T10:11:51,28.96221,-89.37621,0.0,261.6,511.0,CAPT WEBSTER,,WDF4843,31,0,19,7,,31,A
367456430,2022-01-02T10:09:21,28.96220,-89.37619,0.0,256.3,511.0,CAPT WEBSTER,,WDF4843,31,0,19,7,,31,A
367456430,2022-01-02T04:46:32,28.96221,-89.37620,0.0,237.8,511.0,CAPT WEBSTER,,WDF4843,31,0,19,7,,31,A
367456430,2022-01-02T10:48:31,28.96219,-89.37619,0.0,266.6,511.0,CAPT WEBSTER,,WDF4843,31,0,19,7,,31,A
367456430,2022-01-02T10:27:32,28.96222,-89.37622,0.0,304.3,511.0,CAPT WEBSTER,,WDF4843,31,0,19,7,,31,A
367456430,2022-01-02T10:50:50,28.96222,-89.37621,0.0,263.4,511.0,CAPT WEBSTER,,WDF4843,31,0,19,7,,31,A
367456430,2022-01-02T10:55:32,28.96220,-89.37622,0.0,261.2,511.0,CAPT WEBSTER,,WDF4843,31,0,19,7,,31,A
367456430,2022-01-02T10:21:51,28.96229,-89.37627,0.0,289.4,511.0,CAPT WEBSTER,,WDF4843,31,0,19,7,,31,A
367456430,2022-01-02T10:19:21,28.96219,-89.37622,0.0,272.3,511.0,CAPT WEBSTER,,WDF4843,31,0,19,7,,31,A
367456430,2022-01-02T10:44:52,28.96222,-89.37620,0.0,265.9,511.0,CAPT WEBSTER,,WDF4843,31,0,19,7,,31,A
367456430,2022-01-02T10:46:10,28.96219,-89.37622,0.0,264.6,511.0,CAPT WEBSTER,,WDF4843,31,0,19,7,,31,A
367456430,2022-01-02T10:20:31,28.96221,-89.37623,0.0,277.2,511.0,CAPT WEBSTER,,WDF4843,31,0,19,7,,31,A
367456430,2022-01-02T10:24:10,28.96220,-89.37623,0.0,300.7,511.0,CAPT WEBSTER,,WDF4843,31,0,19,7,,31,A
367456430,2022-01-02T11:00:01,28.96222,-89.37622,0.0,270.5,511.0,CAPT WEBSTER,,WDF4843,31,0,19,7,,31,A
367456430,2022-01-02T10:52:02,28.96222,-89.37619,0.0,258.0,511.0,CAPT WEBSTER,,WDF4843,31,0,19,7,,31,A
367456430,2022-01-02T10:26:22,28.96220,-89.37620,0.1,307.3,511.0,CAPT WEBSTER,,WDF4843,31,0,19,7,,31,A
367456430,2022-01-02T10:43:40,28.96222,-89.37622,0.0,264.7,511.0,CAPT WEBSTER,,WDF4843,31,0,19,7,,31,A
367456430,2022-01-02T10:28:51,28.96224,-89.37622,0.0,300.1,511.0,CAPT WEBSTER,,WDF4843,31,0,19,7,,31,A
367456430,2022-01-02T10:29:52,28.96222,-89.37621,0.0,298.1,511.0,CAPT WEBSTER,,WDF4843,31,0,19,7,,31,A
367456430,2022-01-02T10:34:31,28.96220,-89.37621,0.0,273.2,511.0,CAPT WEBSTER,,WDF4843,31,0,19,7,,31,A
367456430,2022-01-02T10:36:51,28.96223,-89.37623,0.0,271.7,511.0,CAPT WEBSTER,,WDF4843,31,0,19,7,,31,A
367456430,2022-01-02T11:01:12,28.96217,-89.37623,0.0,271.5,511.0,CAPT WEBSTER,,WDF4843,31,0,19,7,,31,A
367456430,2022-01-02T10:47:21,28.96217,-89.37618,0.0,263.5,511.0,CAPT WEBSTER,,WDF4843,31,0,19,7,,31,A
367456430,2022-01-02T11:14:31,28.96220,-89.37620,0.0,271.7,511.0,CAPT WEBSTER,,WDF4843,31,0,19,7,,31,A
367456430,2022-01-02T10:38:01,28.96225,-89.37624,0.0,270.9,511.0,CAPT WEBSTER,,WDF4843,31,0,19,7,,31,A
367456430,2022-01-02T10:40:20,28.96221,-89.37622,0.0,274.9,511.0,CAPT WEBSTER,,WDF4843,31,0,19,7,,31,A
367456430,2022-01-02T10:42:32,28.96221,-89.37623,0.0,264.8,511.0,CAPT WEBSTER,,WDF4843,31,0,19,7,,31,A
367456430,2022-01-02T11:20:20,28.96220,-89.37619,0.0,270.3,511.0,CAPT WEBSTER,,WDF4843,31,0,19,7,,31,A
367456430,2022-01-02T10:59:01,28.96220,-89.37620,0.0,270.0,511.0,CAPT WEBSTER,,WDF4843,31,0,19,7,,31,A
367456430,2022-01-02T10:49:40,28.96221,-89.37619,0.0,265.2,511.0,CAPT WEBSTER,,WDF4843,31,0,19,7,,31,A
367456430,2022-01-02T11:28:20,28.96221,-89.37621,0.0,276.6,511.0,CAPT WEBSTER,,WDF4843,31,0,19,7,,31,A
367456430,2022-01-02T10:54:20,28.96220,-89.37623,0.0,262.5,511.0,CAPT WEBSTER,,WDF4843,31,0,19,7,,31,A
367456430,2022-01-02T11:31:42,28.96221,-89.37619,0.0,283.0,511.0,CAPT WEBSTER,,WDF4843,31,0,19,7,,31,A
367456430,2022-01-02T11:07:21,28.96219,-89.37619,0.0,274.3,511.0,CAPT WEBSTER,,WDF4843,31,0,19,7,,31,A
367456430,2022-01-02T11:18:01,28.96221,-89.37619,0.0,270.9,511.0,CAPT WEBSTER,,WDF4843,31,0,19,7,,31,A
367456430,2022-01-02T11:02:22,28.96220,-89.37621,0.0,271.9,511.0,CAPT WEBSTER,,WDF4843,31,0,19,7,,31,A
367456430,2022-01-02T10:53:11,28.96222,-89.37621,0.0,259.5,511.0,CAPT WEBSTER,,WDF4843,31,0,19,7,,31,A
367456430,2022-01-02T05:06:41,28.96221,-89.37623,0.0,280.5,511.0,CAPT WEBSTER,,WDF4843,31,0,19,7,,31,A
367456430,2022-01-02T11:03:30,28.96218,-89.37622,0.0,273.3,511.0,CAPT WEBSTER,,WDF4843,31,0,19,7,,31,A
367456430,2022-01-02T11:22:41,28.96221,-89.37620,0.0,270.2,511.0,CAPT WEBSTER,,WDF4843,31,0,19,7,,31,A
367456430,2022-01-02T11:23:42,28.96218,-89.37619,0.0,272.6,511.0,CAPT WEBSTER,,WDF4843,31,0,19,7,,31,A
367456430,2022-01-02T11:37:32,28.96221,-89.37621,0.0,285.5,511.0,CAPT WEBSTER,,WDF4843,31,0,19,7,,31,A
367456430,2022-01-02T11:24:52,28.96221,-89.37621,0.0,271.0,511.0,CAPT WEBSTER,,WDF4843,31,0,19,7,,31,A
367456430,2022-01-02T11:09:40,28.96218,-89.37620,0.0,274.4,511.0,CAPT WEBSTER,,WDF4843,31,0,19,7,,31,A
367456430,2022-01-02T11:29:21,28.96221,-89.37622,0.0,280.8,511.0,CAPT WEBSTER,,WDF4843,31,0,19,7,,31,A
367456430,2022-01-02T11:10:51,28.96219,-89.37621,0.0,273.4,511.0,CAPT WEBSTER,,WDF4843,31,0,19,7,,31,A
367456430,2022-01-02T11:30:30,28.96220,-89.37621,0.0,279.7,511.0,CAPT WEBSTER,,WDF4843,31,0,19,7,,31,A
367456430,2022-01-02T11:06:10,28.96222,-89.37619,0.0,274.4,511.0,CAPT WEBSTER,,WDF4843,31,0,19,7,,31,A
367456430,2022-01-02T11:15:40,28.96221,-89.37620,0.0,270.0,511.0,CAPT WEBSTER,,WDF4843,31,0,19,7,,31,A
367456430,2022-01-02T11:35:11,28.96217,-89.37624,0.0,283.8,511.0,CAPT WEBSTER,,WDF4843,31,0,19,7,,31,A
367456430,2022-01-02T11:16:51,28.96221,-89.37621,0.0,267.6,511.0,CAPT WEBSTER,,WDF4843,31,0,19,7,,31,A
367456430,2022-01-02T11:19:12,28.96218,-89.37619,0.0,268.5,511.0,CAPT WEBSTER,,WDF4843,31,0,19,7,,31,A
367456430,2022-01-02T11:56:40,28.96222,-89.37624,0.0,307.6,511.0,CAPT WEBSTER,,WDF4843,31,0,19,7,,31,A
367456430,2022-01-02T11:38:41,28.96220,-89.37621,0.0,286.0,511.0,CAPT WEBSTER,,WDF4843,31,0,19,7,,31,A
367456430,2022-01-02T11:21:31,28.96221,-89.37620,0.0,268.9,511.0,CAPT WEBSTER,,WDF4843,31,0,19,7,,31,A
367456430,2022-01-02T11:57:51,28.96221,-89.37622,0.0,309.7,511.0,CAPT WEBSTER,,WDF4843,31,0,19,7,,31,A
367456430,2022-01-02T11:39:52,28.96221,-89.37620,0.0,290.6,511.0,CAPT WEBSTER,,WDF4843,31,0,19,7,,31,A
367456430,2022-01-02T05:13:22,28.96217,-89.37620,0.0,292.1,511.0,CAPT WEBSTER,,WDF4843,31,0,19,7,,31,A
367456430,2022-01-02T11:27:10,28.96222,-89.37620,0.0,275.8,511.0,CAPT WEBSTER,,WDF4843,31,0,19,7,,31,A
367456430,2022-01-02T11:13:22,28.96219,-89.37622,0.0,267.6,511.0,CAPT WEBSTER,,WDF4843,31,0,19,7,,31,A
367456430,2022-01-02T12:02:42,28.96218,-89.37621,0.0,304.9,511.0,CAPT WEBSTER,,WDF4843,31,0,19,7,,31,A
367456430,2022-01-02T11:26:02,28.96221,-89.37621,0.0,275.5,511.0,CAPT WEBSTER,,WDF4843,31,0,19,7,,31,A
367456430,2022-01-02T11:53:11,28.96220,-89.37623,0.0,301.9,511.0,CAPT WEBSTER,,WDF4843,31,0,19,7,,31,A
367456430,2022-01-02T11:36:21,28.96218,-89.37622,0.0,284.2,511.0,CAPT WEBSTER,,WDF4843,31,0,19,7,,31,A
367456430,2022-01-02T11:41:00,28.96222,-89.37624,0.0,291.6,511.0,CAPT WEBSTER,,WDF4843,31,0,19,7,,31,A
367456430,2022-01-02T11:59:02,28.96222,-89.37621,0.0,311.7,511.0,CAPT WEBSTER,,WDF4843,31,0,19,7,,31,A
367456430,2022-01-02T11:32:52,28.96219,-89.37619,0.0,287.0,511.0,CAPT WEBSTER,,WDF4843,31,0,19,7,,31,A
367456430,2022-01-02T11:42:11,28.96222,-89.37620,0.0,289.0,511.0,CAPT WEBSTER,,WDF4843,31,0,19,7,,31,A
367456430,2022-01-02T11:45:52,28.96220,-89.37619,0.0,297.2,511.0,CAPT WEBSTER,,WDF4843,31,0,19,7,,31,A
367456430,2022-01-02T12:19:30,28.96220,-89.37622,0.0,268.4,511.0,CAPT WEBSTER,,WDF4843,31,0,19,7,,31,A
367456430,2022-01-02T05:23:50,28.96218,-89.37619,0.0,229.2,511.0,CAPT WEBSTER,,WDF4843,31,0,19,7,,31,A
367456430,2022-01-02T11:48:11,28.96219,-89.37620,0.0,300.1,511.0,CAPT WEBSTER,,WDF4843,31,0,19,7,,31,A
367456430,2022-01-02T11:47:02,28.96218,-89.37620,0.0,294.6,511.0,CAPT WEBSTER,,WDF4843,31,0,19,7,,31,A
367456430,2022-01-02T11:50:32,28.96218,-89.37618,0.0,299.8,511.0,CAPT WEBSTER,,WDF4843,31,0,19,7,,31,A
367456430,2022-01-02T12:10:52,28.96221,-89.37623,0.0,262.7,511.0,CAPT WEBSTER,,WDF4843,31,0,19,7,,31,A
367456430,2022-01-02T05:28:20,28.96219,-89.37622,0.0,226.2,511.0,CAPT WEBSTER,,WDF4843,31,0,19,7,,31,A
367456430,2022-01-02T11:54:22,28.96221,-89.37622,0.0,306.0,511.0,CAPT WEBSTER,,WDF4843,31,0,19,7,,31,A
367456430,2022-01-02T11:44:40,28.96222,-89.37621,0.0,296.0,511.0,CAPT WEBSTER,,WDF4843,31,0,19,7,,31,A
367456430,2022-01-02T11:55:30,28.96221,-89.37623,0.0,306.1,511.0,CAPT WEBSTER,,WDF4843,31,0,19,7,,31,A
367456430,2022-01-02T11:49:20,28.96220,-89.37623,0.0,302.1,511.0,CAPT WEBSTER,,WDF4843,31,0,19,7,,31,A
367456430,2022-01-02T11:51:41,28.96219,-89.37619,0.0,300.0,511.0,CAPT WEBSTER,,WDF4843,31,0,19,7,,31,A
367456430,2022-01-02T12:01:21,28.96222,-89.37621,0.0,314.7,511.0,CAPT WEBSTER,,WDF4843,31,0,19,7,,31,A
367456430,2022-01-02T12:24:11,28.96216,-89.37619,0.0,267.8,511.0,CAPT WEBSTER,,WDF4843,31,0,19,7,,31,A
367456430,2022-01-02T12:41:41,28.96223,-89.37623,0.0,279.9,511.0,CAPT WEBSTER,,WDF4843,31,0,19,7,,31,A
367456430,2022-01-02T12:25:20,28.96217,-89.37621,0.0,267.6,511.0,CAPT WEBSTER,,WDF4843,31,0,19,7,,31,A
367456430,2022-01-02T12:07:31,28.96225,-89.37623,0.0,267.6,511.0,CAPT WEBSTER,,WDF4843,31,0,19,7,,31,A
367456430,2022-01-02T12:00:02,28.96222,-89.37622,0.0,313.7,511.0,CAPT WEBSTER,,WDF4843,31,0,19,7,,31,A
367456430,2022-01-02T12:43:52,28.96220,-89.37622,0.0,284.8,511.0,CAPT WEBSTER,,WDF4843,31,0,19,7,,31,A
367456430,2022-01-02T12:09:51,28.96223,-89.37622,0.0,263.3,511.0,CAPT WEBSTER,,WDF4843,31,0,19,7,,31,A
367456430,2022-01-02T12:47:31,28.96213,-89.37622,0.0,275.3,511.0,CAPT WEBSTER,,WDF4843,31,0,19,7,,31,A
367456430,2022-01-02T05:35:52,28.96217,-89.37619,0.0,235.3,511.0,CAPT WEBSTER,,WDF4843,31,0,19,7,,31,A
367456430,2022-01-02T12:05:02,28.96222,-89.37623,0.0,282.9,511.0,CAPT WEBSTER,,WDF4843,31,0,19,7,,31,A
367456430,2022-01-02T12:12:10,28.96220,-89.37621,0.0,260.2,511.0,CAPT WEBSTER,,WDF4843,31,0,19,7,,31,A
367456430,2022-01-02T12:31:22,28.96215,-89.37619,0.0,266.4,511.0,CAPT WEBSTER,,WDF4843,31,0,19,7,,31,A
367456430,2022-01-02T12:13:21,28.96221,-89.37621,0.0,260.2,511.0,CAPT WEBSTER,,WDF4843,31,0,19,7,,31,A
367456430,2022-01-02T12:08:41,28.96220,-89.37623,0.0,263.8,511.0,CAPT WEBSTER,,WDF4843,31,0,19,7,,31,A
367456430,2022-01-02T12:51:01,28.96215,-89.37621,0.0,278.4,511.0,CAPT WEBSTER,,WDF4843,31,0,19,7,,31,A
367456430,2022-01-02T12:14:31,28.96221,-89.37623,0.0,261.6,511.0,CAPT WEBSTER,,WDF4843,31,0,19,7,,31,A
367456430,2022-01-02T12:17:11,28.96219,-89.37621,0.0,263.5,511.0,CAPT WEBSTER,,WDF4843,31,0,19,7,,31,A
367456430,2022-01-02T12:38:41,28.96221,-89.37622,0.0,281.4,511.0,CAPT WEBSTER,,WDF4843,31,0,19,7,,31,A
367456430,2022-01-02T12:23:01,28.96218,-89.37619,0.0,269.5,511.0,CAPT WEBSTER,,WDF4843,31,0,19,7,,31,A
367456430,2022-01-02T12:20:42,28.96219,-89.37621,0.0,264.6,511.0,CAPT WEBSTER,,WDF4843,31,0,19,7,,31,A
367456430,2022-01-02T12:18:21,28.96221,-89.37624,0.0,267.8,511.0,CAPT WEBSTER,,WDF4843,31,0,19,7,,31,A
367456430,2022-01-02T13:02:11,28.96223,-89.37623,0.0,231.5,511.0,CAPT WEBSTER,,WDF4843,31,0,19,7,,31,A
367456430,2022-01-02T12:21:52,28.96221,-89.37623,0.0,265.3,511.0,CAPT WEBSTER,,WDF4843,31,0,19,7,,31,A
367456430,2022-01-02T12:52:21,28.96219,-89.37619,0.0,276.6,511.0,CAPT WEBSTER,,WDF4843,31,0,19,7,,31,A
367456430,2022-01-02T12:26:30,28.96220,-89.37621,0.0,265.0,511.0,CAPT WEBSTER,,WDF4843,31,0,19,7,,31,A
367456430,2022-01-02T12:27:41,28.96218,-89.37624,0.1,261.0,511.0,CAPT WEBSTER,,WDF4843,31,0,19,7,,31,A
367456430,2022-01-02T12:32:41,28.96215,-89.37621,0.0,272.8,511.0,CAPT WEBSTER,,WDF4843,31,0,19,7,,31,A
367456430,2022-01-02T12:29:02,28.96215,-89.37617,0.0,262.0,511.0,CAPT WEBSTER,,WDF4843,31,0,19,7,,31,A
367456430,2022-01-02T12:30:12,28.96216,-89.37617,0.0,264.8,511.0,CAPT WEBSTER,,WDF4843,31,0,19,7,,31,A
367456430,2022-01-02T12:37:22,28.96221,-89.37623,0.0,277.5,511.0,CAPT WEBSTER,,WDF4843,31,0,19,7,,31,A
367456430,2022-01-02T13:10:31,28.96222,-89.37624,0.0,205.5,511.0,CAPT WEBSTER,,WDF4843,31,0,19,7,,31,A
367456430,2022-01-02T13:14:01,28.96223,-89.37626,0.0,188.2,511.0,CAPT WEBSTER,,WDF4843,31,0,19,7,,31,A
367456430,2022-01-02T12:58:51,28.96220,-89.37621,0.0,244.7,511.0,CAPT WEBSTER,,WDF4843,31,0,19,7,,31,A
367456430,2022-01-02T12:35:02,28.96219,-89.37621,0.0,273.9,511.0,CAPT WEBSTER,,WDF4843,31,0,19,7,,31,A
367456430,2022-01-02T13:00:00,28.96223,-89.37622,0.0,238.0,511.0,CAPT WEBSTER,,WDF4843,31,0,19,7,,31,A
367456430,2022-01-02T05:50:01,28.96221,-89.37621,0.0,295.1,511.0,CAPT WEBSTER,,WDF4843,31,0,19,7,,31,A
367456430,2022-01-02T12:36:10,28.96219,-89.37621,0.0,276.4,511.0,CAPT WEBSTER,,WDF4843,31,0,19,7,,31,A
367456430,2022-01-02T05:52:31,28.96221,-89.37623,0.0,281.5,511.0,CAPT WEBSTER,,WDF4843,31,0,19,7,,31,A
367456430,2022-01-02T12:45:00,28.96221,-89.37623,0.0,283.3,511.0,CAPT WEBSTER,,WDF4843,31,0,19,7,,31,A
367456430,2022-01-02T12:46:21,28.96217,-89.37622,0.0,282.6,511.0,CAPT WEBSTER,,WDF4843,31,0,19,7,,31,A
367456430,2022-01-02T12:48:42,28.96215,-89.37622,0.0,282.5,511.0,CAPT WEBSTER,,WDF4843,31,0,19,7,,31,A
367456430,2022-01-02T12:40:22,28.96219,-89.37623,0.0,281.6,511.0,CAPT WEBSTER,,WDF4843,31,0,19,7,,31,A
367456430,2022-01-02T12:49:51,28.96216,-89.37621,0.0,280.3,511.0,CAPT WEBSTER,,WDF4843,31,0,19,7,,31,A
367456430,2022-01-02T13:15:11,28.96222,-89.37625,0.0,185.7,511.0,CAPT WEBSTER,,WDF4843,31,0,19,7,,31,A
367456430,2022-01-02T05:58:31,28.96218,-89.37621,0.0,272.1,511.0,CAPT WEBSTER,,WDF4843,31,0,19,7,,31,A
367456430,2022-01-02T12:55:21,28.96218,-89.37620,0.0,265.9,511.0,CAPT WEBSTER,,WDF4843,31,0,19,7,,31,A
367456430,2022-01-02T13:17:42,28.96222,-89.37623,0.0,179.1,511.0,CAPT WEBSTER,,WDF4843,31,0,19,7,,31,A
367456430,2022-01-02T12:56:31,28.96220,-89.37621,0.0,256.4,511.0,CAPT WEBSTER,,WDF4843,31,0,19,7,,31,A
367456430,2022-01-02T12:59:52,28.96222,-89.37622,0.0,239.4,511.0,CAPT WEBSTER,,WDF4843,31,0,19,7,,31,A
367456430,2022-01-02T06:01:11,28.96217,-89.37623,0.0,278.1,511.0,CAPT WEBSTER,,WDF4843,31,0,19,7,,31,A
367456430,2022-01-02T13:03:20,28.96220,-89.37619,0.0,230.8,511.0,CAPT WEBSTER,,WDF4843,31,0,19,7,,31,A
367456430,2022-01-02T12:53:31,28.96219,-89.37619,0.0,276.7,511.0,CAPT WEBSTER,,WDF4843,31,0,19,7,,31,A
367456430,2022-01-02T13:41:22,28.96220,-89.37623,0.0,261.4,511.0,CAPT WEBSTER,,WDF4843,31,0,19,7,,31,A
367456430,2022-01-02T13:08:11,28.96225,-89.37624,0.0,216.5,511.0,CAPT WEBSTER,,WDF4843,31,0,19,7,,31,A
367456430,2022-01-02T13:05:50,28.96223,-89.37619,0.0,223.5,511.0,CAPT WEBSTER,,WDF4843,31,0,19,7,,31,A
367456430,2022-01-02T13:28:20,28.96221,-89.37624,0.0,185.2,511.0,CAPT WEBSTER,,WDF4843,31,0,19,7,,31,A
367456430,2022-01-02T13:11:42,28.96225,-89.37623,0.0,199.7,511.0,CAPT WEBSTER,,WDF4843,31,0,19,7,,31,A
367456430,2022-01-02T13:09:30,28.96223,-89.37622,0.0,212.0,511.0,CAPT WEBSTER,,WDF4843,31,0,19,7,,31,A
367456430,2022-01-02T13:33:02,28.96222,-89.37623,0.0,210.6,511.0,CAPT WEBSTER,,WDF4843,31,0,19,7,,31,A
367456430,2022-01-02T13:49:52,28.96412,-89.37418,3.0,43.4,511.0,CAPT WEBSTER,,WDF4843,31,0,19,7,,31,A
367456430,2022-01-02T13:07:02,28.96223,-89.37623,0.0,220.0,511.0,CAPT WEBSTER,,WDF4843,31,0,19,7,,31,A
367456430,2022-01-02T13:52:11,28.96576,-89.37262,3.8,33.0,511.0,CAPT WEBSTER,,WDF4843,31,0,19,7,,31,A
367456430,2022-01-02T13:04:30,28.96223,-89.37628,0.0,229.1,511.0,CAPT WEBSTER,,WDF4843,31,0,19,7,,31,A
367456430,2022-01-02T13:16:30,28.96221,-89.37623,0.0,184.2,511.0,CAPT WEBSTER,,WDF4843,31,0,19,7,,31,A
367456430,2022-01-02T13:20:01,28.96219,-89.37620,0.0,178.5,511.0,CAPT WEBSTER,,WDF4843,31,0,19,7,,31,A
367456430,2022-01-02T06:07:01,28.96220,-89.37621,0.0,275.3,511.0,CAPT WEBSTER,,WDF4843,31,0,19,7,,31,A
367456430,2022-01-02T13:18:51,28.96222,-89.37623,0.0,179.5,511.0,CAPT WEBSTER,,WDF4843,31,0,19,7,,31,A
367456430,2022-01-02T13:12:52,28.96222,-89.37622,0.0,193.3,511.0,CAPT WEBSTER,,WDF4843,31,0,19,7,,31,A
367456430,2022-01-02T13:23:30,28.96221,-89.37621,0.0,177.7,511.0,CAPT WEBSTER,,WDF4843,31,0,19,7,,31,A
367456430,2022-01-02T13:45:11,28.96223,-89.37617,0.8,16.9,511.0,CAPT WEBSTER,,WDF4843,31,0,19,7,,31,A
367456430,2022-01-02T14:01:10,28.96909,-89.37103,0.0,265.3,511.0,CAPT WEBSTER,,WDF4843,31,0,19,7,,31,A
367456430,2022-01-02T13:29:21,28.96226,-89.37624,0.0,187.3,511.0,CAPT WEBSTER,,WDF4843,31,0,19,7,,31,A
367456430,2022-01-02T13:22:11,28.96221,-89.37623,0.0,179.3,511.0,CAPT WEBSTER,,WDF4843,31,0,19,7,,31,A
367456430,2022-01-02T14:03:22,28.96935,-89.37088,0.3,62.9,511.0,CAPT WEBSTER,,WDF4843,31,0,19,7,,31,A
367456430,2022-01-02T13:24:52,28.96221,-89.37623,0.0,175.2,511.0,CAPT WEBSTER,,WDF4843,31,0,19,7,,31,A
367456430,2022-01-02T13:26:01,28.96221,-89.37622,0.0,180.7,511.0,CAPT WEBSTER,,WDF4843,31,0,19,7,,31,A
367456430,2022-01-02T13:39:10,28.96219,-89.37621,0.0,244.9,511.0,CAPT WEBSTER,,WDF4843,31,0,19,7,,31,A
367456430,2022-01-02T13:31:50,28.96224,-89.37622,0.0,203.2,511.0,CAPT WEBSTER,,WDF4843,31,0,19,7,,31,A
367456430,2022-01-02T13:35:32,28.96221,-89.37623,0.0,229.0,511.0,CAPT WEBSTER,,WDF4843,31,0,19,7,,31,A
367456430,2022-01-02T13:44:02,28.96219,-89.37621,0.0,271.7,511.0,CAPT WEBSTER,,WDF4843,31,0,19,7,,31,A
367456430,2022-01-02T13:36:41,28.96222,-89.37623,0.0,229.8,511.0,CAPT WEBSTER,,WDF4843,31,0,19,7,,31,A
367456430,2022-01-02T14:23:01,28.96978,-89.37007,0.0,50.1,511.0,CAPT WEBSTER,,WDF4843,31,0,19,7,,31,A
367456430,2022-01-02T13:40:11,28.96220,-89.37621,0.0,250.5,511.0,CAPT WEBSTER,,WDF4843,31,0,19,7,,31,A
367456430,2022-01-02T13:38:01,28.96220,-89.37621,0.0,236.7,511.0,CAPT WEBSTER,,WDF4843,31,0,19,7,,31,A
367456430,2022-01-02T13:51:00,28.96483,-89.37344,3.4,41.7,511.0,CAPT WEBSTER,,WDF4843,31,0,19,7,,31,A
367456430,2022-01-02T13:42:40,28.96221,-89.37623,0.0,264.7,511.0,CAPT WEBSTER,,WDF4843,31,0,19,7,,31,A
367456430,2022-01-02T13:53:31,28.96699,-89.37181,3.8,28.8,511.0,CAPT WEBSTER,,WDF4843,31,0,19,7,,31,A
367456430,2022-01-02T14:15:42,28.96980,-89.37012,0.0,99.1,511.0,CAPT WEBSTER,,WDF4843,31,0,19,7,,31,A
367456430,2022-01-02T13:55:52,28.96895,-89.37099,0.3,48.7,511.0,CAPT WEBSTER,,WDF4843,31,0,19,7,,31,A
367456430,2022-01-02T13:57:01,28.96911,-89.37096,3.1,11.3,511.0,CAPT WEBSTER,,WDF4843,31,0,19,7,,31,A
367456430,2022-01-02T13:58:11,28.96932,-89.37081,0.2,177.8,511.0,CAPT WEBSTER,,WDF4843,31,0,19,7,,31,A
367456430,2022-01-02T13:46:21,28.96234,-89.37607,1.5,354.7,511.0,CAPT WEBSTER,,WDF4843,31,0,19,7,,31,A
367456430,2022-01-02T14:18:10,28.96975,-89.37007,0.0,107.9,511.0,CAPT WEBSTER,,WDF4843,31,0,19,7,,31,A
367456430,2022-01-02T13:48:41,28.96338,-89.37492,1.9,34.8,511.0,CAPT WEBSTER,,WDF4843,31,0,19,7,,31,A
367456430,2022-01-02T14:33:32,28.97343,-89.37540,4.5,328.2,511.0,CAPT WEBSTER,,WDF4843,31,0,19,7,,31,A
367456430,2022-01-02T14:00:01,28.96930,-89.37089,0.3,321.2,511.0,CAPT WEBSTER,,WDF4843,31,0,19,7,,31,A
367456430,2022-01-02T14:30:11,28.97074,-89.37064,5.3,302.4,511.0,CAPT WEBSTER,,WDF4843,31,0,19,7,,31,A
367456430,2022-01-02T14:21:50,28.96976,-89.37005,0.0,66.4,511.0,CAPT WEBSTER,,WDF4843,31,0,19,7,,31,A
367456430,2022-01-02T14:02:21,28.96925,-89.37094,2.2,7.7,511.0,CAPT WEBSTER,,WDF4843,31,0,19,7,,31,A
367456430,2022-01-02T14:24:21,28.96977,-89.37000,0.9,86.9,511.0,CAPT WEBSTER,,WDF4843,31,0,19,7,,31,A
367456430,2022-01-02T13:54:42,28.96803,-89.37128,3.6,17.7,511.0,CAPT WEBSTER,,WDF4843,31,0,19,7,,31,A
367456430,2022-01-02T14:38:30,28.97822,-89.37264,4.3,37.7,511.0,CAPT WEBSTER,,WDF4843,31,0,19,7,,31,A
367456430,2022-01-02T14:06:51,28.96962,-89.37004,0.2,141.9,511.0,CAPT WEBSTER,,WDF4843,31,0,19,7,,31,A
367456430,2022-01-02T14:08:00,28.96966,-89.37015,0.1,292.7,511.0,CAPT WEBSTER,,WDF4843,31,0,19,7,,31,A
367456430,2022-01-02T14:31:21,28.97160,-89.37238,5.7,296.9,511.0,CAPT WEBSTER,,WDF4843,31,0,19,7,,31,A
367456430,2022-01-02T14:43:20,28.98292,-89.36837,4.6,36.0,511.0,CAPT WEBSTER,,WDF4843,31,0,19,7,,31,A
367456430,2022-01-02T14:50:12,28.99005,-89.36238,4.4,37.5,511.0,CAPT WEBSTER,,WDF4843,31,0,19,7,,31,A
367456430,2022-01-02T14:42:11,28.98176,-89.36937,4.6,37.3,511.0,CAPT WEBSTER,,WDF4843,31,0,19,7,,31,A
367456430,2022-01-02T14:09:02,28.96971,-89.37016,0.7,323.0,511.0,CAPT WEBSTER,,WDF4843,31,0,19,7,,31,A
367456430,2022-01-02T14:05:41,28.96975,-89.36990,2.8,171.0,511.0,CAPT WEBSTER,,WDF4843,31,0,19,7,,31,A
367456430,2022-01-02T14:45:31,28.98525,-89.36641,4.6,35.9,511.0,CAPT WEBSTER,,WDF4843,31,0,19,7,,31,A
367456430,2022-01-02T14:49:00,28.98880,-89.36339,4.7,35.3,511.0,CAPT WEBSTER,,WDF4843,31,0,19,7,,31,A
367456430,2022-01-02T06:37:41,28.96221,-89.37621,0.0,240.2,511.0,CAPT WEBSTER,,WDF4843,31,0,19,7,,31,A
367456430,2022-01-02T14:10:21,28.96978,-89.37041,0.6,270.8,511.0,CAPT WEBSTER,,WDF4843,31,0,19,7,,31,A
367456430,2022-01-02T14:25:31,28.96985,-89.36946,1.6,97.2,511.0,CAPT WEBSTER,,WDF4843,31,0,19,7,,31,A
367456430,2022-01-02T15:00:00,28.99970,-89.35443,4.4,35.1,511.0,CAPT WEBSTER,,WDF4843,31,0,19,7,,31,A
367456430,2022-01-02T14:17:01,28.96975,-89.37009,0.0,109.0,511.0,CAPT WEBSTER,,WDF4843,31,0,19,7,,31,A
367456430,2022-01-02T15:02:20,29.00203,-89.35246,4.4,33.5,511.0,CAPT WEBSTER,,WDF4843,31,0,19,7,,31,A
367456430,2022-01-02T14:27:52,28.96947,-89.36868,1.0,120.8,511.0,CAPT WEBSTER,,WDF4843,31,0,19,7,,31,A
367456430,2022-01-02T14:13:02,28.96979,-89.37022,0.2,97.7,511.0,CAPT WEBSTER,,WDF4843,31,0,19,7,,31,A
367456430,2022-01-02T14:14:21,28.96978,-89.37015,0.2,101.0,511.0,CAPT WEBSTER,,WDF4843,31,0,19,7,,31,A
367456430,2022-01-02T14:20:42,28.96974,-89.37005,0.0,46.0,511.0,CAPT WEBSTER,,WDF4843,31,0,19,7,,31,A
367456430,2022-01-02T15:08:32,29.00840,-89.34758,4.4,33.2,511.0,CAPT WEBSTER,,WDF4843,31,0,19,7,,31,A
367456430,2022-01-02T14:19:22,28.96978,-89.37010,0.0,94.5,511.0,CAPT WEBSTER,,WDF4843,31,0,19,7,,31,A
367456430,2022-01-02T14:37:20,28.97701,-89.37345,4.5,39.7,511.0,CAPT WEBSTER,,WDF4843,31,0,19,7,,31,A
367456430,2022-01-02T14:29:01,28.96986,-89.36917,4.1,306.7,511.0,CAPT WEBSTER,,WDF4843,31,0,19,7,,31,A
367456430,2022-01-02T15:07:12,29.00704,-89.34860,4.4,32.1,511.0,CAPT WEBSTER,,WDF4843,31,0,19,7,,31,A
367456430,2022-01-02T14:44:30,28.98419,-89.36730,4.8,38.3,511.0,CAPT WEBSTER,,WDF4843,31,0,19,7,,31,A
367456430,2022-01-02T15:17:40,29.01761,-89.34039,4.5,33.7,511.0,CAPT WEBSTER,,WDF4843,31,0,19,7,,31,A
367456430,2022-01-02T14:46:41,28.98644,-89.36543,4.5,36.0,511.0,CAPT WEBSTER,,WDF4843,31,0,19,7,,31,A
367456430,2022-01-02T15:16:32,29.01641,-89.34126,4.3,33.7,511.0,CAPT WEBSTER,,WDF4843,31,0,19,7,,31,A
367456430,2022-01-02T14:39:50,28.97947,-89.37149,4.3,40.4,511.0,CAPT WEBSTER,,WDF4843,31,0,19,7,,31,A
367456430,2022-01-02T14:52:41,28.99251,-89.36034,4.4,37.6,511.0,CAPT WEBSTER,,WDF4843,31,0,19,7,,31,A
367456430,2022-01-02T14:53:52,28.99366,-89.35933,4.4,36.9,511.0,CAPT WEBSTER,,WDF4843,31,0,19,7,,31,A
367456430,2022-01-02T15:24:30,29.02466,-89.33449,4.5,34.6,511.0,CAPT WEBSTER,,WDF4843,31,0,19,7,,31,A
367456430,2022-01-02T15:28:11,29.02828,-89.33134,4.5,36.4,511.0,CAPT WEBSTER,,WDF4843,31,0,19,7,,31,A
367456430,2022-01-02T15:22:12,29.02233,-89.33655,4.6,40.4,511.0,CAPT WEBSTER,,WDF4843,31,0,19,7,,31,A
367456430,2022-01-02T14:57:31,28.99722,-89.35637,4.3,37.4,511.0,CAPT WEBSTER,,WDF4843,31,0,19,7,,31,A
367456430,2022-01-02T15:33:32,29.03346,-89.32668,4.5,34.5,511.0,CAPT WEBSTER,,WDF4843,31,0,19,7,,31,A
367456430,2022-01-02T14:58:41,28.99838,-89.35544,4.3,33.3,511.0,CAPT WEBSTER,,WDF4843,31,0,19,7,,31,A
367456430,2022-01-02T15:03:42,29.00342,-89.35141,4.5,33.7,511.0,CAPT WEBSTER,,WDF4843,31,0,19,7,,31,A
367456430,2022-01-02T14:51:31,28.99134,-89.36131,4.3,35.0,511.0,CAPT WEBSTER,,WDF4843,31,0,19,7,,31,A
367456430,2022-01-02T15:36:21,29.03611,-89.32418,4.3,38.1,511.0,CAPT WEBSTER,,WDF4843,31,0,19,7,,31,A
367456430,2022-01-02T15:04:51,29.00463,-89.35047,4.5,36.4,511.0,CAPT WEBSTER,,WDF4843,31,0,19,7,,31,A
367456430,2022-01-02T15:06:02,29.00582,-89.34951,4.5,33.9,511.0,CAPT WEBSTER,,WDF4843,31,0,19,7,,31,A
367456430,2022-01-02T14:56:10,28.99595,-89.35750,4.2,34.2,511.0,CAPT WEBSTER,,WDF4843,31,0,19,7,,31,A
367456430,2022-01-02T15:41:31,29.04116,-89.31990,4.4,32.6,511.0,CAPT WEBSTER,,WDF4843,31,0,19,7,,31,A
367456430,2022-01-02T15:11:20,29.01126,-89.34538,4.4,36.3,511.0,CAPT WEBSTER,,WDF4843,31,0,19,7,,31,A
367456430,2022-01-02T15:50:00,29.05010,-89.31333,4.8,27.1,511.0,CAPT WEBSTER,,WDF4843,31,0,19,7,,31,A
367456430,2022-01-02T15:38:42,29.03839,-89.32222,4.4,33.6,511.0,CAPT WEBSTER,,WDF4843,31,0,19,7,,31,A
367456430,2022-01-02T14:55:01,28.99478,-89.35835,4.4,34.1,511.0,CAPT WEBSTER,,WDF4843,31,0,19,7,,31,A
367456430,2022-01-02T15:51:01,29.05131,-89.31260,4.9,30.3,511.0,CAPT WEBSTER,,WDF4843,31,0,19,7,,31,A
367456430,2022-01-02T06:48:11,28.96220,-89.37622,0.0,231.1,511.0,CAPT WEBSTER,,WDF4843,31,0,19,7,,31,A
367456430,2022-01-02T15:47:32,29.04726,-89.31512,4.6,32.3,511.0,CAPT WEBSTER,,WDF4843,31,0,19,7,,31,A
367456430,2022-01-02T15:09:40,29.00955,-89.34668,4.4,33.6,511.0,CAPT WEBSTER,,WDF4843,31,0,19,7,,31,A
367456430,2022-01-02T15:23:21,29.02352,-89.33552,4.7,42.4,511.0,CAPT WEBSTER,,WDF4843,31,0,19,7,,31,A
367456430,2022-01-02T15:13:32,29.01340,-89.34363,4.4,34.7,511.0,CAPT WEBSTER,,WDF4843,31,0,19,7,,31,A
367456430,2022-01-02T15:25:41,29.02587,-89.33351,4.4,38.8,511.0,CAPT WEBSTER,,WDF4843,31,0,19,7,,31,A
367456430,2022-01-02T15:27:10,29.02727,-89.33218,4.4,37.3,511.0,CAPT WEBSTER,,WDF4843,31,0,19,7,,31,A
367456430,2022-01-02T15:29:22,29.02944,-89.33030,4.5,38.9,511.0,CAPT WEBSTER,,WDF4843,31,0,19,7,,31,A
367456430,2022-01-02T15:18:50,29.01883,-89.33944,4.6,38.4,511.0,CAPT WEBSTER,,WDF4843,31,0,19,7,,31,A
367456430,2022-01-02T15:31:00,29.03102,-89.32887,4.4,38.0,511.0,CAPT WEBSTER,,WDF4843,31,0,19,7,,31,A
367456430,2022-01-02T15:40:22,29.03997,-89.32080,4.4,36.8,511.0,CAPT WEBSTER,,WDF4843,31,0,19,7,,31,A
367456430,2022-01-02T15:42:32,29.04215,-89.31910,4.4,34.3,511.0,CAPT WEBSTER,,WDF4843,31,0,19,7,,31,A
367456430,2022-01-02T16:05:01,29.06637,-89.30121,4.5,41.1,511.0,CAPT WEBSTER,,WDF4843,31,0,19,7,,31,A
367456430,2022-01-02T15:21:11,29.02129,-89.33744,4.7,36.4,511.0,CAPT WEBSTER,,WDF4843,31,0,19,7,,31,A
367456430,2022-01-02T15:43:41,29.04332,-89.31817,4.4,34.3,511.0,CAPT WEBSTER,,WDF4843,31,0,19,7,,31,A
367456430,2022-01-02T16:14:12,29.07557,-89.29404,4.7,38.8,511.0,CAPT WEBSTER,,WDF4843,31,0,19,7,,31,A
367456430,2022-01-02T15:46:00,29.04565,-89.31628,4.5,34.9,511.0,CAPT WEBSTER,,WDF4843,31,0,19,7,,31,A
367456430,2022-01-02T16:16:41,29.07804,-89.29156,4.8,45.7,511.0,CAPT WEBSTER,,WDF4843,31,0,19,7,,31,A
367456430,2022-01-02T15:35:02,29.03485,-89.32532,4.4,38.8,511.0,CAPT WEBSTER,,WDF4843,31,0,19,7,,31,A
367456430,2022-01-02T16:22:32,29.08382,-89.28583,4.6,30.2,511.0,CAPT WEBSTER,,WDF4843,31,0,19,7,,31,A
367456430,2022-01-02T15:52:11,29.05265,-89.31175,4.7,26.8,511.0,CAPT WEBSTER,,WDF4843,31,0,19,7,,31,A
367456430,2022-01-02T15:53:21,29.05400,-89.31095,4.7,26.1,511.0,CAPT WEBSTER,,WDF4843,31,0,19,7,,31,A
367456430,2022-01-02T16:20:12,29.08141,-89.28793,4.7,41.7,511.0,CAPT WEBSTER,,WDF4843,31,0,19,7,,31,A
367456430,2022-01-02T16:21:22,29.08257,-89.28682,4.7,39.2,511.0,CAPT WEBSTER,,WDF4843,31,0,19,7,,31,A
367456430,2022-01-02T15:32:21,29.03230,-89.32773,4.4,39.2,511.0,CAPT WEBSTER,,WDF4843,31,0,19,7,,31,A
367456430,2022-01-02T16:27:42,29.08947,-89.28185,4.6,32.0,511.0,CAPT WEBSTER,,WDF4843,31,0,19,7,,31,A
367456430,2022-01-02T15:54:30,29.05538,-89.31012,4.9,25.0,511.0,CAPT WEBSTER,,WDF4843,31,0,19,7,,31,A
367456430,2022-01-02T16:19:01,29.08025,-89.28910,4.6,40.9,511.0,CAPT WEBSTER,,WDF4843,31,0,19,7,,31,A
367456430,2022-01-02T16:25:21,29.08687,-89.28360,4.6,38.4,511.0,CAPT WEBSTER,,WDF4843,31,0,19,7,,31,A
367456430,2022-01-02T15:37:31,29.03725,-89.32318,4.3,41.0,511.0,CAPT WEBSTER,,WDF4843,31,0,19,7,,31,A
367456430,2022-01-02T16:01:30,29.06304,-89.30449,4.5,38.2,511.0,CAPT WEBSTER,,WDF4843,31,0,19,7,,31,A
367456430,2022-01-02T16:32:12,29.09470,-89.27890,4.7,28.3,511.0,CAPT WEBSTER,,WDF4843,31,0,19,7,,31,A
367456430,2022-01-02T07:09:11,28.96222,-89.37625,0.0,252.8,511.0,CAPT WEBSTER,,WDF4843,31,0,19,7,,31,A
367456430,2022-01-02T16:03:50,29.06525,-89.30231,4.6,39.4,511.0,CAPT WEBSTER,,WDF4843,31,0,19,7,,31,A
367456430,2022-01-02T15:44:51,29.04448,-89.31721,4.4,35.5,511.0,CAPT WEBSTER,,WDF4843,31,0,19,7,,31,A
367456430,2022-01-02T16:07:20,29.06825,-89.29886,4.3,49.4,511.0,CAPT WEBSTER,,WDF4843,31,0,19,7,,31,A
367456430,2022-01-02T16:38:21,29.10216,-89.27505,4.9,23.5,511.0,CAPT WEBSTER,,WDF4843,31,0,19,7,,31,A
367456430,2022-01-02T16:10:51,29.07209,-89.29690,4.6,21.5,511.0,CAPT WEBSTER,,WDF4843,31,0,19,7,,31,A
367456430,2022-01-02T16:40:42,29.10513,-89.27370,4.9,28.3,511.0,CAPT WEBSTER,,WDF4843,31,0,19,7,,31,A
367456430,2022-01-02T15:48:40,29.04853,-89.31428,4.6,27.6,511.0,CAPT WEBSTER,,WDF4843,31,0,19,7,,31,A
367456430,2022-01-02T16:33:32,29.09631,-89.27799,4.7,26.2,511.0,CAPT WEBSTER,,WDF4843,31,0,19,7,,31,A
367456430,2022-01-02T16:47:42,29.11091,-89.27321,3.7,303.6,511.0,CAPT WEBSTER,,WDF4843,31,0,19,7,,31,A
367456430,2022-01-02T15:55:42,29.05675,-89.30927,4.9,25.9,511.0,CAPT WEBSTER,,WDF4843,31,0,19,7,,31,A
367456430,2022-01-02T16:49:51,29.11081,-89.27585,4.6,240.8,511.0,CAPT WEBSTER,,WDF4843,31,0,19,7,,31,A
367456430,2022-01-02T15:58:02,29.05944,-89.30747,4.7,33.5,511.0,CAPT WEBSTER,,WDF4843,31,0,19,7,,31,A
367456430,2022-01-02T15:59:12,29.06067,-89.30647,4.6,37.2,511.0,CAPT WEBSTER,,WDF4843,31,0,19,7,,31,A
367456430,2022-01-02T16:08:31,29.06935,-89.29793,4.1,25.4,511.0,CAPT WEBSTER,,WDF4843,31,0,19,7,,31,A
367456430,2022-01-02T07:18:31,28.96220,-89.37619,0.0,229.8,511.0,CAPT WEBSTER,,WDF4843,31,0,19,7,,31,A
367456430,2022-01-02T16:46:31,29.11017,-89.27227,3.6,336.0,511.0,CAPT WEBSTER,,WDF4843,31,0,19,7,,31,A
367456430,2022-01-02T16:54:30,29.10966,-89.28107,3.6,256.1,511.0,CAPT WEBSTER,,WDF4843,31,0,19,7,,31,A
367456430,2022-01-02T16:26:31,29.08811,-89.28268,4.6,29.3,511.0,CAPT WEBSTER,,WDF4843,31,0,19,7,,31,A
367456430,2022-01-02T16:51:02,29.11009,-89.27716,3.5,238.9,511.0,CAPT WEBSTER,,WDF4843,31,0,19,7,,31,A
367456430,2022-01-02T16:30:00,29.09216,-89.28037,4.7,22.5,511.0,CAPT WEBSTER,,WDF4843,31,0,19,7,,31,A
367456430,2022-01-02T16:31:11,29.09352,-89.27959,4.7,27.4,511.0,CAPT WEBSTER,,WDF4843,31,0,19,7,,31,A
367456430,2022-01-02T17:04:20,29.10982,-89.29077,4.1,293.1,511.0,CAPT WEBSTER,,WDF4843,31,0,19,7,,31,A
367456430,2022-01-02T17:05:22,29.11025,-89.29205,4.4,285.7,511.0,CAPT WEBSTER,,WDF4843,31,0,19,7,,31,A
367456430,2022-01-02T16:12:02,29.07335,-89.29600,4.6,33.8,511.0,CAPT WEBSTER,,WDF4843,31,0,19,7,,31,A
367456430,2022-01-02T16:34:41,29.09766,-89.27720,4.8,25.0,511.0,CAPT WEBSTER,,WDF4843,31,0,19,7,,31,A
367456430,2022-01-02T16:15:31,29.07691,-89.29277,4.8,41.9,511.0,CAPT WEBSTER,,WDF4843,31,0,19,7,,31,A
367456430,2022-01-02T16:35:52,29.09910,-89.27654,4.7,21.6,511.0,CAPT WEBSTER,,WDF4843,31,0,19,7,,31,A
367456430,2022-01-02T16:58:01,29.10871,-89.28507,3.6,241.4,511.0,CAPT WEBSTER,,WDF4843,31,0,19,7,,31,A
367456430,2022-01-02T07:23:10,28.96222,-89.37624,0.0,224.7,511.0,CAPT WEBSTER,,WDF4843,31,0,19,7,,31,A
367456430,2022-01-02T16:43:01,29.10743,-89.27260,3.4,17.3,511.0,CAPT WEBSTER,,WDF4843,31,0,19,7,,31,A
367456430,2022-01-02T16:45:21,29.10949,-89.27223,2.5,8.9,511.0,CAPT WEBSTER,,WDF4843,31,0,19,7,,31,A
367456430,2022-01-02T17:18:52,29.11528,-89.30249,1.0,120.4,511.0,CAPT WEBSTER,,WDF4843,31,0,19,7,,31,A
367456430,2022-01-02T17:13:52,29.11556,-89.30305,3.7,294.4,511.0,CAPT WEBSTER,,WDF4843,31,0,19,7,,31,A
367456430,2022-01-02T17:29:21,29.11539,-89.30211,0.0,76.2,511.0,CAPT WEBSTER,,WDF4843,31,0,19,7,,31,A
367456430,2022-01-02T16:37:02,29.10051,-89.27584,4.8,20.2,511.0,CAPT WEBSTER,,WDF4843,31,0,19,7,,31,A
367456430,2022-01-02T17:32:01,29.11539,-89.30210,0.1,0.1,511.0,CAPT WEBSTER,,WDF4843,31,0,19,7,,31,A
367456430,2022-01-02T17:00:01,29.10805,-89.28653,2.1,263.0,511.0,CAPT WEBSTER,,WDF4843,31,0,19,7,,31,A
367456430,2022-01-02T17:35:02,29.11537,-89.30212,0.0,355.5,511.0,CAPT WEBSTER,,WDF4843,31,0,19,7,,31,A
367456430,2022-01-02T17:28:11,29.11536,-89.30210,0.0,94.2,511.0,CAPT WEBSTER,,WDF4843,31,0,19,7,,31,A
367456430,2022-01-02T16:41:50,29.10635,-89.27303,3.7,21.9,511.0,CAPT WEBSTER,,WDF4843,31,0,19,7,,31,A
367456430,2022-01-02T16:44:11,29.10848,-89.27234,3.3,2.7,511.0,CAPT WEBSTER,,WDF4843,31,0,19,7,,31,A
367456430,2022-01-02T17:22:22,29.11528,-89.30218,0.1,75.0,511.0,CAPT WEBSTER,,WDF4843,31,0,19,7,,31,A
367456430,2022-01-02T17:07:51,29.11171,-89.29527,4.9,305.3,511.0,CAPT WEBSTER,,WDF4843,31,0,19,7,,31,A
367456430,2022-01-02T16:48:50,29.11124,-89.27446,4.6,264.1,511.0,CAPT WEBSTER,,WDF4843,31,0,19,7,,31,A
367456430,2022-01-02T07:38:20,28.96220,-89.37622,0.0,249.3,511.0,CAPT WEBSTER,,WDF4843,31,0,19,7,,31,A
367456430,2022-01-02T17:11:22,29.11421,-89.29981,5.0,297.9,511.0,CAPT WEBSTER,,WDF4843,31,0,19,7,,31,A
367456430,2022-01-02T17:48:02,29.11947,-89.30893,1.1,342.6,511.0,CAPT WEBSTER,,WDF4843,31,0,19,7,,31,A
367456430,2022-01-02T16:52:11,29.10989,-89.27841,3.9,281.9,511.0,CAPT WEBSTER,,WDF4843,31,0,19,7,,31,A
367456430,2022-01-02T17:49:10,29.11955,-89.30895,0.3,197.6,511.0,CAPT WEBSTER,,WDF4843,31,0,19,7,,31,A
367456430,2022-01-02T17:12:31,29.11490,-89.30147,4.8,296.0,511.0,CAPT WEBSTER,,WDF4843,31,0,19,7,,31,A
367456430,2022-01-02T17:50:21,29.11952,-89.30896,0.1,184.1,511.0,CAPT WEBSTER,,WDF4843,31,0,19,7,,31,A
367456430,2022-01-02T07:42:11,28.96221,-89.37622,0.0,249.7,511.0,CAPT WEBSTER,,WDF4843,31,0,19,7,,31,A
367456430,2022-01-02T17:43:31,29.11646,-89.30501,5.2,294.0,511.0,CAPT WEBSTER,,WDF4843,31,0,19,7,,31,A
367456430,2022-01-02T16:55:42,29.10944,-89.28241,3.7,255.9,511.0,CAPT WEBSTER,,WDF4843,31,0,19,7,,31,A
367456430,2022-01-02T17:15:00,29.11584,-89.30370,0.4,243.9,511.0,CAPT WEBSTER,,WDF4843,31,0,19,7,,31,A
367456430,2022-01-02T17:16:22,29.11564,-89.30318,1.0,117.0,511.0,CAPT WEBSTER,,WDF4843,31,0,19,7,,31,A
367456430,2022-01-02T17:39:41,29.11539,-89.30213,0.0,40.0,511.0,CAPT WEBSTER,,WDF4843,31,0,19,7,,31,A
367456430,2022-01-02T16:56:51,29.10914,-89.28378,3.8,252.6,511.0,CAPT WEBSTER,,WDF4843,31,0,19,7,,31,A
367456430,2022-01-02T16:59:11,29.10823,-89.28607,2.2,238.2,511.0,CAPT WEBSTER,,WDF4843,31,0,19,7,,31,A
367456430,2022-01-02T17:46:52,29.11905,-89.30869,2.6,333.2,511.0,CAPT WEBSTER,,WDF4843,31,0,19,7,,31,A
367456430,2022-01-02T17:25:51,29.11537,-89.30214,0.1,26.4,511.0,CAPT WEBSTER,,WDF4843,31,0,19,7,,31,A
367456430,2022-01-02T18:02:20,29.11950,-89.30873,0.4,11.3,511.0,CAPT WEBSTER,,WDF4843,31,0,19,7,,31,A
367456430,2022-01-02T17:10:12,29.11346,-89.29822,4.8,300.4,511.0,CAPT WEBSTER,,WDF4843,31,0,19,7,,31,A
367456430,2022-01-02T17:55:11,29.11952,-89.30887,0.3,13.8,511.0,CAPT WEBSTER,,WDF4843,31,0,19,7,,31,A
367456430,2022-01-02T17:30:52,29.11539,-89.30209,0.0,66.1,511.0,CAPT WEBSTER,,WDF4843,31,0,19,7,,31,A
367456430,2022-01-02T17:33:31,29.11539,-89.30209,0.0,344.8,511.0,CAPT WEBSTER,,WDF4843,31,0,19,7,,31,A
367456430,2022-01-02T17:17:31,29.11548,-89.30285,1.0,119.8,511.0,CAPT WEBSTER,,WDF4843,31,0,19,7,,31,A
367456430,2022-01-02T18:08:51,29.11923,-89.30872,0.5,78.9,511.0,CAPT WEBSTER,,WDF4843,31,0,19,7,,31,A
367456430,2022-01-02T17:53:51,29.11938,-89.30896,0.1,144.8,511.0,CAPT WEBSTER,,WDF4843,31,0,19,7,,31,A
367456430,2022-01-02T18:09:52,29.11940,-89.30862,0.2,26.3,511.0,CAPT WEBSTER,,WDF4843,31,0,19,7,,31,A
367456430,2022-01-02T17:57:31,29.11943,-89.30884,0.2,37.2,511.0,CAPT WEBSTER,,WDF4843,31,0,19,7,,31,A
367456430,2022-01-02T17:21:11,29.11528,-89.30220,0.2,89.3,511.0,CAPT WEBSTER,,WDF4843,31,0,19,7,,31,A
367456430,2022-01-02T17:37:21,29.11539,-89.30213,0.0,29.3,511.0,CAPT WEBSTER,,WDF4843,31,0,19,7,,31,A
367456430,2022-01-02T17:23:32,29.11531,-89.30217,0.1,6.3,511.0,CAPT WEBSTER,,WDF4843,31,0,19,7,,31,A
367456430,2022-01-02T17:24:41,29.11533,-89.30217,0.1,20.6,511.0,CAPT WEBSTER,,WDF4843,31,0,19,7,,31,A
367456430,2022-01-02T18:01:11,29.11934,-89.30878,0.1,144.0,511.0,CAPT WEBSTER,,WDF4843,31,0,19,7,,31,A
367456430,2022-01-02T17:42:21,29.11583,-89.30336,4.4,288.6,511.0,CAPT WEBSTER,,WDF4843,31,0,19,7,,31,A
367456430,2022-01-02T18:19:12,29.11929,-89.30857,0.1,150.0,511.0,CAPT WEBSTER,,WDF4843,31,0,19,7,,31,A
367456430,2022-01-02T17:45:51,29.11828,-89.30814,3.7,328.0,511.0,CAPT WEBSTER,,WDF4843,31,0,19,7,,31,A
367456430,2022-01-02T07:54:02,28.96220,-89.37625,0.0,227.6,511.0,CAPT WEBSTER,,WDF4843,31,0,19,7,,31,A
367456430,2022-01-02T18:11:00,29.11949,-89.30855,0.1,15.5,511.0,CAPT WEBSTER,,WDF4843,31,0,19,7,,31,A
367456430,2022-01-02T07:55:10,28.96219,-89.37620,0.0,223.9,511.0,CAPT WEBSTER,,WDF4843,31,0,19,7,,31,A
367456430,2022-01-02T17:51:31,29.11952,-89.30895,0.5,282.9,511.0,CAPT WEBSTER,,WDF4843,31,0,19,7,,31,A
367456430,2022-01-02T18:27:21,29.11900,-89.30855,0.6,176.7,511.0,CAPT WEBSTER,,WDF4843,31,0,19,7,,31,A
367456430,2022-01-02T18:28:30,29.11853,-89.30835,2.2,152.5,511.0,CAPT WEBSTER,,WDF4843,31,0,19,7,,31,A
367456430,2022-01-02T18:33:11,29.11660,-89.30579,3.5,114.5,511.0,CAPT WEBSTER,,WDF4843,31,0,19,7,,31,A
367456430,2022-01-02T18:18:10,29.11933,-89.30858,0.1,132.9,511.0,CAPT WEBSTER,,WDF4843,31,0,19,7,,31,A
367456430,2022-01-02T07:56:22,28.96219,-89.37619,0.0,222.4,511.0,CAPT WEBSTER,,WDF4843,31,0,19,7,,31,A
367456430,2022-01-02T18:00:01,29.11946,-89.30880,0.3,180.3,511.0,CAPT WEBSTER,,WDF4843,31,0,19,7,,31,A
367456430,2022-01-02T17:56:21,29.11949,-89.30887,0.8,207.3,511.0,CAPT WEBSTER,,WDF4843,31,0,19,7,,31,A
367456430,2022-01-02T18:20:22,29.11924,-89.30857,0.1,176.2,511.0,CAPT WEBSTER,,WDF4843,31,0,19,7,,31,A
367456430,2022-01-02T17:44:41,29.11725,-89.30673,5.4,301.4,511.0,CAPT WEBSTER,,WDF4843,31,0,19,7,,31,A
367456430,2022-01-02T18:03:42,29.11942,-89.30875,1.2,189.6,511.0,CAPT WEBSTER,,WDF4843,31,0,19,7,,31,A
367456430,2022-01-02T18:47:11,29.11489,-89.30102,0.0,341.6,511.0,CAPT WEBSTER,,WDF4843,31,0,19,7,,31,A
367456430,2022-01-02T18:35:10,29.11588,-89.30401,2.3,113.6,511.0,CAPT WEBSTER,,WDF4843,31,0,19,7,,31,A
367456430,2022-01-02T18:12:10,29.11956,-89.30851,0.1,27.9,511.0,CAPT WEBSTER,,WDF4843,31,0,19,7,,31,A
367456430,2022-01-02T08:05:01,28.96221,-89.37622,0.0,203.8,511.0,CAPT WEBSTER,,WDF4843,31,0,19,7,,31,A
367456430,2022-01-02T18:17:00,29.11949,-89.30854,0.5,118.6,511.0,CAPT WEBSTER,,WDF4843,31,0,19,7,,31,A
367456430,2022-01-02T08:06:12,28.96221,-89.37621,0.0,198.0,511.0,CAPT WEBSTER,,WDF4843,31,0,19,7,,31,A
367456430,2022-01-02T17:58:41,29.11953,-89.30878,0.0,17.3,511.0,CAPT WEBSTER,,WDF4843,31,0,19,7,,31,A
367456430,2022-01-02T18:14:30,29.11961,-89.30851,0.7,222.6,511.0,CAPT WEBSTER,,WDF4843,31,0,19,7,,31,A
367456430,2022-01-02T18:59:30,29.11487,-89.30104,0.0,209.8,511.0,CAPT WEBSTER,,WDF4843,31,0,19,7,,31,A
367456430,2022-01-02T18:06:20,29.11928,-89.30875,0.5,109.2,511.0,CAPT WEBSTER,,WDF4843,31,0,19,7,,31,A
367456430,2022-01-02T18:07:32,29.11919,-89.30874,0.1,198.8,511.0,CAPT WEBSTER,,WDF4843,31,0,19,7,,31,A
367456430,2022-01-02T18:04:51,29.11939,-89.30867,0.3,27.4,511.0,CAPT WEBSTER,,WDF4843,31,0,19,7,,31,A
367456430,2022-01-02T18:26:12,29.11914,-89.30853,0.0,94.2,511.0,CAPT WEBSTER,,WDF4843,31,0,19,7,,31,A
367456430,2022-01-02T18:21:31,29.11921,-89.30861,0.2,193.3,511.0,CAPT WEBSTER,,WDF4843,31,0,19,7,,31,A
367456430,2022-01-02T18:23:51,29.11917,-89.30858,0.0,179.9,511.0,CAPT WEBSTER,,WDF4843,31,0,19,7,,31,A
367456430,2022-01-02T18:50:02,29.11488,-89.30104,0.0,290.8,511.0,CAPT WEBSTER,,WDF4843,31,0,19,7,,31,A
367456430,2022-01-02T18:13:21,29.11964,-89.30846,0.7,28.5,511.0,CAPT WEBSTER,,WDF4843,31,0,19,7,,31,A
367456430,2022-01-02T18:15:42,29.11948,-89.30859,0.0,210.8,511.0,CAPT WEBSTER,,WDF4843,31,0,19,7,,31,A
367456430,2022-01-02T19:12:01,29.11488,-89.30102,0.0,225.6,511.0,CAPT WEBSTER,,WDF4843,31,0,19,7,,31,A
367456430,2022-01-02T18:36:22,29.11558,-89.30329,2.0,105.7,511.0,CAPT WEBSTER,,WDF4843,31,0,19,7,,31,A
367456430,2022-01-02T18:37:30,29.11527,-89.30254,2.2,108.5,511.0,CAPT WEBSTER,,WDF4843,31,0,19,7,,31,A
367456430,2022-01-02T18:48:52,29.11486,-89.30105,0.0,314.0,511.0,CAPT WEBSTER,,WDF4843,31,0,19,7,,31,A
367456430,2022-01-02T19:06:12,29.11490,-89.30103,0.0,213.2,511.0,CAPT WEBSTER,,WDF4843,31,0,19,7,,31,A
367456430,2022-01-02T18:51:10,29.11487,-89.30107,0.0,274.8,511.0,CAPT WEBSTER,,WDF4843,31,0,19,7,,31,A
367456430,2022-01-02T18:29:42,29.11784,-89.30792,2.2,146.9,511.0,CAPT WEBSTER,,WDF4843,31,0,19,7,,31,A
367456430,2022-01-02T19:25:51,29.11488,-89.30102,0.0,235.2,511.0,CAPT WEBSTER,,WDF4843,31,0,19,7,,31,A
367456430,2022-01-02T08:12:41,28.96221,-89.37623,0.0,197.4,511.0,CAPT WEBSTER,,WDF4843,31,0,19,7,,31,A
367456430,2022-01-02T18:32:01,29.11707,-89.30687,2.6,121.0,511.0,CAPT WEBSTER,,WDF4843,31,0,19,7,,31,A
367456430,2022-01-02T18:38:40,29.11495,-89.30170,2.7,115.0,511.0,CAPT WEBSTER,,WDF4843,31,0,19,7,,31,A
367456430,2022-01-02T18:55:00,29.11487,-89.30103,0.0,248.1,511.0,CAPT WEBSTER,,WDF4843,31,0,19,7,,31,A
367456430,2022-01-02T19:08:31,29.11489,-89.30103,0.0,216.3,511.0,CAPT WEBSTER,,WDF4843,31,0,19,7,,31,A
367456430,2022-01-02T19:13:10,29.11487,-89.30103,0.0,218.5,511.0,CAPT WEBSTER,,WDF4843,31,0,19,7,,31,A
367456430,2022-01-02T18:39:52,29.11474,-89.30114,0.5,99.1,511.0,CAPT WEBSTER,,WDF4843,31,0,19,7,,31,A
367456430,2022-01-02T18:53:52,29.11486,-89.30108,0.0,254.5,511.0,CAPT WEBSTER,,WDF4843,31,0,19,7,,31,A
367456430,2022-01-02T19:00:00,29.11487,-89.30105,0.0,209.8,511.0,CAPT WEBSTER,,WDF4843,31,0,19,7,,31,A
367456430,2022-01-02T19:36:51,29.11487,-89.30101,0.0,242.3,511.0,CAPT WEBSTER,,WDF4843,31,0,19,7,,31,A
367456430,2022-01-02T18:57:11,29.11488,-89.30102,0.0,236.1,511.0,CAPT WEBSTER,,WDF4843,31,0,19,7,,31,A
367456430,2022-01-02T19:04:00,29.11491,-89.30102,0.0,213.1,511.0,CAPT WEBSTER,,WDF4843,31,0,19,7,,31,A
367456430,2022-01-02T08:16:32,28.96220,-89.37616,0.0,199.9,511.0,CAPT WEBSTER,,WDF4843,31,0,19,7,,31,A
367456430,2022-01-02T18:43:51,29.11491,-89.30103,0.1,37.5,511.0,CAPT WEBSTER,,WDF4843,31,0,19,7,,31,A
367456430,2022-01-02T18:45:01,29.11489,-89.30102,0.0,20.0,511.0,CAPT WEBSTER,,WDF4843,31,0,19,7,,31,A
367456430,2022-01-02T18:46:02,29.11489,-89.30102,0.0,6.0,511.0,CAPT WEBSTER,,WDF4843,31,0,19,7,,31,A
367456430,2022-01-02T19:24:42,29.11487,-89.30102,0.0,232.2,511.0,CAPT WEBSTER,,WDF4843,31,0,19,7,,31,A
367456430,2022-01-02T19:22:21,29.11489,-89.30100,0.0,228.1,511.0,CAPT WEBSTER,,WDF4843,31,0,19,7,,31,A
367456430,2022-01-02T08:20:10,28.96220,-89.37620,0.0,215.5,511.0,CAPT WEBSTER,,WDF4843,31,0,19,7,,31,A
367456430,2022-01-02T19:48:11,29.11487,-89.30102,0.0,236.5,511.0,CAPT WEBSTER,,WDF4843,31,0,19,7,,31,A
367456430,2022-01-02T18:52:22,29.11484,-89.30111,0.0,269.9,511.0,CAPT WEBSTER,,WDF4843,31,0,19,7,,31,A
367456430,2022-01-02T19:10:51,29.11488,-89.30103,0.0,231.2,511.0,CAPT WEBSTER,,WDF4843,31,0,19,7,,31,A
367456430,2022-01-02T08:22:30,28.96219,-89.37621,0.0,225.4,511.0,CAPT WEBSTER,,WDF4843,31,0,19,7,,31,A
367456430,2022-01-02T19:16:30,29.11489,-89.30104,0.0,213.3,511.0,CAPT WEBSTER,,WDF4843,31,0,19,7,,31,A
367456430,2022-01-02T18:56:10,29.11485,-89.30107,0.0,244.4,511.0,CAPT WEBSTER,,WDF4843,31,0,19,7,,31,A
367456430,2022-01-02T19:17:40,29.11489,-89.30102,0.0,212.7,511.0,CAPT WEBSTER,,WDF4843,31,0,19,7,,31,A
367456430,2022-01-02T19:15:22,29.11489,-89.30105,0.0,220.1,511.0,CAPT WEBSTER,,WDF4843,31,0,19,7,,31,A
367456430,2022-01-02T08:23:42,28.96219,-89.37619,0.0,233.5,511.0,CAPT WEBSTER,,WDF4843,31,0,19,7,,31,A
367456430,2022-01-02T18:58:21,29.11488,-89.30104,0.0,219.7,511.0,CAPT WEBSTER,,WDF4843,31,0,19,7,,31,A
367456430,2022-01-02T19:59:41,29.11487,-89.30104,0.0,254.9,511.0,CAPT WEBSTER,,WDF4843,31,0,19,7,,31,A
367456430,2022-01-02T19:41:21,29.11488,-89.30100,0.0,237.2,511.0,CAPT WEBSTER,,WDF4843,31,0,19,7,,31,A
367456430,2022-01-02T19:19:00,29.11489,-89.30102,0.0,217.2,511.0,CAPT WEBSTER,,WDF4843,31,0,19,7,,31,A
367456430,2022-01-02T19:42:41,29.11487,-89.30102,0.0,238.6,511.0,CAPT WEBSTER,,WDF4843,31,0,19,7,,31,A
367456430,2022-01-02T19:02:50,29.11490,-89.30102,0.0,212.2,511.0,CAPT WEBSTER,,WDF4843,31,0,19,7,,31,A
367456430,2022-01-02T19:07:21,29.11490,-89.30103,0.0,216.6,511.0,CAPT WEBSTER,,WDF4843,31,0,19,7,,31,A
367456430,2022-01-02T19:20:01,29.11488,-89.30101,0.0,220.0,511.0,CAPT WEBSTER,,WDF4843,31,0,19,7,,31,A
367456430,2022-01-02T19:09:41,29.11488,-89.30102,0.0,215.7,511.0,CAPT WEBSTER,,WDF4843,31,0,19,7,,31,A
367456430,2022-01-02T19:05:11,29.11491,-89.30101,0.0,213.1,511.0,CAPT WEBSTER,,WDF4843,31,0,19,7,,31,A
367456430,2022-01-02T19:23:32,29.11488,-89.30101,0.0,229.7,511.0,CAPT WEBSTER,,WDF4843,31,0,19,7,,31,A
367456430,2022-01-02T19:47:01,29.11487,-89.30104,0.0,234.5,511.0,CAPT WEBSTER,,WDF4843,31,0,19,7,,31,A
367456430,2022-01-02T19:28:11,29.11486,-89.30101,0.0,237.4,511.0,CAPT WEBSTER,,WDF4843,31,0,19,7,,31,A
367456430,2022-01-02T19:29:21,29.11487,-89.30102,0.0,239.0,511.0,CAPT WEBSTER,,WDF4843,31,0,19,7,,31,A
367456430,2022-01-02T08:30:11,28.96218,-89.37616,0.0,233.2,511.0,CAPT WEBSTER,,WDF4843,31,0,19,7,,31,A
367456430,2022-01-02T08:31:51,28.96217,-89.37619,0.0,226.1,511.0,CAPT WEBSTER,,WDF4843,31,0,19,7,,31,A
367456430,2022-01-02T20:14:31,29.11485,-89.30105,0.0,294.7,511.0,CAPT WEBSTER,,WDF4843,31,0,19,7,,31,A
367456430,2022-01-02T19:45:52,29.11489,-89.30101,0.0,234.4,511.0,CAPT WEBSTER,,WDF4843,31,0,19,7,,31,A
367456430,2022-01-02T19:55:12,29.11486,-89.30106,0.0,254.3,511.0,CAPT WEBSTER,,WDF4843,31,0,19,7,,31,A
367456430,2022-01-02T19:21:11,29.11488,-89.30101,0.0,221.1,511.0,CAPT WEBSTER,,WDF4843,31,0,19,7,,31,A
367456430,2022-01-02T19:56:22,29.11487,-89.30104,0.0,260.1,511.0,CAPT WEBSTER,,WDF4843,31,0,19,7,,31,A
367456430,2022-01-02T19:33:11,29.11486,-89.30102,0.0,247.2,511.0,CAPT WEBSTER,,WDF4843,31,0,19,7,,31,A
367456430,2022-01-02T08:37:51,28.96218,-89.37618,0.0,250.3,511.0,CAPT WEBSTER,,WDF4843,31,0,19,7,,31,A
367456430,2022-01-02T20:04:10,29.11488,-89.30104,0.0,258.1,511.0,CAPT WEBSTER,,WDF4843,31,0,19,7,,31,A
367456430,2022-01-02T19:39:02,29.11488,-89.30100,0.0,236.7,511.0,CAPT WEBSTER,,WDF4843,31,0,19,7,,31,A
367456430,2022-01-02T19:57:31,29.11487,-89.30103,0.0,258.1,511.0,CAPT WEBSTER,,WDF4843,31,0,19,7,,31,A
367456430,2022-01-02T19:27:01,29.11485,-89.30103,0.0,235.6,511.0,CAPT WEBSTER,,WDF4843,31,0,19,7,,31,A
367456430,2022-01-02T20:29:01,29.11488,-89.30103,0.0,299.7,511.0,CAPT WEBSTER,,WDF4843,31,0,19,7,,31,A
367456430,2022-01-02T08:39:12,28.96217,-89.37620,0.0,256.8,511.0,CAPT WEBSTER,,WDF4843,31,0,19,7,,31,A
367456430,2022-01-02T19:30:52,29.11488,-89.30101,0.0,240.2,511.0,CAPT WEBSTER,,WDF4843,31,0,19,7,,31,A
367456430,2022-01-02T19:44:50,29.11487,-89.30103,0.0,238.6,511.0,CAPT WEBSTER,,WDF4843,31,0,19,7,,31,A
367456430,2022-01-02T19:32:01,29.11487,-89.30102,0.0,248.1,511.0,CAPT WEBSTER,,WDF4843,31,0,19,7,,31,A
367456430,2022-01-02T20:13:21,29.11483,-89.30108,0.0,286.5,511.0,CAPT WEBSTER,,WDF4843,31,0,19,7,,31,A
367456430,2022-01-02T19:34:21,29.11487,-89.30102,0.0,244.7,511.0,CAPT WEBSTER,,WDF4843,31,0,19,7,,31,A
367456430,2022-01-02T19:35:32,29.11487,-89.30101,0.0,243.1,511.0,CAPT WEBSTER,,WDF4843,31,0,19,7,,31,A
367456430,2022-01-02T19:51:41,29.11489,-89.30103,0.0,252.3,511.0,CAPT WEBSTER,,WDF4843,31,0,19,7,,31,A
367456430,2022-01-02T20:09:00,29.11486,-89.30103,0.0,263.7,511.0,CAPT WEBSTER,,WDF4843,31,0,19,7,,31,A
367456430,2022-01-02T20:36:01,29.11488,-89.30103,0.0,291.9,511.0,CAPT WEBSTER,,WDF4843,31,0,19,7,,31,A
367456430,2022-01-02T20:18:01,29.11488,-89.30101,0.0,302.6,511.0,CAPT WEBSTER,,WDF4843,31,0,19,7,,31,A
367456430,2022-01-02T20:11:11,29.11487,-89.30102,0.0,259.9,511.0,CAPT WEBSTER,,WDF4843,31,0,19,7,,31,A
367456430,2022-01-02T20:38:31,29.11489,-89.30104,0.0,291.7,511.0,CAPT WEBSTER,,WDF4843,31,0,19,7,,31,A
367456430,2022-01-02T20:21:31,29.11487,-89.30102,0.0,299.7,511.0,CAPT WEBSTER,,WDF4843,31,0,19,7,,31,A
367456430,2022-01-02T19:58:32,29.11487,-89.30103,0.0,258.1,511.0,CAPT WEBSTER,,WDF4843,31,0,19,7,,31,A
367456430,2022-01-02T19:43:42,29.11489,-89.30103,0.0,238.0,511.0,CAPT WEBSTER,,WDF4843,31,0,19,7,,31,A
367456430,2022-01-02T20:42:02,29.11488,-89.30102,0.0,291.5,511.0,CAPT WEBSTER,,WDF4843,31,0,19,7,,31,A
367456430,2022-01-02T20:01:52,29.11488,-89.30104,0.0,257.7,511.0,CAPT WEBSTER,,WDF4843,31,0,19,7,,31,A
367456430,2022-01-02T20:15:40,29.11488,-89.30101,0.0,297.6,511.0,CAPT WEBSTER,,WDF4843,31,0,19,7,,31,A
367456430,2022-01-02T20:44:22,29.11489,-89.30105,0.0,291.7,511.0,CAPT WEBSTER,,WDF4843,31,0,19,7,,31,A
367456430,2022-01-02T20:05:30,29.11487,-89.30102,0.0,256.2,511.0,CAPT WEBSTER,,WDF4843,31,0,19,7,,31,A
367456430,2022-01-02T20:26:41,29.11486,-89.30105,0.0,303.2,511.0,CAPT WEBSTER,,WDF4843,31,0,19,7,,31,A
367456430,2022-01-02T20:06:41,29.11487,-89.30102,0.0,258.4,511.0,CAPT WEBSTER,,WDF4843,31,0,19,7,,31,A
367456430,2022-01-02T19:52:51,29.11488,-89.30104,0.0,255.5,511.0,CAPT WEBSTER,,WDF4843,31,0,19,7,,31,A
367456430,2022-01-02T19:54:01,29.11485,-89.30107,0.0,254.1,511.0,CAPT WEBSTER,,WDF4843,31,0,19,7,,31,A
367456430,2022-01-02T20:20:21,29.11488,-89.30102,0.0,304.5,511.0,CAPT WEBSTER,,WDF4843,31,0,19,7,,31,A
367456430,2022-01-02T20:22:40,29.11487,-89.30101,0.0,309.0,511.0,CAPT WEBSTER,,WDF4843,31,0,19,7,,31,A
367456430,2022-01-02T20:33:12,29.11487,-89.30101,0.0,290.4,511.0,CAPT WEBSTER,,WDF4843,31,0,19,7,,31,A
367456430,2022-01-02T20:03:01,29.11488,-89.30103,0.0,255.2,511.0,CAPT WEBSTER,,WDF4843,31,0,19,7,,31,A
367456430,2022-01-02T21:01:12,29.11491,-89.30102,0.0,326.6,511.0,CAPT WEBSTER,,WDF4843,31,0,19,7,,31,A
367456430,2022-01-02T20:23:51,29.11488,-89.30101,0.0,307.4,511.0,CAPT WEBSTER,,WDF4843,31,0,19,7,,31,A
367456430,2022-01-02T21:03:30,29.11491,-89.30100,0.0,320.6,511.0,CAPT WEBSTER,,WDF4843,31,0,19,7,,31,A
367456430,2022-01-02T20:07:51,29.11486,-89.30103,0.0,259.1,511.0,CAPT WEBSTER,,WDF4843,31,0,19,7,,31,A
367456430,2022-01-02T20:50:21,29.11488,-89.30102,0.0,285.0,511.0,CAPT WEBSTER,,WDF4843,31,0,19,7,,31,A
367456430,2022-01-02T20:30:52,29.11488,-89.30102,0.0,291.6,511.0,CAPT WEBSTER,,WDF4843,31,0,19,7,,31,A
367456430,2022-01-02T08:54:01,28.96219,-89.37622,0.0,293.0,511.0,CAPT WEBSTER,,WDF4843,31,0,19,7,,31,A
367456430,2022-01-02T20:16:51,29.11485,-89.30103,0.0,296.3,511.0,CAPT WEBSTER,,WDF4843,31,0,19,7,,31,A
367456430,2022-01-02T20:10:01,29.11485,-89.30102,0.0,260.0,511.0,CAPT WEBSTER,,WDF4843,31,0,19,7,,31,A
367456430,2022-01-02T08:55:31,28.96221,-89.37622,0.0,296.0,511.0,CAPT WEBSTER,,WDF4843,31,0,19,7,,31,A
367456430,2022-01-02T20:54:00,29.11485,-89.30108,0.0,322.8,511.0,CAPT WEBSTER,,WDF4843,31,0,19,7,,31,A
367456430,2022-01-02T20:45:32,29.11489,-89.30103,0.0,288.4,511.0,CAPT WEBSTER,,WDF4843,31,0,19,7,,31,A
367456430,2022-01-02T20:12:12,29.11487,-89.30101,0.0,260.3,511.0,CAPT WEBSTER,,WDF4843,31,0,19,7,,31,A
367456430,2022-01-02T20:47:52,29.11488,-89.30103,0.0,286.1,511.0,CAPT WEBSTER,,WDF4843,31,0,19,7,,31,A
367456430,2022-01-02T08:59:01,28.96220,-89.37621,0.0,314.4,511.0,CAPT WEBSTER,,WDF4843,31,0,19,7,,31,A
367456430,2022-01-02T21:15:31,29.11487,-89.30104,0.0,276.4,511.0,CAPT WEBSTER,,WDF4843,31,0,19,7,,31,A
367456430,2022-01-02T21:16:40,29.11493,-89.30098,0.0,281.8,511.0,CAPT WEBSTER,,WDF4843,31,0,19,7,,31,A
367456430,2022-01-02T20:34:50,29.11488,-89.30103,0.0,288.1,511.0,CAPT WEBSTER,,WDF4843,31,0,19,7,,31,A
367456430,2022-01-02T20:25:21,29.11486,-89.30103,0.0,304.2,511.0,CAPT WEBSTER,,WDF4843,31,0,19,7,,31,A
367456430,2022-01-02T20:57:40,29.11489,-89.30102,0.0,326.9,511.0,CAPT WEBSTER,,WDF4843,31,0,19,7,,31,A
367456430,2022-01-02T20:32:01,29.11486,-89.30102,0.0,292.7,511.0,CAPT WEBSTER,,WDF4843,31,0,19,7,,31,A
367456430,2022-01-02T20:46:41,29.11488,-89.30104,0.0,285.8,511.0,CAPT WEBSTER,,WDF4843,31,0,19,7,,31,A
367456430,2022-01-02T21:09:30,29.11492,-89.30101,0.0,269.7,511.0,CAPT WEBSTER,,WDF4843,31,0,19,7,,31,A
367456430,2022-01-02T20:51:42,29.11487,-89.30102,0.0,293.5,511.0,CAPT WEBSTER,,WDF4843,31,0,19,7,,31,A
367456430,2022-01-02T21:04:41,29.11491,-89.30099,0.0,328.4,511.0,CAPT WEBSTER,,WDF4843,31,0,19,7,,31,A
367456430,2022-01-02T20:27:51,29.11487,-89.30105,0.0,302.6,511.0,CAPT WEBSTER,,WDF4843,31,0,19,7,,31,A
367456430,2022-01-02T20:40:52,29.11489,-89.30103,0.0,291.5,511.0,CAPT WEBSTER,,WDF4843,31,0,19,7,,31,A
367456430,2022-01-02T20:43:11,29.11489,-89.30104,0.0,289.7,511.0,CAPT WEBSTER,,WDF4843,31,0,19,7,,31,A
367456430,2022-01-02T20:55:21,29.11488,-89.30107,0.0,329.5,511.0,CAPT WEBSTER,,WDF4843,31,0,19,7,,31,A
367456430,2022-01-02T20:59:01,29.11489,-89.30100,0.0,325.2,511.0,CAPT WEBSTER,,WDF4843,31,0,19,7,,31,A
367456430,2022-01-02T21:17:52,29.11488,-89.30106,0.0,300.0,511.0,CAPT WEBSTER,,WDF4843,31,0,19,7,,31,A
367456430,2022-01-02T21:08:11,29.11492,-89.30103,0.0,285.1,511.0,CAPT WEBSTER,,WDF4843,31,0,19,7,,31,A
367456430,2022-01-02T21:02:22,29.11492,-89.30102,0.0,321.8,511.0,CAPT WEBSTER,,WDF4843,31,0,19,7,,31,A
367456430,2022-01-02T21:42:22,29.11487,-89.30102,0.0,277.7,511.0,CAPT WEBSTER,,WDF4843,31,0,19,7,,31,A
367456430,2022-01-02T09:07:10,28.96220,-89.37623,0.0,284.9,511.0,CAPT WEBSTER,,WDF4843,31,0,19,7,,31,A
367456430,2022-01-02T20:39:42,29.11489,-89.30104,0.0,291.8,511.0,CAPT WEBSTER,,WDF4843,31,0,19,7,,31,A
367456430,2022-01-02T21:43:32,29.11488,-89.30103,0.0,278.3,511.0,CAPT WEBSTER,,WDF4843,31,0,19,7,,31,A
367456430,2022-01-02T21:05:51,29.11491,-89.30100,0.0,326.6,511.0,CAPT WEBSTER,,WDF4843,31,0,19,7,,31,A
367456430,2022-01-02T21:10:41,29.11494,-89.30101,0.0,263.8,511.0,CAPT WEBSTER,,WDF4843,31,0,19,7,,31,A
367456430,2022-01-02T21:23:40,29.11485,-89.30111,0.0,291.2,511.0,CAPT WEBSTER,,WDF4843,31,0,19,7,,31,A
367456430,2022-01-02T21:46:01,29.11492,-89.30103,0.0,276.5,511.0,CAPT WEBSTER,,WDF4843,31,0,19,7,,31,A
367456430,2022-01-02T21:47:12,29.11488,-89.30105,0.0,278.9,511.0,CAPT WEBSTER,,WDF4843,31,0,19,7,,31,A
367456430,2022-01-02T21:25:21,29.11488,-89.30104,0.0,279.2,511.0,CAPT WEBSTER,,WDF4843,31,0,19,7,,31,A
367456430,2022-01-02T21:00:02,29.11490,-89.30101,0.0,326.9,511.0,CAPT WEBSTER,,WDF4843,31,0,19,7,,31,A
367456430,2022-01-02T09:14:10,28.96219,-89.37621,0.0,262.2,511.0,CAPT WEBSTER,,WDF4843,31,0,19,7,,31,A
367456430,2022-01-02T21:31:12,29.11488,-89.30103,0.0,260.2,511.0,CAPT WEBSTER,,WDF4843,31,0,19,7,,31,A
367456430,2022-01-02T21:20:11,29.11490,-89.30106,0.0,303.0,511.0,CAPT WEBSTER,,WDF4843,31,0,19,7,,31,A
367456430,2022-01-02T21:21:20,29.11489,-89.30109,0.0,300.6,511.0,CAPT WEBSTER,,WDF4843,31,0,19,7,,31,A
367456430,2022-01-02T21:56:21,29.11488,-89.30105,0.0,258.5,511.0,CAPT WEBSTER,,WDF4843,31,0,19,7,,31,A
367456430,2022-01-02T21:22:21,29.11488,-89.30106,0.0,294.1,511.0,CAPT WEBSTER,,WDF4843,31,0,19,7,,31,A
367456430,2022-01-02T21:37:31,29.11490,-89.30104,0.0,265.3,511.0,CAPT WEBSTER,,WDF4843,31,0,19,7,,31,A
367456430,2022-01-02T21:12:01,29.11490,-89.30103,0.0,254.5,511.0,CAPT WEBSTER,,WDF4843,31,0,19,7,,31,A
367456430,2022-01-02T21:14:22,29.11488,-89.30106,0.0,259.0,511.0,CAPT WEBSTER,,WDF4843,31,0,19,7,,31,A
367456430,2022-01-02T21:26:30,29.11489,-89.30104,0.0,273.5,511.0,CAPT WEBSTER,,WDF4843,31,0,19,7,,31,A
367456430,2022-01-02T22:02:51,29.11489,-89.30105,0.0,280.2,511.0,CAPT WEBSTER,,WDF4843,31,0,19,7,,31,A
367456430,2022-01-02T21:19:02,29.11489,-89.30107,0.0,313.8,511.0,CAPT WEBSTER,,WDF4843,31,0,19,7,,31,A
367456430,2022-01-02T21:07:02,29.11493,-89.30103,0.0,302.2,511.0,CAPT WEBSTER,,WDF4843,31,0,19,7,,31,A
367456430,2022-01-02T22:06:22,29.11489,-89.30102,0.0,285.6,511.0,CAPT WEBSTER,,WDF4843,31,0,19,7,,31,A
367456430,2022-01-02T21:33:31,29.11490,-89.30101,0.0,258.5,511.0,CAPT WEBSTER,,WDF4843,31,0,19,7,,31,A
367456430,2022-01-02T21:35:12,29.11492,-89.30106,0.0,260.8,511.0,CAPT WEBSTER,,WDF4843,31,0,19,7,,31,A
367456430,2022-01-02T21:49:32,29.11487,-89.30108,0.0,268.8,511.0,CAPT WEBSTER,,WDF4843,31,0,19,7,,31,A
367456430,2022-01-02T22:09:52,29.11490,-89.30100,0.0,284.7,511.0,CAPT WEBSTER,,WDF4843,31,0,19,7,,31,A
367456430,2022-01-02T21:51:51,29.11488,-89.30108,0.0,264.8,511.0,CAPT WEBSTER,,WDF4843,31,0,19,7,,31,A
367456430,2022-01-02T21:36:22,29.11492,-89.30104,0.0,263.2,511.0,CAPT WEBSTER,,WDF4843,31,0,19,7,,31,A
367456430,2022-01-02T21:53:00,29.11487,-89.30105,0.0,264.6,511.0,CAPT WEBSTER,,WDF4843,31,0,19,7,,31,A
367456430,2022-01-02T21:13:11,29.11490,-89.30099,0.0,261.0,511.0,CAPT WEBSTER,,WDF4843,31,0,19,7,,31,A
367456430,2022-01-02T21:54:12,29.11487,-89.30108,0.0,262.6,511.0,CAPT WEBSTER,,WDF4843,31,0,19,7,,31,A
367456430,2022-01-02T21:38:51,29.11489,-89.30102,0.0,269.3,511.0,CAPT WEBSTER,,WDF4843,31,0,19,7,,31,A
367456430,2022-01-02T21:55:20,29.11488,-89.30106,0.0,261.5,511.0,CAPT WEBSTER,,WDF4843,31,0,19,7,,31,A
367456430,2022-01-02T22:14:21,29.11490,-89.30102,0.0,277.8,511.0,CAPT WEBSTER,,WDF4843,31,0,19,7,,31,A
367456430,2022-01-02T22:01:42,29.11487,-89.30105,0.0,273.9,511.0,CAPT WEBSTER,,WDF4843,31,0,19,7,,31,A
367456430,2022-01-02T22:00:02,29.11488,-89.30104,0.0,279.4,511.0,CAPT WEBSTER,,WDF4843,31,0,19,7,,31,A
367456430,2022-01-02T22:05:11,29.11489,-89.30104,0.0,283.4,511.0,CAPT WEBSTER,,WDF4843,31,0,19,7,,31,A
367456430,2022-01-02T21:48:22,29.11490,-89.30105,0.0,273.3,511.0,CAPT WEBSTER,,WDF4843,31,0,19,7,,31,A
367456430,2022-01-02T22:23:42,29.11488,-89.30106,0.0,254.2,511.0,CAPT WEBSTER,,WDF4843,31,0,19,7,,31,A
367456430,2022-01-02T21:50:41,29.11489,-89.30107,0.0,268.7,511.0,CAPT WEBSTER,,WDF4843,31,0,19,7,,31,A
367456430,2022-01-02T21:27:40,29.11488,-89.30103,0.0,267.6,511.0,CAPT WEBSTER,,WDF4843,31,0,19,7,,31,A
367456430,2022-01-02T22:15:31,29.11490,-89.30103,0.0,276.1,511.0,CAPT WEBSTER,,WDF4843,31,0,19,7,,31,A
367456430,2022-01-02T21:32:22,29.11488,-89.30103,0.0,260.2,511.0,CAPT WEBSTER,,WDF4843,31,0,19,7,,31,A
367456430,2022-01-02T21:58:52,29.11489,-89.30105,0.0,276.3,511.0,CAPT WEBSTER,,WDF4843,31,0,19,7,,31,A
367456430,2022-01-02T22:21:21,29.11490,-89.30104,0.0,263.1,511.0,CAPT WEBSTER,,WDF4843,31,0,19,7,,31,A
367456430,2022-01-02T22:39:22,29.11489,-89.30104,0.0,279.1,511.0,CAPT WEBSTER,,WDF4843,31,0,19,7,,31,A
367456430,2022-01-02T22:41:42,29.11489,-89.30105,0.0,277.8,511.0,CAPT WEBSTER,,WDF4843,31,0,19,7,,31,A
367456430,2022-01-02T21:40:01,29.11492,-89.30104,0.0,276.4,511.0,CAPT WEBSTER,,WDF4843,31,0,19,7,,31,A
367456430,2022-01-02T22:24:50,29.11485,-89.30106,0.0,252.2,511.0,CAPT WEBSTER,,WDF4843,31,0,19,7,,31,A
367456430,2022-01-02T22:08:41,29.11489,-89.30102,0.0,281.3,511.0,CAPT WEBSTER,,WDF4843,31,0,19,7,,31,A
367456430,2022-01-02T21:41:11,29.11491,-89.30102,0.0,279.1,511.0,CAPT WEBSTER,,WDF4843,31,0,19,7,,31,A
367456430,2022-01-02T22:48:42,29.11488,-89.30103,0.0,280.5,511.0,CAPT WEBSTER,,WDF4843,31,0,19,7,,31,A
367456430,2022-01-02T21:44:51,29.11490,-89.30105,0.0,280.7,511.0,CAPT WEBSTER,,WDF4843,31,0,19,7,,31,A
367456430,2022-01-02T22:13:12,29.11490,-89.30102,0.0,275.4,511.0,CAPT WEBSTER,,WDF4843,31,0,19,7,,31,A
367456430,2022-01-02T22:49:52,29.11489,-89.30103,0.0,284.2,511.0,CAPT WEBSTER,,WDF4843,31,0,19,7,,31,A
367456430,2022-01-02T22:33:12,29.11490,-89.30103,0.0,273.8,511.0,CAPT WEBSTER,,WDF4843,31,0,19,7,,31,A
367456430,2022-01-02T22:11:01,29.11490,-89.30101,0.0,281.4,511.0,CAPT WEBSTER,,WDF4843,31,0,19,7,,31,A
367456430,2022-01-02T22:12:11,29.11491,-89.30105,0.0,276.5,511.0,CAPT WEBSTER,,WDF4843,31,0,19,7,,31,A
367456430,2022-01-02T22:16:42,29.11491,-89.30104,0.0,276.2,511.0,CAPT WEBSTER,,WDF4843,31,0,19,7,,31,A
367456430,2022-01-02T22:17:52,29.11491,-89.30102,0.0,276.2,511.0,CAPT WEBSTER,,WDF4843,31,0,19,7,,31,A
367456430,2022-01-02T22:53:21,29.11489,-89.30102,0.0,285.0,511.0,CAPT WEBSTER,,WDF4843,31,0,19,7,,31,A
367456430,2022-01-02T22:36:42,29.11489,-89.30102,0.0,276.0,511.0,CAPT WEBSTER,,WDF4843,31,0,19,7,,31,A
367456430,2022-01-02T22:37:52,29.11489,-89.30102,0.0,272.4,511.0,CAPT WEBSTER,,WDF4843,31,0,19,7,,31,A
367456430,2022-01-02T22:19:11,29.11490,-89.30103,0.0,273.4,511.0,CAPT WEBSTER,,WDF4843,31,0,19,7,,31,A
367456430,2022-01-02T22:22:31,29.11488,-89.30106,0.0,260.3,511.0,CAPT WEBSTER,,WDF4843,31,0,19,7,,31,A
367456430,2022-01-02T22:46:21,29.11488,-89.30103,0.0,280.6,511.0,CAPT WEBSTER,,WDF4843,31,0,19,7,,31,A
367456430,2022-01-02T22:20:12,29.11490,-89.30103,0.0,266.5,511.0,CAPT WEBSTER,,WDF4843,31,0,19,7,,31,A
367456430,2022-01-02T23:04:41,29.11490,-89.30107,0.0,279.1,511.0,CAPT WEBSTER,,WDF4843,31,0,19,7,,31,A
367456430,2022-01-02T22:28:22,29.11489,-89.30108,0.0,258.3,511.0,CAPT WEBSTER,,WDF4843,31,0,19,7,,31,A
367456430,2022-01-02T22:26:02,29.11489,-89.30107,0.0,259.5,511.0,CAPT WEBSTER,,WDF4843,31,0,19,7,,31,A
367456430,2022-01-02T22:29:30,29.11488,-89.30103,0.0,264.9,511.0,CAPT WEBSTER,,WDF4843,31,0,19,7,,31,A
367456430,2022-01-02T22:55:42,29.11489,-89.30103,0.0,284.6,511.0,CAPT WEBSTER,,WDF4843,31,0,19,7,,31,A
367456430,2022-01-02T22:54:31,29.11489,-89.30104,0.0,285.4,511.0,CAPT WEBSTER,,WDF4843,31,0,19,7,,31,A
367456430,2022-01-02T22:59:11,29.11488,-89.30102,0.0,281.1,511.0,CAPT WEBSTER,,WDF4843,31,0,19,7,,31,A
367456430,2022-01-02T22:40:31,29.11489,-89.30105,0.0,282.3,511.0,CAPT WEBSTER,,WDF4843,31,0,19,7,,31,A
367456430,2022-01-02T09:47:11,28.96222,-89.37622,0.0,237.9,511.0,CAPT WEBSTER,,WDF4843,31,0,19,7,,31,A
367456430,2022-01-02T22:34:21,29.11489,-89.30103,0.0,270.0,511.0,CAPT WEBSTER,,WDF4843,31,0,19,7,,31,A
367456430,2022-01-02T22:35:31,29.11489,-89.30102,0.0,273.0,511.0,CAPT WEBSTER,,WDF4843,31,0,19,7,,31,A
367456430,2022-01-02T23:18:42,29.11489,-89.30103,0.0,300.7,511.0,CAPT WEBSTER,,WDF4843,31,0,19,7,,31,A
367456430,2022-01-02T22:44:01,29.11489,-89.30104,0.0,280.2,511.0,CAPT WEBSTER,,WDF4843,31,0,19,7,,31,A
367456430,2022-01-02T23:02:21,29.11489,-89.30104,0.0,277.6,511.0,CAPT WEBSTER,,WDF4843,31,0,19,7,,31,A
367456430,2022-01-02T23:09:30,29.11489,-89.30102,0.0,276.0,511.0,CAPT WEBSTER,,WDF4843,31,0,19,7,,31,A
367456430,2022-01-02T23:11:51,29.11488,-89.30104,0.0,283.8,511.0,CAPT WEBSTER,,WDF4843,31,0,19,7,,31,A
367456430,2022-01-02T22:27:12,29.11489,-89.30111,0.0,257.6,511.0,CAPT WEBSTER,,WDF4843,31,0,19,7,,31,A
367456430,2022-01-02T22:51:02,29.11489,-89.30102,0.0,283.9,511.0,CAPT WEBSTER,,WDF4843,31,0,19,7,,31,A
367456430,2022-01-02T22:52:11,29.11489,-89.30102,0.0,282.8,511.0,CAPT WEBSTER,,WDF4843,31,0,19,7,,31,A
367456430,2022-01-02T22:56:51,29.11488,-89.30103,0.0,284.0,511.0,CAPT WEBSTER,,WDF4843,31,0,19,7,,31,A
367456430,2022-01-02T09:54:02,28.96219,-89.37622,0.0,234.1,511.0,CAPT WEBSTER,,WDF4843,31,0,19,7,,31,A
367456430,2022-01-02T23:25:31,29.11488,-89.30103,0.0,274.8,511.0,CAPT WEBSTER,,WDF4843,31,0,19,7,,31,A
367456430,2022-01-02T23:23:11,29.11488,-89.30102,0.0,281.0,511.0,CAPT WEBSTER,,WDF4843,31,0,19,7,,31,A
367456430,2022-01-02T23:03:32,29.11490,-89.30107,0.0,277.8,511.0,CAPT WEBSTER,,WDF4843,31,0,19,7,,31,A
367456430,2022-01-02T23:00:01,29.11487,-89.30103,0.0,279.4,511.0,CAPT WEBSTER,,WDF4843,31,0,19,7,,31,A
367456430,2022-01-02T22:42:52,29.11489,-89.30103,0.0,281.7,511.0,CAPT WEBSTER,,WDF4843,31,0,19,7,,31,A
367456430,2022-01-02T23:07:11,29.11489,-89.30104,0.0,274.3,511.0,CAPT WEBSTER,,WDF4843,31,0,19,7,,31,A
367456430,2022-01-02T23:28:00,29.11488,-89.30105,0.0,274.3,511.0,CAPT WEBSTER,,WDF4843,31,0,19,7,,31,A
367456430,2022-01-02T22:45:12,29.11490,-89.30104,0.0,279.7,511.0,CAPT WEBSTER,,WDF4843,31,0,19,7,,31,A
367456430,2022-01-02T23:29:01,29.11488,-89.30102,0.0,283.1,511.0,CAPT WEBSTER,,WDF4843,31,0,19,7,,31,A
367456430,2022-01-02T23:08:20,29.11490,-89.30104,0.0,275.9,511.0,CAPT WEBSTER,,WDF4843,31,0,19,7,,31,A
367456430,2022-01-02T23:45:40,29.11488,-89.30105,0.0,289.3,511.0,CAPT WEBSTER,,WDF4843,31,0,19,7,,31,A
367456430,2022-01-02T23:10:42,29.11488,-89.30103,0.0,277.1,511.0,CAPT WEBSTER,,WDF4843,31,0,19,7,,31,A
367456430,2022-01-02T23:05:50,29.11491,-89.30106,0.0,274.8,511.0,CAPT WEBSTER,,WDF4843,31,0,19,7,,31,A
367456430,2022-01-02T23:32:30,29.11488,-89.30101,0.0,275.8,511.0,CAPT WEBSTER,,WDF4843,31,0,19,7,,31,A
367456430,2022-01-02T23:14:01,29.11487,-89.30105,0.0,292.3,511.0,CAPT WEBSTER,,WDF4843,31,0,19,7,,31,A
367456430,2022-01-02T23:39:41,29.11488,-89.30103,0.0,279.8,511.0,CAPT WEBSTER,,WDF4843,31,0,19,7,,31,A
367456430,2022-01-02T23:52:31,29.11488,-89.30101,0.0,278.1,511.0,CAPT WEBSTER,,WDF4843,31,0,19,7,,31,A
367456430,2022-01-02T23:16:22,29.11487,-89.30106,0.0,310.5,511.0,CAPT WEBSTER,,WDF4843,31,0,19,7,,31,A
367456430,2022-01-02T23:54:52,29.11488,-89.30102,0.0,276.0,511.0,CAPT WEBSTER,,WDF4843,31,0,19,7,,31,A
367456430,2022-01-02T23:17:31,29.11488,-89.30105,0.0,312.0,511.0,CAPT WEBSTER,,WDF4843,31,0,19,7,,31,A
367456430,2022-01-02T23:19:51,29.11489,-89.30104,0.0,290.7,511.0,CAPT WEBSTER,,WDF4843,31,0,19,7,,31,A
367456430,2022-01-02T23:22:00,29.11490,-89.30103,0.0,285.1,511.0,CAPT WEBSTER,,WDF4843,31,0,19,7,,31,A
367456430,2022-01-02T23:15:11,29.11486,-89.30106,0.0,305.2,511.0,CAPT WEBSTER,,WDF4843,31,0,19,7,,31,A
367456430,2022-01-02T23:47:42,29.11487,-89.30103,0.0,282.0,511.0,CAPT WEBSTER,,WDF4843,31,0,19,7,,31,A
367456430,2022-01-02T23:24:22,29.11489,-89.30103,0.0,279.5,511.0,CAPT WEBSTER,,WDF4843,31,0,19,7,,31,A
367456430,2022-01-02T23:26:51,29.11489,-89.30104,0.0,276.4,511.0,CAPT WEBSTER,,WDF4843,31,0,19,7,,31,A
367456430,2022-01-02T23:20:52,29.11489,-89.30103,0.0,285.8,511.0,CAPT WEBSTER,,WDF4843,31,0,19,7,,31,A
367456430,2022-01-02T23:31:21,29.11488,-89.30102,0.0,274.0,511.0,CAPT WEBSTER,,WDF4843,31,0,19,7,,31,A
367456430,2022-01-02T23:50:11,29.11488,-89.30101,0.0,280.6,511.0,CAPT WEBSTER,,WDF4843,31,0,19,7,,31,A
367456430,2022-01-02T23:59:21,29.11489,-89.30102,0.0,283.8,511.0,CAPT WEBSTER,,WDF4843,31,0,19,7,,31,A
367456430,2022-01-02T23:38:31,29.11489,-89.30103,0.0,277.6,511.0,CAPT WEBSTER,,WDF4843,31,0,19,7,,31,A
367456430,2022-01-02T23:30:12,29.11489,-89.30103,0.0,275.4,511.0,CAPT WEBSTER,,WDF4843,31,0,19,7,,31,A
367456430,2022-01-02T23:43:12,29.11487,-89.30105,0.0,290.9,511.0,CAPT WEBSTER,,WDF4843,31,0,19,7,,31,A
367456430,2022-01-02T10:13:30,28.96220,-89.37622,0.0,259.8,511.0,CAPT WEBSTER,,WDF4843,31,0,19,7,,31,A
367456430,2022-01-02T23:51:22,29.11488,-89.30102,0.0,278.1,511.0,CAPT WEBSTER,,WDF4843,31,0,19,7,,31,A
367456430,2022-01-02T23:56:01,29.11488,-89.30102,0.0,276.1,511.0,CAPT WEBSTER,,WDF4843,31,0,19,7,,31,A
367456430,2022-01-02T23:44:21,29.11487,-89.30105,0.0,289.8,511.0,CAPT WEBSTER,,WDF4843,31,0,19,7,,31,A
367456430,2022-01-02T23:36:12,29.11488,-89.30103,0.0,271.9,511.0,CAPT WEBSTER,,WDF4843,31,0,19,7,,31,A
367456430,2022-01-02T23:53:42,29.11489,-89.30102,0.0,281.2,511.0,CAPT WEBSTER,,WDF4843,31,0,19,7,,31,A
367456430,2022-01-02T23:58:12,29.11489,-89.30102,0.0,284.2,511.0,CAPT WEBSTER,,WDF4843,31,0,19,7,,31,A
367456430,2022-01-02T10:32:11,28.96219,-89.37622,0.0,283.4,511.0,CAPT WEBSTER,,WDF4843,31,0,19,7,,31,A
367456430,2022-01-02T23:57:11,29.11489,-89.30102,0.0,283.9,511.0,CAPT WEBSTER,,WDF4843,31,0,19,7,,31,A
367456430,2022-01-02T10:41:21,28.96222,-89.37622,0.0,268.5,511.0,CAPT WEBSTER,,WDF4843,31,0,19,7,,31,A
367456430,2022-01-02T10:56:41,28.96220,-89.37623,0.0,265.6,511.0,CAPT WEBSTER,,WDF4843,31,0,19,7,,31,A
367456430,2022-01-02T10:57:52,28.96221,-89.37621,0.0,268.4,511.0,CAPT WEBSTER,,WDF4843,31,0,19,7,,31,A
367456430,2022-01-02T11:05:00,28.96219,-89.37622,0.0,273.8,511.0,CAPT WEBSTER,,WDF4843,31,0,19,7,,31,A
367456430,2022-01-02T11:08:31,28.96220,-89.37620,0.0,273.2,511.0,CAPT WEBSTER,,WDF4843,31,0,19,7,,31,A
367456430,2022-01-02T11:12:11,28.96216,-89.37623,0.0,272.1,511.0,CAPT WEBSTER,,WDF4843,31,0,19,7,,31,A
367456430,2022-01-02T11:34:02,28.96219,-89.37621,0.0,280.8,511.0,CAPT WEBSTER,,WDF4843,31,0,19,7,,31,A
367456430,2022-01-02T11:43:21,28.96222,-89.37618,0.0,291.6,511.0,CAPT WEBSTER,,WDF4843,31,0,19,7,,31,A
367456430,2022-01-02T12:03:51,28.96221,-89.37626,0.0,285.3,511.0,CAPT WEBSTER,,WDF4843,31,0,19,7,,31,A
367456430,2022-01-02T12:06:20,28.96225,-89.37624,0.0,273.7,511.0,CAPT WEBSTER,,WDF4843,31,0,19,7,,31,A
367456430,2022-01-02T12:15:52,28.96219,-89.37622,0.0,262.9,511.0,CAPT WEBSTER,,WDF4843,31,0,19,7,,31,A
367456430,2022-01-02T12:33:50,28.96219,-89.37621,0.0,272.7,511.0,CAPT WEBSTER,,WDF4843,31,0,19,7,,31,A
367456430,2022-01-02T12:42:42,28.96215,-89.37621,0.0,281.0,511.0,CAPT WEBSTER,,WDF4843,31,0,19,7,,31,A
367456430,2022-01-02T12:57:40,28.96222,-89.37622,0.0,249.0,511.0,CAPT WEBSTER,,WDF4843,31,0,19,7,,31,A
367456430,2022-01-02T13:01:01,28.96225,-89.37623,0.0,235.9,511.0,CAPT WEBSTER,,WDF4843,31,0,19,7,,31,A
367456430,2022-01-02T13:21:10,28.96221,-89.37622,0.0,178.3,511.0,CAPT WEBSTER,,WDF4843,31,0,19,7,,31,A
367456430,2022-01-02T13:27:11,28.96220,-89.37623,0.0,180.1,511.0,CAPT WEBSTER,,WDF4843,31,0,19,7,,31,A
367456430,2022-01-02T13:30:31,28.96224,-89.37626,0.0,195.6,511.0,CAPT WEBSTER,,WDF4843,31,0,19,7,,31,A
367456430,2022-01-02T13:34:11,28.96221,-89.37622,0.0,221.4,511.0,CAPT WEBSTER,,WDF4843,31,0,19,7,,31,A
367456430,2022-01-02T13:47:30,28.96296,-89.37530,2.6,43.0,511.0,CAPT WEBSTER,,WDF4843,31,0,19,7,,31,A
367456430,2022-01-02T13:59:20,28.96929,-89.37089,0.4,283.4,511.0,CAPT WEBSTER,,WDF4843,31,0,19,7,,31,A
367456430,2022-01-02T14:04:32,28.96971,-89.37055,2.9,34.9,511.0,CAPT WEBSTER,,WDF4843,31,0,19,7,,31,A
367456430,2022-01-02T14:11:31,28.96979,-89.37029,0.3,95.3,511.0,CAPT WEBSTER,,WDF4843,31,0,19,7,,31,A
367456430,2022-01-02T14:26:41,28.96964,-89.36910,1.1,124.9,511.0,CAPT WEBSTER,,WDF4843,31,0,19,7,,31,A
367456430,2022-01-02T14:32:30,28.97245,-89.37430,5.7,299.6,511.0,CAPT WEBSTER,,WDF4843,31,0,19,7,,31,A
367456430,2022-01-02T14:35:01,28.97488,-89.37530,3.7,29.1,511.0,CAPT WEBSTER,,WDF4843,31,0,19,7,,31,A
367456430,2022-01-02T14:36:10,28.97592,-89.37446,4.1,36.4,511.0,CAPT WEBSTER,,WDF4843,31,0,19,7,,31,A
367456430,2022-01-02T14:41:00,28.98060,-89.37047,4.5,40.0,511.0,CAPT WEBSTER,,WDF4843,31,0,19,7,,31,A
367456430,2022-01-02T14:47:52,28.98762,-89.36443,4.5,37.2,511.0,CAPT WEBSTER,,WDF4843,31,0,19,7,,31,A
367456430,2022-01-02T14:59:51,28.99952,-89.35456,4.4,34.9,511.0,CAPT WEBSTER,,WDF4843,31,0,19,7,,31,A
367456430,2022-01-02T15:12:31,29.01241,-89.34441,4.3,34.9,511.0,CAPT WEBSTER,,WDF4843,31,0,19,7,,31,A
367456430,2022-01-02T15:14:40,29.01455,-89.34273,4.4,33.2,511.0,CAPT WEBSTER,,WDF4843,31,0,19,7,,31,A
367456430,2022-01-02T15:20:02,29.02006,-89.33844,4.6,36.2,511.0,CAPT WEBSTER,,WDF4843,31,0,19,7,,31,A
367456430,2022-01-02T15:56:50,29.05812,-89.30847,4.7,34.9,511.0,CAPT WEBSTER,,WDF4843,31,0,19,7,,31,A
367456430,2022-01-02T16:00:01,29.06150,-89.30576,4.6,35.7,511.0,CAPT WEBSTER,,WDF4843,31,0,19,7,,31,A
367456430,2022-01-02T16:02:42,29.06417,-89.30341,4.4,42.3,511.0,CAPT WEBSTER,,WDF4843,31,0,19,7,,31,A
367456430,2022-01-02T16:06:10,29.06737,-89.30009,4.3,49.6,511.0,CAPT WEBSTER,,WDF4843,31,0,19,7,,31,A
367456430,2022-01-02T16:09:42,29.07068,-89.29739,4.5,12.5,511.0,CAPT WEBSTER,,WDF4843,31,0,19,7,,31,A
367456430,2022-01-02T16:13:11,29.07457,-89.29498,4.7,40.6,511.0,CAPT WEBSTER,,WDF4843,31,0,19,7,,31,A
367456430,2022-01-02T16:17:51,29.07912,-89.29029,4.8,46.2,511.0,CAPT WEBSTER,,WDF4843,31,0,19,7,,31,A
367456430,2022-01-02T16:23:42,29.08509,-89.28493,4.6,32.0,511.0,CAPT WEBSTER,,WDF4843,31,0,19,7,,31,A
367456430,2022-01-02T16:28:50,29.09078,-89.28107,4.6,25.9,511.0,CAPT WEBSTER,,WDF4843,31,0,19,7,,31,A
367456430,2022-01-02T16:39:32,29.10365,-89.27438,4.9,22.4,511.0,CAPT WEBSTER,,WDF4843,31,0,19,7,,31,A
367456430,2022-01-02T16:53:21,29.10993,-89.27979,3.7,259.6,511.0,CAPT WEBSTER,,WDF4843,31,0,19,7,,31,A
367456430,2022-01-02T17:06:31,29.11072,-89.29362,4.6,301.3,511.0,CAPT WEBSTER,,WDF4843,31,0,19,7,,31,A
367456430,2022-01-02T17:09:00,29.11267,-89.29668,4.8,304.7,511.0,CAPT WEBSTER,,WDF4843,31,0,19,7,,31,A
367456430,2022-01-02T17:20:01,29.11530,-89.30226,0.4,74.2,511.0,CAPT WEBSTER,,WDF4843,31,0,19,7,,31,A
367456430,2022-01-02T17:27:01,29.11538,-89.30212,0.1,64.3,511.0,CAPT WEBSTER,,WDF4843,31,0,19,7,,31,A
367456430,2022-01-02T17:36:12,29.11539,-89.30212,0.0,2.2,511.0,CAPT WEBSTER,,WDF4843,31,0,19,7,,31,A
367456430,2022-01-02T17:38:30,29.11538,-89.30218,0.0,40.8,511.0,CAPT WEBSTER,,WDF4843,31,0,19,7,,31,A
367456430,2022-01-02T17:41:12,29.11543,-89.30225,1.7,288.1,511.0,CAPT WEBSTER,,WDF4843,31,0,19,7,,31,A
367456430,2022-01-02T17:52:40,29.11943,-89.30896,0.4,193.3,511.0,CAPT WEBSTER,,WDF4843,31,0,19,7,,31,A
367456430,2022-01-02T17:59:52,29.11945,-89.30880,0.4,178.1,511.0,CAPT WEBSTER,,WDF4843,31,0,19,7,,31,A
367456430,2022-01-02T18:22:42,29.11916,-89.30858,0.1,189.1,511.0,CAPT WEBSTER,,WDF4843,31,0,19,7,,31,A
367456430,2022-01-02T18:25:02,29.11913,-89.30856,0.0,189.4,511.0,CAPT WEBSTER,,WDF4843,31,0,19,7,,31,A
367456430,2022-01-02T18:30:50,29.11753,-89.30748,1.7,128.4,511.0,CAPT WEBSTER,,WDF4843,31,0,19,7,,31,A
367456430,2022-01-02T18:41:01,29.11478,-89.30111,0.4,354.5,511.0,CAPT WEBSTER,,WDF4843,31,0,19,7,,31,A
367456430,2022-01-02T18:42:11,29.11488,-89.30107,0.1,21.0,511.0,CAPT WEBSTER,,WDF4843,31,0,19,7,,31,A
367456430,2022-01-02T19:01:42,29.11490,-89.30104,0.0,211.2,511.0,CAPT WEBSTER,,WDF4843,31,0,19,7,,31,A
367456430,2022-01-02T19:14:21,29.11489,-89.30103,0.0,222.5,511.0,CAPT WEBSTER,,WDF4843,31,0,19,7,,31,A
367456430,2022-01-02T19:38:01,29.11487,-89.30101,0.0,239.9,511.0,CAPT WEBSTER,,WDF4843,31,0,19,7,,31,A
367456430,2022-01-02T19:40:11,29.11486,-89.30102,0.0,237.2,511.0,CAPT WEBSTER,,WDF4843,31,0,19,7,,31,A
367456430,2022-01-02T19:49:21,29.11488,-89.30101,0.0,240.8,511.0,CAPT WEBSTER,,WDF4843,31,0,19,7,,31,A
367456430,2022-01-02T19:50:31,29.11487,-89.30103,0.0,239.2,511.0,CAPT WEBSTER,,WDF4843,31,0,19,7,,31,A
367456430,2022-01-02T20:00:01,29.11487,-89.30104,0.0,260.1,511.0,CAPT WEBSTER,,WDF4843,31,0,19,7,,31,A
367456430,2022-01-02T20:19:11,29.11488,-89.30102,0.0,301.2,511.0,CAPT WEBSTER,,WDF4843,31,0,19,7,,31,A
367456430,2022-01-02T20:37:11,29.11488,-89.30104,0.0,292.7,511.0,CAPT WEBSTER,,WDF4843,31,0,19,7,,31,A
367456430,2022-01-02T20:49:12,29.11488,-89.30101,0.0,288.7,511.0,CAPT WEBSTER,,WDF4843,31,0,19,7,,31,A
367456430,2022-01-02T20:52:52,29.11487,-89.30102,0.0,313.6,511.0,CAPT WEBSTER,,WDF4843,31,0,19,7,,31,A
367456430,2022-01-02T20:56:32,29.11488,-89.30103,0.0,329.8,511.0,CAPT WEBSTER,,WDF4843,31,0,19,7,,31,A
367456430,2022-01-02T21:28:51,29.11488,-89.30104,0.0,260.2,511.0,CAPT WEBSTER,,WDF4843,31,0,19,7,,31,A
367456430,2022-01-02T21:30:02,29.11488,-89.30102,0.0,258.4,511.0,CAPT WEBSTER,,WDF4843,31,0,19,7,,31,A
367456430,2022-01-02T21:57:31,29.11485,-89.30103,0.0,269.7,511.0,CAPT WEBSTER,,WDF4843,31,0,19,7,,31,A
367456430,2022-01-02T22:04:02,29.11488,-89.30104,0.0,279.3,511.0,CAPT WEBSTER,,WDF4843,31,0,19,7,,31,A
367456430,2022-01-02T22:07:32,29.11489,-89.30102,0.0,284.2,511.0,CAPT WEBSTER,,WDF4843,31,0,19,7,,31,A
367456430,2022-01-02T22:30:50,29.11488,-89.30104,0.0,265.2,511.0,CAPT WEBSTER,,WDF4843,31,0,19,7,,31,A
367456430,2022-01-02T22:32:00,29.11488,-89.30103,0.0,267.8,511.0,CAPT WEBSTER,,WDF4843,31,0,19,7,,31,A
367456430,2022-01-02T22:47:32,29.11489,-89.30103,0.0,282.1,511.0,CAPT WEBSTER,,WDF4843,31,0,19,7,,31,A
367456430,2022-01-02T22:58:01,29.11488,-89.30102,0.0,283.0,511.0,CAPT WEBSTER,,WDF4843,31,0,19,7,,31,A
367456430,2022-01-02T23:13:00,29.11487,-89.30106,0.0,285.1,511.0,CAPT WEBSTER,,WDF4843,31,0,19,7,,31,A
367456430,2022-01-02T23:33:52,29.11489,-89.30101,0.0,278.4,511.0,CAPT WEBSTER,,WDF4843,31,0,19,7,,31,A
367456430,2022-01-02T23:35:00,29.11489,-89.30101,0.0,277.2,511.0,CAPT WEBSTER,,WDF4843,31,0,19,7,,31,A
367456430,2022-01-02T23:37:21,29.11488,-89.30102,0.0,275.7,511.0,CAPT WEBSTER,,WDF4843,31,0,19,7,,31,A
367456430,2022-01-02T23:40:52,29.11488,-89.30104,0.0,278.0,511.0,CAPT WEBSTER,,WDF4843,31,0,19,7,,31,A
367456430,2022-01-02T23:42:01,29.11487,-89.30106,0.0,286.3,511.0,CAPT WEBSTER,,WDF4843,31,0,19,7,,31,A
367456430,2022-01-02T23:46:41,29.11488,-89.30103,0.1,285.7,511.0,CAPT WEBSTER,,WDF4843,31,0,19,7,,31,A
367456430,2022-01-02T23:49:02,29.11488,-89.30103,0.0,283.1,511.0,CAPT WEBSTER,,WDF4843,31,0,19,7,,31,A
367456430,2022-01-03T00:00:00,29.11489,-89.30102,0.0,284.5,511.0,CAPT WEBSTER,,WDF4843,31,0,19,7,,31,A
367456430,2022-01-03T00:01:21,29.11489,-89.30100,0.1,288.7,511.0,CAPT WEBSTER,,WDF4843,31,0,19,7,,31,A
367456430,2022-01-03T00:03:40,29.11489,-89.30103,0.0,290.6,511.0,CAPT WEBSTER,,WDF4843,31,0,19,7,,31,A
367456430,2022-01-03T00:02:32,29.11489,-89.30101,0.0,291.9,511.0,CAPT WEBSTER,,WDF4843,31,0,19,7,,31,A
367456430,2022-01-03T00:04:52,29.11489,-89.30103,0.0,291.0,511.0,CAPT WEBSTER,,WDF4843,31,0,19,7,,31,A
367456430,2022-01-03T00:06:01,29.11489,-89.30103,0.0,294.0,511.0,CAPT WEBSTER,,WDF4843,31,0,19,7,,31,A
367456430,2022-01-03T00:07:32,29.11488,-89.30101,0.1,291.5,511.0,CAPT WEBSTER,,WDF4843,31,0,19,7,,31,A
367456430,2022-01-03T00:08:40,29.11489,-89.30102,0.0,291.6,511.0,CAPT WEBSTER,,WDF4843,31,0,19,7,,31,A
367456430,2022-01-03T00:11:12,29.11489,-89.30105,0.0,296.0,511.0,CAPT WEBSTER,,WDF4843,31,0,19,7,,31,A
367456430,2022-01-03T00:10:00,29.11490,-89.30103,0.0,297.1,511.0,CAPT WEBSTER,,WDF4843,31,0,19,7,,31,A
367456430,2022-01-03T00:12:22,29.11490,-89.30105,0.0,294.8,511.0,CAPT WEBSTER,,WDF4843,31,0,19,7,,31,A
367456430,2022-01-03T00:16:02,29.11488,-89.30102,0.0,298.8,511.0,CAPT WEBSTER,,WDF4843,31,0,19,7,,31,A
367456430,2022-01-03T00:14:52,29.11488,-89.30102,0.1,297.3,511.0,CAPT WEBSTER,,WDF4843,31,0,19,7,,31,A
367456430,2022-01-03T00:13:32,29.11489,-89.30102,0.0,298.8,511.0,CAPT WEBSTER,,WDF4843,31,0,19,7,,31,A
367456430,2022-01-03T00:17:12,29.11488,-89.30102,0.0,298.6,511.0,CAPT WEBSTER,,WDF4843,31,0,19,7,,31,A
367456430,2022-01-03T00:18:22,29.11489,-89.30103,0.0,298.8,511.0,CAPT WEBSTER,,WDF4843,31,0,19,7,,31,A
367456430,2022-01-03T00:19:41,29.11488,-89.30104,0.0,290.5,511.0,CAPT WEBSTER,,WDF4843,31,0,19,7,,31,A
367456430,2022-01-03T00:20:52,29.11490,-89.30105,0.0,274.7,511.0,CAPT WEBSTER,,WDF4843,31,0,19,7,,31,A
367456430,2022-01-03T00:23:11,29.11489,-89.30104,0.0,260.8,511.0,CAPT WEBSTER,,WDF4843,31,0,19,7,,31,A
367456430,2022-01-03T00:22:02,29.11491,-89.30104,0.0,265.9,511.0,CAPT WEBSTER,,WDF4843,31,0,19,7,,31,A
367456430,2022-01-03T00:24:52,29.11491,-89.30103,0.0,249.9,511.0,CAPT WEBSTER,,WDF4843,31,0,19,7,,31,A
367456430,2022-01-03T00:26:01,29.11491,-89.30104,0.0,243.6,511.0,CAPT WEBSTER,,WDF4843,31,0,19,7,,31,A
367456430,2022-01-03T00:28:30,29.11488,-89.30103,0.0,254.5,511.0,CAPT WEBSTER,,WDF4843,31,0,19,7,,31,A
367456430,2022-01-03T00:30:51,29.11488,-89.30102,0.0,250.8,511.0,CAPT WEBSTER,,WDF4843,31,0,19,7,,31,A
367456430,2022-01-03T00:32:00,29.11488,-89.30102,0.0,249.9,511.0,CAPT WEBSTER,,WDF4843,31,0,19,7,,31,A
367456430,2022-01-03T00:27:22,29.11490,-89.30104,0.1,251.4,511.0,CAPT WEBSTER,,WDF4843,31,0,19,7,,31,A
367456430,2022-01-03T00:33:11,29.11488,-89.30104,0.0,246.0,511.0,CAPT WEBSTER,,WDF4843,31,0,19,7,,31,A
367456430,2022-01-03T00:29:42,29.11491,-89.30103,0.0,253.8,511.0,CAPT WEBSTER,,WDF4843,31,0,19,7,,31,A
367456430,2022-01-03T00:34:42,29.11489,-89.30104,0.0,246.6,511.0,CAPT WEBSTER,,WDF4843,31,0,19,7,,31,A
367456430,2022-01-03T00:35:52,29.11487,-89.30104,0.0,250.5,511.0,CAPT WEBSTER,,WDF4843,31,0,19,7,,31,A
367456430,2022-01-03T00:38:10,29.11487,-89.30104,0.0,226.8,511.0,CAPT WEBSTER,,WDF4843,31,0,19,7,,31,A
367456430,2022-01-03T00:37:01,29.11487,-89.30106,0.1,242.8,511.0,CAPT WEBSTER,,WDF4843,31,0,19,7,,31,A
367456430,2022-01-03T00:39:22,29.11485,-89.30106,0.1,215.8,511.0,CAPT WEBSTER,,WDF4843,31,0,19,7,,31,A
367456430,2022-01-03T00:42:51,29.11485,-89.30107,0.1,209.6,511.0,CAPT WEBSTER,,WDF4843,31,0,19,7,,31,A
367456430,2022-01-03T00:46:10,29.11487,-89.30104,0.0,224.6,511.0,CAPT WEBSTER,,WDF4843,31,0,19,7,,31,A
367456430,2022-01-03T00:45:01,29.11485,-89.30105,0.0,206.7,511.0,CAPT WEBSTER,,WDF4843,31,0,19,7,,31,A
367456430,2022-01-03T00:44:00,29.11487,-89.30105,0.0,194.2,511.0,CAPT WEBSTER,,WDF4843,31,0,19,7,,31,A
367456430,2022-01-03T00:47:11,29.11484,-89.30108,0.0,222.2,511.0,CAPT WEBSTER,,WDF4843,31,0,19,7,,31,A
367456430,2022-01-03T00:48:21,29.11488,-89.30105,0.0,215.6,511.0,CAPT WEBSTER,,WDF4843,31,0,19,7,,31,A
367456430,2022-01-03T00:52:02,29.11484,-89.30106,0.0,244.4,511.0,CAPT WEBSTER,,WDF4843,31,0,19,7,,31,A
367456430,2022-01-03T00:53:10,29.11485,-89.30108,0.0,246.2,511.0,CAPT WEBSTER,,WDF4843,31,0,19,7,,31,A
367456430,2022-01-03T00:55:21,29.11487,-89.30106,0.0,260.6,511.0,CAPT WEBSTER,,WDF4843,31,0,19,7,,31,A
367456430,2022-01-03T00:56:30,29.11485,-89.30106,0.0,247.7,511.0,CAPT WEBSTER,,WDF4843,31,0,19,7,,31,A
367456430,2022-01-03T00:54:11,29.11485,-89.30108,0.0,254.2,511.0,CAPT WEBSTER,,WDF4843,31,0,19,7,,31,A
367456430,2022-01-03T00:59:21,29.11486,-89.30101,0.0,68.2,511.0,CAPT WEBSTER,,WDF4843,31,0,19,7,,31,A
367456430,2022-01-03T00:57:40,29.11485,-89.30104,0.0,240.1,511.0,CAPT WEBSTER,,WDF4843,31,0,19,7,,31,A
367456430,2022-01-03T01:02:21,29.11487,-89.30107,0.0,128.1,511.0,CAPT WEBSTER,,WDF4843,31,0,19,7,,31,A
367456430,2022-01-03T01:01:12,29.11487,-89.30103,0.0,107.4,511.0,CAPT WEBSTER,,WDF4843,31,0,19,7,,31,A
367456430,2022-01-03T01:11:11,29.11487,-89.30102,0.0,229.6,511.0,CAPT WEBSTER,,WDF4843,31,0,19,7,,31,A
367456430,2022-01-03T01:05:02,29.11488,-89.30104,0.0,162.8,511.0,CAPT WEBSTER,,WDF4843,31,0,19,7,,31,A
367456430,2022-01-03T01:13:21,29.11488,-89.30103,0.0,237.2,511.0,CAPT WEBSTER,,WDF4843,31,0,19,7,,31,A
367456430,2022-01-03T01:08:32,29.11487,-89.30102,0.0,219.4,511.0,CAPT WEBSTER,,WDF4843,31,0,19,7,,31,A
367456430,2022-01-03T01:14:31,29.11489,-89.30102,0.0,237.1,511.0,CAPT WEBSTER,,WDF4843,31,0,19,7,,31,A
367456430,2022-01-03T01:10:00,29.11488,-89.30102,0.0,227.0,511.0,CAPT WEBSTER,,WDF4843,31,0,19,7,,31,A
367456430,2022-01-03T01:16:52,29.11490,-89.30103,0.0,240.5,511.0,CAPT WEBSTER,,WDF4843,31,0,19,7,,31,A
367456430,2022-01-03T01:15:42,29.11490,-89.30103,0.0,242.7,511.0,CAPT WEBSTER,,WDF4843,31,0,19,7,,31,A
367456430,2022-01-03T01:12:12,29.11487,-89.30103,0.1,234.3,511.0,CAPT WEBSTER,,WDF4843,31,0,19,7,,31,A
367456430,2022-01-03T01:25:01,29.11487,-89.30102,0.0,255.3,511.0,CAPT WEBSTER,,WDF4843,31,0,19,7,,31,A
367456430,2022-01-03T01:26:11,29.11488,-89.30102,0.0,255.4,511.0,CAPT WEBSTER,,WDF4843,31,0,19,7,,31,A
367456430,2022-01-03T01:18:02,29.11489,-89.30102,0.0,245.5,511.0,CAPT WEBSTER,,WDF4843,31,0,19,7,,31,A
367456430,2022-01-03T01:22:41,29.11489,-89.30100,0.0,255.7,511.0,CAPT WEBSTER,,WDF4843,31,0,19,7,,31,A
367456430,2022-01-03T01:29:41,29.11488,-89.30102,0.0,261.8,511.0,CAPT WEBSTER,,WDF4843,31,0,19,7,,31,A
367456430,2022-01-03T01:20:21,29.11488,-89.30102,0.0,252.4,511.0,CAPT WEBSTER,,WDF4843,31,0,19,7,,31,A
367456430,2022-01-03T01:27:22,29.11488,-89.30103,0.0,255.2,511.0,CAPT WEBSTER,,WDF4843,31,0,19,7,,31,A
367456430,2022-01-03T01:23:52,29.11487,-89.30102,0.0,253.7,511.0,CAPT WEBSTER,,WDF4843,31,0,19,7,,31,A
367456430,2022-01-03T00:40:31,29.11486,-89.30104,0.0,210.6,511.0,CAPT WEBSTER,,WDF4843,31,0,19,7,,31,A
367456430,2022-01-03T01:34:31,29.11488,-89.30101,0.0,249.1,511.0,CAPT WEBSTER,,WDF4843,31,0,19,7,,31,A
367456430,2022-01-03T01:39:22,29.11488,-89.30104,0.0,253.6,511.0,CAPT WEBSTER,,WDF4843,31,0,19,7,,31,A
367456430,2022-01-03T01:28:30,29.11487,-89.30103,0.0,260.2,511.0,CAPT WEBSTER,,WDF4843,31,0,19,7,,31,A
367456430,2022-01-03T00:41:42,29.11485,-89.30106,0.0,204.9,511.0,CAPT WEBSTER,,WDF4843,31,0,19,7,,31,A
367456430,2022-01-03T01:38:10,29.11487,-89.30105,0.0,251.5,511.0,CAPT WEBSTER,,WDF4843,31,0,19,7,,31,A
367456430,2022-01-03T01:33:12,29.11487,-89.30100,0.0,252.9,511.0,CAPT WEBSTER,,WDF4843,31,0,19,7,,31,A
367456430,2022-01-03T01:44:12,29.11486,-89.30102,0.0,251.9,511.0,CAPT WEBSTER,,WDF4843,31,0,19,7,,31,A
367456430,2022-01-03T01:50:01,29.11488,-89.30102,0.0,247.8,511.0,CAPT WEBSTER,,WDF4843,31,0,19,7,,31,A
367456430,2022-01-03T01:37:01,29.11488,-89.30102,0.0,250.5,511.0,CAPT WEBSTER,,WDF4843,31,0,19,7,,31,A
367456430,2022-01-03T01:45:20,29.11488,-89.30102,0.0,251.5,511.0,CAPT WEBSTER,,WDF4843,31,0,19,7,,31,A
367456430,2022-01-03T01:48:52,29.11489,-89.30104,0.0,250.4,511.0,CAPT WEBSTER,,WDF4843,31,0,19,7,,31,A
367456430,2022-01-03T01:40:31,29.11488,-89.30104,0.0,253.4,511.0,CAPT WEBSTER,,WDF4843,31,0,19,7,,31,A
367456430,2022-01-03T01:41:52,29.11488,-89.30103,0.0,255.7,511.0,CAPT WEBSTER,,WDF4843,31,0,19,7,,31,A
367456430,2022-01-03T01:43:00,29.11487,-89.30103,0.0,253.8,511.0,CAPT WEBSTER,,WDF4843,31,0,19,7,,31,A
367456430,2022-01-03T01:57:11,29.11488,-89.30104,0.0,270.1,511.0,CAPT WEBSTER,,WDF4843,31,0,19,7,,31,A
367456430,2022-01-03T00:49:31,29.11489,-89.30103,0.1,226.1,511.0,CAPT WEBSTER,,WDF4843,31,0,19,7,,31,A
367456430,2022-01-03T01:53:31,29.11490,-89.30103,0.0,257.4,511.0,CAPT WEBSTER,,WDF4843,31,0,19,7,,31,A
367456430,2022-01-03T01:46:32,29.11488,-89.30103,0.0,248.9,511.0,CAPT WEBSTER,,WDF4843,31,0,19,7,,31,A
367456430,2022-01-03T01:47:41,29.11487,-89.30101,0.0,247.1,511.0,CAPT WEBSTER,,WDF4843,31,0,19,7,,31,A
367456430,2022-01-03T00:50:52,29.11485,-89.30106,0.0,234.9,511.0,CAPT WEBSTER,,WDF4843,31,0,19,7,,31,A
367456430,2022-01-03T01:51:11,29.11490,-89.30102,0.0,249.0,511.0,CAPT WEBSTER,,WDF4843,31,0,19,7,,31,A
367456430,2022-01-03T01:52:21,29.11491,-89.30103,0.0,250.5,511.0,CAPT WEBSTER,,WDF4843,31,0,19,7,,31,A
367456430,2022-01-03T01:55:51,29.11487,-89.30104,0.0,264.4,511.0,CAPT WEBSTER,,WDF4843,31,0,19,7,,31,A
367456430,2022-01-03T01:54:42,29.11489,-89.30103,0.0,258.3,511.0,CAPT WEBSTER,,WDF4843,31,0,19,7,,31,A
367456430,2022-01-03T02:13:32,29.11489,-89.30103,0.0,295.4,511.0,CAPT WEBSTER,,WDF4843,31,0,19,7,,31,A
367456430,2022-01-03T02:01:52,29.11486,-89.30105,0.0,286.8,511.0,CAPT WEBSTER,,WDF4843,31,0,19,7,,31,A
367456430,2022-01-03T02:04:12,29.11487,-89.30106,0.0,296.4,511.0,CAPT WEBSTER,,WDF4843,31,0,19,7,,31,A
367456430,2022-01-03T01:58:31,29.11488,-89.30105,0.1,273.5,511.0,CAPT WEBSTER,,WDF4843,31,0,19,7,,31,A
367456430,2022-01-03T01:00:02,29.11486,-89.30103,0.0,95.4,511.0,CAPT WEBSTER,,WDF4843,31,0,19,7,,31,A
367456430,2022-01-03T02:15:51,29.11488,-89.30104,0.0,286.4,511.0,CAPT WEBSTER,,WDF4843,31,0,19,7,,31,A
367456430,2022-01-03T02:11:12,29.11487,-89.30103,0.0,305.7,511.0,CAPT WEBSTER,,WDF4843,31,0,19,7,,31,A
367456430,2022-01-03T02:18:01,29.11488,-89.30102,0.0,282.3,511.0,CAPT WEBSTER,,WDF4843,31,0,19,7,,31,A
367456430,2022-01-03T02:12:21,29.11488,-89.30103,0.0,303.0,511.0,CAPT WEBSTER,,WDF4843,31,0,19,7,,31,A
367456430,2022-01-03T01:03:31,29.11489,-89.30105,0.1,145.3,511.0,CAPT WEBSTER,,WDF4843,31,0,19,7,,31,A
367456430,2022-01-03T02:20:22,29.11490,-89.30103,0.0,286.5,511.0,CAPT WEBSTER,,WDF4843,31,0,19,7,,31,A
367456430,2022-01-03T02:08:51,29.11488,-89.30103,0.0,310.2,511.0,CAPT WEBSTER,,WDF4843,31,0,19,7,,31,A
367456430,2022-01-03T02:06:30,29.11487,-89.30105,0.0,307.4,511.0,CAPT WEBSTER,,WDF4843,31,0,19,7,,31,A
367456430,2022-01-03T01:06:11,29.11488,-89.30102,0.0,190.2,511.0,CAPT WEBSTER,,WDF4843,31,0,19,7,,31,A
367456430,2022-01-03T01:07:21,29.11487,-89.30103,0.0,205.6,511.0,CAPT WEBSTER,,WDF4843,31,0,19,7,,31,A
367456430,2022-01-03T02:21:30,29.11487,-89.30101,0.0,289.4,511.0,CAPT WEBSTER,,WDF4843,31,0,19,7,,31,A
367456430,2022-01-03T02:24:01,29.11487,-89.30102,0.0,286.2,511.0,CAPT WEBSTER,,WDF4843,31,0,19,7,,31,A
367456430,2022-01-03T02:16:52,29.11488,-89.30103,0.0,283.4,511.0,CAPT WEBSTER,,WDF4843,31,0,19,7,,31,A
367456430,2022-01-03T02:14:41,29.11488,-89.30101,0.0,288.9,511.0,CAPT WEBSTER,,WDF4843,31,0,19,7,,31,A
367456430,2022-01-03T02:19:10,29.11488,-89.30102,0.1,282.1,511.0,CAPT WEBSTER,,WDF4843,31,0,19,7,,31,A
367456430,2022-01-03T02:34:51,29.11488,-89.30103,0.0,274.0,511.0,CAPT WEBSTER,,WDF4843,31,0,19,7,,31,A
367456430,2022-01-03T02:22:50,29.11489,-89.30102,0.0,291.3,511.0,CAPT WEBSTER,,WDF4843,31,0,19,7,,31,A
367456430,2022-01-03T02:41:01,29.11488,-89.30101,0.0,269.5,511.0,CAPT WEBSTER,,WDF4843,31,0,19,7,,31,A
367456430,2022-01-03T02:27:40,29.11488,-89.30106,0.0,293.1,511.0,CAPT WEBSTER,,WDF4843,31,0,19,7,,31,A
367456430,2022-01-03T02:30:01,29.11488,-89.30102,0.0,287.6,511.0,CAPT WEBSTER,,WDF4843,31,0,19,7,,31,A
367456430,2022-01-03T02:26:32,29.11487,-89.30100,0.1,291.9,511.0,CAPT WEBSTER,,WDF4843,31,0,19,7,,31,A
367456430,2022-01-03T02:28:51,29.11487,-89.30104,0.0,290.6,511.0,CAPT WEBSTER,,WDF4843,31,0,19,7,,31,A
367456430,2022-01-03T02:31:12,29.11488,-89.30103,0.0,283.0,511.0,CAPT WEBSTER,,WDF4843,31,0,19,7,,31,A
367456430,2022-01-03T02:45:42,29.11489,-89.30102,0.0,267.2,511.0,CAPT WEBSTER,,WDF4843,31,0,19,7,,31,A
367456430,2022-01-03T02:46:51,29.11488,-89.30103,0.0,266.7,511.0,CAPT WEBSTER,,WDF4843,31,0,19,7,,31,A
367456430,2022-01-03T02:32:21,29.11488,-89.30101,0.0,278.7,511.0,CAPT WEBSTER,,WDF4843,31,0,19,7,,31,A
367456430,2022-01-03T02:36:01,29.11488,-89.30103,0.0,272.4,511.0,CAPT WEBSTER,,WDF4843,31,0,19,7,,31,A
367456430,2022-01-03T02:33:32,29.11489,-89.30103,0.1,273.1,511.0,CAPT WEBSTER,,WDF4843,31,0,19,7,,31,A
367456430,2022-01-03T01:19:11,29.11488,-89.30103,0.0,255.0,511.0,CAPT WEBSTER,,WDF4843,31,0,19,7,,31,A
367456430,2022-01-03T02:37:12,29.11488,-89.30103,0.0,270.1,511.0,CAPT WEBSTER,,WDF4843,31,0,19,7,,31,A
367456430,2022-01-03T02:38:21,29.11488,-89.30101,0.0,266.2,511.0,CAPT WEBSTER,,WDF4843,31,0,19,7,,31,A
367456430,2022-01-03T01:21:31,29.11487,-89.30103,0.0,251.4,511.0,CAPT WEBSTER,,WDF4843,31,0,19,7,,31,A
367456430,2022-01-03T02:43:21,29.11488,-89.30102,0.0,269.2,511.0,CAPT WEBSTER,,WDF4843,31,0,19,7,,31,A
367456430,2022-01-03T02:44:32,29.11489,-89.30102,0.0,267.3,511.0,CAPT WEBSTER,,WDF4843,31,0,19,7,,31,A
367456430,2022-01-03T03:03:31,29.11488,-89.30104,0.0,294.4,511.0,CAPT WEBSTER,,WDF4843,31,0,19,7,,31,A
367456430,2022-01-03T02:49:42,29.11489,-89.30101,0.0,269.4,511.0,CAPT WEBSTER,,WDF4843,31,0,19,7,,31,A
367456430,2022-01-03T02:48:32,29.11487,-89.30102,0.0,266.7,511.0,CAPT WEBSTER,,WDF4843,31,0,19,7,,31,A
367456430,2022-01-03T02:50:52,29.11489,-89.30101,0.0,267.7,511.0,CAPT WEBSTER,,WDF4843,31,0,19,7,,31,A
367456430,2022-01-03T02:39:51,29.11488,-89.30101,0.0,267.0,511.0,CAPT WEBSTER,,WDF4843,31,0,19,7,,31,A
367456430,2022-01-03T02:42:12,29.11488,-89.30102,0.0,269.7,511.0,CAPT WEBSTER,,WDF4843,31,0,19,7,,31,A
367456430,2022-01-03T02:53:11,29.11488,-89.30106,0.0,280.0,511.0,CAPT WEBSTER,,WDF4843,31,0,19,7,,31,A
367456430,2022-01-03T01:30:51,29.11487,-89.30101,0.0,258.4,511.0,CAPT WEBSTER,,WDF4843,31,0,19,7,,31,A
367456430,2022-01-03T03:11:42,29.11489,-89.30102,0.0,303.1,511.0,CAPT WEBSTER,,WDF4843,31,0,19,7,,31,A
367456430,2022-01-03T01:32:02,29.11487,-89.30100,0.0,254.3,511.0,CAPT WEBSTER,,WDF4843,31,0,19,7,,31,A
367456430,2022-01-03T02:55:21,29.11487,-89.30105,0.0,283.4,511.0,CAPT WEBSTER,,WDF4843,31,0,19,7,,31,A
367456430,2022-01-03T03:00:01,29.11487,-89.30103,0.0,299.4,511.0,CAPT WEBSTER,,WDF4843,31,0,19,7,,31,A
367456430,2022-01-03T01:35:51,29.11487,-89.30102,0.0,250.8,511.0,CAPT WEBSTER,,WDF4843,31,0,19,7,,31,A
367456430,2022-01-03T02:58:41,29.11487,-89.30104,0.0,295.5,511.0,CAPT WEBSTER,,WDF4843,31,0,19,7,,31,A
367456430,2022-01-03T03:05:42,29.11489,-89.30101,0.0,296.5,511.0,CAPT WEBSTER,,WDF4843,31,0,19,7,,31,A
367456430,2022-01-03T03:08:00,29.11488,-89.30101,0.1,295.4,511.0,CAPT WEBSTER,,WDF4843,31,0,19,7,,31,A
367456430,2022-01-03T02:57:31,29.11490,-89.30100,0.0,292.6,511.0,CAPT WEBSTER,,WDF4843,31,0,19,7,,31,A
367456430,2022-01-03T03:02:22,29.11488,-89.30103,0.0,300.3,511.0,CAPT WEBSTER,,WDF4843,31,0,19,7,,31,A
367456430,2022-01-03T02:54:20,29.11487,-89.30106,0.0,282.3,511.0,CAPT WEBSTER,,WDF4843,31,0,19,7,,31,A
367456430,2022-01-03T03:12:51,29.11488,-89.30104,0.0,299.0,511.0,CAPT WEBSTER,,WDF4843,31,0,19,7,,31,A
367456430,2022-01-03T03:16:41,29.11489,-89.30102,0.0,307.2,511.0,CAPT WEBSTER,,WDF4843,31,0,19,7,,31,A
367456430,2022-01-03T03:28:41,29.11487,-89.30103,0.0,248.3,511.0,CAPT WEBSTER,,WDF4843,31,0,19,7,,31,A
367456430,2022-01-03T02:59:51,29.11487,-89.30103,0.0,300.3,511.0,CAPT WEBSTER,,WDF4843,31,0,19,7,,31,A
367456430,2022-01-03T03:09:10,29.11488,-89.30101,0.0,292.7,511.0,CAPT WEBSTER,,WDF4843,31,0,19,7,,31,A
367456430,2022-01-03T03:14:10,29.11489,-89.30103,0.0,299.8,511.0,CAPT WEBSTER,,WDF4843,31,0,19,7,,31,A
367456430,2022-01-03T03:01:11,29.11488,-89.30102,0.0,300.3,511.0,CAPT WEBSTER,,WDF4843,31,0,19,7,,31,A
367456430,2022-01-03T03:17:52,29.11488,-89.30102,0.0,294.2,511.0,CAPT WEBSTER,,WDF4843,31,0,19,7,,31,A
367456430,2022-01-03T03:22:41,29.11488,-89.30102,0.0,275.3,511.0,CAPT WEBSTER,,WDF4843,31,0,19,7,,31,A
367456430,2022-01-03T03:06:51,29.11490,-89.30100,0.0,290.7,511.0,CAPT WEBSTER,,WDF4843,31,0,19,7,,31,A
367456430,2022-01-03T03:21:31,29.11488,-89.30103,0.0,281.3,511.0,CAPT WEBSTER,,WDF4843,31,0,19,7,,31,A
367456430,2022-01-03T03:47:51,29.11487,-89.30101,0.0,257.0,511.0,CAPT WEBSTER,,WDF4843,31,0,19,7,,31,A
367456430,2022-01-03T03:49:11,29.11487,-89.30102,0.0,262.1,511.0,CAPT WEBSTER,,WDF4843,31,0,19,7,,31,A
367456430,2022-01-03T03:30:01,29.11488,-89.30103,0.0,259.7,511.0,CAPT WEBSTER,,WDF4843,31,0,19,7,,31,A
367456430,2022-01-03T03:27:31,29.11486,-89.30105,0.0,239.2,511.0,CAPT WEBSTER,,WDF4843,31,0,19,7,,31,A
367456430,2022-01-03T01:59:51,29.11490,-89.30109,0.0,276.5,511.0,CAPT WEBSTER,,WDF4843,31,0,19,7,,31,A
367456430,2022-01-03T03:33:41,29.11487,-89.30103,0.0,261.4,511.0,CAPT WEBSTER,,WDF4843,31,0,19,7,,31,A
367456430,2022-01-03T03:35:01,29.11487,-89.30103,0.0,262.8,511.0,CAPT WEBSTER,,WDF4843,31,0,19,7,,31,A
367456430,2022-01-03T03:19:02,29.11487,-89.30102,0.1,290.8,511.0,CAPT WEBSTER,,WDF4843,31,0,19,7,,31,A
367456430,2022-01-03T03:38:21,29.11487,-89.30103,0.1,265.6,511.0,CAPT WEBSTER,,WDF4843,31,0,19,7,,31,A
367456430,2022-01-03T03:36:10,29.11488,-89.30102,0.0,256.0,511.0,CAPT WEBSTER,,WDF4843,31,0,19,7,,31,A
367456430,2022-01-03T03:23:52,29.11487,-89.30101,0.0,262.7,511.0,CAPT WEBSTER,,WDF4843,31,0,19,7,,31,A
367456430,2022-01-03T03:37:12,29.11487,-89.30101,0.0,258.9,511.0,CAPT WEBSTER,,WDF4843,31,0,19,7,,31,A
367456430,2022-01-03T03:25:01,29.11488,-89.30102,0.1,249.6,511.0,CAPT WEBSTER,,WDF4843,31,0,19,7,,31,A
367456430,2022-01-03T03:39:32,29.11488,-89.30102,0.1,263.1,511.0,CAPT WEBSTER,,WDF4843,31,0,19,7,,31,A
367456430,2022-01-03T03:26:22,29.11489,-89.30100,0.0,239.3,511.0,CAPT WEBSTER,,WDF4843,31,0,19,7,,31,A
367456430,2022-01-03T03:41:50,29.11488,-89.30101,0.0,267.3,511.0,CAPT WEBSTER,,WDF4843,31,0,19,7,,31,A
367456430,2022-01-03T03:31:22,29.11487,-89.30103,0.0,255.9,511.0,CAPT WEBSTER,,WDF4843,31,0,19,7,,31,A
367456430,2022-01-03T03:46:41,29.11489,-89.30100,0.0,252.8,511.0,CAPT WEBSTER,,WDF4843,31,0,19,7,,31,A
367456430,2022-01-03T03:32:32,29.11487,-89.30102,0.0,257.3,511.0,CAPT WEBSTER,,WDF4843,31,0,19,7,,31,A
367456430,2022-01-03T02:03:11,29.11485,-89.30108,0.0,295.0,511.0,CAPT WEBSTER,,WDF4843,31,0,19,7,,31,A
367456430,2022-01-03T03:58:41,29.11489,-89.30101,0.0,260.1,511.0,CAPT WEBSTER,,WDF4843,31,0,19,7,,31,A
367456430,2022-01-03T03:54:02,29.11488,-89.30101,0.0,257.3,511.0,CAPT WEBSTER,,WDF4843,31,0,19,7,,31,A
367456430,2022-01-03T03:40:42,29.11488,-89.30100,0.1,266.8,511.0,CAPT WEBSTER,,WDF4843,31,0,19,7,,31,A
367456430,2022-01-03T03:55:21,29.11488,-89.30103,0.0,259.6,511.0,CAPT WEBSTER,,WDF4843,31,0,19,7,,31,A
367456430,2022-01-03T04:03:11,29.11488,-89.30102,0.0,258.3,511.0,CAPT WEBSTER,,WDF4843,31,0,19,7,,31,A
367456430,2022-01-03T04:00:01,29.11490,-89.30102,0.0,259.0,511.0,CAPT WEBSTER,,WDF4843,31,0,19,7,,31,A
367456430,2022-01-03T03:57:31,29.11488,-89.30101,0.0,259.6,511.0,CAPT WEBSTER,,WDF4843,31,0,19,7,,31,A
367456430,2022-01-03T02:05:22,29.11486,-89.30107,0.0,304.3,511.0,CAPT WEBSTER,,WDF4843,31,0,19,7,,31,A
367456430,2022-01-03T03:44:10,29.11488,-89.30102,0.0,252.8,511.0,CAPT WEBSTER,,WDF4843,31,0,19,7,,31,A
367456430,2022-01-03T04:01:52,29.11488,-89.30103,0.0,253.6,511.0,CAPT WEBSTER,,WDF4843,31,0,19,7,,31,A
367456430,2022-01-03T03:45:32,29.11489,-89.30101,0.0,257.4,511.0,CAPT WEBSTER,,WDF4843,31,0,19,7,,31,A
367456430,2022-01-03T02:07:42,29.11488,-89.30105,0.0,308.7,511.0,CAPT WEBSTER,,WDF4843,31,0,19,7,,31,A
367456430,2022-01-03T04:07:52,29.11488,-89.30100,0.0,252.6,511.0,CAPT WEBSTER,,WDF4843,31,0,19,7,,31,A
367456430,2022-01-03T04:04:22,29.11487,-89.30102,0.0,256.9,511.0,CAPT WEBSTER,,WDF4843,31,0,19,7,,31,A
367456430,2022-01-03T03:51:32,29.11486,-89.30102,0.0,257.4,511.0,CAPT WEBSTER,,WDF4843,31,0,19,7,,31,A
367456430,2022-01-03T02:10:01,29.11487,-89.30105,0.0,310.1,511.0,CAPT WEBSTER,,WDF4843,31,0,19,7,,31,A
367456430,2022-01-03T04:05:31,29.11488,-89.30102,0.0,254.3,511.0,CAPT WEBSTER,,WDF4843,31,0,19,7,,31,A
367456430,2022-01-03T03:52:41,29.11487,-89.30101,0.0,259.1,511.0,CAPT WEBSTER,,WDF4843,31,0,19,7,,31,A
367456430,2022-01-03T04:16:22,29.11487,-89.30102,0.0,263.1,511.0,CAPT WEBSTER,,WDF4843,31,0,19,7,,31,A
367456430,2022-01-03T04:14:02,29.11485,-89.30103,0.0,253.1,511.0,CAPT WEBSTER,,WDF4843,31,0,19,7,,31,A
367456430,2022-01-03T04:11:32,29.11488,-89.30102,0.0,253.2,511.0,CAPT WEBSTER,,WDF4843,31,0,19,7,,31,A
367456430,2022-01-03T04:12:52,29.11486,-89.30103,0.0,248.2,511.0,CAPT WEBSTER,,WDF4843,31,0,19,7,,31,A
367456430,2022-01-03T04:18:41,29.11485,-89.30104,0.0,273.8,511.0,CAPT WEBSTER,,WDF4843,31,0,19,7,,31,A
367456430,2022-01-03T04:34:01,29.11488,-89.30104,0.0,223.2,511.0,CAPT WEBSTER,,WDF4843,31,0,19,7,,31,A
367456430,2022-01-03T04:25:21,29.11488,-89.30103,0.0,273.0,511.0,CAPT WEBSTER,,WDF4843,31,0,19,7,,31,A
367456430,2022-01-03T04:36:01,29.11488,-89.30103,0.0,225.9,511.0,CAPT WEBSTER,,WDF4843,31,0,19,7,,31,A
367456430,2022-01-03T04:17:32,29.11488,-89.30102,0.0,265.5,511.0,CAPT WEBSTER,,WDF4843,31,0,19,7,,31,A
367456430,2022-01-03T04:22:42,29.11487,-89.30104,0.1,278.1,511.0,CAPT WEBSTER,,WDF4843,31,0,19,7,,31,A
367456430,2022-01-03T04:26:32,29.11488,-89.30102,0.0,264.8,511.0,CAPT WEBSTER,,WDF4843,31,0,19,7,,31,A
367456430,2022-01-03T04:27:42,29.11488,-89.30102,0.0,259.1,511.0,CAPT WEBSTER,,WDF4843,31,0,19,7,,31,A
367456430,2022-01-03T04:23:52,29.11489,-89.30102,0.0,284.6,511.0,CAPT WEBSTER,,WDF4843,31,0,19,7,,31,A
367456430,2022-01-03T04:39:32,29.11488,-89.30103,0.0,244.9,511.0,CAPT WEBSTER,,WDF4843,31,0,19,7,,31,A
367456430,2022-01-03T04:32:52,29.11488,-89.30103,0.0,239.1,511.0,CAPT WEBSTER,,WDF4843,31,0,19,7,,31,A
367456430,2022-01-03T04:21:30,29.11486,-89.30106,0.0,270.7,511.0,CAPT WEBSTER,,WDF4843,31,0,19,7,,31,A
367456430,2022-01-03T04:30:32,29.11487,-89.30103,0.0,247.6,511.0,CAPT WEBSTER,,WDF4843,31,0,19,7,,31,A
367456430,2022-01-03T04:31:42,29.11488,-89.30102,0.0,244.0,511.0,CAPT WEBSTER,,WDF4843,31,0,19,7,,31,A
367456430,2022-01-03T04:09:11,29.11489,-89.30100,0.1,247.0,511.0,CAPT WEBSTER,,WDF4843,31,0,19,7,,31,A
367456430,2022-01-03T04:10:20,29.11489,-89.30102,0.0,245.5,511.0,CAPT WEBSTER,,WDF4843,31,0,19,7,,31,A
367456430,2022-01-03T04:15:11,29.11485,-89.30105,0.0,263.6,511.0,CAPT WEBSTER,,WDF4843,31,0,19,7,,31,A
367456430,2022-01-03T04:52:21,29.11484,-89.30106,0.0,283.7,511.0,CAPT WEBSTER,,WDF4843,31,0,19,7,,31,A
367456430,2022-01-03T04:20:21,29.11487,-89.30105,0.0,275.7,511.0,CAPT WEBSTER,,WDF4843,31,0,19,7,,31,A
367456430,2022-01-03T04:51:12,29.11487,-89.30103,0.0,273.2,511.0,CAPT WEBSTER,,WDF4843,31,0,19,7,,31,A
367456430,2022-01-03T02:25:22,29.11486,-89.30100,0.0,284.5,511.0,CAPT WEBSTER,,WDF4843,31,0,19,7,,31,A
367456430,2022-01-03T04:40:41,29.11488,-89.30101,0.0,241.1,511.0,CAPT WEBSTER,,WDF4843,31,0,19,7,,31,A
367456430,2022-01-03T04:54:42,29.11488,-89.30105,0.0,289.7,511.0,CAPT WEBSTER,,WDF4843,31,0,19,7,,31,A
367456430,2022-01-03T04:50:01,29.11487,-89.30104,0.0,256.1,511.0,CAPT WEBSTER,,WDF4843,31,0,19,7,,31,A
367456430,2022-01-03T04:47:42,29.11486,-89.30103,0.0,262.0,511.0,CAPT WEBSTER,,WDF4843,31,0,19,7,,31,A
367456430,2022-01-03T04:43:11,29.11487,-89.30102,0.0,250.9,511.0,CAPT WEBSTER,,WDF4843,31,0,19,7,,31,A
367456430,2022-01-03T04:48:51,29.11486,-89.30103,0.0,262.4,511.0,CAPT WEBSTER,,WDF4843,31,0,19,7,,31,A
367456430,2022-01-03T04:44:12,29.11487,-89.30103,0.0,252.8,511.0,CAPT WEBSTER,,WDF4843,31,0,19,7,,31,A
367456430,2022-01-03T05:01:02,29.11488,-89.30102,0.0,301.4,511.0,CAPT WEBSTER,,WDF4843,31,0,19,7,,31,A
367456430,2022-01-03T04:45:22,29.11487,-89.30103,0.0,260.4,511.0,CAPT WEBSTER,,WDF4843,31,0,19,7,,31,A
367456430,2022-01-03T04:46:31,29.11487,-89.30102,0.0,264.6,511.0,CAPT WEBSTER,,WDF4843,31,0,19,7,,31,A
367456430,2022-01-03T05:02:11,29.11488,-89.30102,0.0,305.3,511.0,CAPT WEBSTER,,WDF4843,31,0,19,7,,31,A
367456430,2022-01-03T05:03:21,29.11486,-89.30102,0.0,301.8,511.0,CAPT WEBSTER,,WDF4843,31,0,19,7,,31,A
367456430,2022-01-03T04:55:51,29.11487,-89.30105,0.0,298.5,511.0,CAPT WEBSTER,,WDF4843,31,0,19,7,,31,A
367456430,2022-01-03T04:38:20,29.11488,-89.30103,0.0,235.8,511.0,CAPT WEBSTER,,WDF4843,31,0,19,7,,31,A
367456430,2022-01-03T05:06:02,29.11487,-89.30103,0.0,307.6,511.0,CAPT WEBSTER,,WDF4843,31,0,19,7,,31,A
367456430,2022-01-03T04:57:01,29.11487,-89.30106,0.0,298.2,511.0,CAPT WEBSTER,,WDF4843,31,0,19,7,,31,A
367456430,2022-01-03T05:14:40,29.11489,-89.30103,0.0,289.0,511.0,CAPT WEBSTER,,WDF4843,31,0,19,7,,31,A
367456430,2022-01-03T05:08:32,29.11488,-89.30102,0.0,310.0,511.0,CAPT WEBSTER,,WDF4843,31,0,19,7,,31,A
367456430,2022-01-03T05:09:42,29.11488,-89.30102,0.0,306.0,511.0,CAPT WEBSTER,,WDF4843,31,0,19,7,,31,A
367456430,2022-01-03T04:53:31,29.11486,-89.30108,0.0,286.4,511.0,CAPT WEBSTER,,WDF4843,31,0,19,7,,31,A
367456430,2022-01-03T04:41:50,29.11487,-89.30102,0.0,251.6,511.0,CAPT WEBSTER,,WDF4843,31,0,19,7,,31,A
367456430,2022-01-03T04:58:11,29.11487,-89.30103,0.0,298.7,511.0,CAPT WEBSTER,,WDF4843,31,0,19,7,,31,A
367456430,2022-01-03T05:21:42,29.11488,-89.30104,0.0,280.3,511.0,CAPT WEBSTER,,WDF4843,31,0,19,7,,31,A
367456430,2022-01-03T05:07:22,29.11488,-89.30103,0.0,309.7,511.0,CAPT WEBSTER,,WDF4843,31,0,19,7,,31,A
367456430,2022-01-03T05:18:12,29.11490,-89.30105,0.0,286.6,511.0,CAPT WEBSTER,,WDF4843,31,0,19,7,,31,A
367456430,2022-01-03T05:26:42,29.11487,-89.30102,0.0,264.3,511.0,CAPT WEBSTER,,WDF4843,31,0,19,7,,31,A
367456430,2022-01-03T05:13:31,29.11488,-89.30104,0.0,290.9,511.0,CAPT WEBSTER,,WDF4843,31,0,19,7,,31,A
367456430,2022-01-03T05:12:21,29.11489,-89.30102,0.0,293.3,511.0,CAPT WEBSTER,,WDF4843,31,0,19,7,,31,A
367456430,2022-01-03T04:59:21,29.11488,-89.30102,0.0,301.7,511.0,CAPT WEBSTER,,WDF4843,31,0,19,7,,31,A
367456430,2022-01-03T05:40:51,29.11489,-89.30103,0.0,282.3,511.0,CAPT WEBSTER,,WDF4843,31,0,19,7,,31,A
367456430,2022-01-03T05:16:01,29.11488,-89.30100,0.0,287.5,511.0,CAPT WEBSTER,,WDF4843,31,0,19,7,,31,A
367456430,2022-01-03T05:20:32,29.11488,-89.30103,0.0,285.6,511.0,CAPT WEBSTER,,WDF4843,31,0,19,7,,31,A
367456430,2022-01-03T05:17:02,29.11490,-89.30104,0.0,285.6,511.0,CAPT WEBSTER,,WDF4843,31,0,19,7,,31,A
367456430,2022-01-03T05:04:22,29.11488,-89.30103,0.0,303.0,511.0,CAPT WEBSTER,,WDF4843,31,0,19,7,,31,A
367456430,2022-01-03T05:46:41,29.11492,-89.30106,0.0,276.7,511.0,CAPT WEBSTER,,WDF4843,31,0,19,7,,31,A
367456430,2022-01-03T05:23:52,29.11488,-89.30102,0.0,278.8,511.0,CAPT WEBSTER,,WDF4843,31,0,19,7,,31,A
367456430,2022-01-03T05:34:51,29.11490,-89.30104,0.0,277.1,511.0,CAPT WEBSTER,,WDF4843,31,0,19,7,,31,A
367456430,2022-01-03T05:37:12,29.11492,-89.30105,0.0,280.7,511.0,CAPT WEBSTER,,WDF4843,31,0,19,7,,31,A
367456430,2022-01-03T05:51:22,29.11487,-89.30106,0.0,262.7,511.0,CAPT WEBSTER,,WDF4843,31,0,19,7,,31,A
367456430,2022-01-03T05:42:01,29.11487,-89.30103,0.0,294.4,511.0,CAPT WEBSTER,,WDF4843,31,0,19,7,,31,A
367456430,2022-01-03T05:27:52,29.11489,-89.30104,0.0,263.5,511.0,CAPT WEBSTER,,WDF4843,31,0,19,7,,31,A
367456430,2022-01-03T05:25:32,29.11487,-89.30103,0.0,268.4,511.0,CAPT WEBSTER,,WDF4843,31,0,19,7,,31,A
367456430,2022-01-03T05:32:32,29.11489,-89.30104,0.0,271.5,511.0,CAPT WEBSTER,,WDF4843,31,0,19,7,,31,A
367456430,2022-01-03T05:19:22,29.11488,-89.30103,0.0,289.0,511.0,CAPT WEBSTER,,WDF4843,31,0,19,7,,31,A
367456430,2022-01-03T06:01:41,29.11490,-89.30104,0.0,272.8,511.0,CAPT WEBSTER,,WDF4843,31,0,19,7,,31,A
367456430,2022-01-03T05:47:51,29.11489,-89.30106,0.0,275.0,511.0,CAPT WEBSTER,,WDF4843,31,0,19,7,,31,A
367456430,2022-01-03T05:36:02,29.11491,-89.30107,0.0,275.5,511.0,CAPT WEBSTER,,WDF4843,31,0,19,7,,31,A
367456430,2022-01-03T05:39:41,29.11488,-89.30103,0.0,282.3,511.0,CAPT WEBSTER,,WDF4843,31,0,19,7,,31,A
367456430,2022-01-03T05:38:22,29.11489,-89.30104,0.0,285.0,511.0,CAPT WEBSTER,,WDF4843,31,0,19,7,,31,A
367456430,2022-01-03T05:54:42,29.11488,-89.30103,0.0,266.0,511.0,CAPT WEBSTER,,WDF4843,31,0,19,7,,31,A
367456430,2022-01-03T02:52:01,29.11489,-89.30101,0.0,269.8,511.0,CAPT WEBSTER,,WDF4843,31,0,19,7,,31,A
367456430,2022-01-03T05:58:01,29.11487,-89.30103,0.0,265.8,511.0,CAPT WEBSTER,,WDF4843,31,0,19,7,,31,A
367456430,2022-01-03T06:02:51,29.11492,-89.30103,0.0,272.6,511.0,CAPT WEBSTER,,WDF4843,31,0,19,7,,31,A
367456430,2022-01-03T05:50:11,29.11487,-89.30105,0.0,265.5,511.0,CAPT WEBSTER,,WDF4843,31,0,19,7,,31,A
367456430,2022-01-03T05:48:52,29.11487,-89.30105,0.0,269.6,511.0,CAPT WEBSTER,,WDF4843,31,0,19,7,,31,A
367456430,2022-01-03T05:43:11,29.11488,-89.30105,0.0,290.2,511.0,CAPT WEBSTER,,WDF4843,31,0,19,7,,31,A
367456430,2022-01-03T05:33:41,29.11490,-89.30104,0.0,272.4,511.0,CAPT WEBSTER,,WDF4843,31,0,19,7,,31,A
367456430,2022-01-03T06:04:00,29.11493,-89.30104,0.0,274.9,511.0,CAPT WEBSTER,,WDF4843,31,0,19,7,,31,A
367456430,2022-01-03T06:16:11,29.11492,-89.30103,0.0,290.4,511.0,CAPT WEBSTER,,WDF4843,31,0,19,7,,31,A
367456430,2022-01-03T06:05:11,29.11491,-89.30104,0.0,276.3,511.0,CAPT WEBSTER,,WDF4843,31,0,19,7,,31,A
367456430,2022-01-03T05:52:30,29.11489,-89.30105,0.0,260.5,511.0,CAPT WEBSTER,,WDF4843,31,0,19,7,,31,A
367456430,2022-01-03T05:53:41,29.11488,-89.30104,0.0,261.6,511.0,CAPT WEBSTER,,WDF4843,31,0,19,7,,31,A
367456430,2022-01-03T02:56:22,29.11491,-89.30098,0.0,286.5,511.0,CAPT WEBSTER,,WDF4843,31,0,19,7,,31,A
367456430,2022-01-03T05:56:51,29.11487,-89.30105,0.0,264.3,511.0,CAPT WEBSTER,,WDF4843,31,0,19,7,,31,A
367456430,2022-01-03T05:55:50,29.11487,-89.30104,0.0,264.3,511.0,CAPT WEBSTER,,WDF4843,31,0,19,7,,31,A
367456430,2022-01-03T05:59:10,29.11486,-89.30102,0.0,266.3,511.0,CAPT WEBSTER,,WDF4843,31,0,19,7,,31,A
367456430,2022-01-03T06:28:21,29.11488,-89.30105,0.0,228.4,511.0,CAPT WEBSTER,,WDF4843,31,0,19,7,,31,A
367456430,2022-01-03T05:44:20,29.11490,-89.30105,0.0,283.5,511.0,CAPT WEBSTER,,WDF4843,31,0,19,7,,31,A
367456430,2022-01-03T06:06:22,29.11488,-89.30105,0.0,275.5,511.0,CAPT WEBSTER,,WDF4843,31,0,19,7,,31,A
367456430,2022-01-03T06:08:31,29.11482,-89.30104,0.0,275.9,511.0,CAPT WEBSTER,,WDF4843,31,0,19,7,,31,A
367456430,2022-01-03T03:04:41,29.11488,-89.30103,0.0,293.6,511.0,CAPT WEBSTER,,WDF4843,31,0,19,7,,31,A
367456430,2022-01-03T06:11:01,29.11483,-89.30104,0.0,277.1,511.0,CAPT WEBSTER,,WDF4843,31,0,19,7,,31,A
367456430,2022-01-03T06:23:21,29.11487,-89.30105,0.0,233.6,511.0,CAPT WEBSTER,,WDF4843,31,0,19,7,,31,A
367456430,2022-01-03T06:09:51,29.11481,-89.30103,0.0,277.2,511.0,CAPT WEBSTER,,WDF4843,31,0,19,7,,31,A
367456430,2022-01-03T06:07:30,29.11487,-89.30105,0.0,274.8,511.0,CAPT WEBSTER,,WDF4843,31,0,19,7,,31,A
367456430,2022-01-03T06:19:52,29.11487,-89.30104,0.0,253.8,511.0,CAPT WEBSTER,,WDF4843,31,0,19,7,,31,A
367456430,2022-01-03T06:14:32,29.11488,-89.30102,0.0,288.6,511.0,CAPT WEBSTER,,WDF4843,31,0,19,7,,31,A
367456430,2022-01-03T06:50:12,29.11484,-89.30110,0.0,234.5,511.0,CAPT WEBSTER,,WDF4843,31,0,19,7,,31,A
367456430,2022-01-03T06:17:21,29.11491,-89.30100,0.0,282.9,511.0,CAPT WEBSTER,,WDF4843,31,0,19,7,,31,A
367456430,2022-01-03T06:22:12,29.11487,-89.30105,0.0,240.4,511.0,CAPT WEBSTER,,WDF4843,31,0,19,7,,31,A
367456430,2022-01-03T06:26:01,29.11488,-89.30104,0.0,223.6,511.0,CAPT WEBSTER,,WDF4843,31,0,19,7,,31,A
367456430,2022-01-03T06:24:31,29.11488,-89.30105,0.0,231.9,511.0,CAPT WEBSTER,,WDF4843,31,0,19,7,,31,A
367456430,2022-01-03T03:10:21,29.11489,-89.30102,0.0,293.4,511.0,CAPT WEBSTER,,WDF4843,31,0,19,7,,31,A
367456430,2022-01-03T06:27:10,29.11490,-89.30105,0.0,225.2,511.0,CAPT WEBSTER,,WDF4843,31,0,19,7,,31,A
367456430,2022-01-03T06:29:31,29.11487,-89.30107,0.0,230.2,511.0,CAPT WEBSTER,,WDF4843,31,0,19,7,,31,A
367456430,2022-01-03T07:02:52,29.11486,-89.30108,0.0,196.5,511.0,CAPT WEBSTER,,WDF4843,31,0,19,7,,31,A
367456430,2022-01-03T06:31:51,29.11487,-89.30106,0.0,238.7,511.0,CAPT WEBSTER,,WDF4843,31,0,19,7,,31,A
367456430,2022-01-03T06:33:02,29.11487,-89.30104,0.0,238.1,511.0,CAPT WEBSTER,,WDF4843,31,0,19,7,,31,A
367456430,2022-01-03T06:42:10,29.11491,-89.30106,0.0,242.7,511.0,CAPT WEBSTER,,WDF4843,31,0,19,7,,31,A
367456430,2022-01-03T03:15:21,29.11489,-89.30103,0.0,303.3,511.0,CAPT WEBSTER,,WDF4843,31,0,19,7,,31,A
367456430,2022-01-03T06:36:02,29.11487,-89.30105,0.0,236.8,511.0,CAPT WEBSTER,,WDF4843,31,0,19,7,,31,A
367456430,2022-01-03T06:21:02,29.11487,-89.30102,0.0,243.1,511.0,CAPT WEBSTER,,WDF4843,31,0,19,7,,31,A
367456430,2022-01-03T06:38:22,29.11488,-89.30104,0.0,246.0,511.0,CAPT WEBSTER,,WDF4843,31,0,19,7,,31,A
367456430,2022-01-03T06:44:31,29.11489,-89.30109,0.0,231.7,511.0,CAPT WEBSTER,,WDF4843,31,0,19,7,,31,A
367456430,2022-01-03T06:45:32,29.11488,-89.30109,0.0,232.5,511.0,CAPT WEBSTER,,WDF4843,31,0,19,7,,31,A
367456430,2022-01-03T03:20:21,29.11487,-89.30103,0.0,282.6,511.0,CAPT WEBSTER,,WDF4843,31,0,19,7,,31,A
367456430,2022-01-03T06:56:02,29.11484,-89.30107,0.0,183.1,511.0,CAPT WEBSTER,,WDF4843,31,0,19,7,,31,A
367456430,2022-01-03T06:47:51,29.11487,-89.30107,0.0,230.3,511.0,CAPT WEBSTER,,WDF4843,31,0,19,7,,31,A
367456430,2022-01-03T06:58:21,29.11486,-89.30109,0.0,180.7,511.0,CAPT WEBSTER,,WDF4843,31,0,19,7,,31,A
367456430,2022-01-03T06:59:32,29.11485,-89.30108,0.0,184.4,511.0,CAPT WEBSTER,,WDF4843,31,0,19,7,,31,A
367456430,2022-01-03T06:30:42,29.11489,-89.30106,0.0,236.4,511.0,CAPT WEBSTER,,WDF4843,31,0,19,7,,31,A
367456430,2022-01-03T06:52:31,29.11486,-89.30107,0.0,189.0,511.0,CAPT WEBSTER,,WDF4843,31,0,19,7,,31,A
367456430,2022-01-03T06:34:10,29.11490,-89.30102,0.0,238.6,511.0,CAPT WEBSTER,,WDF4843,31,0,19,7,,31,A
367456430,2022-01-03T07:07:30,29.11488,-89.30106,0.0,209.9,511.0,CAPT WEBSTER,,WDF4843,31,0,19,7,,31,A
367456430,2022-01-03T06:51:21,29.11486,-89.30105,0.0,211.6,511.0,CAPT WEBSTER,,WDF4843,31,0,19,7,,31,A
367456430,2022-01-03T06:57:11,29.11486,-89.30109,0.0,175.0,511.0,CAPT WEBSTER,,WDF4843,31,0,19,7,,31,A
367456430,2022-01-03T07:27:32,29.11487,-89.30103,0.0,211.6,511.0,CAPT WEBSTER,,WDF4843,31,0,19,7,,31,A
367456430,2022-01-03T06:39:31,29.11490,-89.30105,0.0,244.5,511.0,CAPT WEBSTER,,WDF4843,31,0,19,7,,31,A
367456430,2022-01-03T07:01:41,29.11485,-89.30107,0.0,190.7,511.0,CAPT WEBSTER,,WDF4843,31,0,19,7,,31,A
367456430,2022-01-03T07:29:52,29.11488,-89.30101,0.0,227.9,511.0,CAPT WEBSTER,,WDF4843,31,0,19,7,,31,A
367456430,2022-01-03T07:04:01,29.11487,-89.30107,0.0,203.4,511.0,CAPT WEBSTER,,WDF4843,31,0,19,7,,31,A
367456430,2022-01-03T06:46:41,29.11486,-89.30107,0.0,231.9,511.0,CAPT WEBSTER,,WDF4843,31,0,19,7,,31,A
367456430,2022-01-03T07:35:40,29.11485,-89.30102,0.0,235.1,511.0,CAPT WEBSTER,,WDF4843,31,0,19,7,,31,A
367456430,2022-01-03T07:37:01,29.11484,-89.30102,0.0,240.1,511.0,CAPT WEBSTER,,WDF4843,31,0,19,7,,31,A
367456430,2022-01-03T07:18:22,29.11488,-89.30103,0.0,190.0,511.0,CAPT WEBSTER,,WDF4843,31,0,19,7,,31,A
367456430,2022-01-03T06:49:01,29.11483,-89.30111,0.0,227.4,511.0,CAPT WEBSTER,,WDF4843,31,0,19,7,,31,A
367456430,2022-01-03T07:19:32,29.11489,-89.30102,0.0,193.5,511.0,CAPT WEBSTER,,WDF4843,31,0,19,7,,31,A
367456430,2022-01-03T07:20:42,29.11487,-89.30105,0.0,194.7,511.0,CAPT WEBSTER,,WDF4843,31,0,19,7,,31,A
367456430,2022-01-03T07:10:02,29.11489,-89.30106,0.0,197.8,511.0,CAPT WEBSTER,,WDF4843,31,0,19,7,,31,A
367456430,2022-01-03T07:40:31,29.11483,-89.30108,0.0,239.8,511.0,CAPT WEBSTER,,WDF4843,31,0,19,7,,31,A
367456430,2022-01-03T07:05:11,29.11488,-89.30106,0.0,209.2,511.0,CAPT WEBSTER,,WDF4843,31,0,19,7,,31,A
367456430,2022-01-03T06:53:42,29.11485,-89.30107,0.0,195.6,511.0,CAPT WEBSTER,,WDF4843,31,0,19,7,,31,A
367456430,2022-01-03T07:12:21,29.11488,-89.30106,0.0,195.5,511.0,CAPT WEBSTER,,WDF4843,31,0,19,7,,31,A
367456430,2022-01-03T07:13:31,29.11488,-89.30104,0.0,199.1,511.0,CAPT WEBSTER,,WDF4843,31,0,19,7,,31,A
367456430,2022-01-03T06:54:51,29.11484,-89.30109,0.0,187.5,511.0,CAPT WEBSTER,,WDF4843,31,0,19,7,,31,A
367456430,2022-01-03T07:06:21,29.11488,-89.30106,0.0,208.9,511.0,CAPT WEBSTER,,WDF4843,31,0,19,7,,31,A
367456430,2022-01-03T07:16:01,29.11487,-89.30105,0.0,199.4,511.0,CAPT WEBSTER,,WDF4843,31,0,19,7,,31,A
367456430,2022-01-03T07:08:51,29.11486,-89.30105,0.0,206.1,511.0,CAPT WEBSTER,,WDF4843,31,0,19,7,,31,A
367456430,2022-01-03T07:17:12,29.11488,-89.30105,0.0,196.1,511.0,CAPT WEBSTER,,WDF4843,31,0,19,7,,31,A
367456430,2022-01-03T07:11:10,29.11487,-89.30105,0.0,197.7,511.0,CAPT WEBSTER,,WDF4843,31,0,19,7,,31,A
367456430,2022-01-03T03:43:01,29.11487,-89.30102,0.0,258.9,511.0,CAPT WEBSTER,,WDF4843,31,0,19,7,,31,A
367456430,2022-01-03T07:25:11,29.11486,-89.30102,0.0,203.4,511.0,CAPT WEBSTER,,WDF4843,31,0,19,7,,31,A
367456430,2022-01-03T07:21:51,29.11487,-89.30104,0.0,198.1,511.0,CAPT WEBSTER,,WDF4843,31,0,19,7,,31,A
367456430,2022-01-03T07:39:22,29.11484,-89.30103,0.0,240.6,511.0,CAPT WEBSTER,,WDF4843,31,0,19,7,,31,A
367456430,2022-01-03T07:28:41,29.11486,-89.30101,0.0,221.7,511.0,CAPT WEBSTER,,WDF4843,31,0,19,7,,31,A
367456430,2022-01-03T07:31:00,29.11487,-89.30101,0.0,229.7,511.0,CAPT WEBSTER,,WDF4843,31,0,19,7,,31,A
367456430,2022-01-03T07:26:22,29.11485,-89.30102,0.0,208.3,511.0,CAPT WEBSTER,,WDF4843,31,0,19,7,,31,A
367456430,2022-01-03T07:44:02,29.11484,-89.30105,0.0,234.0,511.0,CAPT WEBSTER,,WDF4843,31,0,19,7,,31,A
367456430,2022-01-03T07:32:12,29.11485,-89.30103,0.0,233.2,511.0,CAPT WEBSTER,,WDF4843,31,0,19,7,,31,A
367456430,2022-01-03T03:50:22,29.11486,-89.30102,0.0,257.9,511.0,CAPT WEBSTER,,WDF4843,31,0,19,7,,31,A
367456430,2022-01-03T07:48:42,29.11484,-89.30104,0.0,207.2,511.0,CAPT WEBSTER,,WDF4843,31,0,19,7,,31,A
367456430,2022-01-03T07:38:12,29.11485,-89.30103,0.0,241.0,511.0,CAPT WEBSTER,,WDF4843,31,0,19,7,,31,A
367456430,2022-01-03T07:49:51,29.11488,-89.30101,0.0,193.6,511.0,CAPT WEBSTER,,WDF4843,31,0,19,7,,31,A
367456430,2022-01-03T07:33:21,29.11485,-89.30104,0.0,236.3,511.0,CAPT WEBSTER,,WDF4843,31,0,19,7,,31,A
367456430,2022-01-03T07:41:51,29.11485,-89.30105,0.0,237.5,511.0,CAPT WEBSTER,,WDF4843,31,0,19,7,,31,A
367456430,2022-01-03T07:43:01,29.11486,-89.30103,0.0,232.4,511.0,CAPT WEBSTER,,WDF4843,31,0,19,7,,31,A
367456430,2022-01-03T08:21:42,29.11487,-89.30103,0.0,245.2,511.0,CAPT WEBSTER,,WDF4843,31,0,19,7,,31,A
367456430,2022-01-03T07:45:11,29.11489,-89.30100,0.0,222.0,511.0,CAPT WEBSTER,,WDF4843,31,0,19,7,,31,A
367456430,2022-01-03T08:04:51,29.11487,-89.30100,0.0,189.2,511.0,CAPT WEBSTER,,WDF4843,31,0,19,7,,31,A
367456430,2022-01-03T07:46:21,29.11487,-89.30103,0.0,220.1,511.0,CAPT WEBSTER,,WDF4843,31,0,19,7,,31,A
367456430,2022-01-03T08:26:11,29.11486,-89.30104,0.0,257.0,511.0,CAPT WEBSTER,,WDF4843,31,0,19,7,,31,A
367456430,2022-01-03T07:34:30,29.11485,-89.30104,0.0,234.7,511.0,CAPT WEBSTER,,WDF4843,31,0,19,7,,31,A
367456430,2022-01-03T07:52:11,29.11489,-89.30101,0.0,179.1,511.0,CAPT WEBSTER,,WDF4843,31,0,19,7,,31,A
367456430,2022-01-03T08:09:31,29.11487,-89.30101,0.0,211.2,511.0,CAPT WEBSTER,,WDF4843,31,0,19,7,,31,A
367456430,2022-01-03T07:53:12,29.11487,-89.30101,0.0,173.9,511.0,CAPT WEBSTER,,WDF4843,31,0,19,7,,31,A
367456430,2022-01-03T03:56:22,29.11488,-89.30103,0.0,261.7,511.0,CAPT WEBSTER,,WDF4843,31,0,19,7,,31,A
367456430,2022-01-03T07:58:52,29.11488,-89.30101,0.0,173.4,511.0,CAPT WEBSTER,,WDF4843,31,0,19,7,,31,A
367456430,2022-01-03T07:57:42,29.11489,-89.30100,0.0,170.7,511.0,CAPT WEBSTER,,WDF4843,31,0,19,7,,31,A
367456430,2022-01-03T08:00:01,29.11489,-89.30104,0.0,181.2,511.0,CAPT WEBSTER,,WDF4843,31,0,19,7,,31,A
367456430,2022-01-03T08:15:42,29.11488,-89.30103,0.0,231.9,511.0,CAPT WEBSTER,,WDF4843,31,0,19,7,,31,A
367456430,2022-01-03T08:01:22,29.11487,-89.30103,0.0,180.1,511.0,CAPT WEBSTER,,WDF4843,31,0,19,7,,31,A
367456430,2022-01-03T08:16:51,29.11490,-89.30103,0.0,230.4,511.0,CAPT WEBSTER,,WDF4843,31,0,19,7,,31,A
367456430,2022-01-03T08:02:32,29.11487,-89.30101,0.0,181.5,511.0,CAPT WEBSTER,,WDF4843,31,0,19,7,,31,A
367456430,2022-01-03T07:51:02,29.11484,-89.30101,0.0,184.1,511.0,CAPT WEBSTER,,WDF4843,31,0,19,7,,31,A
367456430,2022-01-03T08:43:51,29.11483,-89.30106,0.0,313.2,511.0,CAPT WEBSTER,,WDF4843,31,0,19,7,,31,A
367456430,2022-01-03T07:54:20,29.11486,-89.30103,0.0,164.7,511.0,CAPT WEBSTER,,WDF4843,31,0,19,7,,31,A
367456430,2022-01-03T08:07:11,29.11487,-89.30101,0.0,205.6,511.0,CAPT WEBSTER,,WDF4843,31,0,19,7,,31,A
367456430,2022-01-03T08:22:52,29.11487,-89.30102,0.0,252.5,511.0,CAPT WEBSTER,,WDF4843,31,0,19,7,,31,A
367456430,2022-01-03T08:08:22,29.11487,-89.30100,0.0,206.5,511.0,CAPT WEBSTER,,WDF4843,31,0,19,7,,31,A
367456430,2022-01-03T08:25:01,29.11488,-89.30105,0.0,257.2,511.0,CAPT WEBSTER,,WDF4843,31,0,19,7,,31,A
367456430,2022-01-03T08:10:32,29.11489,-89.30101,0.0,217.8,511.0,CAPT WEBSTER,,WDF4843,31,0,19,7,,31,A
367456430,2022-01-03T08:51:50,29.11487,-89.30104,0.0,320.2,511.0,CAPT WEBSTER,,WDF4843,31,0,19,7,,31,A
367456430,2022-01-03T08:12:12,29.11488,-89.30102,0.0,220.8,511.0,CAPT WEBSTER,,WDF4843,31,0,19,7,,31,A
367456430,2022-01-03T08:14:32,29.11489,-89.30104,0.0,226.9,511.0,CAPT WEBSTER,,WDF4843,31,0,19,7,,31,A
367456430,2022-01-03T08:52:51,29.11487,-89.30101,0.0,321.5,511.0,CAPT WEBSTER,,WDF4843,31,0,19,7,,31,A
367456430,2022-01-03T08:19:12,29.11485,-89.30104,0.0,241.4,511.0,CAPT WEBSTER,,WDF4843,31,0,19,7,,31,A
367456430,2022-01-03T08:20:32,29.11486,-89.30103,0.0,241.4,511.0,CAPT WEBSTER,,WDF4843,31,0,19,7,,31,A
367456430,2022-01-03T09:00:02,29.11489,-89.30105,0.0,308.5,511.0,CAPT WEBSTER,,WDF4843,31,0,19,7,,31,A
367456430,2022-01-03T08:03:40,29.11487,-89.30100,0.0,183.7,511.0,CAPT WEBSTER,,WDF4843,31,0,19,7,,31,A
367456430,2022-01-03T08:24:00,29.11488,-89.30105,0.0,256.7,511.0,CAPT WEBSTER,,WDF4843,31,0,19,7,,31,A
367456430,2022-01-03T04:06:40,29.11487,-89.30102,0.0,256.5,511.0,CAPT WEBSTER,,WDF4843,31,0,19,7,,31,A
367456430,2022-01-03T08:40:22,29.11484,-89.30104,0.0,296.7,511.0,CAPT WEBSTER,,WDF4843,31,0,19,7,,31,A
367456430,2022-01-03T08:27:12,29.11486,-89.30103,0.0,263.5,511.0,CAPT WEBSTER,,WDF4843,31,0,19,7,,31,A
367456430,2022-01-03T08:30:41,29.11488,-89.30104,0.0,272.5,511.0,CAPT WEBSTER,,WDF4843,31,0,19,7,,31,A
367456430,2022-01-03T08:31:42,29.11486,-89.30102,0.0,274.5,511.0,CAPT WEBSTER,,WDF4843,31,0,19,7,,31,A
367456430,2022-01-03T09:10:32,29.11492,-89.30106,0.0,284.6,511.0,CAPT WEBSTER,,WDF4843,31,0,19,7,,31,A
367456430,2022-01-03T08:34:21,29.11487,-89.30104,0.0,274.9,511.0,CAPT WEBSTER,,WDF4843,31,0,19,7,,31,A
367456430,2022-01-03T08:32:51,29.11486,-89.30102,0.0,275.6,511.0,CAPT WEBSTER,,WDF4843,31,0,19,7,,31,A
367456430,2022-01-03T08:28:21,29.11488,-89.30103,0.0,267.6,511.0,CAPT WEBSTER,,WDF4843,31,0,19,7,,31,A
367456430,2022-01-03T08:35:30,29.11486,-89.30103,0.0,282.4,511.0,CAPT WEBSTER,,WDF4843,31,0,19,7,,31,A
367456430,2022-01-03T08:29:30,29.11487,-89.30105,0.0,268.4,511.0,CAPT WEBSTER,,WDF4843,31,0,19,7,,31,A
367456430,2022-01-03T09:14:12,29.11490,-89.30103,0.0,272.3,511.0,CAPT WEBSTER,,WDF4843,31,0,19,7,,31,A
367456430,2022-01-03T08:36:52,29.11487,-89.30102,0.0,281.5,511.0,CAPT WEBSTER,,WDF4843,31,0,19,7,,31,A
367456430,2022-01-03T08:38:01,29.11485,-89.30102,0.0,285.4,511.0,CAPT WEBSTER,,WDF4843,31,0,19,7,,31,A
367456430,2022-01-03T08:42:40,29.11484,-89.30105,0.0,308.3,511.0,CAPT WEBSTER,,WDF4843,31,0,19,7,,31,A
367456430,2022-01-03T08:41:31,29.11485,-89.30104,0.0,304.0,511.0,CAPT WEBSTER,,WDF4843,31,0,19,7,,31,A
367456430,2022-01-03T08:45:02,29.11484,-89.30106,0.0,318.2,511.0,CAPT WEBSTER,,WDF4843,31,0,19,7,,31,A
367456430,2022-01-03T08:46:12,29.11486,-89.30105,0.0,317.3,511.0,CAPT WEBSTER,,WDF4843,31,0,19,7,,31,A
367456430,2022-01-03T09:25:51,29.11491,-89.30106,0.0,229.1,511.0,CAPT WEBSTER,,WDF4843,31,0,19,7,,31,A
367456430,2022-01-03T08:49:40,29.11487,-89.30103,0.0,317.5,511.0,CAPT WEBSTER,,WDF4843,31,0,19,7,,31,A
367456430,2022-01-03T09:29:11,29.11487,-89.30105,0.0,243.3,511.0,CAPT WEBSTER,,WDF4843,31,0,19,7,,31,A
367456430,2022-01-03T08:50:42,29.11489,-89.30104,0.0,320.8,511.0,CAPT WEBSTER,,WDF4843,31,0,19,7,,31,A
367456430,2022-01-03T08:57:42,29.11487,-89.30103,0.0,325.9,511.0,CAPT WEBSTER,,WDF4843,31,0,19,7,,31,A
367456430,2022-01-03T08:47:22,29.11487,-89.30106,0.0,318.4,511.0,CAPT WEBSTER,,WDF4843,31,0,19,7,,31,A
367456430,2022-01-03T09:04:41,29.11488,-89.30103,0.0,280.4,511.0,CAPT WEBSTER,,WDF4843,31,0,19,7,,31,A
367456430,2022-01-03T09:06:11,29.11492,-89.30104,0.0,282.2,511.0,CAPT WEBSTER,,WDF4843,31,0,19,7,,31,A
367456430,2022-01-03T09:43:11,29.11487,-89.30102,0.0,230.7,511.0,CAPT WEBSTER,,WDF4843,31,0,19,7,,31,A
367456430,2022-01-03T04:28:52,29.11487,-89.30101,0.0,249.6,511.0,CAPT WEBSTER,,WDF4843,31,0,19,7,,31,A
367456430,2022-01-03T08:58:51,29.11489,-89.30104,0.0,316.5,511.0,CAPT WEBSTER,,WDF4843,31,0,19,7,,31,A
367456430,2022-01-03T08:56:31,29.11487,-89.30100,0.0,328.7,511.0,CAPT WEBSTER,,WDF4843,31,0,19,7,,31,A
367456430,2022-01-03T09:46:31,29.11488,-89.30103,0.0,232.1,511.0,CAPT WEBSTER,,WDF4843,31,0,19,7,,31,A
367456430,2022-01-03T09:07:22,29.11490,-89.30104,0.0,282.0,511.0,CAPT WEBSTER,,WDF4843,31,0,19,7,,31,A
367456430,2022-01-03T08:48:32,29.11487,-89.30105,0.0,317.4,511.0,CAPT WEBSTER,,WDF4843,31,0,19,7,,31,A
367456430,2022-01-03T09:03:31,29.11490,-89.30105,0.0,287.9,511.0,CAPT WEBSTER,,WDF4843,31,0,19,7,,31,A
367456430,2022-01-03T09:08:30,29.11493,-89.30107,0.0,285.0,511.0,CAPT WEBSTER,,WDF4843,31,0,19,7,,31,A
367456430,2022-01-03T09:54:41,29.11489,-89.30105,0.0,236.1,511.0,CAPT WEBSTER,,WDF4843,31,0,19,7,,31,A
367456430,2022-01-03T09:09:31,29.11492,-89.30105,0.0,284.8,511.0,CAPT WEBSTER,,WDF4843,31,0,19,7,,31,A
367456430,2022-01-03T09:22:22,29.11489,-89.30103,0.0,226.7,511.0,CAPT WEBSTER,,WDF4843,31,0,19,7,,31,A
367456430,2022-01-03T08:54:01,29.11488,-89.30102,0.0,324.5,511.0,CAPT WEBSTER,,WDF4843,31,0,19,7,,31,A
367456430,2022-01-03T09:59:21,29.11487,-89.30102,0.0,241.0,511.0,CAPT WEBSTER,,WDF4843,31,0,19,7,,31,A
367456430,2022-01-03T09:15:22,29.11489,-89.30102,0.0,257.5,511.0,CAPT WEBSTER,,WDF4843,31,0,19,7,,31,A
367456430,2022-01-03T08:55:22,29.11487,-89.30105,0.0,327.8,511.0,CAPT WEBSTER,,WDF4843,31,0,19,7,,31,A
367456430,2022-01-03T09:11:51,29.11491,-89.30103,0.0,286.3,511.0,CAPT WEBSTER,,WDF4843,31,0,19,7,,31,A
367456430,2022-01-03T09:16:30,29.11489,-89.30104,0.0,245.2,511.0,CAPT WEBSTER,,WDF4843,31,0,19,7,,31,A
367456430,2022-01-03T09:13:01,29.11491,-89.30104,0.0,284.5,511.0,CAPT WEBSTER,,WDF4843,31,0,19,7,,31,A
367456430,2022-01-03T09:17:41,29.11488,-89.30104,0.0,237.3,511.0,CAPT WEBSTER,,WDF4843,31,0,19,7,,31,A
367456430,2022-01-03T09:30:21,29.11488,-89.30103,0.0,256.8,511.0,CAPT WEBSTER,,WDF4843,31,0,19,7,,31,A
367456430,2022-01-03T09:01:12,29.11489,-89.30103,0.0,300.1,511.0,CAPT WEBSTER,,WDF4843,31,0,19,7,,31,A
367456430,2022-01-03T09:31:31,29.11487,-89.30104,0.0,258.2,511.0,CAPT WEBSTER,,WDF4843,31,0,19,7,,31,A
367456430,2022-01-03T09:18:51,29.11488,-89.30105,0.0,234.1,511.0,CAPT WEBSTER,,WDF4843,31,0,19,7,,31,A
367456430,2022-01-03T09:02:22,29.11488,-89.30104,0.0,292.2,511.0,CAPT WEBSTER,,WDF4843,31,0,19,7,,31,A
367456430,2022-01-03T09:23:32,29.11488,-89.30104,0.0,226.6,511.0,CAPT WEBSTER,,WDF4843,31,0,19,7,,31,A
367456430,2022-01-03T04:37:10,29.11488,-89.30102,0.0,231.6,511.0,CAPT WEBSTER,,WDF4843,31,0,19,7,,31,A
367456430,2022-01-03T10:09:11,29.11491,-89.30106,0.0,254.0,511.0,CAPT WEBSTER,,WDF4843,31,0,19,7,,31,A
367456430,2022-01-03T09:37:22,29.11489,-89.30104,0.0,250.9,511.0,CAPT WEBSTER,,WDF4843,31,0,19,7,,31,A
367456430,2022-01-03T09:27:01,29.11490,-89.30105,0.0,232.9,511.0,CAPT WEBSTER,,WDF4843,31,0,19,7,,31,A
367456430,2022-01-03T09:28:02,29.11487,-89.30106,0.0,242.1,511.0,CAPT WEBSTER,,WDF4843,31,0,19,7,,31,A
367456430,2022-01-03T09:34:52,29.11489,-89.30102,0.0,265.7,511.0,CAPT WEBSTER,,WDF4843,31,0,19,7,,31,A
367456430,2022-01-03T09:33:42,29.11488,-89.30106,0.0,262.5,511.0,CAPT WEBSTER,,WDF4843,31,0,19,7,,31,A
367456430,2022-01-03T09:44:12,29.11486,-89.30104,0.0,229.8,511.0,CAPT WEBSTER,,WDF4843,31,0,19,7,,31,A
367456430,2022-01-03T09:45:22,29.11488,-89.30102,0.0,229.5,511.0,CAPT WEBSTER,,WDF4843,31,0,19,7,,31,A
367456430,2022-01-03T09:21:12,29.11487,-89.30102,0.0,227.0,511.0,CAPT WEBSTER,,WDF4843,31,0,19,7,,31,A
367456430,2022-01-03T09:53:32,29.11490,-89.30105,0.0,237.2,511.0,CAPT WEBSTER,,WDF4843,31,0,19,7,,31,A
367456430,2022-01-03T09:24:42,29.11492,-89.30106,0.0,230.0,511.0,CAPT WEBSTER,,WDF4843,31,0,19,7,,31,A
367456430,2022-01-03T09:50:01,29.11491,-89.30106,0.0,240.9,511.0,CAPT WEBSTER,,WDF4843,31,0,19,7,,31,A
367456430,2022-01-03T09:51:12,29.11489,-89.30104,0.0,239.5,511.0,CAPT WEBSTER,,WDF4843,31,0,19,7,,31,A
367456430,2022-01-03T09:36:02,29.11490,-89.30106,0.0,255.4,511.0,CAPT WEBSTER,,WDF4843,31,0,19,7,,31,A
367456430,2022-01-03T09:52:22,29.11490,-89.30106,0.0,237.3,511.0,CAPT WEBSTER,,WDF4843,31,0,19,7,,31,A
367456430,2022-01-03T09:38:32,29.11489,-89.30102,0.0,239.4,511.0,CAPT WEBSTER,,WDF4843,31,0,19,7,,31,A
367456430,2022-01-03T09:55:52,29.11489,-89.30103,0.0,238.1,511.0,CAPT WEBSTER,,WDF4843,31,0,19,7,,31,A
367456430,2022-01-03T09:40:51,29.11487,-89.30104,0.0,232.7,511.0,CAPT WEBSTER,,WDF4843,31,0,19,7,,31,A
367456430,2022-01-03T10:45:02,29.11487,-89.30105,0.0,274.3,511.0,CAPT WEBSTER,,WDF4843,31,0,19,7,,31,A
367456430,2022-01-03T09:58:11,29.11489,-89.30102,0.0,235.7,511.0,CAPT WEBSTER,,WDF4843,31,0,19,7,,31,A
367456430,2022-01-03T10:05:41,29.11487,-89.30106,0.0,246.8,511.0,CAPT WEBSTER,,WDF4843,31,0,19,7,,31,A
367456430,2022-01-03T10:12:41,29.11488,-89.30106,0.0,269.5,511.0,CAPT WEBSTER,,WDF4843,31,0,19,7,,31,A
367456430,2022-01-03T10:01:12,29.11488,-89.30100,0.0,242.8,511.0,CAPT WEBSTER,,WDF4843,31,0,19,7,,31,A
367456430,2022-01-03T05:00:01,29.11487,-89.30102,0.0,301.8,511.0,CAPT WEBSTER,,WDF4843,31,0,19,7,,31,A
367456430,2022-01-03T10:13:51,29.11488,-89.30106,0.0,270.9,511.0,CAPT WEBSTER,,WDF4843,31,0,19,7,,31,A
367456430,2022-01-03T10:03:30,29.11488,-89.30107,0.0,248.9,511.0,CAPT WEBSTER,,WDF4843,31,0,19,7,,31,A
367456430,2022-01-03T09:47:40,29.11492,-89.30104,0.0,240.2,511.0,CAPT WEBSTER,,WDF4843,31,0,19,7,,31,A
367456430,2022-01-03T10:02:22,29.11490,-89.30105,0.0,246.5,511.0,CAPT WEBSTER,,WDF4843,31,0,19,7,,31,A
367456430,2022-01-03T10:10:21,29.11484,-89.30112,0.0,255.0,511.0,CAPT WEBSTER,,WDF4843,31,0,19,7,,31,A
367456430,2022-01-03T10:04:31,29.11491,-89.30106,0.0,248.8,511.0,CAPT WEBSTER,,WDF4843,31,0,19,7,,31,A
367456430,2022-01-03T10:08:02,29.11492,-89.30103,0.0,249.0,511.0,CAPT WEBSTER,,WDF4843,31,0,19,7,,31,A
367456430,2022-01-03T10:06:51,29.11492,-89.30105,0.0,245.3,511.0,CAPT WEBSTER,,WDF4843,31,0,19,7,,31,A
367456430,2022-01-03T10:18:22,29.11488,-89.30106,0.0,274.4,511.0,CAPT WEBSTER,,WDF4843,31,0,19,7,,31,A
367456430,2022-01-03T05:11:11,29.11487,-89.30103,0.0,295.0,511.0,CAPT WEBSTER,,WDF4843,31,0,19,7,,31,A
367456430,2022-01-03T10:26:31,29.11490,-89.30103,0.0,279.5,511.0,CAPT WEBSTER,,WDF4843,31,0,19,7,,31,A
367456430,2022-01-03T10:19:31,29.11487,-89.30105,0.0,277.1,511.0,CAPT WEBSTER,,WDF4843,31,0,19,7,,31,A
367456430,2022-01-03T10:16:01,29.11487,-89.30107,0.0,272.2,511.0,CAPT WEBSTER,,WDF4843,31,0,19,7,,31,A
367456430,2022-01-03T10:23:01,29.11487,-89.30104,0.0,268.4,511.0,CAPT WEBSTER,,WDF4843,31,0,19,7,,31,A
367456430,2022-01-03T11:04:41,29.11488,-89.30101,0.0,276.7,511.0,CAPT WEBSTER,,WDF4843,31,0,19,7,,31,A
367456430,2022-01-03T11:05:52,29.11489,-89.30102,0.0,278.4,511.0,CAPT WEBSTER,,WDF4843,31,0,19,7,,31,A
367456430,2022-01-03T10:30:11,29.11490,-89.30103,0.0,260.9,511.0,CAPT WEBSTER,,WDF4843,31,0,19,7,,31,A
367456430,2022-01-03T10:20:42,29.11489,-89.30104,0.0,271.1,511.0,CAPT WEBSTER,,WDF4843,31,0,19,7,,31,A
367456430,2022-01-03T11:08:11,29.11488,-89.30104,0.0,278.7,511.0,CAPT WEBSTER,,WDF4843,31,0,19,7,,31,A
367456430,2022-01-03T10:34:31,29.11491,-89.30102,0.0,270.9,511.0,CAPT WEBSTER,,WDF4843,31,0,19,7,,31,A
367456430,2022-01-03T10:24:11,29.11489,-89.30105,0.0,268.2,511.0,CAPT WEBSTER,,WDF4843,31,0,19,7,,31,A
367456430,2022-01-03T10:31:12,29.11491,-89.30102,0.0,267.3,511.0,CAPT WEBSTER,,WDF4843,31,0,19,7,,31,A
367456430,2022-01-03T10:32:20,29.11490,-89.30103,0.0,265.7,511.0,CAPT WEBSTER,,WDF4843,31,0,19,7,,31,A
367456430,2022-01-03T10:14:52,29.11487,-89.30108,0.0,271.6,511.0,CAPT WEBSTER,,WDF4843,31,0,19,7,,31,A
367456430,2022-01-03T11:11:52,29.11490,-89.30102,0.0,279.3,511.0,CAPT WEBSTER,,WDF4843,31,0,19,7,,31,A
367456430,2022-01-03T10:27:42,29.11491,-89.30103,0.0,271.3,511.0,CAPT WEBSTER,,WDF4843,31,0,19,7,,31,A
367456430,2022-01-03T10:28:52,29.11491,-89.30102,0.0,264.3,511.0,CAPT WEBSTER,,WDF4843,31,0,19,7,,31,A
367456430,2022-01-03T05:22:51,29.11488,-89.30102,0.0,281.0,511.0,CAPT WEBSTER,,WDF4843,31,0,19,7,,31,A
367456430,2022-01-03T11:17:22,29.11489,-89.30103,0.0,282.0,511.0,CAPT WEBSTER,,WDF4843,31,0,19,7,,31,A
367456430,2022-01-03T10:39:11,29.11489,-89.30103,0.0,267.5,511.0,CAPT WEBSTER,,WDF4843,31,0,19,7,,31,A
367456430,2022-01-03T10:21:51,29.11487,-89.30105,0.0,269.9,511.0,CAPT WEBSTER,,WDF4843,31,0,19,7,,31,A
367456430,2022-01-03T10:35:42,29.11490,-89.30103,0.0,271.3,511.0,CAPT WEBSTER,,WDF4843,31,0,19,7,,31,A
367456430,2022-01-03T10:43:52,29.11487,-89.30104,0.0,280.3,511.0,CAPT WEBSTER,,WDF4843,31,0,19,7,,31,A
367456430,2022-01-03T10:36:51,29.11491,-89.30102,0.0,270.6,511.0,CAPT WEBSTER,,WDF4843,31,0,19,7,,31,A
367456430,2022-01-03T11:22:00,29.11488,-89.30102,0.0,279.0,511.0,CAPT WEBSTER,,WDF4843,31,0,19,7,,31,A
367456430,2022-01-03T05:29:02,29.11489,-89.30104,0.0,267.1,511.0,CAPT WEBSTER,,WDF4843,31,0,19,7,,31,A
367456430,2022-01-03T10:48:32,29.11488,-89.30102,0.0,271.6,511.0,CAPT WEBSTER,,WDF4843,31,0,19,7,,31,A
367456430,2022-01-03T10:49:41,29.11487,-89.30103,0.0,270.6,511.0,CAPT WEBSTER,,WDF4843,31,0,19,7,,31,A
367456430,2022-01-03T10:55:31,29.11488,-89.30103,0.0,275.4,511.0,CAPT WEBSTER,,WDF4843,31,0,19,7,,31,A
367456430,2022-01-03T05:30:11,29.11488,-89.30104,0.0,268.2,511.0,CAPT WEBSTER,,WDF4843,31,0,19,7,,31,A
367456430,2022-01-03T10:38:02,29.11488,-89.30106,0.0,268.4,511.0,CAPT WEBSTER,,WDF4843,31,0,19,7,,31,A
367456430,2022-01-03T10:40:21,29.11488,-89.30105,0.0,273.7,511.0,CAPT WEBSTER,,WDF4843,31,0,19,7,,31,A
367456430,2022-01-03T05:31:21,29.11488,-89.30104,0.0,268.2,511.0,CAPT WEBSTER,,WDF4843,31,0,19,7,,31,A
367456430,2022-01-03T10:41:32,29.11488,-89.30105,0.0,271.0,511.0,CAPT WEBSTER,,WDF4843,31,0,19,7,,31,A
367456430,2022-01-03T10:47:22,29.11489,-89.30102,0.0,275.3,511.0,CAPT WEBSTER,,WDF4843,31,0,19,7,,31,A
367456430,2022-01-03T11:02:21,29.11488,-89.30102,0.0,275.0,511.0,CAPT WEBSTER,,WDF4843,31,0,19,7,,31,A
367456430,2022-01-03T10:57:51,29.11487,-89.30104,0.0,269.5,511.0,CAPT WEBSTER,,WDF4843,31,0,19,7,,31,A
367456430,2022-01-03T10:50:52,29.11487,-89.30103,0.0,272.7,511.0,CAPT WEBSTER,,WDF4843,31,0,19,7,,31,A
367456430,2022-01-03T11:46:31,29.11488,-89.30105,0.0,310.6,511.0,CAPT WEBSTER,,WDF4843,31,0,19,7,,31,A
367456430,2022-01-03T10:46:12,29.11488,-89.30103,0.0,273.2,511.0,CAPT WEBSTER,,WDF4843,31,0,19,7,,31,A
367456430,2022-01-03T11:10:32,29.11489,-89.30103,0.0,283.7,511.0,CAPT WEBSTER,,WDF4843,31,0,19,7,,31,A
367456430,2022-01-03T11:49:52,29.11496,-89.30091,0.1,339.8,511.0,CAPT WEBSTER,,WDF4843,31,0,19,7,,31,A
367456430,2022-01-03T11:00:00,29.11489,-89.30104,0.0,271.0,511.0,CAPT WEBSTER,,WDF4843,31,0,19,7,,31,A
367456430,2022-01-03T10:52:02,29.11489,-89.30104,0.0,275.6,511.0,CAPT WEBSTER,,WDF4843,31,0,19,7,,31,A
367456430,2022-01-03T10:54:22,29.11488,-89.30103,0.0,274.3,511.0,CAPT WEBSTER,,WDF4843,31,0,19,7,,31,A
367456430,2022-01-03T11:01:12,29.11490,-89.30104,0.0,271.6,511.0,CAPT WEBSTER,,WDF4843,31,0,19,7,,31,A
367456430,2022-01-03T10:56:42,29.11488,-89.30104,0.0,269.9,511.0,CAPT WEBSTER,,WDF4843,31,0,19,7,,31,A
367456430,2022-01-03T11:20:52,29.11489,-89.30101,0.0,283.5,511.0,CAPT WEBSTER,,WDF4843,31,0,19,7,,31,A
367456430,2022-01-03T11:03:31,29.11490,-89.30101,0.0,274.8,511.0,CAPT WEBSTER,,WDF4843,31,0,19,7,,31,A
367456430,2022-01-03T10:59:00,29.11487,-89.30103,0.0,273.3,511.0,CAPT WEBSTER,,WDF4843,31,0,19,7,,31,A
367456430,2022-01-03T05:45:31,29.11487,-89.30106,0.0,278.4,511.0,CAPT WEBSTER,,WDF4843,31,0,19,7,,31,A
367456430,2022-01-03T11:24:22,29.11488,-89.30104,0.0,279.0,511.0,CAPT WEBSTER,,WDF4843,31,0,19,7,,31,A
367456430,2022-01-03T12:00:02,29.11488,-89.30104,0.0,277.9,511.0,CAPT WEBSTER,,WDF4843,31,0,19,7,,31,A
367456430,2022-01-03T11:26:42,29.11488,-89.30103,0.0,276.2,511.0,CAPT WEBSTER,,WDF4843,31,0,19,7,,31,A
367456430,2022-01-03T11:25:30,29.11488,-89.30105,0.0,278.0,511.0,CAPT WEBSTER,,WDF4843,31,0,19,7,,31,A
367456430,2022-01-03T11:13:00,29.11489,-89.30106,0.0,278.5,511.0,CAPT WEBSTER,,WDF4843,31,0,19,7,,31,A
367456430,2022-01-03T11:30:12,29.11488,-89.30103,0.0,272.5,511.0,CAPT WEBSTER,,WDF4843,31,0,19,7,,31,A
367456430,2022-01-03T11:15:12,29.11490,-89.30105,0.0,282.4,511.0,CAPT WEBSTER,,WDF4843,31,0,19,7,,31,A
367456430,2022-01-03T11:16:21,29.11490,-89.30104,0.0,281.0,511.0,CAPT WEBSTER,,WDF4843,31,0,19,7,,31,A
367456430,2022-01-03T11:18:31,29.11488,-89.30103,0.0,282.4,511.0,CAPT WEBSTER,,WDF4843,31,0,19,7,,31,A
367456430,2022-01-03T12:11:51,29.11489,-89.30105,0.0,260.0,511.0,CAPT WEBSTER,,WDF4843,31,0,19,7,,31,A
367456430,2022-01-03T11:19:42,29.11489,-89.30102,0.0,283.0,511.0,CAPT WEBSTER,,WDF4843,31,0,19,7,,31,A
367456430,2022-01-03T11:29:01,29.11489,-89.30103,0.0,274.0,511.0,CAPT WEBSTER,,WDF4843,31,0,19,7,,31,A
367456430,2022-01-03T11:31:20,29.11489,-89.30102,0.0,271.2,511.0,CAPT WEBSTER,,WDF4843,31,0,19,7,,31,A
367456430,2022-01-03T11:38:11,29.11490,-89.30102,0.0,292.7,511.0,CAPT WEBSTER,,WDF4843,31,0,19,7,,31,A
367456430,2022-01-03T12:17:41,29.11484,-89.30103,0.0,266.5,511.0,CAPT WEBSTER,,WDF4843,31,0,19,7,,31,A
367456430,2022-01-03T11:32:32,29.11488,-89.30102,0.0,271.9,511.0,CAPT WEBSTER,,WDF4843,31,0,19,7,,31,A
367456430,2022-01-03T11:33:51,29.11487,-89.30103,0.0,276.6,511.0,CAPT WEBSTER,,WDF4843,31,0,19,7,,31,A
367456430,2022-01-03T11:23:12,29.11490,-89.30103,0.0,279.6,511.0,CAPT WEBSTER,,WDF4843,31,0,19,7,,31,A
367456430,2022-01-03T11:47:32,29.11491,-89.30101,0.0,327.0,511.0,CAPT WEBSTER,,WDF4843,31,0,19,7,,31,A
367456430,2022-01-03T12:25:11,29.11487,-89.30104,0.0,285.3,511.0,CAPT WEBSTER,,WDF4843,31,0,19,7,,31,A
367456430,2022-01-03T11:51:02,29.11489,-89.30104,0.0,337.4,511.0,CAPT WEBSTER,,WDF4843,31,0,19,7,,31,A
367456430,2022-01-03T11:48:42,29.11494,-89.30095,0.0,333.9,511.0,CAPT WEBSTER,,WDF4843,31,0,19,7,,31,A
367456430,2022-01-03T11:35:20,29.11488,-89.30103,0.0,283.1,511.0,CAPT WEBSTER,,WDF4843,31,0,19,7,,31,A
367456430,2022-01-03T11:45:21,29.11489,-89.30105,0.0,305.3,511.0,CAPT WEBSTER,,WDF4843,31,0,19,7,,31,A
367456430,2022-01-03T12:30:52,29.11487,-89.30104,0.0,286.9,511.0,CAPT WEBSTER,,WDF4843,31,0,19,7,,31,A
367456430,2022-01-03T11:57:02,29.11488,-89.30105,0.0,318.1,511.0,CAPT WEBSTER,,WDF4843,31,0,19,7,,31,A
367456430,2022-01-03T11:53:22,29.11488,-89.30104,0.0,324.2,511.0,CAPT WEBSTER,,WDF4843,31,0,19,7,,31,A
367456430,2022-01-03T12:36:01,29.11490,-89.30102,0.0,288.7,511.0,CAPT WEBSTER,,WDF4843,31,0,19,7,,31,A
367456430,2022-01-03T12:02:21,29.11491,-89.30107,0.0,267.4,511.0,CAPT WEBSTER,,WDF4843,31,0,19,7,,31,A
367456430,2022-01-03T11:55:42,29.11487,-89.30105,0.0,318.4,511.0,CAPT WEBSTER,,WDF4843,31,0,19,7,,31,A
367456430,2022-01-03T12:03:31,29.11492,-89.30106,0.0,262.3,511.0,CAPT WEBSTER,,WDF4843,31,0,19,7,,31,A
367456430,2022-01-03T11:39:22,29.11489,-89.30103,0.0,293.6,511.0,CAPT WEBSTER,,WDF4843,31,0,19,7,,31,A
367456430,2022-01-03T12:39:32,29.11486,-89.30102,0.0,287.2,511.0,CAPT WEBSTER,,WDF4843,31,0,19,7,,31,A
367456430,2022-01-03T12:04:51,29.11493,-89.30106,0.0,261.9,511.0,CAPT WEBSTER,,WDF4843,31,0,19,7,,31,A
367456430,2022-01-03T11:44:11,29.11489,-89.30104,0.0,299.2,511.0,CAPT WEBSTER,,WDF4843,31,0,19,7,,31,A
367456430,2022-01-03T11:54:31,29.11487,-89.30106,0.0,322.2,511.0,CAPT WEBSTER,,WDF4843,31,0,19,7,,31,A
367456430,2022-01-03T12:08:21,29.11497,-89.30101,0.1,256.3,511.0,CAPT WEBSTER,,WDF4843,31,0,19,7,,31,A
367456430,2022-01-03T11:58:10,29.11487,-89.30105,0.0,304.2,511.0,CAPT WEBSTER,,WDF4843,31,0,19,7,,31,A
367456430,2022-01-03T11:52:11,29.11489,-89.30102,0.0,328.2,511.0,CAPT WEBSTER,,WDF4843,31,0,19,7,,31,A
367456430,2022-01-03T12:07:12,29.11497,-89.30099,0.1,262.0,511.0,CAPT WEBSTER,,WDF4843,31,0,19,7,,31,A
367456430,2022-01-03T12:18:42,29.11483,-89.30104,0.0,269.7,511.0,CAPT WEBSTER,,WDF4843,31,0,19,7,,31,A
367456430,2022-01-03T12:13:01,29.11489,-89.30107,0.0,271.2,511.0,CAPT WEBSTER,,WDF4843,31,0,19,7,,31,A
367456430,2022-01-03T12:06:02,29.11492,-89.30102,0.0,264.3,511.0,CAPT WEBSTER,,WDF4843,31,0,19,7,,31,A
367456430,2022-01-03T11:59:21,29.11489,-89.30104,0.0,288.0,511.0,CAPT WEBSTER,,WDF4843,31,0,19,7,,31,A
367456430,2022-01-03T12:01:12,29.11488,-89.30105,0.0,273.4,511.0,CAPT WEBSTER,,WDF4843,31,0,19,7,,31,A
367456430,2022-01-03T12:14:12,29.11485,-89.30106,0.0,268.5,511.0,CAPT WEBSTER,,WDF4843,31,0,19,7,,31,A
367456430,2022-01-03T12:16:30,29.11486,-89.30102,0.0,264.3,511.0,CAPT WEBSTER,,WDF4843,31,0,19,7,,31,A
367456430,2022-01-03T13:03:21,29.11488,-89.30102,0.0,227.1,511.0,CAPT WEBSTER,,WDF4843,31,0,19,7,,31,A
367456430,2022-01-03T12:27:31,29.11489,-89.30104,0.0,285.4,511.0,CAPT WEBSTER,,WDF4843,31,0,19,7,,31,A
367456430,2022-01-03T06:12:12,29.11484,-89.30104,0.0,282.0,511.0,CAPT WEBSTER,,WDF4843,31,0,19,7,,31,A
367456430,2022-01-03T06:13:21,29.11488,-89.30104,0.0,282.8,511.0,CAPT WEBSTER,,WDF4843,31,0,19,7,,31,A
367456430,2022-01-03T12:09:32,29.11489,-89.30110,0.0,262.0,511.0,CAPT WEBSTER,,WDF4843,31,0,19,7,,31,A
367456430,2022-01-03T12:10:41,29.11490,-89.30105,0.0,260.3,511.0,CAPT WEBSTER,,WDF4843,31,0,19,7,,31,A
367456430,2022-01-03T12:19:52,29.11484,-89.30105,0.0,267.2,511.0,CAPT WEBSTER,,WDF4843,31,0,19,7,,31,A
367456430,2022-01-03T12:21:00,29.11484,-89.30105,0.0,273.9,511.0,CAPT WEBSTER,,WDF4843,31,0,19,7,,31,A
367456430,2022-01-03T06:18:31,29.11488,-89.30102,0.0,269.0,511.0,CAPT WEBSTER,,WDF4843,31,0,19,7,,31,A
367456430,2022-01-03T12:37:12,29.11487,-89.30102,0.0,290.3,511.0,CAPT WEBSTER,,WDF4843,31,0,19,7,,31,A
367456430,2022-01-03T12:28:41,29.11486,-89.30104,0.0,286.7,511.0,CAPT WEBSTER,,WDF4843,31,0,19,7,,31,A
367456430,2022-01-03T12:38:22,29.11486,-89.30103,0.0,288.0,511.0,CAPT WEBSTER,,WDF4843,31,0,19,7,,31,A
367456430,2022-01-03T12:34:30,29.11489,-89.30102,0.0,290.7,511.0,CAPT WEBSTER,,WDF4843,31,0,19,7,,31,A
367456430,2022-01-03T12:46:41,29.11488,-89.30103,0.0,277.8,511.0,CAPT WEBSTER,,WDF4843,31,0,19,7,,31,A
367456430,2022-01-03T12:23:20,29.11486,-89.30107,0.0,273.5,511.0,CAPT WEBSTER,,WDF4843,31,0,19,7,,31,A
367456430,2022-01-03T13:27:22,29.11488,-89.30106,0.0,304.6,511.0,CAPT WEBSTER,,WDF4843,31,0,19,7,,31,A
367456430,2022-01-03T12:40:41,29.11484,-89.30103,0.0,286.3,511.0,CAPT WEBSTER,,WDF4843,31,0,19,7,,31,A
367456430,2022-01-03T12:26:21,29.11488,-89.30103,0.0,285.1,511.0,CAPT WEBSTER,,WDF4843,31,0,19,7,,31,A
367456430,2022-01-03T12:29:42,29.11486,-89.30103,0.0,287.8,511.0,CAPT WEBSTER,,WDF4843,31,0,19,7,,31,A
367456430,2022-01-03T12:41:51,29.11488,-89.30103,0.0,281.2,511.0,CAPT WEBSTER,,WDF4843,31,0,19,7,,31,A
367456430,2022-01-03T13:29:32,29.11488,-89.30106,0.0,308.2,511.0,CAPT WEBSTER,,WDF4843,31,0,19,7,,31,A
367456430,2022-01-03T12:44:11,29.11487,-89.30103,0.0,282.6,511.0,CAPT WEBSTER,,WDF4843,31,0,19,7,,31,A
367456430,2022-01-03T12:32:02,29.11489,-89.30103,0.0,286.5,511.0,CAPT WEBSTER,,WDF4843,31,0,19,7,,31,A
367456430,2022-01-03T12:57:01,29.11488,-89.30103,0.0,223.5,511.0,CAPT WEBSTER,,WDF4843,31,0,19,7,,31,A
367456430,2022-01-03T12:45:31,29.11489,-89.30102,0.0,279.0,511.0,CAPT WEBSTER,,WDF4843,31,0,19,7,,31,A
367456430,2022-01-03T12:59:12,29.11486,-89.30107,0.0,223.1,511.0,CAPT WEBSTER,,WDF4843,31,0,19,7,,31,A
367456430,2022-01-03T12:49:00,29.11490,-89.30102,0.0,275.1,511.0,CAPT WEBSTER,,WDF4843,31,0,19,7,,31,A
367456430,2022-01-03T12:51:10,29.11490,-89.30102,0.0,268.1,511.0,CAPT WEBSTER,,WDF4843,31,0,19,7,,31,A
367456430,2022-01-03T12:52:22,29.11488,-89.30104,0.0,253.2,511.0,CAPT WEBSTER,,WDF4843,31,0,19,7,,31,A
367456430,2022-01-03T12:55:52,29.11488,-89.30102,0.0,228.3,511.0,CAPT WEBSTER,,WDF4843,31,0,19,7,,31,A
367456430,2022-01-03T12:47:51,29.11490,-89.30103,0.0,275.5,511.0,CAPT WEBSTER,,WDF4843,31,0,19,7,,31,A
367456430,2022-01-03T13:00:01,29.11488,-89.30104,0.0,221.4,511.0,CAPT WEBSTER,,WDF4843,31,0,19,7,,31,A
367456430,2022-01-03T13:10:11,29.11489,-89.30104,0.0,219.1,511.0,CAPT WEBSTER,,WDF4843,31,0,19,7,,31,A
367456430,2022-01-03T12:50:01,29.11490,-89.30101,0.0,276.7,511.0,CAPT WEBSTER,,WDF4843,31,0,19,7,,31,A
367456430,2022-01-03T12:53:31,29.11488,-89.30103,0.1,236.7,511.0,CAPT WEBSTER,,WDF4843,31,0,19,7,,31,A
367456430,2022-01-03T13:18:20,29.11488,-89.30102,0.0,213.2,511.0,CAPT WEBSTER,,WDF4843,31,0,19,7,,31,A
367456430,2022-01-03T13:06:51,29.11490,-89.30105,0.0,231.6,511.0,CAPT WEBSTER,,WDF4843,31,0,19,7,,31,A
367456430,2022-01-03T13:56:41,29.11488,-89.30104,0.0,287.5,511.0,CAPT WEBSTER,,WDF4843,31,0,19,7,,31,A
367456430,2022-01-03T06:37:12,29.11482,-89.30102,0.0,246.8,511.0,CAPT WEBSTER,,WDF4843,31,0,19,7,,31,A
367456430,2022-01-03T12:58:02,29.11487,-89.30105,0.0,224.8,511.0,CAPT WEBSTER,,WDF4843,31,0,19,7,,31,A
367456430,2022-01-03T13:11:22,29.11487,-89.30102,0.0,215.2,511.0,CAPT WEBSTER,,WDF4843,31,0,19,7,,31,A
367456430,2022-01-03T13:22:52,29.11488,-89.30103,0.0,252.1,511.0,CAPT WEBSTER,,WDF4843,31,0,19,7,,31,A
367456430,2022-01-03T13:01:02,29.11488,-89.30105,0.0,222.7,511.0,CAPT WEBSTER,,WDF4843,31,0,19,7,,31,A
367456430,2022-01-03T13:24:10,29.11488,-89.30105,0.0,275.9,511.0,CAPT WEBSTER,,WDF4843,31,0,19,7,,31,A
367456430,2022-01-03T13:08:02,29.11489,-89.30105,0.0,228.3,511.0,CAPT WEBSTER,,WDF4843,31,0,19,7,,31,A
367456430,2022-01-03T13:25:11,29.11489,-89.30106,0.0,288.6,511.0,CAPT WEBSTER,,WDF4843,31,0,19,7,,31,A
367456430,2022-01-03T14:02:42,29.11489,-89.30106,0.0,287.3,511.0,CAPT WEBSTER,,WDF4843,31,0,19,7,,31,A
367456430,2022-01-03T13:17:11,29.11488,-89.30103,0.0,219.6,511.0,CAPT WEBSTER,,WDF4843,31,0,19,7,,31,A
367456430,2022-01-03T13:05:42,29.11489,-89.30104,0.0,232.9,511.0,CAPT WEBSTER,,WDF4843,31,0,19,7,,31,A
367456430,2022-01-03T13:30:41,29.11488,-89.30108,0.0,314.4,511.0,CAPT WEBSTER,,WDF4843,31,0,19,7,,31,A
367456430,2022-01-03T13:12:32,29.11488,-89.30103,0.0,213.6,511.0,CAPT WEBSTER,,WDF4843,31,0,19,7,,31,A
367456430,2022-01-03T14:06:22,29.11489,-89.30104,0.0,286.2,511.0,CAPT WEBSTER,,WDF4843,31,0,19,7,,31,A
367456430,2022-01-03T13:04:31,29.11490,-89.30107,0.0,226.0,511.0,CAPT WEBSTER,,WDF4843,31,0,19,7,,31,A
367456430,2022-01-03T06:41:02,29.11490,-89.30106,0.0,246.5,511.0,CAPT WEBSTER,,WDF4843,31,0,19,7,,31,A
367456430,2022-01-03T13:35:11,29.11489,-89.30105,0.0,317.4,511.0,CAPT WEBSTER,,WDF4843,31,0,19,7,,31,A
367456430,2022-01-03T13:19:32,29.11488,-89.30104,0.0,209.8,511.0,CAPT WEBSTER,,WDF4843,31,0,19,7,,31,A
367456430,2022-01-03T13:20:40,29.11487,-89.30103,0.0,214.2,511.0,CAPT WEBSTER,,WDF4843,31,0,19,7,,31,A
367456430,2022-01-03T13:26:12,29.11487,-89.30108,0.0,292.8,511.0,CAPT WEBSTER,,WDF4843,31,0,19,7,,31,A
367456430,2022-01-03T14:16:12,29.11487,-89.30109,0.1,268.1,511.0,CAPT WEBSTER,,WDF4843,31,0,19,7,,31,A
367456430,2022-01-03T13:13:42,29.11488,-89.30103,0.0,215.2,511.0,CAPT WEBSTER,,WDF4843,31,0,19,7,,31,A
367456430,2022-01-03T06:43:22,29.11489,-89.30104,0.1,236.5,511.0,CAPT WEBSTER,,WDF4843,31,0,19,7,,31,A
367456430,2022-01-03T13:31:42,29.11489,-89.30108,0.0,317.7,511.0,CAPT WEBSTER,,WDF4843,31,0,19,7,,31,A
367456430,2022-01-03T13:21:41,29.11489,-89.30102,0.0,233.5,511.0,CAPT WEBSTER,,WDF4843,31,0,19,7,,31,A
367456430,2022-01-03T13:36:22,29.11490,-89.30107,0.0,309.4,511.0,CAPT WEBSTER,,WDF4843,31,0,19,7,,31,A
367456430,2022-01-03T13:49:21,29.11490,-89.30104,0.0,259.6,511.0,CAPT WEBSTER,,WDF4843,31,0,19,7,,31,A
367456430,2022-01-03T13:37:31,29.11489,-89.30107,0.0,308.4,511.0,CAPT WEBSTER,,WDF4843,31,0,19,7,,31,A
367456430,2022-01-03T13:39:51,29.11488,-89.30107,0.0,299.9,511.0,CAPT WEBSTER,,WDF4843,31,0,19,7,,31,A
367456430,2022-01-03T13:43:21,29.11491,-89.30104,0.0,296.8,511.0,CAPT WEBSTER,,WDF4843,31,0,19,7,,31,A
367456430,2022-01-03T13:28:31,29.11487,-89.30106,0.0,306.5,511.0,CAPT WEBSTER,,WDF4843,31,0,19,7,,31,A
367456430,2022-01-03T13:44:31,29.11489,-89.30105,0.0,296.5,511.0,CAPT WEBSTER,,WDF4843,31,0,19,7,,31,A
367456430,2022-01-03T14:37:00,29.11482,-89.30109,0.0,259.7,511.0,CAPT WEBSTER,,WDF4843,31,0,19,7,,31,A
367456430,2022-01-03T13:34:02,29.11489,-89.30106,0.0,322.6,511.0,CAPT WEBSTER,,WDF4843,31,0,19,7,,31,A
367456430,2022-01-03T14:00:02,29.11488,-89.30103,0.0,288.9,511.0,CAPT WEBSTER,,WDF4843,31,0,19,7,,31,A
367456430,2022-01-03T14:01:31,29.11488,-89.30105,0.0,285.3,511.0,CAPT WEBSTER,,WDF4843,31,0,19,7,,31,A
367456430,2022-01-03T13:32:51,29.11489,-89.30102,0.0,321.2,511.0,CAPT WEBSTER,,WDF4843,31,0,19,7,,31,A
367456430,2022-01-03T13:38:42,29.11490,-89.30108,0.0,304.4,511.0,CAPT WEBSTER,,WDF4843,31,0,19,7,,31,A
367456430,2022-01-03T13:50:22,29.11489,-89.30104,0.0,261.1,511.0,CAPT WEBSTER,,WDF4843,31,0,19,7,,31,A
367456430,2022-01-03T13:41:01,29.11490,-89.30107,0.0,302.2,511.0,CAPT WEBSTER,,WDF4843,31,0,19,7,,31,A
367456430,2022-01-03T13:42:12,29.11490,-89.30105,0.0,297.9,511.0,CAPT WEBSTER,,WDF4843,31,0,19,7,,31,A
367456430,2022-01-03T14:07:31,29.11487,-89.30104,0.0,285.3,511.0,CAPT WEBSTER,,WDF4843,31,0,19,7,,31,A
367456430,2022-01-03T14:09:10,29.11488,-89.30106,0.0,277.7,511.0,CAPT WEBSTER,,WDF4843,31,0,19,7,,31,A
367456430,2022-01-03T13:45:40,29.11489,-89.30105,0.0,295.4,511.0,CAPT WEBSTER,,WDF4843,31,0,19,7,,31,A
367456430,2022-01-03T13:59:01,29.11487,-89.30106,0.0,291.6,511.0,CAPT WEBSTER,,WDF4843,31,0,19,7,,31,A
367456430,2022-01-03T13:46:52,29.11489,-89.30104,0.0,290.6,511.0,CAPT WEBSTER,,WDF4843,31,0,19,7,,31,A
367456430,2022-01-03T13:48:01,29.11488,-89.30106,0.0,257.1,511.0,CAPT WEBSTER,,WDF4843,31,0,19,7,,31,A
367456430,2022-01-03T14:23:11,29.11489,-89.30105,0.0,311.7,511.0,CAPT WEBSTER,,WDF4843,31,0,19,7,,31,A
367456430,2022-01-03T14:11:42,29.11489,-89.30107,0.0,273.4,511.0,CAPT WEBSTER,,WDF4843,31,0,19,7,,31,A
367456430,2022-01-03T13:52:52,29.11490,-89.30104,0.0,267.1,511.0,CAPT WEBSTER,,WDF4843,31,0,19,7,,31,A
367456430,2022-01-03T13:54:01,29.11490,-89.30103,0.0,273.2,511.0,CAPT WEBSTER,,WDF4843,31,0,19,7,,31,A
367456430,2022-01-03T13:55:22,29.11489,-89.30104,0.0,282.5,511.0,CAPT WEBSTER,,WDF4843,31,0,19,7,,31,A
367456430,2022-01-03T14:19:42,29.11489,-89.30103,0.1,332.0,511.0,CAPT WEBSTER,,WDF4843,31,0,19,7,,31,A
367456430,2022-01-03T14:31:32,29.11485,-89.30106,0.0,273.5,511.0,CAPT WEBSTER,,WDF4843,31,0,19,7,,31,A
367456430,2022-01-03T14:04:11,29.11490,-89.30104,0.0,286.8,511.0,CAPT WEBSTER,,WDF4843,31,0,19,7,,31,A
367456430,2022-01-03T07:00:02,29.11485,-89.30107,0.0,177.8,511.0,CAPT WEBSTER,,WDF4843,31,0,19,7,,31,A
367456430,2022-01-03T14:05:12,29.11490,-89.30105,0.0,287.9,511.0,CAPT WEBSTER,,WDF4843,31,0,19,7,,31,A
367456430,2022-01-03T15:10:32,29.11487,-89.30105,0.0,243.0,511.0,CAPT WEBSTER,,WDF4843,31,0,19,7,,31,A
367456430,2022-01-03T14:45:01,29.11489,-89.30104,0.0,272.0,511.0,CAPT WEBSTER,,WDF4843,31,0,19,7,,31,A
367456430,2022-01-03T14:20:52,29.11489,-89.30104,0.2,290.3,511.0,CAPT WEBSTER,,WDF4843,31,0,19,7,,31,A
367456430,2022-01-03T14:22:02,29.11487,-89.30104,0.0,249.7,511.0,CAPT WEBSTER,,WDF4843,31,0,19,7,,31,A
367456430,2022-01-03T14:12:51,29.11488,-89.30107,0.0,269.7,511.0,CAPT WEBSTER,,WDF4843,31,0,19,7,,31,A
367456430,2022-01-03T14:14:00,29.11490,-89.30110,0.0,331.2,511.0,CAPT WEBSTER,,WDF4843,31,0,19,7,,31,A
367456430,2022-01-03T14:29:02,29.11485,-89.30107,0.0,276.9,511.0,CAPT WEBSTER,,WDF4843,31,0,19,7,,31,A
367456430,2022-01-03T14:17:22,29.11489,-89.30107,0.1,298.6,511.0,CAPT WEBSTER,,WDF4843,31,0,19,7,,31,A
367456430,2022-01-03T14:32:42,29.11484,-89.30108,0.0,278.5,511.0,CAPT WEBSTER,,WDF4843,31,0,19,7,,31,A
367456430,2022-01-03T15:18:40,29.11485,-89.30105,0.0,251.0,511.0,CAPT WEBSTER,,WDF4843,31,0,19,7,,31,A
367456430,2022-01-03T14:35:52,29.11487,-89.30106,0.0,279.8,511.0,CAPT WEBSTER,,WDF4843,31,0,19,7,,31,A
367456430,2022-01-03T15:20:12,29.11489,-89.30104,0.0,251.2,511.0,CAPT WEBSTER,,WDF4843,31,0,19,7,,31,A
367456430,2022-01-03T14:39:12,29.11485,-89.30105,0.0,265.5,511.0,CAPT WEBSTER,,WDF4843,31,0,19,7,,31,A
367456430,2022-01-03T14:24:21,29.11488,-89.30106,0.0,309.2,511.0,CAPT WEBSTER,,WDF4843,31,0,19,7,,31,A
367456430,2022-01-03T14:27:51,29.11484,-89.30109,0.0,277.6,511.0,CAPT WEBSTER,,WDF4843,31,0,19,7,,31,A
367456430,2022-01-03T14:25:31,29.11483,-89.30106,0.0,302.0,511.0,CAPT WEBSTER,,WDF4843,31,0,19,7,,31,A
367456430,2022-01-03T15:23:40,29.11489,-89.30102,0.0,247.1,511.0,CAPT WEBSTER,,WDF4843,31,0,19,7,,31,A
367456430,2022-01-03T14:40:21,29.11486,-89.30106,0.0,275.9,511.0,CAPT WEBSTER,,WDF4843,31,0,19,7,,31,A
367456430,2022-01-03T15:00:02,29.11487,-89.30102,0.0,233.1,511.0,CAPT WEBSTER,,WDF4843,31,0,19,7,,31,A
367456430,2022-01-03T14:42:42,29.11489,-89.30105,0.0,280.7,511.0,CAPT WEBSTER,,WDF4843,31,0,19,7,,31,A
367456430,2022-01-03T14:38:11,29.11483,-89.30108,0.0,264.6,511.0,CAPT WEBSTER,,WDF4843,31,0,19,7,,31,A
367456430,2022-01-03T15:03:31,29.11490,-89.30102,0.0,226.3,511.0,CAPT WEBSTER,,WDF4843,31,0,19,7,,31,A
367456430,2022-01-03T14:30:11,29.11484,-89.30106,0.0,279.2,511.0,CAPT WEBSTER,,WDF4843,31,0,19,7,,31,A
367456430,2022-01-03T15:05:51,29.11489,-89.30104,0.0,228.2,511.0,CAPT WEBSTER,,WDF4843,31,0,19,7,,31,A
367456430,2022-01-03T14:47:21,29.11489,-89.30105,0.0,255.0,511.0,CAPT WEBSTER,,WDF4843,31,0,19,7,,31,A
367456430,2022-01-03T15:07:02,29.11488,-89.30105,0.1,240.3,511.0,CAPT WEBSTER,,WDF4843,31,0,19,7,,31,A
367456430,2022-01-03T14:48:31,29.11489,-89.30105,0.0,249.0,511.0,CAPT WEBSTER,,WDF4843,31,0,19,7,,31,A
367456430,2022-01-03T14:34:21,29.11486,-89.30107,0.0,279.8,511.0,CAPT WEBSTER,,WDF4843,31,0,19,7,,31,A
367456430,2022-01-03T14:50:51,29.11488,-89.30103,0.0,241.2,511.0,CAPT WEBSTER,,WDF4843,31,0,19,7,,31,A
367456430,2022-01-03T14:49:42,29.11489,-89.30105,0.0,242.9,511.0,CAPT WEBSTER,,WDF4843,31,0,19,7,,31,A
367456430,2022-01-03T15:08:12,29.11488,-89.30106,0.0,245.7,511.0,CAPT WEBSTER,,WDF4843,31,0,19,7,,31,A
367456430,2022-01-03T15:35:30,29.11489,-89.30102,0.0,249.2,511.0,CAPT WEBSTER,,WDF4843,31,0,19,7,,31,A
367456430,2022-01-03T15:11:42,29.11488,-89.30106,0.0,241.0,511.0,CAPT WEBSTER,,WDF4843,31,0,19,7,,31,A
367456430,2022-01-03T14:54:21,29.11489,-89.30105,0.0,236.0,511.0,CAPT WEBSTER,,WDF4843,31,0,19,7,,31,A
367456430,2022-01-03T15:38:31,29.11490,-89.30102,0.0,251.0,511.0,CAPT WEBSTER,,WDF4843,31,0,19,7,,31,A
367456430,2022-01-03T14:41:31,29.11489,-89.30105,0.0,277.4,511.0,CAPT WEBSTER,,WDF4843,31,0,19,7,,31,A
367456430,2022-01-03T14:43:52,29.11489,-89.30105,0.0,284.9,511.0,CAPT WEBSTER,,WDF4843,31,0,19,7,,31,A
367456430,2022-01-03T14:46:12,29.11490,-89.30104,0.0,257.5,511.0,CAPT WEBSTER,,WDF4843,31,0,19,7,,31,A
367456430,2022-01-03T15:04:41,29.11489,-89.30103,0.0,220.9,511.0,CAPT WEBSTER,,WDF4843,31,0,19,7,,31,A
367456430,2022-01-03T15:01:12,29.11489,-89.30103,0.0,231.9,511.0,CAPT WEBSTER,,WDF4843,31,0,19,7,,31,A
367456430,2022-01-03T15:09:21,29.11488,-89.30105,0.0,224.2,511.0,CAPT WEBSTER,,WDF4843,31,0,19,7,,31,A
367456430,2022-01-03T14:53:11,29.11489,-89.30104,0.0,236.6,511.0,CAPT WEBSTER,,WDF4843,31,0,19,7,,31,A
367456430,2022-01-03T14:55:32,29.11489,-89.30106,0.0,234.9,511.0,CAPT WEBSTER,,WDF4843,31,0,19,7,,31,A
367456430,2022-01-03T14:56:42,29.11488,-89.30105,0.0,236.4,511.0,CAPT WEBSTER,,WDF4843,31,0,19,7,,31,A
367456430,2022-01-03T15:14:01,29.11487,-89.30107,0.0,252.3,511.0,CAPT WEBSTER,,WDF4843,31,0,19,7,,31,A
367456430,2022-01-03T07:14:40,29.11487,-89.30105,0.0,199.6,511.0,CAPT WEBSTER,,WDF4843,31,0,19,7,,31,A
367456430,2022-01-03T15:16:21,29.11485,-89.30106,0.0,241.3,511.0,CAPT WEBSTER,,WDF4843,31,0,19,7,,31,A
367456430,2022-01-03T14:59:02,29.11489,-89.30103,0.0,231.9,511.0,CAPT WEBSTER,,WDF4843,31,0,19,7,,31,A
367456430,2022-01-03T15:59:51,29.11488,-89.30105,0.0,292.8,511.0,CAPT WEBSTER,,WDF4843,31,0,19,7,,31,A
367456430,2022-01-03T16:07:21,29.11486,-89.30105,0.0,259.2,511.0,CAPT WEBSTER,,WDF4843,31,0,19,7,,31,A
367456430,2022-01-03T15:21:22,29.11490,-89.30104,0.0,250.4,511.0,CAPT WEBSTER,,WDF4843,31,0,19,7,,31,A
367456430,2022-01-03T15:29:32,29.11488,-89.30104,0.0,244.8,511.0,CAPT WEBSTER,,WDF4843,31,0,19,7,,31,A
367456430,2022-01-03T15:32:01,29.11489,-89.30103,0.0,245.3,511.0,CAPT WEBSTER,,WDF4843,31,0,19,7,,31,A
367456430,2022-01-03T16:12:02,29.11486,-89.30104,0.0,245.5,511.0,CAPT WEBSTER,,WDF4843,31,0,19,7,,31,A
367456430,2022-01-03T16:13:10,29.11488,-89.30102,0.0,237.8,511.0,CAPT WEBSTER,,WDF4843,31,0,19,7,,31,A
367456430,2022-01-03T15:17:32,29.11487,-89.30106,0.0,250.6,511.0,CAPT WEBSTER,,WDF4843,31,0,19,7,,31,A
367456430,2022-01-03T15:28:22,29.11486,-89.30105,0.0,241.4,511.0,CAPT WEBSTER,,WDF4843,31,0,19,7,,31,A
367456430,2022-01-03T15:55:02,29.11487,-89.30103,0.0,296.7,511.0,CAPT WEBSTER,,WDF4843,31,0,19,7,,31,A
367456430,2022-01-03T15:33:11,29.11489,-89.30103,0.0,235.5,511.0,CAPT WEBSTER,,WDF4843,31,0,19,7,,31,A
367456430,2022-01-03T16:19:51,29.11486,-89.30103,0.0,219.1,511.0,CAPT WEBSTER,,WDF4843,31,0,19,7,,31,A
367456430,2022-01-03T16:21:01,29.11487,-89.30105,0.0,227.7,511.0,CAPT WEBSTER,,WDF4843,31,0,19,7,,31,A
367456430,2022-01-03T15:24:42,29.11488,-89.30103,0.0,235.5,511.0,CAPT WEBSTER,,WDF4843,31,0,19,7,,31,A
367456430,2022-01-03T15:26:02,29.11489,-89.30104,0.0,250.7,511.0,CAPT WEBSTER,,WDF4843,31,0,19,7,,31,A
367456430,2022-01-03T07:22:52,29.11487,-89.30103,0.0,199.5,511.0,CAPT WEBSTER,,WDF4843,31,0,19,7,,31,A
367456430,2022-01-03T16:02:41,29.11489,-89.30103,0.0,290.1,511.0,CAPT WEBSTER,,WDF4843,31,0,19,7,,31,A
367456430,2022-01-03T07:24:01,29.11487,-89.30102,0.0,203.4,511.0,CAPT WEBSTER,,WDF4843,31,0,19,7,,31,A
367456430,2022-01-03T15:49:01,29.11489,-89.30101,0.0,262.8,511.0,CAPT WEBSTER,,WDF4843,31,0,19,7,,31,A
367456430,2022-01-03T15:42:01,29.11487,-89.30103,0.1,244.7,511.0,CAPT WEBSTER,,WDF4843,31,0,19,7,,31,A
367456430,2022-01-03T15:43:12,29.11487,-89.30103,0.0,239.2,511.0,CAPT WEBSTER,,WDF4843,31,0,19,7,,31,A
367456430,2022-01-03T15:52:42,29.11488,-89.30104,0.0,290.9,511.0,CAPT WEBSTER,,WDF4843,31,0,19,7,,31,A
367456430,2022-01-03T16:34:40,29.11487,-89.30102,0.0,225.5,511.0,CAPT WEBSTER,,WDF4843,31,0,19,7,,31,A
367456430,2022-01-03T15:44:21,29.11491,-89.30103,0.0,237.2,511.0,CAPT WEBSTER,,WDF4843,31,0,19,7,,31,A
367456430,2022-01-03T15:53:51,29.11486,-89.30103,0.0,298.5,511.0,CAPT WEBSTER,,WDF4843,31,0,19,7,,31,A
367456430,2022-01-03T15:30:51,29.11489,-89.30103,0.0,253.9,511.0,CAPT WEBSTER,,WDF4843,31,0,19,7,,31,A
367456430,2022-01-03T16:40:22,29.11487,-89.30102,0.0,232.6,511.0,CAPT WEBSTER,,WDF4843,31,0,19,7,,31,A
367456430,2022-01-03T15:58:41,29.11488,-89.30105,0.0,297.1,511.0,CAPT WEBSTER,,WDF4843,31,0,19,7,,31,A
367456430,2022-01-03T15:34:22,29.11487,-89.30102,0.0,242.3,511.0,CAPT WEBSTER,,WDF4843,31,0,19,7,,31,A
367456430,2022-01-03T15:37:22,29.11491,-89.30101,0.0,249.4,511.0,CAPT WEBSTER,,WDF4843,31,0,19,7,,31,A
367456430,2022-01-03T15:47:51,29.11489,-89.30103,0.0,244.8,511.0,CAPT WEBSTER,,WDF4843,31,0,19,7,,31,A
367456430,2022-01-03T16:47:21,29.11487,-89.30103,0.0,251.8,511.0,CAPT WEBSTER,,WDF4843,31,0,19,7,,31,A
367456430,2022-01-03T15:39:41,29.11489,-89.30103,0.0,250.6,511.0,CAPT WEBSTER,,WDF4843,31,0,19,7,,31,A
367456430,2022-01-03T15:50:11,29.11491,-89.30101,0.0,270.3,511.0,CAPT WEBSTER,,WDF4843,31,0,19,7,,31,A
367456430,2022-01-03T16:51:52,29.11487,-89.30103,0.0,261.4,511.0,CAPT WEBSTER,,WDF4843,31,0,19,7,,31,A
367456430,2022-01-03T15:51:32,29.11489,-89.30104,0.0,282.1,511.0,CAPT WEBSTER,,WDF4843,31,0,19,7,,31,A
367456430,2022-01-03T16:53:01,29.11487,-89.30104,0.0,262.8,511.0,CAPT WEBSTER,,WDF4843,31,0,19,7,,31,A
367456430,2022-01-03T16:06:11,29.11488,-89.30104,0.0,266.3,511.0,CAPT WEBSTER,,WDF4843,31,0,19,7,,31,A
367456430,2022-01-03T16:22:02,29.11486,-89.30103,0.0,223.2,511.0,CAPT WEBSTER,,WDF4843,31,0,19,7,,31,A
367456430,2022-01-03T16:55:21,29.11487,-89.30103,0.0,265.5,511.0,CAPT WEBSTER,,WDF4843,31,0,19,7,,31,A
367456430,2022-01-03T16:08:30,29.11485,-89.30106,0.0,247.7,511.0,CAPT WEBSTER,,WDF4843,31,0,19,7,,31,A
367456430,2022-01-03T15:56:21,29.11489,-89.30102,0.0,294.4,511.0,CAPT WEBSTER,,WDF4843,31,0,19,7,,31,A
367456430,2022-01-03T16:26:41,29.11487,-89.30104,0.0,226.8,511.0,CAPT WEBSTER,,WDF4843,31,0,19,7,,31,A
367456430,2022-01-03T15:46:42,29.11489,-89.30103,0.0,231.8,511.0,CAPT WEBSTER,,WDF4843,31,0,19,7,,31,A
367456430,2022-01-03T16:14:21,29.11488,-89.30103,0.0,239.5,511.0,CAPT WEBSTER,,WDF4843,31,0,19,7,,31,A
367456430,2022-01-03T16:03:52,29.11489,-89.30103,0.0,280.1,511.0,CAPT WEBSTER,,WDF4843,31,0,19,7,,31,A
367456430,2022-01-03T16:05:01,29.11487,-89.30102,0.0,253.9,511.0,CAPT WEBSTER,,WDF4843,31,0,19,7,,31,A
367456430,2022-01-03T17:01:11,29.11488,-89.30103,0.0,268.1,511.0,CAPT WEBSTER,,WDF4843,31,0,19,7,,31,A
367456430,2022-01-03T17:03:32,29.11485,-89.30104,0.0,262.7,511.0,CAPT WEBSTER,,WDF4843,31,0,19,7,,31,A
367456430,2022-01-03T16:18:50,29.11487,-89.30103,0.0,239.0,511.0,CAPT WEBSTER,,WDF4843,31,0,19,7,,31,A
367456430,2022-01-03T15:57:31,29.11490,-89.30101,0.0,289.0,511.0,CAPT WEBSTER,,WDF4843,31,0,19,7,,31,A
367456430,2022-01-03T16:00:01,29.11488,-89.30105,0.0,291.4,511.0,CAPT WEBSTER,,WDF4843,31,0,19,7,,31,A
367456430,2022-01-03T16:09:41,29.11484,-89.30108,0.0,249.7,511.0,CAPT WEBSTER,,WDF4843,31,0,19,7,,31,A
367456430,2022-01-03T16:10:52,29.11486,-89.30105,0.0,238.2,511.0,CAPT WEBSTER,,WDF4843,31,0,19,7,,31,A
367456430,2022-01-03T16:01:22,29.11488,-89.30104,0.0,279.9,511.0,CAPT WEBSTER,,WDF4843,31,0,19,7,,31,A
367456430,2022-01-03T16:27:51,29.11488,-89.30103,0.0,224.4,511.0,CAPT WEBSTER,,WDF4843,31,0,19,7,,31,A
367456430,2022-01-03T16:29:02,29.11488,-89.30103,0.0,225.6,511.0,CAPT WEBSTER,,WDF4843,31,0,19,7,,31,A
367456430,2022-01-03T16:49:42,29.11487,-89.30103,0.0,256.3,511.0,CAPT WEBSTER,,WDF4843,31,0,19,7,,31,A
367456430,2022-01-03T16:15:32,29.11488,-89.30105,0.0,239.1,511.0,CAPT WEBSTER,,WDF4843,31,0,19,7,,31,A
367456430,2022-01-03T16:30:11,29.11487,-89.30101,0.0,219.3,511.0,CAPT WEBSTER,,WDF4843,31,0,19,7,,31,A
367456430,2022-01-03T16:32:22,29.11486,-89.30102,0.0,218.2,511.0,CAPT WEBSTER,,WDF4843,31,0,19,7,,31,A
367456430,2022-01-03T16:57:42,29.11487,-89.30104,0.0,268.8,511.0,CAPT WEBSTER,,WDF4843,31,0,19,7,,31,A
367456430,2022-01-03T07:47:31,29.11485,-89.30104,0.0,211.6,511.0,CAPT WEBSTER,,WDF4843,31,0,19,7,,31,A
367456430,2022-01-03T16:23:12,29.11487,-89.30105,0.0,237.6,511.0,CAPT WEBSTER,,WDF4843,31,0,19,7,,31,A
367456430,2022-01-03T16:25:31,29.11485,-89.30105,0.0,221.2,511.0,CAPT WEBSTER,,WDF4843,31,0,19,7,,31,A
367456430,2022-01-03T16:35:42,29.11488,-89.30101,0.0,221.8,511.0,CAPT WEBSTER,,WDF4843,31,0,19,7,,31,A
367456430,2022-01-03T17:27:22,29.11488,-89.30100,0.0,300.1,511.0,CAPT WEBSTER,,WDF4843,31,0,19,7,,31,A
367456430,2022-01-03T16:41:32,29.11487,-89.30102,0.0,232.7,511.0,CAPT WEBSTER,,WDF4843,31,0,19,7,,31,A
367456430,2022-01-03T16:17:41,29.11486,-89.30104,0.0,230.7,511.0,CAPT WEBSTER,,WDF4843,31,0,19,7,,31,A
367456430,2022-01-03T16:36:52,29.11487,-89.30101,0.0,218.9,511.0,CAPT WEBSTER,,WDF4843,31,0,19,7,,31,A
367456430,2022-01-03T17:29:42,29.11489,-89.30102,0.0,312.4,511.0,CAPT WEBSTER,,WDF4843,31,0,19,7,,31,A
367456430,2022-01-03T16:24:21,29.11487,-89.30103,0.0,229.1,511.0,CAPT WEBSTER,,WDF4843,31,0,19,7,,31,A
367456430,2022-01-03T16:54:11,29.11486,-89.30104,0.0,266.0,511.0,CAPT WEBSTER,,WDF4843,31,0,19,7,,31,A
367456430,2022-01-03T07:55:22,29.11487,-89.30102,0.0,162.9,511.0,CAPT WEBSTER,,WDF4843,31,0,19,7,,31,A
367456430,2022-01-03T17:45:31,29.11486,-89.30101,0.0,288.4,511.0,CAPT WEBSTER,,WDF4843,31,0,19,7,,31,A
367456430,2022-01-03T16:33:30,29.11487,-89.30103,0.0,218.5,511.0,CAPT WEBSTER,,WDF4843,31,0,19,7,,31,A
367456430,2022-01-03T17:46:41,29.11487,-89.30100,0.0,296.0,511.0,CAPT WEBSTER,,WDF4843,31,0,19,7,,31,A
367456430,2022-01-03T16:50:51,29.11487,-89.30102,0.0,268.4,511.0,CAPT WEBSTER,,WDF4843,31,0,19,7,,31,A
367456430,2022-01-03T07:56:32,29.11487,-89.30101,0.0,163.6,511.0,CAPT WEBSTER,,WDF4843,31,0,19,7,,31,A
367456430,2022-01-03T16:38:02,29.11487,-89.30101,0.0,227.8,511.0,CAPT WEBSTER,,WDF4843,31,0,19,7,,31,A
367456430,2022-01-03T16:39:11,29.11488,-89.30102,0.0,234.6,511.0,CAPT WEBSTER,,WDF4843,31,0,19,7,,31,A
367456430,2022-01-03T16:45:02,29.11489,-89.30104,0.0,241.5,511.0,CAPT WEBSTER,,WDF4843,31,0,19,7,,31,A
367456430,2022-01-03T17:04:41,29.11487,-89.30101,0.0,266.8,511.0,CAPT WEBSTER,,WDF4843,31,0,19,7,,31,A
367456430,2022-01-03T17:52:32,29.11488,-89.30102,0.0,269.1,511.0,CAPT WEBSTER,,WDF4843,31,0,19,7,,31,A
367456430,2022-01-03T17:02:12,29.11484,-89.30102,0.0,268.8,511.0,CAPT WEBSTER,,WDF4843,31,0,19,7,,31,A
367456430,2022-01-03T16:43:52,29.11488,-89.30102,0.0,236.3,511.0,CAPT WEBSTER,,WDF4843,31,0,19,7,,31,A
367456430,2022-01-03T17:07:01,29.11486,-89.30105,0.0,279.0,511.0,CAPT WEBSTER,,WDF4843,31,0,19,7,,31,A
367456430,2022-01-03T16:48:30,29.11486,-89.30102,0.0,255.4,511.0,CAPT WEBSTER,,WDF4843,31,0,19,7,,31,A
367456430,2022-01-03T16:46:12,29.11486,-89.30103,0.0,241.7,511.0,CAPT WEBSTER,,WDF4843,31,0,19,7,,31,A
367456430,2022-01-03T17:09:21,29.11487,-89.30102,0.0,268.7,511.0,CAPT WEBSTER,,WDF4843,31,0,19,7,,31,A
367456430,2022-01-03T18:00:02,29.11487,-89.30109,0.0,218.8,511.0,CAPT WEBSTER,,WDF4843,31,0,19,7,,31,A
367456430,2022-01-03T17:12:02,29.11486,-89.30102,0.0,248.6,511.0,CAPT WEBSTER,,WDF4843,31,0,19,7,,31,A
367456430,2022-01-03T17:05:52,29.11485,-89.30102,0.0,270.4,511.0,CAPT WEBSTER,,WDF4843,31,0,19,7,,31,A
367456430,2022-01-03T17:16:52,29.11488,-89.30103,0.0,263.1,511.0,CAPT WEBSTER,,WDF4843,31,0,19,7,,31,A
367456430,2022-01-03T18:03:31,29.11488,-89.30107,0.0,228.4,511.0,CAPT WEBSTER,,WDF4843,31,0,19,7,,31,A
367456430,2022-01-03T08:06:02,29.11488,-89.30102,0.0,197.7,511.0,CAPT WEBSTER,,WDF4843,31,0,19,7,,31,A
367456430,2022-01-03T17:15:40,29.11489,-89.30098,0.0,257.4,511.0,CAPT WEBSTER,,WDF4843,31,0,19,7,,31,A
367456430,2022-01-03T17:10:32,29.11488,-89.30102,0.0,255.1,511.0,CAPT WEBSTER,,WDF4843,31,0,19,7,,31,A
367456430,2022-01-03T17:21:32,29.11491,-89.30099,0.0,270.3,511.0,CAPT WEBSTER,,WDF4843,31,0,19,7,,31,A
367456430,2022-01-03T16:58:52,29.11488,-89.30103,0.0,270.2,511.0,CAPT WEBSTER,,WDF4843,31,0,19,7,,31,A
367456430,2022-01-03T17:13:11,29.11490,-89.30100,0.0,256.6,511.0,CAPT WEBSTER,,WDF4843,31,0,19,7,,31,A
367456430,2022-01-03T17:36:01,29.11487,-89.30106,0.0,304.2,511.0,CAPT WEBSTER,,WDF4843,31,0,19,7,,31,A
367456430,2022-01-03T17:20:22,29.11489,-89.30100,0.0,263.6,511.0,CAPT WEBSTER,,WDF4843,31,0,19,7,,31,A
367456430,2022-01-03T17:26:12,29.11486,-89.30103,0.0,289.3,511.0,CAPT WEBSTER,,WDF4843,31,0,19,7,,31,A
367456430,2022-01-03T17:28:31,29.11487,-89.30104,0.0,309.0,511.0,CAPT WEBSTER,,WDF4843,31,0,19,7,,31,A
367456430,2022-01-03T18:15:10,29.11488,-89.30105,0.0,231.6,511.0,CAPT WEBSTER,,WDF4843,31,0,19,7,,31,A
367456430,2022-01-03T18:16:22,29.11484,-89.30113,0.0,233.2,511.0,CAPT WEBSTER,,WDF4843,31,0,19,7,,31,A
367456430,2022-01-03T17:30:52,29.11487,-89.30100,0.0,316.1,511.0,CAPT WEBSTER,,WDF4843,31,0,19,7,,31,A
367456430,2022-01-03T17:43:12,29.11487,-89.30102,0.0,298.1,511.0,CAPT WEBSTER,,WDF4843,31,0,19,7,,31,A
367456430,2022-01-03T17:33:11,29.11488,-89.30103,0.0,330.3,511.0,CAPT WEBSTER,,WDF4843,31,0,19,7,,31,A
367456430,2022-01-03T17:08:11,29.11487,-89.30103,0.0,276.8,511.0,CAPT WEBSTER,,WDF4843,31,0,19,7,,31,A
367456430,2022-01-03T17:32:01,29.11488,-89.30102,0.0,321.1,511.0,CAPT WEBSTER,,WDF4843,31,0,19,7,,31,A
367456430,2022-01-03T17:25:01,29.11485,-89.30102,0.0,283.1,511.0,CAPT WEBSTER,,WDF4843,31,0,19,7,,31,A
367456430,2022-01-03T17:37:11,29.11490,-89.30104,0.0,302.0,511.0,CAPT WEBSTER,,WDF4843,31,0,19,7,,31,A
367456430,2022-01-03T17:39:42,29.11488,-89.30109,0.0,291.0,511.0,CAPT WEBSTER,,WDF4843,31,0,19,7,,31,A
367456430,2022-01-03T17:14:32,29.11488,-89.30100,0.0,256.2,511.0,CAPT WEBSTER,,WDF4843,31,0,19,7,,31,A
367456430,2022-01-03T08:13:22,29.11488,-89.30103,0.0,223.8,511.0,CAPT WEBSTER,,WDF4843,31,0,19,7,,31,A
367456430,2022-01-03T17:23:52,29.11488,-89.30102,0.0,277.0,511.0,CAPT WEBSTER,,WDF4843,31,0,19,7,,31,A
367456430,2022-01-03T18:32:21,29.11486,-89.30106,0.0,235.7,511.0,CAPT WEBSTER,,WDF4843,31,0,19,7,,31,A
367456430,2022-01-03T17:18:01,29.11487,-89.30103,0.0,261.5,511.0,CAPT WEBSTER,,WDF4843,31,0,19,7,,31,A
367456430,2022-01-03T17:47:51,29.11488,-89.30106,0.0,303.0,511.0,CAPT WEBSTER,,WDF4843,31,0,19,7,,31,A
367456430,2022-01-03T17:19:11,29.11489,-89.30100,0.0,268.8,511.0,CAPT WEBSTER,,WDF4843,31,0,19,7,,31,A
367456430,2022-01-03T18:34:51,29.11483,-89.30107,0.0,257.0,511.0,CAPT WEBSTER,,WDF4843,31,0,19,7,,31,A
367456430,2022-01-03T17:22:41,29.11485,-89.30102,0.0,262.7,511.0,CAPT WEBSTER,,WDF4843,31,0,19,7,,31,A
367456430,2022-01-03T17:44:22,29.11486,-89.30102,0.0,288.4,511.0,CAPT WEBSTER,,WDF4843,31,0,19,7,,31,A
367456430,2022-01-03T08:18:00,29.11489,-89.30102,0.0,234.9,511.0,CAPT WEBSTER,,WDF4843,31,0,19,7,,31,A
367456430,2022-01-03T17:34:52,29.11488,-89.30105,0.0,312.3,511.0,CAPT WEBSTER,,WDF4843,31,0,19,7,,31,A
367456430,2022-01-03T17:56:12,29.11488,-89.30102,0.0,222.7,511.0,CAPT WEBSTER,,WDF4843,31,0,19,7,,31,A
367456430,2022-01-03T18:05:51,29.11488,-89.30106,0.0,228.2,511.0,CAPT WEBSTER,,WDF4843,31,0,19,7,,31,A
367456430,2022-01-03T17:57:22,29.11488,-89.30101,0.0,208.1,511.0,CAPT WEBSTER,,WDF4843,31,0,19,7,,31,A
367456430,2022-01-03T18:48:21,29.11487,-89.30103,0.0,154.8,511.0,CAPT WEBSTER,,WDF4843,31,0,19,7,,31,A
367456430,2022-01-03T17:50:12,29.11487,-89.30104,0.0,268.1,511.0,CAPT WEBSTER,,WDF4843,31,0,19,7,,31,A
367456430,2022-01-03T17:51:22,29.11492,-89.30101,0.0,285.0,511.0,CAPT WEBSTER,,WDF4843,31,0,19,7,,31,A
367456430,2022-01-03T18:02:22,29.11487,-89.30111,0.0,219.7,511.0,CAPT WEBSTER,,WDF4843,31,0,19,7,,31,A
367456430,2022-01-03T17:53:52,29.11486,-89.30103,0.0,238.6,511.0,CAPT WEBSTER,,WDF4843,31,0,19,7,,31,A
367456430,2022-01-03T18:14:01,29.11486,-89.30110,0.0,230.9,511.0,CAPT WEBSTER,,WDF4843,31,0,19,7,,31,A
367456430,2022-01-03T18:04:42,29.11485,-89.30107,0.0,228.5,511.0,CAPT WEBSTER,,WDF4843,31,0,19,7,,31,A
367456430,2022-01-03T18:58:41,29.11488,-89.30102,0.0,230.0,511.0,CAPT WEBSTER,,WDF4843,31,0,19,7,,31,A
367456430,2022-01-03T17:40:51,29.11488,-89.30103,0.0,288.7,511.0,CAPT WEBSTER,,WDF4843,31,0,19,7,,31,A
367456430,2022-01-03T19:00:01,29.11488,-89.30101,0.0,207.3,511.0,CAPT WEBSTER,,WDF4843,31,0,19,7,,31,A
367456430,2022-01-03T17:42:01,29.11487,-89.30104,0.0,293.8,511.0,CAPT WEBSTER,,WDF4843,31,0,19,7,,31,A
367456430,2022-01-03T17:49:01,29.11485,-89.30100,0.0,272.8,511.0,CAPT WEBSTER,,WDF4843,31,0,19,7,,31,A
367456430,2022-01-03T18:10:31,29.11485,-89.30108,0.0,226.9,511.0,CAPT WEBSTER,,WDF4843,31,0,19,7,,31,A
367456430,2022-01-03T18:11:40,29.11487,-89.30111,0.0,229.8,511.0,CAPT WEBSTER,,WDF4843,31,0,19,7,,31,A
367456430,2022-01-03T19:04:42,29.11487,-89.30104,0.0,201.4,511.0,CAPT WEBSTER,,WDF4843,31,0,19,7,,31,A
367456430,2022-01-03T18:25:22,29.11488,-89.30102,0.0,235.1,511.0,CAPT WEBSTER,,WDF4843,31,0,19,7,,31,A
367456430,2022-01-03T18:26:32,29.11487,-89.30103,0.0,226.4,511.0,CAPT WEBSTER,,WDF4843,31,0,19,7,,31,A
367456430,2022-01-03T18:27:42,29.11488,-89.30103,0.0,217.3,511.0,CAPT WEBSTER,,WDF4843,31,0,19,7,,31,A
367456430,2022-01-03T18:08:12,29.11486,-89.30106,0.0,226.9,511.0,CAPT WEBSTER,,WDF4843,31,0,19,7,,31,A
367456430,2022-01-03T17:55:01,29.11485,-89.30106,0.1,227.7,511.0,CAPT WEBSTER,,WDF4843,31,0,19,7,,31,A
367456430,2022-01-03T18:09:22,29.11487,-89.30105,0.0,227.4,511.0,CAPT WEBSTER,,WDF4843,31,0,19,7,,31,A
367456430,2022-01-03T19:11:51,29.11487,-89.30102,0.0,228.1,511.0,CAPT WEBSTER,,WDF4843,31,0,19,7,,31,A
367456430,2022-01-03T17:58:31,29.11487,-89.30107,0.0,213.5,511.0,CAPT WEBSTER,,WDF4843,31,0,19,7,,31,A
367456430,2022-01-03T17:59:42,29.11487,-89.30110,0.0,219.5,511.0,CAPT WEBSTER,,WDF4843,31,0,19,7,,31,A
367456430,2022-01-03T18:23:11,29.11486,-89.30107,0.0,232.7,511.0,CAPT WEBSTER,,WDF4843,31,0,19,7,,31,A
367456430,2022-01-03T18:36:21,29.11487,-89.30108,0.0,255.8,511.0,CAPT WEBSTER,,WDF4843,31,0,19,7,,31,A
367456430,2022-01-03T18:37:51,29.11487,-89.30107,0.0,250.6,511.0,CAPT WEBSTER,,WDF4843,31,0,19,7,,31,A
367456430,2022-01-03T18:33:30,29.11485,-89.30104,0.0,245.0,511.0,CAPT WEBSTER,,WDF4843,31,0,19,7,,31,A
367456430,2022-01-03T19:23:21,29.11486,-89.30103,0.0,239.2,511.0,CAPT WEBSTER,,WDF4843,31,0,19,7,,31,A
367456430,2022-01-03T18:31:12,29.11486,-89.30104,0.0,231.8,511.0,CAPT WEBSTER,,WDF4843,31,0,19,7,,31,A
367456430,2022-01-03T18:18:32,29.11485,-89.30111,0.0,227.2,511.0,CAPT WEBSTER,,WDF4843,31,0,19,7,,31,A
367456430,2022-01-03T18:12:51,29.11487,-89.30108,0.0,232.1,511.0,CAPT WEBSTER,,WDF4843,31,0,19,7,,31,A
367456430,2022-01-03T19:33:41,29.11487,-89.30102,0.1,225.9,511.0,CAPT WEBSTER,,WDF4843,31,0,19,7,,31,A
367456430,2022-01-03T18:50:32,29.11486,-89.30106,0.0,168.6,511.0,CAPT WEBSTER,,WDF4843,31,0,19,7,,31,A
367456430,2022-01-03T18:40:12,29.11488,-89.30104,0.0,250.2,511.0,CAPT WEBSTER,,WDF4843,31,0,19,7,,31,A
367456430,2022-01-03T18:24:21,29.11488,-89.30103,0.0,236.4,511.0,CAPT WEBSTER,,WDF4843,31,0,19,7,,31,A
367456430,2022-01-03T18:28:51,29.11487,-89.30102,0.0,228.6,511.0,CAPT WEBSTER,,WDF4843,31,0,19,7,,31,A
367456430,2022-01-03T18:30:02,29.11487,-89.30105,0.0,233.7,511.0,CAPT WEBSTER,,WDF4843,31,0,19,7,,31,A
367456430,2022-01-03T18:44:52,29.11487,-89.30105,0.0,67.5,511.0,CAPT WEBSTER,,WDF4843,31,0,19,7,,31,A
367456430,2022-01-03T19:42:01,29.11487,-89.30102,0.0,227.9,511.0,CAPT WEBSTER,,WDF4843,31,0,19,7,,31,A
367456430,2022-01-03T18:22:01,29.11481,-89.30111,0.0,221.5,511.0,CAPT WEBSTER,,WDF4843,31,0,19,7,,31,A
367456430,2022-01-03T18:39:01,29.11485,-89.30105,0.0,253.9,511.0,CAPT WEBSTER,,WDF4843,31,0,19,7,,31,A
367456430,2022-01-03T18:56:22,29.11488,-89.30103,0.0,229.1,511.0,CAPT WEBSTER,,WDF4843,31,0,19,7,,31,A
367456430,2022-01-03T18:41:21,29.11488,-89.30103,0.0,244.8,511.0,CAPT WEBSTER,,WDF4843,31,0,19,7,,31,A
367456430,2022-01-03T18:55:12,29.11488,-89.30106,0.0,280.5,511.0,CAPT WEBSTER,,WDF4843,31,0,19,7,,31,A
367456430,2022-01-03T18:42:31,29.11489,-89.30101,0.0,236.5,511.0,CAPT WEBSTER,,WDF4843,31,0,19,7,,31,A
367456430,2022-01-03T19:08:12,29.11487,-89.30103,0.0,200.9,511.0,CAPT WEBSTER,,WDF4843,31,0,19,7,,31,A
367456430,2022-01-03T18:43:42,29.11486,-89.30106,0.0,230.2,511.0,CAPT WEBSTER,,WDF4843,31,0,19,7,,31,A
367456430,2022-01-03T19:09:21,29.11487,-89.30104,0.0,235.7,511.0,CAPT WEBSTER,,WDF4843,31,0,19,7,,31,A
367456430,2022-01-03T18:59:52,29.11488,-89.30101,0.0,208.4,511.0,CAPT WEBSTER,,WDF4843,31,0,19,7,,31,A
367456430,2022-01-03T19:56:52,29.11489,-89.30105,0.0,265.3,511.0,CAPT WEBSTER,,WDF4843,31,0,19,7,,31,A
367456430,2022-01-03T08:39:11,29.11487,-89.30101,0.0,289.4,511.0,CAPT WEBSTER,,WDF4843,31,0,19,7,,31,A
367456430,2022-01-03T18:46:01,29.11486,-89.30107,0.0,87.9,511.0,CAPT WEBSTER,,WDF4843,31,0,19,7,,31,A
367456430,2022-01-03T19:02:22,29.11490,-89.30104,0.0,305.5,511.0,CAPT WEBSTER,,WDF4843,31,0,19,7,,31,A
367456430,2022-01-03T18:49:22,29.11486,-89.30106,0.0,169.5,511.0,CAPT WEBSTER,,WDF4843,31,0,19,7,,31,A
367456430,2022-01-03T19:03:32,29.11488,-89.30103,0.1,225.9,511.0,CAPT WEBSTER,,WDF4843,31,0,19,7,,31,A
367456430,2022-01-03T19:16:32,29.11488,-89.30102,0.0,241.6,511.0,CAPT WEBSTER,,WDF4843,31,0,19,7,,31,A
367456430,2022-01-03T18:54:02,29.11486,-89.30104,0.1,208.4,511.0,CAPT WEBSTER,,WDF4843,31,0,19,7,,31,A
367456430,2022-01-03T20:07:02,29.11487,-89.30105,0.0,287.6,511.0,CAPT WEBSTER,,WDF4843,31,0,19,7,,31,A
367456430,2022-01-03T18:51:42,29.11484,-89.30107,0.0,153.9,511.0,CAPT WEBSTER,,WDF4843,31,0,19,7,,31,A
367456430,2022-01-03T18:52:52,29.11486,-89.30104,0.0,158.5,511.0,CAPT WEBSTER,,WDF4843,31,0,19,7,,31,A
367456430,2022-01-03T19:25:50,29.11488,-89.30103,0.0,245.0,511.0,CAPT WEBSTER,,WDF4843,31,0,19,7,,31,A
367456430,2022-01-03T19:20:00,29.11487,-89.30102,0.0,230.8,511.0,CAPT WEBSTER,,WDF4843,31,0,19,7,,31,A
367456430,2022-01-03T20:16:22,29.11487,-89.30104,0.0,337.3,511.0,CAPT WEBSTER,,WDF4843,31,0,19,7,,31,A
367456430,2022-01-03T19:07:02,29.11488,-89.30103,0.0,191.8,511.0,CAPT WEBSTER,,WDF4843,31,0,19,7,,31,A
367456430,2022-01-03T20:21:02,29.11485,-89.30105,0.0,305.9,511.0,CAPT WEBSTER,,WDF4843,31,0,19,7,,31,A
367456430,2022-01-03T19:05:52,29.11488,-89.30103,0.1,199.2,511.0,CAPT WEBSTER,,WDF4843,31,0,19,7,,31,A
367456430,2022-01-03T19:26:51,29.11488,-89.30103,0.0,256.2,511.0,CAPT WEBSTER,,WDF4843,31,0,19,7,,31,A
367456430,2022-01-03T19:43:11,29.11487,-89.30102,0.0,238.2,511.0,CAPT WEBSTER,,WDF4843,31,0,19,7,,31,A
367456430,2022-01-03T19:44:12,29.11488,-89.30102,0.0,239.8,511.0,CAPT WEBSTER,,WDF4843,31,0,19,7,,31,A
367456430,2022-01-03T19:10:42,29.11487,-89.30103,0.0,248.6,511.0,CAPT WEBSTER,,WDF4843,31,0,19,7,,31,A
367456430,2022-01-03T19:13:02,29.11488,-89.30102,0.0,227.9,511.0,CAPT WEBSTER,,WDF4843,31,0,19,7,,31,A
367456430,2022-01-03T19:17:42,29.11489,-89.30102,0.0,239.4,511.0,CAPT WEBSTER,,WDF4843,31,0,19,7,,31,A
367456430,2022-01-03T19:31:22,29.11485,-89.30102,0.0,205.4,511.0,CAPT WEBSTER,,WDF4843,31,0,19,7,,31,A
367456430,2022-01-03T19:32:32,29.11486,-89.30099,0.0,205.5,511.0,CAPT WEBSTER,,WDF4843,31,0,19,7,,31,A
367456430,2022-01-03T19:15:22,29.11487,-89.30102,0.0,230.5,511.0,CAPT WEBSTER,,WDF4843,31,0,19,7,,31,A
367456430,2022-01-03T19:47:41,29.11489,-89.30103,0.0,263.4,511.0,CAPT WEBSTER,,WDF4843,31,0,19,7,,31,A
367456430,2022-01-03T19:38:31,29.11488,-89.30103,0.0,248.1,511.0,CAPT WEBSTER,,WDF4843,31,0,19,7,,31,A
367456430,2022-01-03T19:52:10,29.11489,-89.30105,0.0,294.0,511.0,CAPT WEBSTER,,WDF4843,31,0,19,7,,31,A
367456430,2022-01-03T19:18:51,29.11487,-89.30102,0.0,228.1,511.0,CAPT WEBSTER,,WDF4843,31,0,19,7,,31,A
367456430,2022-01-03T19:39:41,29.11489,-89.30103,0.0,236.8,511.0,CAPT WEBSTER,,WDF4843,31,0,19,7,,31,A
367456430,2022-01-03T19:21:02,29.11486,-89.30104,0.0,231.2,511.0,CAPT WEBSTER,,WDF4843,31,0,19,7,,31,A
367456430,2022-01-03T19:22:11,29.11485,-89.30105,0.0,243.3,511.0,CAPT WEBSTER,,WDF4843,31,0,19,7,,31,A
367456430,2022-01-03T19:46:31,29.11487,-89.30105,0.0,259.0,511.0,CAPT WEBSTER,,WDF4843,31,0,19,7,,31,A
367456430,2022-01-03T19:45:21,29.11488,-89.30102,0.0,266.3,511.0,CAPT WEBSTER,,WDF4843,31,0,19,7,,31,A
367456430,2022-01-03T19:27:52,29.11487,-89.30104,0.1,247.9,511.0,CAPT WEBSTER,,WDF4843,31,0,19,7,,31,A
367456430,2022-01-03T19:24:32,29.11485,-89.30103,0.0,231.8,511.0,CAPT WEBSTER,,WDF4843,31,0,19,7,,31,A
367456430,2022-01-03T19:59:12,29.11488,-89.30105,0.0,212.9,511.0,CAPT WEBSTER,,WDF4843,31,0,19,7,,31,A
367456430,2022-01-03T19:51:01,29.11488,-89.30104,0.1,277.0,511.0,CAPT WEBSTER,,WDF4843,31,0,19,7,,31,A
367456430,2022-01-03T19:30:12,29.11487,-89.30102,0.0,222.3,511.0,CAPT WEBSTER,,WDF4843,31,0,19,7,,31,A
367456430,2022-01-03T20:48:32,29.11486,-89.30106,0.1,308.4,511.0,CAPT WEBSTER,,WDF4843,31,0,19,7,,31,A
367456430,2022-01-03T19:36:11,29.11487,-89.30102,0.0,243.9,511.0,CAPT WEBSTER,,WDF4843,31,0,19,7,,31,A
367456430,2022-01-03T19:58:02,29.11488,-89.30105,0.0,235.6,511.0,CAPT WEBSTER,,WDF4843,31,0,19,7,,31,A
367456430,2022-01-03T19:37:22,29.11488,-89.30101,0.0,232.0,511.0,CAPT WEBSTER,,WDF4843,31,0,19,7,,31,A
367456430,2022-01-03T20:55:32,29.11488,-89.30102,0.0,331.0,511.0,CAPT WEBSTER,,WDF4843,31,0,19,7,,31,A
367456430,2022-01-03T20:14:02,29.11487,-89.30103,0.0,343.1,511.0,CAPT WEBSTER,,WDF4843,31,0,19,7,,31,A
367456430,2022-01-03T20:03:32,29.11487,-89.30105,0.0,267.3,511.0,CAPT WEBSTER,,WDF4843,31,0,19,7,,31,A
367456430,2022-01-03T20:04:42,29.11486,-89.30103,0.0,268.2,511.0,CAPT WEBSTER,,WDF4843,31,0,19,7,,31,A
367456430,2022-01-03T20:02:22,29.11488,-89.30105,0.0,253.5,511.0,CAPT WEBSTER,,WDF4843,31,0,19,7,,31,A
367456430,2022-01-03T20:17:32,29.11487,-89.30104,0.0,307.9,511.0,CAPT WEBSTER,,WDF4843,31,0,19,7,,31,A
367456430,2022-01-03T21:02:11,29.11489,-89.30101,0.0,329.5,511.0,CAPT WEBSTER,,WDF4843,31,0,19,7,,31,A
367456430,2022-01-03T21:03:21,29.11489,-89.30105,0.0,305.2,511.0,CAPT WEBSTER,,WDF4843,31,0,19,7,,31,A
367456430,2022-01-03T19:54:32,29.11487,-89.30104,0.1,261.1,511.0,CAPT WEBSTER,,WDF4843,31,0,19,7,,31,A
367456430,2022-01-03T19:48:42,29.11487,-89.30106,0.0,259.6,511.0,CAPT WEBSTER,,WDF4843,31,0,19,7,,31,A
367456430,2022-01-03T20:10:32,29.11484,-89.30108,0.0,320.6,511.0,CAPT WEBSTER,,WDF4843,31,0,19,7,,31,A
367456430,2022-01-03T19:49:52,29.11486,-89.30105,0.0,237.2,511.0,CAPT WEBSTER,,WDF4843,31,0,19,7,,31,A
367456430,2022-01-03T21:06:42,29.11491,-89.30102,0.0,275.1,511.0,CAPT WEBSTER,,WDF4843,31,0,19,7,,31,A
367456430,2022-01-03T19:53:21,29.11487,-89.30102,0.1,217.2,511.0,CAPT WEBSTER,,WDF4843,31,0,19,7,,31,A
367456430,2022-01-03T20:00:02,29.11486,-89.30104,0.0,210.2,511.0,CAPT WEBSTER,,WDF4843,31,0,19,7,,31,A
367456430,2022-01-03T20:15:11,29.11487,-89.30104,0.0,339.9,511.0,CAPT WEBSTER,,WDF4843,31,0,19,7,,31,A
367456430,2022-01-03T21:11:22,29.11484,-89.30105,0.0,257.8,511.0,CAPT WEBSTER,,WDF4843,31,0,19,7,,31,A
367456430,2022-01-03T20:01:12,29.11485,-89.30104,0.0,209.8,511.0,CAPT WEBSTER,,WDF4843,31,0,19,7,,31,A
367456430,2022-01-03T09:20:02,29.11490,-89.30105,0.0,230.4,511.0,CAPT WEBSTER,,WDF4843,31,0,19,7,,31,A
367456430,2022-01-03T20:05:52,29.11487,-89.30103,0.0,260.4,511.0,CAPT WEBSTER,,WDF4843,31,0,19,7,,31,A
367456430,2022-01-03T21:17:11,29.11485,-89.30108,0.0,259.1,511.0,CAPT WEBSTER,,WDF4843,31,0,19,7,,31,A
367456430,2022-01-03T20:08:12,29.11484,-89.30106,0.0,279.6,511.0,CAPT WEBSTER,,WDF4843,31,0,19,7,,31,A
367456430,2022-01-03T20:19:51,29.11487,-89.30102,0.0,308.7,511.0,CAPT WEBSTER,,WDF4843,31,0,19,7,,31,A
367456430,2022-01-03T20:24:31,29.11488,-89.30105,0.0,299.3,511.0,CAPT WEBSTER,,WDF4843,31,0,19,7,,31,A
367456430,2022-01-03T21:18:12,29.11485,-89.30108,0.0,274.0,511.0,CAPT WEBSTER,,WDF4843,31,0,19,7,,31,A
367456430,2022-01-03T20:26:51,29.11488,-89.30103,0.0,274.2,511.0,CAPT WEBSTER,,WDF4843,31,0,19,7,,31,A
367456430,2022-01-03T20:45:02,29.11487,-89.30103,0.0,293.7,511.0,CAPT WEBSTER,,WDF4843,31,0,19,7,,31,A
367456430,2022-01-03T20:28:02,29.11486,-89.30103,0.0,280.5,511.0,CAPT WEBSTER,,WDF4843,31,0,19,7,,31,A
367456430,2022-01-03T21:28:31,29.11486,-89.30104,0.0,255.4,511.0,CAPT WEBSTER,,WDF4843,31,0,19,7,,31,A
367456430,2022-01-03T20:49:41,29.11483,-89.30110,0.0,321.1,511.0,CAPT WEBSTER,,WDF4843,31,0,19,7,,31,A
367456430,2022-01-03T20:34:22,29.11489,-89.30105,0.0,281.3,511.0,CAPT WEBSTER,,WDF4843,31,0,19,7,,31,A
367456430,2022-01-03T21:32:32,29.11488,-89.30103,0.0,283.4,511.0,CAPT WEBSTER,,WDF4843,31,0,19,7,,31,A
367456430,2022-01-03T20:12:51,29.11485,-89.30103,0.0,341.3,511.0,CAPT WEBSTER,,WDF4843,31,0,19,7,,31,A
367456430,2022-01-03T20:36:51,29.11488,-89.30105,0.0,293.8,511.0,CAPT WEBSTER,,WDF4843,31,0,19,7,,31,A
367456430,2022-01-03T20:23:20,29.11487,-89.30106,0.0,302.1,511.0,CAPT WEBSTER,,WDF4843,31,0,19,7,,31,A
367456430,2022-01-03T21:34:02,29.11489,-89.30105,0.0,261.4,511.0,CAPT WEBSTER,,WDF4843,31,0,19,7,,31,A
367456430,2022-01-03T20:42:42,29.11487,-89.30105,0.0,280.4,511.0,CAPT WEBSTER,,WDF4843,31,0,19,7,,31,A
367456430,2022-01-03T20:29:11,29.11487,-89.30101,0.0,287.2,511.0,CAPT WEBSTER,,WDF4843,31,0,19,7,,31,A
367456430,2022-01-03T21:37:52,29.11487,-89.30105,0.0,286.5,511.0,CAPT WEBSTER,,WDF4843,31,0,19,7,,31,A
367456430,2022-01-03T09:32:41,29.11487,-89.30103,0.0,261.8,511.0,CAPT WEBSTER,,WDF4843,31,0,19,7,,31,A
367456430,2022-01-03T21:00:52,29.11488,-89.30101,0.0,337.4,511.0,CAPT WEBSTER,,WDF4843,31,0,19,7,,31,A
367456430,2022-01-03T20:47:21,29.11483,-89.30108,0.0,276.7,511.0,CAPT WEBSTER,,WDF4843,31,0,19,7,,31,A
367456430,2022-01-03T20:35:31,29.11488,-89.30104,0.0,279.2,511.0,CAPT WEBSTER,,WDF4843,31,0,19,7,,31,A
367456430,2022-01-03T20:50:51,29.11484,-89.30110,0.0,329.9,511.0,CAPT WEBSTER,,WDF4843,31,0,19,7,,31,A
367456430,2022-01-03T20:25:42,29.11487,-89.30105,0.0,277.9,511.0,CAPT WEBSTER,,WDF4843,31,0,19,7,,31,A
367456430,2022-01-03T20:52:02,29.11485,-89.30106,0.0,332.1,511.0,CAPT WEBSTER,,WDF4843,31,0,19,7,,31,A
367456430,2022-01-03T20:53:12,29.11487,-89.30104,0.0,329.0,511.0,CAPT WEBSTER,,WDF4843,31,0,19,7,,31,A
367456430,2022-01-03T20:39:12,29.11488,-89.30105,0.0,295.0,511.0,CAPT WEBSTER,,WDF4843,31,0,19,7,,31,A
367456430,2022-01-03T20:54:21,29.11487,-89.30104,0.0,329.1,511.0,CAPT WEBSTER,,WDF4843,31,0,19,7,,31,A
367456430,2022-01-03T20:40:22,29.11489,-89.30107,0.0,298.3,511.0,CAPT WEBSTER,,WDF4843,31,0,19,7,,31,A
367456430,2022-01-03T20:38:02,29.11488,-89.30105,0.0,301.5,511.0,CAPT WEBSTER,,WDF4843,31,0,19,7,,31,A
367456430,2022-01-03T20:32:02,29.11488,-89.30103,0.0,287.2,511.0,CAPT WEBSTER,,WDF4843,31,0,19,7,,31,A
367456430,2022-01-03T20:56:42,29.11489,-89.30103,0.0,333.1,511.0,CAPT WEBSTER,,WDF4843,31,0,19,7,,31,A
367456430,2022-01-03T21:52:01,29.11486,-89.30106,0.0,257.3,511.0,CAPT WEBSTER,,WDF4843,31,0,19,7,,31,A
367456430,2022-01-03T21:53:12,29.11486,-89.30106,0.0,261.4,511.0,CAPT WEBSTER,,WDF4843,31,0,19,7,,31,A
367456430,2022-01-03T20:59:11,29.11489,-89.30100,0.0,332.9,511.0,CAPT WEBSTER,,WDF4843,31,0,19,7,,31,A
367456430,2022-01-03T20:46:12,29.11485,-89.30104,0.0,270.5,511.0,CAPT WEBSTER,,WDF4843,31,0,19,7,,31,A
367456430,2022-01-03T21:09:02,29.11491,-89.30101,0.0,260.2,511.0,CAPT WEBSTER,,WDF4843,31,0,19,7,,31,A
367456430,2022-01-03T21:23:52,29.11486,-89.30104,0.0,269.3,511.0,CAPT WEBSTER,,WDF4843,31,0,19,7,,31,A
367456430,2022-01-03T09:39:41,29.11489,-89.30094,0.0,238.2,511.0,CAPT WEBSTER,,WDF4843,31,0,19,7,,31,A
367456430,2022-01-03T20:43:51,29.11486,-89.30105,0.0,296.8,511.0,CAPT WEBSTER,,WDF4843,31,0,19,7,,31,A
367456430,2022-01-03T22:03:41,29.11486,-89.30103,0.0,267.3,511.0,CAPT WEBSTER,,WDF4843,31,0,19,7,,31,A
367456430,2022-01-03T22:04:51,29.11488,-89.30104,0.0,264.4,511.0,CAPT WEBSTER,,WDF4843,31,0,19,7,,31,A
367456430,2022-01-03T20:57:52,29.11489,-89.30102,0.0,331.1,511.0,CAPT WEBSTER,,WDF4843,31,0,19,7,,31,A
367456430,2022-01-03T22:08:21,29.11488,-89.30103,0.0,267.4,511.0,CAPT WEBSTER,,WDF4843,31,0,19,7,,31,A
367456430,2022-01-03T21:16:01,29.11486,-89.30110,0.0,269.6,511.0,CAPT WEBSTER,,WDF4843,31,0,19,7,,31,A
367456430,2022-01-03T09:42:02,29.11487,-89.30102,0.0,231.8,511.0,CAPT WEBSTER,,WDF4843,31,0,19,7,,31,A
367456430,2022-01-03T21:22:41,29.11488,-89.30103,0.0,280.4,511.0,CAPT WEBSTER,,WDF4843,31,0,19,7,,31,A
367456430,2022-01-03T09:48:52,29.11489,-89.30103,0.0,241.7,511.0,CAPT WEBSTER,,WDF4843,31,0,19,7,,31,A
367456430,2022-01-03T21:05:30,29.11490,-89.30102,0.0,283.6,511.0,CAPT WEBSTER,,WDF4843,31,0,19,7,,31,A
367456430,2022-01-03T21:48:42,29.11487,-89.30106,0.0,256.7,511.0,CAPT WEBSTER,,WDF4843,31,0,19,7,,31,A
367456430,2022-01-03T22:26:01,29.11485,-89.30104,0.0,266.8,511.0,CAPT WEBSTER,,WDF4843,31,0,19,7,,31,A
367456430,2022-01-03T21:35:32,29.11489,-89.30106,0.0,279.2,511.0,CAPT WEBSTER,,WDF4843,31,0,19,7,,31,A
367456430,2022-01-03T21:25:01,29.11486,-89.30104,0.0,263.4,511.0,CAPT WEBSTER,,WDF4843,31,0,19,7,,31,A
367456430,2022-01-03T21:40:11,29.11486,-89.30104,0.0,281.9,511.0,CAPT WEBSTER,,WDF4843,31,0,19,7,,31,A
367456430,2022-01-03T21:26:12,29.11486,-89.30105,0.0,263.8,511.0,CAPT WEBSTER,,WDF4843,31,0,19,7,,31,A
367456430,2022-01-03T09:57:00,29.11490,-89.30105,0.0,235.4,511.0,CAPT WEBSTER,,WDF4843,31,0,19,7,,31,A
367456430,2022-01-03T21:56:52,29.11487,-89.30108,0.0,273.5,511.0,CAPT WEBSTER,,WDF4843,31,0,19,7,,31,A
367456430,2022-01-03T21:13:42,29.11486,-89.30106,0.1,305.2,511.0,CAPT WEBSTER,,WDF4843,31,0,19,7,,31,A
367456430,2022-01-03T21:14:51,29.11486,-89.30110,0.1,305.7,511.0,CAPT WEBSTER,,WDF4843,31,0,19,7,,31,A
367456430,2022-01-03T21:41:22,29.11489,-89.30103,0.0,282.6,511.0,CAPT WEBSTER,,WDF4843,31,0,19,7,,31,A
367456430,2022-01-03T21:31:21,29.11490,-89.30105,0.1,274.5,511.0,CAPT WEBSTER,,WDF4843,31,0,19,7,,31,A
367456430,2022-01-03T21:19:21,29.11483,-89.30109,0.0,265.4,511.0,CAPT WEBSTER,,WDF4843,31,0,19,7,,31,A
367456430,2022-01-03T10:00:02,29.11488,-89.30103,0.0,242.6,511.0,CAPT WEBSTER,,WDF4843,31,0,19,7,,31,A
367456430,2022-01-03T21:50:52,29.11485,-89.30109,0.0,251.6,511.0,CAPT WEBSTER,,WDF4843,31,0,19,7,,31,A
367456430,2022-01-03T21:49:51,29.11485,-89.30108,0.0,253.7,511.0,CAPT WEBSTER,,WDF4843,31,0,19,7,,31,A
367456430,2022-01-03T21:54:32,29.11487,-89.30106,0.0,268.8,511.0,CAPT WEBSTER,,WDF4843,31,0,19,7,,31,A
367456430,2022-01-03T21:47:32,29.11485,-89.30110,0.0,261.5,511.0,CAPT WEBSTER,,WDF4843,31,0,19,7,,31,A
367456430,2022-01-03T21:58:02,29.11486,-89.30106,0.0,272.8,511.0,CAPT WEBSTER,,WDF4843,31,0,19,7,,31,A
367456430,2022-01-03T21:36:41,29.11489,-89.30105,0.0,289.4,511.0,CAPT WEBSTER,,WDF4843,31,0,19,7,,31,A
367456430,2022-01-03T21:39:02,29.11487,-89.30103,0.0,284.3,511.0,CAPT WEBSTER,,WDF4843,31,0,19,7,,31,A
367456430,2022-01-03T21:43:52,29.11487,-89.30107,0.0,270.7,511.0,CAPT WEBSTER,,WDF4843,31,0,19,7,,31,A
367456430,2022-01-03T22:19:00,29.11487,-89.30106,0.0,257.6,511.0,CAPT WEBSTER,,WDF4843,31,0,19,7,,31,A
367456430,2022-01-03T21:45:01,29.11487,-89.30105,0.0,265.5,511.0,CAPT WEBSTER,,WDF4843,31,0,19,7,,31,A
367456430,2022-01-03T10:11:32,29.11487,-89.30109,0.0,263.0,511.0,CAPT WEBSTER,,WDF4843,31,0,19,7,,31,A
367456430,2022-01-03T21:55:41,29.11487,-89.30108,0.0,272.1,511.0,CAPT WEBSTER,,WDF4843,31,0,19,7,,31,A
367456430,2022-01-03T22:07:11,29.11488,-89.30102,0.0,270.7,511.0,CAPT WEBSTER,,WDF4843,31,0,19,7,,31,A
367456430,2022-01-03T23:05:52,29.11488,-89.30103,0.0,280.1,511.0,CAPT WEBSTER,,WDF4843,31,0,19,7,,31,A
367456430,2022-01-03T21:46:22,29.11486,-89.30108,0.0,263.6,511.0,CAPT WEBSTER,,WDF4843,31,0,19,7,,31,A
367456430,2022-01-03T22:22:32,29.11486,-89.30109,0.0,253.8,511.0,CAPT WEBSTER,,WDF4843,31,0,19,7,,31,A
367456430,2022-01-03T23:07:02,29.11487,-89.30105,0.0,277.7,511.0,CAPT WEBSTER,,WDF4843,31,0,19,7,,31,A
367456430,2022-01-03T22:10:42,29.11488,-89.30102,0.0,261.2,511.0,CAPT WEBSTER,,WDF4843,31,0,19,7,,31,A
367456430,2022-01-03T22:16:31,29.11489,-89.30105,0.0,260.5,511.0,CAPT WEBSTER,,WDF4843,31,0,19,7,,31,A
367456430,2022-01-03T22:11:51,29.11488,-89.30105,0.0,255.8,511.0,CAPT WEBSTER,,WDF4843,31,0,19,7,,31,A
367456430,2022-01-03T22:00:12,29.11487,-89.30106,0.0,264.0,511.0,CAPT WEBSTER,,WDF4843,31,0,19,7,,31,A
367456430,2022-01-03T23:11:12,29.11485,-89.30107,0.0,304.5,511.0,CAPT WEBSTER,,WDF4843,31,0,19,7,,31,A
367456430,2022-01-03T22:30:52,29.11488,-89.30103,0.0,267.0,511.0,CAPT WEBSTER,,WDF4843,31,0,19,7,,31,A
367456430,2022-01-03T22:32:01,29.11488,-89.30103,0.0,273.6,511.0,CAPT WEBSTER,,WDF4843,31,0,19,7,,31,A
367456430,2022-01-03T22:17:52,29.11486,-89.30106,0.0,262.7,511.0,CAPT WEBSTER,,WDF4843,31,0,19,7,,31,A
367456430,2022-01-03T10:17:11,29.11487,-89.30106,0.0,273.2,511.0,CAPT WEBSTER,,WDF4843,31,0,19,7,,31,A
367456430,2022-01-03T22:21:22,29.11486,-89.30107,0.0,252.4,511.0,CAPT WEBSTER,,WDF4843,31,0,19,7,,31,A
367456430,2022-01-03T23:20:32,29.11487,-89.30104,0.0,271.2,511.0,CAPT WEBSTER,,WDF4843,31,0,19,7,,31,A
367456430,2022-01-03T22:01:22,29.11488,-89.30105,0.0,262.3,511.0,CAPT WEBSTER,,WDF4843,31,0,19,7,,31,A
367456430,2022-01-03T21:59:12,29.11487,-89.30106,0.0,267.5,511.0,CAPT WEBSTER,,WDF4843,31,0,19,7,,31,A
367456430,2022-01-03T22:02:32,29.11489,-89.30104,0.0,268.8,511.0,CAPT WEBSTER,,WDF4843,31,0,19,7,,31,A
367456430,2022-01-03T23:24:12,29.11487,-89.30105,0.0,270.4,511.0,CAPT WEBSTER,,WDF4843,31,0,19,7,,31,A
367456430,2022-01-03T22:41:32,29.11487,-89.30103,0.0,272.2,511.0,CAPT WEBSTER,,WDF4843,31,0,19,7,,31,A
367456430,2022-01-03T22:27:11,29.11486,-89.30105,0.0,273.9,511.0,CAPT WEBSTER,,WDF4843,31,0,19,7,,31,A
367456430,2022-01-03T10:25:30,29.11491,-89.30104,0.0,274.9,511.0,CAPT WEBSTER,,WDF4843,31,0,19,7,,31,A
367456430,2022-01-03T22:46:12,29.11486,-89.30103,0.0,267.5,511.0,CAPT WEBSTER,,WDF4843,31,0,19,7,,31,A
367456430,2022-01-03T23:30:52,29.11488,-89.30103,0.0,273.8,511.0,CAPT WEBSTER,,WDF4843,31,0,19,7,,31,A
367456430,2022-01-03T22:20:12,29.11485,-89.30107,0.0,249.6,511.0,CAPT WEBSTER,,WDF4843,31,0,19,7,,31,A
367456430,2022-01-03T22:09:32,29.11488,-89.30101,0.0,265.6,511.0,CAPT WEBSTER,,WDF4843,31,0,19,7,,31,A
367456430,2022-01-03T22:24:52,29.11486,-89.30105,0.0,258.2,511.0,CAPT WEBSTER,,WDF4843,31,0,19,7,,31,A
367456430,2022-01-03T23:37:32,29.11486,-89.30105,0.0,268.9,511.0,CAPT WEBSTER,,WDF4843,31,0,19,7,,31,A
367456430,2022-01-03T22:14:12,29.11489,-89.30105,0.0,259.4,511.0,CAPT WEBSTER,,WDF4843,31,0,19,7,,31,A
367456430,2022-01-03T23:38:33,29.11485,-89.30107,0.0,274.2,511.0,CAPT WEBSTER,,WDF4843,31,0,19,7,,31,A
367456430,2022-01-03T22:55:01,29.11487,-89.30106,0.0,270.9,511.0,CAPT WEBSTER,,WDF4843,31,0,19,7,,31,A
367456430,2022-01-03T22:40:22,29.11486,-89.30104,0.0,270.8,511.0,CAPT WEBSTER,,WDF4843,31,0,19,7,,31,A
367456430,2022-01-03T22:33:11,29.11487,-89.30102,0.0,271.7,511.0,CAPT WEBSTER,,WDF4843,31,0,19,7,,31,A
367456430,2022-01-03T22:45:01,29.11488,-89.30104,0.0,271.7,511.0,CAPT WEBSTER,,WDF4843,31,0,19,7,,31,A
367456430,2022-01-03T22:34:21,29.11487,-89.30103,0.0,265.5,511.0,CAPT WEBSTER,,WDF4843,31,0,19,7,,31,A
367456430,2022-01-03T22:47:22,29.11487,-89.30103,0.0,265.2,511.0,CAPT WEBSTER,,WDF4843,31,0,19,7,,31,A
367456430,2022-01-03T22:35:41,29.11487,-89.30105,0.0,272.8,511.0,CAPT WEBSTER,,WDF4843,31,0,19,7,,31,A
367456430,2022-01-03T22:50:51,29.11488,-89.30106,0.0,270.7,511.0,CAPT WEBSTER,,WDF4843,31,0,19,7,,31,A
367456430,2022-01-03T22:39:11,29.11487,-89.30102,0.0,277.1,511.0,CAPT WEBSTER,,WDF4843,31,0,19,7,,31,A
367456430,2022-01-03T10:33:21,29.11489,-89.30106,0.0,271.7,511.0,CAPT WEBSTER,,WDF4843,31,0,19,7,,31,A
367456430,2022-01-03T22:28:22,29.11487,-89.30103,0.0,268.1,511.0,CAPT WEBSTER,,WDF4843,31,0,19,7,,31,A
367456430,2022-01-03T22:29:31,29.11487,-89.30102,0.0,260.1,511.0,CAPT WEBSTER,,WDF4843,31,0,19,7,,31,A
367456430,2022-01-03T22:42:41,29.11487,-89.30102,0.0,279.0,511.0,CAPT WEBSTER,,WDF4843,31,0,19,7,,31,A
367456430,2022-01-03T22:58:32,29.11489,-89.30105,0.0,284.7,511.0,CAPT WEBSTER,,WDF4843,31,0,19,7,,31,A
367456430,2022-01-03T22:43:52,29.11487,-89.30105,0.0,279.1,511.0,CAPT WEBSTER,,WDF4843,31,0,19,7,,31,A
367456430,2022-01-03T23:01:12,29.11489,-89.30108,0.0,274.3,511.0,CAPT WEBSTER,,WDF4843,31,0,19,7,,31,A
367456430,2022-01-03T23:59:12,29.11487,-89.30104,0.0,282.8,511.0,CAPT WEBSTER,,WDF4843,31,0,19,7,,31,A
367456430,2022-01-03T22:36:52,29.11487,-89.30104,0.0,280.4,511.0,CAPT WEBSTER,,WDF4843,31,0,19,7,,31,A
367456430,2022-01-03T22:38:02,29.11487,-89.30102,0.0,285.8,511.0,CAPT WEBSTER,,WDF4843,31,0,19,7,,31,A
367456430,2022-01-03T23:23:11,29.11486,-89.30103,0.0,272.7,511.0,CAPT WEBSTER,,WDF4843,31,0,19,7,,31,A
367456430,2022-01-03T23:09:21,29.11487,-89.30104,0.0,284.9,511.0,CAPT WEBSTER,,WDF4843,31,0,19,7,,31,A
367456430,2022-01-03T22:48:31,29.11489,-89.30105,0.0,268.2,511.0,CAPT WEBSTER,,WDF4843,31,0,19,7,,31,A
367456430,2022-01-03T23:18:12,29.11488,-89.30104,0.0,289.0,511.0,CAPT WEBSTER,,WDF4843,31,0,19,7,,31,A
367456430,2022-01-03T23:33:22,29.11487,-89.30103,0.0,276.7,511.0,CAPT WEBSTER,,WDF4843,31,0,19,7,,31,A
367456430,2022-01-03T22:53:51,29.11488,-89.30104,0.0,269.3,511.0,CAPT WEBSTER,,WDF4843,31,0,19,7,,31,A
367456430,2022-01-03T10:42:42,29.11489,-89.30103,0.0,271.9,511.0,CAPT WEBSTER,,WDF4843,31,0,19,7,,31,A
367456430,2022-01-03T22:56:11,29.11487,-89.30105,0.0,275.8,511.0,CAPT WEBSTER,,WDF4843,31,0,19,7,,31,A
367456430,2022-01-03T22:57:21,29.11488,-89.30104,0.0,280.1,511.0,CAPT WEBSTER,,WDF4843,31,0,19,7,,31,A
367456430,2022-01-03T23:12:22,29.11485,-89.30107,0.0,311.3,511.0,CAPT WEBSTER,,WDF4843,31,0,19,7,,31,A
367456430,2022-01-03T23:00:01,29.11490,-89.30109,0.0,282.5,511.0,CAPT WEBSTER,,WDF4843,31,0,19,7,,31,A
367456430,2022-01-03T23:40:51,29.11484,-89.30106,0.0,260.4,511.0,CAPT WEBSTER,,WDF4843,31,0,19,7,,31,A
367456430,2022-01-03T23:28:31,29.11486,-89.30103,0.0,272.1,511.0,CAPT WEBSTER,,WDF4843,31,0,19,7,,31,A
367456430,2022-01-03T23:14:42,29.11487,-89.30106,0.0,305.8,511.0,CAPT WEBSTER,,WDF4843,31,0,19,7,,31,A
367456430,2022-01-03T23:29:42,29.11486,-89.30105,0.0,281.5,511.0,CAPT WEBSTER,,WDF4843,31,0,19,7,,31,A
367456430,2022-01-03T23:02:21,29.11490,-89.30106,0.0,267.7,511.0,CAPT WEBSTER,,WDF4843,31,0,19,7,,31,A
367456430,2022-01-03T23:03:31,29.11489,-89.30105,0.0,273.3,511.0,CAPT WEBSTER,,WDF4843,31,0,19,7,,31,A
367456430,2022-01-03T23:32:02,29.11487,-89.30104,0.0,266.8,511.0,CAPT WEBSTER,,WDF4843,31,0,19,7,,31,A
367456430,2022-01-03T23:46:12,29.11486,-89.30102,0.0,285.2,511.0,CAPT WEBSTER,,WDF4843,31,0,19,7,,31,A
367456430,2022-01-03T23:36:21,29.11485,-89.30105,0.0,269.4,511.0,CAPT WEBSTER,,WDF4843,31,0,19,7,,31,A
367456430,2022-01-03T23:49:42,29.11487,-89.30103,0.0,287.2,511.0,CAPT WEBSTER,,WDF4843,31,0,19,7,,31,A
367456430,2022-01-03T23:04:42,29.11489,-89.30105,0.0,275.9,511.0,CAPT WEBSTER,,WDF4843,31,0,19,7,,31,A
367456430,2022-01-03T23:19:21,29.11487,-89.30103,0.0,282.0,511.0,CAPT WEBSTER,,WDF4843,31,0,19,7,,31,A
367456430,2022-01-03T23:39:42,29.11485,-89.30107,0.0,274.9,511.0,CAPT WEBSTER,,WDF4843,31,0,19,7,,31,A
367456430,2022-01-03T23:42:01,29.11485,-89.30105,0.0,257.6,511.0,CAPT WEBSTER,,WDF4843,31,0,19,7,,31,A
367456430,2022-01-03T23:53:21,29.11487,-89.30103,0.0,288.4,511.0,CAPT WEBSTER,,WDF4843,31,0,19,7,,31,A
367456430,2022-01-03T23:25:32,29.11485,-89.30104,0.0,271.7,511.0,CAPT WEBSTER,,WDF4843,31,0,19,7,,31,A
367456430,2022-01-03T23:55:42,29.11488,-89.30104,0.0,285.9,511.0,CAPT WEBSTER,,WDF4843,31,0,19,7,,31,A
367456430,2022-01-03T23:58:01,29.11487,-89.30102,0.0,286.2,511.0,CAPT WEBSTER,,WDF4843,31,0,19,7,,31,A
367456430,2022-01-03T10:53:12,29.11489,-89.30103,0.0,275.9,511.0,CAPT WEBSTER,,WDF4843,31,0,19,7,,31,A
367456430,2022-01-03T23:52:01,29.11487,-89.30103,0.0,283.3,511.0,CAPT WEBSTER,,WDF4843,31,0,19,7,,31,A
367456430,2022-01-03T23:21:42,29.11485,-89.30104,0.0,273.1,511.0,CAPT WEBSTER,,WDF4843,31,0,19,7,,31,A
367456430,2022-01-03T23:54:30,29.11487,-89.30103,0.0,289.7,511.0,CAPT WEBSTER,,WDF4843,31,0,19,7,,31,A
367456430,2022-01-03T23:26:42,29.11486,-89.30103,0.0,266.5,511.0,CAPT WEBSTER,,WDF4843,31,0,19,7,,31,A
367456430,2022-01-03T23:45:01,29.11485,-89.30103,0.0,282.7,511.0,CAPT WEBSTER,,WDF4843,31,0,19,7,,31,A
367456430,2022-01-03T23:48:31,29.11486,-89.30102,0.0,284.5,511.0,CAPT WEBSTER,,WDF4843,31,0,19,7,,31,A
367456430,2022-01-03T11:07:01,29.11487,-89.30103,0.0,279.6,511.0,CAPT WEBSTER,,WDF4843,31,0,19,7,,31,A
367456430,2022-01-03T11:09:21,29.11487,-89.30103,0.0,279.8,511.0,CAPT WEBSTER,,WDF4843,31,0,19,7,,31,A
367456430,2022-01-03T23:43:51,29.11485,-89.30104,0.0,272.8,511.0,CAPT WEBSTER,,WDF4843,31,0,19,7,,31,A
367456430,2022-01-03T23:50:52,29.11486,-89.30103,0.0,284.6,511.0,CAPT WEBSTER,,WDF4843,31,0,19,7,,31,A
367456430,2022-01-03T23:47:21,29.11486,-89.30102,0.0,281.8,511.0,CAPT WEBSTER,,WDF4843,31,0,19,7,,31,A
367456430,2022-01-03T11:14:11,29.11490,-89.30104,0.0,284.1,511.0,CAPT WEBSTER,,WDF4843,31,0,19,7,,31,A
367456430,2022-01-03T23:56:51,29.11487,-89.30102,0.0,285.6,511.0,CAPT WEBSTER,,WDF4843,31,0,19,7,,31,A
367456430,2022-01-03T11:27:51,29.11489,-89.30102,0.0,275.0,511.0,CAPT WEBSTER,,WDF4843,31,0,19,7,,31,A
367456430,2022-01-03T11:37:02,29.11488,-89.30104,0.0,289.9,511.0,CAPT WEBSTER,,WDF4843,31,0,19,7,,31,A
367456430,2022-01-03T11:40:31,29.11490,-89.30102,0.0,296.4,511.0,CAPT WEBSTER,,WDF4843,31,0,19,7,,31,A
367456430,2022-01-03T11:41:51,29.11490,-89.30103,0.0,297.7,511.0,CAPT WEBSTER,,WDF4843,31,0,19,7,,31,A
367456430,2022-01-03T11:43:02,29.11490,-89.30102,0.0,299.3,511.0,CAPT WEBSTER,,WDF4843,31,0,19,7,,31,A
367456430,2022-01-03T12:15:22,29.11485,-89.30102,0.0,266.5,511.0,CAPT WEBSTER,,WDF4843,31,0,19,7,,31,A
367456430,2022-01-03T12:22:11,29.11484,-89.30104,0.0,275.1,511.0,CAPT WEBSTER,,WDF4843,31,0,19,7,,31,A
367456430,2022-01-03T12:33:12,29.11487,-89.30102,0.0,288.1,511.0,CAPT WEBSTER,,WDF4843,31,0,19,7,,31,A
367456430,2022-01-03T12:43:02,29.11487,-89.30101,0.0,280.9,511.0,CAPT WEBSTER,,WDF4843,31,0,19,7,,31,A
367456430,2022-01-03T12:54:41,29.11488,-89.30103,0.0,234.3,511.0,CAPT WEBSTER,,WDF4843,31,0,19,7,,31,A
367456430,2022-01-03T13:02:12,29.11489,-89.30103,0.0,220.9,511.0,CAPT WEBSTER,,WDF4843,31,0,19,7,,31,A
367456430,2022-01-03T13:09:10,29.11489,-89.30104,0.0,221.4,511.0,CAPT WEBSTER,,WDF4843,31,0,19,7,,31,A
367456430,2022-01-03T13:14:52,29.11488,-89.30104,0.0,216.0,511.0,CAPT WEBSTER,,WDF4843,31,0,19,7,,31,A
367456430,2022-01-03T13:16:02,29.11488,-89.30103,0.0,218.3,511.0,CAPT WEBSTER,,WDF4843,31,0,19,7,,31,A
367456430,2022-01-03T13:51:31,29.11490,-89.30105,0.0,262.1,511.0,CAPT WEBSTER,,WDF4843,31,0,19,7,,31,A
367456430,2022-01-03T13:57:52,29.11487,-89.30106,0.0,289.8,511.0,CAPT WEBSTER,,WDF4843,31,0,19,7,,31,A
367456430,2022-01-03T14:10:11,29.11488,-89.30107,0.0,280.2,511.0,CAPT WEBSTER,,WDF4843,31,0,19,7,,31,A
367456430,2022-01-03T14:15:01,29.11488,-89.30110,0.1,270.3,511.0,CAPT WEBSTER,,WDF4843,31,0,19,7,,31,A
367456430,2022-01-03T14:18:32,29.11489,-89.30107,0.0,264.3,511.0,CAPT WEBSTER,,WDF4843,31,0,19,7,,31,A
367456430,2022-01-03T14:26:42,29.11484,-89.30109,0.0,298.4,511.0,CAPT WEBSTER,,WDF4843,31,0,19,7,,31,A
367456430,2022-01-03T14:52:01,29.11489,-89.30104,0.0,233.6,511.0,CAPT WEBSTER,,WDF4843,31,0,19,7,,31,A
367456430,2022-01-03T14:57:51,29.11488,-89.30103,0.0,232.7,511.0,CAPT WEBSTER,,WDF4843,31,0,19,7,,31,A
367456430,2022-01-03T15:02:21,29.11489,-89.30105,0.0,230.8,511.0,CAPT WEBSTER,,WDF4843,31,0,19,7,,31,A
367456430,2022-01-03T15:12:51,29.11487,-89.30106,0.0,242.5,511.0,CAPT WEBSTER,,WDF4843,31,0,19,7,,31,A
367456430,2022-01-03T15:15:11,29.11487,-89.30107,0.0,255.5,511.0,CAPT WEBSTER,,WDF4843,31,0,19,7,,31,A
367456430,2022-01-03T15:22:32,29.11486,-89.30103,0.0,251.1,511.0,CAPT WEBSTER,,WDF4843,31,0,19,7,,31,A
367456430,2022-01-03T15:27:11,29.11490,-89.30102,0.0,247.1,511.0,CAPT WEBSTER,,WDF4843,31,0,19,7,,31,A
367456430,2022-01-03T15:40:52,29.11489,-89.30104,0.0,241.0,511.0,CAPT WEBSTER,,WDF4843,31,0,19,7,,31,A
367456430,2022-01-03T15:45:30,29.11489,-89.30102,0.0,234.4,511.0,CAPT WEBSTER,,WDF4843,31,0,19,7,,31,A
367456430,2022-01-03T16:16:40,29.11487,-89.30104,0.0,239.1,511.0,CAPT WEBSTER,,WDF4843,31,0,19,7,,31,A
367456430,2022-01-03T16:31:21,29.11486,-89.30102,0.0,219.9,511.0,CAPT WEBSTER,,WDF4843,31,0,19,7,,31,A
367456430,2022-01-03T16:42:42,29.11488,-89.30103,0.0,236.6,511.0,CAPT WEBSTER,,WDF4843,31,0,19,7,,31,A
367456430,2022-01-03T16:56:32,29.11487,-89.30103,0.0,270.6,511.0,CAPT WEBSTER,,WDF4843,31,0,19,7,,31,A
367456430,2022-01-03T17:00:01,29.11485,-89.30100,0.0,266.1,511.0,CAPT WEBSTER,,WDF4843,31,0,19,7,,31,A
367456430,2022-01-03T17:38:31,29.11489,-89.30107,0.0,292.0,511.0,CAPT WEBSTER,,WDF4843,31,0,19,7,,31,A
367456430,2022-01-03T18:01:12,29.11485,-89.30107,0.0,213.0,511.0,CAPT WEBSTER,,WDF4843,31,0,19,7,,31,A
367456430,2022-01-03T18:06:52,29.11487,-89.30106,0.0,225.4,511.0,CAPT WEBSTER,,WDF4843,31,0,19,7,,31,A
367456430,2022-01-03T18:17:31,29.11487,-89.30106,0.0,224.5,511.0,CAPT WEBSTER,,WDF4843,31,0,19,7,,31,A
367456430,2022-01-03T18:19:42,29.11484,-89.30108,0.0,225.0,511.0,CAPT WEBSTER,,WDF4843,31,0,19,7,,31,A
367456430,2022-01-03T18:20:51,29.11485,-89.30111,0.0,221.4,511.0,CAPT WEBSTER,,WDF4843,31,0,19,7,,31,A
367456430,2022-01-03T18:47:11,29.11487,-89.30106,0.0,130.1,511.0,CAPT WEBSTER,,WDF4843,31,0,19,7,,31,A
367456430,2022-01-03T18:57:32,29.11488,-89.30102,0.0,231.9,511.0,CAPT WEBSTER,,WDF4843,31,0,19,7,,31,A
367456430,2022-01-03T19:01:12,29.11488,-89.30102,0.1,238.6,511.0,CAPT WEBSTER,,WDF4843,31,0,19,7,,31,A
367456430,2022-01-03T19:14:12,29.11488,-89.30102,0.0,224.6,511.0,CAPT WEBSTER,,WDF4843,31,0,19,7,,31,A
367456430,2022-01-03T19:29:01,29.11486,-89.30103,0.0,221.8,511.0,CAPT WEBSTER,,WDF4843,31,0,19,7,,31,A
367456430,2022-01-03T19:35:01,29.11489,-89.30103,0.0,290.0,511.0,CAPT WEBSTER,,WDF4843,31,0,19,7,,31,A
367456430,2022-01-03T19:40:51,29.11487,-89.30101,0.0,220.4,511.0,CAPT WEBSTER,,WDF4843,31,0,19,7,,31,A
367456430,2022-01-03T19:55:41,29.11489,-89.30105,0.0,290.2,511.0,CAPT WEBSTER,,WDF4843,31,0,19,7,,31,A
367456430,2022-01-03T20:09:22,29.11480,-89.30115,0.0,311.1,511.0,CAPT WEBSTER,,WDF4843,31,0,19,7,,31,A
367456430,2022-01-03T20:11:41,29.11478,-89.30116,0.0,337.9,511.0,CAPT WEBSTER,,WDF4843,31,0,19,7,,31,A
367456430,2022-01-03T20:18:42,29.11486,-89.30104,0.0,310.3,511.0,CAPT WEBSTER,,WDF4843,31,0,19,7,,31,A
367456430,2022-01-03T20:22:12,29.11488,-89.30106,0.0,301.2,511.0,CAPT WEBSTER,,WDF4843,31,0,19,7,,31,A
367456430,2022-01-03T20:30:51,29.11487,-89.30102,0.0,284.3,511.0,CAPT WEBSTER,,WDF4843,31,0,19,7,,31,A
367456430,2022-01-03T20:33:12,29.11488,-89.30104,0.0,290.3,511.0,CAPT WEBSTER,,WDF4843,31,0,19,7,,31,A
367456430,2022-01-03T20:41:32,29.11488,-89.30105,0.0,285.8,511.0,CAPT WEBSTER,,WDF4843,31,0,19,7,,31,A
367456430,2022-01-03T21:04:22,29.11491,-89.30102,0.0,293.1,511.0,CAPT WEBSTER,,WDF4843,31,0,19,7,,31,A
367456430,2022-01-03T21:07:52,29.11489,-89.30103,0.0,265.1,511.0,CAPT WEBSTER,,WDF4843,31,0,19,7,,31,A
367456430,2022-01-03T21:10:11,29.11486,-89.30105,0.0,257.7,511.0,CAPT WEBSTER,,WDF4843,31,0,19,7,,31,A
367456430,2022-01-03T21:12:32,29.11490,-89.30101,0.0,259.7,511.0,CAPT WEBSTER,,WDF4843,31,0,19,7,,31,A
367456430,2022-01-03T21:20:22,29.11477,-89.30118,0.0,267.6,511.0,CAPT WEBSTER,,WDF4843,31,0,19,7,,31,A
367456430,2022-01-03T21:21:31,29.11484,-89.30107,0.0,281.9,511.0,CAPT WEBSTER,,WDF4843,31,0,19,7,,31,A
367456430,2022-01-03T21:27:21,29.11485,-89.30105,0.0,260.5,511.0,CAPT WEBSTER,,WDF4843,31,0,19,7,,31,A
367456430,2022-01-03T21:29:52,29.11487,-89.30104,0.0,248.6,511.0,CAPT WEBSTER,,WDF4843,31,0,19,7,,31,A
367456430,2022-01-03T21:42:32,29.11486,-89.30106,0.0,271.8,511.0,CAPT WEBSTER,,WDF4843,31,0,19,7,,31,A
367456430,2022-01-03T22:06:02,29.11489,-89.30101,0.0,269.4,511.0,CAPT WEBSTER,,WDF4843,31,0,19,7,,31,A
367456430,2022-01-03T22:13:02,29.11489,-89.30105,0.0,250.5,511.0,CAPT WEBSTER,,WDF4843,31,0,19,7,,31,A
367456430,2022-01-03T22:15:22,29.11488,-89.30103,0.0,259.1,511.0,CAPT WEBSTER,,WDF4843,31,0,19,7,,31,A
367456430,2022-01-03T22:23:42,29.11485,-89.30110,0.0,252.3,511.0,CAPT WEBSTER,,WDF4843,31,0,19,7,,31,A
367456430,2022-01-03T22:49:42,29.11489,-89.30104,0.0,274.3,511.0,CAPT WEBSTER,,WDF4843,31,0,19,7,,31,A
367456430,2022-01-03T22:59:41,29.11490,-89.30108,0.0,283.6,511.0,CAPT WEBSTER,,WDF4843,31,0,19,7,,31,A
367456430,2022-01-03T23:08:12,29.11487,-89.30105,0.0,280.4,511.0,CAPT WEBSTER,,WDF4843,31,0,19,7,,31,A
367456430,2022-01-03T23:13:31,29.11486,-89.30106,0.0,313.6,511.0,CAPT WEBSTER,,WDF4843,31,0,19,7,,31,A
367456430,2022-01-03T23:15:52,29.11487,-89.30105,0.0,290.9,511.0,CAPT WEBSTER,,WDF4843,31,0,19,7,,31,A
367456430,2022-01-03T23:17:01,29.11487,-89.30105,0.0,289.4,511.0,CAPT WEBSTER,,WDF4843,31,0,19,7,,31,A
367456430,2022-01-04T00:00:01,29.11487,-89.30105,0.0,286.3,511.0,CAPT WEBSTER,,WDF4843,31,0,19,7,,31,A
367456430,2022-01-04T00:01:12,29.11487,-89.30105,0.0,291.8,511.0,CAPT WEBSTER,,WDF4843,31,0,19,7,,31,A
367456430,2022-01-04T00:02:22,29.11487,-89.30105,0.0,291.7,511.0,CAPT WEBSTER,,WDF4843,31,0,19,7,,31,A
367456430,2022-01-04T00:03:31,29.11486,-89.30103,0.0,287.0,511.0,CAPT WEBSTER,,WDF4843,31,0,19,7,,31,A
367456430,2022-01-04T00:04:42,29.11486,-89.30102,0.0,283.6,511.0,CAPT WEBSTER,,WDF4843,31,0,19,7,,31,A
367456430,2022-01-04T00:06:02,29.11487,-89.30104,0.0,288.4,511.0,CAPT WEBSTER,,WDF4843,31,0,19,7,,31,A
367456430,2022-01-04T00:09:42,29.11488,-89.30103,0.0,294.0,511.0,CAPT WEBSTER,,WDF4843,31,0,19,7,,31,A
367456430,2022-01-04T00:07:11,29.11488,-89.30106,0.0,291.8,511.0,CAPT WEBSTER,,WDF4843,31,0,19,7,,31,A
367456430,2022-01-04T00:08:22,29.11488,-89.30105,0.0,293.7,511.0,CAPT WEBSTER,,WDF4843,31,0,19,7,,31,A
367456430,2022-01-04T00:10:51,29.11486,-89.30102,0.0,293.1,511.0,CAPT WEBSTER,,WDF4843,31,0,19,7,,31,A
367456430,2022-01-04T00:14:22,29.11486,-89.30104,0.0,301.1,511.0,CAPT WEBSTER,,WDF4843,31,0,19,7,,31,A
367456430,2022-01-04T00:13:12,29.11485,-89.30103,0.0,295.8,511.0,CAPT WEBSTER,,WDF4843,31,0,19,7,,31,A
367456430,2022-01-04T00:12:02,29.11484,-89.30103,0.0,293.2,511.0,CAPT WEBSTER,,WDF4843,31,0,19,7,,31,A
367456430,2022-01-04T00:15:31,29.11483,-89.30106,0.0,293.7,511.0,CAPT WEBSTER,,WDF4843,31,0,19,7,,31,A
367456430,2022-01-04T00:18:21,29.11487,-89.30105,0.0,260.5,511.0,CAPT WEBSTER,,WDF4843,31,0,19,7,,31,A
367456430,2022-01-04T00:16:42,29.11487,-89.30106,0.0,277.9,511.0,CAPT WEBSTER,,WDF4843,31,0,19,7,,31,A
367456430,2022-01-04T00:19:31,29.11487,-89.30105,0.0,253.1,511.0,CAPT WEBSTER,,WDF4843,31,0,19,7,,31,A
367456430,2022-01-04T00:20:42,29.11489,-89.30103,0.0,245.9,511.0,CAPT WEBSTER,,WDF4843,31,0,19,7,,31,A
367456430,2022-01-04T00:21:52,29.11491,-89.30102,0.0,245.7,511.0,CAPT WEBSTER,,WDF4843,31,0,19,7,,31,A
367456430,2022-01-04T00:25:21,29.11485,-89.30104,0.0,239.9,511.0,CAPT WEBSTER,,WDF4843,31,0,19,7,,31,A
367456430,2022-01-04T00:26:30,29.11487,-89.30103,0.0,237.9,511.0,CAPT WEBSTER,,WDF4843,31,0,19,7,,31,A
367456430,2022-01-04T00:23:02,29.11484,-89.30105,0.0,243.8,511.0,CAPT WEBSTER,,WDF4843,31,0,19,7,,31,A
367456430,2022-01-04T00:24:11,29.11486,-89.30105,0.0,244.2,511.0,CAPT WEBSTER,,WDF4843,31,0,19,7,,31,A
367456430,2022-01-04T00:28:42,29.11486,-89.30106,0.0,239.5,511.0,CAPT WEBSTER,,WDF4843,31,0,19,7,,31,A
367456430,2022-01-04T00:39:21,29.11485,-89.30106,0.0,222.2,511.0,CAPT WEBSTER,,WDF4843,31,0,19,7,,31,A
367456430,2022-01-04T00:29:51,29.11489,-89.30105,0.0,240.1,511.0,CAPT WEBSTER,,WDF4843,31,0,19,7,,31,A
367456430,2022-01-04T00:27:31,29.11487,-89.30104,0.0,236.7,511.0,CAPT WEBSTER,,WDF4843,31,0,19,7,,31,A
367456430,2022-01-04T00:32:12,29.11485,-89.30104,0.0,232.9,511.0,CAPT WEBSTER,,WDF4843,31,0,19,7,,31,A
367456430,2022-01-04T00:34:32,29.11485,-89.30105,0.0,228.9,511.0,CAPT WEBSTER,,WDF4843,31,0,19,7,,31,A
367456430,2022-01-04T00:35:41,29.11486,-89.30105,0.0,229.7,511.0,CAPT WEBSTER,,WDF4843,31,0,19,7,,31,A
367456430,2022-01-04T00:33:22,29.11485,-89.30106,0.0,227.6,511.0,CAPT WEBSTER,,WDF4843,31,0,19,7,,31,A
367456430,2022-01-04T00:38:12,29.11483,-89.30108,0.0,221.7,511.0,CAPT WEBSTER,,WDF4843,31,0,19,7,,31,A
367456430,2022-01-04T00:40:31,29.11483,-89.30109,0.0,223.1,511.0,CAPT WEBSTER,,WDF4843,31,0,19,7,,31,A
367456430,2022-01-04T00:31:02,29.11488,-89.30106,0.0,240.8,511.0,CAPT WEBSTER,,WDF4843,31,0,19,7,,31,A
367456430,2022-01-04T00:45:12,29.11485,-89.30105,0.0,227.4,511.0,CAPT WEBSTER,,WDF4843,31,0,19,7,,31,A
367456430,2022-01-04T00:42:51,29.11487,-89.30100,0.0,217.6,511.0,CAPT WEBSTER,,WDF4843,31,0,19,7,,31,A
367456430,2022-01-04T00:48:51,29.11485,-89.30106,0.0,242.6,511.0,CAPT WEBSTER,,WDF4843,31,0,19,7,,31,A
367456430,2022-01-04T00:44:01,29.11485,-89.30105,0.0,223.2,511.0,CAPT WEBSTER,,WDF4843,31,0,19,7,,31,A
367456430,2022-01-04T00:59:12,29.11487,-89.30105,0.0,219.4,511.0,CAPT WEBSTER,,WDF4843,31,0,19,7,,31,A
367456430,2022-01-04T00:37:02,29.11483,-89.30108,0.0,226.8,511.0,CAPT WEBSTER,,WDF4843,31,0,19,7,,31,A
367456430,2022-01-04T00:52:21,29.11486,-89.30105,0.0,221.3,511.0,CAPT WEBSTER,,WDF4843,31,0,19,7,,31,A
367456430,2022-01-04T00:50:01,29.11483,-89.30110,0.0,232.3,511.0,CAPT WEBSTER,,WDF4843,31,0,19,7,,31,A
367456430,2022-01-04T00:51:11,29.11485,-89.30107,0.0,225.8,511.0,CAPT WEBSTER,,WDF4843,31,0,19,7,,31,A
367456430,2022-01-04T00:53:31,29.11485,-89.30105,0.0,219.2,511.0,CAPT WEBSTER,,WDF4843,31,0,19,7,,31,A
367456430,2022-01-04T01:03:32,29.11487,-89.30103,0.0,222.5,511.0,CAPT WEBSTER,,WDF4843,31,0,19,7,,31,A
367456430,2022-01-04T00:57:00,29.11485,-89.30104,0.0,217.1,511.0,CAPT WEBSTER,,WDF4843,31,0,19,7,,31,A
367456430,2022-01-04T00:47:41,29.11483,-89.30109,0.0,240.7,511.0,CAPT WEBSTER,,WDF4843,31,0,19,7,,31,A
367456430,2022-01-04T00:41:42,29.11485,-89.30104,0.0,217.7,511.0,CAPT WEBSTER,,WDF4843,31,0,19,7,,31,A
367456430,2022-01-04T00:58:01,29.11485,-89.30105,0.0,213.0,511.0,CAPT WEBSTER,,WDF4843,31,0,19,7,,31,A
367456430,2022-01-04T00:55:51,29.11486,-89.30106,0.0,233.1,511.0,CAPT WEBSTER,,WDF4843,31,0,19,7,,31,A
367456430,2022-01-04T01:10:51,29.11487,-89.30102,0.0,232.4,511.0,CAPT WEBSTER,,WDF4843,31,0,19,7,,31,A
367456430,2022-01-04T01:02:22,29.11487,-89.30102,0.0,225.8,511.0,CAPT WEBSTER,,WDF4843,31,0,19,7,,31,A
367456430,2022-01-04T00:46:32,29.11486,-89.30104,0.0,237.5,511.0,CAPT WEBSTER,,WDF4843,31,0,19,7,,31,A
367456430,2022-01-04T01:01:12,29.11487,-89.30105,0.0,217.5,511.0,CAPT WEBSTER,,WDF4843,31,0,19,7,,31,A
367456430,2022-01-04T01:04:42,29.11485,-89.30102,0.0,219.4,511.0,CAPT WEBSTER,,WDF4843,31,0,19,7,,31,A
367456430,2022-01-04T01:07:22,29.11486,-89.30102,0.0,227.5,511.0,CAPT WEBSTER,,WDF4843,31,0,19,7,,31,A
367456430,2022-01-04T01:00:01,29.11487,-89.30105,0.0,220.5,511.0,CAPT WEBSTER,,WDF4843,31,0,19,7,,31,A
367456430,2022-01-04T01:18:01,29.11486,-89.30103,0.0,231.9,511.0,CAPT WEBSTER,,WDF4843,31,0,19,7,,31,A
367456430,2022-01-04T01:13:11,29.11488,-89.30102,0.0,222.7,511.0,CAPT WEBSTER,,WDF4843,31,0,19,7,,31,A
367456430,2022-01-04T00:54:42,29.11485,-89.30105,0.0,235.1,511.0,CAPT WEBSTER,,WDF4843,31,0,19,7,,31,A
367456430,2022-01-04T01:26:02,29.11486,-89.30105,0.0,251.9,511.0,CAPT WEBSTER,,WDF4843,31,0,19,7,,31,A
367456430,2022-01-04T01:15:22,29.11487,-89.30105,0.0,236.4,511.0,CAPT WEBSTER,,WDF4843,31,0,19,7,,31,A
367456430,2022-01-04T01:27:12,29.11487,-89.30105,0.0,251.7,511.0,CAPT WEBSTER,,WDF4843,31,0,19,7,,31,A
367456430,2022-01-04T01:16:31,29.11488,-89.30102,0.0,228.8,511.0,CAPT WEBSTER,,WDF4843,31,0,19,7,,31,A
367456430,2022-01-04T01:12:01,29.11488,-89.30103,0.0,231.2,511.0,CAPT WEBSTER,,WDF4843,31,0,19,7,,31,A
367456430,2022-01-04T01:35:32,29.11488,-89.30105,0.0,259.2,511.0,CAPT WEBSTER,,WDF4843,31,0,19,7,,31,A
367456430,2022-01-04T01:19:11,29.11486,-89.30102,0.0,241.7,511.0,CAPT WEBSTER,,WDF4843,31,0,19,7,,31,A
367456430,2022-01-04T01:23:42,29.11486,-89.30106,0.0,243.8,511.0,CAPT WEBSTER,,WDF4843,31,0,19,7,,31,A
367456430,2022-01-04T01:20:21,29.11488,-89.30101,0.0,249.7,511.0,CAPT WEBSTER,,WDF4843,31,0,19,7,,31,A
367456430,2022-01-04T01:21:31,29.11486,-89.30104,0.0,241.5,511.0,CAPT WEBSTER,,WDF4843,31,0,19,7,,31,A
367456430,2022-01-04T01:05:51,29.11487,-89.30103,0.0,221.4,511.0,CAPT WEBSTER,,WDF4843,31,0,19,7,,31,A
367456430,2022-01-04T01:39:21,29.11487,-89.30103,0.0,245.5,511.0,CAPT WEBSTER,,WDF4843,31,0,19,7,,31,A
367456430,2022-01-04T01:08:31,29.11486,-89.30103,0.0,225.0,511.0,CAPT WEBSTER,,WDF4843,31,0,19,7,,31,A
367456430,2022-01-04T01:09:41,29.11486,-89.30102,0.0,229.6,511.0,CAPT WEBSTER,,WDF4843,31,0,19,7,,31,A
367456430,2022-01-04T01:32:01,29.11486,-89.30102,0.0,247.9,511.0,CAPT WEBSTER,,WDF4843,31,0,19,7,,31,A
367456430,2022-01-04T01:22:32,29.11486,-89.30103,0.0,238.9,511.0,CAPT WEBSTER,,WDF4843,31,0,19,7,,31,A
367456430,2022-01-04T01:28:22,29.11486,-89.30103,0.0,255.2,511.0,CAPT WEBSTER,,WDF4843,31,0,19,7,,31,A
367456430,2022-01-04T01:47:32,29.11489,-89.30104,0.0,250.5,511.0,CAPT WEBSTER,,WDF4843,31,0,19,7,,31,A
367456430,2022-01-04T01:24:51,29.11486,-89.30104,0.0,256.1,511.0,CAPT WEBSTER,,WDF4843,31,0,19,7,,31,A
367456430,2022-01-04T01:29:31,29.11486,-89.30101,0.0,242.4,511.0,CAPT WEBSTER,,WDF4843,31,0,19,7,,31,A
367456430,2022-01-04T01:30:51,29.11487,-89.30102,0.0,245.3,511.0,CAPT WEBSTER,,WDF4843,31,0,19,7,,31,A
367456430,2022-01-04T01:42:51,29.11486,-89.30100,0.0,242.6,511.0,CAPT WEBSTER,,WDF4843,31,0,19,7,,31,A
367456430,2022-01-04T01:14:21,29.11487,-89.30102,0.0,228.8,511.0,CAPT WEBSTER,,WDF4843,31,0,19,7,,31,A
367456430,2022-01-04T01:52:32,29.11486,-89.30104,0.0,262.4,511.0,CAPT WEBSTER,,WDF4843,31,0,19,7,,31,A
367456430,2022-01-04T01:36:51,29.11488,-89.30106,0.0,262.1,511.0,CAPT WEBSTER,,WDF4843,31,0,19,7,,31,A
367456430,2022-01-04T01:40:32,29.11486,-89.30104,0.0,242.5,511.0,CAPT WEBSTER,,WDF4843,31,0,19,7,,31,A
367456430,2022-01-04T01:41:41,29.11488,-89.30105,0.0,250.5,511.0,CAPT WEBSTER,,WDF4843,31,0,19,7,,31,A
367456430,2022-01-04T01:46:22,29.11488,-89.30103,0.0,245.2,511.0,CAPT WEBSTER,,WDF4843,31,0,19,7,,31,A
367456430,2022-01-04T01:57:22,29.11484,-89.30105,0.0,270.1,511.0,CAPT WEBSTER,,WDF4843,31,0,19,7,,31,A
367456430,2022-01-04T01:48:41,29.11490,-89.30104,0.0,263.0,511.0,CAPT WEBSTER,,WDF4843,31,0,19,7,,31,A
367456430,2022-01-04T01:45:11,29.11487,-89.30103,0.0,248.7,511.0,CAPT WEBSTER,,WDF4843,31,0,19,7,,31,A
367456430,2022-01-04T01:44:01,29.11487,-89.30102,0.0,239.0,511.0,CAPT WEBSTER,,WDF4843,31,0,19,7,,31,A
367456430,2022-01-04T02:03:31,29.11487,-89.30105,0.0,306.1,511.0,CAPT WEBSTER,,WDF4843,31,0,19,7,,31,A
367456430,2022-01-04T02:04:42,29.11486,-89.30104,0.0,306.3,511.0,CAPT WEBSTER,,WDF4843,31,0,19,7,,31,A
367456430,2022-01-04T01:54:52,29.11485,-89.30105,0.0,230.9,511.0,CAPT WEBSTER,,WDF4843,31,0,19,7,,31,A
367456430,2022-01-04T01:56:12,29.11484,-89.30104,0.0,247.3,511.0,CAPT WEBSTER,,WDF4843,31,0,19,7,,31,A
367456430,2022-01-04T01:51:22,29.11487,-89.30104,0.0,264.8,511.0,CAPT WEBSTER,,WDF4843,31,0,19,7,,31,A
367456430,2022-01-04T01:58:31,29.11486,-89.30106,0.0,295.4,511.0,CAPT WEBSTER,,WDF4843,31,0,19,7,,31,A
367456430,2022-01-04T02:14:01,29.11487,-89.30104,0.0,279.6,511.0,CAPT WEBSTER,,WDF4843,31,0,19,7,,31,A
367456430,2022-01-04T01:53:42,29.11486,-89.30104,0.0,245.5,511.0,CAPT WEBSTER,,WDF4843,31,0,19,7,,31,A
367456430,2022-01-04T02:01:12,29.11484,-89.30109,0.0,304.2,511.0,CAPT WEBSTER,,WDF4843,31,0,19,7,,31,A
367456430,2022-01-04T02:07:11,29.11486,-89.30104,0.0,302.6,511.0,CAPT WEBSTER,,WDF4843,31,0,19,7,,31,A
367456430,2022-01-04T02:02:22,29.11485,-89.30107,0.0,307.7,511.0,CAPT WEBSTER,,WDF4843,31,0,19,7,,31,A
367456430,2022-01-04T02:19:42,29.11487,-89.30103,0.0,282.6,511.0,CAPT WEBSTER,,WDF4843,31,0,19,7,,31,A
367456430,2022-01-04T01:33:11,29.11487,-89.30104,0.0,245.8,511.0,CAPT WEBSTER,,WDF4843,31,0,19,7,,31,A
367456430,2022-01-04T02:23:32,29.11487,-89.30105,0.0,282.3,511.0,CAPT WEBSTER,,WDF4843,31,0,19,7,,31,A
367456430,2022-01-04T02:00:02,29.11484,-89.30110,0.0,303.0,511.0,CAPT WEBSTER,,WDF4843,31,0,19,7,,31,A
367456430,2022-01-04T01:59:42,29.11484,-89.30108,0.0,303.9,511.0,CAPT WEBSTER,,WDF4843,31,0,19,7,,31,A
367456430,2022-01-04T02:08:12,29.11487,-89.30102,0.0,294.3,511.0,CAPT WEBSTER,,WDF4843,31,0,19,7,,31,A
367456430,2022-01-04T01:34:31,29.11487,-89.30104,0.0,249.6,511.0,CAPT WEBSTER,,WDF4843,31,0,19,7,,31,A
367456430,2022-01-04T02:10:32,29.11487,-89.30102,0.1,285.9,511.0,CAPT WEBSTER,,WDF4843,31,0,19,7,,31,A
367456430,2022-01-04T02:11:42,29.11486,-89.30103,0.0,282.9,511.0,CAPT WEBSTER,,WDF4843,31,0,19,7,,31,A
367456430,2022-01-04T02:28:12,29.11487,-89.30104,0.0,286.4,511.0,CAPT WEBSTER,,WDF4843,31,0,19,7,,31,A
367456430,2022-01-04T02:15:12,29.11488,-89.30103,0.1,286.4,511.0,CAPT WEBSTER,,WDF4843,31,0,19,7,,31,A
367456430,2022-01-04T02:17:22,29.11488,-89.30103,0.0,284.5,511.0,CAPT WEBSTER,,WDF4843,31,0,19,7,,31,A
367456430,2022-01-04T02:12:52,29.11487,-89.30103,0.0,283.5,511.0,CAPT WEBSTER,,WDF4843,31,0,19,7,,31,A
367456430,2022-01-04T01:38:11,29.11487,-89.30105,0.0,254.9,511.0,CAPT WEBSTER,,WDF4843,31,0,19,7,,31,A
367456430,2022-01-04T02:05:51,29.11486,-89.30106,0.0,305.9,511.0,CAPT WEBSTER,,WDF4843,31,0,19,7,,31,A
367456430,2022-01-04T02:20:52,29.11488,-89.30102,0.0,292.0,511.0,CAPT WEBSTER,,WDF4843,31,0,19,7,,31,A
367456430,2022-01-04T02:09:21,29.11487,-89.30102,0.0,288.0,511.0,CAPT WEBSTER,,WDF4843,31,0,19,7,,31,A
367456430,2022-01-04T02:29:22,29.11488,-89.30103,0.0,275.0,511.0,CAPT WEBSTER,,WDF4843,31,0,19,7,,31,A
367456430,2022-01-04T02:16:21,29.11489,-89.30104,0.0,293.4,511.0,CAPT WEBSTER,,WDF4843,31,0,19,7,,31,A
367456430,2022-01-04T02:34:21,29.11487,-89.30102,0.0,260.4,511.0,CAPT WEBSTER,,WDF4843,31,0,19,7,,31,A
367456430,2022-01-04T02:24:42,29.11485,-89.30110,0.0,275.6,511.0,CAPT WEBSTER,,WDF4843,31,0,19,7,,31,A
367456430,2022-01-04T02:30:51,29.11487,-89.30102,0.0,264.0,511.0,CAPT WEBSTER,,WDF4843,31,0,19,7,,31,A
367456430,2022-01-04T02:18:31,29.11488,-89.30103,0.0,279.6,511.0,CAPT WEBSTER,,WDF4843,31,0,19,7,,31,A
367456430,2022-01-04T02:22:21,29.11489,-89.30103,0.0,284.0,511.0,CAPT WEBSTER,,WDF4843,31,0,19,7,,31,A
367456430,2022-01-04T02:37:51,29.11487,-89.30102,0.0,278.2,511.0,CAPT WEBSTER,,WDF4843,31,0,19,7,,31,A
367456430,2022-01-04T02:36:42,29.11486,-89.30102,0.0,270.0,511.0,CAPT WEBSTER,,WDF4843,31,0,19,7,,31,A
367456430,2022-01-04T02:25:52,29.11485,-89.30106,0.0,269.2,511.0,CAPT WEBSTER,,WDF4843,31,0,19,7,,31,A
367456430,2022-01-04T02:27:01,29.11486,-89.30105,0.0,278.2,511.0,CAPT WEBSTER,,WDF4843,31,0,19,7,,31,A
367456430,2022-01-04T02:57:32,29.11488,-89.30103,0.0,298.6,511.0,CAPT WEBSTER,,WDF4843,31,0,19,7,,31,A
367456430,2022-01-04T02:43:42,29.11488,-89.30105,0.0,278.5,511.0,CAPT WEBSTER,,WDF4843,31,0,19,7,,31,A
367456430,2022-01-04T02:44:52,29.11487,-89.30103,0.0,263.5,511.0,CAPT WEBSTER,,WDF4843,31,0,19,7,,31,A
367456430,2022-01-04T01:50:12,29.11489,-89.30105,0.0,267.7,511.0,CAPT WEBSTER,,WDF4843,31,0,19,7,,31,A
367456430,2022-01-04T02:33:12,29.11486,-89.30102,0.0,255.6,511.0,CAPT WEBSTER,,WDF4843,31,0,19,7,,31,A
367456430,2022-01-04T02:53:02,29.11488,-89.30105,0.0,290.9,511.0,CAPT WEBSTER,,WDF4843,31,0,19,7,,31,A
367456430,2022-01-04T02:40:12,29.11488,-89.30103,0.0,266.7,511.0,CAPT WEBSTER,,WDF4843,31,0,19,7,,31,A
367456430,2022-01-04T02:56:22,29.11486,-89.30104,0.0,291.5,511.0,CAPT WEBSTER,,WDF4843,31,0,19,7,,31,A
367456430,2022-01-04T02:46:02,29.11488,-89.30102,0.0,257.4,511.0,CAPT WEBSTER,,WDF4843,31,0,19,7,,31,A
367456430,2022-01-04T02:47:12,29.11488,-89.30102,0.0,263.4,511.0,CAPT WEBSTER,,WDF4843,31,0,19,7,,31,A
367456430,2022-01-04T03:03:31,29.11489,-89.30104,0.0,296.3,511.0,CAPT WEBSTER,,WDF4843,31,0,19,7,,31,A
367456430,2022-01-04T03:00:02,29.11486,-89.30107,0.0,299.4,511.0,CAPT WEBSTER,,WDF4843,31,0,19,7,,31,A
367456430,2022-01-04T03:05:52,29.11488,-89.30105,0.0,288.4,511.0,CAPT WEBSTER,,WDF4843,31,0,19,7,,31,A
367456430,2022-01-04T03:07:02,29.11491,-89.30102,0.0,289.7,511.0,CAPT WEBSTER,,WDF4843,31,0,19,7,,31,A
367456430,2022-01-04T02:41:22,29.11488,-89.30103,0.0,266.3,511.0,CAPT WEBSTER,,WDF4843,31,0,19,7,,31,A
367456430,2022-01-04T03:04:41,29.11488,-89.30106,0.0,294.6,511.0,CAPT WEBSTER,,WDF4843,31,0,19,7,,31,A
367456430,2022-01-04T02:42:32,29.11488,-89.30104,0.0,272.9,511.0,CAPT WEBSTER,,WDF4843,31,0,19,7,,31,A
367456430,2022-01-04T03:11:41,29.11487,-89.30103,0.0,313.6,511.0,CAPT WEBSTER,,WDF4843,31,0,19,7,,31,A
367456430,2022-01-04T02:48:22,29.11488,-89.30104,0.0,272.0,511.0,CAPT WEBSTER,,WDF4843,31,0,19,7,,31,A
367456430,2022-01-04T03:01:11,29.11487,-89.30105,0.0,289.8,511.0,CAPT WEBSTER,,WDF4843,31,0,19,7,,31,A
367456430,2022-01-04T02:50:41,29.11487,-89.30104,0.0,277.4,511.0,CAPT WEBSTER,,WDF4843,31,0,19,7,,31,A
367456430,2022-01-04T03:14:01,29.11487,-89.30102,0.0,289.5,511.0,CAPT WEBSTER,,WDF4843,31,0,19,7,,31,A
367456430,2022-01-04T02:54:12,29.11488,-89.30104,0.0,291.3,511.0,CAPT WEBSTER,,WDF4843,31,0,19,7,,31,A
367456430,2022-01-04T02:55:21,29.11486,-89.30103,0.0,290.0,511.0,CAPT WEBSTER,,WDF4843,31,0,19,7,,31,A
367456430,2022-01-04T03:16:21,29.11486,-89.30105,0.0,290.8,511.0,CAPT WEBSTER,,WDF4843,31,0,19,7,,31,A
367456430,2022-01-04T03:30:52,29.11488,-89.30103,0.0,253.1,511.0,CAPT WEBSTER,,WDF4843,31,0,19,7,,31,A
367456430,2022-01-04T03:09:21,29.11487,-89.30104,0.0,298.4,511.0,CAPT WEBSTER,,WDF4843,31,0,19,7,,31,A
367456430,2022-01-04T03:12:52,29.11487,-89.30103,0.0,310.8,511.0,CAPT WEBSTER,,WDF4843,31,0,19,7,,31,A
367456430,2022-01-04T03:24:22,29.11488,-89.30104,0.0,243.3,511.0,CAPT WEBSTER,,WDF4843,31,0,19,7,,31,A
367456430,2022-01-04T03:25:42,29.11487,-89.30105,0.0,258.1,511.0,CAPT WEBSTER,,WDF4843,31,0,19,7,,31,A
367456430,2022-01-04T03:28:01,29.11487,-89.30104,0.0,250.9,511.0,CAPT WEBSTER,,WDF4843,31,0,19,7,,31,A
367456430,2022-01-04T03:29:11,29.11487,-89.30103,0.0,252.8,511.0,CAPT WEBSTER,,WDF4843,31,0,19,7,,31,A
367456430,2022-01-04T03:08:11,29.11485,-89.30107,0.0,291.7,511.0,CAPT WEBSTER,,WDF4843,31,0,19,7,,31,A
367456430,2022-01-04T03:15:11,29.11486,-89.30105,0.0,290.5,511.0,CAPT WEBSTER,,WDF4843,31,0,19,7,,31,A
367456430,2022-01-04T03:21:51,29.11488,-89.30103,0.0,240.5,511.0,CAPT WEBSTER,,WDF4843,31,0,19,7,,31,A
367456430,2022-01-04T03:32:01,29.11487,-89.30102,0.0,252.1,511.0,CAPT WEBSTER,,WDF4843,31,0,19,7,,31,A
367456430,2022-01-04T03:33:11,29.11486,-89.30102,0.0,254.8,511.0,CAPT WEBSTER,,WDF4843,31,0,19,7,,31,A
367456430,2022-01-04T03:26:51,29.11487,-89.30105,0.0,251.4,511.0,CAPT WEBSTER,,WDF4843,31,0,19,7,,31,A
367456430,2022-01-04T03:20:21,29.11487,-89.30103,0.0,255.7,511.0,CAPT WEBSTER,,WDF4843,31,0,19,7,,31,A
367456430,2022-01-04T03:38:21,29.11486,-89.30101,0.0,256.4,511.0,CAPT WEBSTER,,WDF4843,31,0,19,7,,31,A
367456430,2022-01-04T03:56:52,29.11487,-89.30102,0.0,250.0,511.0,CAPT WEBSTER,,WDF4843,31,0,19,7,,31,A
367456430,2022-01-04T03:19:11,29.11487,-89.30102,0.0,269.5,511.0,CAPT WEBSTER,,WDF4843,31,0,19,7,,31,A
367456430,2022-01-04T03:44:12,29.11486,-89.30103,0.0,252.2,511.0,CAPT WEBSTER,,WDF4843,31,0,19,7,,31,A
367456430,2022-01-04T02:32:02,29.11487,-89.30104,0.0,259.2,511.0,CAPT WEBSTER,,WDF4843,31,0,19,7,,31,A
367456430,2022-01-04T03:46:31,29.11486,-89.30102,0.0,246.9,511.0,CAPT WEBSTER,,WDF4843,31,0,19,7,,31,A
367456430,2022-01-04T03:35:31,29.11486,-89.30103,0.0,256.7,511.0,CAPT WEBSTER,,WDF4843,31,0,19,7,,31,A
367456430,2022-01-04T03:43:01,29.11489,-89.30103,0.0,247.6,511.0,CAPT WEBSTER,,WDF4843,31,0,19,7,,31,A
367456430,2022-01-04T03:39:32,29.11487,-89.30103,0.0,255.8,511.0,CAPT WEBSTER,,WDF4843,31,0,19,7,,31,A
367456430,2022-01-04T02:35:32,29.11486,-89.30102,0.0,266.8,511.0,CAPT WEBSTER,,WDF4843,31,0,19,7,,31,A
367456430,2022-01-04T03:40:41,29.11486,-89.30103,0.0,246.6,511.0,CAPT WEBSTER,,WDF4843,31,0,19,7,,31,A
367456430,2022-01-04T03:51:01,29.11485,-89.30103,0.0,243.0,511.0,CAPT WEBSTER,,WDF4843,31,0,19,7,,31,A
367456430,2022-01-04T03:53:21,29.11487,-89.30102,0.0,252.7,511.0,CAPT WEBSTER,,WDF4843,31,0,19,7,,31,A
367456430,2022-01-04T02:39:02,29.11488,-89.30104,0.0,283.9,511.0,CAPT WEBSTER,,WDF4843,31,0,19,7,,31,A
367456430,2022-01-04T03:34:12,29.11486,-89.30102,0.0,256.4,511.0,CAPT WEBSTER,,WDF4843,31,0,19,7,,31,A
367456430,2022-01-04T03:52:11,29.11487,-89.30104,0.0,259.6,511.0,CAPT WEBSTER,,WDF4843,31,0,19,7,,31,A
367456430,2022-01-04T03:37:12,29.11487,-89.30101,0.0,259.1,511.0,CAPT WEBSTER,,WDF4843,31,0,19,7,,31,A
367456430,2022-01-04T03:47:41,29.11487,-89.30103,0.0,248.6,511.0,CAPT WEBSTER,,WDF4843,31,0,19,7,,31,A
367456430,2022-01-04T03:49:52,29.11487,-89.30102,0.0,245.9,511.0,CAPT WEBSTER,,WDF4843,31,0,19,7,,31,A
367456430,2022-01-04T04:16:32,29.11488,-89.30102,0.0,269.7,511.0,CAPT WEBSTER,,WDF4843,31,0,19,7,,31,A
367456430,2022-01-04T04:00:01,29.11487,-89.30102,0.0,251.1,511.0,CAPT WEBSTER,,WDF4843,31,0,19,7,,31,A
367456430,2022-01-04T04:19:21,29.11487,-89.30106,0.0,280.4,511.0,CAPT WEBSTER,,WDF4843,31,0,19,7,,31,A
367456430,2022-01-04T04:02:12,29.11486,-89.30103,0.0,250.4,511.0,CAPT WEBSTER,,WDF4843,31,0,19,7,,31,A
367456430,2022-01-04T04:22:51,29.11487,-89.30103,0.0,257.7,511.0,CAPT WEBSTER,,WDF4843,31,0,19,7,,31,A
367456430,2022-01-04T04:03:21,29.11488,-89.30103,0.0,254.5,511.0,CAPT WEBSTER,,WDF4843,31,0,19,7,,31,A
367456430,2022-01-04T04:10:42,29.11486,-89.30105,0.0,252.5,511.0,CAPT WEBSTER,,WDF4843,31,0,19,7,,31,A
367456430,2022-01-04T03:55:41,29.11489,-89.30103,0.0,254.7,511.0,CAPT WEBSTER,,WDF4843,31,0,19,7,,31,A
367456430,2022-01-04T02:49:31,29.11487,-89.30106,0.0,276.6,511.0,CAPT WEBSTER,,WDF4843,31,0,19,7,,31,A
367456430,2022-01-04T04:11:52,29.11487,-89.30103,0.0,265.4,511.0,CAPT WEBSTER,,WDF4843,31,0,19,7,,31,A
367456430,2022-01-04T03:41:51,29.11488,-89.30101,0.0,245.0,511.0,CAPT WEBSTER,,WDF4843,31,0,19,7,,31,A
367456430,2022-01-04T02:51:51,29.11486,-89.30106,0.0,281.2,511.0,CAPT WEBSTER,,WDF4843,31,0,19,7,,31,A
367456430,2022-01-04T04:15:21,29.11485,-89.30107,0.0,273.1,511.0,CAPT WEBSTER,,WDF4843,31,0,19,7,,31,A
367456430,2022-01-04T04:31:12,29.11487,-89.30103,0.0,230.6,511.0,CAPT WEBSTER,,WDF4843,31,0,19,7,,31,A
367456430,2022-01-04T03:45:21,29.11486,-89.30103,0.0,250.1,511.0,CAPT WEBSTER,,WDF4843,31,0,19,7,,31,A
367456430,2022-01-04T02:59:02,29.11487,-89.30105,0.0,298.2,511.0,CAPT WEBSTER,,WDF4843,31,0,19,7,,31,A
367456430,2022-01-04T03:48:51,29.11487,-89.30101,0.0,253.3,511.0,CAPT WEBSTER,,WDF4843,31,0,19,7,,31,A
367456430,2022-01-04T04:37:12,29.11488,-89.30102,0.0,234.1,511.0,CAPT WEBSTER,,WDF4843,31,0,19,7,,31,A
367456430,2022-01-04T03:02:22,29.11490,-89.30105,0.0,298.7,511.0,CAPT WEBSTER,,WDF4843,31,0,19,7,,31,A
367456430,2022-01-04T04:27:32,29.11489,-89.30103,0.0,245.8,511.0,CAPT WEBSTER,,WDF4843,31,0,19,7,,31,A
367456430,2022-01-04T04:06:43,29.11489,-89.30104,0.0,253.5,511.0,CAPT WEBSTER,,WDF4843,31,0,19,7,,31,A
367456430,2022-01-04T03:54:32,29.11488,-89.30103,0.0,250.1,511.0,CAPT WEBSTER,,WDF4843,31,0,19,7,,31,A
367456430,2022-01-04T04:07:52,29.11487,-89.30104,0.0,246.0,511.0,CAPT WEBSTER,,WDF4843,31,0,19,7,,31,A
367456430,2022-01-04T04:45:12,29.11488,-89.30103,0.0,260.1,511.0,CAPT WEBSTER,,WDF4843,31,0,19,7,,31,A
367456430,2022-01-04T03:58:01,29.11487,-89.30102,0.0,248.7,511.0,CAPT WEBSTER,,WDF4843,31,0,19,7,,31,A
367456430,2022-01-04T04:46:21,29.11485,-89.30104,0.0,264.6,511.0,CAPT WEBSTER,,WDF4843,31,0,19,7,,31,A
367456430,2022-01-04T04:20:31,29.11487,-89.30105,0.0,273.2,511.0,CAPT WEBSTER,,WDF4843,31,0,19,7,,31,A
367456430,2022-01-04T04:33:41,29.11487,-89.30106,0.0,227.2,511.0,CAPT WEBSTER,,WDF4843,31,0,19,7,,31,A
367456430,2022-01-04T04:04:31,29.11489,-89.30103,0.0,251.0,511.0,CAPT WEBSTER,,WDF4843,31,0,19,7,,31,A
367456430,2022-01-04T04:05:32,29.11489,-89.30103,0.0,251.2,511.0,CAPT WEBSTER,,WDF4843,31,0,19,7,,31,A
367456430,2022-01-04T03:10:32,29.11486,-89.30102,0.1,306.1,511.0,CAPT WEBSTER,,WDF4843,31,0,19,7,,31,A
367456430,2022-01-04T04:40:41,29.11488,-89.30104,0.0,251.2,511.0,CAPT WEBSTER,,WDF4843,31,0,19,7,,31,A
367456430,2022-01-04T04:34:52,29.11486,-89.30103,0.0,230.2,511.0,CAPT WEBSTER,,WDF4843,31,0,19,7,,31,A
367456430,2022-01-04T04:18:11,29.11487,-89.30106,0.0,272.8,511.0,CAPT WEBSTER,,WDF4843,31,0,19,7,,31,A
367456430,2022-01-04T04:09:31,29.11485,-89.30105,0.0,247.5,511.0,CAPT WEBSTER,,WDF4843,31,0,19,7,,31,A
367456430,2022-01-04T03:18:01,29.11488,-89.30102,0.0,285.4,511.0,CAPT WEBSTER,,WDF4843,31,0,19,7,,31,A
367456430,2022-01-04T05:01:32,29.11488,-89.30104,0.0,311.8,511.0,CAPT WEBSTER,,WDF4843,31,0,19,7,,31,A
367456430,2022-01-04T04:48:42,29.11487,-89.30106,0.0,285.6,511.0,CAPT WEBSTER,,WDF4843,31,0,19,7,,31,A
367456430,2022-01-04T04:32:22,29.11488,-89.30105,0.0,234.0,511.0,CAPT WEBSTER,,WDF4843,31,0,19,7,,31,A
367456430,2022-01-04T04:13:02,29.11487,-89.30103,0.0,268.1,511.0,CAPT WEBSTER,,WDF4843,31,0,19,7,,31,A
367456430,2022-01-04T04:14:12,29.11486,-89.30105,0.0,258.1,511.0,CAPT WEBSTER,,WDF4843,31,0,19,7,,31,A
367456430,2022-01-04T04:41:42,29.11488,-89.30104,0.0,251.0,511.0,CAPT WEBSTER,,WDF4843,31,0,19,7,,31,A
367456430,2022-01-04T04:30:01,29.11487,-89.30103,0.0,226.9,511.0,CAPT WEBSTER,,WDF4843,31,0,19,7,,31,A
367456430,2022-01-04T05:07:11,29.11488,-89.30105,0.0,295.2,511.0,CAPT WEBSTER,,WDF4843,31,0,19,7,,31,A
367456430,2022-01-04T04:55:42,29.11488,-89.30103,0.0,299.6,511.0,CAPT WEBSTER,,WDF4843,31,0,19,7,,31,A
367456430,2022-01-04T03:23:12,29.11487,-89.30103,0.0,234.3,511.0,CAPT WEBSTER,,WDF4843,31,0,19,7,,31,A
367456430,2022-01-04T04:21:41,29.11487,-89.30105,0.0,263.3,511.0,CAPT WEBSTER,,WDF4843,31,0,19,7,,31,A
367456430,2022-01-04T04:59:11,29.11486,-89.30104,0.0,303.4,511.0,CAPT WEBSTER,,WDF4843,31,0,19,7,,31,A
367456430,2022-01-04T04:49:52,29.11488,-89.30106,0.0,288.3,511.0,CAPT WEBSTER,,WDF4843,31,0,19,7,,31,A
367456430,2022-01-04T04:36:02,29.11488,-89.30103,0.0,233.0,511.0,CAPT WEBSTER,,WDF4843,31,0,19,7,,31,A
367456430,2022-01-04T04:42:51,29.11488,-89.30105,0.0,251.0,511.0,CAPT WEBSTER,,WDF4843,31,0,19,7,,31,A
367456430,2022-01-04T05:12:51,29.11488,-89.30105,0.0,286.3,511.0,CAPT WEBSTER,,WDF4843,31,0,19,7,,31,A
367456430,2022-01-04T04:23:52,29.11488,-89.30101,0.0,254.2,511.0,CAPT WEBSTER,,WDF4843,31,0,19,7,,31,A
367456430,2022-01-04T04:25:11,29.11487,-89.30104,0.0,245.8,511.0,CAPT WEBSTER,,WDF4843,31,0,19,7,,31,A
367456430,2022-01-04T04:26:21,29.11487,-89.30104,0.0,244.6,511.0,CAPT WEBSTER,,WDF4843,31,0,19,7,,31,A
367456430,2022-01-04T05:15:01,29.11489,-89.30105,0.0,285.0,511.0,CAPT WEBSTER,,WDF4843,31,0,19,7,,31,A
367456430,2022-01-04T04:28:52,29.11488,-89.30103,0.0,239.5,511.0,CAPT WEBSTER,,WDF4843,31,0,19,7,,31,A
367456430,2022-01-04T05:00:01,29.11488,-89.30104,0.0,306.1,511.0,CAPT WEBSTER,,WDF4843,31,0,19,7,,31,A
367456430,2022-01-04T05:24:42,29.11488,-89.30104,0.0,264.7,511.0,CAPT WEBSTER,,WDF4843,31,0,19,7,,31,A
367456430,2022-01-04T04:38:22,29.11488,-89.30103,0.0,233.0,511.0,CAPT WEBSTER,,WDF4843,31,0,19,7,,31,A
367456430,2022-01-04T05:19:51,29.11489,-89.30105,0.0,267.0,511.0,CAPT WEBSTER,,WDF4843,31,0,19,7,,31,A
367456430,2022-01-04T05:08:22,29.11488,-89.30103,0.0,299.1,511.0,CAPT WEBSTER,,WDF4843,31,0,19,7,,31,A
367456430,2022-01-04T05:27:11,29.11489,-89.30103,0.0,255.6,511.0,CAPT WEBSTER,,WDF4843,31,0,19,7,,31,A
367456430,2022-01-04T05:10:32,29.11489,-89.30104,0.0,292.5,511.0,CAPT WEBSTER,,WDF4843,31,0,19,7,,31,A
367456430,2022-01-04T04:44:02,29.11487,-89.30106,0.0,261.3,511.0,CAPT WEBSTER,,WDF4843,31,0,19,7,,31,A
367456430,2022-01-04T05:31:51,29.11489,-89.30105,0.0,274.8,511.0,CAPT WEBSTER,,WDF4843,31,0,19,7,,31,A
367456430,2022-01-04T04:47:31,29.11487,-89.30106,0.0,280.3,511.0,CAPT WEBSTER,,WDF4843,31,0,19,7,,31,A
367456430,2022-01-04T05:21:01,29.11489,-89.30103,0.0,266.5,511.0,CAPT WEBSTER,,WDF4843,31,0,19,7,,31,A
367456430,2022-01-04T05:06:01,29.11488,-89.30106,0.0,300.3,511.0,CAPT WEBSTER,,WDF4843,31,0,19,7,,31,A
367456430,2022-01-04T05:40:22,29.11489,-89.30105,0.0,263.8,511.0,CAPT WEBSTER,,WDF4843,31,0,19,7,,31,A
367456430,2022-01-04T05:13:52,29.11489,-89.30105,0.0,283.3,511.0,CAPT WEBSTER,,WDF4843,31,0,19,7,,31,A
367456430,2022-01-04T05:36:52,29.11489,-89.30104,0.0,266.7,511.0,CAPT WEBSTER,,WDF4843,31,0,19,7,,31,A
367456430,2022-01-04T04:53:21,29.11488,-89.30106,0.0,296.2,511.0,CAPT WEBSTER,,WDF4843,31,0,19,7,,31,A
367456430,2022-01-04T04:51:02,29.11487,-89.30104,0.0,293.3,511.0,CAPT WEBSTER,,WDF4843,31,0,19,7,,31,A
367456430,2022-01-04T04:52:11,29.11487,-89.30106,0.0,294.8,511.0,CAPT WEBSTER,,WDF4843,31,0,19,7,,31,A
367456430,2022-01-04T05:38:02,29.11487,-89.30107,0.0,268.0,511.0,CAPT WEBSTER,,WDF4843,31,0,19,7,,31,A
367456430,2022-01-04T05:41:32,29.11488,-89.30105,0.0,260.7,511.0,CAPT WEBSTER,,WDF4843,31,0,19,7,,31,A
367456430,2022-01-04T04:58:01,29.11486,-89.30103,0.0,298.5,511.0,CAPT WEBSTER,,WDF4843,31,0,19,7,,31,A
367456430,2022-01-04T05:23:22,29.11488,-89.30104,0.0,267.0,511.0,CAPT WEBSTER,,WDF4843,31,0,19,7,,31,A
367456430,2022-01-04T05:16:12,29.11489,-89.30104,0.0,283.1,511.0,CAPT WEBSTER,,WDF4843,31,0,19,7,,31,A
367456430,2022-01-04T05:03:42,29.11489,-89.30103,0.0,315.8,511.0,CAPT WEBSTER,,WDF4843,31,0,19,7,,31,A
367456430,2022-01-04T05:18:42,29.11490,-89.30103,0.0,274.9,511.0,CAPT WEBSTER,,WDF4843,31,0,19,7,,31,A
367456430,2022-01-04T05:28:32,29.11488,-89.30105,0.0,258.3,511.0,CAPT WEBSTER,,WDF4843,31,0,19,7,,31,A
367456430,2022-01-04T05:55:31,29.11489,-89.30106,0.0,270.3,511.0,CAPT WEBSTER,,WDF4843,31,0,19,7,,31,A
367456430,2022-01-04T05:04:51,29.11490,-89.30106,0.0,308.5,511.0,CAPT WEBSTER,,WDF4843,31,0,19,7,,31,A
367456430,2022-01-04T05:52:02,29.11488,-89.30105,0.0,262.8,511.0,CAPT WEBSTER,,WDF4843,31,0,19,7,,31,A
367456430,2022-01-04T05:22:12,29.11490,-89.30102,0.0,267.0,511.0,CAPT WEBSTER,,WDF4843,31,0,19,7,,31,A
367456430,2022-01-04T05:02:41,29.11490,-89.30103,0.0,315.3,511.0,CAPT WEBSTER,,WDF4843,31,0,19,7,,31,A
367456430,2022-01-04T03:59:02,29.11487,-89.30102,0.0,250.2,511.0,CAPT WEBSTER,,WDF4843,31,0,19,7,,31,A
367456430,2022-01-04T05:33:22,29.11489,-89.30105,0.0,271.9,511.0,CAPT WEBSTER,,WDF4843,31,0,19,7,,31,A
367456430,2022-01-04T05:09:31,29.11488,-89.30105,0.0,298.3,511.0,CAPT WEBSTER,,WDF4843,31,0,19,7,,31,A
367456430,2022-01-04T05:25:52,29.11487,-89.30104,0.0,262.4,511.0,CAPT WEBSTER,,WDF4843,31,0,19,7,,31,A
367456430,2022-01-04T05:35:41,29.11485,-89.30108,0.0,264.4,511.0,CAPT WEBSTER,,WDF4843,31,0,19,7,,31,A
367456430,2022-01-04T04:01:02,29.11487,-89.30103,0.0,246.8,511.0,CAPT WEBSTER,,WDF4843,31,0,19,7,,31,A
367456430,2022-01-04T05:45:11,29.11488,-89.30106,0.0,253.9,511.0,CAPT WEBSTER,,WDF4843,31,0,19,7,,31,A
367456430,2022-01-04T05:49:41,29.11486,-89.30104,0.0,249.7,511.0,CAPT WEBSTER,,WDF4843,31,0,19,7,,31,A
367456430,2022-01-04T05:50:52,29.11488,-89.30103,0.0,265.6,511.0,CAPT WEBSTER,,WDF4843,31,0,19,7,,31,A
367456430,2022-01-04T06:08:12,29.11487,-89.30105,0.0,289.4,511.0,CAPT WEBSTER,,WDF4843,31,0,19,7,,31,A
367456430,2022-01-04T05:39:11,29.11488,-89.30106,0.0,266.6,511.0,CAPT WEBSTER,,WDF4843,31,0,19,7,,31,A
367456430,2022-01-04T06:17:22,29.11487,-89.30105,0.0,250.3,511.0,CAPT WEBSTER,,WDF4843,31,0,19,7,,31,A
367456430,2022-01-04T06:02:22,29.11490,-89.30106,0.0,280.2,511.0,CAPT WEBSTER,,WDF4843,31,0,19,7,,31,A
367456430,2022-01-04T05:29:33,29.11490,-89.30103,0.0,250.0,511.0,CAPT WEBSTER,,WDF4843,31,0,19,7,,31,A
367456430,2022-01-04T06:23:12,29.11489,-89.30105,0.0,232.5,511.0,CAPT WEBSTER,,WDF4843,31,0,19,7,,31,A
367456430,2022-01-04T06:25:22,29.11487,-89.30106,0.0,233.0,511.0,CAPT WEBSTER,,WDF4843,31,0,19,7,,31,A
367456430,2022-01-04T06:00:02,29.11490,-89.30106,0.0,271.1,511.0,CAPT WEBSTER,,WDF4843,31,0,19,7,,31,A
367456430,2022-01-04T06:01:12,29.11488,-89.30107,0.0,275.9,511.0,CAPT WEBSTER,,WDF4843,31,0,19,7,,31,A
367456430,2022-01-04T06:04:42,29.11487,-89.30105,0.0,277.8,511.0,CAPT WEBSTER,,WDF4843,31,0,19,7,,31,A
367456430,2022-01-04T06:15:11,29.11488,-89.30105,0.0,268.1,511.0,CAPT WEBSTER,,WDF4843,31,0,19,7,,31,A
367456430,2022-01-04T05:47:21,29.11487,-89.30106,0.0,251.3,511.0,CAPT WEBSTER,,WDF4843,31,0,19,7,,31,A
367456430,2022-01-04T06:32:31,29.11489,-89.30106,0.0,270.4,511.0,CAPT WEBSTER,,WDF4843,31,0,19,7,,31,A
367456430,2022-01-04T06:19:41,29.11489,-89.30107,0.0,242.8,511.0,CAPT WEBSTER,,WDF4843,31,0,19,7,,31,A
367456430,2022-01-04T05:46:12,29.11488,-89.30105,0.0,249.7,511.0,CAPT WEBSTER,,WDF4843,31,0,19,7,,31,A
367456430,2022-01-04T06:11:42,29.11492,-89.30104,0.0,298.2,511.0,CAPT WEBSTER,,WDF4843,31,0,19,7,,31,A
367456430,2022-01-04T06:12:51,29.11492,-89.30103,0.0,297.7,511.0,CAPT WEBSTER,,WDF4843,31,0,19,7,,31,A
367456430,2022-01-04T05:48:32,29.11487,-89.30105,0.0,251.3,511.0,CAPT WEBSTER,,WDF4843,31,0,19,7,,31,A
367456430,2022-01-04T06:16:21,29.11488,-89.30107,0.0,255.5,511.0,CAPT WEBSTER,,WDF4843,31,0,19,7,,31,A
367456430,2022-01-04T05:54:21,29.11488,-89.30106,0.0,264.7,511.0,CAPT WEBSTER,,WDF4843,31,0,19,7,,31,A
367456430,2022-01-04T06:40:21,29.11488,-89.30110,0.0,232.9,511.0,CAPT WEBSTER,,WDF4843,31,0,19,7,,31,A
367456430,2022-01-04T05:53:12,29.11490,-89.30107,0.0,263.1,511.0,CAPT WEBSTER,,WDF4843,31,0,19,7,,31,A
367456430,2022-01-04T05:56:42,29.11489,-89.30105,0.0,272.1,511.0,CAPT WEBSTER,,WDF4843,31,0,19,7,,31,A
367456430,2022-01-04T06:48:22,29.11486,-89.30105,0.0,189.1,511.0,CAPT WEBSTER,,WDF4843,31,0,19,7,,31,A
367456430,2022-01-04T06:46:02,29.11483,-89.30112,0.0,215.1,511.0,CAPT WEBSTER,,WDF4843,31,0,19,7,,31,A
367456430,2022-01-04T06:33:51,29.11488,-89.30107,0.0,228.4,511.0,CAPT WEBSTER,,WDF4843,31,0,19,7,,31,A
367456430,2022-01-04T06:49:32,29.11484,-89.30110,0.0,177.3,511.0,CAPT WEBSTER,,WDF4843,31,0,19,7,,31,A
367456430,2022-01-04T04:39:31,29.11489,-89.30103,0.0,241.5,511.0,CAPT WEBSTER,,WDF4843,31,0,19,7,,31,A
367456430,2022-01-04T06:03:31,29.11489,-89.30103,0.0,280.7,511.0,CAPT WEBSTER,,WDF4843,31,0,19,7,,31,A
367456430,2022-01-04T06:07:02,29.11486,-89.30106,0.0,281.9,511.0,CAPT WEBSTER,,WDF4843,31,0,19,7,,31,A
367456430,2022-01-04T06:27:42,29.11484,-89.30109,0.0,236.2,511.0,CAPT WEBSTER,,WDF4843,31,0,19,7,,31,A
367456430,2022-01-04T06:56:21,29.11485,-89.30109,0.0,208.2,511.0,CAPT WEBSTER,,WDF4843,31,0,19,7,,31,A
367456430,2022-01-04T06:10:32,29.11490,-89.30104,0.0,297.6,511.0,CAPT WEBSTER,,WDF4843,31,0,19,7,,31,A
367456430,2022-01-04T06:09:21,29.11488,-89.30104,0.0,294.7,511.0,CAPT WEBSTER,,WDF4843,31,0,19,7,,31,A
367456430,2022-01-04T06:14:02,29.11491,-89.30104,0.0,286.7,511.0,CAPT WEBSTER,,WDF4843,31,0,19,7,,31,A
367456430,2022-01-04T06:50:33,29.11485,-89.30112,0.0,189.1,511.0,CAPT WEBSTER,,WDF4843,31,0,19,7,,31,A
367456430,2022-01-04T06:42:41,29.11485,-89.30108,0.0,228.4,511.0,CAPT WEBSTER,,WDF4843,31,0,19,7,,31,A
367456430,2022-01-04T06:43:52,29.11485,-89.30109,0.0,227.3,511.0,CAPT WEBSTER,,WDF4843,31,0,19,7,,31,A
367456430,2022-01-04T06:51:42,29.11485,-89.30109,0.0,192.2,511.0,CAPT WEBSTER,,WDF4843,31,0,19,7,,31,A
367456430,2022-01-04T07:10:13,29.11490,-89.30104,0.0,204.7,511.0,CAPT WEBSTER,,WDF4843,31,0,19,7,,31,A
367456430,2022-01-04T07:13:33,29.11489,-89.30106,0.0,202.6,511.0,CAPT WEBSTER,,WDF4843,31,0,19,7,,31,A
367456430,2022-01-04T06:44:53,29.11483,-89.30111,0.0,226.3,511.0,CAPT WEBSTER,,WDF4843,31,0,19,7,,31,A
367456430,2022-01-04T06:18:31,29.11487,-89.30105,0.0,246.1,511.0,CAPT WEBSTER,,WDF4843,31,0,19,7,,31,A
367456430,2022-01-04T06:20:51,29.11489,-89.30107,0.0,236.2,511.0,CAPT WEBSTER,,WDF4843,31,0,19,7,,31,A
367456430,2022-01-04T06:22:01,29.11490,-89.30108,0.0,233.3,511.0,CAPT WEBSTER,,WDF4843,31,0,19,7,,31,A
367456430,2022-01-04T06:52:52,29.11484,-89.30110,0.0,198.7,511.0,CAPT WEBSTER,,WDF4843,31,0,19,7,,31,A
367456430,2022-01-04T07:03:22,29.11487,-89.30105,0.0,214.4,511.0,CAPT WEBSTER,,WDF4843,31,0,19,7,,31,A
367456430,2022-01-04T04:54:31,29.11488,-89.30103,0.0,297.3,511.0,CAPT WEBSTER,,WDF4843,31,0,19,7,,31,A
367456430,2022-01-04T07:20:51,29.11487,-89.30105,0.0,195.0,511.0,CAPT WEBSTER,,WDF4843,31,0,19,7,,31,A
367456430,2022-01-04T06:55:12,29.11486,-89.30106,0.0,206.5,511.0,CAPT WEBSTER,,WDF4843,31,0,19,7,,31,A
367456430,2022-01-04T06:54:01,29.11485,-89.30107,0.0,200.5,511.0,CAPT WEBSTER,,WDF4843,31,0,19,7,,31,A
367456430,2022-01-04T04:56:52,29.11487,-89.30102,0.0,298.2,511.0,CAPT WEBSTER,,WDF4843,31,0,19,7,,31,A
367456430,2022-01-04T06:28:51,29.11487,-89.30107,0.1,235.3,511.0,CAPT WEBSTER,,WDF4843,31,0,19,7,,31,A
367456430,2022-01-04T07:25:21,29.11488,-89.30105,0.1,270.6,511.0,CAPT WEBSTER,,WDF4843,31,0,19,7,,31,A
367456430,2022-01-04T06:31:21,29.11490,-89.30103,0.1,238.9,511.0,CAPT WEBSTER,,WDF4843,31,0,19,7,,31,A
367456430,2022-01-04T07:28:52,29.11486,-89.30106,0.0,247.0,511.0,CAPT WEBSTER,,WDF4843,31,0,19,7,,31,A
367456430,2022-01-04T07:19:42,29.11488,-89.30104,0.0,195.2,511.0,CAPT WEBSTER,,WDF4843,31,0,19,7,,31,A
367456430,2022-01-04T06:35:01,29.11486,-89.30107,0.0,244.4,511.0,CAPT WEBSTER,,WDF4843,31,0,19,7,,31,A
367456430,2022-01-04T06:36:12,29.11492,-89.30106,0.0,255.2,511.0,CAPT WEBSTER,,WDF4843,31,0,19,7,,31,A
367456430,2022-01-04T07:00:01,29.11487,-89.30107,0.0,224.7,511.0,CAPT WEBSTER,,WDF4843,31,0,19,7,,31,A
367456430,2022-01-04T07:14:42,29.11489,-89.30104,0.0,200.8,511.0,CAPT WEBSTER,,WDF4843,31,0,19,7,,31,A
367456430,2022-01-04T07:02:21,29.11487,-89.30105,0.0,217.9,511.0,CAPT WEBSTER,,WDF4843,31,0,19,7,,31,A
367456430,2022-01-04T07:04:32,29.11486,-89.30105,0.0,214.4,511.0,CAPT WEBSTER,,WDF4843,31,0,19,7,,31,A
367456430,2022-01-04T07:21:52,29.11486,-89.30105,0.0,190.9,511.0,CAPT WEBSTER,,WDF4843,31,0,19,7,,31,A
367456430,2022-01-04T07:23:01,29.11486,-89.30103,0.0,184.3,511.0,CAPT WEBSTER,,WDF4843,31,0,19,7,,31,A
367456430,2022-01-04T07:38:12,29.11485,-89.30107,0.0,241.6,511.0,CAPT WEBSTER,,WDF4843,31,0,19,7,,31,A
367456430,2022-01-04T06:37:13,29.11489,-89.30106,0.0,251.1,511.0,CAPT WEBSTER,,WDF4843,31,0,19,7,,31,A
367456430,2022-01-04T07:08:02,29.11488,-89.30105,0.0,206.2,511.0,CAPT WEBSTER,,WDF4843,31,0,19,7,,31,A
367456430,2022-01-04T07:39:22,29.11484,-89.30107,0.0,237.9,511.0,CAPT WEBSTER,,WDF4843,31,0,19,7,,31,A
367456430,2022-01-04T07:34:41,29.11484,-89.30105,0.0,237.9,511.0,CAPT WEBSTER,,WDF4843,31,0,19,7,,31,A
367456430,2022-01-04T07:37:01,29.11485,-89.30103,0.0,242.6,511.0,CAPT WEBSTER,,WDF4843,31,0,19,7,,31,A
367456430,2022-01-04T05:11:42,29.11488,-89.30104,0.0,290.4,511.0,CAPT WEBSTER,,WDF4843,31,0,19,7,,31,A
367456430,2022-01-04T07:12:32,29.11488,-89.30107,0.0,202.9,511.0,CAPT WEBSTER,,WDF4843,31,0,19,7,,31,A
367456430,2022-01-04T06:57:31,29.11489,-89.30109,0.0,218.7,511.0,CAPT WEBSTER,,WDF4843,31,0,19,7,,31,A
367456430,2022-01-04T06:58:41,29.11487,-89.30109,0.0,223.6,511.0,CAPT WEBSTER,,WDF4843,31,0,19,7,,31,A
367456430,2022-01-04T06:47:13,29.11482,-89.30111,0.0,197.0,511.0,CAPT WEBSTER,,WDF4843,31,0,19,7,,31,A
367456430,2022-01-04T07:44:01,29.11486,-89.30107,0.0,237.6,511.0,CAPT WEBSTER,,WDF4843,31,0,19,7,,31,A
367456430,2022-01-04T07:51:01,29.11487,-89.30105,0.0,201.0,511.0,CAPT WEBSTER,,WDF4843,31,0,19,7,,31,A
367456430,2022-01-04T06:59:51,29.11487,-89.30107,0.0,224.1,511.0,CAPT WEBSTER,,WDF4843,31,0,19,7,,31,A
367456430,2022-01-04T05:17:32,29.11488,-89.30105,0.0,274.7,511.0,CAPT WEBSTER,,WDF4843,31,0,19,7,,31,A
367456430,2022-01-04T07:40:32,29.11486,-89.30105,0.0,235.5,511.0,CAPT WEBSTER,,WDF4843,31,0,19,7,,31,A
367456430,2022-01-04T07:01:11,29.11487,-89.30107,0.0,217.7,511.0,CAPT WEBSTER,,WDF4843,31,0,19,7,,31,A
367456430,2022-01-04T07:26:32,29.11488,-89.30103,0.0,241.9,511.0,CAPT WEBSTER,,WDF4843,31,0,19,7,,31,A
367456430,2022-01-04T07:49:52,29.11483,-89.30106,0.0,201.2,511.0,CAPT WEBSTER,,WDF4843,31,0,19,7,,31,A
367456430,2022-01-04T07:56:53,29.11487,-89.30106,0.0,216.0,511.0,CAPT WEBSTER,,WDF4843,31,0,19,7,,31,A
367456430,2022-01-04T07:31:12,29.11486,-89.30104,0.0,237.2,511.0,CAPT WEBSTER,,WDF4843,31,0,19,7,,31,A
367456430,2022-01-04T07:59:11,29.11488,-89.30104,0.0,216.3,511.0,CAPT WEBSTER,,WDF4843,31,0,19,7,,31,A
367456430,2022-01-04T07:35:52,29.11483,-89.30107,0.0,241.1,511.0,CAPT WEBSTER,,WDF4843,31,0,19,7,,31,A
367456430,2022-01-04T07:52:12,29.11487,-89.30102,0.0,196.7,511.0,CAPT WEBSTER,,WDF4843,31,0,19,7,,31,A
367456430,2022-01-04T07:11:21,29.11488,-89.30105,0.0,205.5,511.0,CAPT WEBSTER,,WDF4843,31,0,19,7,,31,A
367456430,2022-01-04T07:18:32,29.11488,-89.30106,0.0,196.3,511.0,CAPT WEBSTER,,WDF4843,31,0,19,7,,31,A
367456430,2022-01-04T07:05:41,29.11485,-89.30107,0.0,206.5,511.0,CAPT WEBSTER,,WDF4843,31,0,19,7,,31,A
367456430,2022-01-04T07:24:11,29.11488,-89.30105,0.1,279.7,511.0,CAPT WEBSTER,,WDF4843,31,0,19,7,,31,A
367456430,2022-01-04T07:46:21,29.11484,-89.30106,0.0,218.6,511.0,CAPT WEBSTER,,WDF4843,31,0,19,7,,31,A
367456430,2022-01-04T07:09:12,29.11489,-89.30106,0.0,205.9,511.0,CAPT WEBSTER,,WDF4843,31,0,19,7,,31,A
367456430,2022-01-04T07:42:52,29.11486,-89.30105,0.0,233.5,511.0,CAPT WEBSTER,,WDF4843,31,0,19,7,,31,A
367456430,2022-01-04T05:30:41,29.11489,-89.30105,0.0,243.1,511.0,CAPT WEBSTER,,WDF4843,31,0,19,7,,31,A
367456430,2022-01-04T07:30:02,29.11486,-89.30105,0.0,242.3,511.0,CAPT WEBSTER,,WDF4843,31,0,19,7,,31,A
367456430,2022-01-04T07:32:22,29.11488,-89.30104,0.0,242.2,511.0,CAPT WEBSTER,,WDF4843,31,0,19,7,,31,A
367456430,2022-01-04T07:54:31,29.11488,-89.30105,0.0,208.1,511.0,CAPT WEBSTER,,WDF4843,31,0,19,7,,31,A
367456430,2022-01-04T09:32:22,29.11487,-89.30106,0.0,254.2,511.0,CAPT WEBSTER,,WDF4843,31,0,19,7,,31,A
367456430,2022-01-04T09:33:31,29.11488,-89.30104,0.0,250.2,511.0,CAPT WEBSTER,,WDF4843,31,0,19,7,,31,A
367456430,2022-01-04T07:15:51,29.11488,-89.30105,0.0,200.8,511.0,CAPT WEBSTER,,WDF4843,31,0,19,7,,31,A
367456430,2022-01-04T05:34:31,29.11489,-89.30105,0.0,262.6,511.0,CAPT WEBSTER,,WDF4843,31,0,19,7,,31,A
367456430,2022-01-04T07:17:02,29.11487,-89.30106,0.0,196.4,511.0,CAPT WEBSTER,,WDF4843,31,0,19,7,,31,A
367456430,2022-01-04T09:34:41,29.11488,-89.30102,0.0,241.6,511.0,CAPT WEBSTER,,WDF4843,31,0,19,7,,31,A
367456430,2022-01-04T07:41:42,29.11487,-89.30104,0.0,238.9,511.0,CAPT WEBSTER,,WDF4843,31,0,19,7,,31,A
367456430,2022-01-04T07:55:41,29.11487,-89.30102,0.0,209.7,511.0,CAPT WEBSTER,,WDF4843,31,0,19,7,,31,A
367456430,2022-01-04T09:42:42,29.11488,-89.30105,0.0,233.9,511.0,CAPT WEBSTER,,WDF4843,31,0,19,7,,31,A
367456430,2022-01-04T07:58:01,29.11488,-89.30105,0.0,216.1,511.0,CAPT WEBSTER,,WDF4843,31,0,19,7,,31,A
367456430,2022-01-04T07:45:12,29.11487,-89.30104,0.0,230.1,511.0,CAPT WEBSTER,,WDF4843,31,0,19,7,,31,A
367456430,2022-01-04T09:46:12,29.11490,-89.30104,0.0,252.4,511.0,CAPT WEBSTER,,WDF4843,31,0,19,7,,31,A
367456430,2022-01-04T05:42:51,29.11491,-89.30106,0.0,264.3,511.0,CAPT WEBSTER,,WDF4843,31,0,19,7,,31,A
367456430,2022-01-04T05:44:01,29.11488,-89.30107,0.0,260.2,511.0,CAPT WEBSTER,,WDF4843,31,0,19,7,,31,A
367456430,2022-01-04T07:27:42,29.11488,-89.30103,0.0,254.3,511.0,CAPT WEBSTER,,WDF4843,31,0,19,7,,31,A
367456430,2022-01-04T07:53:22,29.11487,-89.30100,0.0,201.2,511.0,CAPT WEBSTER,,WDF4843,31,0,19,7,,31,A
367456430,2022-01-04T09:52:12,29.11487,-89.30106,0.0,241.5,511.0,CAPT WEBSTER,,WDF4843,31,0,19,7,,31,A
367456430,2022-01-04T09:49:31,29.11486,-89.30106,0.0,245.7,511.0,CAPT WEBSTER,,WDF4843,31,0,19,7,,31,A
367456430,2022-01-04T09:41:41,29.11489,-89.30105,0.0,231.9,511.0,CAPT WEBSTER,,WDF4843,31,0,19,7,,31,A
367456430,2022-01-04T09:45:02,29.11488,-89.30102,0.0,238.6,511.0,CAPT WEBSTER,,WDF4843,31,0,19,7,,31,A
367456430,2022-01-04T09:59:12,29.11492,-89.30106,0.0,251.3,511.0,CAPT WEBSTER,,WDF4843,31,0,19,7,,31,A
367456430,2022-01-04T09:55:42,29.11485,-89.30105,0.0,244.5,511.0,CAPT WEBSTER,,WDF4843,31,0,19,7,,31,A
367456430,2022-01-04T09:58:01,29.11489,-89.30106,0.0,251.7,511.0,CAPT WEBSTER,,WDF4843,31,0,19,7,,31,A
367456430,2022-01-04T05:57:43,29.11488,-89.30103,0.0,267.9,511.0,CAPT WEBSTER,,WDF4843,31,0,19,7,,31,A
367456430,2022-01-04T10:02:22,29.11490,-89.30105,0.0,249.0,511.0,CAPT WEBSTER,,WDF4843,31,0,19,7,,31,A
367456430,2022-01-04T05:58:52,29.11489,-89.30106,0.0,268.4,511.0,CAPT WEBSTER,,WDF4843,31,0,19,7,,31,A
367456430,2022-01-04T10:03:32,29.11486,-89.30106,0.0,250.6,511.0,CAPT WEBSTER,,WDF4843,31,0,19,7,,31,A
367456430,2022-01-04T10:04:42,29.11490,-89.30108,0.0,253.7,511.0,CAPT WEBSTER,,WDF4843,31,0,19,7,,31,A
367456430,2022-01-04T09:43:52,29.11491,-89.30106,0.0,238.7,511.0,CAPT WEBSTER,,WDF4843,31,0,19,7,,31,A
367456430,2022-01-04T09:53:21,29.11486,-89.30104,0.0,242.7,511.0,CAPT WEBSTER,,WDF4843,31,0,19,7,,31,A
367456430,2022-01-04T09:38:12,29.11486,-89.30101,0.0,235.4,511.0,CAPT WEBSTER,,WDF4843,31,0,19,7,,31,A
367456430,2022-01-04T10:08:02,29.11483,-89.30111,0.0,263.8,511.0,CAPT WEBSTER,,WDF4843,31,0,19,7,,31,A
367456430,2022-01-04T10:11:31,29.11488,-89.30110,0.0,273.1,511.0,CAPT WEBSTER,,WDF4843,31,0,19,7,,31,A
367456430,2022-01-04T10:10:21,29.11487,-89.30112,0.0,270.5,511.0,CAPT WEBSTER,,WDF4843,31,0,19,7,,31,A
367456430,2022-01-04T10:13:52,29.11487,-89.30108,0.0,277.5,511.0,CAPT WEBSTER,,WDF4843,31,0,19,7,,31,A
367456430,2022-01-04T10:15:01,29.11488,-89.30107,0.0,273.6,511.0,CAPT WEBSTER,,WDF4843,31,0,19,7,,31,A
367456430,2022-01-04T09:50:51,29.11487,-89.30106,0.0,242.9,511.0,CAPT WEBSTER,,WDF4843,31,0,19,7,,31,A
367456430,2022-01-04T09:47:13,29.11486,-89.30105,0.0,254.3,511.0,CAPT WEBSTER,,WDF4843,31,0,19,7,,31,A
367456430,2022-01-04T10:05:43,29.11489,-89.30111,0.0,256.7,511.0,CAPT WEBSTER,,WDF4843,31,0,19,7,,31,A
367456430,2022-01-04T10:06:52,29.11485,-89.30113,0.0,261.9,511.0,CAPT WEBSTER,,WDF4843,31,0,19,7,,31,A
367456430,2022-01-04T10:18:32,29.11487,-89.30105,0.0,277.7,511.0,CAPT WEBSTER,,WDF4843,31,0,19,7,,31,A
367456430,2022-01-04T09:35:52,29.11486,-89.30109,0.0,236.7,511.0,CAPT WEBSTER,,WDF4843,31,0,19,7,,31,A
367456430,2022-01-04T06:05:52,29.11487,-89.30105,0.0,280.4,511.0,CAPT WEBSTER,,WDF4843,31,0,19,7,,31,A
367456430,2022-01-04T09:40:31,29.11488,-89.30105,0.0,231.0,511.0,CAPT WEBSTER,,WDF4843,31,0,19,7,,31,A
367456430,2022-01-04T10:25:22,29.11490,-89.30102,0.0,262.7,511.0,CAPT WEBSTER,,WDF4843,31,0,19,7,,31,A
367456430,2022-01-04T10:27:41,29.11491,-89.30101,0.0,267.0,511.0,CAPT WEBSTER,,WDF4843,31,0,19,7,,31,A
367456430,2022-01-04T10:28:51,29.11487,-89.30102,0.0,267.3,511.0,CAPT WEBSTER,,WDF4843,31,0,19,7,,31,A
367456430,2022-01-04T10:30:03,29.11488,-89.30102,0.0,279.9,511.0,CAPT WEBSTER,,WDF4843,31,0,19,7,,31,A
367456430,2022-01-04T10:17:22,29.11490,-89.30105,0.0,270.2,511.0,CAPT WEBSTER,,WDF4843,31,0,19,7,,31,A
367456430,2022-01-04T10:35:52,29.11489,-89.30104,0.0,279.4,511.0,CAPT WEBSTER,,WDF4843,31,0,19,7,,31,A
367456430,2022-01-04T10:26:31,29.11490,-89.30103,0.0,260.3,511.0,CAPT WEBSTER,,WDF4843,31,0,19,7,,31,A
367456430,2022-01-04T10:38:12,29.11487,-89.30104,0.0,277.2,511.0,CAPT WEBSTER,,WDF4843,31,0,19,7,,31,A
367456430,2022-01-04T10:41:31,29.11487,-89.30104,0.0,286.7,511.0,CAPT WEBSTER,,WDF4843,31,0,19,7,,31,A
367456430,2022-01-04T10:09:12,29.11486,-89.30109,0.0,273.3,511.0,CAPT WEBSTER,,WDF4843,31,0,19,7,,31,A
367456430,2022-01-04T10:32:21,29.11489,-89.30104,0.0,283.9,511.0,CAPT WEBSTER,,WDF4843,31,0,19,7,,31,A
367456430,2022-01-04T10:48:23,29.11488,-89.30105,0.0,277.1,511.0,CAPT WEBSTER,,WDF4843,31,0,19,7,,31,A
367456430,2022-01-04T10:45:02,29.11487,-89.30102,0.0,281.6,511.0,CAPT WEBSTER,,WDF4843,31,0,19,7,,31,A
367456430,2022-01-04T10:34:41,29.11488,-89.30106,0.0,270.9,511.0,CAPT WEBSTER,,WDF4843,31,0,19,7,,31,A
367456430,2022-01-04T10:53:01,29.11487,-89.30104,0.0,275.0,511.0,CAPT WEBSTER,,WDF4843,31,0,19,7,,31,A
367456430,2022-01-04T09:37:11,29.11485,-89.30103,0.0,232.7,511.0,CAPT WEBSTER,,WDF4843,31,0,19,7,,31,A
367456430,2022-01-04T10:16:12,29.11488,-89.30109,0.0,273.6,511.0,CAPT WEBSTER,,WDF4843,31,0,19,7,,31,A
367456430,2022-01-04T09:39:21,29.11487,-89.30102,0.0,232.6,511.0,CAPT WEBSTER,,WDF4843,31,0,19,7,,31,A
367456430,2022-01-04T06:24:13,29.11488,-89.30106,0.0,233.4,511.0,CAPT WEBSTER,,WDF4843,31,0,19,7,,31,A
367456430,2022-01-04T10:51:52,29.11487,-89.30103,0.0,275.9,511.0,CAPT WEBSTER,,WDF4843,31,0,19,7,,31,A
367456430,2022-01-04T06:26:31,29.11487,-89.30106,0.0,233.8,511.0,CAPT WEBSTER,,WDF4843,31,0,19,7,,31,A
367456430,2022-01-04T10:58:52,29.11489,-89.30103,0.0,276.4,511.0,CAPT WEBSTER,,WDF4843,31,0,19,7,,31,A
367456430,2022-01-04T11:04:42,29.11488,-89.30104,0.0,275.9,511.0,CAPT WEBSTER,,WDF4843,31,0,19,7,,31,A
367456430,2022-01-04T10:37:11,29.11486,-89.30104,0.0,278.3,511.0,CAPT WEBSTER,,WDF4843,31,0,19,7,,31,A
367456430,2022-01-04T10:31:11,29.11489,-89.30102,0.0,287.0,511.0,CAPT WEBSTER,,WDF4843,31,0,19,7,,31,A
367456430,2022-01-04T06:30:12,29.11489,-89.30101,0.0,212.4,511.0,CAPT WEBSTER,,WDF4843,31,0,19,7,,31,A
367456430,2022-01-04T10:40:22,29.11486,-89.30105,0.0,291.1,511.0,CAPT WEBSTER,,WDF4843,31,0,19,7,,31,A
367456430,2022-01-04T10:50:42,29.11488,-89.30104,0.0,277.9,511.0,CAPT WEBSTER,,WDF4843,31,0,19,7,,31,A
367456430,2022-01-04T10:33:31,29.11489,-89.30105,0.0,280.2,511.0,CAPT WEBSTER,,WDF4843,31,0,19,7,,31,A
367456430,2022-01-04T09:54:32,29.11487,-89.30103,0.0,245.6,511.0,CAPT WEBSTER,,WDF4843,31,0,19,7,,31,A
367456430,2022-01-04T11:12:32,29.11487,-89.30104,0.0,276.7,511.0,CAPT WEBSTER,,WDF4843,31,0,19,7,,31,A
367456430,2022-01-04T09:56:51,29.11489,-89.30103,0.0,246.7,511.0,CAPT WEBSTER,,WDF4843,31,0,19,7,,31,A
367456430,2022-01-04T06:38:52,29.11489,-89.30110,0.0,244.6,511.0,CAPT WEBSTER,,WDF4843,31,0,19,7,,31,A
367456430,2022-01-04T10:39:21,29.11487,-89.30104,0.0,291.9,511.0,CAPT WEBSTER,,WDF4843,31,0,19,7,,31,A
367456430,2022-01-04T10:01:12,29.11489,-89.30106,0.0,246.4,511.0,CAPT WEBSTER,,WDF4843,31,0,19,7,,31,A
367456430,2022-01-04T06:41:31,29.11487,-89.30107,0.0,233.8,511.0,CAPT WEBSTER,,WDF4843,31,0,19,7,,31,A
367456430,2022-01-04T10:49:31,29.11487,-89.30105,0.0,276.8,511.0,CAPT WEBSTER,,WDF4843,31,0,19,7,,31,A
367456430,2022-01-04T11:21:52,29.11489,-89.30103,0.0,278.8,511.0,CAPT WEBSTER,,WDF4843,31,0,19,7,,31,A
367456430,2022-01-04T10:47:22,29.11488,-89.30105,0.0,280.7,511.0,CAPT WEBSTER,,WDF4843,31,0,19,7,,31,A
367456430,2022-01-04T10:56:31,29.11487,-89.30105,0.0,272.6,511.0,CAPT WEBSTER,,WDF4843,31,0,19,7,,31,A
367456430,2022-01-04T11:26:31,29.11488,-89.30102,0.0,270.8,511.0,CAPT WEBSTER,,WDF4843,31,0,19,7,,31,A
367456430,2022-01-04T11:30:02,29.11487,-89.30105,0.0,277.7,511.0,CAPT WEBSTER,,WDF4843,31,0,19,7,,31,A
367456430,2022-01-04T11:06:52,29.11488,-89.30104,0.0,279.6,511.0,CAPT WEBSTER,,WDF4843,31,0,19,7,,31,A
367456430,2022-01-04T10:12:42,29.11489,-89.30109,0.0,270.7,511.0,CAPT WEBSTER,,WDF4843,31,0,19,7,,31,A
367456430,2022-01-04T11:03:31,29.11488,-89.30103,0.0,278.6,511.0,CAPT WEBSTER,,WDF4843,31,0,19,7,,31,A
367456430,2022-01-04T11:31:12,29.11488,-89.30102,0.0,284.0,511.0,CAPT WEBSTER,,WDF4843,31,0,19,7,,31,A
367456430,2022-01-04T11:02:23,29.11488,-89.30103,0.0,280.4,511.0,CAPT WEBSTER,,WDF4843,31,0,19,7,,31,A
367456430,2022-01-04T11:35:52,29.11489,-89.30104,0.0,296.7,511.0,CAPT WEBSTER,,WDF4843,31,0,19,7,,31,A
367456430,2022-01-04T11:16:01,29.11489,-89.30104,0.0,277.3,511.0,CAPT WEBSTER,,WDF4843,31,0,19,7,,31,A
367456430,2022-01-04T11:39:21,29.11489,-89.30104,0.0,300.0,511.0,CAPT WEBSTER,,WDF4843,31,0,19,7,,31,A
367456430,2022-01-04T11:40:31,29.11489,-89.30104,0.0,301.7,511.0,CAPT WEBSTER,,WDF4843,31,0,19,7,,31,A
367456430,2022-01-04T10:19:43,29.11489,-89.30106,0.0,270.0,511.0,CAPT WEBSTER,,WDF4843,31,0,19,7,,31,A
367456430,2022-01-04T11:18:22,29.11488,-89.30102,0.0,276.7,511.0,CAPT WEBSTER,,WDF4843,31,0,19,7,,31,A
367456430,2022-01-04T10:55:22,29.11485,-89.30103,0.0,276.2,511.0,CAPT WEBSTER,,WDF4843,31,0,19,7,,31,A
367456430,2022-01-04T11:19:32,29.11489,-89.30104,0.0,278.7,511.0,CAPT WEBSTER,,WDF4843,31,0,19,7,,31,A
367456430,2022-01-04T10:20:51,29.11489,-89.30106,0.0,276.3,511.0,CAPT WEBSTER,,WDF4843,31,0,19,7,,31,A
367456430,2022-01-04T11:13:42,29.11489,-89.30104,0.0,278.8,511.0,CAPT WEBSTER,,WDF4843,31,0,19,7,,31,A
367456430,2022-01-04T10:23:11,29.11489,-89.30104,0.0,272.3,511.0,CAPT WEBSTER,,WDF4843,31,0,19,7,,31,A
367456430,2022-01-04T11:47:32,29.11489,-89.30104,0.0,316.7,511.0,CAPT WEBSTER,,WDF4843,31,0,19,7,,31,A
367456430,2022-01-04T11:48:41,29.11488,-89.30106,0.0,319.0,511.0,CAPT WEBSTER,,WDF4843,31,0,19,7,,31,A
367456430,2022-01-04T11:45:12,29.11490,-89.30101,0.0,325.8,511.0,CAPT WEBSTER,,WDF4843,31,0,19,7,,31,A
367456430,2022-01-04T10:24:21,29.11490,-89.30103,0.0,265.7,511.0,CAPT WEBSTER,,WDF4843,31,0,19,7,,31,A
367456430,2022-01-04T11:20:42,29.11489,-89.30103,0.0,279.9,511.0,CAPT WEBSTER,,WDF4843,31,0,19,7,,31,A
367456430,2022-01-04T11:25:21,29.11488,-89.30103,0.0,274.6,511.0,CAPT WEBSTER,,WDF4843,31,0,19,7,,31,A
367456430,2022-01-04T11:27:42,29.11487,-89.30103,0.0,272.9,511.0,CAPT WEBSTER,,WDF4843,31,0,19,7,,31,A
367456430,2022-01-04T11:28:52,29.11487,-89.30104,0.0,270.9,511.0,CAPT WEBSTER,,WDF4843,31,0,19,7,,31,A
367456430,2022-01-04T07:06:52,29.11486,-89.30106,0.0,207.8,511.0,CAPT WEBSTER,,WDF4843,31,0,19,7,,31,A
367456430,2022-01-04T11:57:13,29.11490,-89.30106,0.0,277.8,511.0,CAPT WEBSTER,,WDF4843,31,0,19,7,,31,A
367456430,2022-01-04T11:33:32,29.11488,-89.30103,0.0,291.4,511.0,CAPT WEBSTER,,WDF4843,31,0,19,7,,31,A
367456430,2022-01-04T11:10:12,29.11489,-89.30106,0.0,279.0,511.0,CAPT WEBSTER,,WDF4843,31,0,19,7,,31,A
367456430,2022-01-04T10:42:42,29.11489,-89.30102,0.0,287.2,511.0,CAPT WEBSTER,,WDF4843,31,0,19,7,,31,A
367456430,2022-01-04T10:43:51,29.11488,-89.30101,0.0,286.3,511.0,CAPT WEBSTER,,WDF4843,31,0,19,7,,31,A
367456430,2022-01-04T12:08:32,29.11490,-89.30106,0.0,268.4,511.0,CAPT WEBSTER,,WDF4843,31,0,19,7,,31,A
367456430,2022-01-04T11:32:21,29.11487,-89.30104,0.0,288.8,511.0,CAPT WEBSTER,,WDF4843,31,0,19,7,,31,A
367456430,2022-01-04T11:46:21,29.11489,-89.30102,0.0,324.5,511.0,CAPT WEBSTER,,WDF4843,31,0,19,7,,31,A
367456430,2022-01-04T11:34:42,29.11488,-89.30103,0.0,293.1,511.0,CAPT WEBSTER,,WDF4843,31,0,19,7,,31,A
367456430,2022-01-04T12:18:52,29.11486,-89.30107,0.0,269.8,511.0,CAPT WEBSTER,,WDF4843,31,0,19,7,,31,A
367456430,2022-01-04T11:24:12,29.11489,-89.30103,0.0,276.6,511.0,CAPT WEBSTER,,WDF4843,31,0,19,7,,31,A
367456430,2022-01-04T11:38:12,29.11489,-89.30104,0.0,299.2,511.0,CAPT WEBSTER,,WDF4843,31,0,19,7,,31,A
367456430,2022-01-04T11:49:52,29.11488,-89.30107,0.0,322.4,511.0,CAPT WEBSTER,,WDF4843,31,0,19,7,,31,A
367456430,2022-01-04T11:51:02,29.11487,-89.30107,0.0,323.2,511.0,CAPT WEBSTER,,WDF4843,31,0,19,7,,31,A
367456430,2022-01-04T11:42:51,29.11486,-89.30106,0.0,317.0,511.0,CAPT WEBSTER,,WDF4843,31,0,19,7,,31,A
367456430,2022-01-04T12:22:12,29.11488,-89.30107,0.0,273.8,511.0,CAPT WEBSTER,,WDF4843,31,0,19,7,,31,A
367456430,2022-01-04T11:58:22,29.11493,-89.30107,0.0,273.8,511.0,CAPT WEBSTER,,WDF4843,31,0,19,7,,31,A
367456430,2022-01-04T11:55:51,29.11487,-89.30104,0.0,283.5,511.0,CAPT WEBSTER,,WDF4843,31,0,19,7,,31,A
367456430,2022-01-04T11:37:02,29.11489,-89.30103,0.0,299.0,511.0,CAPT WEBSTER,,WDF4843,31,0,19,7,,31,A
367456430,2022-01-04T11:08:01,29.11489,-89.30103,0.0,277.9,511.0,CAPT WEBSTER,,WDF4843,31,0,19,7,,31,A
367456430,2022-01-04T11:52:13,29.11489,-89.30105,0.0,321.5,511.0,CAPT WEBSTER,,WDF4843,31,0,19,7,,31,A
367456430,2022-01-04T11:09:02,29.11487,-89.30102,0.0,274.4,511.0,CAPT WEBSTER,,WDF4843,31,0,19,7,,31,A
367456430,2022-01-04T12:32:51,29.11487,-89.30102,0.0,287.6,511.0,CAPT WEBSTER,,WDF4843,31,0,19,7,,31,A
367456430,2022-01-04T12:06:12,29.11491,-89.30105,0.0,267.8,511.0,CAPT WEBSTER,,WDF4843,31,0,19,7,,31,A
367456430,2022-01-04T11:41:42,29.11487,-89.30106,0.0,309.5,511.0,CAPT WEBSTER,,WDF4843,31,0,19,7,,31,A
367456430,2022-01-04T12:02:31,29.11489,-89.30106,0.0,273.0,511.0,CAPT WEBSTER,,WDF4843,31,0,19,7,,31,A
367456430,2022-01-04T12:05:01,29.11499,-89.30106,0.1,257.5,511.0,CAPT WEBSTER,,WDF4843,31,0,19,7,,31,A
367456430,2022-01-04T11:17:12,29.11489,-89.30102,0.0,279.6,511.0,CAPT WEBSTER,,WDF4843,31,0,19,7,,31,A
367456430,2022-01-04T12:00:01,29.11492,-89.30107,0.0,271.5,511.0,CAPT WEBSTER,,WDF4843,31,0,19,7,,31,A
367456430,2022-01-04T07:33:31,29.11486,-89.30105,0.0,239.9,511.0,CAPT WEBSTER,,WDF4843,31,0,19,7,,31,A
367456430,2022-01-04T12:14:11,29.11484,-89.30106,0.0,273.1,511.0,CAPT WEBSTER,,WDF4843,31,0,19,7,,31,A
367456430,2022-01-04T12:17:42,29.11484,-89.30104,0.0,268.1,511.0,CAPT WEBSTER,,WDF4843,31,0,19,7,,31,A
367456430,2022-01-04T11:53:21,29.11488,-89.30106,0.0,321.3,511.0,CAPT WEBSTER,,WDF4843,31,0,19,7,,31,A
367456430,2022-01-04T12:48:42,29.11490,-89.30104,0.0,252.2,511.0,CAPT WEBSTER,,WDF4843,31,0,19,7,,31,A
367456430,2022-01-04T12:20:02,29.11489,-89.30108,0.0,268.1,511.0,CAPT WEBSTER,,WDF4843,31,0,19,7,,31,A
367456430,2022-01-04T12:13:01,29.11486,-89.30106,0.0,264.2,511.0,CAPT WEBSTER,,WDF4843,31,0,19,7,,31,A
367456430,2022-01-04T12:01:11,29.11492,-89.30105,0.0,273.0,511.0,CAPT WEBSTER,,WDF4843,31,0,19,7,,31,A
367456430,2022-01-04T12:28:12,29.11487,-89.30107,0.0,279.0,511.0,CAPT WEBSTER,,WDF4843,31,0,19,7,,31,A
367456430,2022-01-04T12:57:51,29.11488,-89.30102,0.0,220.0,511.0,CAPT WEBSTER,,WDF4843,31,0,19,7,,31,A
367456430,2022-01-04T12:59:02,29.11488,-89.30102,0.0,221.8,511.0,CAPT WEBSTER,,WDF4843,31,0,19,7,,31,A
367456430,2022-01-04T12:29:21,29.11486,-89.30105,0.0,284.8,511.0,CAPT WEBSTER,,WDF4843,31,0,19,7,,31,A
367456430,2022-01-04T12:07:22,29.11492,-89.30105,0.0,264.7,511.0,CAPT WEBSTER,,WDF4843,31,0,19,7,,31,A
367456430,2022-01-04T12:23:22,29.11489,-89.30106,0.0,279.7,511.0,CAPT WEBSTER,,WDF4843,31,0,19,7,,31,A
367456430,2022-01-04T07:47:31,29.11486,-89.30105,0.0,214.8,511.0,CAPT WEBSTER,,WDF4843,31,0,19,7,,31,A
367456430,2022-01-04T13:03:33,29.11489,-89.30103,0.0,224.0,511.0,CAPT WEBSTER,,WDF4843,31,0,19,7,,31,A
367456430,2022-01-04T12:10:51,29.11486,-89.30105,0.0,269.8,511.0,CAPT WEBSTER,,WDF4843,31,0,19,7,,31,A
367456430,2022-01-04T07:48:42,29.11483,-89.30107,0.0,209.6,511.0,CAPT WEBSTER,,WDF4843,31,0,19,7,,31,A
367456430,2022-01-04T12:25:42,29.11488,-89.30105,0.0,279.6,511.0,CAPT WEBSTER,,WDF4843,31,0,19,7,,31,A
367456430,2022-01-04T12:26:51,29.11488,-89.30105,0.0,279.7,511.0,CAPT WEBSTER,,WDF4843,31,0,19,7,,31,A
367456430,2022-01-04T12:15:22,29.11485,-89.30105,0.0,269.9,511.0,CAPT WEBSTER,,WDF4843,31,0,19,7,,31,A
367456430,2022-01-04T13:08:32,29.11489,-89.30105,0.0,193.3,511.0,CAPT WEBSTER,,WDF4843,31,0,19,7,,31,A
367456430,2022-01-04T12:31:42,29.11489,-89.30103,0.0,284.6,511.0,CAPT WEBSTER,,WDF4843,31,0,19,7,,31,A
367456430,2022-01-04T12:40:22,29.11489,-89.30102,0.0,289.1,511.0,CAPT WEBSTER,,WDF4843,31,0,19,7,,31,A
367456430,2022-01-04T12:37:01,29.11487,-89.30103,0.0,287.0,511.0,CAPT WEBSTER,,WDF4843,31,0,19,7,,31,A
367456430,2022-01-04T12:38:02,29.11490,-89.30101,0.0,287.1,511.0,CAPT WEBSTER,,WDF4843,31,0,19,7,,31,A
367456430,2022-01-04T11:54:32,29.11484,-89.30106,0.0,303.2,511.0,CAPT WEBSTER,,WDF4843,31,0,19,7,,31,A
367456430,2022-01-04T12:45:11,29.11491,-89.30103,0.0,285.3,511.0,CAPT WEBSTER,,WDF4843,31,0,19,7,,31,A
367456430,2022-01-04T12:30:32,29.11487,-89.30104,0.0,286.6,511.0,CAPT WEBSTER,,WDF4843,31,0,19,7,,31,A
367456430,2022-01-04T12:42:42,29.11490,-89.30103,0.0,284.5,511.0,CAPT WEBSTER,,WDF4843,31,0,19,7,,31,A
367456430,2022-01-04T11:59:31,29.11492,-89.30107,0.0,271.2,511.0,CAPT WEBSTER,,WDF4843,31,0,19,7,,31,A
367456430,2022-01-04T12:43:51,29.11492,-89.30104,0.0,279.6,511.0,CAPT WEBSTER,,WDF4843,31,0,19,7,,31,A
367456430,2022-01-04T12:35:52,29.11486,-89.30103,0.0,286.9,511.0,CAPT WEBSTER,,WDF4843,31,0,19,7,,31,A
367456430,2022-01-04T13:22:41,29.11488,-89.30105,0.0,71.3,511.0,CAPT WEBSTER,,WDF4843,31,0,19,7,,31,A
367456430,2022-01-04T08:00:01,29.11488,-89.30103,0.0,216.8,511.0,CAPT WEBSTER,,WDF4843,31,0,19,7,,31,A
367456430,2022-01-04T12:03:42,29.11501,-89.30104,0.0,266.5,511.0,CAPT WEBSTER,,WDF4843,31,0,19,7,,31,A
367456430,2022-01-04T13:30:42,29.11490,-89.30106,0.0,26.1,511.0,CAPT WEBSTER,,WDF4843,31,0,19,7,,31,A
367456430,2022-01-04T12:55:32,29.11488,-89.30107,0.0,222.1,511.0,CAPT WEBSTER,,WDF4843,31,0,19,7,,31,A
367456430,2022-01-04T13:07:21,29.11491,-89.30105,0.0,197.7,511.0,CAPT WEBSTER,,WDF4843,31,0,19,7,,31,A
367456430,2022-01-04T13:04:52,29.11489,-89.30106,0.0,215.4,511.0,CAPT WEBSTER,,WDF4843,31,0,19,7,,31,A
367456430,2022-01-04T13:36:52,29.11490,-89.30108,0.0,324.0,511.0,CAPT WEBSTER,,WDF4843,31,0,19,7,,31,A
367456430,2022-01-04T13:12:11,29.11489,-89.30104,0.0,187.5,511.0,CAPT WEBSTER,,WDF4843,31,0,19,7,,31,A
367456430,2022-01-04T13:38:12,29.11489,-89.30105,0.0,315.4,511.0,CAPT WEBSTER,,WDF4843,31,0,19,7,,31,A
367456430,2022-01-04T12:51:02,29.11490,-89.30105,0.0,239.1,511.0,CAPT WEBSTER,,WDF4843,31,0,19,7,,31,A
367456430,2022-01-04T13:02:32,29.11490,-89.30105,0.0,217.8,511.0,CAPT WEBSTER,,WDF4843,31,0,19,7,,31,A
367456430,2022-01-04T12:11:52,29.11486,-89.30103,0.0,264.5,511.0,CAPT WEBSTER,,WDF4843,31,0,19,7,,31,A
367456430,2022-01-04T13:13:12,29.11488,-89.30102,0.0,181.0,511.0,CAPT WEBSTER,,WDF4843,31,0,19,7,,31,A
367456430,2022-01-04T13:41:41,29.11489,-89.30106,0.0,305.1,511.0,CAPT WEBSTER,,WDF4843,31,0,19,7,,31,A
367456430,2022-01-04T12:16:32,29.11485,-89.30106,0.0,267.3,511.0,CAPT WEBSTER,,WDF4843,31,0,19,7,,31,A
367456430,2022-01-04T13:17:51,29.11491,-89.30105,0.0,142.0,511.0,CAPT WEBSTER,,WDF4843,31,0,19,7,,31,A
367456430,2022-01-04T13:19:01,29.11489,-89.30106,0.0,114.5,511.0,CAPT WEBSTER,,WDF4843,31,0,19,7,,31,A
367456430,2022-01-04T13:46:21,29.11489,-89.30101,0.0,294.8,511.0,CAPT WEBSTER,,WDF4843,31,0,19,7,,31,A
367456430,2022-01-04T13:11:01,29.11488,-89.30103,0.0,190.8,511.0,CAPT WEBSTER,,WDF4843,31,0,19,7,,31,A
367456430,2022-01-04T13:00:02,29.11489,-89.30103,0.0,225.7,511.0,CAPT WEBSTER,,WDF4843,31,0,19,7,,31,A
367456430,2022-01-04T12:21:11,29.11487,-89.30106,0.0,271.5,511.0,CAPT WEBSTER,,WDF4843,31,0,19,7,,31,A
367456430,2022-01-04T13:01:12,29.11490,-89.30105,0.0,225.1,511.0,CAPT WEBSTER,,WDF4843,31,0,19,7,,31,A
367456430,2022-01-04T13:27:22,29.11490,-89.30106,0.0,43.0,511.0,CAPT WEBSTER,,WDF4843,31,0,19,7,,31,A
367456430,2022-01-04T13:51:01,29.11492,-89.30103,0.0,292.3,511.0,CAPT WEBSTER,,WDF4843,31,0,19,7,,31,A
367456430,2022-01-04T12:24:31,29.11487,-89.30106,0.0,275.1,511.0,CAPT WEBSTER,,WDF4843,31,0,19,7,,31,A
367456430,2022-01-04T13:16:41,29.11489,-89.30105,0.0,148.0,511.0,CAPT WEBSTER,,WDF4843,31,0,19,7,,31,A
367456430,2022-01-04T13:31:52,29.11490,-89.30107,0.0,10.7,511.0,CAPT WEBSTER,,WDF4843,31,0,19,7,,31,A
367456430,2022-01-04T13:33:01,29.11490,-89.30105,0.0,354.0,511.0,CAPT WEBSTER,,WDF4843,31,0,19,7,,31,A
367456430,2022-01-04T13:20:22,29.11488,-89.30107,0.0,87.9,511.0,CAPT WEBSTER,,WDF4843,31,0,19,7,,31,A
367456430,2022-01-04T13:34:11,29.11489,-89.30106,0.0,337.9,511.0,CAPT WEBSTER,,WDF4843,31,0,19,7,,31,A
367456430,2022-01-04T13:21:31,29.11488,-89.30108,0.0,86.0,511.0,CAPT WEBSTER,,WDF4843,31,0,19,7,,31,A
367456430,2022-01-04T13:25:02,29.11488,-89.30106,0.0,53.8,511.0,CAPT WEBSTER,,WDF4843,31,0,19,7,,31,A
367456430,2022-01-04T14:04:32,29.11491,-89.30107,0.0,274.6,511.0,CAPT WEBSTER,,WDF4843,31,0,19,7,,31,A
367456430,2022-01-04T13:40:31,29.11489,-89.30105,0.0,305.7,511.0,CAPT WEBSTER,,WDF4843,31,0,19,7,,31,A
367456430,2022-01-04T13:28:31,29.11490,-89.30106,0.0,32.3,511.0,CAPT WEBSTER,,WDF4843,31,0,19,7,,31,A
367456430,2022-01-04T12:39:11,29.11490,-89.30102,0.0,287.1,511.0,CAPT WEBSTER,,WDF4843,31,0,19,7,,31,A
367456430,2022-01-04T13:29:32,29.11489,-89.30107,0.0,41.5,511.0,CAPT WEBSTER,,WDF4843,31,0,19,7,,31,A
367456430,2022-01-04T09:48:22,29.11489,-89.30105,0.0,242.1,511.0,CAPT WEBSTER,,WDF4843,31,0,19,7,,31,A
367456430,2022-01-04T13:15:31,29.11486,-89.30106,0.0,172.6,511.0,CAPT WEBSTER,,WDF4843,31,0,19,7,,31,A
367456430,2022-01-04T14:13:32,29.11490,-89.30107,0.0,282.6,511.0,CAPT WEBSTER,,WDF4843,31,0,19,7,,31,A
367456430,2022-01-04T14:12:11,29.11489,-89.30107,0.0,282.3,511.0,CAPT WEBSTER,,WDF4843,31,0,19,7,,31,A
367456430,2022-01-04T14:15:52,29.11491,-89.30107,0.0,284.8,511.0,CAPT WEBSTER,,WDF4843,31,0,19,7,,31,A
367456430,2022-01-04T12:46:22,29.11490,-89.30104,0.0,281.5,511.0,CAPT WEBSTER,,WDF4843,31,0,19,7,,31,A
367456430,2022-01-04T14:17:22,29.11490,-89.30108,0.0,282.1,511.0,CAPT WEBSTER,,WDF4843,31,0,19,7,,31,A
367456430,2022-01-04T13:23:52,29.11490,-89.30107,0.0,59.4,511.0,CAPT WEBSTER,,WDF4843,31,0,19,7,,31,A
367456430,2022-01-04T14:20:02,29.11489,-89.30106,0.0,322.3,511.0,CAPT WEBSTER,,WDF4843,31,0,19,7,,31,A
367456430,2022-01-04T13:26:12,29.11489,-89.30107,0.0,44.6,511.0,CAPT WEBSTER,,WDF4843,31,0,19,7,,31,A
367456430,2022-01-04T13:42:51,29.11489,-89.30105,0.0,301.5,511.0,CAPT WEBSTER,,WDF4843,31,0,19,7,,31,A
367456430,2022-01-04T13:44:03,29.11490,-89.30103,0.0,302.6,511.0,CAPT WEBSTER,,WDF4843,31,0,19,7,,31,A
367456430,2022-01-04T14:23:32,29.11487,-89.30110,0.0,302.2,511.0,CAPT WEBSTER,,WDF4843,31,0,19,7,,31,A
367456430,2022-01-04T12:52:12,29.11490,-89.30105,0.0,235.4,511.0,CAPT WEBSTER,,WDF4843,31,0,19,7,,31,A
367456430,2022-01-04T14:24:42,29.11487,-89.30109,0.0,305.5,511.0,CAPT WEBSTER,,WDF4843,31,0,19,7,,31,A
367456430,2022-01-04T14:27:01,29.11486,-89.30107,0.0,297.8,511.0,CAPT WEBSTER,,WDF4843,31,0,19,7,,31,A
367456430,2022-01-04T14:01:32,29.11488,-89.30106,0.0,273.7,511.0,CAPT WEBSTER,,WDF4843,31,0,19,7,,31,A
367456430,2022-01-04T10:00:01,29.11491,-89.30106,0.0,252.0,511.0,CAPT WEBSTER,,WDF4843,31,0,19,7,,31,A
367456430,2022-01-04T14:02:42,29.11488,-89.30106,0.0,275.0,511.0,CAPT WEBSTER,,WDF4843,31,0,19,7,,31,A
367456430,2022-01-04T13:53:21,29.11489,-89.30105,0.0,292.7,511.0,CAPT WEBSTER,,WDF4843,31,0,19,7,,31,A
367456430,2022-01-04T14:33:02,29.11485,-89.30106,0.0,276.9,511.0,CAPT WEBSTER,,WDF4843,31,0,19,7,,31,A
367456430,2022-01-04T13:54:32,29.11489,-89.30107,0.0,287.0,511.0,CAPT WEBSTER,,WDF4843,31,0,19,7,,31,A
367456430,2022-01-04T13:58:02,29.11491,-89.30107,0.0,283.3,511.0,CAPT WEBSTER,,WDF4843,31,0,19,7,,31,A
367456430,2022-01-04T14:38:52,29.11491,-89.30106,0.0,276.1,511.0,CAPT WEBSTER,,WDF4843,31,0,19,7,,31,A
367456430,2022-01-04T14:08:02,29.11489,-89.30107,0.0,286.3,511.0,CAPT WEBSTER,,WDF4843,31,0,19,7,,31,A
367456430,2022-01-04T13:09:42,29.11489,-89.30105,0.0,190.6,511.0,CAPT WEBSTER,,WDF4843,31,0,19,7,,31,A
367456430,2022-01-04T14:48:11,29.11491,-89.30104,0.0,234.4,511.0,CAPT WEBSTER,,WDF4843,31,0,19,7,,31,A
367456430,2022-01-04T13:48:42,29.11490,-89.30103,0.0,288.1,511.0,CAPT WEBSTER,,WDF4843,31,0,19,7,,31,A
367456430,2022-01-04T14:10:32,29.11491,-89.30109,0.0,282.0,511.0,CAPT WEBSTER,,WDF4843,31,0,19,7,,31,A
367456430,2022-01-04T14:49:21,29.11490,-89.30103,0.0,236.9,511.0,CAPT WEBSTER,,WDF4843,31,0,19,7,,31,A
367456430,2022-01-04T14:18:31,29.11489,-89.30106,0.0,308.2,511.0,CAPT WEBSTER,,WDF4843,31,0,19,7,,31,A
367456430,2022-01-04T14:14:41,29.11490,-89.30106,0.0,283.2,511.0,CAPT WEBSTER,,WDF4843,31,0,19,7,,31,A
367456430,2022-01-04T14:54:11,29.11490,-89.30103,0.0,243.8,511.0,CAPT WEBSTER,,WDF4843,31,0,19,7,,31,A
367456430,2022-01-04T14:25:52,29.11485,-89.30106,0.0,298.4,511.0,CAPT WEBSTER,,WDF4843,31,0,19,7,,31,A
367456430,2022-01-04T14:55:21,29.11489,-89.30102,0.0,238.2,511.0,CAPT WEBSTER,,WDF4843,31,0,19,7,,31,A
367456430,2022-01-04T10:22:02,29.11491,-89.30105,0.0,273.1,511.0,CAPT WEBSTER,,WDF4843,31,0,19,7,,31,A
367456430,2022-01-04T14:56:32,29.11489,-89.30102,0.0,238.6,511.0,CAPT WEBSTER,,WDF4843,31,0,19,7,,31,A
367456430,2022-01-04T13:59:11,29.11489,-89.30105,0.0,280.7,511.0,CAPT WEBSTER,,WDF4843,31,0,19,7,,31,A
367456430,2022-01-04T14:21:11,29.11483,-89.30107,0.0,310.0,511.0,CAPT WEBSTER,,WDF4843,31,0,19,7,,31,A
367456430,2022-01-04T14:34:12,29.11485,-89.30108,0.0,272.9,511.0,CAPT WEBSTER,,WDF4843,31,0,19,7,,31,A
367456430,2022-01-04T14:36:32,29.11491,-89.30107,0.0,272.5,511.0,CAPT WEBSTER,,WDF4843,31,0,19,7,,31,A
367456430,2022-01-04T14:28:13,29.11489,-89.30106,0.0,295.0,511.0,CAPT WEBSTER,,WDF4843,31,0,19,7,,31,A
367456430,2022-01-04T15:04:52,29.11490,-89.30105,0.0,234.7,511.0,CAPT WEBSTER,,WDF4843,31,0,19,7,,31,A
367456430,2022-01-04T14:09:11,29.11492,-89.30110,0.0,284.8,511.0,CAPT WEBSTER,,WDF4843,31,0,19,7,,31,A
367456430,2022-01-04T14:41:11,29.11491,-89.30102,0.0,262.3,511.0,CAPT WEBSTER,,WDF4843,31,0,19,7,,31,A
367456430,2022-01-04T15:09:31,29.11488,-89.30106,0.0,239.9,511.0,CAPT WEBSTER,,WDF4843,31,0,19,7,,31,A
367456430,2022-01-04T15:10:41,29.11487,-89.30106,0.0,240.7,511.0,CAPT WEBSTER,,WDF4843,31,0,19,7,,31,A
367456430,2022-01-04T14:43:31,29.11490,-89.30104,0.0,244.7,511.0,CAPT WEBSTER,,WDF4843,31,0,19,7,,31,A
367456430,2022-01-04T15:14:12,29.11489,-89.30103,0.0,240.7,511.0,CAPT WEBSTER,,WDF4843,31,0,19,7,,31,A
367456430,2022-01-04T13:35:42,29.11490,-89.30108,0.0,324.7,511.0,CAPT WEBSTER,,WDF4843,31,0,19,7,,31,A
367456430,2022-01-04T14:42:22,29.11492,-89.30105,0.0,253.2,511.0,CAPT WEBSTER,,WDF4843,31,0,19,7,,31,A
367456430,2022-01-04T13:39:22,29.11489,-89.30105,0.0,315.3,511.0,CAPT WEBSTER,,WDF4843,31,0,19,7,,31,A
367456430,2022-01-04T15:22:32,29.11487,-89.30104,0.0,244.3,511.0,CAPT WEBSTER,,WDF4843,31,0,19,7,,31,A
367456430,2022-01-04T13:45:11,29.11490,-89.30103,0.0,297.1,511.0,CAPT WEBSTER,,WDF4843,31,0,19,7,,31,A
367456430,2022-01-04T10:46:12,29.11487,-89.30104,0.0,278.8,511.0,CAPT WEBSTER,,WDF4843,31,0,19,7,,31,A
367456430,2022-01-04T14:58:51,29.11490,-89.30103,0.0,232.7,511.0,CAPT WEBSTER,,WDF4843,31,0,19,7,,31,A
367456430,2022-01-04T14:50:41,29.11489,-89.30104,0.0,236.4,511.0,CAPT WEBSTER,,WDF4843,31,0,19,7,,31,A
367456430,2022-01-04T15:27:12,29.11490,-89.30103,0.0,248.5,511.0,CAPT WEBSTER,,WDF4843,31,0,19,7,,31,A
367456430,2022-01-04T14:30:41,29.11488,-89.30107,0.0,282.5,511.0,CAPT WEBSTER,,WDF4843,31,0,19,7,,31,A
367456430,2022-01-04T14:31:52,29.11488,-89.30108,0.0,279.8,511.0,CAPT WEBSTER,,WDF4843,31,0,19,7,,31,A
367456430,2022-01-04T15:01:22,29.11489,-89.30106,0.0,234.9,511.0,CAPT WEBSTER,,WDF4843,31,0,19,7,,31,A
367456430,2022-01-04T15:34:12,29.11488,-89.30103,0.0,246.5,511.0,CAPT WEBSTER,,WDF4843,31,0,19,7,,31,A
367456430,2022-01-04T13:49:51,29.11490,-89.30104,0.0,280.5,511.0,CAPT WEBSTER,,WDF4843,31,0,19,7,,31,A
367456430,2022-01-04T14:35:21,29.11489,-89.30110,0.0,272.5,511.0,CAPT WEBSTER,,WDF4843,31,0,19,7,,31,A
367456430,2022-01-04T15:31:52,29.11491,-89.30099,0.0,252.0,511.0,CAPT WEBSTER,,WDF4843,31,0,19,7,,31,A
367456430,2022-01-04T15:00:11,29.11489,-89.30105,0.0,236.3,511.0,CAPT WEBSTER,,WDF4843,31,0,19,7,,31,A
367456430,2022-01-04T15:08:21,29.11488,-89.30104,0.0,236.8,511.0,CAPT WEBSTER,,WDF4843,31,0,19,7,,31,A
367456430,2022-01-04T10:54:12,29.11486,-89.30104,0.0,274.6,511.0,CAPT WEBSTER,,WDF4843,31,0,19,7,,31,A
367456430,2022-01-04T15:35:23,29.11490,-89.30104,0.0,247.4,511.0,CAPT WEBSTER,,WDF4843,31,0,19,7,,31,A
367456430,2022-01-04T14:40:03,29.11490,-89.30103,0.0,271.8,511.0,CAPT WEBSTER,,WDF4843,31,0,19,7,,31,A
367456430,2022-01-04T15:40:02,29.11489,-89.30102,0.0,238.4,511.0,CAPT WEBSTER,,WDF4843,31,0,19,7,,31,A
367456430,2022-01-04T10:57:41,29.11488,-89.30103,0.0,272.6,511.0,CAPT WEBSTER,,WDF4843,31,0,19,7,,31,A
367456430,2022-01-04T15:42:31,29.11490,-89.30103,0.0,239.1,511.0,CAPT WEBSTER,,WDF4843,31,0,19,7,,31,A
367456430,2022-01-04T11:00:02,29.11487,-89.30103,0.0,273.7,511.0,CAPT WEBSTER,,WDF4843,31,0,19,7,,31,A
367456430,2022-01-04T11:01:11,29.11490,-89.30105,0.0,277.6,511.0,CAPT WEBSTER,,WDF4843,31,0,19,7,,31,A
367456430,2022-01-04T14:44:41,29.11491,-89.30104,0.0,242.6,511.0,CAPT WEBSTER,,WDF4843,31,0,19,7,,31,A
367456430,2022-01-04T15:06:02,29.11488,-89.30104,0.0,233.1,511.0,CAPT WEBSTER,,WDF4843,31,0,19,7,,31,A
367456430,2022-01-04T15:07:12,29.11490,-89.30105,0.0,232.8,511.0,CAPT WEBSTER,,WDF4843,31,0,19,7,,31,A
367456430,2022-01-04T14:47:02,29.11490,-89.30103,0.0,235.8,511.0,CAPT WEBSTER,,WDF4843,31,0,19,7,,31,A
367456430,2022-01-04T14:00:02,29.11490,-89.30107,0.0,280.1,511.0,CAPT WEBSTER,,WDF4843,31,0,19,7,,31,A
367456430,2022-01-04T15:45:01,29.11489,-89.30102,0.0,267.5,511.0,CAPT WEBSTER,,WDF4843,31,0,19,7,,31,A
367456430,2022-01-04T14:51:42,29.11489,-89.30104,0.0,235.6,511.0,CAPT WEBSTER,,WDF4843,31,0,19,7,,31,A
367456430,2022-01-04T15:52:02,29.11490,-89.30101,0.0,290.5,511.0,CAPT WEBSTER,,WDF4843,31,0,19,7,,31,A
367456430,2022-01-04T15:16:41,29.11488,-89.30103,0.0,238.0,511.0,CAPT WEBSTER,,WDF4843,31,0,19,7,,31,A
367456430,2022-01-04T14:06:02,29.11490,-89.30107,0.0,278.4,511.0,CAPT WEBSTER,,WDF4843,31,0,19,7,,31,A
367456430,2022-01-04T11:05:51,29.11488,-89.30103,0.0,279.5,511.0,CAPT WEBSTER,,WDF4843,31,0,19,7,,31,A
367456430,2022-01-04T15:19:02,29.11489,-89.30103,0.0,242.0,511.0,CAPT WEBSTER,,WDF4843,31,0,19,7,,31,A
367456430,2022-01-04T15:26:01,29.11488,-89.30105,0.0,249.8,511.0,CAPT WEBSTER,,WDF4843,31,0,19,7,,31,A
367456430,2022-01-04T15:50:51,29.11487,-89.30103,0.0,291.5,511.0,CAPT WEBSTER,,WDF4843,31,0,19,7,,31,A
367456430,2022-01-04T16:01:01,29.11524,-89.30180,0.2,47.7,511.0,CAPT WEBSTER,,WDF4843,31,0,19,7,,31,A
367456430,2022-01-04T15:28:21,29.11489,-89.30103,0.0,248.0,511.0,CAPT WEBSTER,,WDF4843,31,0,19,7,,31,A
367456430,2022-01-04T15:54:21,29.11489,-89.30104,0.0,289.2,511.0,CAPT WEBSTER,,WDF4843,31,0,19,7,,31,A
367456430,2022-01-04T15:30:51,29.11490,-89.30102,0.0,249.4,511.0,CAPT WEBSTER,,WDF4843,31,0,19,7,,31,A
367456430,2022-01-04T15:02:32,29.11489,-89.30106,0.0,234.6,511.0,CAPT WEBSTER,,WDF4843,31,0,19,7,,31,A
367456430,2022-01-04T11:11:21,29.11489,-89.30106,0.0,276.4,511.0,CAPT WEBSTER,,WDF4843,31,0,19,7,,31,A
367456430,2022-01-04T15:33:02,29.11488,-89.30106,0.0,250.9,511.0,CAPT WEBSTER,,WDF4843,31,0,19,7,,31,A
367456430,2022-01-04T15:37:41,29.11488,-89.30103,0.0,243.2,511.0,CAPT WEBSTER,,WDF4843,31,0,19,7,,31,A
367456430,2022-01-04T11:14:52,29.11488,-89.30104,0.0,278.4,511.0,CAPT WEBSTER,,WDF4843,31,0,19,7,,31,A
367456430,2022-01-04T15:38:52,29.11492,-89.30105,0.0,241.6,511.0,CAPT WEBSTER,,WDF4843,31,0,19,7,,31,A
367456430,2022-01-04T16:16:01,29.10989,-89.29112,3.2,111.7,511.0,CAPT WEBSTER,,WDF4843,31,0,19,7,,31,A
367456430,2022-01-04T15:41:21,29.11489,-89.30102,0.0,238.7,511.0,CAPT WEBSTER,,WDF4843,31,0,19,7,,31,A
367456430,2022-01-04T16:18:12,29.10914,-89.28910,3.0,119.7,511.0,CAPT WEBSTER,,WDF4843,31,0,19,7,,31,A
367456430,2022-01-04T16:11:22,29.11209,-89.29605,3.6,124.0,511.0,CAPT WEBSTER,,WDF4843,31,0,19,7,,31,A
367456430,2022-01-04T16:20:23,29.10839,-89.28756,2.2,135.5,511.0,CAPT WEBSTER,,WDF4843,31,0,19,7,,31,A
367456430,2022-01-04T16:14:52,29.11026,-89.29233,3.9,107.9,511.0,CAPT WEBSTER,,WDF4843,31,0,19,7,,31,A
367456430,2022-01-04T11:23:01,29.11489,-89.30105,0.0,276.1,511.0,CAPT WEBSTER,,WDF4843,31,0,19,7,,31,A
367456430,2022-01-04T15:47:22,29.11488,-89.30104,0.0,280.4,511.0,CAPT WEBSTER,,WDF4843,31,0,19,7,,31,A
367456430,2022-01-04T15:49:42,29.11488,-89.30104,0.0,293.7,511.0,CAPT WEBSTER,,WDF4843,31,0,19,7,,31,A
367456430,2022-01-04T16:28:51,29.10968,-89.28036,3.2,77.2,511.0,CAPT WEBSTER,,WDF4843,31,0,19,7,,31,A
367456430,2022-01-04T15:53:12,29.11490,-89.30101,0.0,288.6,511.0,CAPT WEBSTER,,WDF4843,31,0,19,7,,31,A
367456430,2022-01-04T16:21:32,29.10823,-89.28689,2.0,93.9,511.0,CAPT WEBSTER,,WDF4843,31,0,19,7,,31,A
367456430,2022-01-04T15:57:52,29.11486,-89.30105,0.6,258.3,511.0,CAPT WEBSTER,,WDF4843,31,0,19,7,,31,A
367456430,2022-01-04T16:04:31,29.11527,-89.30182,0.6,54.4,511.0,CAPT WEBSTER,,WDF4843,31,0,19,7,,31,A
367456430,2022-01-04T16:25:12,29.10904,-89.28394,2.9,75.3,511.0,CAPT WEBSTER,,WDF4843,31,0,19,7,,31,A
367456430,2022-01-04T14:45:51,29.11490,-89.30104,0.0,236.5,511.0,CAPT WEBSTER,,WDF4843,31,0,19,7,,31,A
367456430,2022-01-04T16:31:12,29.10989,-89.27800,3.3,96.0,511.0,CAPT WEBSTER,,WDF4843,31,0,19,7,,31,A
367456430,2022-01-04T16:41:22,29.11089,-89.27375,5.4,101.9,511.0,CAPT WEBSTER,,WDF4843,31,0,19,7,,31,A
367456430,2022-01-04T16:09:12,29.11320,-89.29814,3.5,125.2,511.0,CAPT WEBSTER,,WDF4843,31,0,19,7,,31,A
367456430,2022-01-04T16:13:42,29.11076,-89.29367,3.9,120.2,511.0,CAPT WEBSTER,,WDF4843,31,0,19,7,,31,A
367456430,2022-01-04T16:33:32,29.11008,-89.27654,0.6,297.2,511.0,CAPT WEBSTER,,WDF4843,31,0,19,7,,31,A
367456430,2022-01-04T11:44:01,29.11488,-89.30105,0.0,320.4,511.0,CAPT WEBSTER,,WDF4843,31,0,19,7,,31,A
367456430,2022-01-04T14:57:42,29.11491,-89.30105,0.0,235.2,511.0,CAPT WEBSTER,,WDF4843,31,0,19,7,,31,A
367456430,2022-01-04T16:26:33,29.10927,-89.28263,3.2,80.4,511.0,CAPT WEBSTER,,WDF4843,31,0,19,7,,31,A
367456430,2022-01-04T16:23:51,29.10875,-89.28510,2.9,63.8,511.0,CAPT WEBSTER,,WDF4843,31,0,19,7,,31,A
367456430,2022-01-04T16:30:01,29.10991,-89.27918,3.3,82.2,511.0,CAPT WEBSTER,,WDF4843,31,0,19,7,,31,A
367456430,2022-01-04T15:56:42,29.11487,-89.30103,0.1,233.4,511.0,CAPT WEBSTER,,WDF4843,31,0,19,7,,31,A
367456430,2022-01-04T16:32:23,29.11004,-89.27678,3.5,79.2,511.0,CAPT WEBSTER,,WDF4843,31,0,19,7,,31,A
367456430,2022-01-04T15:11:52,29.11485,-89.30106,0.0,245.2,511.0,CAPT WEBSTER,,WDF4843,31,0,19,7,,31,A
367456430,2022-01-04T16:35:43,29.11004,-89.27655,0.1,98.5,511.0,CAPT WEBSTER,,WDF4843,31,0,19,7,,31,A
367456430,2022-01-04T16:58:52,29.08350,-89.28604,6.5,217.9,511.0,CAPT WEBSTER,,WDF4843,31,0,19,7,,31,A
367456430,2022-01-04T16:38:02,29.11019,-89.27643,0.3,25.8,511.0,CAPT WEBSTER,,WDF4843,31,0,19,7,,31,A
367456430,2022-01-04T15:15:21,29.11489,-89.30105,0.0,241.6,511.0,CAPT WEBSTER,,WDF4843,31,0,19,7,,31,A
367456430,2022-01-04T16:40:21,29.11068,-89.27542,4.7,61.9,511.0,CAPT WEBSTER,,WDF4843,31,0,19,7,,31,A
367456430,2022-01-04T16:42:32,29.11038,-89.27242,3.0,123.3,511.0,CAPT WEBSTER,,WDF4843,31,0,19,7,,31,A
367456430,2022-01-04T17:16:12,29.05892,-89.30799,6.4,208.0,511.0,CAPT WEBSTER,,WDF4843,31,0,19,7,,31,A
367456430,2022-01-04T16:43:42,29.10892,-89.27189,6.7,179.3,511.0,CAPT WEBSTER,,WDF4843,31,0,19,7,,31,A
367456430,2022-01-04T16:12:31,29.11144,-89.29491,3.7,120.0,511.0,CAPT WEBSTER,,WDF4843,31,0,19,7,,31,A
367456430,2022-01-04T17:08:01,29.07124,-89.29807,6.5,216.2,511.0,CAPT WEBSTER,,WDF4843,31,0,19,7,,31,A
367456430,2022-01-04T17:20:41,29.05207,-89.31192,5.6,204.1,511.0,CAPT WEBSTER,,WDF4843,31,0,19,7,,31,A
367456430,2022-01-04T15:20:11,29.11489,-89.30104,0.0,243.8,511.0,CAPT WEBSTER,,WDF4843,31,0,19,7,,31,A
367456430,2022-01-04T16:44:52,29.10647,-89.27258,8.4,199.6,511.0,CAPT WEBSTER,,WDF4843,31,0,19,7,,31,A
367456430,2022-01-04T16:47:11,29.10121,-89.27520,9.1,201.6,511.0,CAPT WEBSTER,,WDF4843,31,0,19,7,,31,A
367456430,2022-01-04T16:46:01,29.10388,-89.27381,9.0,204.9,511.0,CAPT WEBSTER,,WDF4843,31,0,19,7,,31,A
367456430,2022-01-04T15:21:21,29.11489,-89.30103,0.0,245.7,511.0,CAPT WEBSTER,,WDF4843,31,0,19,7,,31,A
367456430,2022-01-04T17:13:51,29.06255,-89.30546,6.6,215.9,511.0,CAPT WEBSTER,,WDF4843,31,0,19,7,,31,A
367456430,2022-01-04T16:53:02,29.09043,-89.28109,4.0,207.9,511.0,CAPT WEBSTER,,WDF4843,31,0,19,7,,31,A
367456430,2022-01-04T12:09:42,29.11486,-89.30104,0.0,268.6,511.0,CAPT WEBSTER,,WDF4843,31,0,19,7,,31,A
367456430,2022-01-04T15:23:42,29.11489,-89.30103,0.0,246.8,511.0,CAPT WEBSTER,,WDF4843,31,0,19,7,,31,A
367456430,2022-01-04T16:50:31,29.09359,-89.27926,7.6,206.0,511.0,CAPT WEBSTER,,WDF4843,31,0,19,7,,31,A
367456430,2022-01-04T16:19:22,29.10878,-89.28820,2.5,118.5,511.0,CAPT WEBSTER,,WDF4843,31,0,19,7,,31,A
367456430,2022-01-04T15:24:52,29.11486,-89.30106,0.0,245.9,511.0,CAPT WEBSTER,,WDF4843,31,0,19,7,,31,A
367456430,2022-01-04T17:17:21,29.05711,-89.30907,6.4,206.7,511.0,CAPT WEBSTER,,WDF4843,31,0,19,7,,31,A
367456430,2022-01-04T17:01:11,29.08023,-89.28912,6.5,220.9,511.0,CAPT WEBSTER,,WDF4843,31,0,19,7,,31,A
367456430,2022-01-04T17:25:22,29.04600,-89.31560,5.5,210.4,511.0,CAPT WEBSTER,,WDF4843,31,0,19,7,,31,A
367456430,2022-01-04T17:03:22,29.07744,-89.29227,6.3,226.9,511.0,CAPT WEBSTER,,WDF4843,31,0,19,7,,31,A
367456430,2022-01-04T17:04:32,29.07603,-89.29397,6.2,221.3,511.0,CAPT WEBSTER,,WDF4843,31,0,19,7,,31,A
367456430,2022-01-04T17:05:42,29.07452,-89.29536,6.2,218.5,511.0,CAPT WEBSTER,,WDF4843,31,0,19,7,,31,A
367456430,2022-01-04T12:34:22,29.11485,-89.30103,0.0,285.0,511.0,CAPT WEBSTER,,WDF4843,31,0,19,7,,31,A
367456430,2022-01-04T15:36:31,29.11489,-89.30105,0.0,243.2,511.0,CAPT WEBSTER,,WDF4843,31,0,19,7,,31,A
367456430,2022-01-04T16:34:42,29.11004,-89.27659,0.1,136.6,511.0,CAPT WEBSTER,,WDF4843,31,0,19,7,,31,A
367456430,2022-01-04T17:12:42,29.06434,-89.30415,6.7,214.2,511.0,CAPT WEBSTER,,WDF4843,31,0,19,7,,31,A
367456430,2022-01-04T12:41:31,29.11491,-89.30102,0.0,285.2,511.0,CAPT WEBSTER,,WDF4843,31,0,19,7,,31,A
367456430,2022-01-04T17:36:52,29.03032,-89.32986,6.4,222.7,511.0,CAPT WEBSTER,,WDF4843,31,0,19,7,,31,A
367456430,2022-01-04T16:39:11,29.11030,-89.27629,1.1,19.0,511.0,CAPT WEBSTER,,WDF4843,31,0,19,7,,31,A
367456430,2022-01-04T17:18:22,29.05553,-89.31000,6.3,208.6,511.0,CAPT WEBSTER,,WDF4843,31,0,19,7,,31,A
367456430,2022-01-04T15:43:41,29.11490,-89.30103,0.0,250.7,511.0,CAPT WEBSTER,,WDF4843,31,0,19,7,,31,A
367456430,2022-01-04T17:19:32,29.05374,-89.31102,5.9,205.8,511.0,CAPT WEBSTER,,WDF4843,31,0,19,7,,31,A
367456430,2022-01-04T17:40:13,29.02565,-89.33414,6.2,210.3,511.0,CAPT WEBSTER,,WDF4843,31,0,19,7,,31,A
367456430,2022-01-04T12:47:31,29.11492,-89.30103,0.0,259.8,511.0,CAPT WEBSTER,,WDF4843,31,0,19,7,,31,A
367456430,2022-01-04T15:46:12,29.11492,-89.30104,0.0,275.4,511.0,CAPT WEBSTER,,WDF4843,31,0,19,7,,31,A
367456430,2022-01-04T17:46:02,29.01745,-89.34047,6.0,213.4,511.0,CAPT WEBSTER,,WDF4843,31,0,19,7,,31,A
367456430,2022-01-04T12:49:51,29.11491,-89.30103,0.0,247.8,511.0,CAPT WEBSTER,,WDF4843,31,0,19,7,,31,A
367456430,2022-01-04T16:48:12,29.09880,-89.27642,9.2,205.2,511.0,CAPT WEBSTER,,WDF4843,31,0,19,7,,31,A
367456430,2022-01-04T15:48:31,29.11489,-89.30105,0.0,287.4,511.0,CAPT WEBSTER,,WDF4843,31,0,19,7,,31,A
367456430,2022-01-04T17:24:11,29.04760,-89.31464,5.2,209.3,511.0,CAPT WEBSTER,,WDF4843,31,0,19,7,,31,A
367456430,2022-01-04T18:07:01,28.98905,-89.36386,6.2,217.2,511.0,CAPT WEBSTER,,WDF4843,31,0,19,7,,31,A
367456430,2022-01-04T12:53:22,29.11491,-89.30106,0.0,232.1,511.0,CAPT WEBSTER,,WDF4843,31,0,19,7,,31,A
367456430,2022-01-04T17:27:41,29.04285,-89.31786,5.8,215.4,511.0,CAPT WEBSTER,,WDF4843,31,0,19,7,,31,A
367456430,2022-01-04T12:54:31,29.11488,-89.30106,0.0,228.8,511.0,CAPT WEBSTER,,WDF4843,31,0,19,7,,31,A
367456430,2022-01-04T18:09:22,28.98581,-89.36660,6.1,215.1,511.0,CAPT WEBSTER,,WDF4843,31,0,19,7,,31,A
367456430,2022-01-04T17:52:51,29.00789,-89.34761,6.0,213.9,511.0,CAPT WEBSTER,,WDF4843,31,0,19,7,,31,A
367456430,2022-01-04T17:28:42,29.04146,-89.31898,6.3,216.6,511.0,CAPT WEBSTER,,WDF4843,31,0,19,7,,31,A
367456430,2022-01-04T17:29:52,29.03987,-89.32044,6.3,218.5,511.0,CAPT WEBSTER,,WDF4843,31,0,19,7,,31,A
367456430,2022-01-04T12:56:41,29.11488,-89.30104,0.0,217.6,511.0,CAPT WEBSTER,,WDF4843,31,0,19,7,,31,A
367456430,2022-01-04T17:31:02,29.03825,-89.32196,6.3,219.8,511.0,CAPT WEBSTER,,WDF4843,31,0,19,7,,31,A
367456430,2022-01-04T15:55:31,29.11489,-89.30104,0.0,286.6,511.0,CAPT WEBSTER,,WDF4843,31,0,19,7,,31,A
367456430,2022-01-04T16:56:31,29.08682,-89.28338,5.4,213.7,511.0,CAPT WEBSTER,,WDF4843,31,0,19,7,,31,A
367456430,2022-01-04T17:32:13,29.03666,-89.32358,6.4,221.6,511.0,CAPT WEBSTER,,WDF4843,31,0,19,7,,31,A
367456430,2022-01-04T16:57:42,29.08518,-89.28464,6.3,214.8,511.0,CAPT WEBSTER,,WDF4843,31,0,19,7,,31,A
367456430,2022-01-04T17:59:41,28.99865,-89.35518,6.1,217.7,511.0,CAPT WEBSTER,,WDF4843,31,0,19,7,,31,A
367456430,2022-01-04T17:39:12,29.02711,-89.33298,6.5,218.8,511.0,CAPT WEBSTER,,WDF4843,31,0,19,7,,31,A
367456430,2022-01-04T17:35:42,29.03186,-89.32831,6.5,222.2,511.0,CAPT WEBSTER,,WDF4843,31,0,19,7,,31,A
367456430,2022-01-04T17:38:02,29.02880,-89.33140,6.4,220.8,511.0,CAPT WEBSTER,,WDF4843,31,0,19,7,,31,A
367456430,2022-01-04T17:41:22,29.02396,-89.33544,6.2,213.4,511.0,CAPT WEBSTER,,WDF4843,31,0,19,7,,31,A
367456430,2022-01-04T16:03:21,29.11523,-89.30181,0.1,268.8,511.0,CAPT WEBSTER,,WDF4843,31,0,19,7,,31,A
367456430,2022-01-04T17:02:12,29.07888,-89.29053,6.5,223.8,511.0,CAPT WEBSTER,,WDF4843,31,0,19,7,,31,A
367456430,2022-01-04T18:21:12,28.97662,-89.37373,2.4,202.6,511.0,CAPT WEBSTER,,WDF4843,31,0,19,7,,31,A
367456430,2022-01-04T13:06:11,29.11489,-89.30103,0.0,207.5,511.0,CAPT WEBSTER,,WDF4843,31,0,19,7,,31,A
367456430,2022-01-04T16:05:43,29.11488,-89.30131,2.6,128.5,511.0,CAPT WEBSTER,,WDF4843,31,0,19,7,,31,A
367456430,2022-01-04T16:06:52,29.11435,-89.30037,3.4,124.5,511.0,CAPT WEBSTER,,WDF4843,31,0,19,7,,31,A
367456430,2022-01-04T16:08:01,29.11376,-89.29925,3.5,119.1,511.0,CAPT WEBSTER,,WDF4843,31,0,19,7,,31,A
367456430,2022-01-04T16:10:13,29.11268,-89.29716,3.6,126.6,511.0,CAPT WEBSTER,,WDF4843,31,0,19,7,,31,A
367456430,2022-01-04T17:48:21,29.01415,-89.34282,6.1,212.7,511.0,CAPT WEBSTER,,WDF4843,31,0,19,7,,31,A
367456430,2022-01-04T17:44:52,29.01900,-89.33925,6.0,214.4,511.0,CAPT WEBSTER,,WDF4843,31,0,19,7,,31,A
367456430,2022-01-04T17:47:13,29.01575,-89.34161,6.0,212.3,511.0,CAPT WEBSTER,,WDF4843,31,0,19,7,,31,A
367456430,2022-01-04T17:51:43,29.00948,-89.34639,6.0,214.0,511.0,CAPT WEBSTER,,WDF4843,31,0,19,7,,31,A
367456430,2022-01-04T17:53:52,29.00651,-89.34867,6.0,216.2,511.0,CAPT WEBSTER,,WDF4843,31,0,19,7,,31,A
367456430,2022-01-04T17:55:01,29.00493,-89.34992,6.0,215.5,511.0,CAPT WEBSTER,,WDF4843,31,0,19,7,,31,A
367456430,2022-01-04T13:14:21,29.11488,-89.30106,0.0,172.0,511.0,CAPT WEBSTER,,WDF4843,31,0,19,7,,31,A
367456430,2022-01-04T17:56:11,29.00334,-89.35125,6.0,216.3,511.0,CAPT WEBSTER,,WDF4843,31,0,19,7,,31,A
367456430,2022-01-04T18:41:41,28.97001,-89.36985,2.1,118.4,511.0,CAPT WEBSTER,,WDF4843,31,0,19,7,,31,A
367456430,2022-01-04T17:21:51,29.05049,-89.31279,5.2,208.4,511.0,CAPT WEBSTER,,WDF4843,31,0,19,7,,31,A
367456430,2022-01-04T18:00:02,28.99819,-89.35559,6.1,218.5,511.0,CAPT WEBSTER,,WDF4843,31,0,19,7,,31,A
367456430,2022-01-04T18:28:21,28.97246,-89.37654,1.4,226.0,511.0,CAPT WEBSTER,,WDF4843,31,0,19,7,,31,A
367456430,2022-01-04T18:02:21,28.99519,-89.35830,6.0,219.9,511.0,CAPT WEBSTER,,WDF4843,31,0,19,7,,31,A
367456430,2022-01-04T18:29:32,28.97266,-89.37631,3.1,60.0,511.0,CAPT WEBSTER,,WDF4843,31,0,19,7,,31,A
367456430,2022-01-04T18:32:12,28.97156,-89.37276,2.7,119.5,511.0,CAPT WEBSTER,,WDF4843,31,0,19,7,,31,A
367456430,2022-01-04T18:33:21,28.97114,-89.37199,2.3,119.8,511.0,CAPT WEBSTER,,WDF4843,31,0,19,7,,31,A
367456430,2022-01-04T18:08:11,28.98745,-89.36523,6.2,217.2,511.0,CAPT WEBSTER,,WDF4843,31,0,19,7,,31,A
367456430,2022-01-04T18:11:43,28.98255,-89.36931,6.2,216.3,511.0,CAPT WEBSTER,,WDF4843,31,0,19,7,,31,A
367456430,2022-01-04T16:36:51,29.11011,-89.27646,0.4,56.6,511.0,CAPT WEBSTER,,WDF4843,31,0,19,7,,31,A
367456430,2022-01-04T18:39:52,28.97050,-89.37044,1.0,160.6,511.0,CAPT WEBSTER,,WDF4843,31,0,19,7,,31,A
367456430,2022-01-04T17:34:32,29.03347,-89.32671,6.5,223.5,511.0,CAPT WEBSTER,,WDF4843,31,0,19,7,,31,A
367456430,2022-01-04T18:12:51,28.98098,-89.37066,5.5,216.5,511.0,CAPT WEBSTER,,WDF4843,31,0,19,7,,31,A
367456430,2022-01-04T18:15:12,28.97911,-89.37229,2.1,215.5,511.0,CAPT WEBSTER,,WDF4843,31,0,19,7,,31,A
367456430,2022-01-04T18:16:22,28.97864,-89.37262,1.3,215.1,511.0,CAPT WEBSTER,,WDF4843,31,0,19,7,,31,A
367456430,2022-01-04T18:18:41,28.97784,-89.37318,1.4,213.0,511.0,CAPT WEBSTER,,WDF4843,31,0,19,7,,31,A
367456430,2022-01-04T19:02:21,28.96936,-89.36943,0.0,298.6,511.0,CAPT WEBSTER,,WDF4843,31,0,19,7,,31,A
367456430,2022-01-04T18:19:53,28.97741,-89.37335,1.9,196.4,511.0,CAPT WEBSTER,,WDF4843,31,0,19,7,,31,A
367456430,2022-01-04T18:23:41,28.97529,-89.37447,1.9,224.6,511.0,CAPT WEBSTER,,WDF4843,31,0,19,7,,31,A
367456430,2022-01-04T18:26:02,28.97415,-89.37543,2.8,209.0,511.0,CAPT WEBSTER,,WDF4843,31,0,19,7,,31,A
367456430,2022-01-04T18:34:52,28.97093,-89.37138,0.8,104.0,511.0,CAPT WEBSTER,,WDF4843,31,0,19,7,,31,A
367456430,2022-01-04T13:47:31,29.11490,-89.30102,0.0,288.9,511.0,CAPT WEBSTER,,WDF4843,31,0,19,7,,31,A
367456430,2022-01-04T18:36:02,28.97103,-89.37115,0.6,42.5,511.0,CAPT WEBSTER,,WDF4843,31,0,19,7,,31,A
367456430,2022-01-04T19:07:03,28.96943,-89.36952,0.1,308.7,511.0,CAPT WEBSTER,,WDF4843,31,0,19,7,,31,A
367456430,2022-01-04T19:09:21,28.96943,-89.36950,0.0,203.8,511.0,CAPT WEBSTER,,WDF4843,31,0,19,7,,31,A
367456430,2022-01-04T13:52:12,29.11490,-89.30105,0.0,293.4,511.0,CAPT WEBSTER,,WDF4843,31,0,19,7,,31,A
367456430,2022-01-04T17:00:02,29.08183,-89.28757,6.6,219.1,511.0,CAPT WEBSTER,,WDF4843,31,0,19,7,,31,A
367456430,2022-01-04T13:55:42,29.11490,-89.30108,0.0,286.2,511.0,CAPT WEBSTER,,WDF4843,31,0,19,7,,31,A
367456430,2022-01-04T18:45:12,28.96951,-89.36879,0.2,107.1,511.0,CAPT WEBSTER,,WDF4843,31,0,19,7,,31,A
367456430,2022-01-04T13:56:51,29.11491,-89.30109,0.0,280.1,511.0,CAPT WEBSTER,,WDF4843,31,0,19,7,,31,A
367456430,2022-01-04T18:47:32,28.96932,-89.36935,0.9,232.5,511.0,CAPT WEBSTER,,WDF4843,31,0,19,7,,31,A
367456430,2022-01-04T18:04:41,28.99215,-89.36105,6.1,220.3,511.0,CAPT WEBSTER,,WDF4843,31,0,19,7,,31,A
367456430,2022-01-04T18:55:42,28.96932,-89.36940,0.0,310.8,511.0,CAPT WEBSTER,,WDF4843,31,0,19,7,,31,A
367456430,2022-01-04T19:40:11,28.96925,-89.36937,0.1,158.0,511.0,CAPT WEBSTER,,WDF4843,31,0,19,7,,31,A
367456430,2022-01-04T18:57:52,28.96933,-89.36942,0.1,312.9,511.0,CAPT WEBSTER,,WDF4843,31,0,19,7,,31,A
367456430,2022-01-04T18:59:02,28.96929,-89.36939,0.1,311.2,511.0,CAPT WEBSTER,,WDF4843,31,0,19,7,,31,A
367456430,2022-01-04T18:17:31,28.97826,-89.37287,1.5,214.8,511.0,CAPT WEBSTER,,WDF4843,31,0,19,7,,31,A
367456430,2022-01-04T17:10:21,29.06790,-89.30107,6.8,220.2,511.0,CAPT WEBSTER,,WDF4843,31,0,19,7,,31,A
367456430,2022-01-04T19:30:51,28.96931,-89.36941,0.2,323.6,511.0,CAPT WEBSTER,,WDF4843,31,0,19,7,,31,A
367456430,2022-01-04T19:33:22,28.96932,-89.36947,0.1,318.7,511.0,CAPT WEBSTER,,WDF4843,31,0,19,7,,31,A
367456430,2022-01-04T17:15:01,29.06078,-89.30679,6.5,213.4,511.0,CAPT WEBSTER,,WDF4843,31,0,19,7,,31,A
367456430,2022-01-04T18:24:51,28.97494,-89.37493,2.6,212.4,511.0,CAPT WEBSTER,,WDF4843,31,0,19,7,,31,A
367456430,2022-01-04T18:27:11,28.97313,-89.37602,3.9,205.2,511.0,CAPT WEBSTER,,WDF4843,31,0,19,7,,31,A
367456430,2022-01-04T19:37:52,28.96929,-89.36943,0.1,158.7,511.0,CAPT WEBSTER,,WDF4843,31,0,19,7,,31,A
367456430,2022-01-04T19:08:12,28.96943,-89.36950,0.0,274.9,511.0,CAPT WEBSTER,,WDF4843,31,0,19,7,,31,A
367456430,2022-01-04T19:11:42,28.96942,-89.36946,0.1,169.8,511.0,CAPT WEBSTER,,WDF4843,31,0,19,7,,31,A
367456430,2022-01-04T14:22:22,29.11486,-89.30110,0.0,304.9,511.0,CAPT WEBSTER,,WDF4843,31,0,19,7,,31,A
367456430,2022-01-04T18:31:02,28.97214,-89.37416,5.5,110.9,511.0,CAPT WEBSTER,,WDF4843,31,0,19,7,,31,A
367456430,2022-01-04T19:14:02,28.96939,-89.36946,0.1,261.2,511.0,CAPT WEBSTER,,WDF4843,31,0,19,7,,31,A
367456430,2022-01-04T19:58:41,28.96944,-89.36953,0.2,309.7,511.0,CAPT WEBSTER,,WDF4843,31,0,19,7,,31,A
367456430,2022-01-04T19:17:32,28.96938,-89.36945,0.1,168.8,511.0,CAPT WEBSTER,,WDF4843,31,0,19,7,,31,A
367456430,2022-01-04T19:46:23,28.96924,-89.36937,0.1,258.6,511.0,CAPT WEBSTER,,WDF4843,31,0,19,7,,31,A
367456430,2022-01-04T14:29:22,29.11489,-89.30105,0.0,295.1,511.0,CAPT WEBSTER,,WDF4843,31,0,19,7,,31,A
367456430,2022-01-04T19:21:01,28.96934,-89.36941,0.1,150.2,511.0,CAPT WEBSTER,,WDF4843,31,0,19,7,,31,A
367456430,2022-01-04T19:19:51,28.96936,-89.36942,0.1,154.5,511.0,CAPT WEBSTER,,WDF4843,31,0,19,7,,31,A
367456430,2022-01-04T18:38:41,28.97084,-89.37054,1.2,150.3,511.0,CAPT WEBSTER,,WDF4843,31,0,19,7,,31,A
367456430,2022-01-04T19:22:12,28.96932,-89.36939,0.1,151.5,511.0,CAPT WEBSTER,,WDF4843,31,0,19,7,,31,A
367456430,2022-01-04T19:24:42,28.96927,-89.36935,0.1,155.6,511.0,CAPT WEBSTER,,WDF4843,31,0,19,7,,31,A
367456430,2022-01-04T18:42:52,28.96965,-89.36923,1.9,124.6,511.0,CAPT WEBSTER,,WDF4843,31,0,19,7,,31,A
367456430,2022-01-04T19:25:51,28.96924,-89.36934,0.1,161.5,511.0,CAPT WEBSTER,,WDF4843,31,0,19,7,,31,A
367456430,2022-01-04T20:00:02,28.96946,-89.36957,0.1,300.5,511.0,CAPT WEBSTER,,WDF4843,31,0,19,7,,31,A
367456430,2022-01-04T17:33:22,29.03512,-89.32510,6.5,222.1,511.0,CAPT WEBSTER,,WDF4843,31,0,19,7,,31,A
367456430,2022-01-04T18:46:21,28.96943,-89.36893,1.4,253.4,511.0,CAPT WEBSTER,,WDF4843,31,0,19,7,,31,A
367456430,2022-01-04T20:01:22,28.96944,-89.36953,0.1,177.8,511.0,CAPT WEBSTER,,WDF4843,31,0,19,7,,31,A
367456430,2022-01-04T14:37:41,29.11492,-89.30104,0.0,274.9,511.0,CAPT WEBSTER,,WDF4843,31,0,19,7,,31,A
367456430,2022-01-04T20:02:31,28.96940,-89.36952,0.2,140.0,511.0,CAPT WEBSTER,,WDF4843,31,0,19,7,,31,A
367456430,2022-01-04T18:48:42,28.96920,-89.36935,0.0,149.1,511.0,CAPT WEBSTER,,WDF4843,31,0,19,7,,31,A
367456430,2022-01-04T19:32:12,28.96934,-89.36942,0.1,317.7,511.0,CAPT WEBSTER,,WDF4843,31,0,19,7,,31,A
367456430,2022-01-04T20:03:42,28.96937,-89.36943,0.2,137.2,511.0,CAPT WEBSTER,,WDF4843,31,0,19,7,,31,A
367456430,2022-01-04T18:49:52,28.96924,-89.36934,0.1,249.3,511.0,CAPT WEBSTER,,WDF4843,31,0,19,7,,31,A
367456430,2022-01-04T19:34:32,28.96933,-89.36946,0.0,274.3,511.0,CAPT WEBSTER,,WDF4843,31,0,19,7,,31,A
367456430,2022-01-04T18:53:11,28.96928,-89.36937,0.1,301.3,511.0,CAPT WEBSTER,,WDF4843,31,0,19,7,,31,A
367456430,2022-01-04T19:41:22,28.96925,-89.36938,0.1,162.9,511.0,CAPT WEBSTER,,WDF4843,31,0,19,7,,31,A
367456430,2022-01-04T18:56:43,28.96930,-89.36940,0.1,317.6,511.0,CAPT WEBSTER,,WDF4843,31,0,19,7,,31,A
367456430,2022-01-04T17:42:32,29.02232,-89.33667,6.2,213.5,511.0,CAPT WEBSTER,,WDF4843,31,0,19,7,,31,A
367456430,2022-01-04T19:42:52,28.96924,-89.36938,0.0,178.0,511.0,CAPT WEBSTER,,WDF4843,31,0,19,7,,31,A
367456430,2022-01-04T20:27:21,28.96933,-89.36945,0.1,324.3,511.0,CAPT WEBSTER,,WDF4843,31,0,19,7,,31,A
367456430,2022-01-04T20:28:33,28.96934,-89.36945,0.1,323.9,511.0,CAPT WEBSTER,,WDF4843,31,0,19,7,,31,A
367456430,2022-01-04T19:45:12,28.96924,-89.36935,0.0,185.9,511.0,CAPT WEBSTER,,WDF4843,31,0,19,7,,31,A
367456430,2022-01-04T19:00:02,28.96932,-89.36942,0.0,302.8,511.0,CAPT WEBSTER,,WDF4843,31,0,19,7,,31,A
367456430,2022-01-04T19:47:42,28.96927,-89.36938,0.1,310.9,511.0,CAPT WEBSTER,,WDF4843,31,0,19,7,,31,A
367456430,2022-01-04T19:01:12,28.96934,-89.36942,0.0,294.6,511.0,CAPT WEBSTER,,WDF4843,31,0,19,7,,31,A
367456430,2022-01-04T20:18:02,28.96925,-89.36936,0.0,192.6,511.0,CAPT WEBSTER,,WDF4843,31,0,19,7,,31,A
367456430,2022-01-04T14:52:51,29.11488,-89.30103,0.0,237.3,511.0,CAPT WEBSTER,,WDF4843,31,0,19,7,,31,A
367456430,2022-01-04T17:49:31,29.01251,-89.34404,6.1,213.5,511.0,CAPT WEBSTER,,WDF4843,31,0,19,7,,31,A
367456430,2022-01-04T19:03:32,28.96935,-89.36944,0.0,300.0,511.0,CAPT WEBSTER,,WDF4843,31,0,19,7,,31,A
367456430,2022-01-04T20:21:32,28.96927,-89.36937,0.1,295.1,511.0,CAPT WEBSTER,,WDF4843,31,0,19,7,,31,A
367456430,2022-01-04T19:52:32,28.96938,-89.36946,0.0,314.3,511.0,CAPT WEBSTER,,WDF4843,31,0,19,7,,31,A
367456430,2022-01-04T20:37:43,28.96928,-89.36939,0.1,158.4,511.0,CAPT WEBSTER,,WDF4843,31,0,19,7,,31,A
367456430,2022-01-04T20:26:12,28.96931,-89.36944,0.1,322.4,511.0,CAPT WEBSTER,,WDF4843,31,0,19,7,,31,A
367456430,2022-01-04T19:10:32,28.96942,-89.36949,0.0,238.7,511.0,CAPT WEBSTER,,WDF4843,31,0,19,7,,31,A
367456430,2022-01-04T20:40:02,28.96919,-89.36931,0.0,160.3,511.0,CAPT WEBSTER,,WDF4843,31,0,19,7,,31,A
367456430,2022-01-04T20:42:21,28.96926,-89.36936,0.1,299.1,511.0,CAPT WEBSTER,,WDF4843,31,0,19,7,,31,A
367456430,2022-01-04T19:57:31,28.96942,-89.36948,0.1,310.1,511.0,CAPT WEBSTER,,WDF4843,31,0,19,7,,31,A
367456430,2022-01-04T15:03:42,29.11489,-89.30105,0.0,235.7,511.0,CAPT WEBSTER,,WDF4843,31,0,19,7,,31,A
367456430,2022-01-04T19:56:22,28.96940,-89.36948,0.1,307.7,511.0,CAPT WEBSTER,,WDF4843,31,0,19,7,,31,A
367456430,2022-01-04T18:01:12,28.99668,-89.35691,6.0,219.9,511.0,CAPT WEBSTER,,WDF4843,31,0,19,7,,31,A
367456430,2022-01-04T18:03:31,28.99371,-89.35968,6.0,218.2,511.0,CAPT WEBSTER,,WDF4843,31,0,19,7,,31,A
367456430,2022-01-04T19:16:22,28.96938,-89.36946,0.1,245.1,511.0,CAPT WEBSTER,,WDF4843,31,0,19,7,,31,A
367456430,2022-01-04T18:05:51,28.99064,-89.36249,6.1,219.2,511.0,CAPT WEBSTER,,WDF4843,31,0,19,7,,31,A
367456430,2022-01-04T20:49:51,28.96944,-89.36952,0.0,312.1,511.0,CAPT WEBSTER,,WDF4843,31,0,19,7,,31,A
367456430,2022-01-04T20:06:12,28.96927,-89.36939,0.1,148.0,511.0,CAPT WEBSTER,,WDF4843,31,0,19,7,,31,A
367456430,2022-01-04T20:07:21,28.96925,-89.36937,0.0,152.2,511.0,CAPT WEBSTER,,WDF4843,31,0,19,7,,31,A
367456430,2022-01-04T20:08:42,28.96924,-89.36937,0.0,171.3,511.0,CAPT WEBSTER,,WDF4843,31,0,19,7,,31,A
367456430,2022-01-04T20:09:43,28.96922,-89.36941,0.0,164.3,511.0,CAPT WEBSTER,,WDF4843,31,0,19,7,,31,A
367456430,2022-01-04T20:04:52,28.96933,-89.36943,0.2,145.6,511.0,CAPT WEBSTER,,WDF4843,31,0,19,7,,31,A
367456430,2022-01-04T20:12:02,28.96920,-89.36940,0.0,156.4,511.0,CAPT WEBSTER,,WDF4843,31,0,19,7,,31,A
367456430,2022-01-04T20:13:12,28.96922,-89.36937,0.0,151.9,511.0,CAPT WEBSTER,,WDF4843,31,0,19,7,,31,A
367456430,2022-01-04T15:13:02,29.11489,-89.30106,0.0,242.5,511.0,CAPT WEBSTER,,WDF4843,31,0,19,7,,31,A
367456430,2022-01-04T20:45:51,28.96937,-89.36942,0.2,326.8,511.0,CAPT WEBSTER,,WDF4843,31,0,19,7,,31,A
367456430,2022-01-04T20:15:41,28.96922,-89.36938,0.0,161.5,511.0,CAPT WEBSTER,,WDF4843,31,0,19,7,,31,A
367456430,2022-01-04T20:16:52,28.96924,-89.36938,0.0,178.6,511.0,CAPT WEBSTER,,WDF4843,31,0,19,7,,31,A
367456430,2022-01-04T20:19:12,28.96925,-89.36937,0.0,245.7,511.0,CAPT WEBSTER,,WDF4843,31,0,19,7,,31,A
367456430,2022-01-04T20:14:22,28.96924,-89.36937,0.0,163.8,511.0,CAPT WEBSTER,,WDF4843,31,0,19,7,,31,A
367456430,2022-01-04T15:17:52,29.11490,-89.30103,0.0,240.6,511.0,CAPT WEBSTER,,WDF4843,31,0,19,7,,31,A
367456430,2022-01-04T20:23:52,28.96927,-89.36943,0.1,311.6,511.0,CAPT WEBSTER,,WDF4843,31,0,19,7,,31,A
367456430,2022-01-04T18:22:32,28.97584,-89.37394,2.4,190.6,511.0,CAPT WEBSTER,,WDF4843,31,0,19,7,,31,A
367456430,2022-01-04T20:29:51,28.96935,-89.36947,0.0,329.1,511.0,CAPT WEBSTER,,WDF4843,31,0,19,7,,31,A
367456430,2022-01-04T19:36:51,28.96932,-89.36945,0.1,192.2,511.0,CAPT WEBSTER,,WDF4843,31,0,19,7,,31,A
367456430,2022-01-04T21:02:22,28.96937,-89.36949,0.2,315.9,511.0,CAPT WEBSTER,,WDF4843,31,0,19,7,,31,A
367456430,2022-01-04T20:32:11,28.96932,-89.36944,0.0,35.4,511.0,CAPT WEBSTER,,WDF4843,31,0,19,7,,31,A
367456430,2022-01-04T20:25:01,28.96929,-89.36943,0.0,314.7,511.0,CAPT WEBSTER,,WDF4843,31,0,19,7,,31,A
367456430,2022-01-04T20:33:21,28.96933,-89.36942,0.1,94.0,511.0,CAPT WEBSTER,,WDF4843,31,0,19,7,,31,A
367456430,2022-01-04T20:31:02,28.96934,-89.36947,0.0,341.1,511.0,CAPT WEBSTER,,WDF4843,31,0,19,7,,31,A
367456430,2022-01-04T21:10:22,28.96936,-89.36948,0.0,168.3,511.0,CAPT WEBSTER,,WDF4843,31,0,19,7,,31,A
367456430,2022-01-04T20:41:12,28.96919,-89.36935,0.1,245.9,511.0,CAPT WEBSTER,,WDF4843,31,0,19,7,,31,A
367456430,2022-01-04T15:29:41,29.11489,-89.30103,0.0,251.7,511.0,CAPT WEBSTER,,WDF4843,31,0,19,7,,31,A
367456430,2022-01-04T21:11:51,28.96937,-89.36947,0.1,161.1,511.0,CAPT WEBSTER,,WDF4843,31,0,19,7,,31,A
367456430,2022-01-04T18:37:31,28.97108,-89.37083,1.0,110.6,511.0,CAPT WEBSTER,,WDF4843,31,0,19,7,,31,A
367456430,2022-01-04T20:43:31,28.96929,-89.36938,0.2,330.4,511.0,CAPT WEBSTER,,WDF4843,31,0,19,7,,31,A
367456430,2022-01-04T20:44:43,28.96930,-89.36942,0.1,320.8,511.0,CAPT WEBSTER,,WDF4843,31,0,19,7,,31,A
367456430,2022-01-04T21:28:02,28.96933,-89.36949,0.1,200.4,511.0,CAPT WEBSTER,,WDF4843,31,0,19,7,,31,A
367456430,2022-01-04T21:31:01,28.96928,-89.36943,0.1,236.6,511.0,CAPT WEBSTER,,WDF4843,31,0,19,7,,31,A
367456430,2022-01-04T21:20:22,28.96936,-89.36943,0.1,251.4,511.0,CAPT WEBSTER,,WDF4843,31,0,19,7,,31,A
367456430,2022-01-04T20:52:21,28.96946,-89.36950,0.0,321.9,511.0,CAPT WEBSTER,,WDF4843,31,0,19,7,,31,A
367456430,2022-01-04T19:59:51,28.96946,-89.36956,0.0,307.4,511.0,CAPT WEBSTER,,WDF4843,31,0,19,7,,31,A
367456430,2022-01-04T20:54:42,28.96936,-89.36946,0.2,133.7,511.0,CAPT WEBSTER,,WDF4843,31,0,19,7,,31,A
367456430,2022-01-04T20:55:52,28.96932,-89.36942,0.1,146.3,511.0,CAPT WEBSTER,,WDF4843,31,0,19,7,,31,A
367456430,2022-01-04T20:51:12,28.96945,-89.36951,0.0,321.5,511.0,CAPT WEBSTER,,WDF4843,31,0,19,7,,31,A
367456430,2022-01-04T20:58:22,28.96931,-89.36939,0.0,116.9,511.0,CAPT WEBSTER,,WDF4843,31,0,19,7,,31,A
367456430,2022-01-04T20:59:31,28.96932,-89.36942,0.1,18.1,511.0,CAPT WEBSTER,,WDF4843,31,0,19,7,,31,A
367456430,2022-01-04T21:00:02,28.96935,-89.36942,0.0,355.1,511.0,CAPT WEBSTER,,WDF4843,31,0,19,7,,31,A
367456430,2022-01-04T21:40:51,28.96942,-89.36956,0.1,279.1,511.0,CAPT WEBSTER,,WDF4843,31,0,19,7,,31,A
367456430,2022-01-04T18:50:53,28.96925,-89.36935,0.1,265.8,511.0,CAPT WEBSTER,,WDF4843,31,0,19,7,,31,A
367456430,2022-01-04T20:57:12,28.96932,-89.36941,0.1,106.8,511.0,CAPT WEBSTER,,WDF4843,31,0,19,7,,31,A
367456430,2022-01-04T18:54:31,28.96930,-89.36938,0.1,314.8,511.0,CAPT WEBSTER,,WDF4843,31,0,19,7,,31,A
367456430,2022-01-04T20:10:52,28.96923,-89.36939,0.0,160.4,511.0,CAPT WEBSTER,,WDF4843,31,0,19,7,,31,A
367456430,2022-01-04T21:01:13,28.96935,-89.36946,0.1,327.0,511.0,CAPT WEBSTER,,WDF4843,31,0,19,7,,31,A
367456430,2022-01-04T21:04:41,28.96940,-89.36955,0.0,308.9,511.0,CAPT WEBSTER,,WDF4843,31,0,19,7,,31,A
367456430,2022-01-04T21:13:01,28.96935,-89.36946,0.0,160.6,511.0,CAPT WEBSTER,,WDF4843,31,0,19,7,,31,A
367456430,2022-01-04T21:14:11,28.96936,-89.36945,0.1,168.7,511.0,CAPT WEBSTER,,WDF4843,31,0,19,7,,31,A
367456430,2022-01-04T21:05:52,28.96940,-89.36951,0.0,265.0,511.0,CAPT WEBSTER,,WDF4843,31,0,19,7,,31,A
367456430,2022-01-04T21:15:32,28.96934,-89.36943,0.0,172.8,511.0,CAPT WEBSTER,,WDF4843,31,0,19,7,,31,A
367456430,2022-01-04T20:20:21,28.96927,-89.36936,0.0,275.1,511.0,CAPT WEBSTER,,WDF4843,31,0,19,7,,31,A
367456430,2022-01-04T16:02:12,29.11525,-89.30179,0.3,347.2,511.0,CAPT WEBSTER,,WDF4843,31,0,19,7,,31,A
367456430,2022-01-04T21:45:42,28.96940,-89.36957,0.0,207.3,511.0,CAPT WEBSTER,,WDF4843,31,0,19,7,,31,A
367456430,2022-01-04T21:46:52,28.96939,-89.36955,0.1,262.0,511.0,CAPT WEBSTER,,WDF4843,31,0,19,7,,31,A
367456430,2022-01-04T21:21:31,28.96936,-89.36947,0.1,286.9,511.0,CAPT WEBSTER,,WDF4843,31,0,19,7,,31,A
367456430,2022-01-04T19:05:52,28.96941,-89.36950,0.2,318.1,511.0,CAPT WEBSTER,,WDF4843,31,0,19,7,,31,A
367456430,2022-01-04T21:26:21,28.96936,-89.36949,0.1,257.3,511.0,CAPT WEBSTER,,WDF4843,31,0,19,7,,31,A
367456430,2022-01-04T20:34:23,28.96931,-89.36941,0.1,122.6,511.0,CAPT WEBSTER,,WDF4843,31,0,19,7,,31,A
367456430,2022-01-04T22:07:12,28.96929,-89.36943,0.0,243.1,511.0,CAPT WEBSTER,,WDF4843,31,0,19,7,,31,A
367456430,2022-01-04T21:56:11,28.96931,-89.36949,0.1,302.1,511.0,CAPT WEBSTER,,WDF4843,31,0,19,7,,31,A
367456430,2022-01-04T20:35:32,28.96930,-89.36939,0.0,140.4,511.0,CAPT WEBSTER,,WDF4843,31,0,19,7,,31,A
367456430,2022-01-04T20:36:42,28.96930,-89.36939,0.1,182.3,511.0,CAPT WEBSTER,,WDF4843,31,0,19,7,,31,A
367456430,2022-01-04T21:19:12,28.96934,-89.36944,0.0,221.3,511.0,CAPT WEBSTER,,WDF4843,31,0,19,7,,31,A
367456430,2022-01-04T16:17:02,29.10957,-89.29018,3.2,115.1,511.0,CAPT WEBSTER,,WDF4843,31,0,19,7,,31,A
367456430,2022-01-04T19:18:41,28.96937,-89.36943,0.0,166.8,511.0,CAPT WEBSTER,,WDF4843,31,0,19,7,,31,A
367456430,2022-01-04T22:15:32,28.96934,-89.36943,0.0,269.4,511.0,CAPT WEBSTER,,WDF4843,31,0,19,7,,31,A
367456430,2022-01-04T21:24:02,28.96937,-89.36948,0.0,289.8,511.0,CAPT WEBSTER,,WDF4843,31,0,19,7,,31,A
367456430,2022-01-04T22:16:52,28.96932,-89.36943,0.1,258.1,511.0,CAPT WEBSTER,,WDF4843,31,0,19,7,,31,A
367456430,2022-01-04T22:20:22,28.96931,-89.36943,0.0,226.9,511.0,CAPT WEBSTER,,WDF4843,31,0,19,7,,31,A
367456430,2022-01-04T19:23:21,28.96930,-89.36936,0.1,152.5,511.0,CAPT WEBSTER,,WDF4843,31,0,19,7,,31,A
367456430,2022-01-04T20:47:01,28.96939,-89.36949,0.1,319.4,511.0,CAPT WEBSTER,,WDF4843,31,0,19,7,,31,A
367456430,2022-01-04T21:33:21,28.96930,-89.36948,0.1,305.0,511.0,CAPT WEBSTER,,WDF4843,31,0,19,7,,31,A
367456430,2022-01-04T16:22:42,29.10836,-89.28603,2.6,73.2,511.0,CAPT WEBSTER,,WDF4843,31,0,19,7,,31,A
367456430,2022-01-04T22:21:23,28.96932,-89.36943,0.0,219.3,511.0,CAPT WEBSTER,,WDF4843,31,0,19,7,,31,A
367456430,2022-01-04T20:48:21,28.96941,-89.36950,0.1,317.0,511.0,CAPT WEBSTER,,WDF4843,31,0,19,7,,31,A
367456430,2022-01-04T21:29:12,28.96928,-89.36945,0.2,153.7,511.0,CAPT WEBSTER,,WDF4843,31,0,19,7,,31,A
367456430,2022-01-04T19:27:02,28.96921,-89.36934,0.0,163.8,511.0,CAPT WEBSTER,,WDF4843,31,0,19,7,,31,A
367456430,2022-01-04T22:28:41,28.96932,-89.36941,0.0,225.4,511.0,CAPT WEBSTER,,WDF4843,31,0,19,7,,31,A
367456430,2022-01-04T22:29:52,28.96930,-89.36941,0.0,213.7,511.0,CAPT WEBSTER,,WDF4843,31,0,19,7,,31,A
367456430,2022-01-04T16:27:42,29.10946,-89.28151,3.2,80.7,511.0,CAPT WEBSTER,,WDF4843,31,0,19,7,,31,A
367456430,2022-01-04T21:38:32,28.96939,-89.36959,0.0,308.2,511.0,CAPT WEBSTER,,WDF4843,31,0,19,7,,31,A
367456430,2022-01-04T21:52:41,28.96930,-89.36944,0.0,151.7,511.0,CAPT WEBSTER,,WDF4843,31,0,19,7,,31,A
367456430,2022-01-04T21:43:21,28.96937,-89.36960,0.0,250.1,511.0,CAPT WEBSTER,,WDF4843,31,0,19,7,,31,A
367456430,2022-01-04T21:49:12,28.96936,-89.36950,0.1,147.5,511.0,CAPT WEBSTER,,WDF4843,31,0,19,7,,31,A
367456430,2022-01-04T21:09:21,28.96937,-89.36951,0.1,170.5,511.0,CAPT WEBSTER,,WDF4843,31,0,19,7,,31,A
367456430,2022-01-04T22:39:12,28.96930,-89.36942,0.0,184.9,511.0,CAPT WEBSTER,,WDF4843,31,0,19,7,,31,A
367456430,2022-01-04T21:53:52,28.96928,-89.36946,0.1,213.0,511.0,CAPT WEBSTER,,WDF4843,31,0,19,7,,31,A
367456430,2022-01-04T21:16:42,28.96935,-89.36945,0.0,207.8,511.0,CAPT WEBSTER,,WDF4843,31,0,19,7,,31,A
367456430,2022-01-04T19:44:02,28.96923,-89.36937,0.1,179.6,511.0,CAPT WEBSTER,,WDF4843,31,0,19,7,,31,A
367456430,2022-01-04T22:00:02,28.96937,-89.36946,0.0,259.6,511.0,CAPT WEBSTER,,WDF4843,31,0,19,7,,31,A
367456430,2022-01-04T22:04:51,28.96926,-89.36943,0.0,174.3,511.0,CAPT WEBSTER,,WDF4843,31,0,19,7,,31,A
367456430,2022-01-04T22:49:31,28.96934,-89.36942,0.0,288.6,511.0,CAPT WEBSTER,,WDF4843,31,0,19,7,,31,A
367456430,2022-01-04T16:49:21,29.09620,-89.27781,9.2,207.0,511.0,CAPT WEBSTER,,WDF4843,31,0,19,7,,31,A
367456430,2022-01-04T19:48:52,28.96930,-89.36940,0.2,321.2,511.0,CAPT WEBSTER,,WDF4843,31,0,19,7,,31,A
367456430,2022-01-04T22:22:42,28.96932,-89.36943,0.0,232.9,511.0,CAPT WEBSTER,,WDF4843,31,0,19,7,,31,A
367456430,2022-01-04T21:22:52,28.96937,-89.36950,0.1,298.6,511.0,CAPT WEBSTER,,WDF4843,31,0,19,7,,31,A
367456430,2022-01-04T22:54:22,28.96937,-89.36948,0.0,300.7,511.0,CAPT WEBSTER,,WDF4843,31,0,19,7,,31,A
367456430,2022-01-04T19:50:01,28.96936,-89.36944,0.1,319.1,511.0,CAPT WEBSTER,,WDF4843,31,0,19,7,,31,A
367456430,2022-01-04T22:10:42,28.96931,-89.36943,0.0,271.1,511.0,CAPT WEBSTER,,WDF4843,31,0,19,7,,31,A
367456430,2022-01-04T22:26:23,28.96933,-89.36940,0.0,217.8,511.0,CAPT WEBSTER,,WDF4843,31,0,19,7,,31,A
367456430,2022-01-04T16:51:42,29.09186,-89.28025,4.8,206.4,511.0,CAPT WEBSTER,,WDF4843,31,0,19,7,,31,A
367456430,2022-01-04T22:08:22,28.96930,-89.36943,0.0,271.1,511.0,CAPT WEBSTER,,WDF4843,31,0,19,7,,31,A
367456430,2022-01-04T23:01:02,28.96937,-89.36949,0.0,267.5,511.0,CAPT WEBSTER,,WDF4843,31,0,19,7,,31,A
367456430,2022-01-04T16:54:12,29.08925,-89.28177,4.1,206.0,511.0,CAPT WEBSTER,,WDF4843,31,0,19,7,,31,A
367456430,2022-01-04T19:55:12,28.96938,-89.36947,0.0,303.8,511.0,CAPT WEBSTER,,WDF4843,31,0,19,7,,31,A
367456430,2022-01-04T21:32:11,28.96930,-89.36944,0.1,284.8,511.0,CAPT WEBSTER,,WDF4843,31,0,19,7,,31,A
367456430,2022-01-04T22:31:03,28.96931,-89.36940,0.0,215.2,511.0,CAPT WEBSTER,,WDF4843,31,0,19,7,,31,A
367456430,2022-01-04T16:55:23,29.08810,-89.28248,4.1,210.8,511.0,CAPT WEBSTER,,WDF4843,31,0,19,7,,31,A
367456430,2022-01-04T21:34:42,28.96934,-89.36948,0.1,311.6,511.0,CAPT WEBSTER,,WDF4843,31,0,19,7,,31,A
367456430,2022-01-04T23:04:42,28.96940,-89.36951,0.1,296.2,511.0,CAPT WEBSTER,,WDF4843,31,0,19,7,,31,A
367456430,2022-01-04T22:38:02,28.96930,-89.36943,0.0,197.6,511.0,CAPT WEBSTER,,WDF4843,31,0,19,7,,31,A
367456430,2022-01-04T23:19:01,28.97008,-89.36897,0.2,237.2,511.0,CAPT WEBSTER,,WDF4843,31,0,19,7,,31,A
367456430,2022-01-04T22:27:31,28.96931,-89.36943,0.0,220.0,511.0,CAPT WEBSTER,,WDF4843,31,0,19,7,,31,A
367456430,2022-01-04T22:34:32,28.96934,-89.36941,0.0,283.6,511.0,CAPT WEBSTER,,WDF4843,31,0,19,7,,31,A
367456430,2022-01-04T21:51:22,28.96931,-89.36946,0.1,151.5,511.0,CAPT WEBSTER,,WDF4843,31,0,19,7,,31,A
367456430,2022-01-04T23:35:42,28.96974,-89.36996,0.3,253.5,511.0,CAPT WEBSTER,,WDF4843,31,0,19,7,,31,A
367456430,2022-01-04T22:53:12,28.96937,-89.36947,0.1,317.2,511.0,CAPT WEBSTER,,WDF4843,31,0,19,7,,31,A
367456430,2022-01-04T23:26:12,28.97028,-89.36901,1.1,308.5,511.0,CAPT WEBSTER,,WDF4843,31,0,19,7,,31,A
367456430,2022-01-04T22:55:41,28.96937,-89.36948,0.0,289.0,511.0,CAPT WEBSTER,,WDF4843,31,0,19,7,,31,A
367456430,2022-01-04T17:06:52,29.07287,-89.29671,6.3,217.1,511.0,CAPT WEBSTER,,WDF4843,31,0,19,7,,31,A
367456430,2022-01-04T22:33:22,28.96933,-89.36943,0.0,266.1,511.0,CAPT WEBSTER,,WDF4843,31,0,19,7,,31,A
367456430,2022-01-04T22:56:42,28.96938,-89.36949,0.1,299.0,511.0,CAPT WEBSTER,,WDF4843,31,0,19,7,,31,A
367456430,2022-01-04T21:57:22,28.96934,-89.36949,0.0,293.8,511.0,CAPT WEBSTER,,WDF4843,31,0,19,7,,31,A
367456430,2022-01-04T21:58:32,28.96938,-89.36945,0.0,264.1,511.0,CAPT WEBSTER,,WDF4843,31,0,19,7,,31,A
367456430,2022-01-04T17:09:12,29.06956,-89.29952,6.6,219.2,511.0,CAPT WEBSTER,,WDF4843,31,0,19,7,,31,A
367456430,2022-01-04T22:46:52,28.96929,-89.36941,0.1,287.0,511.0,CAPT WEBSTER,,WDF4843,31,0,19,7,,31,A
367456430,2022-01-04T23:45:32,28.97840,-89.37287,6.7,34.2,511.0,CAPT WEBSTER,,WDF4843,31,0,19,7,,31,A
367456430,2022-01-04T20:22:43,28.96927,-89.36939,0.0,303.4,511.0,CAPT WEBSTER,,WDF4843,31,0,19,7,,31,A
367456430,2022-01-04T17:11:32,29.06613,-89.30269,6.8,216.4,511.0,CAPT WEBSTER,,WDF4843,31,0,19,7,,31,A
367456430,2022-01-04T22:12:02,28.96932,-89.36944,0.1,287.2,511.0,CAPT WEBSTER,,WDF4843,31,0,19,7,,31,A
367456430,2022-01-04T22:48:12,28.96933,-89.36943,0.1,305.5,511.0,CAPT WEBSTER,,WDF4843,31,0,19,7,,31,A
367456430,2022-01-04T23:44:23,28.97663,-89.37429,6.5,34.0,511.0,CAPT WEBSTER,,WDF4843,31,0,19,7,,31,A
367456430,2022-01-04T22:57:52,28.96939,-89.36950,0.0,283.5,511.0,CAPT WEBSTER,,WDF4843,31,0,19,7,,31,A
367456430,2022-01-04T22:51:52,28.96932,-89.36940,0.1,276.0,511.0,CAPT WEBSTER,,WDF4843,31,0,19,7,,31,A
367456430,2022-01-04T22:19:02,28.96931,-89.36943,0.0,234.9,511.0,CAPT WEBSTER,,WDF4843,31,0,19,7,,31,A
367456430,2022-01-04T23:03:32,28.96935,-89.36947,0.0,266.4,511.0,CAPT WEBSTER,,WDF4843,31,0,19,7,,31,A
367456430,2022-01-04T23:20:02,28.97008,-89.36892,0.1,118.7,511.0,CAPT WEBSTER,,WDF4843,31,0,19,7,,31,A
367456430,2022-01-04T17:23:02,29.04901,-89.31371,5.1,208.5,511.0,CAPT WEBSTER,,WDF4843,31,0,19,7,,31,A
367456430,2022-01-04T22:23:52,28.96932,-89.36943,0.1,247.7,511.0,CAPT WEBSTER,,WDF4843,31,0,19,7,,31,A
367456430,2022-01-04T23:07:01,28.96943,-89.36952,0.0,294.1,511.0,CAPT WEBSTER,,WDF4843,31,0,19,7,,31,A
367456430,2022-01-04T23:53:52,28.99060,-89.36262,6.6,38.7,511.0,CAPT WEBSTER,,WDF4843,31,0,19,7,,31,A
367456430,2022-01-04T17:26:31,29.04442,-89.31665,5.8,212.2,511.0,CAPT WEBSTER,,WDF4843,31,0,19,7,,31,A
367456430,2022-01-04T23:00:01,28.96937,-89.36949,0.0,257.5,511.0,CAPT WEBSTER,,WDF4843,31,0,19,7,,31,A
367456430,2022-01-04T20:38:51,28.96924,-89.36937,0.1,157.3,511.0,CAPT WEBSTER,,WDF4843,31,0,19,7,,31,A
367456430,2022-01-04T23:09:12,28.96942,-89.36950,0.0,218.6,511.0,CAPT WEBSTER,,WDF4843,31,0,19,7,,31,A
367456430,2022-01-04T23:11:32,28.96960,-89.36833,2.0,101.1,511.0,CAPT WEBSTER,,WDF4843,31,0,19,7,,31,A
367456430,2022-01-04T23:27:22,28.97027,-89.36960,1.4,272.0,511.0,CAPT WEBSTER,,WDF4843,31,0,19,7,,31,A
367456430,2022-01-04T23:14:03,28.96983,-89.36826,1.1,295.6,511.0,CAPT WEBSTER,,WDF4843,31,0,19,7,,31,A
367456430,2022-01-04T22:32:11,28.96931,-89.36939,0.0,248.3,511.0,CAPT WEBSTER,,WDF4843,31,0,19,7,,31,A
367456430,2022-01-04T23:17:53,28.97007,-89.36886,0.4,287.7,511.0,CAPT WEBSTER,,WDF4843,31,0,19,7,,31,A
367456430,2022-01-04T23:08:03,28.96943,-89.36953,0.0,239.7,511.0,CAPT WEBSTER,,WDF4843,31,0,19,7,,31,A
367456430,2022-01-04T23:33:12,28.96988,-89.36978,0.3,222.6,511.0,CAPT WEBSTER,,WDF4843,31,0,19,7,,31,A
367456430,2022-01-04T22:36:53,28.96935,-89.36944,0.1,268.1,511.0,CAPT WEBSTER,,WDF4843,31,0,19,7,,31,A
367456430,2022-01-04T23:37:02,28.96972,-89.37012,1.0,280.3,511.0,CAPT WEBSTER,,WDF4843,31,0,19,7,,31,A
367456430,2022-01-04T22:44:12,28.96928,-89.36941,0.0,206.4,511.0,CAPT WEBSTER,,WDF4843,31,0,19,7,,31,A
367456430,2022-01-04T17:43:42,29.02066,-89.33798,6.1,214.5,511.0,CAPT WEBSTER,,WDF4843,31,0,19,7,,31,A
367456430,2022-01-04T23:23:32,28.97009,-89.36879,0.3,301.1,511.0,CAPT WEBSTER,,WDF4843,31,0,19,7,,31,A
367456430,2022-01-04T23:24:52,28.97013,-89.36882,0.4,317.7,511.0,CAPT WEBSTER,,WDF4843,31,0,19,7,,31,A
367456430,2022-01-04T22:50:43,28.96931,-89.36942,0.0,236.2,511.0,CAPT WEBSTER,,WDF4843,31,0,19,7,,31,A
367456430,2022-01-04T17:50:42,29.01086,-89.34531,6.0,213.6,511.0,CAPT WEBSTER,,WDF4843,31,0,19,7,,31,A
367456430,2022-01-04T23:38:12,28.97031,-89.37103,4.2,306.4,511.0,CAPT WEBSTER,,WDF4843,31,0,19,7,,31,A
367456430,2022-01-04T23:29:32,28.97021,-89.36969,0.6,140.6,511.0,CAPT WEBSTER,,WDF4843,31,0,19,7,,31,A
367456430,2022-01-04T23:56:02,28.99370,-89.35978,6.6,38.2,511.0,CAPT WEBSTER,,WDF4843,31,0,19,7,,31,A
367456430,2022-01-04T17:57:21,29.00182,-89.35252,5.9,217.4,511.0,CAPT WEBSTER,,WDF4843,31,0,19,7,,31,A
367456430,2022-01-04T21:07:02,28.96939,-89.36952,0.0,224.3,511.0,CAPT WEBSTER,,WDF4843,31,0,19,7,,31,A
367456430,2022-01-04T17:58:32,29.00022,-89.35383,6.0,216.9,511.0,CAPT WEBSTER,,WDF4843,31,0,19,7,,31,A
367456430,2022-01-04T23:50:21,28.98551,-89.36708,6.5,37.8,511.0,CAPT WEBSTER,,WDF4843,31,0,19,7,,31,A
367456430,2022-01-04T23:05:43,28.96943,-89.36948,0.2,310.1,511.0,CAPT WEBSTER,,WDF4843,31,0,19,7,,31,A
367456430,2022-01-04T23:51:32,28.98720,-89.36562,6.5,36.9,511.0,CAPT WEBSTER,,WDF4843,31,0,19,7,,31,A
367456430,2022-01-04T23:10:21,28.96948,-89.36913,2.0,71.1,511.0,CAPT WEBSTER,,WDF4843,31,0,19,7,,31,A
367456430,2022-01-04T23:59:31,28.99889,-89.35531,6.7,36.2,511.0,CAPT WEBSTER,,WDF4843,31,0,19,7,,31,A
367456430,2022-01-04T23:49:11,28.98380,-89.36855,6.5,35.4,511.0,CAPT WEBSTER,,WDF4843,31,0,19,7,,31,A
367456430,2022-01-04T23:16:31,28.97005,-89.36878,0.2,277.2,511.0,CAPT WEBSTER,,WDF4843,31,0,19,7,,31,A
367456430,2022-01-04T18:10:32,28.98421,-89.36796,6.2,216.1,511.0,CAPT WEBSTER,,WDF4843,31,0,19,7,,31,A
367456430,2022-01-04T23:21:12,28.97008,-89.36886,0.4,81.6,511.0,CAPT WEBSTER,,WDF4843,31,0,19,7,,31,A
367456430,2022-01-04T23:22:23,28.97010,-89.36875,0.3,74.2,511.0,CAPT WEBSTER,,WDF4843,31,0,19,7,,31,A
367456430,2022-01-04T18:14:02,28.97981,-89.37168,3.8,217.4,511.0,CAPT WEBSTER,,WDF4843,31,0,19,7,,31,A
367456430,2022-01-04T23:58:22,28.99715,-89.35679,6.6,35.8,511.0,CAPT WEBSTER,,WDF4843,31,0,19,7,,31,A
367456430,2022-01-04T23:30:52,28.97005,-89.36960,0.2,181.2,511.0,CAPT WEBSTER,,WDF4843,31,0,19,7,,31,A
367456430,2022-01-04T21:35:52,28.96937,-89.36950,0.1,315.4,511.0,CAPT WEBSTER,,WDF4843,31,0,19,7,,31,A
367456430,2022-01-04T21:37:21,28.96940,-89.36954,0.1,309.1,511.0,CAPT WEBSTER,,WDF4843,31,0,19,7,,31,A
367456430,2022-01-04T23:39:22,28.97120,-89.37239,5.0,299.4,511.0,CAPT WEBSTER,,WDF4843,31,0,19,7,,31,A
367456430,2022-01-04T23:40:32,28.97210,-89.37402,5.4,306.5,511.0,CAPT WEBSTER,,WDF4843,31,0,19,7,,31,A
367456430,2022-01-04T21:42:12,28.96942,-89.36956,0.0,250.4,511.0,CAPT WEBSTER,,WDF4843,31,0,19,7,,31,A
367456430,2022-01-04T23:46:42,28.98016,-89.37153,6.5,33.8,511.0,CAPT WEBSTER,,WDF4843,31,0,19,7,,31,A
367456430,2022-01-04T23:52:41,28.98888,-89.36417,6.6,36.9,511.0,CAPT WEBSTER,,WDF4843,31,0,19,7,,31,A
367456430,2022-01-04T21:50:21,28.96931,-89.36947,0.1,144.5,511.0,CAPT WEBSTER,,WDF4843,31,0,19,7,,31,A
367456430,2022-01-04T18:44:03,28.96957,-89.36892,0.2,92.1,511.0,CAPT WEBSTER,,WDF4843,31,0,19,7,,31,A
367456430,2022-01-04T21:59:42,28.96937,-89.36945,0.0,257.2,511.0,CAPT WEBSTER,,WDF4843,31,0,19,7,,31,A
367456430,2022-01-04T18:52:03,28.96925,-89.36937,0.1,287.6,511.0,CAPT WEBSTER,,WDF4843,31,0,19,7,,31,A
367456430,2022-01-04T22:06:02,28.96928,-89.36943,0.0,224.0,511.0,CAPT WEBSTER,,WDF4843,31,0,19,7,,31,A
367456430,2022-01-04T19:04:41,28.96937,-89.36946,0.1,309.8,511.0,CAPT WEBSTER,,WDF4843,31,0,19,7,,31,A
367456430,2022-01-04T22:13:11,28.96932,-89.36944,0.0,286.0,511.0,CAPT WEBSTER,,WDF4843,31,0,19,7,,31,A
367456430,2022-01-04T22:14:22,28.96934,-89.36944,0.0,283.2,511.0,CAPT WEBSTER,,WDF4843,31,0,19,7,,31,A
367456430,2022-01-04T19:12:52,28.96938,-89.36943,0.1,148.2,511.0,CAPT WEBSTER,,WDF4843,31,0,19,7,,31,A
367456430,2022-01-04T22:18:01,28.96933,-89.36943,0.0,245.1,511.0,CAPT WEBSTER,,WDF4843,31,0,19,7,,31,A
367456430,2022-01-04T19:15:12,28.96939,-89.36945,0.0,260.5,511.0,CAPT WEBSTER,,WDF4843,31,0,19,7,,31,A
367456430,2022-01-04T22:25:12,28.96933,-89.36943,0.0,239.6,511.0,CAPT WEBSTER,,WDF4843,31,0,19,7,,31,A
367456430,2022-01-04T19:28:12,28.96920,-89.36936,0.1,228.1,511.0,CAPT WEBSTER,,WDF4843,31,0,19,7,,31,A
367456430,2022-01-04T19:29:22,28.96925,-89.36936,0.2,310.9,511.0,CAPT WEBSTER,,WDF4843,31,0,19,7,,31,A
367456430,2022-01-04T22:35:43,28.96934,-89.36943,0.0,298.0,511.0,CAPT WEBSTER,,WDF4843,31,0,19,7,,31,A
367456430,2022-01-04T19:35:42,28.96933,-89.36944,0.0,226.4,511.0,CAPT WEBSTER,,WDF4843,31,0,19,7,,31,A
367456430,2022-01-04T22:41:41,28.96929,-89.36941,0.0,194.5,511.0,CAPT WEBSTER,,WDF4843,31,0,19,7,,31,A
367456430,2022-01-04T19:39:01,28.96928,-89.36941,0.1,156.3,511.0,CAPT WEBSTER,,WDF4843,31,0,19,7,,31,A
367456430,2022-01-04T19:51:21,28.96938,-89.36946,0.1,315.7,511.0,CAPT WEBSTER,,WDF4843,31,0,19,7,,31,A
367456430,2022-01-04T22:59:01,28.96936,-89.36948,0.0,242.9,511.0,CAPT WEBSTER,,WDF4843,31,0,19,7,,31,A
367456430,2022-01-04T19:53:51,28.96937,-89.36947,0.0,305.5,511.0,CAPT WEBSTER,,WDF4843,31,0,19,7,,31,A
367456430,2022-01-04T23:32:01,28.96996,-89.36970,0.3,223.5,511.0,CAPT WEBSTER,,WDF4843,31,0,19,7,,31,A
367456430,2022-01-04T23:48:03,28.98214,-89.36988,6.5,37.8,511.0,CAPT WEBSTER,,WDF4843,31,0,19,7,,31,A
367456430,2022-01-04T20:53:31,28.96941,-89.36951,0.1,64.1,511.0,CAPT WEBSTER,,WDF4843,31,0,19,7,,31,A
367456430,2022-01-04T21:03:31,28.96938,-89.36955,0.1,309.2,511.0,CAPT WEBSTER,,WDF4843,31,0,19,7,,31,A
367456430,2022-01-04T21:08:13,28.96939,-89.36949,0.1,210.0,511.0,CAPT WEBSTER,,WDF4843,31,0,19,7,,31,A
367456430,2022-01-04T21:17:52,28.96935,-89.36943,0.0,199.5,511.0,CAPT WEBSTER,,WDF4843,31,0,19,7,,31,A
367456430,2022-01-04T21:25:12,28.96936,-89.36949,0.0,249.4,511.0,CAPT WEBSTER,,WDF4843,31,0,19,7,,31,A
367456430,2022-01-04T21:39:42,28.96943,-89.36956,0.1,301.0,511.0,CAPT WEBSTER,,WDF4843,31,0,19,7,,31,A
367456430,2022-01-04T21:44:33,28.96940,-89.36956,0.0,221.2,511.0,CAPT WEBSTER,,WDF4843,31,0,19,7,,31,A
367456430,2022-01-04T21:48:01,28.96937,-89.36952,0.2,166.9,511.0,CAPT WEBSTER,,WDF4843,31,0,19,7,,31,A
367456430,2022-01-04T21:54:53,28.96929,-89.36947,0.1,281.4,511.0,CAPT WEBSTER,,WDF4843,31,0,19,7,,31,A
367456430,2022-01-04T22:03:42,28.96927,-89.36942,0.1,156.4,511.0,CAPT WEBSTER,,WDF4843,31,0,19,7,,31,A
367456430,2022-01-04T22:09:32,28.96931,-89.36943,0.0,268.2,511.0,CAPT WEBSTER,,WDF4843,31,0,19,7,,31,A
367456430,2022-01-04T22:40:32,28.96930,-89.36941,0.0,194.6,511.0,CAPT WEBSTER,,WDF4843,31,0,19,7,,31,A
367456430,2022-01-04T22:42:51,28.96927,-89.36940,0.1,174.3,511.0,CAPT WEBSTER,,WDF4843,31,0,19,7,,31,A
367456430,2022-01-04T22:45:32,28.96928,-89.36939,0.0,247.8,511.0,CAPT WEBSTER,,WDF4843,31,0,19,7,,31,A
367456430,2022-01-04T23:02:23,28.96937,-89.36948,0.0,265.0,511.0,CAPT WEBSTER,,WDF4843,31,0,19,7,,31,A
367456430,2022-01-04T23:12:53,28.96962,-89.36804,0.5,355.3,511.0,CAPT WEBSTER,,WDF4843,31,0,19,7,,31,A
367456430,2022-01-04T23:15:22,28.97002,-89.36866,0.9,295.0,511.0,CAPT WEBSTER,,WDF4843,31,0,19,7,,31,A
367456430,2022-01-04T23:28:23,28.97025,-89.36979,0.1,242.9,511.0,CAPT WEBSTER,,WDF4843,31,0,19,7,,31,A
367456430,2022-01-04T23:34:22,28.96981,-89.36984,0.4,210.9,511.0,CAPT WEBSTER,,WDF4843,31,0,19,7,,31,A
367456430,2022-01-04T23:42:02,28.97369,-89.37558,4.5,341.0,511.0,CAPT WEBSTER,,WDF4843,31,0,19,7,,31,A
367456430,2022-01-04T23:43:22,28.97530,-89.37527,4.8,26.4,511.0,CAPT WEBSTER,,WDF4843,31,0,19,7,,31,A
367456430,2022-01-04T23:54:53,28.99204,-89.36128,6.7,39.6,511.0,CAPT WEBSTER,,WDF4843,31,0,19,7,,31,A
367456430,2022-01-04T23:57:12,28.99544,-89.35825,6.7,36.7,511.0,CAPT WEBSTER,,WDF4843,31,0,19,7,,31,A
367456430,2022-01-05T00:00:01,28.99963,-89.35466,6.7,37.2,511.0,CAPT WEBSTER,,WDF4843,31,0,19,7,,31,A
367456430,2022-01-05T00:04:21,29.00637,-89.34954,7.0,31.3,511.0,CAPT WEBSTER,,WDF4843,31,0,19,7,,31,A
367456430,2022-01-05T00:05:31,29.00821,-89.34807,6.8,36.7,511.0,CAPT WEBSTER,,WDF4843,31,0,19,7,,31,A
367456430,2022-01-05T00:06:42,29.01000,-89.34654,6.7,35.3,511.0,CAPT WEBSTER,,WDF4843,31,0,19,7,,31,A
367456430,2022-01-05T00:07:53,29.01187,-89.34519,6.8,33.7,511.0,CAPT WEBSTER,,WDF4843,31,0,19,7,,31,A
367456430,2022-01-05T00:11:23,29.01734,-89.34086,6.9,35.8,511.0,CAPT WEBSTER,,WDF4843,31,0,19,7,,31,A
367456430,2022-01-05T00:09:02,29.01371,-89.34383,6.8,33.3,511.0,CAPT WEBSTER,,WDF4843,31,0,19,7,,31,A
367456430,2022-01-05T00:12:32,29.01918,-89.33947,6.9,32.2,511.0,CAPT WEBSTER,,WDF4843,31,0,19,7,,31,A
367456430,2022-01-05T00:10:11,29.01553,-89.34243,6.9,35.4,511.0,CAPT WEBSTER,,WDF4843,31,0,19,7,,31,A
367456430,2022-01-05T00:14:52,29.02294,-89.33667,6.8,32.0,511.0,CAPT WEBSTER,,WDF4843,31,0,19,7,,31,A
367456430,2022-01-05T00:17:31,29.02707,-89.33336,6.7,38.1,511.0,CAPT WEBSTER,,WDF4843,31,0,19,7,,31,A
367456430,2022-01-05T00:16:11,29.02508,-89.33510,6.8,33.8,511.0,CAPT WEBSTER,,WDF4843,31,0,19,7,,31,A
367456430,2022-01-05T00:13:42,29.02111,-89.33809,6.9,31.6,511.0,CAPT WEBSTER,,WDF4843,31,0,19,7,,31,A
367456430,2022-01-05T00:21:01,29.03224,-89.32890,6.6,39.8,511.0,CAPT WEBSTER,,WDF4843,31,0,19,7,,31,A
367456430,2022-01-05T00:22:02,29.03366,-89.32759,6.6,40.5,511.0,CAPT WEBSTER,,WDF4843,31,0,19,7,,31,A
367456430,2022-01-05T00:19:51,29.03052,-89.33043,6.7,38.7,511.0,CAPT WEBSTER,,WDF4843,31,0,19,7,,31,A
367456430,2022-01-05T00:23:22,29.03556,-89.32581,6.6,39.5,511.0,CAPT WEBSTER,,WDF4843,31,0,19,7,,31,A
367456430,2022-01-05T00:24:32,29.03724,-89.32432,6.6,34.8,511.0,CAPT WEBSTER,,WDF4843,31,0,19,7,,31,A
367456430,2022-01-05T00:28:01,29.04241,-89.31998,6.5,40.6,511.0,CAPT WEBSTER,,WDF4843,31,0,19,7,,31,A
367456430,2022-01-05T00:25:42,29.03900,-89.32283,6.6,36.1,511.0,CAPT WEBSTER,,WDF4843,31,0,19,7,,31,A
367456430,2022-01-05T00:29:11,29.04407,-89.31844,6.5,37.1,511.0,CAPT WEBSTER,,WDF4843,31,0,19,7,,31,A
367456430,2022-01-05T00:30:12,29.04553,-89.31721,6.6,36.7,511.0,CAPT WEBSTER,,WDF4843,31,0,19,7,,31,A
367456430,2022-01-05T00:26:51,29.04071,-89.32148,6.5,38.2,511.0,CAPT WEBSTER,,WDF4843,31,0,19,7,,31,A
367456430,2022-01-05T00:32:42,29.04937,-89.31432,6.7,28.2,511.0,CAPT WEBSTER,,WDF4843,31,0,19,7,,31,A
367456430,2022-01-05T00:34:12,29.05186,-89.31278,6.8,25.2,511.0,CAPT WEBSTER,,WDF4843,31,0,19,7,,31,A
367456430,2022-01-05T00:36:31,29.05566,-89.31039,6.7,30.6,511.0,CAPT WEBSTER,,WDF4843,31,0,19,7,,31,A
367456430,2022-01-05T00:18:42,29.02880,-89.33188,6.6,35.9,511.0,CAPT WEBSTER,,WDF4843,31,0,19,7,,31,A
367456430,2022-01-05T00:35:22,29.05380,-89.31164,6.7,30.9,511.0,CAPT WEBSTER,,WDF4843,31,0,19,7,,31,A
367456430,2022-01-05T00:40:12,29.06153,-89.30614,6.8,34.6,511.0,CAPT WEBSTER,,WDF4843,31,0,19,7,,31,A
367456430,2022-01-05T00:39:01,29.05963,-89.30760,6.8,34.1,511.0,CAPT WEBSTER,,WDF4843,31,0,19,7,,31,A
367456430,2022-01-05T00:37:51,29.05782,-89.30897,6.7,31.5,511.0,CAPT WEBSTER,,WDF4843,31,0,19,7,,31,A
367456430,2022-01-05T00:41:31,29.06350,-89.30441,6.7,33.8,511.0,CAPT WEBSTER,,WDF4843,31,0,19,7,,31,A
367456430,2022-01-05T00:43:52,29.06692,-89.30136,6.7,44.9,511.0,CAPT WEBSTER,,WDF4843,31,0,19,7,,31,A
367456430,2022-01-05T00:45:02,29.06844,-89.29954,6.8,46.6,511.0,CAPT WEBSTER,,WDF4843,31,0,19,7,,31,A
367456430,2022-01-05T00:46:21,29.07009,-89.29742,6.6,44.0,511.0,CAPT WEBSTER,,WDF4843,31,0,19,7,,31,A
367456430,2022-01-05T00:42:41,29.06527,-89.30300,6.7,37.7,511.0,CAPT WEBSTER,,WDF4843,31,0,19,7,,31,A
367456430,2022-01-05T00:47:42,29.07216,-89.29583,6.7,30.8,511.0,CAPT WEBSTER,,WDF4843,31,0,19,7,,31,A
367456430,2022-01-05T00:51:12,29.07777,-89.29185,6.8,37.4,511.0,CAPT WEBSTER,,WDF4843,31,0,19,7,,31,A
367456430,2022-01-05T00:50:02,29.07588,-89.29325,6.9,32.9,511.0,CAPT WEBSTER,,WDF4843,31,0,19,7,,31,A
367456430,2022-01-05T00:52:13,29.07926,-89.29044,6.9,42.1,511.0,CAPT WEBSTER,,WDF4843,31,0,19,7,,31,A
367456430,2022-01-05T00:54:32,29.08269,-89.28718,7.0,34.6,511.0,CAPT WEBSTER,,WDF4843,31,0,19,7,,31,A
367456430,2022-01-05T00:48:52,29.07401,-89.29459,6.7,32.0,511.0,CAPT WEBSTER,,WDF4843,31,0,19,7,,31,A
367456430,2022-01-05T00:53:22,29.08093,-89.28877,6.9,39.9,511.0,CAPT WEBSTER,,WDF4843,31,0,19,7,,31,A
367456430,2022-01-05T00:56:52,29.08640,-89.28416,7.0,35.2,511.0,CAPT WEBSTER,,WDF4843,31,0,19,7,,31,A
367456430,2022-01-05T00:59:12,29.09019,-89.28135,7.0,26.2,511.0,CAPT WEBSTER,,WDF4843,31,0,19,7,,31,A
367456430,2022-01-05T00:55:42,29.08454,-89.28567,7.0,37.4,511.0,CAPT WEBSTER,,WDF4843,31,0,19,7,,31,A
367456430,2022-01-05T01:04:12,29.09911,-89.27724,6.9,25.0,511.0,CAPT WEBSTER,,WDF4843,31,0,19,7,,31,A
367456430,2022-01-05T00:58:02,29.08821,-89.28255,6.8,33.3,511.0,CAPT WEBSTER,,WDF4843,31,0,19,7,,31,A
367456430,2022-01-05T01:06:31,29.10328,-89.27528,7.0,26.8,511.0,CAPT WEBSTER,,WDF4843,31,0,19,7,,31,A
367456430,2022-01-05T01:03:11,29.09732,-89.27801,7.0,17.3,511.0,CAPT WEBSTER,,WDF4843,31,0,19,7,,31,A
367456430,2022-01-05T01:01:51,29.09486,-89.27892,6.9,20.1,511.0,CAPT WEBSTER,,WDF4843,31,0,19,7,,31,A
367456430,2022-01-05T01:10:02,29.10959,-89.27190,7.2,31.7,511.0,CAPT WEBSTER,,WDF4843,31,0,19,7,,31,A
367456430,2022-01-05T01:08:52,29.10752,-89.27309,6.8,21.8,511.0,CAPT WEBSTER,,WDF4843,31,0,19,7,,31,A
367456430,2022-01-05T01:07:42,29.10542,-89.27424,7.1,25.0,511.0,CAPT WEBSTER,,WDF4843,31,0,19,7,,31,A
367456430,2022-01-05T01:11:12,29.11158,-89.27069,7.0,27.5,511.0,CAPT WEBSTER,,WDF4843,31,0,19,7,,31,A
367456430,2022-01-05T01:13:31,29.11560,-89.26840,7.1,27.4,511.0,CAPT WEBSTER,,WDF4843,31,0,19,7,,31,A
367456430,2022-01-05T01:14:41,29.11762,-89.26714,7.0,25.5,511.0,CAPT WEBSTER,,WDF4843,31,0,19,7,,31,A
367456430,2022-01-05T01:17:12,29.12229,-89.26517,7.1,16.8,511.0,CAPT WEBSTER,,WDF4843,31,0,19,7,,31,A
367456430,2022-01-05T00:31:22,29.04725,-89.31574,6.6,38.6,511.0,CAPT WEBSTER,,WDF4843,31,0,19,7,,31,A
367456430,2022-01-05T01:15:51,29.11973,-89.26611,7.0,19.1,511.0,CAPT WEBSTER,,WDF4843,31,0,19,7,,31,A
367456430,2022-01-05T01:19:31,29.12667,-89.26346,7.1,18.4,511.0,CAPT WEBSTER,,WDF4843,31,0,19,7,,31,A
367456430,2022-01-05T01:21:52,29.13104,-89.26169,7.2,19.7,511.0,CAPT WEBSTER,,WDF4843,31,0,19,7,,31,A
367456430,2022-01-05T01:12:22,29.11362,-89.26962,7.0,27.4,511.0,CAPT WEBSTER,,WDF4843,31,0,19,7,,31,A
367456430,2022-01-05T01:20:42,29.12888,-89.26261,7.2,19.4,511.0,CAPT WEBSTER,,WDF4843,31,0,19,7,,31,A
367456430,2022-01-05T01:26:32,29.14014,-89.25881,7.4,14.0,511.0,CAPT WEBSTER,,WDF4843,31,0,19,7,,31,A
367456430,2022-01-05T01:27:42,29.14253,-89.25837,7.5,5.9,511.0,CAPT WEBSTER,,WDF4843,31,0,19,7,,31,A
367456430,2022-01-05T01:25:31,29.13809,-89.25927,7.2,3.2,511.0,CAPT WEBSTER,,WDF4843,31,0,19,7,,31,A
367456430,2022-01-05T01:32:12,29.15174,-89.25763,7.0,5.6,511.0,CAPT WEBSTER,,WDF4843,31,0,19,7,,31,A
367456430,2022-01-05T01:28:51,29.14494,-89.25817,7.5,7.5,511.0,CAPT WEBSTER,,WDF4843,31,0,19,7,,31,A
367456430,2022-01-05T01:38:01,29.16294,-89.25875,7.1,344.9,511.0,CAPT WEBSTER,,WDF4843,31,0,19,7,,31,A
367456430,2022-01-05T01:34:32,29.15625,-89.25727,7.0,352.7,511.0,CAPT WEBSTER,,WDF4843,31,0,19,7,,31,A
367456430,2022-01-05T01:39:11,29.16515,-89.25954,7.1,339.4,511.0,CAPT WEBSTER,,WDF4843,31,0,19,7,,31,A
367456430,2022-01-05T01:40:12,29.16705,-89.26024,7.2,343.6,511.0,CAPT WEBSTER,,WDF4843,31,0,19,7,,31,A
367456430,2022-01-05T01:29:52,29.14698,-89.25791,7.5,8.3,511.0,CAPT WEBSTER,,WDF4843,31,0,19,7,,31,A
367456430,2022-01-05T01:41:21,29.16923,-89.26091,7.0,346.4,511.0,CAPT WEBSTER,,WDF4843,31,0,19,7,,31,A
367456430,2022-01-05T01:42:32,29.17149,-89.26169,7.1,336.2,511.0,CAPT WEBSTER,,WDF4843,31,0,19,7,,31,A
367456430,2022-01-05T01:35:41,29.15849,-89.25764,7.0,350.6,511.0,CAPT WEBSTER,,WDF4843,31,0,19,7,,31,A
367456430,2022-01-05T01:33:23,29.15401,-89.25728,7.1,7.4,511.0,CAPT WEBSTER,,WDF4843,31,0,19,7,,31,A
367456430,2022-01-05T01:43:42,29.17366,-89.26265,7.2,341.0,511.0,CAPT WEBSTER,,WDF4843,31,0,19,7,,31,A
367456430,2022-01-05T01:44:52,29.17584,-89.26355,7.3,341.7,511.0,CAPT WEBSTER,,WDF4843,31,0,19,7,,31,A
367456430,2022-01-05T01:46:01,29.17803,-89.26443,7.2,340.3,511.0,CAPT WEBSTER,,WDF4843,31,0,19,7,,31,A
367456430,2022-01-05T01:48:11,29.18220,-89.26601,7.3,340.9,511.0,CAPT WEBSTER,,WDF4843,31,0,19,7,,31,A
367456430,2022-01-05T01:49:12,29.18413,-89.26675,7.2,342.6,511.0,CAPT WEBSTER,,WDF4843,31,0,19,7,,31,A
367456430,2022-01-05T01:50:21,29.18629,-89.26776,7.2,335.2,511.0,CAPT WEBSTER,,WDF4843,31,0,19,7,,31,A
367456430,2022-01-05T01:51:31,29.18840,-89.26895,7.3,331.4,511.0,CAPT WEBSTER,,WDF4843,31,0,19,7,,31,A
367456430,2022-01-05T01:57:02,29.19797,-89.27455,6.8,333.3,511.0,CAPT WEBSTER,,WDF4843,31,0,19,7,,31,A
367456430,2022-01-05T01:52:32,29.19021,-89.27004,7.2,332.1,511.0,CAPT WEBSTER,,WDF4843,31,0,19,7,,31,A
367456430,2022-01-05T01:53:33,29.19199,-89.27113,7.2,332.8,511.0,CAPT WEBSTER,,WDF4843,31,0,19,7,,31,A
367456430,2022-01-05T01:55:51,29.19597,-89.27340,6.8,331.6,511.0,CAPT WEBSTER,,WDF4843,31,0,19,7,,31,A
367456430,2022-01-05T01:58:13,29.19993,-89.27574,6.8,330.1,511.0,CAPT WEBSTER,,WDF4843,31,0,19,7,,31,A
367456430,2022-01-05T01:47:03,29.18001,-89.26517,7.3,342.5,511.0,CAPT WEBSTER,,WDF4843,31,0,19,7,,31,A
367456430,2022-01-05T01:59:22,29.20176,-89.27704,6.7,326.3,511.0,CAPT WEBSTER,,WDF4843,31,0,19,7,,31,A
367456430,2022-01-05T02:05:02,29.21067,-89.28383,6.7,323.6,511.0,CAPT WEBSTER,,WDF4843,31,0,19,7,,31,A
367456430,2022-01-05T01:54:42,29.19401,-89.27230,7.0,332.4,511.0,CAPT WEBSTER,,WDF4843,31,0,19,7,,31,A
367456430,2022-01-05T02:08:42,29.21633,-89.28806,6.6,327.6,511.0,CAPT WEBSTER,,WDF4843,31,0,19,7,,31,A
367456430,2022-01-05T02:09:51,29.21813,-89.28936,6.6,325.5,511.0,CAPT WEBSTER,,WDF4843,31,0,19,7,,31,A
367456430,2022-01-05T02:00:01,29.20279,-89.27782,6.7,327.1,511.0,CAPT WEBSTER,,WDF4843,31,0,19,7,,31,A
367456430,2022-01-05T02:12:21,29.22174,-89.29257,6.7,320.1,511.0,CAPT WEBSTER,,WDF4843,31,0,19,7,,31,A
367456430,2022-01-05T02:11:01,29.21983,-89.29090,6.6,322.5,511.0,CAPT WEBSTER,,WDF4843,31,0,19,7,,31,A
367456430,2022-01-05T02:07:32,29.21448,-89.28673,6.7,328.0,511.0,CAPT WEBSTER,,WDF4843,31,0,19,7,,31,A
367456430,2022-01-05T02:21:43,29.23580,-89.30417,6.7,319.8,511.0,CAPT WEBSTER,,WDF4843,31,0,19,7,,31,A
367456430,2022-01-05T02:17:01,29.22882,-89.29825,6.6,323.5,511.0,CAPT WEBSTER,,WDF4843,31,0,19,7,,31,A
367456430,2022-01-05T02:14:43,29.22533,-89.29543,6.7,326.6,511.0,CAPT WEBSTER,,WDF4843,31,0,19,7,,31,A
367456430,2022-01-05T02:19:23,29.23232,-89.30123,6.7,322.6,511.0,CAPT WEBSTER,,WDF4843,31,0,19,7,,31,A
367456430,2022-01-05T02:20:32,29.23405,-89.30262,6.7,327.2,511.0,CAPT WEBSTER,,WDF4843,31,0,19,7,,31,A
367456430,2022-01-05T02:26:21,29.24229,-89.31076,6.7,320.0,511.0,CAPT WEBSTER,,WDF4843,31,0,19,7,,31,A
367456430,2022-01-05T02:22:52,29.23740,-89.30581,6.8,317.9,511.0,CAPT WEBSTER,,WDF4843,31,0,19,7,,31,A
367456430,2022-01-05T02:13:33,29.22352,-89.29409,6.7,324.5,511.0,CAPT WEBSTER,,WDF4843,31,0,19,7,,31,A
367456430,2022-01-05T02:18:12,29.23059,-89.29974,6.6,323.1,511.0,CAPT WEBSTER,,WDF4843,31,0,19,7,,31,A
367456430,2022-01-05T02:27:43,29.24424,-89.31258,6.7,321.2,511.0,CAPT WEBSTER,,WDF4843,31,0,19,7,,31,A
367456430,2022-01-05T02:28:52,29.24597,-89.31411,6.8,320.1,511.0,CAPT WEBSTER,,WDF4843,31,0,19,7,,31,A
367456430,2022-01-05T02:30:02,29.24759,-89.31581,6.8,314.8,511.0,CAPT WEBSTER,,WDF4843,31,0,19,7,,31,A
367456430,2022-01-05T02:31:11,29.24910,-89.31758,6.8,312.6,511.0,CAPT WEBSTER,,WDF4843,31,0,19,7,,31,A
367456430,2022-01-05T02:24:02,29.23900,-89.30750,6.8,317.3,511.0,CAPT WEBSTER,,WDF4843,31,0,19,7,,31,A
367456430,2022-01-05T02:25:11,29.24063,-89.30916,6.7,318.5,511.0,CAPT WEBSTER,,WDF4843,31,0,19,7,,31,A
367456430,2022-01-05T02:33:22,29.25184,-89.32113,6.9,310.6,511.0,CAPT WEBSTER,,WDF4843,31,0,19,7,,31,A
367456430,2022-01-05T02:34:31,29.25328,-89.32301,6.9,310.7,511.0,CAPT WEBSTER,,WDF4843,31,0,19,7,,31,A
367456430,2022-01-05T02:35:42,29.25476,-89.32500,6.9,310.8,511.0,CAPT WEBSTER,,WDF4843,31,0,19,7,,31,A
367456430,2022-01-05T02:36:53,29.25633,-89.32686,6.9,313.6,511.0,CAPT WEBSTER,,WDF4843,31,0,19,7,,31,A
367456430,2022-01-05T02:38:02,29.25778,-89.32875,6.9,309.6,511.0,CAPT WEBSTER,,WDF4843,31,0,19,7,,31,A
367456430,2022-01-05T02:32:21,29.25058,-89.31945,6.9,310.8,511.0,CAPT WEBSTER,,WDF4843,31,0,19,7,,31,A
367456430,2022-01-05T02:40:21,29.26058,-89.33268,7.0,307.0,511.0,CAPT WEBSTER,,WDF4843,31,0,19,7,,31,A
367456430,2022-01-05T01:05:22,29.10123,-89.27627,7.0,23.8,511.0,CAPT WEBSTER,,WDF4843,31,0,19,7,,31,A
367456430,2022-01-05T02:46:12,29.26729,-89.34313,7.0,308.7,511.0,CAPT WEBSTER,,WDF4843,31,0,19,7,,31,A
367456430,2022-01-05T02:45:02,29.26602,-89.34091,7.1,303.8,511.0,CAPT WEBSTER,,WDF4843,31,0,19,7,,31,A
367456430,2022-01-05T02:48:41,29.27097,-89.34677,7.2,316.3,511.0,CAPT WEBSTER,,WDF4843,31,0,19,7,,31,A
367456430,2022-01-05T02:39:12,29.25920,-89.33070,6.9,308.3,511.0,CAPT WEBSTER,,WDF4843,31,0,19,7,,31,A
367456430,2022-01-05T02:50:53,29.27425,-89.35015,7.2,319.4,511.0,CAPT WEBSTER,,WDF4843,31,0,19,7,,31,A
367456430,2022-01-05T02:47:31,29.26921,-89.34509,7.2,322.7,511.0,CAPT WEBSTER,,WDF4843,31,0,19,7,,31,A
367456430,2022-01-05T02:41:31,29.26188,-89.33481,6.9,305.1,511.0,CAPT WEBSTER,,WDF4843,31,0,19,7,,31,A
367456430,2022-01-05T02:53:11,29.27801,-89.35333,7.4,326.0,511.0,CAPT WEBSTER,,WDF4843,31,0,19,7,,31,A
367456430,2022-01-05T02:42:42,29.26338,-89.33677,6.9,312.3,511.0,CAPT WEBSTER,,WDF4843,31,0,19,7,,31,A
367456430,2022-01-05T02:49:52,29.27276,-89.34863,7.2,318.0,511.0,CAPT WEBSTER,,WDF4843,31,0,19,7,,31,A
367456430,2022-01-05T02:52:02,29.27605,-89.35178,7.3,323.3,511.0,CAPT WEBSTER,,WDF4843,31,0,19,7,,31,A
367456430,2022-01-05T02:55:31,29.28206,-89.35622,7.3,328.6,511.0,CAPT WEBSTER,,WDF4843,31,0,19,7,,31,A
367456430,2022-01-05T02:59:01,29.28781,-89.36075,7.1,326.1,511.0,CAPT WEBSTER,,WDF4843,31,0,19,7,,31,A
367456430,2022-01-05T02:56:42,29.28403,-89.35767,7.1,325.5,511.0,CAPT WEBSTER,,WDF4843,31,0,19,7,,31,A
367456430,2022-01-05T02:57:51,29.28590,-89.35917,7.2,324.1,511.0,CAPT WEBSTER,,WDF4843,31,0,19,7,,31,A
367456430,2022-01-05T02:54:23,29.28008,-89.35483,7.4,327.8,511.0,CAPT WEBSTER,,WDF4843,31,0,19,7,,31,A
367456430,2022-01-05T03:09:02,29.30401,-89.37352,7.1,320.6,511.0,CAPT WEBSTER,,WDF4843,31,0,19,7,,31,A
367456430,2022-01-05T03:01:02,29.29117,-89.36311,7.1,328.5,511.0,CAPT WEBSTER,,WDF4843,31,0,19,7,,31,A
367456430,2022-01-05T01:18:22,29.12446,-89.26429,7.2,18.8,511.0,CAPT WEBSTER,,WDF4843,31,0,19,7,,31,A
367456430,2022-01-05T03:04:31,29.29689,-89.36748,7.1,321.8,511.0,CAPT WEBSTER,,WDF4843,31,0,19,7,,31,A
367456430,2022-01-05T03:00:01,29.28950,-89.36194,7.2,328.2,511.0,CAPT WEBSTER,,WDF4843,31,0,19,7,,31,A
367456430,2022-01-05T03:10:12,29.30576,-89.37517,7.0,325.2,511.0,CAPT WEBSTER,,WDF4843,31,0,19,7,,31,A
367456430,2022-01-05T03:06:52,29.30052,-89.37067,7.1,325.6,511.0,CAPT WEBSTER,,WDF4843,31,0,19,7,,31,A
367456430,2022-01-05T03:11:21,29.30770,-89.37653,7.1,333.1,511.0,CAPT WEBSTER,,WDF4843,31,0,19,7,,31,A
367456430,2022-01-05T03:19:52,29.32130,-89.38766,7.1,325.7,511.0,CAPT WEBSTER,,WDF4843,31,0,19,7,,31,A
367456430,2022-01-05T03:12:32,29.30964,-89.37796,7.1,323.4,511.0,CAPT WEBSTER,,WDF4843,31,0,19,7,,31,A
367456430,2022-01-05T03:08:01,29.30246,-89.37214,7.1,324.0,511.0,CAPT WEBSTER,,WDF4843,31,0,19,7,,31,A
367456430,2022-01-05T03:13:42,29.31146,-89.37958,7.1,322.9,511.0,CAPT WEBSTER,,WDF4843,31,0,19,7,,31,A
367456430,2022-01-05T03:23:22,29.32682,-89.39226,7.0,320.4,511.0,CAPT WEBSTER,,WDF4843,31,0,19,7,,31,A
367456430,2022-01-05T03:26:42,29.33192,-89.39682,6.9,320.2,511.0,CAPT WEBSTER,,WDF4843,31,0,19,7,,31,A
367456430,2022-01-05T03:16:21,29.31558,-89.38319,7.0,328.0,511.0,CAPT WEBSTER,,WDF4843,31,0,19,7,,31,A
367456430,2022-01-05T03:17:31,29.31750,-89.38463,7.1,325.9,511.0,CAPT WEBSTER,,WDF4843,31,0,19,7,,31,A
367456430,2022-01-05T03:14:51,29.31319,-89.38121,7.0,318.7,511.0,CAPT WEBSTER,,WDF4843,31,0,19,7,,31,A
367456430,2022-01-05T03:21:02,29.32315,-89.38916,7.1,327.0,511.0,CAPT WEBSTER,,WDF4843,31,0,19,7,,31,A
367456430,2022-01-05T01:23:02,29.13328,-89.26086,7.3,17.4,511.0,CAPT WEBSTER,,WDF4843,31,0,19,7,,31,A
367456430,2022-01-05T03:22:12,29.32502,-89.39070,7.0,322.3,511.0,CAPT WEBSTER,,WDF4843,31,0,19,7,,31,A
367456430,2022-01-05T01:24:21,29.13585,-89.25989,7.2,16.8,511.0,CAPT WEBSTER,,WDF4843,31,0,19,7,,31,A
367456430,2022-01-05T03:32:22,29.33974,-89.40566,7.0,311.5,511.0,CAPT WEBSTER,,WDF4843,31,0,19,7,,31,A
367456430,2022-01-05T03:25:32,29.33014,-89.39526,6.9,320.9,511.0,CAPT WEBSTER,,WDF4843,31,0,19,7,,31,A
367456430,2022-01-05T03:34:41,29.34276,-89.40951,7.0,312.2,511.0,CAPT WEBSTER,,WDF4843,31,0,19,7,,31,A
367456430,2022-01-05T03:35:52,29.34421,-89.41148,7.0,306.5,511.0,CAPT WEBSTER,,WDF4843,31,0,19,7,,31,A
367456430,2022-01-05T03:43:52,29.35281,-89.42629,6.8,312.2,511.0,CAPT WEBSTER,,WDF4843,31,0,19,7,,31,A
367456430,2022-01-05T03:33:32,29.34123,-89.40759,7.0,314.0,511.0,CAPT WEBSTER,,WDF4843,31,0,19,7,,31,A
367456430,2022-01-05T03:38:11,29.34691,-89.41565,7.1,305.3,511.0,CAPT WEBSTER,,WDF4843,31,0,19,7,,31,A
367456430,2022-01-05T03:31:21,29.33842,-89.40402,7.0,313.9,511.0,CAPT WEBSTER,,WDF4843,31,0,19,7,,31,A
367456430,2022-01-05T03:39:21,29.34827,-89.41778,7.0,305.0,511.0,CAPT WEBSTER,,WDF4843,31,0,19,7,,31,A
367456430,2022-01-05T03:40:22,29.34933,-89.41962,7.0,303.2,511.0,CAPT WEBSTER,,WDF4843,31,0,19,7,,31,A
367456430,2022-01-05T03:29:01,29.33521,-89.40030,7.0,315.5,511.0,CAPT WEBSTER,,WDF4843,31,0,19,7,,31,A
367456430,2022-01-05T03:49:30,29.35889,-89.43562,6.8,285.7,511.0,CAPT WEBSTER,,WDF4843,31,0,19,7,,31,A
367456430,2022-01-05T01:31:01,29.14937,-89.25764,7.4,4.5,511.0,CAPT WEBSTER,,WDF4843,31,0,19,7,,31,A
367456430,2022-01-05T03:50:32,29.35956,-89.43776,6.9,292.9,511.0,CAPT WEBSTER,,WDF4843,31,0,19,7,,31,A
367456430,2022-01-05T03:41:31,29.35038,-89.42189,7.0,295.9,511.0,CAPT WEBSTER,,WDF4843,31,0,19,7,,31,A
367456430,2022-01-05T03:51:42,29.36046,-89.44007,6.9,294.5,511.0,CAPT WEBSTER,,WDF4843,31,0,19,7,,31,A
367456430,2022-01-05T03:37:02,29.34560,-89.41354,7.0,306.2,511.0,CAPT WEBSTER,,WDF4843,31,0,19,7,,31,A
367456430,2022-01-05T03:42:41,29.35148,-89.42418,7.0,300.9,511.0,CAPT WEBSTER,,WDF4843,31,0,19,7,,31,A
367456430,2022-01-05T03:48:24,29.35826,-89.43344,6.7,292.8,511.0,CAPT WEBSTER,,WDF4843,31,0,19,7,,31,A
367456430,2022-01-05T03:52:52,29.36152,-89.44233,6.7,296.7,511.0,CAPT WEBSTER,,WDF4843,31,0,19,7,,31,A
367456430,2022-01-05T03:58:41,29.36189,-89.45382,6.6,249.9,511.0,CAPT WEBSTER,,WDF4843,31,0,19,7,,31,A
367456430,2022-01-05T03:47:18,29.35734,-89.43138,6.6,301.5,511.0,CAPT WEBSTER,,WDF4843,31,0,19,7,,31,A
367456430,2022-01-05T03:57:32,29.36259,-89.45152,6.6,252.6,511.0,CAPT WEBSTER,,WDF4843,31,0,19,7,,31,A
367456430,2022-01-05T03:54:02,29.36239,-89.44461,6.8,298.6,511.0,CAPT WEBSTER,,WDF4843,31,0,19,7,,31,A
367456430,2022-01-05T01:36:51,29.16073,-89.25814,7.1,347.6,511.0,CAPT WEBSTER,,WDF4843,31,0,19,7,,31,A
367456430,2022-01-05T03:59:42,29.36125,-89.45577,6.6,246.8,511.0,CAPT WEBSTER,,WDF4843,31,0,19,7,,31,A
367456430,2022-01-05T04:00:01,29.36099,-89.45640,6.6,242.6,511.0,CAPT WEBSTER,,WDF4843,31,0,19,7,,31,A
367456430,2022-01-05T03:55:12,29.36311,-89.44692,6.4,279.3,511.0,CAPT WEBSTER,,WDF4843,31,0,19,7,,31,A
367456430,2022-01-05T03:56:22,29.36312,-89.44926,6.4,262.3,511.0,CAPT WEBSTER,,WDF4843,31,0,19,7,,31,A
367456430,2022-01-05T04:06:03,29.35495,-89.46689,6.8,217.1,511.0,CAPT WEBSTER,,WDF4843,31,0,19,7,,31,A
367456430,2022-01-05T04:14:12,29.34480,-89.48058,6.3,271.3,511.0,CAPT WEBSTER,,WDF4843,31,0,19,7,,31,A
367456430,2022-01-05T04:17:42,29.34728,-89.48687,6.4,302.1,511.0,CAPT WEBSTER,,WDF4843,31,0,19,7,,31,A
367456430,2022-01-05T04:04:53,29.35664,-89.46530,6.6,220.5,511.0,CAPT WEBSTER,,WDF4843,31,0,19,7,,31,A
367456430,2022-01-05T04:11:53,29.34648,-89.47564,7.7,243.2,511.0,CAPT WEBSTER,,WDF4843,31,0,19,7,,31,A
367456430,2022-01-05T04:10:43,29.34762,-89.47322,7.2,229.8,511.0,CAPT WEBSTER,,WDF4843,31,0,19,7,,31,A
367456430,2022-01-05T04:07:12,29.35316,-89.46836,7.0,216.4,511.0,CAPT WEBSTER,,WDF4843,31,0,19,7,,31,A
367456430,2022-01-05T04:09:32,29.34931,-89.47137,7.2,217.1,511.0,CAPT WEBSTER,,WDF4843,31,0,19,7,,31,A
367456430,2022-01-05T04:08:23,29.35128,-89.46987,7.1,211.1,511.0,CAPT WEBSTER,,WDF4843,31,0,19,7,,31,A
367456430,2022-01-05T04:18:52,29.34829,-89.48898,6.5,299.7,511.0,CAPT WEBSTER,,WDF4843,31,0,19,7,,31,A
367456430,2022-01-05T04:28:12,29.35574,-89.50621,6.5,294.3,511.0,CAPT WEBSTER,,WDF4843,31,0,19,7,,31,A
367456430,2022-01-05T04:21:11,29.35012,-89.49327,6.6,296.6,511.0,CAPT WEBSTER,,WDF4843,31,0,19,7,,31,A
367456430,2022-01-05T04:22:22,29.35099,-89.49546,6.4,294.5,511.0,CAPT WEBSTER,,WDF4843,31,0,19,7,,31,A
367456430,2022-01-05T04:16:33,29.34622,-89.48486,6.4,300.3,511.0,CAPT WEBSTER,,WDF4843,31,0,19,7,,31,A
367456430,2022-01-05T04:25:51,29.35386,-89.50182,6.5,297.8,511.0,CAPT WEBSTER,,WDF4843,31,0,19,7,,31,A
367456430,2022-01-05T04:20:02,29.34925,-89.49109,6.5,295.1,511.0,CAPT WEBSTER,,WDF4843,31,0,19,7,,31,A
367456430,2022-01-05T04:38:23,29.36312,-89.52521,6.7,294.0,511.0,CAPT WEBSTER,,WDF4843,31,0,19,7,,31,A
367456430,2022-01-05T04:31:42,29.35829,-89.51276,6.3,294.5,511.0,CAPT WEBSTER,,WDF4843,31,0,19,7,,31,A
367456430,2022-01-05T04:30:32,29.35738,-89.51059,6.5,295.2,511.0,CAPT WEBSTER,,WDF4843,31,0,19,7,,31,A
367456430,2022-01-05T04:34:01,29.35997,-89.51699,6.4,293.7,511.0,CAPT WEBSTER,,WDF4843,31,0,19,7,,31,A
367456430,2022-01-05T04:42:52,29.36532,-89.53440,6.8,287.3,511.0,CAPT WEBSTER,,WDF4843,31,0,19,7,,31,A
367456430,2022-01-05T04:35:03,29.36074,-89.51888,6.5,296.6,511.0,CAPT WEBSTER,,WDF4843,31,0,19,7,,31,A
367456430,2022-01-05T04:29:22,29.35660,-89.50839,6.4,287.8,511.0,CAPT WEBSTER,,WDF4843,31,0,19,7,,31,A
367456430,2022-01-05T04:37:22,29.36245,-89.52324,6.5,292.2,511.0,CAPT WEBSTER,,WDF4843,31,0,19,7,,31,A
367456430,2022-01-05T04:27:01,29.35484,-89.50398,6.5,296.0,511.0,CAPT WEBSTER,,WDF4843,31,0,19,7,,31,A
367456430,2022-01-05T04:45:13,29.36649,-89.53924,6.7,284.8,511.0,CAPT WEBSTER,,WDF4843,31,0,19,7,,31,A
367456430,2022-01-05T04:46:22,29.36702,-89.54163,6.8,285.0,511.0,CAPT WEBSTER,,WDF4843,31,0,19,7,,31,A
367456430,2022-01-05T04:40:43,29.36443,-89.52994,6.7,282.3,511.0,CAPT WEBSTER,,WDF4843,31,0,19,7,,31,A
367456430,2022-01-05T04:41:51,29.36486,-89.53229,6.8,278.8,511.0,CAPT WEBSTER,,WDF4843,31,0,19,7,,31,A
367456430,2022-01-05T04:53:31,29.37065,-89.55577,6.4,291.9,511.0,CAPT WEBSTER,,WDF4843,31,0,19,7,,31,A
367456430,2022-01-05T04:48:41,29.36807,-89.54636,6.6,284.3,511.0,CAPT WEBSTER,,WDF4843,31,0,19,7,,31,A
367456430,2022-01-05T04:44:02,29.36591,-89.53681,6.8,282.9,511.0,CAPT WEBSTER,,WDF4843,31,0,19,7,,31,A
367456430,2022-01-05T04:54:41,29.37161,-89.55785,6.4,300.8,511.0,CAPT WEBSTER,,WDF4843,31,0,19,7,,31,A
367456430,2022-01-05T04:51:02,29.36922,-89.55099,6.4,285.4,511.0,CAPT WEBSTER,,WDF4843,31,0,19,7,,31,A
367456430,2022-01-05T04:57:01,29.37399,-89.56174,6.5,308.1,511.0,CAPT WEBSTER,,WDF4843,31,0,19,7,,31,A
367456430,2022-01-05T05:02:22,29.37873,-89.57124,6.4,302.8,511.0,CAPT WEBSTER,,WDF4843,31,0,19,7,,31,A
367456430,2022-01-05T04:55:52,29.37276,-89.55983,6.4,305.0,511.0,CAPT WEBSTER,,WDF4843,31,0,19,7,,31,A
367456430,2022-01-05T05:01:13,29.37786,-89.56909,6.5,294.2,511.0,CAPT WEBSTER,,WDF4843,31,0,19,7,,31,A
367456430,2022-01-05T05:04:43,29.38111,-89.57516,6.5,306.6,511.0,CAPT WEBSTER,,WDF4843,31,0,19,7,,31,A
367456430,2022-01-05T04:59:13,29.37617,-89.56547,6.5,300.6,511.0,CAPT WEBSTER,,WDF4843,31,0,19,7,,31,A
367456430,2022-01-05T04:47:32,29.36756,-89.54403,6.7,283.3,511.0,CAPT WEBSTER,,WDF4843,31,0,19,7,,31,A
367456430,2022-01-05T05:09:22,29.38572,-89.58324,6.6,300.7,511.0,CAPT WEBSTER,,WDF4843,31,0,19,7,,31,A
367456430,2022-01-05T04:58:12,29.37523,-89.56369,6.5,302.3,511.0,CAPT WEBSTER,,WDF4843,31,0,19,7,,31,A
367456430,2022-01-05T05:03:31,29.37987,-89.57319,6.4,303.0,511.0,CAPT WEBSTER,,WDF4843,31,0,19,7,,31,A
367456430,2022-01-05T05:11:42,29.38799,-89.58722,6.5,309.9,511.0,CAPT WEBSTER,,WDF4843,31,0,19,7,,31,A
367456430,2022-01-05T05:16:12,29.39389,-89.59369,6.5,325.7,511.0,CAPT WEBSTER,,WDF4843,31,0,19,7,,31,A
367456430,2022-01-05T05:07:01,29.38355,-89.57903,6.5,302.3,511.0,CAPT WEBSTER,,WDF4843,31,0,19,7,,31,A
367456430,2022-01-05T05:05:52,29.38238,-89.57707,6.5,305.1,511.0,CAPT WEBSTER,,WDF4843,31,0,19,7,,31,A
367456430,2022-01-05T05:10:31,29.38673,-89.58533,6.4,295.4,511.0,CAPT WEBSTER,,WDF4843,31,0,19,7,,31,A
367456430,2022-01-05T05:13:52,29.39075,-89.59041,6.5,310.7,511.0,CAPT WEBSTER,,WDF4843,31,0,19,7,,31,A
367456430,2022-01-05T05:26:41,29.41000,-89.60454,5.9,350.9,511.0,CAPT WEBSTER,,WDF4843,31,0,19,7,,31,A
367456430,2022-01-05T05:15:02,29.39225,-89.59211,6.5,321.4,511.0,CAPT WEBSTER,,WDF4843,31,0,19,7,,31,A
367456430,2022-01-05T05:08:11,29.38458,-89.58109,6.5,301.5,511.0,CAPT WEBSTER,,WDF4843,31,0,19,7,,31,A
367456430,2022-01-05T02:06:21,29.21264,-89.28540,6.7,325.5,511.0,CAPT WEBSTER,,WDF4843,31,0,19,7,,31,A
367456430,2022-01-05T05:32:23,29.41980,-89.60478,6.3,8.6,511.0,CAPT WEBSTER,,WDF4843,31,0,19,7,,31,A
367456430,2022-01-05T05:29:01,29.41400,-89.60442,6.2,356.1,511.0,CAPT WEBSTER,,WDF4843,31,0,19,7,,31,A
367456430,2022-01-05T05:12:43,29.38927,-89.58873,6.6,316.3,511.0,CAPT WEBSTER,,WDF4843,31,0,19,7,,31,A
367456430,2022-01-05T05:30:02,29.41572,-89.60483,6.4,348.8,511.0,CAPT WEBSTER,,WDF4843,31,0,19,7,,31,A
367456430,2022-01-05T05:17:21,29.39558,-89.59511,6.6,323.5,511.0,CAPT WEBSTER,,WDF4843,31,0,19,7,,31,A
367456430,2022-01-05T05:33:31,29.42178,-89.60438,6.4,11.1,511.0,CAPT WEBSTER,,WDF4843,31,0,19,7,,31,A
367456430,2022-01-05T05:38:03,29.42978,-89.60260,6.7,9.3,511.0,CAPT WEBSTER,,WDF4843,31,0,19,7,,31,A
367456430,2022-01-05T05:24:23,29.40616,-89.60292,6.4,339.6,511.0,CAPT WEBSTER,,WDF4843,31,0,19,7,,31,A
367456430,2022-01-05T05:19:41,29.39900,-89.59801,6.5,323.0,511.0,CAPT WEBSTER,,WDF4843,31,0,19,7,,31,A
367456430,2022-01-05T05:20:53,29.40071,-89.59950,6.4,322.8,511.0,CAPT WEBSTER,,WDF4843,31,0,19,7,,31,A
367456430,2022-01-05T05:42:41,29.43814,-89.60018,6.6,13.4,511.0,CAPT WEBSTER,,WDF4843,31,0,19,7,,31,A
367456430,2022-01-05T05:40:23,29.43402,-89.60160,6.7,4.9,511.0,CAPT WEBSTER,,WDF4843,31,0,19,7,,31,A
367456430,2022-01-05T05:22:02,29.40245,-89.60079,6.5,331.4,511.0,CAPT WEBSTER,,WDF4843,31,0,19,7,,31,A
367456430,2022-01-05T05:25:32,29.40812,-89.60366,6.4,339.3,511.0,CAPT WEBSTER,,WDF4843,31,0,19,7,,31,A
367456430,2022-01-05T05:27:52,29.41202,-89.60452,6.3,4.4,511.0,CAPT WEBSTER,,WDF4843,31,0,19,7,,31,A
367456430,2022-01-05T05:23:12,29.40421,-89.60203,6.4,330.2,511.0,CAPT WEBSTER,,WDF4843,31,0,19,7,,31,A
367456430,2022-01-05T05:31:12,29.41775,-89.60513,6.2,0.0,511.0,CAPT WEBSTER,,WDF4843,31,0,19,7,,31,A
367456430,2022-01-05T05:34:41,29.42386,-89.60397,6.4,11.4,511.0,CAPT WEBSTER,,WDF4843,31,0,19,7,,31,A
367456430,2022-01-05T05:39:12,29.43186,-89.60214,6.7,11.7,511.0,CAPT WEBSTER,,WDF4843,31,0,19,7,,31,A
367456430,2022-01-05T05:35:52,29.42592,-89.60352,6.5,8.2,511.0,CAPT WEBSTER,,WDF4843,31,0,19,7,,31,A
367456430,2022-01-05T05:53:01,29.45155,-89.61090,6.3,294.9,511.0,CAPT WEBSTER,,WDF4843,31,0,19,7,,31,A
367456430,2022-01-05T02:15:53,29.22713,-89.29680,6.7,324.9,511.0,CAPT WEBSTER,,WDF4843,31,0,19,7,,31,A
367456430,2022-01-05T05:37:02,29.42796,-89.60303,6.5,11.8,511.0,CAPT WEBSTER,,WDF4843,31,0,19,7,,31,A
367456430,2022-01-05T05:54:12,29.45241,-89.61309,6.4,295.9,511.0,CAPT WEBSTER,,WDF4843,31,0,19,7,,31,A
367456430,2022-01-05T05:59:53,29.45426,-89.62403,6.3,277.9,511.0,CAPT WEBSTER,,WDF4843,31,0,19,7,,31,A
367456430,2022-01-05T05:41:32,29.43614,-89.60094,6.9,24.8,511.0,CAPT WEBSTER,,WDF4843,31,0,19,7,,31,A
367456430,2022-01-05T05:48:22,29.44759,-89.60287,6.3,318.7,511.0,CAPT WEBSTER,,WDF4843,31,0,19,7,,31,A
367456430,2022-01-05T05:51:51,29.45071,-89.60875,6.4,293.3,511.0,CAPT WEBSTER,,WDF4843,31,0,19,7,,31,A
367456430,2022-01-05T06:04:53,29.45515,-89.63387,6.2,276.2,511.0,CAPT WEBSTER,,WDF4843,31,0,19,7,,31,A
367456430,2022-01-05T05:43:52,29.44023,-89.59984,6.5,4.3,511.0,CAPT WEBSTER,,WDF4843,31,0,19,7,,31,A
367456430,2022-01-05T05:45:02,29.44231,-89.59999,6.4,350.7,511.0,CAPT WEBSTER,,WDF4843,31,0,19,7,,31,A
367456430,2022-01-05T05:49:31,29.44888,-89.60455,6.3,305.1,511.0,CAPT WEBSTER,,WDF4843,31,0,19,7,,31,A
367456430,2022-01-05T06:06:01,29.45535,-89.63609,6.0,273.0,511.0,CAPT WEBSTER,,WDF4843,31,0,19,7,,31,A
367456430,2022-01-05T05:47:12,29.44589,-89.60155,6.4,332.9,511.0,CAPT WEBSTER,,WDF4843,31,0,19,7,,31,A
367456430,2022-01-05T06:09:31,29.45599,-89.64272,6.1,280.2,511.0,CAPT WEBSTER,,WDF4843,31,0,19,7,,31,A
367456430,2022-01-05T05:56:32,29.45362,-89.61746,6.2,279.4,511.0,CAPT WEBSTER,,WDF4843,31,0,19,7,,31,A
367456430,2022-01-05T06:15:22,29.45781,-89.65408,6.3,286.6,511.0,CAPT WEBSTER,,WDF4843,31,0,19,7,,31,A
367456430,2022-01-05T05:57:42,29.45383,-89.61971,6.2,272.7,511.0,CAPT WEBSTER,,WDF4843,31,0,19,7,,31,A
367456430,2022-01-05T06:07:12,29.45543,-89.63827,5.8,274.9,511.0,CAPT WEBSTER,,WDF4843,31,0,19,7,,31,A
367456430,2022-01-05T05:58:52,29.45395,-89.62206,6.2,277.8,511.0,CAPT WEBSTER,,WDF4843,31,0,19,7,,31,A
367456430,2022-01-05T06:23:12,29.46370,-89.66815,6.4,303.9,511.0,CAPT WEBSTER,,WDF4843,31,0,19,7,,31,A
367456430,2022-01-05T06:25:32,29.46609,-89.67196,6.3,305.8,511.0,CAPT WEBSTER,,WDF4843,31,0,19,7,,31,A
367456430,2022-01-05T06:26:41,29.46729,-89.67376,6.3,307.0,511.0,CAPT WEBSTER,,WDF4843,31,0,19,7,,31,A
367456430,2022-01-05T06:30:01,29.47090,-89.67897,6.3,310.6,511.0,CAPT WEBSTER,,WDF4843,31,0,19,7,,31,A
367456430,2022-01-05T06:10:42,29.45637,-89.64499,6.2,277.3,511.0,CAPT WEBSTER,,WDF4843,31,0,19,7,,31,A
367456430,2022-01-05T06:19:51,29.46050,-89.66249,6.4,296.1,511.0,CAPT WEBSTER,,WDF4843,31,0,19,7,,31,A
367456430,2022-01-05T06:11:52,29.45657,-89.64731,6.2,277.3,511.0,CAPT WEBSTER,,WDF4843,31,0,19,7,,31,A
367456430,2022-01-05T06:34:33,29.47635,-89.68539,6.2,316.8,511.0,CAPT WEBSTER,,WDF4843,31,0,19,7,,31,A
367456430,2022-01-05T06:13:03,29.45697,-89.64955,6.2,281.6,511.0,CAPT WEBSTER,,WDF4843,31,0,19,7,,31,A
367456430,2022-01-05T06:36:42,29.47894,-89.68841,6.2,314.0,511.0,CAPT WEBSTER,,WDF4843,31,0,19,7,,31,A
367456430,2022-01-05T06:18:42,29.45975,-89.66031,6.3,290.5,511.0,CAPT WEBSTER,,WDF4843,31,0,19,7,,31,A
367456430,2022-01-05T06:20:52,29.46141,-89.66428,6.4,302.4,511.0,CAPT WEBSTER,,WDF4843,31,0,19,7,,31,A
367456430,2022-01-05T06:33:23,29.47488,-89.68384,6.2,315.7,511.0,CAPT WEBSTER,,WDF4843,31,0,19,7,,31,A
367456430,2022-01-05T06:27:43,29.46834,-89.67539,6.2,307.4,511.0,CAPT WEBSTER,,WDF4843,31,0,19,7,,31,A
367456430,2022-01-05T06:35:41,29.47774,-89.68698,6.2,314.1,511.0,CAPT WEBSTER,,WDF4843,31,0,19,7,,31,A
367456430,2022-01-05T06:47:12,29.49336,-89.70109,6.4,322.6,511.0,CAPT WEBSTER,,WDF4843,31,0,19,7,,31,A
367456430,2022-01-05T06:48:13,29.49480,-89.70236,6.4,323.1,511.0,CAPT WEBSTER,,WDF4843,31,0,19,7,,31,A
367456430,2022-01-05T06:49:22,29.49649,-89.70369,6.5,325.7,511.0,CAPT WEBSTER,,WDF4843,31,0,19,7,,31,A
367456430,2022-01-05T06:50:32,29.49818,-89.70507,6.4,323.6,511.0,CAPT WEBSTER,,WDF4843,31,0,19,7,,31,A
367456430,2022-01-05T06:39:01,29.48180,-89.69160,6.2,318.5,511.0,CAPT WEBSTER,,WDF4843,31,0,19,7,,31,A
367456430,2022-01-05T06:31:02,29.47207,-89.68048,6.3,312.4,511.0,CAPT WEBSTER,,WDF4843,31,0,19,7,,31,A
367456430,2022-01-05T06:41:22,29.48506,-89.69441,6.2,326.4,511.0,CAPT WEBSTER,,WDF4843,31,0,19,7,,31,A
367456430,2022-01-05T06:54:02,29.50343,-89.70892,6.4,325.2,511.0,CAPT WEBSTER,,WDF4843,31,0,19,7,,31,A
367456430,2022-01-05T06:40:12,29.48340,-89.69305,6.2,322.6,511.0,CAPT WEBSTER,,WDF4843,31,0,19,7,,31,A
367456430,2022-01-05T06:55:12,29.50510,-89.71033,6.4,322.8,511.0,CAPT WEBSTER,,WDF4843,31,0,19,7,,31,A
367456430,2022-01-05T06:46:02,29.49170,-89.69964,6.4,321.1,511.0,CAPT WEBSTER,,WDF4843,31,0,19,7,,31,A
367456430,2022-01-05T06:37:51,29.48034,-89.69003,6.2,315.2,511.0,CAPT WEBSTER,,WDF4843,31,0,19,7,,31,A
367456430,2022-01-05T06:43:41,29.48838,-89.69687,6.2,325.4,511.0,CAPT WEBSTER,,WDF4843,31,0,19,7,,31,A
367456430,2022-01-05T02:43:53,29.26479,-89.33878,6.9,305.6,511.0,CAPT WEBSTER,,WDF4843,31,0,19,7,,31,A
367456430,2022-01-05T06:44:52,29.49009,-89.69823,6.3,323.8,511.0,CAPT WEBSTER,,WDF4843,31,0,19,7,,31,A
367456430,2022-01-05T06:52:52,29.50167,-89.70766,6.4,328.0,511.0,CAPT WEBSTER,,WDF4843,31,0,19,7,,31,A
367456430,2022-01-05T07:01:13,29.51325,-89.71817,6.4,319.5,511.0,CAPT WEBSTER,,WDF4843,31,0,19,7,,31,A
367456430,2022-01-05T06:51:42,29.49991,-89.70643,6.4,329.2,511.0,CAPT WEBSTER,,WDF4843,31,0,19,7,,31,A
367456430,2022-01-05T07:07:21,29.52062,-89.72738,6.8,305.8,511.0,CAPT WEBSTER,,WDF4843,31,0,19,7,,31,A
367456430,2022-01-05T06:56:22,29.50671,-89.71183,6.4,319.7,511.0,CAPT WEBSTER,,WDF4843,31,0,19,7,,31,A
367456430,2022-01-05T06:57:32,29.50827,-89.71339,6.3,318.8,511.0,CAPT WEBSTER,,WDF4843,31,0,19,7,,31,A
367456430,2022-01-05T07:08:32,29.52201,-89.72929,6.3,310.2,511.0,CAPT WEBSTER,,WDF4843,31,0,19,7,,31,A
367456430,2022-01-05T06:58:42,29.50981,-89.71495,6.3,320.0,511.0,CAPT WEBSTER,,WDF4843,31,0,19,7,,31,A
367456430,2022-01-05T07:02:23,29.51478,-89.71977,6.3,314.4,511.0,CAPT WEBSTER,,WDF4843,31,0,19,7,,31,A
367456430,2022-01-05T07:04:52,29.51783,-89.72339,6.4,312.9,511.0,CAPT WEBSTER,,WDF4843,31,0,19,7,,31,A
367456430,2022-01-05T07:00:02,29.51165,-89.71665,6.4,320.4,511.0,CAPT WEBSTER,,WDF4843,31,0,19,7,,31,A
367456430,2022-01-05T07:09:42,29.52319,-89.73110,6.0,300.0,511.0,CAPT WEBSTER,,WDF4843,31,0,19,7,,31,A
367456430,2022-01-05T07:16:41,29.52815,-89.74327,6.1,291.9,511.0,CAPT WEBSTER,,WDF4843,31,0,19,7,,31,A
367456430,2022-01-05T07:17:52,29.52909,-89.74531,6.1,302.0,511.0,CAPT WEBSTER,,WDF4843,31,0,19,7,,31,A
367456430,2022-01-05T07:19:02,29.53027,-89.74714,6.2,309.1,511.0,CAPT WEBSTER,,WDF4843,31,0,19,7,,31,A
367456430,2022-01-05T07:21:23,29.53286,-89.75072,6.3,310.9,511.0,CAPT WEBSTER,,WDF4843,31,0,19,7,,31,A
367456430,2022-01-05T07:22:32,29.53424,-89.75247,6.3,310.9,511.0,CAPT WEBSTER,,WDF4843,31,0,19,7,,31,A
367456430,2022-01-05T07:03:42,29.51642,-89.72169,6.4,314.4,511.0,CAPT WEBSTER,,WDF4843,31,0,19,7,,31,A
367456430,2022-01-05T07:14:21,29.52649,-89.73917,6.1,296.9,511.0,CAPT WEBSTER,,WDF4843,31,0,19,7,,31,A
367456430,2022-01-05T07:06:12,29.51940,-89.72546,6.4,308.2,511.0,CAPT WEBSTER,,WDF4843,31,0,19,7,,31,A
367456430,2022-01-05T07:15:33,29.52737,-89.74125,6.1,294.8,511.0,CAPT WEBSTER,,WDF4843,31,0,19,7,,31,A
367456430,2022-01-05T07:30:32,29.54413,-89.76382,6.3,319.7,511.0,CAPT WEBSTER,,WDF4843,31,0,19,7,,31,A
367456430,2022-01-05T07:32:52,29.54728,-89.76680,6.2,317.3,511.0,CAPT WEBSTER,,WDF4843,31,0,19,7,,31,A
367456430,2022-01-05T07:23:41,29.53557,-89.75415,6.2,312.9,511.0,CAPT WEBSTER,,WDF4843,31,0,19,7,,31,A
367456430,2022-01-05T07:10:52,29.52400,-89.73311,6.0,292.9,511.0,CAPT WEBSTER,,WDF4843,31,0,19,7,,31,A
367456430,2022-01-05T07:34:12,29.54890,-89.76871,6.3,313.7,511.0,CAPT WEBSTER,,WDF4843,31,0,19,7,,31,A
367456430,2022-01-05T07:12:03,29.52473,-89.73523,6.0,293.7,511.0,CAPT WEBSTER,,WDF4843,31,0,19,7,,31,A
367456430,2022-01-05T07:36:32,29.55181,-89.77196,6.3,317.6,511.0,CAPT WEBSTER,,WDF4843,31,0,19,7,,31,A
367456430,2022-01-05T03:02:13,29.29316,-89.36453,7.1,327.9,511.0,CAPT WEBSTER,,WDF4843,31,0,19,7,,31,A
367456430,2022-01-05T07:28:12,29.54105,-89.76075,6.3,316.8,511.0,CAPT WEBSTER,,WDF4843,31,0,19,7,,31,A
367456430,2022-01-05T03:03:21,29.29505,-89.36593,7.1,324.8,511.0,CAPT WEBSTER,,WDF4843,31,0,19,7,,31,A
367456430,2022-01-05T07:27:01,29.53958,-89.75905,6.3,313.2,511.0,CAPT WEBSTER,,WDF4843,31,0,19,7,,31,A
367456430,2022-01-05T07:29:23,29.54259,-89.76233,6.3,319.5,511.0,CAPT WEBSTER,,WDF4843,31,0,19,7,,31,A
367456430,2022-01-05T07:20:13,29.53155,-89.74895,6.2,310.2,511.0,CAPT WEBSTER,,WDF4843,31,0,19,7,,31,A
367456430,2022-01-05T07:31:43,29.54574,-89.76531,6.2,320.5,511.0,CAPT WEBSTER,,WDF4843,31,0,19,7,,31,A
367456430,2022-01-05T07:35:23,29.55034,-89.77039,6.3,314.9,511.0,CAPT WEBSTER,,WDF4843,31,0,19,7,,31,A
367456430,2022-01-05T07:25:51,29.53818,-89.75734,6.3,313.4,511.0,CAPT WEBSTER,,WDF4843,31,0,19,7,,31,A
367456430,2022-01-05T03:05:42,29.29870,-89.36912,7.1,321.7,511.0,CAPT WEBSTER,,WDF4843,31,0,19,7,,31,A
367456430,2022-01-05T07:24:42,29.53680,-89.75562,6.3,313.1,511.0,CAPT WEBSTER,,WDF4843,31,0,19,7,,31,A
367456430,2022-01-05T07:40:01,29.55639,-89.77661,6.3,321.5,511.0,CAPT WEBSTER,,WDF4843,31,0,19,7,,31,A
367456430,2022-01-05T07:41:13,29.55804,-89.77800,6.2,326.9,511.0,CAPT WEBSTER,,WDF4843,31,0,19,7,,31,A
367456430,2022-01-05T07:38:53,29.55481,-89.77517,6.3,320.2,511.0,CAPT WEBSTER,,WDF4843,31,0,19,7,,31,A
367456430,2022-01-05T07:43:32,29.56086,-89.78106,6.1,302.9,511.0,CAPT WEBSTER,,WDF4843,31,0,19,7,,31,A
367456430,2022-01-05T07:52:42,29.57066,-89.79521,6.2,309.9,511.0,CAPT WEBSTER,,WDF4843,31,0,19,7,,31,A
367456430,2022-01-05T07:44:42,29.56198,-89.78294,6.2,304.4,511.0,CAPT WEBSTER,,WDF4843,31,0,19,7,,31,A
367456430,2022-01-05T07:37:42,29.55329,-89.77354,6.3,315.7,511.0,CAPT WEBSTER,,WDF4843,31,0,19,7,,31,A
367456430,2022-01-05T07:45:51,29.56311,-89.78482,6.2,305.6,511.0,CAPT WEBSTER,,WDF4843,31,0,19,7,,31,A
367456430,2022-01-05T07:42:23,29.55964,-89.77934,6.0,314.6,511.0,CAPT WEBSTER,,WDF4843,31,0,19,7,,31,A
367456430,2022-01-05T08:00:02,29.57856,-89.80601,6.2,302.3,511.0,CAPT WEBSTER,,WDF4843,31,0,19,7,,31,A
367456430,2022-01-05T07:48:02,29.56555,-89.78813,6.2,312.2,511.0,CAPT WEBSTER,,WDF4843,31,0,19,7,,31,A
367456430,2022-01-05T07:50:22,29.56815,-89.79164,6.2,307.8,511.0,CAPT WEBSTER,,WDF4843,31,0,19,7,,31,A
367456430,2022-01-05T08:04:12,29.58249,-89.81295,6.4,306.0,511.0,CAPT WEBSTER,,WDF4843,31,0,19,7,,31,A
367456430,2022-01-05T08:08:51,29.58716,-89.82083,6.4,301.6,511.0,CAPT WEBSTER,,WDF4843,31,0,19,7,,31,A
367456430,2022-01-05T07:58:32,29.57725,-89.80352,5.9,302.2,511.0,CAPT WEBSTER,,WDF4843,31,0,19,7,,31,A
367456430,2022-01-05T07:59:42,29.57825,-89.80544,6.1,299.3,511.0,CAPT WEBSTER,,WDF4843,31,0,19,7,,31,A
367456430,2022-01-05T08:12:22,29.59084,-89.82654,6.4,307.4,511.0,CAPT WEBSTER,,WDF4843,31,0,19,7,,31,A
367456430,2022-01-05T07:56:11,29.57464,-89.80025,6.1,317.0,511.0,CAPT WEBSTER,,WDF4843,31,0,19,7,,31,A
367456430,2022-01-05T07:53:53,29.57199,-89.79697,6.2,310.5,511.0,CAPT WEBSTER,,WDF4843,31,0,19,7,,31,A
367456430,2022-01-05T08:05:23,29.58378,-89.81489,6.4,307.7,511.0,CAPT WEBSTER,,WDF4843,31,0,19,7,,31,A
367456430,2022-01-05T07:57:23,29.57608,-89.80183,6.0,311.0,511.0,CAPT WEBSTER,,WDF4843,31,0,19,7,,31,A
367456430,2022-01-05T08:06:31,29.58497,-89.81677,6.4,304.4,511.0,CAPT WEBSTER,,WDF4843,31,0,19,7,,31,A
367456430,2022-01-05T03:18:42,29.31940,-89.38615,7.1,323.3,511.0,CAPT WEBSTER,,WDF4843,31,0,19,7,,31,A
367456430,2022-01-05T08:21:22,29.59886,-89.84191,6.2,285.7,511.0,CAPT WEBSTER,,WDF4843,31,0,19,7,,31,A
367456430,2022-01-05T08:11:12,29.58955,-89.82470,6.4,307.7,511.0,CAPT WEBSTER,,WDF4843,31,0,19,7,,31,A
367456430,2022-01-05T08:23:32,29.59975,-89.84607,6.1,284.2,511.0,CAPT WEBSTER,,WDF4843,31,0,19,7,,31,A
367456430,2022-01-05T08:07:42,29.58613,-89.81878,6.4,301.5,511.0,CAPT WEBSTER,,WDF4843,31,0,19,7,,31,A
367456430,2022-01-05T08:10:01,29.58830,-89.82280,6.3,306.4,511.0,CAPT WEBSTER,,WDF4843,31,0,19,7,,31,A
367456430,2022-01-05T08:27:02,29.60132,-89.85263,6.0,283.7,511.0,CAPT WEBSTER,,WDF4843,31,0,19,7,,31,A
367456430,2022-01-05T03:24:31,29.32857,-89.39391,7.0,319.3,511.0,CAPT WEBSTER,,WDF4843,31,0,19,7,,31,A
367456430,2022-01-05T08:24:42,29.60029,-89.84824,6.2,286.1,511.0,CAPT WEBSTER,,WDF4843,31,0,19,7,,31,A
367456430,2022-01-05T08:14:41,29.59323,-89.83036,6.3,304.6,511.0,CAPT WEBSTER,,WDF4843,31,0,19,7,,31,A
367456430,2022-01-05T08:31:42,29.60444,-89.86083,6.1,300.4,511.0,CAPT WEBSTER,,WDF4843,31,0,19,7,,31,A
367456430,2022-01-05T08:25:51,29.60084,-89.85042,6.1,285.5,511.0,CAPT WEBSTER,,WDF4843,31,0,19,7,,31,A
367456430,2022-01-05T08:22:31,29.59934,-89.84413,6.2,282.7,511.0,CAPT WEBSTER,,WDF4843,31,0,19,7,,31,A
367456430,2022-01-05T08:19:02,29.59720,-89.83774,6.2,299.1,511.0,CAPT WEBSTER,,WDF4843,31,0,19,7,,31,A
367456430,2022-01-05T03:27:52,29.33360,-89.39854,7.0,315.5,511.0,CAPT WEBSTER,,WDF4843,31,0,19,7,,31,A
367456430,2022-01-05T08:30:33,29.60337,-89.85890,6.1,302.4,511.0,CAPT WEBSTER,,WDF4843,31,0,19,7,,31,A
367456430,2022-01-05T08:40:51,29.60976,-89.87783,6.3,290.6,511.0,CAPT WEBSTER,,WDF4843,31,0,19,7,,31,A
367456430,2022-01-05T08:28:11,29.60181,-89.85481,6.0,285.5,511.0,CAPT WEBSTER,,WDF4843,31,0,19,7,,31,A
367456430,2022-01-05T03:30:12,29.33689,-89.40217,7.0,316.5,511.0,CAPT WEBSTER,,WDF4843,31,0,19,7,,31,A
367456430,2022-01-05T08:37:23,29.60784,-89.87125,6.2,285.4,511.0,CAPT WEBSTER,,WDF4843,31,0,19,7,,31,A
367456430,2022-01-05T08:46:23,29.61347,-89.88807,6.2,296.0,511.0,CAPT WEBSTER,,WDF4843,31,0,19,7,,31,A
367456430,2022-01-05T08:32:43,29.60523,-89.86256,6.2,295.8,511.0,CAPT WEBSTER,,WDF4843,31,0,19,7,,31,A
367456430,2022-01-05T08:49:53,29.61655,-89.89410,6.3,299.4,511.0,CAPT WEBSTER,,WDF4843,31,0,19,7,,31,A
367456430,2022-01-05T08:36:12,29.60730,-89.86902,6.3,285.5,511.0,CAPT WEBSTER,,WDF4843,31,0,19,7,,31,A
367456430,2022-01-05T08:29:23,29.60244,-89.85693,6.0,293.8,511.0,CAPT WEBSTER,,WDF4843,31,0,19,7,,31,A
367456430,2022-01-05T08:39:41,29.60904,-89.87565,6.3,289.4,511.0,CAPT WEBSTER,,WDF4843,31,0,19,7,,31,A
367456430,2022-01-05T08:33:52,29.60609,-89.86464,6.2,292.0,511.0,CAPT WEBSTER,,WDF4843,31,0,19,7,,31,A
367456430,2022-01-05T08:53:22,29.61957,-89.90010,6.1,300.8,511.0,CAPT WEBSTER,,WDF4843,31,0,19,7,,31,A
367456430,2022-01-05T08:41:52,29.61039,-89.87975,6.4,291.5,511.0,CAPT WEBSTER,,WDF4843,31,0,19,7,,31,A
367456430,2022-01-05T08:45:13,29.61261,-89.88596,6.3,294.1,511.0,CAPT WEBSTER,,WDF4843,31,0,19,7,,31,A
367456430,2022-01-05T08:42:53,29.61106,-89.88163,6.4,292.7,511.0,CAPT WEBSTER,,WDF4843,31,0,19,7,,31,A
367456430,2022-01-05T08:44:02,29.61182,-89.88381,6.3,291.9,511.0,CAPT WEBSTER,,WDF4843,31,0,19,7,,31,A
367456430,2022-01-05T08:52:12,29.61854,-89.89809,6.2,299.0,511.0,CAPT WEBSTER,,WDF4843,31,0,19,7,,31,A
367456430,2022-01-05T09:07:31,29.63355,-89.92276,6.2,302.8,511.0,CAPT WEBSTER,,WDF4843,31,0,19,7,,31,A
367456430,2022-01-05T09:05:12,29.63109,-89.91915,6.3,313.4,511.0,CAPT WEBSTER,,WDF4843,31,0,19,7,,31,A
367456430,2022-01-05T09:10:53,29.63650,-89.92859,6.3,302.0,511.0,CAPT WEBSTER,,WDF4843,31,0,19,7,,31,A
367456430,2022-01-05T08:55:42,29.62174,-89.90391,6.1,303.8,511.0,CAPT WEBSTER,,WDF4843,31,0,19,7,,31,A
367456430,2022-01-05T08:54:31,29.62062,-89.90199,6.1,302.5,511.0,CAPT WEBSTER,,WDF4843,31,0,19,7,,31,A
367456430,2022-01-05T09:09:52,29.63561,-89.92681,6.3,297.7,511.0,CAPT WEBSTER,,WDF4843,31,0,19,7,,31,A
367456430,2022-01-05T08:51:01,29.61753,-89.89609,6.2,299.9,511.0,CAPT WEBSTER,,WDF4843,31,0,19,7,,31,A
367456430,2022-01-05T09:03:01,29.62887,-89.91571,6.2,300.6,511.0,CAPT WEBSTER,,WDF4843,31,0,19,7,,31,A
367456430,2022-01-05T09:04:03,29.62981,-89.91738,6.2,306.7,511.0,CAPT WEBSTER,,WDF4843,31,0,19,7,,31,A
367456430,2022-01-05T09:15:31,29.64005,-89.93708,6.5,288.0,511.0,CAPT WEBSTER,,WDF4843,31,0,19,7,,31,A
367456430,2022-01-05T09:08:42,29.63460,-89.92478,6.2,300.3,511.0,CAPT WEBSTER,,WDF4843,31,0,19,7,,31,A
367456430,2022-01-05T03:45:02,29.35466,-89.42774,6.8,325.0,511.0,CAPT WEBSTER,,WDF4843,31,0,19,7,,31,A
367456430,2022-01-05T09:06:21,29.63238,-89.92087,6.2,305.9,511.0,CAPT WEBSTER,,WDF4843,31,0,19,7,,31,A
367456430,2022-01-05T03:46:13,29.35619,-89.42943,6.6,309.6,511.0,CAPT WEBSTER,,WDF4843,31,0,19,7,,31,A
367456430,2022-01-05T08:59:12,29.62504,-89.90965,6.2,303.3,511.0,CAPT WEBSTER,,WDF4843,31,0,19,7,,31,A
367456430,2022-01-05T09:12:02,29.63757,-89.93058,6.4,301.9,511.0,CAPT WEBSTER,,WDF4843,31,0,19,7,,31,A
367456430,2022-01-05T09:14:22,29.63938,-89.93485,6.4,290.3,511.0,CAPT WEBSTER,,WDF4843,31,0,19,7,,31,A
367456430,2022-01-05T09:19:13,29.64194,-89.94440,6.5,288.1,511.0,CAPT WEBSTER,,WDF4843,31,0,19,7,,31,A
367456430,2022-01-05T09:16:52,29.64078,-89.93975,6.6,286.0,511.0,CAPT WEBSTER,,WDF4843,31,0,19,7,,31,A
367456430,2022-01-05T09:35:23,29.66606,-89.95731,6.1,351.5,511.0,CAPT WEBSTER,,WDF4843,31,0,19,7,,31,A
367456430,2022-01-05T09:18:03,29.64139,-89.94206,6.4,284.4,511.0,CAPT WEBSTER,,WDF4843,31,0,19,7,,31,A
367456430,2022-01-05T09:33:12,29.66248,-89.95631,6.2,347.2,511.0,CAPT WEBSTER,,WDF4843,31,0,19,7,,31,A
367456430,2022-01-05T09:23:52,29.64734,-89.95215,6.5,322.2,511.0,CAPT WEBSTER,,WDF4843,31,0,19,7,,31,A
367456430,2022-01-05T09:22:42,29.64566,-89.95050,6.8,317.3,511.0,CAPT WEBSTER,,WDF4843,31,0,19,7,,31,A
367456430,2022-01-05T09:20:23,29.64286,-89.94655,6.6,301.6,511.0,CAPT WEBSTER,,WDF4843,31,0,19,7,,31,A
367456430,2022-01-05T09:42:23,29.67802,-89.96048,6.4,344.5,511.0,CAPT WEBSTER,,WDF4843,31,0,19,7,,31,A
367456430,2022-01-05T09:28:31,29.65463,-89.95464,6.1,351.3,511.0,CAPT WEBSTER,,WDF4843,31,0,19,7,,31,A
367456430,2022-01-05T09:27:21,29.65272,-89.95440,6.0,355.6,511.0,CAPT WEBSTER,,WDF4843,31,0,19,7,,31,A
367456430,2022-01-05T09:37:43,29.67009,-89.95788,6.3,350.2,511.0,CAPT WEBSTER,,WDF4843,31,0,19,7,,31,A
367456430,2022-01-05T09:40:02,29.67408,-89.95903,6.4,341.6,511.0,CAPT WEBSTER,,WDF4843,31,0,19,7,,31,A
367456430,2022-01-05T09:21:31,29.64411,-89.94866,7.0,308.5,511.0,CAPT WEBSTER,,WDF4843,31,0,19,7,,31,A
367456430,2022-01-05T09:38:53,29.67209,-89.95835,6.4,345.4,511.0,CAPT WEBSTER,,WDF4843,31,0,19,7,,31,A
367456430,2022-01-05T09:30:53,29.65864,-89.95536,6.0,349.9,511.0,CAPT WEBSTER,,WDF4843,31,0,19,7,,31,A
367456430,2022-01-05T09:53:52,29.69535,-89.97231,6.0,325.7,511.0,CAPT WEBSTER,,WDF4843,31,0,19,7,,31,A
367456430,2022-01-05T09:26:12,29.65086,-89.95416,5.9,347.7,511.0,CAPT WEBSTER,,WDF4843,31,0,19,7,,31,A
367456430,2022-01-05T09:41:13,29.67606,-89.95975,6.4,342.0,511.0,CAPT WEBSTER,,WDF4843,31,0,19,7,,31,A
367456430,2022-01-05T09:43:31,29.67997,-89.96130,6.4,334.9,511.0,CAPT WEBSTER,,WDF4843,31,0,19,7,,31,A
367456430,2022-01-05T09:44:43,29.68186,-89.96239,6.5,333.2,511.0,CAPT WEBSTER,,WDF4843,31,0,19,7,,31,A
367456430,2022-01-05T09:36:32,29.66803,-89.95755,6.2,353.8,511.0,CAPT WEBSTER,,WDF4843,31,0,19,7,,31,A
367456430,2022-01-05T09:29:42,29.65667,-89.95497,6.1,351.5,511.0,CAPT WEBSTER,,WDF4843,31,0,19,7,,31,A
367456430,2022-01-05T09:47:02,29.68557,-89.96464,6.3,331.2,511.0,CAPT WEBSTER,,WDF4843,31,0,19,7,,31,A
367456430,2022-01-05T09:58:31,29.70095,-89.97813,5.9,317.0,511.0,CAPT WEBSTER,,WDF4843,31,0,19,7,,31,A
367456430,2022-01-05T09:49:12,29.68877,-89.96690,6.3,326.5,511.0,CAPT WEBSTER,,WDF4843,31,0,19,7,,31,A
367456430,2022-01-05T10:01:12,29.70462,-89.98103,6.2,333.7,511.0,CAPT WEBSTER,,WDF4843,31,0,19,7,,31,A
367456430,2022-01-05T09:45:52,29.68373,-89.96347,6.4,330.0,511.0,CAPT WEBSTER,,WDF4843,31,0,19,7,,31,A
367456430,2022-01-05T09:55:01,29.69696,-89.97350,5.9,325.2,511.0,CAPT WEBSTER,,WDF4843,31,0,19,7,,31,A
367456430,2022-01-05T09:48:03,29.68707,-89.96567,6.3,328.4,511.0,CAPT WEBSTER,,WDF4843,31,0,19,7,,31,A
367456430,2022-01-05T10:04:42,29.71006,-89.98389,6.1,333.4,511.0,CAPT WEBSTER,,WDF4843,31,0,19,7,,31,A
367456430,2022-01-05T09:56:12,29.69843,-89.97491,5.8,315.1,511.0,CAPT WEBSTER,,WDF4843,31,0,19,7,,31,A
367456430,2022-01-05T09:51:31,29.69204,-89.96964,6.2,323.7,511.0,CAPT WEBSTER,,WDF4843,31,0,19,7,,31,A
367456430,2022-01-05T10:02:21,29.70640,-89.98201,6.2,335.1,511.0,CAPT WEBSTER,,WDF4843,31,0,19,7,,31,A
367456430,2022-01-05T10:10:32,29.71910,-89.98870,6.0,336.1,511.0,CAPT WEBSTER,,WDF4843,31,0,19,7,,31,A
367456430,2022-01-05T09:50:23,29.69044,-89.96829,6.3,323.2,511.0,CAPT WEBSTER,,WDF4843,31,0,19,7,,31,A
367456430,2022-01-05T10:09:23,29.71729,-89.98780,6.1,335.3,511.0,CAPT WEBSTER,,WDF4843,31,0,19,7,,31,A
367456430,2022-01-05T10:03:32,29.70828,-89.98299,6.2,335.7,511.0,CAPT WEBSTER,,WDF4843,31,0,19,7,,31,A
367456430,2022-01-05T09:57:22,29.69968,-89.97652,5.9,310.2,511.0,CAPT WEBSTER,,WDF4843,31,0,19,7,,31,A
367456430,2022-01-05T10:24:22,29.73868,-90.00259,6.1,317.7,511.0,CAPT WEBSTER,,WDF4843,31,0,19,7,,31,A
367456430,2022-01-05T10:00:01,29.70285,-89.97992,6.0,326.2,511.0,CAPT WEBSTER,,WDF4843,31,0,19,7,,31,A
367456430,2022-01-05T10:07:02,29.71364,-89.98595,6.1,336.0,511.0,CAPT WEBSTER,,WDF4843,31,0,19,7,,31,A
367456430,2022-01-05T10:22:12,29.73584,-89.99988,6.1,324.6,511.0,CAPT WEBSTER,,WDF4843,31,0,19,7,,31,A
367456430,2022-01-05T04:03:41,29.35808,-89.46342,6.7,236.5,511.0,CAPT WEBSTER,,WDF4843,31,0,19,7,,31,A
367456430,2022-01-05T10:30:13,29.74577,-90.01067,6.3,308.6,511.0,CAPT WEBSTER,,WDF4843,31,0,19,7,,31,A
367456430,2022-01-05T10:25:31,29.74015,-90.00408,6.2,318.5,511.0,CAPT WEBSTER,,WDF4843,31,0,19,7,,31,A
367456430,2022-01-05T10:05:52,29.71187,-89.98498,6.2,332.7,511.0,CAPT WEBSTER,,WDF4843,31,0,19,7,,31,A
367456430,2022-01-05T10:08:13,29.71549,-89.98690,6.1,336.3,511.0,CAPT WEBSTER,,WDF4843,31,0,19,7,,31,A
367456430,2022-01-05T10:16:21,29.72727,-89.99459,5.9,321.5,511.0,CAPT WEBSTER,,WDF4843,31,0,19,7,,31,A
367456430,2022-01-05T10:20:02,29.73259,-89.99797,6.1,341.1,511.0,CAPT WEBSTER,,WDF4843,31,0,19,7,,31,A
367456430,2022-01-05T10:36:03,29.75287,-90.01932,6.0,327.5,511.0,CAPT WEBSTER,,WDF4843,31,0,19,7,,31,A
367456430,2022-01-05T10:11:42,29.72088,-89.98967,6.0,334.1,511.0,CAPT WEBSTER,,WDF4843,31,0,19,7,,31,A
367456430,2022-01-05T10:12:52,29.72264,-89.99059,6.1,332.5,511.0,CAPT WEBSTER,,WDF4843,31,0,19,7,,31,A
367456430,2022-01-05T10:14:02,29.72427,-89.99179,5.9,323.8,511.0,CAPT WEBSTER,,WDF4843,31,0,19,7,,31,A
367456430,2022-01-05T10:15:12,29.72580,-89.99321,5.9,319.1,511.0,CAPT WEBSTER,,WDF4843,31,0,19,7,,31,A
367456430,2022-01-05T10:38:31,29.75665,-90.02105,6.0,345.3,511.0,CAPT WEBSTER,,WDF4843,31,0,19,7,,31,A
367456430,2022-01-05T10:28:03,29.74333,-90.00741,6.1,312.1,511.0,CAPT WEBSTER,,WDF4843,31,0,19,7,,31,A
367456430,2022-01-05T10:23:13,29.73718,-90.00108,6.1,321.8,511.0,CAPT WEBSTER,,WDF4843,31,0,19,7,,31,A
367456430,2022-01-05T10:18:31,29.73022,-89.99692,5.9,332.0,511.0,CAPT WEBSTER,,WDF4843,31,0,19,7,,31,A
367456430,2022-01-05T10:32:32,29.74838,-90.01436,6.4,308.6,511.0,CAPT WEBSTER,,WDF4843,31,0,19,7,,31,A
367456430,2022-01-05T10:34:51,29.75124,-90.01792,6.5,316.8,511.0,CAPT WEBSTER,,WDF4843,31,0,19,7,,31,A
367456430,2022-01-05T10:43:12,29.76448,-90.02151,6.1,5.7,511.0,CAPT WEBSTER,,WDF4843,31,0,19,7,,31,A
367456430,2022-01-05T10:33:42,29.74976,-90.01620,6.7,312.1,511.0,CAPT WEBSTER,,WDF4843,31,0,19,7,,31,A
367456430,2022-01-05T04:13:02,29.34534,-89.47817,7.5,245.7,511.0,CAPT WEBSTER,,WDF4843,31,0,19,7,,31,A
367456430,2022-01-05T10:39:42,29.75856,-90.02148,6.0,353.5,511.0,CAPT WEBSTER,,WDF4843,31,0,19,7,,31,A
367456430,2022-01-05T10:40:52,29.76054,-90.02166,6.1,357.1,511.0,CAPT WEBSTER,,WDF4843,31,0,19,7,,31,A
367456430,2022-01-05T10:45:31,29.76845,-90.02103,6.2,6.4,511.0,CAPT WEBSTER,,WDF4843,31,0,19,7,,31,A
367456430,2022-01-05T10:54:43,29.78326,-90.01688,6.1,355.9,511.0,CAPT WEBSTER,,WDF4843,31,0,19,7,,31,A
367456430,2022-01-05T10:58:12,29.78811,-90.01563,4.7,28.4,511.0,CAPT WEBSTER,,WDF4843,31,0,19,7,,31,A
367456430,2022-01-05T04:15:23,29.34527,-89.48278,6.2,293.3,511.0,CAPT WEBSTER,,WDF4843,31,0,19,7,,31,A
367456430,2022-01-05T10:46:41,29.77043,-90.02067,6.0,11.7,511.0,CAPT WEBSTER,,WDF4843,31,0,19,7,,31,A
367456430,2022-01-05T10:37:21,29.75481,-90.02044,5.9,336.4,511.0,CAPT WEBSTER,,WDF4843,31,0,19,7,,31,A
367456430,2022-01-05T10:49:02,29.77424,-90.01945,6.1,20.7,511.0,CAPT WEBSTER,,WDF4843,31,0,19,7,,31,A
367456430,2022-01-05T10:42:03,29.76253,-90.02168,6.0,3.1,511.0,CAPT WEBSTER,,WDF4843,31,0,19,7,,31,A
367456430,2022-01-05T10:50:12,29.77608,-90.01860,6.0,22.8,511.0,CAPT WEBSTER,,WDF4843,31,0,19,7,,31,A
367456430,2022-01-05T10:52:22,29.77937,-90.01689,5.9,17.3,511.0,CAPT WEBSTER,,WDF4843,31,0,19,7,,31,A
367456430,2022-01-05T11:11:12,29.80648,-90.00646,5.7,11.3,511.0,CAPT WEBSTER,,WDF4843,31,0,19,7,,31,A
367456430,2022-01-05T11:01:51,29.79246,-90.01289,5.9,30.9,511.0,CAPT WEBSTER,,WDF4843,31,0,19,7,,31,A
367456430,2022-01-05T10:55:51,29.78514,-90.01677,5.1,8.5,511.0,CAPT WEBSTER,,WDF4843,31,0,19,7,,31,A
367456430,2022-01-05T11:14:42,29.81204,-90.00520,5.8,12.2,511.0,CAPT WEBSTER,,WDF4843,31,0,19,7,,31,A
367456430,2022-01-05T10:57:02,29.78667,-90.01633,4.9,19.0,511.0,CAPT WEBSTER,,WDF4843,31,0,19,7,,31,A
367456430,2022-01-05T10:51:21,29.77784,-90.01771,6.1,24.3,511.0,CAPT WEBSTER,,WDF4843,31,0,19,7,,31,A
367456430,2022-01-05T10:53:31,29.78123,-90.01672,6.1,357.0,511.0,CAPT WEBSTER,,WDF4843,31,0,19,7,,31,A
367456430,2022-01-05T10:59:22,29.78949,-90.01490,4.4,29.4,511.0,CAPT WEBSTER,,WDF4843,31,0,19,7,,31,A
367456430,2022-01-05T11:00:02,29.79020,-90.01445,4.3,28.8,511.0,CAPT WEBSTER,,WDF4843,31,0,19,7,,31,A
367456430,2022-01-05T11:19:31,29.81956,-90.00261,5.9,19.1,511.0,CAPT WEBSTER,,WDF4843,31,0,19,7,,31,A
367456430,2022-01-05T11:03:01,29.79411,-90.01174,5.9,32.4,511.0,CAPT WEBSTER,,WDF4843,31,0,19,7,,31,A
367456430,2022-01-05T04:23:31,29.35191,-89.49760,6.5,296.8,511.0,CAPT WEBSTER,,WDF4843,31,0,19,7,,31,A
367456430,2022-01-05T11:05:22,29.79748,-90.00965,5.9,26.0,511.0,CAPT WEBSTER,,WDF4843,31,0,19,7,,31,A
367456430,2022-01-05T04:24:41,29.35287,-89.49973,6.5,299.6,511.0,CAPT WEBSTER,,WDF4843,31,0,19,7,,31,A
367456430,2022-01-05T11:07:42,29.80100,-90.00788,5.9,19.2,511.0,CAPT WEBSTER,,WDF4843,31,0,19,7,,31,A
367456430,2022-01-05T11:08:53,29.80282,-90.00725,5.9,14.1,511.0,CAPT WEBSTER,,WDF4843,31,0,19,7,,31,A
367456430,2022-01-05T11:12:22,29.80832,-90.00604,5.8,11.7,511.0,CAPT WEBSTER,,WDF4843,31,0,19,7,,31,A
367456430,2022-01-05T11:13:31,29.81015,-90.00563,5.8,12.5,511.0,CAPT WEBSTER,,WDF4843,31,0,19,7,,31,A
367456430,2022-01-05T11:26:42,29.83059,-89.99699,6.1,25.7,511.0,CAPT WEBSTER,,WDF4843,31,0,19,7,,31,A
367456430,2022-01-05T11:10:02,29.80465,-90.00683,5.8,9.7,511.0,CAPT WEBSTER,,WDF4843,31,0,19,7,,31,A
367456430,2022-01-05T11:15:52,29.81388,-90.00468,5.8,14.5,511.0,CAPT WEBSTER,,WDF4843,31,0,19,7,,31,A
367456430,2022-01-05T11:17:02,29.81568,-90.00407,5.9,16.8,511.0,CAPT WEBSTER,,WDF4843,31,0,19,7,,31,A
367456430,2022-01-05T11:25:31,29.82882,-89.99803,6.1,27.8,511.0,CAPT WEBSTER,,WDF4843,31,0,19,7,,31,A
367456430,2022-01-05T11:33:42,29.84001,-89.98930,5.9,37.8,511.0,CAPT WEBSTER,,WDF4843,31,0,19,7,,31,A
367456430,2022-01-05T11:20:41,29.82137,-90.00184,6.0,18.8,511.0,CAPT WEBSTER,,WDF4843,31,0,19,7,,31,A
367456430,2022-01-05T11:34:51,29.84151,-89.98792,5.9,40.7,511.0,CAPT WEBSTER,,WDF4843,31,0,19,7,,31,A
367456430,2022-01-05T11:21:52,29.82323,-90.00114,6.0,20.4,511.0,CAPT WEBSTER,,WDF4843,31,0,19,7,,31,A
367456430,2022-01-05T11:23:02,29.82502,-90.00025,6.2,25.3,511.0,CAPT WEBSTER,,WDF4843,31,0,19,7,,31,A
367456430,2022-01-05T11:18:22,29.81778,-90.00335,5.9,19.3,511.0,CAPT WEBSTER,,WDF4843,31,0,19,7,,31,A
367456430,2022-01-05T11:27:51,29.83232,-89.99598,6.1,31.0,511.0,CAPT WEBSTER,,WDF4843,31,0,19,7,,31,A
367456430,2022-01-05T04:32:52,29.35912,-89.51486,6.3,293.1,511.0,CAPT WEBSTER,,WDF4843,31,0,19,7,,31,A
367456430,2022-01-05T11:47:22,29.85873,-89.97615,4.9,17.3,511.0,CAPT WEBSTER,,WDF4843,31,0,19,7,,31,A
367456430,2022-01-05T11:29:02,29.83392,-89.99465,6.0,38.3,511.0,CAPT WEBSTER,,WDF4843,31,0,19,7,,31,A
367456430,2022-01-05T11:49:41,29.86128,-89.97524,3.9,17.5,511.0,CAPT WEBSTER,,WDF4843,31,0,19,7,,31,A
367456430,2022-01-05T04:36:11,29.36158,-89.52102,6.5,292.2,511.0,CAPT WEBSTER,,WDF4843,31,0,19,7,,31,A
367456430,2022-01-05T11:53:13,29.86511,-89.97434,5.0,8.0,511.0,CAPT WEBSTER,,WDF4843,31,0,19,7,,31,A
367456430,2022-01-05T11:30:12,29.83545,-89.99331,5.9,36.3,511.0,CAPT WEBSTER,,WDF4843,31,0,19,7,,31,A
367456430,2022-01-05T11:36:02,29.84300,-89.98649,5.8,38.3,511.0,CAPT WEBSTER,,WDF4843,31,0,19,7,,31,A
367456430,2022-01-05T11:32:32,29.83851,-89.99066,6.0,36.7,511.0,CAPT WEBSTER,,WDF4843,31,0,19,7,,31,A
367456430,2022-01-05T11:42:51,29.85300,-89.98110,5.8,30.4,511.0,CAPT WEBSTER,,WDF4843,31,0,19,7,,31,A
367456430,2022-01-05T12:01:13,29.87778,-89.97092,6.0,30.3,511.0,CAPT WEBSTER,,WDF4843,31,0,19,7,,31,A
367456430,2022-01-05T04:39:32,29.36385,-89.52755,6.7,287.2,511.0,CAPT WEBSTER,,WDF4843,31,0,19,7,,31,A
367456430,2022-01-05T11:37:13,29.84455,-89.98526,5.9,30.6,511.0,CAPT WEBSTER,,WDF4843,31,0,19,7,,31,A
367456430,2022-01-05T11:56:42,29.87038,-89.97332,5.6,12.8,511.0,CAPT WEBSTER,,WDF4843,31,0,19,7,,31,A
367456430,2022-01-05T11:38:22,29.84621,-89.98420,5.9,27.4,511.0,CAPT WEBSTER,,WDF4843,31,0,19,7,,31,A
367456430,2022-01-05T11:48:31,29.86007,-89.97570,4.0,17.9,511.0,CAPT WEBSTER,,WDF4843,31,0,19,7,,31,A
367456430,2022-01-05T11:40:33,29.84945,-89.98270,5.8,17.8,511.0,CAPT WEBSTER,,WDF4843,31,0,19,7,,31,A
367456430,2022-01-05T11:52:01,29.86370,-89.97462,4.0,12.2,511.0,CAPT WEBSTER,,WDF4843,31,0,19,7,,31,A
367456430,2022-01-05T11:45:12,29.85580,-89.97821,6.0,40.4,511.0,CAPT WEBSTER,,WDF4843,31,0,19,7,,31,A
367456430,2022-01-05T11:41:42,29.85124,-89.98197,5.9,19.9,511.0,CAPT WEBSTER,,WDF4843,31,0,19,7,,31,A
367456430,2022-01-05T11:55:31,29.86850,-89.97380,5.5,11.9,511.0,CAPT WEBSTER,,WDF4843,31,0,19,7,,31,A
367456430,2022-01-05T11:50:53,29.86249,-89.97489,3.9,9.8,511.0,CAPT WEBSTER,,WDF4843,31,0,19,7,,31,A
367456430,2022-01-05T12:04:53,29.87976,-89.96497,5.5,83.0,511.0,CAPT WEBSTER,,WDF4843,31,0,19,7,,31,A
367456430,2022-01-05T12:09:31,29.87834,-89.95665,5.7,97.8,511.0,CAPT WEBSTER,,WDF4843,31,0,19,7,,31,A
367456430,2022-01-05T12:18:01,29.87428,-89.94175,5.8,121.2,511.0,CAPT WEBSTER,,WDF4843,31,0,19,7,,31,A
367456430,2022-01-05T11:59:01,29.87397,-89.97242,6.0,16.0,511.0,CAPT WEBSTER,,WDF4843,31,0,19,7,,31,A
367456430,2022-01-05T12:07:13,29.87925,-89.96079,5.8,105.6,511.0,CAPT WEBSTER,,WDF4843,31,0,19,7,,31,A
367456430,2022-01-05T12:02:31,29.87890,-89.96913,5.5,68.7,511.0,CAPT WEBSTER,,WDF4843,31,0,19,7,,31,A
367456430,2022-01-05T11:54:23,29.86681,-89.97412,5.4,7.3,511.0,CAPT WEBSTER,,WDF4843,31,0,19,7,,31,A
367456430,2022-01-05T12:00:01,29.87575,-89.97188,6.8,17.3,511.0,CAPT WEBSTER,,WDF4843,31,0,19,7,,31,A
367456430,2022-01-05T12:10:43,29.87813,-89.95445,5.9,93.5,511.0,CAPT WEBSTER,,WDF4843,31,0,19,7,,31,A
367456430,2022-01-05T11:57:51,29.87215,-89.97296,5.8,11.1,511.0,CAPT WEBSTER,,WDF4843,31,0,19,7,,31,A
367456430,2022-01-05T12:27:41,29.86761,-89.92504,6.0,108.8,511.0,CAPT WEBSTER,,WDF4843,31,0,19,7,,31,A
367456430,2022-01-05T12:11:52,29.87814,-89.95222,6.1,91.8,511.0,CAPT WEBSTER,,WDF4843,31,0,19,7,,31,A
367456430,2022-01-05T12:30:02,29.86664,-89.92057,6.0,97.8,511.0,CAPT WEBSTER,,WDF4843,31,0,19,7,,31,A
367456430,2022-01-05T12:08:22,29.87872,-89.95874,5.8,106.1,511.0,CAPT WEBSTER,,WDF4843,31,0,19,7,,31,A
367456430,2022-01-05T12:15:41,29.87614,-89.94560,5.8,117.6,511.0,CAPT WEBSTER,,WDF4843,31,0,19,7,,31,A
367456430,2022-01-05T12:03:43,29.87940,-89.96704,5.7,79.2,511.0,CAPT WEBSTER,,WDF4843,31,0,19,7,,31,A
367456430,2022-01-05T12:16:52,29.87521,-89.94362,5.9,117.1,511.0,CAPT WEBSTER,,WDF4843,31,0,19,7,,31,A
367456430,2022-01-05T12:33:33,29.86752,-89.91405,6.2,59.1,511.0,CAPT WEBSTER,,WDF4843,31,0,19,7,,31,A
367456430,2022-01-05T12:37:02,29.87087,-89.90853,5.7,37.9,511.0,CAPT WEBSTER,,WDF4843,31,0,19,7,,31,A
367456430,2022-01-05T12:20:32,29.87216,-89.93767,5.9,117.6,511.0,CAPT WEBSTER,,WDF4843,31,0,19,7,,31,A
367456430,2022-01-05T12:25:21,29.86905,-89.92919,6.1,108.2,511.0,CAPT WEBSTER,,WDF4843,31,0,19,7,,31,A
367456430,2022-01-05T12:21:43,29.87126,-89.93570,5.9,116.5,511.0,CAPT WEBSTER,,WDF4843,31,0,19,7,,31,A
367456430,2022-01-05T12:38:12,29.87244,-89.90746,5.7,26.1,511.0,CAPT WEBSTER,,WDF4843,31,0,19,7,,31,A
367456430,2022-01-05T12:22:52,29.87042,-89.93373,5.9,113.6,511.0,CAPT WEBSTER,,WDF4843,31,0,19,7,,31,A
367456430,2022-01-05T12:31:12,29.86653,-89.91831,6.1,89.7,511.0,CAPT WEBSTER,,WDF4843,31,0,19,7,,31,A
367456430,2022-01-05T12:32:23,29.86667,-89.91607,5.9,77.3,511.0,CAPT WEBSTER,,WDF4843,31,0,19,7,,31,A
367456430,2022-01-05T12:49:53,29.89099,-89.90890,5.6,341.6,511.0,CAPT WEBSTER,,WDF4843,31,0,19,7,,31,A
367456430,2022-01-05T04:49:52,29.36864,-89.54870,6.4,285.5,511.0,CAPT WEBSTER,,WDF4843,31,0,19,7,,31,A
367456430,2022-01-05T12:26:32,29.86835,-89.92708,6.0,116.0,511.0,CAPT WEBSTER,,WDF4843,31,0,19,7,,31,A
367456430,2022-01-05T12:34:52,29.86883,-89.91186,6.3,57.0,511.0,CAPT WEBSTER,,WDF4843,31,0,19,7,,31,A
367456430,2022-01-05T12:28:53,29.86701,-89.92280,6.1,106.7,511.0,CAPT WEBSTER,,WDF4843,31,0,19,7,,31,A
367456430,2022-01-05T04:52:12,29.36984,-89.55327,6.4,288.8,511.0,CAPT WEBSTER,,WDF4843,31,0,19,7,,31,A
367456430,2022-01-05T12:36:01,29.86979,-89.90985,6.0,62.6,511.0,CAPT WEBSTER,,WDF4843,31,0,19,7,,31,A
367456430,2022-01-05T12:42:52,29.87962,-89.90686,5.7,0.3,511.0,CAPT WEBSTER,,WDF4843,31,0,19,7,,31,A
367456430,2022-01-05T12:39:23,29.87411,-89.90670,5.4,24.0,511.0,CAPT WEBSTER,,WDF4843,31,0,19,7,,31,A
367456430,2022-01-05T12:45:11,29.88351,-89.90681,5.9,358.2,511.0,CAPT WEBSTER,,WDF4843,31,0,19,7,,31,A
367456430,2022-01-05T12:44:02,29.88161,-89.90677,6.0,1.3,511.0,CAPT WEBSTER,,WDF4843,31,0,19,7,,31,A
367456430,2022-01-05T12:56:42,29.90217,-89.91268,6.3,352.2,511.0,CAPT WEBSTER,,WDF4843,31,0,19,7,,31,A
367456430,2022-01-05T13:04:42,29.91473,-89.91927,5.9,326.3,511.0,CAPT WEBSTER,,WDF4843,31,0,19,7,,31,A
367456430,2022-01-05T12:40:32,29.87583,-89.90668,5.7,349.8,511.0,CAPT WEBSTER,,WDF4843,31,0,19,7,,31,A
367456430,2022-01-05T12:51:01,29.89287,-89.90969,6.3,338.7,511.0,CAPT WEBSTER,,WDF4843,31,0,19,7,,31,A
367456430,2022-01-05T12:41:43,29.87772,-89.90694,6.0,356.8,511.0,CAPT WEBSTER,,WDF4843,31,0,19,7,,31,A
367456430,2022-01-05T12:53:21,29.89674,-89.91090,6.2,344.0,511.0,CAPT WEBSTER,,WDF4843,31,0,19,7,,31,A
367456430,2022-01-05T13:03:32,29.91314,-89.91793,6.1,322.2,511.0,CAPT WEBSTER,,WDF4843,31,0,19,7,,31,A
367456430,2022-01-05T12:46:22,29.88550,-89.90696,5.8,351.3,511.0,CAPT WEBSTER,,WDF4843,31,0,19,7,,31,A
367456430,2022-01-05T12:47:33,29.88730,-89.90744,5.8,344.3,511.0,CAPT WEBSTER,,WDF4843,31,0,19,7,,31,A
367456430,2022-01-05T05:00:02,29.37690,-89.56692,6.5,298.9,511.0,CAPT WEBSTER,,WDF4843,31,0,19,7,,31,A
367456430,2022-01-05T12:48:42,29.88906,-89.90813,6.0,340.4,511.0,CAPT WEBSTER,,WDF4843,31,0,19,7,,31,A
367456430,2022-01-05T12:57:52,29.90445,-89.91306,6.4,355.4,511.0,CAPT WEBSTER,,WDF4843,31,0,19,7,,31,A
367456430,2022-01-05T13:15:23,29.92098,-89.93761,5.8,278.0,511.0,CAPT WEBSTER,,WDF4843,31,0,19,7,,31,A
367456430,2022-01-05T13:00:02,29.90807,-89.91410,6.3,340.0,511.0,CAPT WEBSTER,,WDF4843,31,0,19,7,,31,A
367456430,2022-01-05T12:59:02,29.90644,-89.91346,6.1,343.4,511.0,CAPT WEBSTER,,WDF4843,31,0,19,7,,31,A
367456430,2022-01-05T13:21:12,29.92151,-89.94711,5.5,263.3,511.0,CAPT WEBSTER,,WDF4843,31,0,19,7,,31,A
367456430,2022-01-05T12:54:31,29.89874,-89.91161,6.2,343.3,511.0,CAPT WEBSTER,,WDF4843,31,0,19,7,,31,A
367456430,2022-01-05T13:14:13,29.92071,-89.93550,5.7,279.5,511.0,CAPT WEBSTER,,WDF4843,31,0,19,7,,31,A
367456430,2022-01-05T13:02:22,29.91161,-89.91650,6.1,323.7,511.0,CAPT WEBSTER,,WDF4843,31,0,19,7,,31,A
367456430,2022-01-05T12:55:32,29.90045,-89.91213,6.2,346.7,511.0,CAPT WEBSTER,,WDF4843,31,0,19,7,,31,A
367456430,2022-01-05T13:25:43,29.92040,-89.95535,5.8,264.3,511.0,CAPT WEBSTER,,WDF4843,31,0,19,7,,31,A
367456430,2022-01-05T13:26:51,29.92028,-89.95757,6.2,265.9,511.0,CAPT WEBSTER,,WDF4843,31,0,19,7,,31,A
367456430,2022-01-05T13:28:02,29.92025,-89.95951,3.7,265.7,511.0,CAPT WEBSTER,,WDF4843,31,0,19,7,,31,A
367456430,2022-01-05T13:18:53,29.92152,-89.94392,4.9,270.0,511.0,CAPT WEBSTER,,WDF4843,31,0,19,7,,31,A
367456430,2022-01-05T13:07:03,29.91683,-89.92272,5.9,294.8,511.0,CAPT WEBSTER,,WDF4843,31,0,19,7,,31,A
367456430,2022-01-05T13:08:11,29.91759,-89.92471,6.1,293.4,511.0,CAPT WEBSTER,,WDF4843,31,0,19,7,,31,A
367456430,2022-01-05T13:23:32,29.92087,-89.95131,5.8,259.9,511.0,CAPT WEBSTER,,WDF4843,31,0,19,7,,31,A
367456430,2022-01-05T13:13:11,29.92041,-89.93362,5.8,280.0,511.0,CAPT WEBSTER,,WDF4843,31,0,19,7,,31,A
367456430,2022-01-05T13:09:22,29.91838,-89.92679,6.1,294.3,511.0,CAPT WEBSTER,,WDF4843,31,0,19,7,,31,A
367456430,2022-01-05T13:17:42,29.92140,-89.94181,5.7,275.7,511.0,CAPT WEBSTER,,WDF4843,31,0,19,7,,31,A
367456430,2022-01-05T13:10:33,29.91919,-89.92891,6.0,291.3,511.0,CAPT WEBSTER,,WDF4843,31,0,19,7,,31,A
367456430,2022-01-05T13:38:22,29.91979,-89.96157,0.0,338.3,511.0,CAPT WEBSTER,,WDF4843,31,0,19,7,,31,A
367456430,2022-01-05T13:20:02,29.92157,-89.94552,4.0,275.0,511.0,CAPT WEBSTER,,WDF4843,31,0,19,7,,31,A
367456430,2022-01-05T13:33:42,29.91969,-89.96148,0.2,133.3,511.0,CAPT WEBSTER,,WDF4843,31,0,19,7,,31,A
367456430,2022-01-05T13:22:23,29.92119,-89.94925,5.7,258.4,511.0,CAPT WEBSTER,,WDF4843,31,0,19,7,,31,A
367456430,2022-01-05T13:45:11,29.91975,-89.96154,0.0,6.8,511.0,CAPT WEBSTER,,WDF4843,31,0,19,7,,31,A
367456430,2022-01-05T13:16:33,29.92121,-89.93974,5.7,276.9,511.0,CAPT WEBSTER,,WDF4843,31,0,19,7,,31,A
367456430,2022-01-05T13:48:42,29.91975,-89.96153,0.1,7.2,511.0,CAPT WEBSTER,,WDF4843,31,0,19,7,,31,A
367456430,2022-01-05T13:24:42,29.92060,-89.95348,5.8,264.1,511.0,CAPT WEBSTER,,WDF4843,31,0,19,7,,31,A
367456430,2022-01-05T13:34:43,29.91967,-89.96148,0.2,93.7,511.0,CAPT WEBSTER,,WDF4843,31,0,19,7,,31,A
367456430,2022-01-05T13:47:33,29.91976,-89.96152,0.0,67.9,511.0,CAPT WEBSTER,,WDF4843,31,0,19,7,,31,A
367456430,2022-01-05T13:32:33,29.91973,-89.96155,0.1,18.3,511.0,CAPT WEBSTER,,WDF4843,31,0,19,7,,31,A
367456430,2022-01-05T13:55:42,29.91976,-89.96152,0.0,69.7,511.0,CAPT WEBSTER,,WDF4843,31,0,19,7,,31,A
367456430,2022-01-05T13:36:01,29.91975,-89.96154,0.2,325.8,511.0,CAPT WEBSTER,,WDF4843,31,0,19,7,,31,A
367456430,2022-01-05T13:51:02,29.91976,-89.96156,0.0,38.6,511.0,CAPT WEBSTER,,WDF4843,31,0,19,7,,31,A
367456430,2022-01-05T13:53:23,29.91976,-89.96153,0.1,4.5,511.0,CAPT WEBSTER,,WDF4843,31,0,19,7,,31,A
367456430,2022-01-05T13:39:32,29.91978,-89.96155,0.0,49.4,511.0,CAPT WEBSTER,,WDF4843,31,0,19,7,,31,A
367456430,2022-01-05T13:44:01,29.91970,-89.96153,0.1,74.0,511.0,CAPT WEBSTER,,WDF4843,31,0,19,7,,31,A
367456430,2022-01-05T13:41:51,29.91973,-89.96155,0.0,85.5,511.0,CAPT WEBSTER,,WDF4843,31,0,19,7,,31,A
367456430,2022-01-05T05:18:32,29.39727,-89.59659,6.6,320.8,511.0,CAPT WEBSTER,,WDF4843,31,0,19,7,,31,A
367456430,2022-01-05T13:42:52,29.91973,-89.96153,0.1,116.9,511.0,CAPT WEBSTER,,WDF4843,31,0,19,7,,31,A
367456430,2022-01-05T13:46:22,29.91974,-89.96152,0.0,43.5,511.0,CAPT WEBSTER,,WDF4843,31,0,19,7,,31,A
367456430,2022-01-05T14:06:22,29.91978,-89.96157,0.0,290.3,511.0,CAPT WEBSTER,,WDF4843,31,0,19,7,,31,A
367456430,2022-01-05T13:52:11,29.91973,-89.96152,0.1,66.9,511.0,CAPT WEBSTER,,WDF4843,31,0,19,7,,31,A
367456430,2022-01-05T13:54:31,29.91977,-89.96154,0.1,40.1,511.0,CAPT WEBSTER,,WDF4843,31,0,19,7,,31,A
367456430,2022-01-05T14:11:01,29.91979,-89.96157,0.1,291.7,511.0,CAPT WEBSTER,,WDF4843,31,0,19,7,,31,A
367456430,2022-01-05T14:12:12,29.91980,-89.96157,0.0,305.4,511.0,CAPT WEBSTER,,WDF4843,31,0,19,7,,31,A
367456430,2022-01-05T13:58:02,29.91979,-89.96157,0.1,333.5,511.0,CAPT WEBSTER,,WDF4843,31,0,19,7,,31,A
367456430,2022-01-05T14:00:02,29.91979,-89.96157,0.0,321.7,511.0,CAPT WEBSTER,,WDF4843,31,0,19,7,,31,A
367456430,2022-01-05T14:02:32,29.91977,-89.96156,0.1,233.9,511.0,CAPT WEBSTER,,WDF4843,31,0,19,7,,31,A
367456430,2022-01-05T14:03:53,29.91976,-89.96154,0.0,228.7,511.0,CAPT WEBSTER,,WDF4843,31,0,19,7,,31,A
367456430,2022-01-05T14:05:13,29.91977,-89.96157,0.1,275.7,511.0,CAPT WEBSTER,,WDF4843,31,0,19,7,,31,A
367456430,2022-01-05T14:25:12,29.91974,-89.96162,0.1,267.7,511.0,CAPT WEBSTER,,WDF4843,31,0,19,7,,31,A
367456430,2022-01-05T14:09:52,29.91979,-89.96153,0.0,255.4,511.0,CAPT WEBSTER,,WDF4843,31,0,19,7,,31,A
367456430,2022-01-05T13:59:11,29.91977,-89.96159,0.1,329.7,511.0,CAPT WEBSTER,,WDF4843,31,0,19,7,,31,A
367456430,2022-01-05T14:07:32,29.91979,-89.96155,0.1,254.1,511.0,CAPT WEBSTER,,WDF4843,31,0,19,7,,31,A
367456430,2022-01-05T14:01:22,29.91978,-89.96156,0.1,297.3,511.0,CAPT WEBSTER,,WDF4843,31,0,19,7,,31,A
367456430,2022-01-05T14:15:52,29.91973,-89.96156,0.0,209.7,511.0,CAPT WEBSTER,,WDF4843,31,0,19,7,,31,A
367456430,2022-01-05T14:17:01,29.91972,-89.96156,0.1,195.3,511.0,CAPT WEBSTER,,WDF4843,31,0,19,7,,31,A
367456430,2022-01-05T14:14:31,29.91973,-89.96157,0.0,204.8,511.0,CAPT WEBSTER,,WDF4843,31,0,19,7,,31,A
367456430,2022-01-05T14:18:13,29.91968,-89.96153,0.1,215.1,511.0,CAPT WEBSTER,,WDF4843,31,0,19,7,,31,A
367456430,2022-01-05T14:32:02,29.91971,-89.96153,0.0,158.0,511.0,CAPT WEBSTER,,WDF4843,31,0,19,7,,31,A
367456430,2022-01-05T14:37:42,29.91974,-89.96161,0.0,302.9,511.0,CAPT WEBSTER,,WDF4843,31,0,19,7,,31,A
367456430,2022-01-05T14:13:22,29.91977,-89.96156,0.1,269.5,511.0,CAPT WEBSTER,,WDF4843,31,0,19,7,,31,A
367456430,2022-01-05T14:24:03,29.91973,-89.96163,0.1,265.0,511.0,CAPT WEBSTER,,WDF4843,31,0,19,7,,31,A
367456430,2022-01-05T14:19:23,29.91971,-89.96156,0.2,307.0,511.0,CAPT WEBSTER,,WDF4843,31,0,19,7,,31,A
367456430,2022-01-05T14:21:42,29.91977,-89.96160,0.2,313.3,511.0,CAPT WEBSTER,,WDF4843,31,0,19,7,,31,A
367456430,2022-01-05T14:26:22,29.91974,-89.96162,0.1,198.7,511.0,CAPT WEBSTER,,WDF4843,31,0,19,7,,31,A
367456430,2022-01-05T14:27:32,29.91975,-89.96160,0.0,209.4,511.0,CAPT WEBSTER,,WDF4843,31,0,19,7,,31,A
367456430,2022-01-05T14:42:32,29.91974,-89.96161,0.0,216.2,511.0,CAPT WEBSTER,,WDF4843,31,0,19,7,,31,A
367456430,2022-01-05T14:28:33,29.91974,-89.96160,0.0,226.6,511.0,CAPT WEBSTER,,WDF4843,31,0,19,7,,31,A
367456430,2022-01-05T14:40:02,29.91971,-89.96160,0.0,225.0,511.0,CAPT WEBSTER,,WDF4843,31,0,19,7,,31,A
367456430,2022-01-05T14:44:51,29.91976,-89.96161,0.1,230.8,511.0,CAPT WEBSTER,,WDF4843,31,0,19,7,,31,A
367456430,2022-01-05T14:22:51,29.91978,-89.96162,0.0,302.3,511.0,CAPT WEBSTER,,WDF4843,31,0,19,7,,31,A
367456430,2022-01-05T14:47:13,29.91973,-89.96154,0.1,174.6,511.0,CAPT WEBSTER,,WDF4843,31,0,19,7,,31,A
367456430,2022-01-05T14:48:21,29.91973,-89.96153,0.2,165.1,511.0,CAPT WEBSTER,,WDF4843,31,0,19,7,,31,A
367456430,2022-01-05T14:29:43,29.91974,-89.96158,0.0,184.8,511.0,CAPT WEBSTER,,WDF4843,31,0,19,7,,31,A
367456430,2022-01-05T14:46:02,29.91977,-89.96156,0.1,190.2,511.0,CAPT WEBSTER,,WDF4843,31,0,19,7,,31,A
367456430,2022-01-05T14:36:31,29.91974,-89.96161,0.1,306.6,511.0,CAPT WEBSTER,,WDF4843,31,0,19,7,,31,A
367456430,2022-01-05T14:30:52,29.91973,-89.96155,0.1,158.2,511.0,CAPT WEBSTER,,WDF4843,31,0,19,7,,31,A
367456430,2022-01-05T14:38:51,29.91971,-89.96162,0.1,276.2,511.0,CAPT WEBSTER,,WDF4843,31,0,19,7,,31,A
367456430,2022-01-05T14:43:42,29.91975,-89.96163,0.1,266.3,511.0,CAPT WEBSTER,,WDF4843,31,0,19,7,,31,A
367456430,2022-01-05T15:00:02,29.91972,-89.96580,2.6,254.6,511.0,CAPT WEBSTER,,WDF4843,31,0,19,7,,31,A
367456430,2022-01-05T14:50:41,29.91977,-89.96156,0.0,280.1,511.0,CAPT WEBSTER,,WDF4843,31,0,19,7,,31,A
367456430,2022-01-05T15:01:12,29.91944,-89.96676,2.8,241.6,511.0,CAPT WEBSTER,,WDF4843,31,0,19,7,,31,A
367456430,2022-01-05T14:51:52,29.91978,-89.96158,0.1,298.8,511.0,CAPT WEBSTER,,WDF4843,31,0,19,7,,31,A
367456430,2022-01-05T15:05:42,29.91805,-89.96814,0.9,237.9,511.0,CAPT WEBSTER,,WDF4843,31,0,19,7,,31,A
367456430,2022-01-05T05:46:11,29.44425,-89.60070,6.4,337.8,511.0,CAPT WEBSTER,,WDF4843,31,0,19,7,,31,A
367456430,2022-01-05T15:06:52,29.91775,-89.96849,1.1,224.8,511.0,CAPT WEBSTER,,WDF4843,31,0,19,7,,31,A
367456430,2022-01-05T14:54:02,29.91966,-89.96130,1.1,190.0,511.0,CAPT WEBSTER,,WDF4843,31,0,19,7,,31,A
367456430,2022-01-05T14:56:31,29.91988,-89.96304,2.7,280.7,511.0,CAPT WEBSTER,,WDF4843,31,0,19,7,,31,A
367456430,2022-01-05T15:09:22,29.91756,-89.96875,0.3,216.8,511.0,CAPT WEBSTER,,WDF4843,31,0,19,7,,31,A
367456430,2022-01-05T15:10:31,29.91734,-89.96917,3.2,232.6,511.0,CAPT WEBSTER,,WDF4843,31,0,19,7,,31,A
367456430,2022-01-05T14:53:01,29.91975,-89.96156,0.2,233.1,511.0,CAPT WEBSTER,,WDF4843,31,0,19,7,,31,A
367456430,2022-01-05T14:59:52,29.91975,-89.96565,2.7,255.8,511.0,CAPT WEBSTER,,WDF4843,31,0,19,7,,31,A
367456430,2022-01-05T05:50:43,29.44991,-89.60663,6.2,296.6,511.0,CAPT WEBSTER,,WDF4843,31,0,19,7,,31,A
367456430,2022-01-05T15:02:13,29.91893,-89.96731,2.4,212.0,511.0,CAPT WEBSTER,,WDF4843,31,0,19,7,,31,A
367456430,2022-01-05T15:04:33,29.91816,-89.96797,1.2,225.9,511.0,CAPT WEBSTER,,WDF4843,31,0,19,7,,31,A
367456430,2022-01-05T15:03:22,29.91847,-89.96764,1.4,217.2,511.0,CAPT WEBSTER,,WDF4843,31,0,19,7,,31,A
367456430,2022-01-05T15:16:22,29.91562,-89.97140,0.0,166.5,511.0,CAPT WEBSTER,,WDF4843,31,0,19,7,,31,A
367456430,2022-01-05T14:58:43,29.91992,-89.96470,2.8,259.0,511.0,CAPT WEBSTER,,WDF4843,31,0,19,7,,31,A
367456430,2022-01-05T15:21:52,29.91560,-89.97140,0.0,202.6,511.0,CAPT WEBSTER,,WDF4843,31,0,19,7,,31,A
367456430,2022-01-05T15:08:12,29.91762,-89.96869,0.4,226.1,511.0,CAPT WEBSTER,,WDF4843,31,0,19,7,,31,A
367456430,2022-01-05T15:12:53,29.91587,-89.97116,3.2,227.2,511.0,CAPT WEBSTER,,WDF4843,31,0,19,7,,31,A
367456430,2022-01-05T15:11:43,29.91663,-89.97021,3.1,229.5,511.0,CAPT WEBSTER,,WDF4843,31,0,19,7,,31,A
367456430,2022-01-05T15:25:31,29.91555,-89.97161,2.3,238.5,511.0,CAPT WEBSTER,,WDF4843,31,0,19,7,,31,A
367456430,2022-01-05T15:26:43,29.91475,-89.97275,4.9,228.3,511.0,CAPT WEBSTER,,WDF4843,31,0,19,7,,31,A
367456430,2022-01-05T15:14:02,29.91568,-89.97143,0.1,231.5,511.0,CAPT WEBSTER,,WDF4843,31,0,19,7,,31,A
367456430,2022-01-05T15:15:12,29.91565,-89.97140,0.1,154.8,511.0,CAPT WEBSTER,,WDF4843,31,0,19,7,,31,A
367456430,2022-01-05T05:55:22,29.45315,-89.61520,6.2,287.2,511.0,CAPT WEBSTER,,WDF4843,31,0,19,7,,31,A
367456430,2022-01-05T15:23:02,29.91563,-89.97139,0.0,193.9,511.0,CAPT WEBSTER,,WDF4843,31,0,19,7,,31,A
367456430,2022-01-05T15:19:43,29.91566,-89.97141,0.1,242.8,511.0,CAPT WEBSTER,,WDF4843,31,0,19,7,,31,A
367456430,2022-01-05T15:17:23,29.91560,-89.97140,0.0,182.5,511.0,CAPT WEBSTER,,WDF4843,31,0,19,7,,31,A
367456430,2022-01-05T15:20:51,29.91560,-89.97141,0.0,208.2,511.0,CAPT WEBSTER,,WDF4843,31,0,19,7,,31,A
367456430,2022-01-05T15:18:32,29.91561,-89.97141,0.0,247.1,511.0,CAPT WEBSTER,,WDF4843,31,0,19,7,,31,A
367456430,2022-01-05T15:29:03,29.91255,-89.97583,5.7,232.7,511.0,CAPT WEBSTER,,WDF4843,31,0,19,7,,31,A
367456430,2022-01-05T15:45:11,29.89417,-89.99565,5.7,206.2,511.0,CAPT WEBSTER,,WDF4843,31,0,19,7,,31,A
367456430,2022-01-05T15:42:52,29.89746,-89.99376,5.7,205.7,511.0,CAPT WEBSTER,,WDF4843,31,0,19,7,,31,A
367456430,2022-01-05T15:24:23,29.91564,-89.97138,0.0,205.2,511.0,CAPT WEBSTER,,WDF4843,31,0,19,7,,31,A
367456430,2022-01-05T15:44:02,29.89582,-89.99473,5.8,206.8,511.0,CAPT WEBSTER,,WDF4843,31,0,19,7,,31,A
367456430,2022-01-05T06:00:02,29.45430,-89.62431,6.3,276.6,511.0,CAPT WEBSTER,,WDF4843,31,0,19,7,,31,A
367456430,2022-01-05T15:27:52,29.91369,-89.97417,5.4,231.8,511.0,CAPT WEBSTER,,WDF4843,31,0,19,7,,31,A
367456430,2022-01-05T15:34:52,29.90656,-89.98407,5.7,230.0,511.0,CAPT WEBSTER,,WDF4843,31,0,19,7,,31,A
367456430,2022-01-05T15:37:11,29.90424,-89.98730,5.7,228.9,511.0,CAPT WEBSTER,,WDF4843,31,0,19,7,,31,A
367456430,2022-01-05T15:36:03,29.90539,-89.98566,5.7,231.1,511.0,CAPT WEBSTER,,WDF4843,31,0,19,7,,31,A
367456430,2022-01-05T15:30:11,29.91141,-89.97748,5.8,237.5,511.0,CAPT WEBSTER,,WDF4843,31,0,19,7,,31,A
367456430,2022-01-05T06:03:52,29.45494,-89.63190,6.2,278.4,511.0,CAPT WEBSTER,,WDF4843,31,0,19,7,,31,A
367456430,2022-01-05T15:53:31,29.88241,-90.00265,5.6,204.4,511.0,CAPT WEBSTER,,WDF4843,31,0,19,7,,31,A
367456430,2022-01-05T15:54:42,29.88074,-90.00365,5.7,207.5,511.0,CAPT WEBSTER,,WDF4843,31,0,19,7,,31,A
367456430,2022-01-05T15:33:41,29.90781,-89.98240,5.9,229.3,511.0,CAPT WEBSTER,,WDF4843,31,0,19,7,,31,A
367456430,2022-01-05T15:41:41,29.89908,-89.99275,5.7,210.9,511.0,CAPT WEBSTER,,WDF4843,31,0,19,7,,31,A
367456430,2022-01-05T06:08:22,29.45574,-89.64049,6.1,278.3,511.0,CAPT WEBSTER,,WDF4843,31,0,19,7,,31,A
367456430,2022-01-05T16:00:01,29.87331,-90.00811,5.1,207.7,511.0,CAPT WEBSTER,,WDF4843,31,0,19,7,,31,A
367456430,2022-01-05T15:39:22,29.90195,-89.99029,5.6,226.8,511.0,CAPT WEBSTER,,WDF4843,31,0,19,7,,31,A
367456430,2022-01-05T16:03:52,29.86921,-90.01061,4.5,210.3,511.0,CAPT WEBSTER,,WDF4843,31,0,19,7,,31,A
367456430,2022-01-05T15:50:02,29.88733,-89.99972,5.8,208.2,511.0,CAPT WEBSTER,,WDF4843,31,0,19,7,,31,A
367456430,2022-01-05T15:47:32,29.89085,-89.99756,5.7,208.1,511.0,CAPT WEBSTER,,WDF4843,31,0,19,7,,31,A
367456430,2022-01-05T15:58:12,29.87586,-90.00657,5.7,207.9,511.0,CAPT WEBSTER,,WDF4843,31,0,19,7,,31,A
367456430,2022-01-05T16:10:12,29.86218,-90.01483,4.5,203.8,511.0,CAPT WEBSTER,,WDF4843,31,0,19,7,,31,A
367456430,2022-01-05T06:14:12,29.45734,-89.65177,6.2,281.5,511.0,CAPT WEBSTER,,WDF4843,31,0,19,7,,31,A
367456430,2022-01-05T15:59:22,29.87423,-90.00756,5.7,208.1,511.0,CAPT WEBSTER,,WDF4843,31,0,19,7,,31,A
367456430,2022-01-05T15:52:21,29.88404,-90.00169,5.6,207.8,511.0,CAPT WEBSTER,,WDF4843,31,0,19,7,,31,A
367456430,2022-01-05T15:55:43,29.87932,-90.00449,5.7,206.8,511.0,CAPT WEBSTER,,WDF4843,31,0,19,7,,31,A
367456430,2022-01-05T06:16:31,29.45851,-89.65624,6.3,287.7,511.0,CAPT WEBSTER,,WDF4843,31,0,19,7,,31,A
367456430,2022-01-05T15:57:01,29.87750,-90.00558,5.7,207.8,511.0,CAPT WEBSTER,,WDF4843,31,0,19,7,,31,A
367456430,2022-01-05T16:14:43,29.85704,-90.01780,4.6,208.1,511.0,CAPT WEBSTER,,WDF4843,31,0,19,7,,31,A
367456430,2022-01-05T16:02:41,29.87048,-90.00976,4.4,208.7,511.0,CAPT WEBSTER,,WDF4843,31,0,19,7,,31,A
367456430,2022-01-05T16:15:52,29.85575,-90.01863,4.6,209.9,511.0,CAPT WEBSTER,,WDF4843,31,0,19,7,,31,A
367456430,2022-01-05T16:07:31,29.86515,-90.01308,4.5,205.2,511.0,CAPT WEBSTER,,WDF4843,31,0,19,7,,31,A
367456430,2022-01-05T16:01:12,29.87209,-90.00884,3.9,204.2,511.0,CAPT WEBSTER,,WDF4843,31,0,19,7,,31,A
367456430,2022-01-05T06:17:32,29.45907,-89.65811,6.2,289.3,511.0,CAPT WEBSTER,,WDF4843,31,0,19,7,,31,A
367456430,2022-01-05T16:05:02,29.86792,-90.01142,4.5,208.0,511.0,CAPT WEBSTER,,WDF4843,31,0,19,7,,31,A
367456430,2022-01-05T16:06:23,29.86645,-90.01234,4.6,208.5,511.0,CAPT WEBSTER,,WDF4843,31,0,19,7,,31,A
367456430,2022-01-05T16:13:32,29.85838,-90.01701,4.6,207.8,511.0,CAPT WEBSTER,,WDF4843,31,0,19,7,,31,A
367456430,2022-01-05T16:11:23,29.86081,-90.01553,4.5,205.6,511.0,CAPT WEBSTER,,WDF4843,31,0,19,7,,31,A
367456430,2022-01-05T16:08:42,29.86388,-90.01388,4.6,209.9,511.0,CAPT WEBSTER,,WDF4843,31,0,19,7,,31,A
367456430,2022-01-05T16:19:13,29.85186,-90.02109,5.0,213.4,511.0,CAPT WEBSTER,,WDF4843,31,0,19,7,,31,A
367456430,2022-01-05T16:20:23,29.85051,-90.02215,5.1,218.8,511.0,CAPT WEBSTER,,WDF4843,31,0,19,7,,31,A
367456430,2022-01-05T16:21:43,29.84920,-90.02366,5.1,229.7,511.0,CAPT WEBSTER,,WDF4843,31,0,19,7,,31,A
367456430,2022-01-05T16:17:03,29.85443,-90.01951,4.6,208.8,511.0,CAPT WEBSTER,,WDF4843,31,0,19,7,,31,A
367456430,2022-01-05T16:24:12,29.84702,-90.02684,5.0,235.0,511.0,CAPT WEBSTER,,WDF4843,31,0,19,7,,31,A
367456430,2022-01-05T16:38:02,29.83588,-90.04487,5.1,235.6,511.0,CAPT WEBSTER,,WDF4843,31,0,19,7,,31,A
367456430,2022-01-05T16:18:11,29.85308,-90.02030,4.9,204.0,511.0,CAPT WEBSTER,,WDF4843,31,0,19,7,,31,A
367456430,2022-01-05T16:40:22,29.83403,-90.04808,5.1,234.4,511.0,CAPT WEBSTER,,WDF4843,31,0,19,7,,31,A
367456430,2022-01-05T16:26:32,29.84520,-90.02991,5.0,236.0,511.0,CAPT WEBSTER,,WDF4843,31,0,19,7,,31,A
367456430,2022-01-05T16:22:52,29.84813,-90.02514,5.1,231.5,511.0,CAPT WEBSTER,,WDF4843,31,0,19,7,,31,A
367456430,2022-01-05T16:43:53,29.83108,-90.05257,5.0,233.7,511.0,CAPT WEBSTER,,WDF4843,31,0,19,7,,31,A
367456430,2022-01-05T16:33:12,29.83996,-90.03860,5.0,231.4,511.0,CAPT WEBSTER,,WDF4843,31,0,19,7,,31,A
367456430,2022-01-05T16:32:02,29.84096,-90.03715,4.9,232.6,511.0,CAPT WEBSTER,,WDF4843,31,0,19,7,,31,A
367456430,2022-01-05T16:28:42,29.84343,-90.03279,5.0,235.0,511.0,CAPT WEBSTER,,WDF4843,31,0,19,7,,31,A
367456430,2022-01-05T16:34:23,29.83895,-90.04008,5.1,233.1,511.0,CAPT WEBSTER,,WDF4843,31,0,19,7,,31,A
367456430,2022-01-05T16:25:21,29.84612,-90.02839,5.0,235.9,511.0,CAPT WEBSTER,,WDF4843,31,0,19,7,,31,A
367456430,2022-01-05T16:29:43,29.84266,-90.03413,5.0,237.9,511.0,CAPT WEBSTER,,WDF4843,31,0,19,7,,31,A
367456430,2022-01-05T16:30:53,29.84186,-90.03571,4.9,238.9,511.0,CAPT WEBSTER,,WDF4843,31,0,19,7,,31,A
367456430,2022-01-05T06:22:03,29.46254,-89.66627,6.3,303.6,511.0,CAPT WEBSTER,,WDF4843,31,0,19,7,,31,A
367456430,2022-01-05T16:49:42,29.82607,-90.06012,4.9,234.9,511.0,CAPT WEBSTER,,WDF4843,31,0,19,7,,31,A
367456430,2022-01-05T06:24:22,29.46489,-89.67005,6.3,307.4,511.0,CAPT WEBSTER,,WDF4843,31,0,19,7,,31,A
367456430,2022-01-05T16:35:32,29.83797,-90.04158,5.1,231.2,511.0,CAPT WEBSTER,,WDF4843,31,0,19,7,,31,A
367456430,2022-01-05T16:59:01,29.81747,-90.06882,2.6,193.5,511.0,CAPT WEBSTER,,WDF4843,31,0,19,7,,31,A
367456430,2022-01-05T16:39:13,29.83496,-90.04648,5.1,237.5,511.0,CAPT WEBSTER,,WDF4843,31,0,19,7,,31,A
367456430,2022-01-05T16:48:33,29.82719,-90.05873,5.1,229.9,511.0,CAPT WEBSTER,,WDF4843,31,0,19,7,,31,A
367456430,2022-01-05T16:51:01,29.82520,-90.06190,5.0,251.9,511.0,CAPT WEBSTER,,WDF4843,31,0,19,7,,31,A
367456430,2022-01-05T16:52:02,29.82469,-90.06334,4.5,235.0,511.0,CAPT WEBSTER,,WDF4843,31,0,19,7,,31,A
367456430,2022-01-05T16:47:21,29.82815,-90.05714,5.1,232.9,511.0,CAPT WEBSTER,,WDF4843,31,0,19,7,,31,A
367456430,2022-01-05T17:07:53,29.80520,-90.07144,6.5,157.1,511.0,CAPT WEBSTER,,WDF4843,31,0,19,7,,31,A
367456430,2022-01-05T16:45:01,29.83012,-90.05405,5.1,233.1,511.0,CAPT WEBSTER,,WDF4843,31,0,19,7,,31,A
367456430,2022-01-05T16:53:12,29.82372,-90.06469,4.9,231.6,511.0,CAPT WEBSTER,,WDF4843,31,0,19,7,,31,A
367456430,2022-01-05T06:28:52,29.46962,-89.67721,6.3,309.3,511.0,CAPT WEBSTER,,WDF4843,31,0,19,7,,31,A
367456430,2022-01-05T17:09:02,29.80331,-90.07033,6.6,150.8,511.0,CAPT WEBSTER,,WDF4843,31,0,19,7,,31,A
367456430,2022-01-05T16:55:32,29.82129,-90.06709,4.9,215.7,511.0,CAPT WEBSTER,,WDF4843,31,0,19,7,,31,A
367456430,2022-01-05T17:10:12,29.80141,-90.06920,6.6,152.4,511.0,CAPT WEBSTER,,WDF4843,31,0,19,7,,31,A
367456430,2022-01-05T16:56:42,29.81995,-90.06801,4.7,202.3,511.0,CAPT WEBSTER,,WDF4843,31,0,19,7,,31,A
367456430,2022-01-05T06:32:13,29.47347,-89.68221,6.2,314.0,511.0,CAPT WEBSTER,,WDF4843,31,0,19,7,,31,A
367456430,2022-01-05T17:16:03,29.79129,-90.06550,6.6,164.2,511.0,CAPT WEBSTER,,WDF4843,31,0,19,7,,31,A
367456430,2022-01-05T16:54:21,29.82261,-90.06596,4.9,215.8,511.0,CAPT WEBSTER,,WDF4843,31,0,19,7,,31,A
367456430,2022-01-05T17:11:23,29.79950,-90.06809,6.5,156.1,511.0,CAPT WEBSTER,,WDF4843,31,0,19,7,,31,A
367456430,2022-01-05T17:17:12,29.78917,-90.06469,7.0,155.4,511.0,CAPT WEBSTER,,WDF4843,31,0,19,7,,31,A
367456430,2022-01-05T17:04:23,29.81134,-90.07172,6.3,190.8,511.0,CAPT WEBSTER,,WDF4843,31,0,19,7,,31,A
367456430,2022-01-05T17:00:01,29.81679,-90.06904,3.3,193.7,511.0,CAPT WEBSTER,,WDF4843,31,0,19,7,,31,A
367456430,2022-01-05T17:21:52,29.78027,-90.06592,7.2,212.8,511.0,CAPT WEBSTER,,WDF4843,31,0,19,7,,31,A
367456430,2022-01-05T17:05:33,29.80927,-90.07205,6.5,185.3,511.0,CAPT WEBSTER,,WDF4843,31,0,19,7,,31,A
367456430,2022-01-05T17:24:02,29.77695,-90.06933,7.4,225.5,511.0,CAPT WEBSTER,,WDF4843,31,0,19,7,,31,A
367456430,2022-01-05T17:12:32,29.79751,-90.06726,6.6,163.1,511.0,CAPT WEBSTER,,WDF4843,31,0,19,7,,31,A
367456430,2022-01-05T17:23:01,29.77845,-90.06767,7.4,225.5,511.0,CAPT WEBSTER,,WDF4843,31,0,19,7,,31,A
367456430,2022-01-05T17:33:23,29.76620,-90.08440,5.3,220.8,511.0,CAPT WEBSTER,,WDF4843,31,0,19,7,,31,A
367456430,2022-01-05T17:18:23,29.78693,-90.06389,7.1,176.2,511.0,CAPT WEBSTER,,WDF4843,31,0,19,7,,31,A
367456430,2022-01-05T06:42:32,29.48673,-89.69564,6.2,327.7,511.0,CAPT WEBSTER,,WDF4843,31,0,19,7,,31,A
367456430,2022-01-05T17:25:12,29.77529,-90.07135,7.4,227.7,511.0,CAPT WEBSTER,,WDF4843,31,0,19,7,,31,A
367456430,2022-01-05T17:27:32,29.77230,-90.07552,6.7,235.9,511.0,CAPT WEBSTER,,WDF4843,31,0,19,7,,31,A
367456430,2022-01-05T17:41:31,29.76212,-90.09735,5.5,265.7,511.0,CAPT WEBSTER,,WDF4843,31,0,19,7,,31,A
367456430,2022-01-05T17:30:02,29.76977,-90.07983,6.1,236.1,511.0,CAPT WEBSTER,,WDF4843,31,0,19,7,,31,A
367456430,2022-01-05T17:42:42,29.76197,-90.09938,5.5,266.3,511.0,CAPT WEBSTER,,WDF4843,31,0,19,7,,31,A
367456430,2022-01-05T17:31:12,29.76857,-90.08161,5.9,230.4,511.0,CAPT WEBSTER,,WDF4843,31,0,19,7,,31,A
367456430,2022-01-05T17:19:32,29.78460,-90.06399,7.2,191.6,511.0,CAPT WEBSTER,,WDF4843,31,0,19,7,,31,A
367456430,2022-01-05T17:34:42,29.76493,-90.08606,5.3,232.6,511.0,CAPT WEBSTER,,WDF4843,31,0,19,7,,31,A
367456430,2022-01-05T17:20:42,29.78241,-90.06479,7.3,200.4,511.0,CAPT WEBSTER,,WDF4843,31,0,19,7,,31,A
367456430,2022-01-05T17:43:52,29.76187,-90.10148,5.5,266.7,511.0,CAPT WEBSTER,,WDF4843,31,0,19,7,,31,A
367456430,2022-01-05T17:46:12,29.76176,-90.10557,5.5,271.0,511.0,CAPT WEBSTER,,WDF4843,31,0,19,7,,31,A
367456430,2022-01-05T17:52:01,29.76133,-90.11581,5.8,266.3,511.0,CAPT WEBSTER,,WDF4843,31,0,19,7,,31,A
367456430,2022-01-05T17:32:13,29.76746,-90.08302,5.9,225.0,511.0,CAPT WEBSTER,,WDF4843,31,0,19,7,,31,A
367456430,2022-01-05T17:53:22,29.76108,-90.11823,5.8,260.7,511.0,CAPT WEBSTER,,WDF4843,31,0,19,7,,31,A
367456430,2022-01-05T17:54:31,29.76070,-90.12033,5.8,256.8,511.0,CAPT WEBSTER,,WDF4843,31,0,19,7,,31,A
367456430,2022-01-05T17:55:32,29.76031,-90.12211,5.8,254.8,511.0,CAPT WEBSTER,,WDF4843,31,0,19,7,,31,A
367456430,2022-01-05T17:47:22,29.76179,-90.10759,5.5,270.9,511.0,CAPT WEBSTER,,WDF4843,31,0,19,7,,31,A
367456430,2022-01-05T17:40:02,29.76235,-90.09474,5.5,262.2,511.0,CAPT WEBSTER,,WDF4843,31,0,19,7,,31,A
367456430,2022-01-05T17:50:52,29.76150,-90.11370,5.7,264.6,511.0,CAPT WEBSTER,,WDF4843,31,0,19,7,,31,A
367456430,2022-01-05T17:35:52,29.76409,-90.08780,5.4,245.8,511.0,CAPT WEBSTER,,WDF4843,31,0,19,7,,31,A
367456430,2022-01-05T17:37:02,29.76347,-90.08968,5.4,251.3,511.0,CAPT WEBSTER,,WDF4843,31,0,19,7,,31,A
367456430,2022-01-05T18:02:22,29.75565,-90.13329,5.6,227.9,511.0,CAPT WEBSTER,,WDF4843,31,0,19,7,,31,A
367456430,2022-01-05T17:45:02,29.76177,-90.10353,5.5,268.5,511.0,CAPT WEBSTER,,WDF4843,31,0,19,7,,31,A
367456430,2022-01-05T18:08:33,29.74683,-90.13667,5.8,184.5,511.0,CAPT WEBSTER,,WDF4843,31,0,19,7,,31,A
367456430,2022-01-05T17:49:42,29.76167,-90.11161,5.4,262.5,511.0,CAPT WEBSTER,,WDF4843,31,0,19,7,,31,A
367456430,2022-01-05T18:12:02,29.74127,-90.13964,7.2,220.1,511.0,CAPT WEBSTER,,WDF4843,31,0,19,7,,31,A
367456430,2022-01-05T17:59:02,29.75856,-90.12821,5.8,245.5,511.0,CAPT WEBSTER,,WDF4843,31,0,19,7,,31,A
367456430,2022-01-05T18:04:42,29.75278,-90.13566,5.5,202.8,511.0,CAPT WEBSTER,,WDF4843,31,0,19,7,,31,A
367456430,2022-01-05T17:57:53,29.75923,-90.12627,5.8,251.1,511.0,CAPT WEBSTER,,WDF4843,31,0,19,7,,31,A
367456430,2022-01-05T18:19:11,29.73004,-90.14986,7.2,219.0,511.0,CAPT WEBSTER,,WDF4843,31,0,19,7,,31,A
367456430,2022-01-05T17:56:42,29.75979,-90.12418,5.8,253.3,511.0,CAPT WEBSTER,,WDF4843,31,0,19,7,,31,A
367456430,2022-01-05T18:20:12,29.72845,-90.15123,7.1,215.0,511.0,CAPT WEBSTER,,WDF4843,31,0,19,7,,31,A
367456430,2022-01-05T18:21:21,29.72659,-90.15283,7.3,218.0,511.0,CAPT WEBSTER,,WDF4843,31,0,19,7,,31,A
367456430,2022-01-05T18:24:52,29.72103,-90.15764,7.3,215.1,511.0,CAPT WEBSTER,,WDF4843,31,0,19,7,,31,A
367456430,2022-01-05T06:59:51,29.51139,-89.71641,6.4,321.1,511.0,CAPT WEBSTER,,WDF4843,31,0,19,7,,31,A
367456430,2022-01-05T18:03:33,29.75432,-90.13472,5.5,217.5,511.0,CAPT WEBSTER,,WDF4843,31,0,19,7,,31,A
367456430,2022-01-05T18:23:43,29.72292,-90.15614,7.0,215.7,511.0,CAPT WEBSTER,,WDF4843,31,0,19,7,,31,A
367456430,2022-01-05T18:01:12,29.75676,-90.13165,5.8,235.0,511.0,CAPT WEBSTER,,WDF4843,31,0,19,7,,31,A
367456430,2022-01-05T18:14:21,29.73759,-90.14286,7.3,218.2,511.0,CAPT WEBSTER,,WDF4843,31,0,19,7,,31,A
367456430,2022-01-05T18:07:22,29.74871,-90.13662,5.7,184.2,511.0,CAPT WEBSTER,,WDF4843,31,0,19,7,,31,A
367456430,2022-01-05T18:16:53,29.73367,-90.14654,7.1,219.4,511.0,CAPT WEBSTER,,WDF4843,31,0,19,7,,31,A
367456430,2022-01-05T18:33:22,29.70743,-90.16973,7.1,216.7,511.0,CAPT WEBSTER,,WDF4843,31,0,19,7,,31,A
367456430,2022-01-05T18:10:51,29.74319,-90.13807,7.1,214.0,511.0,CAPT WEBSTER,,WDF4843,31,0,19,7,,31,A
367456430,2022-01-05T18:35:42,29.70364,-90.17287,7.4,218.9,511.0,CAPT WEBSTER,,WDF4843,31,0,19,7,,31,A
367456430,2022-01-05T18:09:42,29.74502,-90.13692,5.5,198.7,511.0,CAPT WEBSTER,,WDF4843,31,0,19,7,,31,A
367456430,2022-01-05T18:30:52,29.71143,-90.16616,7.3,217.3,511.0,CAPT WEBSTER,,WDF4843,31,0,19,7,,31,A
367456430,2022-01-05T18:18:01,29.73189,-90.14811,7.3,216.1,511.0,CAPT WEBSTER,,WDF4843,31,0,19,7,,31,A
367456430,2022-01-05T18:39:42,29.69723,-90.17852,7.3,217.8,511.0,CAPT WEBSTER,,WDF4843,31,0,19,7,,31,A
367456430,2022-01-05T18:13:12,29.73943,-90.14124,7.2,216.3,511.0,CAPT WEBSTER,,WDF4843,31,0,19,7,,31,A
367456430,2022-01-05T18:43:11,29.69176,-90.18351,7.1,218.0,511.0,CAPT WEBSTER,,WDF4843,31,0,19,7,,31,A
367456430,2022-01-05T18:15:42,29.73547,-90.14485,7.2,220.6,511.0,CAPT WEBSTER,,WDF4843,31,0,19,7,,31,A
367456430,2022-01-05T18:44:31,29.68972,-90.18542,7.1,219.1,511.0,CAPT WEBSTER,,WDF4843,31,0,19,7,,31,A
367456430,2022-01-05T18:27:22,29.71697,-90.16119,7.3,217.1,511.0,CAPT WEBSTER,,WDF4843,31,0,19,7,,31,A
367456430,2022-01-05T18:45:33,29.68802,-90.18680,7.3,216.0,511.0,CAPT WEBSTER,,WDF4843,31,0,19,7,,31,A
367456430,2022-01-05T18:51:22,29.67884,-90.19493,6.8,219.4,511.0,CAPT WEBSTER,,WDF4843,31,0,19,7,,31,A
367456430,2022-01-05T18:22:32,29.72472,-90.15452,7.2,218.4,511.0,CAPT WEBSTER,,WDF4843,31,0,19,7,,31,A
367456430,2022-01-05T18:53:42,29.67538,-90.19823,7.0,219.7,511.0,CAPT WEBSTER,,WDF4843,31,0,19,7,,31,A
367456430,2022-01-05T18:26:02,29.71914,-90.15928,7.3,218.2,511.0,CAPT WEBSTER,,WDF4843,31,0,19,7,,31,A
367456430,2022-01-05T18:52:31,29.67716,-90.19652,6.9,219.9,511.0,CAPT WEBSTER,,WDF4843,31,0,19,7,,31,A
367456430,2022-01-05T18:36:52,29.70175,-90.17456,7.3,217.2,511.0,CAPT WEBSTER,,WDF4843,31,0,19,7,,31,A
367456430,2022-01-05T18:29:21,29.71381,-90.16408,7.3,218.8,511.0,CAPT WEBSTER,,WDF4843,31,0,19,7,,31,A
367456430,2022-01-05T18:59:32,29.66675,-90.20653,7.1,222.5,511.0,CAPT WEBSTER,,WDF4843,31,0,19,7,,31,A
367456430,2022-01-05T18:56:02,29.67186,-90.20149,7.0,217.6,511.0,CAPT WEBSTER,,WDF4843,31,0,19,7,,31,A
367456430,2022-01-05T19:00:01,29.66602,-90.20730,7.1,224.6,511.0,CAPT WEBSTER,,WDF4843,31,0,19,7,,31,A
367456430,2022-01-05T18:42:02,29.69354,-90.18188,7.2,219.0,511.0,CAPT WEBSTER,,WDF4843,31,0,19,7,,31,A
367456430,2022-01-05T18:50:21,29.68029,-90.19353,6.8,220.0,511.0,CAPT WEBSTER,,WDF4843,31,0,19,7,,31,A
367456430,2022-01-05T18:34:33,29.70552,-90.17123,7.2,216.2,511.0,CAPT WEBSTER,,WDF4843,31,0,19,7,,31,A
367456430,2022-01-05T19:08:31,29.65747,-90.22295,7.0,257.7,511.0,CAPT WEBSTER,,WDF4843,31,0,19,7,,31,A
367456430,2022-01-05T18:54:52,29.67364,-90.19993,6.9,219.8,511.0,CAPT WEBSTER,,WDF4843,31,0,19,7,,31,A
367456430,2022-01-05T18:57:22,29.66989,-90.20335,6.9,219.8,511.0,CAPT WEBSTER,,WDF4843,31,0,19,7,,31,A
367456430,2022-01-05T19:13:52,29.65509,-90.23445,6.9,255.0,511.0,CAPT WEBSTER,,WDF4843,31,0,19,7,,31,A
367456430,2022-01-05T18:40:52,29.69535,-90.18018,7.2,219.0,511.0,CAPT WEBSTER,,WDF4843,31,0,19,7,,31,A
367456430,2022-01-05T19:15:03,29.65451,-90.23692,7.0,254.3,511.0,CAPT WEBSTER,,WDF4843,31,0,19,7,,31,A
367456430,2022-01-05T19:07:22,29.65795,-90.22044,7.0,255.8,511.0,CAPT WEBSTER,,WDF4843,31,0,19,7,,31,A
367456430,2022-01-05T18:46:42,29.68613,-90.18841,7.5,216.0,511.0,CAPT WEBSTER,,WDF4843,31,0,19,7,,31,A
367456430,2022-01-05T18:48:01,29.68388,-90.19022,7.5,215.8,511.0,CAPT WEBSTER,,WDF4843,31,0,19,7,,31,A
367456430,2022-01-05T18:49:12,29.68201,-90.19191,7.1,219.3,511.0,CAPT WEBSTER,,WDF4843,31,0,19,7,,31,A
367456430,2022-01-05T07:13:12,29.52558,-89.73720,6.0,297.7,511.0,CAPT WEBSTER,,WDF4843,31,0,19,7,,31,A
367456430,2022-01-05T19:27:41,29.64878,-90.26428,7.0,254.1,511.0,CAPT WEBSTER,,WDF4843,31,0,19,7,,31,A
367456430,2022-01-05T19:31:33,29.64694,-90.27265,7.1,253.3,511.0,CAPT WEBSTER,,WDF4843,31,0,19,7,,31,A
367456430,2022-01-05T19:22:22,29.65117,-90.25283,7.0,257.0,511.0,CAPT WEBSTER,,WDF4843,31,0,19,7,,31,A
367456430,2022-01-05T19:16:13,29.65395,-90.23946,7.0,257.9,511.0,CAPT WEBSTER,,WDF4843,31,0,19,7,,31,A
367456430,2022-01-05T19:10:12,29.65672,-90.22650,6.9,255.5,511.0,CAPT WEBSTER,,WDF4843,31,0,19,7,,31,A
367456430,2022-01-05T19:39:53,29.64616,-90.29117,6.8,269.2,511.0,CAPT WEBSTER,,WDF4843,31,0,19,7,,31,A
367456430,2022-01-05T19:28:53,29.64819,-90.26687,7.0,257.3,511.0,CAPT WEBSTER,,WDF4843,31,0,19,7,,31,A
367456430,2022-01-05T19:21:11,29.65173,-90.25027,7.0,255.3,511.0,CAPT WEBSTER,,WDF4843,31,0,19,7,,31,A
367456430,2022-01-05T19:32:41,29.64647,-90.27515,7.0,262.2,511.0,CAPT WEBSTER,,WDF4843,31,0,19,7,,31,A
367456430,2022-01-05T19:12:31,29.65575,-90.23154,6.9,255.4,511.0,CAPT WEBSTER,,WDF4843,31,0,19,7,,31,A
367456430,2022-01-05T19:25:11,29.64993,-90.25893,6.9,257.9,511.0,CAPT WEBSTER,,WDF4843,31,0,19,7,,31,A
367456430,2022-01-05T19:19:52,29.65234,-90.24744,6.9,258.6,511.0,CAPT WEBSTER,,WDF4843,31,0,19,7,,31,A
367456430,2022-01-05T19:30:11,29.64765,-90.26977,7.0,256.3,511.0,CAPT WEBSTER,,WDF4843,31,0,19,7,,31,A
367456430,2022-01-05T19:26:22,29.64944,-90.26147,7.0,255.4,511.0,CAPT WEBSTER,,WDF4843,31,0,19,7,,31,A
367456430,2022-01-05T19:54:51,29.64545,-90.32385,7.0,269.3,511.0,CAPT WEBSTER,,WDF4843,31,0,19,7,,31,A
367456430,2022-01-05T19:48:43,29.64566,-90.31045,6.8,268.9,511.0,CAPT WEBSTER,,WDF4843,31,0,19,7,,31,A
367456430,2022-01-05T19:23:33,29.65063,-90.25534,7.0,255.9,511.0,CAPT WEBSTER,,WDF4843,31,0,19,7,,31,A
367456430,2022-01-05T19:56:01,29.64544,-90.32639,6.9,267.9,511.0,CAPT WEBSTER,,WDF4843,31,0,19,7,,31,A
367456430,2022-01-05T19:58:22,29.64444,-90.33138,6.7,240.4,511.0,CAPT WEBSTER,,WDF4843,31,0,19,7,,31,A
367456430,2022-01-05T19:42:21,29.64598,-90.29649,6.9,264.1,511.0,CAPT WEBSTER,,WDF4843,31,0,19,7,,31,A
367456430,2022-01-05T19:45:21,29.64572,-90.30311,6.9,269.3,511.0,CAPT WEBSTER,,WDF4843,31,0,19,7,,31,A
367456430,2022-01-05T19:33:52,29.64630,-90.27781,7.0,268.5,511.0,CAPT WEBSTER,,WDF4843,31,0,19,7,,31,A
367456430,2022-01-05T19:35:21,29.64624,-90.28118,7.0,270.0,511.0,CAPT WEBSTER,,WDF4843,31,0,19,7,,31,A
367456430,2022-01-05T19:36:32,29.64623,-90.28376,7.0,269.1,511.0,CAPT WEBSTER,,WDF4843,31,0,19,7,,31,A
367456430,2022-01-05T19:52:33,29.64553,-90.31881,6.8,267.9,511.0,CAPT WEBSTER,,WDF4843,31,0,19,7,,31,A
367456430,2022-01-05T20:02:43,29.63812,-90.33740,6.9,212.0,511.0,CAPT WEBSTER,,WDF4843,31,0,19,7,,31,A
367456430,2022-01-05T19:38:52,29.64616,-90.28898,7.0,271.0,511.0,CAPT WEBSTER,,WDF4843,31,0,19,7,,31,A
367456430,2022-01-05T19:44:03,29.64579,-90.30022,7.0,270.9,511.0,CAPT WEBSTER,,WDF4843,31,0,19,7,,31,A
367456430,2022-01-05T19:41:03,29.64610,-90.29364,6.8,268.2,511.0,CAPT WEBSTER,,WDF4843,31,0,19,7,,31,A
367456430,2022-01-05T20:06:21,29.63212,-90.34159,6.9,211.4,511.0,CAPT WEBSTER,,WDF4843,31,0,19,7,,31,A
367456430,2022-01-05T20:10:03,29.62609,-90.34588,6.8,211.9,511.0,CAPT WEBSTER,,WDF4843,31,0,19,7,,31,A
367456430,2022-01-05T19:49:53,29.64557,-90.31298,6.8,268.3,511.0,CAPT WEBSTER,,WDF4843,31,0,19,7,,31,A
367456430,2022-01-05T20:20:42,29.60912,-90.35784,7.0,209.7,511.0,CAPT WEBSTER,,WDF4843,31,0,19,7,,31,A
367456430,2022-01-05T19:51:01,29.64555,-90.31545,6.9,269.5,511.0,CAPT WEBSTER,,WDF4843,31,0,19,7,,31,A
367456430,2022-01-05T20:14:52,29.61830,-90.35166,6.8,215.0,511.0,CAPT WEBSTER,,WDF4843,31,0,19,7,,31,A
367456430,2022-01-05T20:07:32,29.63019,-90.34293,7.0,212.3,511.0,CAPT WEBSTER,,WDF4843,31,0,19,7,,31,A
367456430,2022-01-05T20:08:43,29.62826,-90.34432,6.9,212.6,511.0,CAPT WEBSTER,,WDF4843,31,0,19,7,,31,A
367456430,2022-01-05T20:26:42,29.59906,-90.36500,7.0,210.2,511.0,CAPT WEBSTER,,WDF4843,31,0,19,7,,31,A
367456430,2022-01-05T19:57:03,29.64524,-90.32866,7.0,259.9,511.0,CAPT WEBSTER,,WDF4843,31,0,19,7,,31,A
367456430,2022-01-05T19:53:42,29.64546,-90.32129,6.9,268.6,511.0,CAPT WEBSTER,,WDF4843,31,0,19,7,,31,A
367456430,2022-01-05T20:04:43,29.63483,-90.33969,6.9,211.5,511.0,CAPT WEBSTER,,WDF4843,31,0,19,7,,31,A
367456430,2022-01-05T20:00:22,29.64187,-90.33453,6.9,218.1,511.0,CAPT WEBSTER,,WDF4843,31,0,19,7,,31,A
367456430,2022-01-05T20:24:21,29.60294,-90.36218,7.1,213.1,511.0,CAPT WEBSTER,,WDF4843,31,0,19,7,,31,A
367456430,2022-01-05T20:16:02,29.61648,-90.35297,6.6,210.7,511.0,CAPT WEBSTER,,WDF4843,31,0,19,7,,31,A
367456430,2022-01-05T20:34:41,29.58741,-90.37323,5.7,211.7,511.0,CAPT WEBSTER,,WDF4843,31,0,19,7,,31,A
367456430,2022-01-05T20:17:11,29.61465,-90.35421,6.2,210.1,511.0,CAPT WEBSTER,,WDF4843,31,0,19,7,,31,A
367456430,2022-01-05T20:41:41,29.57797,-90.37985,5.6,212.0,511.0,CAPT WEBSTER,,WDF4843,31,0,19,7,,31,A
367456430,2022-01-05T20:11:12,29.62421,-90.34725,6.9,212.2,511.0,CAPT WEBSTER,,WDF4843,31,0,19,7,,31,A
367456430,2022-01-05T20:12:22,29.62230,-90.34861,6.9,213.5,511.0,CAPT WEBSTER,,WDF4843,31,0,19,7,,31,A
367456430,2022-01-05T20:42:51,29.57641,-90.38096,5.6,210.5,511.0,CAPT WEBSTER,,WDF4843,31,0,19,7,,31,A
367456430,2022-01-05T20:13:32,29.62040,-90.35004,6.9,213.2,511.0,CAPT WEBSTER,,WDF4843,31,0,19,7,,31,A
367456430,2022-01-05T20:40:23,29.57972,-90.37862,5.7,211.0,511.0,CAPT WEBSTER,,WDF4843,31,0,19,7,,31,A
367456430,2022-01-05T20:50:02,29.56756,-90.38627,4.8,202.0,511.0,CAPT WEBSTER,,WDF4843,31,0,19,7,,31,A
367456430,2022-01-05T20:21:51,29.60714,-90.35924,7.1,212.4,511.0,CAPT WEBSTER,,WDF4843,31,0,19,7,,31,A
367456430,2022-01-05T20:54:12,29.56207,-90.38864,5.5,202.0,511.0,CAPT WEBSTER,,WDF4843,31,0,19,7,,31,A
367456430,2022-01-05T20:23:13,29.60488,-90.36085,7.1,210.5,511.0,CAPT WEBSTER,,WDF4843,31,0,19,7,,31,A
367456430,2022-01-05T07:46:53,29.56423,-89.78642,6.2,310.5,511.0,CAPT WEBSTER,,WDF4843,31,0,19,7,,31,A
367456430,2022-01-05T20:53:02,29.56371,-90.38793,5.4,201.8,511.0,CAPT WEBSTER,,WDF4843,31,0,19,7,,31,A
367456430,2022-01-05T20:45:02,29.57362,-90.38294,5.0,212.2,511.0,CAPT WEBSTER,,WDF4843,31,0,19,7,,31,A
367456430,2022-01-05T20:32:12,29.59063,-90.37091,5.4,213.6,511.0,CAPT WEBSTER,,WDF4843,31,0,19,7,,31,A
367456430,2022-01-05T20:28:02,29.59679,-90.36653,7.1,213.4,511.0,CAPT WEBSTER,,WDF4843,31,0,19,7,,31,A
367456430,2022-01-05T20:29:11,29.59487,-90.36797,7.1,212.4,511.0,CAPT WEBSTER,,WDF4843,31,0,19,7,,31,A
367456430,2022-01-05T20:58:32,29.55591,-90.39185,5.7,205.8,511.0,CAPT WEBSTER,,WDF4843,31,0,19,7,,31,A
367456430,2022-01-05T20:36:12,29.58539,-90.37468,5.8,211.9,511.0,CAPT WEBSTER,,WDF4843,31,0,19,7,,31,A
367456430,2022-01-05T07:49:11,29.56688,-89.78983,6.2,309.6,511.0,CAPT WEBSTER,,WDF4843,31,0,19,7,,31,A
367456430,2022-01-05T20:37:41,29.58336,-90.37607,5.7,211.8,511.0,CAPT WEBSTER,,WDF4843,31,0,19,7,,31,A
367456430,2022-01-05T20:46:32,29.57180,-90.38411,4.9,208.5,511.0,CAPT WEBSTER,,WDF4843,31,0,19,7,,31,A
367456430,2022-01-05T20:48:32,29.56938,-90.38536,4.7,202.6,511.0,CAPT WEBSTER,,WDF4843,31,0,19,7,,31,A
367456430,2022-01-05T07:51:32,29.56940,-89.79346,6.2,308.6,511.0,CAPT WEBSTER,,WDF4843,31,0,19,7,,31,A
367456430,2022-01-05T21:13:03,29.55318,-90.41972,6.9,276.6,511.0,CAPT WEBSTER,,WDF4843,31,0,19,7,,31,A
367456430,2022-01-05T20:57:12,29.55789,-90.39083,5.8,205.6,511.0,CAPT WEBSTER,,WDF4843,31,0,19,7,,31,A
367456430,2022-01-05T21:10:32,29.55243,-90.41434,6.9,279.1,511.0,CAPT WEBSTER,,WDF4843,31,0,19,7,,31,A
367456430,2022-01-05T07:55:02,29.57326,-89.79870,6.1,309.0,511.0,CAPT WEBSTER,,WDF4843,31,0,19,7,,31,A
367456430,2022-01-05T20:44:01,29.57485,-90.38206,5.6,212.4,511.0,CAPT WEBSTER,,WDF4843,31,0,19,7,,31,A
367456430,2022-01-05T21:19:01,29.55523,-90.43279,6.9,280.2,511.0,CAPT WEBSTER,,WDF4843,31,0,19,7,,31,A
367456430,2022-01-05T21:04:02,29.55041,-90.40001,6.9,262.5,511.0,CAPT WEBSTER,,WDF4843,31,0,19,7,,31,A
367456430,2022-01-05T21:20:12,29.55562,-90.43539,7.0,280.2,511.0,CAPT WEBSTER,,WDF4843,31,0,19,7,,31,A
367456430,2022-01-05T21:06:32,29.55092,-90.40562,7.2,283.1,511.0,CAPT WEBSTER,,WDF4843,31,0,19,7,,31,A
367456430,2022-01-05T20:55:22,29.56040,-90.38940,5.4,204.5,511.0,CAPT WEBSTER,,WDF4843,31,0,19,7,,31,A
367456430,2022-01-05T21:07:42,29.55140,-90.40817,7.0,280.1,511.0,CAPT WEBSTER,,WDF4843,31,0,19,7,,31,A
367456430,2022-01-05T21:28:42,29.55777,-90.45429,7.1,273.5,511.0,CAPT WEBSTER,,WDF4843,31,0,19,7,,31,A
367456430,2022-01-05T08:03:02,29.58132,-89.81105,6.3,303.5,511.0,CAPT WEBSTER,,WDF4843,31,0,19,7,,31,A
367456430,2022-01-05T21:27:32,29.55758,-90.45164,7.1,275.4,511.0,CAPT WEBSTER,,WDF4843,31,0,19,7,,31,A
367456430,2022-01-05T21:14:12,29.55355,-90.42228,7.1,281.3,511.0,CAPT WEBSTER,,WDF4843,31,0,19,7,,31,A
367456430,2022-01-05T21:00:01,29.55390,-90.39333,5.9,214.6,511.0,CAPT WEBSTER,,WDF4843,31,0,19,7,,31,A
367456430,2022-01-05T21:01:42,29.55209,-90.39563,5.7,239.2,511.0,CAPT WEBSTER,,WDF4843,31,0,19,7,,31,A
367456430,2022-01-05T21:16:43,29.55445,-90.42774,7.0,279.9,511.0,CAPT WEBSTER,,WDF4843,31,0,19,7,,31,A
367456430,2022-01-05T21:37:02,29.55851,-90.47327,7.2,274.3,511.0,CAPT WEBSTER,,WDF4843,31,0,19,7,,31,A
367456430,2022-01-05T21:09:23,29.55198,-90.41183,7.0,281.4,511.0,CAPT WEBSTER,,WDF4843,31,0,19,7,,31,A
367456430,2022-01-05T21:11:43,29.55281,-90.41686,6.9,280.5,511.0,CAPT WEBSTER,,WDF4843,31,0,19,7,,31,A
367456430,2022-01-05T21:23:42,29.55673,-90.44307,7.0,278.5,511.0,CAPT WEBSTER,,WDF4843,31,0,19,7,,31,A
367456430,2022-01-05T21:46:03,29.55934,-90.49390,7.3,273.7,511.0,CAPT WEBSTER,,WDF4843,31,0,19,7,,31,A
367456430,2022-01-05T21:43:43,29.55908,-90.48853,7.1,272.2,511.0,CAPT WEBSTER,,WDF4843,31,0,19,7,,31,A
367456430,2022-01-05T21:48:33,29.55958,-90.49970,7.3,273.7,511.0,CAPT WEBSTER,,WDF4843,31,0,19,7,,31,A
367456430,2022-01-05T21:51:33,29.55982,-90.50658,7.2,272.2,511.0,CAPT WEBSTER,,WDF4843,31,0,19,7,,31,A
367456430,2022-01-05T21:15:33,29.55407,-90.42521,6.9,280.5,511.0,CAPT WEBSTER,,WDF4843,31,0,19,7,,31,A
367456430,2022-01-05T21:42:23,29.55890,-90.48549,7.2,275.0,511.0,CAPT WEBSTER,,WDF4843,31,0,19,7,,31,A
367456430,2022-01-05T21:31:02,29.55800,-90.45954,7.2,272.4,511.0,CAPT WEBSTER,,WDF4843,31,0,19,7,,31,A
367456430,2022-01-05T21:17:52,29.55483,-90.43026,7.0,279.6,511.0,CAPT WEBSTER,,WDF4843,31,0,19,7,,31,A
367456430,2022-01-05T21:33:22,29.55816,-90.46492,7.2,271.1,511.0,CAPT WEBSTER,,WDF4843,31,0,19,7,,31,A
367456430,2022-01-05T21:34:31,29.55818,-90.46755,7.2,270.2,511.0,CAPT WEBSTER,,WDF4843,31,0,19,7,,31,A
367456430,2022-01-05T08:13:31,29.59203,-89.82840,6.3,306.1,511.0,CAPT WEBSTER,,WDF4843,31,0,19,7,,31,A
367456430,2022-01-05T21:38:11,29.55865,-90.47589,7.2,273.0,511.0,CAPT WEBSTER,,WDF4843,31,0,19,7,,31,A
367456430,2022-01-05T21:58:23,29.56044,-90.52234,7.2,271.9,511.0,CAPT WEBSTER,,WDF4843,31,0,19,7,,31,A
367456430,2022-01-05T21:29:51,29.55788,-90.45691,7.1,272.8,511.0,CAPT WEBSTER,,WDF4843,31,0,19,7,,31,A
367456430,2022-01-05T21:26:21,29.55733,-90.44898,7.2,276.5,511.0,CAPT WEBSTER,,WDF4843,31,0,19,7,,31,A
367456430,2022-01-05T21:32:11,29.55809,-90.46221,7.2,271.9,511.0,CAPT WEBSTER,,WDF4843,31,0,19,7,,31,A
367456430,2022-01-05T22:00:23,29.56060,-90.52694,7.3,273.6,511.0,CAPT WEBSTER,,WDF4843,31,0,19,7,,31,A
367456430,2022-01-05T21:56:23,29.56027,-90.51774,7.3,272.9,511.0,CAPT WEBSTER,,WDF4843,31,0,19,7,,31,A
367456430,2022-01-05T21:44:52,29.55920,-90.49116,7.2,273.8,511.0,CAPT WEBSTER,,WDF4843,31,0,19,7,,31,A
367456430,2022-01-05T21:53:33,29.55999,-90.51118,7.3,272.6,511.0,CAPT WEBSTER,,WDF4843,31,0,19,7,,31,A
367456430,2022-01-05T08:15:42,29.59420,-89.83205,6.3,301.3,511.0,CAPT WEBSTER,,WDF4843,31,0,19,7,,31,A
367456430,2022-01-05T08:16:52,29.59528,-89.83406,6.3,300.4,511.0,CAPT WEBSTER,,WDF4843,31,0,19,7,,31,A
367456430,2022-01-05T21:55:02,29.56010,-90.51461,7.3,273.1,511.0,CAPT WEBSTER,,WDF4843,31,0,19,7,,31,A
367456430,2022-01-05T21:35:53,29.55832,-90.47062,7.1,274.1,511.0,CAPT WEBSTER,,WDF4843,31,0,19,7,,31,A
367456430,2022-01-05T08:18:01,29.59629,-89.83603,6.3,302.5,511.0,CAPT WEBSTER,,WDF4843,31,0,19,7,,31,A
367456430,2022-01-05T22:13:43,29.56335,-90.55695,7.3,297.7,511.0,CAPT WEBSTER,,WDF4843,31,0,19,7,,31,A
367456430,2022-01-05T21:40:43,29.55874,-90.48167,7.2,270.8,511.0,CAPT WEBSTER,,WDF4843,31,0,19,7,,31,A
367456430,2022-01-05T22:16:43,29.56602,-90.56252,6.0,300.2,511.0,CAPT WEBSTER,,WDF4843,31,0,19,7,,31,A
367456430,2022-01-05T08:20:12,29.59813,-89.83981,6.2,290.7,511.0,CAPT WEBSTER,,WDF4843,31,0,19,7,,31,A
367456430,2022-01-05T22:04:43,29.56112,-90.53685,7.1,274.6,511.0,CAPT WEBSTER,,WDF4843,31,0,19,7,,31,A
367456430,2022-01-05T21:47:12,29.55944,-90.49659,7.2,271.0,511.0,CAPT WEBSTER,,WDF4843,31,0,19,7,,31,A
367456430,2022-01-05T22:03:23,29.56092,-90.53381,7.2,272.8,511.0,CAPT WEBSTER,,WDF4843,31,0,19,7,,31,A
367456430,2022-01-05T22:21:41,29.56988,-90.57049,6.3,297.8,511.0,CAPT WEBSTER,,WDF4843,31,0,19,7,,31,A
367456430,2022-01-05T21:50:03,29.55968,-90.50317,7.2,271.7,511.0,CAPT WEBSTER,,WDF4843,31,0,19,7,,31,A
367456430,2022-01-05T22:15:32,29.56500,-90.56043,6.5,299.3,511.0,CAPT WEBSTER,,WDF4843,31,0,19,7,,31,A
367456430,2022-01-05T22:17:51,29.56687,-90.56436,5.6,299.1,511.0,CAPT WEBSTER,,WDF4843,31,0,19,7,,31,A
367456430,2022-01-05T22:07:21,29.56147,-90.54282,7.1,273.4,511.0,CAPT WEBSTER,,WDF4843,31,0,19,7,,31,A
367456430,2022-01-05T22:24:31,29.57228,-90.57552,6.9,298.8,511.0,CAPT WEBSTER,,WDF4843,31,0,19,7,,31,A
367456430,2022-01-05T22:28:01,29.57547,-90.58232,7.0,298.3,511.0,CAPT WEBSTER,,WDF4843,31,0,19,7,,31,A
367456430,2022-01-05T22:32:02,29.57794,-90.59030,7.0,268.7,511.0,CAPT WEBSTER,,WDF4843,31,0,19,7,,31,A
367456430,2022-01-05T22:25:52,29.57351,-90.57819,6.9,298.7,511.0,CAPT WEBSTER,,WDF4843,31,0,19,7,,31,A
367456430,2022-01-05T22:29:12,29.57652,-90.58460,6.8,295.7,511.0,CAPT WEBSTER,,WDF4843,31,0,19,7,,31,A
367456430,2022-01-05T22:19:41,29.56831,-90.56728,5.8,300.1,511.0,CAPT WEBSTER,,WDF4843,31,0,19,7,,31,A
367456430,2022-01-05T22:40:11,29.57623,-90.60549,5.6,263.9,511.0,CAPT WEBSTER,,WDF4843,31,0,19,7,,31,A
367456430,2022-01-05T22:11:01,29.56164,-90.55121,7.2,277.0,511.0,CAPT WEBSTER,,WDF4843,31,0,19,7,,31,A
367456430,2022-01-05T22:33:13,29.57768,-90.59273,6.3,260.8,511.0,CAPT WEBSTER,,WDF4843,31,0,19,7,,31,A
367456430,2022-01-05T22:36:51,29.57690,-90.59959,5.6,263.8,511.0,CAPT WEBSTER,,WDF4843,31,0,19,7,,31,A
367456430,2022-01-05T22:43:43,29.57559,-90.61174,5.5,265.3,511.0,CAPT WEBSTER,,WDF4843,31,0,19,7,,31,A
367456430,2022-01-05T22:12:23,29.56227,-90.55417,7.1,288.9,511.0,CAPT WEBSTER,,WDF4843,31,0,19,7,,31,A
367456430,2022-01-05T22:26:53,29.57441,-90.58010,6.9,296.1,511.0,CAPT WEBSTER,,WDF4843,31,0,19,7,,31,A
367456430,2022-01-05T22:23:23,29.57129,-90.57348,6.2,298.3,511.0,CAPT WEBSTER,,WDF4843,31,0,19,7,,31,A
367456430,2022-01-05T22:35:43,29.57711,-90.59754,5.8,261.0,511.0,CAPT WEBSTER,,WDF4843,31,0,19,7,,31,A
367456430,2022-01-05T08:35:01,29.60675,-89.86674,6.2,287.4,511.0,CAPT WEBSTER,,WDF4843,31,0,19,7,,31,A
367456430,2022-01-05T22:34:31,29.57737,-90.59528,6.1,264.5,511.0,CAPT WEBSTER,,WDF4843,31,0,19,7,,31,A
367456430,2022-01-05T22:57:41,29.58792,-90.63920,7.2,306.0,511.0,CAPT WEBSTER,,WDF4843,31,0,19,7,,31,A
367456430,2022-01-05T22:58:51,29.58927,-90.64139,7.2,303.9,511.0,CAPT WEBSTER,,WDF4843,31,0,19,7,,31,A
367456430,2022-01-05T22:50:23,29.57967,-90.62524,7.2,303.3,511.0,CAPT WEBSTER,,WDF4843,31,0,19,7,,31,A
367456430,2022-01-05T22:51:31,29.58093,-90.62745,7.4,302.4,511.0,CAPT WEBSTER,,WDF4843,31,0,19,7,,31,A
367456430,2022-01-05T22:42:33,29.57578,-90.60970,5.6,262.0,511.0,CAPT WEBSTER,,WDF4843,31,0,19,7,,31,A
367456430,2022-01-05T22:55:02,29.58494,-90.63428,7.2,303.9,511.0,CAPT WEBSTER,,WDF4843,31,0,19,7,,31,A
367456430,2022-01-05T23:05:02,29.59597,-90.65346,7.4,298.7,511.0,CAPT WEBSTER,,WDF4843,31,0,19,7,,31,A
367456430,2022-01-05T23:09:12,29.59842,-90.66174,5.8,285.8,511.0,CAPT WEBSTER,,WDF4843,31,0,19,7,,31,A
367456430,2022-01-05T22:38:42,29.57653,-90.60287,5.6,263.0,511.0,CAPT WEBSTER,,WDF4843,31,0,19,7,,31,A
367456430,2022-01-05T23:10:33,29.59894,-90.66413,5.7,283.8,511.0,CAPT WEBSTER,,WDF4843,31,0,19,7,,31,A
367456430,2022-01-05T22:47:52,29.57694,-90.62040,7.2,296.4,511.0,CAPT WEBSTER,,WDF4843,31,0,19,7,,31,A
367456430,2022-01-05T08:38:32,29.60840,-89.87345,6.2,287.5,511.0,CAPT WEBSTER,,WDF4843,31,0,19,7,,31,A
367456430,2022-01-05T22:44:52,29.57562,-90.61396,6.7,275.2,511.0,CAPT WEBSTER,,WDF4843,31,0,19,7,,31,A
367456430,2022-01-05T22:53:53,29.58359,-90.63206,7.3,305.2,511.0,CAPT WEBSTER,,WDF4843,31,0,19,7,,31,A
367456430,2022-01-05T22:46:43,29.57611,-90.61790,7.1,285.2,511.0,CAPT WEBSTER,,WDF4843,31,0,19,7,,31,A
367456430,2022-01-05T22:52:41,29.58223,-90.62978,7.4,304.3,511.0,CAPT WEBSTER,,WDF4843,31,0,19,7,,31,A
367456430,2022-01-05T22:56:13,29.58621,-90.63647,7.1,304.8,511.0,CAPT WEBSTER,,WDF4843,31,0,19,7,,31,A
367456430,2022-01-05T22:49:13,29.57835,-90.62304,7.2,304.0,511.0,CAPT WEBSTER,,WDF4843,31,0,19,7,,31,A
367456430,2022-01-05T22:41:21,29.57602,-90.60757,5.7,263.9,511.0,CAPT WEBSTER,,WDF4843,31,0,19,7,,31,A
367456430,2022-01-05T23:16:12,29.60153,-90.67346,3.7,293.8,511.0,CAPT WEBSTER,,WDF4843,31,0,19,7,,31,A
367456430,2022-01-05T08:47:32,29.61442,-89.89010,6.3,300.4,511.0,CAPT WEBSTER,,WDF4843,31,0,19,7,,31,A
367456430,2022-01-05T08:48:43,29.61550,-89.89212,6.2,302.2,511.0,CAPT WEBSTER,,WDF4843,31,0,19,7,,31,A
367456430,2022-01-05T23:18:53,29.60222,-90.67572,2.1,281.7,511.0,CAPT WEBSTER,,WDF4843,31,0,19,7,,31,A
367456430,2022-01-05T23:08:02,29.59791,-90.65966,5.8,286.8,511.0,CAPT WEBSTER,,WDF4843,31,0,19,7,,31,A
367456430,2022-01-05T23:22:52,29.60211,-90.67515,0.9,234.2,511.0,CAPT WEBSTER,,WDF4843,31,0,19,7,,31,A
367456430,2022-01-05T23:25:12,29.60190,-90.67547,0.3,235.6,511.0,CAPT WEBSTER,,WDF4843,31,0,19,7,,31,A
367456430,2022-01-05T23:12:02,29.59950,-90.66677,5.6,283.5,511.0,CAPT WEBSTER,,WDF4843,31,0,19,7,,31,A
367456430,2022-01-05T23:35:21,29.60111,-90.67250,5.8,118.3,511.0,CAPT WEBSTER,,WDF4843,31,0,19,7,,31,A
367456430,2022-01-05T23:31:02,29.60185,-90.67549,0.0,303.2,511.0,CAPT WEBSTER,,WDF4843,31,0,19,7,,31,A
367456430,2022-01-05T23:15:02,29.60093,-90.67187,5.6,289.8,511.0,CAPT WEBSTER,,WDF4843,31,0,19,7,,31,A
367456430,2022-01-05T23:03:41,29.59459,-90.65078,7.3,301.4,511.0,CAPT WEBSTER,,WDF4843,31,0,19,7,,31,A
367456430,2022-01-05T23:17:32,29.60196,-90.67471,2.7,287.5,511.0,CAPT WEBSTER,,WDF4843,31,0,19,7,,31,A
367456430,2022-01-05T23:20:13,29.60219,-90.67541,2.3,100.3,511.0,CAPT WEBSTER,,WDF4843,31,0,19,7,,31,A
367456430,2022-01-05T23:37:53,29.59834,-90.67227,3.6,222.5,511.0,CAPT WEBSTER,,WDF4843,31,0,19,7,,31,A
367456430,2022-01-05T23:23:53,29.60199,-90.67530,0.6,231.8,511.0,CAPT WEBSTER,,WDF4843,31,0,19,7,,31,A
367456430,2022-01-05T08:56:53,29.62283,-89.90580,6.1,302.6,511.0,CAPT WEBSTER,,WDF4843,31,0,19,7,,31,A
367456430,2022-01-05T08:58:01,29.62392,-89.90768,6.1,302.9,511.0,CAPT WEBSTER,,WDF4843,31,0,19,7,,31,A
367456430,2022-01-05T23:13:13,29.59996,-90.66877,5.6,287.6,511.0,CAPT WEBSTER,,WDF4843,31,0,19,7,,31,A
367456430,2022-01-05T23:46:12,29.59821,-90.67248,0.0,273.8,511.0,CAPT WEBSTER,,WDF4843,31,0,19,7,,31,A
367456430,2022-01-05T23:32:03,29.60186,-90.67548,0.1,310.5,511.0,CAPT WEBSTER,,WDF4843,31,0,19,7,,31,A
367456430,2022-01-05T23:33:12,29.60188,-90.67530,1.6,89.4,511.0,CAPT WEBSTER,,WDF4843,31,0,19,7,,31,A
367456430,2022-01-05T23:34:13,29.60178,-90.67466,4.5,103.0,511.0,CAPT WEBSTER,,WDF4843,31,0,19,7,,31,A
367456430,2022-01-05T09:00:01,29.62578,-89.91097,6.1,304.2,511.0,CAPT WEBSTER,,WDF4843,31,0,19,7,,31,A
367456430,2022-01-05T23:21:42,29.60219,-90.67502,0.5,153.4,511.0,CAPT WEBSTER,,WDF4843,31,0,19,7,,31,A
367456430,2022-01-05T23:36:32,29.59991,-90.67115,5.4,209.5,511.0,CAPT WEBSTER,,WDF4843,31,0,19,7,,31,A
367456430,2022-01-05T23:26:31,29.60188,-90.67542,0.0,201.9,511.0,CAPT WEBSTER,,WDF4843,31,0,19,7,,31,A
367456430,2022-01-05T23:42:42,29.59822,-90.67247,0.0,270.1,511.0,CAPT WEBSTER,,WDF4843,31,0,19,7,,31,A
367456430,2022-01-05T23:27:43,29.60187,-90.67547,0.0,242.7,511.0,CAPT WEBSTER,,WDF4843,31,0,19,7,,31,A
367456430,2022-01-05T23:43:43,29.59821,-90.67249,0.0,278.5,511.0,CAPT WEBSTER,,WDF4843,31,0,19,7,,31,A
367456430,2022-01-05T23:51:22,29.59821,-90.67248,0.0,285.9,511.0,CAPT WEBSTER,,WDF4843,31,0,19,7,,31,A
367456430,2022-01-05T23:41:31,29.59821,-90.67245,0.0,265.5,511.0,CAPT WEBSTER,,WDF4843,31,0,19,7,,31,A
367456430,2022-01-05T23:52:43,29.59820,-90.67246,0.0,286.7,511.0,CAPT WEBSTER,,WDF4843,31,0,19,7,,31,A
367456430,2022-01-05T23:55:53,29.59819,-90.67248,0.0,297.4,511.0,CAPT WEBSTER,,WDF4843,31,0,19,7,,31,A
367456430,2022-01-05T23:45:02,29.59821,-90.67249,0.0,274.9,511.0,CAPT WEBSTER,,WDF4843,31,0,19,7,,31,A
367456430,2022-01-05T23:57:43,29.59818,-90.67247,0.0,289.2,511.0,CAPT WEBSTER,,WDF4843,31,0,19,7,,31,A
367456430,2022-01-05T09:13:12,29.63853,-89.93264,6.4,296.0,511.0,CAPT WEBSTER,,WDF4843,31,0,19,7,,31,A
367456430,2022-01-05T23:48:02,29.59821,-90.67252,0.0,277.4,511.0,CAPT WEBSTER,,WDF4843,31,0,19,7,,31,A
367456430,2022-01-05T23:54:22,29.59820,-90.67249,0.0,289.3,511.0,CAPT WEBSTER,,WDF4843,31,0,19,7,,31,A
367456430,2022-01-05T09:25:02,29.64904,-89.95347,6.1,333.6,511.0,CAPT WEBSTER,,WDF4843,31,0,19,7,,31,A
367456430,2022-01-05T09:32:02,29.66053,-89.95578,5.9,344.8,511.0,CAPT WEBSTER,,WDF4843,31,0,19,7,,31,A
367456430,2022-01-05T09:34:22,29.66435,-89.95691,6.2,344.4,511.0,CAPT WEBSTER,,WDF4843,31,0,19,7,,31,A
367456430,2022-01-05T09:52:43,29.69373,-89.97104,6.2,323.6,511.0,CAPT WEBSTER,,WDF4843,31,0,19,7,,31,A
367456430,2022-01-05T09:59:42,29.70241,-89.97959,5.9,323.8,511.0,CAPT WEBSTER,,WDF4843,31,0,19,7,,31,A
367456430,2022-01-05T10:17:22,29.72857,-89.99574,6.0,324.4,511.0,CAPT WEBSTER,,WDF4843,31,0,19,7,,31,A
367456430,2022-01-05T10:21:03,29.73415,-89.99876,6.1,333.1,511.0,CAPT WEBSTER,,WDF4843,31,0,19,7,,31,A
367456430,2022-01-05T10:26:42,29.74167,-90.00557,6.1,317.5,511.0,CAPT WEBSTER,,WDF4843,31,0,19,7,,31,A
367456430,2022-01-05T10:29:12,29.74464,-90.00916,6.2,310.9,511.0,CAPT WEBSTER,,WDF4843,31,0,19,7,,31,A
367456430,2022-01-05T10:31:22,29.74705,-90.01248,6.4,309.5,511.0,CAPT WEBSTER,,WDF4843,31,0,19,7,,31,A
367456430,2022-01-05T10:44:21,29.76643,-90.02126,6.1,6.7,511.0,CAPT WEBSTER,,WDF4843,31,0,19,7,,31,A
367456430,2022-01-05T10:47:52,29.77234,-90.02014,6.1,15.3,511.0,CAPT WEBSTER,,WDF4843,31,0,19,7,,31,A
367456430,2022-01-05T11:04:13,29.79578,-90.01063,5.9,27.6,511.0,CAPT WEBSTER,,WDF4843,31,0,19,7,,31,A
367456430,2022-01-05T11:06:32,29.79921,-90.00870,5.9,24.1,511.0,CAPT WEBSTER,,WDF4843,31,0,19,7,,31,A
367456430,2022-01-05T11:24:12,29.82678,-89.99925,6.1,26.4,511.0,CAPT WEBSTER,,WDF4843,31,0,19,7,,31,A
367456430,2022-01-05T11:31:22,29.83701,-89.99196,5.8,35.7,511.0,CAPT WEBSTER,,WDF4843,31,0,19,7,,31,A
367456430,2022-01-05T11:39:32,29.84788,-89.98332,5.8,22.0,511.0,CAPT WEBSTER,,WDF4843,31,0,19,7,,31,A
367456430,2022-01-05T11:44:01,29.85442,-89.97977,5.9,48.9,511.0,CAPT WEBSTER,,WDF4843,31,0,19,7,,31,A
367456430,2022-01-05T11:46:13,29.85707,-89.97696,5.8,32.5,511.0,CAPT WEBSTER,,WDF4843,31,0,19,7,,31,A
367456430,2022-01-05T12:06:03,29.87967,-89.96289,5.7,100.1,511.0,CAPT WEBSTER,,WDF4843,31,0,19,7,,31,A
367456430,2022-01-05T12:13:01,29.87790,-89.95010,5.8,103.8,511.0,CAPT WEBSTER,,WDF4843,31,0,19,7,,31,A
367456430,2022-01-05T12:14:21,29.87716,-89.94780,5.8,113.5,511.0,CAPT WEBSTER,,WDF4843,31,0,19,7,,31,A
367456430,2022-01-05T12:19:13,29.87324,-89.93984,5.8,118.9,511.0,CAPT WEBSTER,,WDF4843,31,0,19,7,,31,A
367456430,2022-01-05T12:24:11,29.86963,-89.93135,6.0,107.7,511.0,CAPT WEBSTER,,WDF4843,31,0,19,7,,31,A
367456430,2022-01-05T12:52:12,29.89487,-89.91039,6.3,343.7,511.0,CAPT WEBSTER,,WDF4843,31,0,19,7,,31,A
367456430,2022-01-05T13:01:12,29.90995,-89.91518,6.4,330.1,511.0,CAPT WEBSTER,,WDF4843,31,0,19,7,,31,A
367456430,2022-01-05T13:05:51,29.91601,-89.92077,5.6,302.2,511.0,CAPT WEBSTER,,WDF4843,31,0,19,7,,31,A
367456430,2022-01-05T13:11:42,29.91981,-89.93095,5.9,287.7,511.0,CAPT WEBSTER,,WDF4843,31,0,19,7,,31,A
367456430,2022-01-05T13:29:11,29.91995,-89.96083,2.9,257.4,511.0,CAPT WEBSTER,,WDF4843,31,0,19,7,,31,A
367456430,2022-01-05T13:30:13,29.91976,-89.96143,1.5,248.7,511.0,CAPT WEBSTER,,WDF4843,31,0,19,7,,31,A
367456430,2022-01-05T13:31:22,29.91973,-89.96153,0.2,88.5,511.0,CAPT WEBSTER,,WDF4843,31,0,19,7,,31,A
367456430,2022-01-05T13:37:13,29.91978,-89.96156,0.1,322.6,511.0,CAPT WEBSTER,,WDF4843,31,0,19,7,,31,A
367456430,2022-01-05T13:40:42,29.91977,-89.96155,0.0,62.5,511.0,CAPT WEBSTER,,WDF4843,31,0,19,7,,31,A
367456430,2022-01-05T13:49:53,29.91975,-89.96156,0.0,348.6,511.0,CAPT WEBSTER,,WDF4843,31,0,19,7,,31,A
367456430,2022-01-05T13:56:52,29.91978,-89.96154,0.0,13.5,511.0,CAPT WEBSTER,,WDF4843,31,0,19,7,,31,A
367456430,2022-01-05T14:08:41,29.91980,-89.96153,0.0,252.0,511.0,CAPT WEBSTER,,WDF4843,31,0,19,7,,31,A
367456430,2022-01-05T14:20:32,29.91973,-89.96159,0.1,307.7,511.0,CAPT WEBSTER,,WDF4843,31,0,19,7,,31,A
367456430,2022-01-05T14:33:03,29.91972,-89.96154,0.0,202.5,511.0,CAPT WEBSTER,,WDF4843,31,0,19,7,,31,A
367456430,2022-01-05T14:34:11,29.91972,-89.96156,0.1,247.6,511.0,CAPT WEBSTER,,WDF4843,31,0,19,7,,31,A
367456430,2022-01-05T14:35:23,29.91974,-89.96156,0.1,300.1,511.0,CAPT WEBSTER,,WDF4843,31,0,19,7,,31,A
367456430,2022-01-05T14:41:13,29.91975,-89.96159,0.0,209.8,511.0,CAPT WEBSTER,,WDF4843,31,0,19,7,,31,A
367456430,2022-01-05T14:49:32,29.91968,-89.96157,0.1,223.6,511.0,CAPT WEBSTER,,WDF4843,31,0,19,7,,31,A
367456430,2022-01-05T14:55:22,29.91971,-89.96213,2.4,277.7,511.0,CAPT WEBSTER,,WDF4843,31,0,19,7,,31,A
367456430,2022-01-05T14:57:42,29.92004,-89.96392,2.2,271.3,511.0,CAPT WEBSTER,,WDF4843,31,0,19,7,,31,A
367456430,2022-01-05T15:31:22,29.91025,-89.97913,5.7,229.2,511.0,CAPT WEBSTER,,WDF4843,31,0,19,7,,31,A
367456430,2022-01-05T15:32:32,29.90902,-89.98078,5.8,229.6,511.0,CAPT WEBSTER,,WDF4843,31,0,19,7,,31,A
367456430,2022-01-05T15:38:12,29.90318,-89.98871,5.8,229.4,511.0,CAPT WEBSTER,,WDF4843,31,0,19,7,,31,A
367456430,2022-01-05T15:40:32,29.90060,-89.99167,5.4,217.6,511.0,CAPT WEBSTER,,WDF4843,31,0,19,7,,31,A
367456430,2022-01-05T15:46:22,29.89246,-89.99658,5.7,206.9,511.0,CAPT WEBSTER,,WDF4843,31,0,19,7,,31,A
367456430,2022-01-05T15:48:41,29.88921,-89.99858,5.8,207.8,511.0,CAPT WEBSTER,,WDF4843,31,0,19,7,,31,A
367456430,2022-01-05T15:51:12,29.88567,-90.00073,5.7,207.6,511.0,CAPT WEBSTER,,WDF4843,31,0,19,7,,31,A
367456430,2022-01-05T16:12:31,29.85952,-90.01629,4.6,208.7,511.0,CAPT WEBSTER,,WDF4843,31,0,19,7,,31,A
367456430,2022-01-05T16:27:33,29.84439,-90.03124,5.0,233.5,511.0,CAPT WEBSTER,,WDF4843,31,0,19,7,,31,A
367456430,2022-01-05T16:36:42,29.83698,-90.04313,5.1,234.1,511.0,CAPT WEBSTER,,WDF4843,31,0,19,7,,31,A
367456430,2022-01-05T16:41:23,29.83321,-90.04936,5.0,232.2,511.0,CAPT WEBSTER,,WDF4843,31,0,19,7,,31,A
367456430,2022-01-05T16:42:42,29.83209,-90.05104,5.1,232.5,511.0,CAPT WEBSTER,,WDF4843,31,0,19,7,,31,A
367456430,2022-01-05T16:46:11,29.82915,-90.05558,5.1,234.4,511.0,CAPT WEBSTER,,WDF4843,31,0,19,7,,31,A
367456430,2022-01-05T16:57:51,29.81860,-90.06854,4.2,195.5,511.0,CAPT WEBSTER,,WDF4843,31,0,19,7,,31,A
367456430,2022-01-05T17:06:42,29.80721,-90.07210,6.4,176.3,511.0,CAPT WEBSTER,,WDF4843,31,0,19,7,,31,A
367456430,2022-01-05T17:13:42,29.79546,-90.06664,6.6,166.1,511.0,CAPT WEBSTER,,WDF4843,31,0,19,7,,31,A
367456430,2022-01-05T17:14:53,29.79332,-90.06610,6.6,168.0,511.0,CAPT WEBSTER,,WDF4843,31,0,19,7,,31,A
367456430,2022-01-05T17:26:21,29.77376,-90.07338,7.4,230.9,511.0,CAPT WEBSTER,,WDF4843,31,0,19,7,,31,A
367456430,2022-01-05T17:28:43,29.77109,-90.07757,6.5,236.2,511.0,CAPT WEBSTER,,WDF4843,31,0,19,7,,31,A
367456430,2022-01-05T17:38:42,29.76277,-90.09247,5.5,254.9,511.0,CAPT WEBSTER,,WDF4843,31,0,19,7,,31,A
367456430,2022-01-05T17:48:33,29.76183,-90.10965,5.4,267.1,511.0,CAPT WEBSTER,,WDF4843,31,0,19,7,,31,A
367456430,2022-01-05T18:00:02,29.75780,-90.12984,5.8,237.9,511.0,CAPT WEBSTER,,WDF4843,31,0,19,7,,31,A
367456430,2022-01-05T18:05:52,29.75105,-90.13618,5.7,192.4,511.0,CAPT WEBSTER,,WDF4843,31,0,19,7,,31,A
367456430,2022-01-05T18:32:11,29.70930,-90.16804,7.2,217.8,511.0,CAPT WEBSTER,,WDF4843,31,0,19,7,,31,A
367456430,2022-01-05T18:38:11,29.69962,-90.17639,7.3,216.2,511.0,CAPT WEBSTER,,WDF4843,31,0,19,7,,31,A
367456430,2022-01-05T18:58:31,29.66821,-90.20499,7.0,223.3,511.0,CAPT WEBSTER,,WDF4843,31,0,19,7,,31,A
367456430,2022-01-05T19:11:22,29.65624,-90.22906,7.0,259.2,511.0,CAPT WEBSTER,,WDF4843,31,0,19,7,,31,A
367456430,2022-01-05T19:17:22,29.65346,-90.24196,7.0,256.2,511.0,CAPT WEBSTER,,WDF4843,31,0,19,7,,31,A
367456430,2022-01-05T19:18:43,29.65280,-90.24492,7.1,256.7,511.0,CAPT WEBSTER,,WDF4843,31,0,19,7,,31,A
367456430,2022-01-05T19:37:43,29.64620,-90.28638,7.0,269.3,511.0,CAPT WEBSTER,,WDF4843,31,0,19,7,,31,A
367456430,2022-01-05T19:46:43,29.64568,-90.30611,6.9,270.2,511.0,CAPT WEBSTER,,WDF4843,31,0,19,7,,31,A
367456430,2022-01-05T19:59:43,29.64282,-90.33359,6.8,222.7,511.0,CAPT WEBSTER,,WDF4843,31,0,19,7,,31,A
367456430,2022-01-05T20:18:12,29.61326,-90.35517,5.7,211.3,511.0,CAPT WEBSTER,,WDF4843,31,0,19,7,,31,A
367456430,2022-01-05T20:19:22,29.61141,-90.35641,6.9,208.6,511.0,CAPT WEBSTER,,WDF4843,31,0,19,7,,31,A
367456430,2022-01-05T20:25:32,29.60100,-90.36364,7.1,212.8,511.0,CAPT WEBSTER,,WDF4843,31,0,19,7,,31,A
367456430,2022-01-05T20:31:02,29.59210,-90.36983,5.2,211.1,511.0,CAPT WEBSTER,,WDF4843,31,0,19,7,,31,A
367456430,2022-01-05T20:33:22,29.58915,-90.37203,5.3,211.8,511.0,CAPT WEBSTER,,WDF4843,31,0,19,7,,31,A
367456430,2022-01-05T20:39:12,29.58134,-90.37754,5.7,211.4,511.0,CAPT WEBSTER,,WDF4843,31,0,19,7,,31,A
367456430,2022-01-05T20:51:32,29.56569,-90.38706,4.8,198.5,511.0,CAPT WEBSTER,,WDF4843,31,0,19,7,,31,A
367456430,2022-01-05T21:02:52,29.55114,-90.39757,6.8,242.6,511.0,CAPT WEBSTER,,WDF4843,31,0,19,7,,31,A
367456430,2022-01-05T21:05:23,29.55044,-90.40304,7.2,278.4,511.0,CAPT WEBSTER,,WDF4843,31,0,19,7,,31,A
367456430,2022-01-05T21:21:23,29.55599,-90.43795,7.0,279.1,511.0,CAPT WEBSTER,,WDF4843,31,0,19,7,,31,A
367456430,2022-01-05T21:22:31,29.55636,-90.44047,7.0,279.2,511.0,CAPT WEBSTER,,WDF4843,31,0,19,7,,31,A
367456430,2022-01-05T21:24:51,29.55700,-90.44562,7.0,276.3,511.0,CAPT WEBSTER,,WDF4843,31,0,19,7,,31,A
367456430,2022-01-05T21:39:22,29.55873,-90.47861,7.3,271.1,511.0,CAPT WEBSTER,,WDF4843,31,0,19,7,,31,A
367456430,2022-01-05T21:59:43,29.56054,-90.52540,7.3,272.3,511.0,CAPT WEBSTER,,WDF4843,31,0,19,7,,31,A
367456430,2022-01-05T22:01:43,29.56082,-90.52999,7.2,272.7,511.0,CAPT WEBSTER,,WDF4843,31,0,19,7,,31,A
367456430,2022-01-05T22:06:13,29.56131,-90.54024,7.1,273.9,511.0,CAPT WEBSTER,,WDF4843,31,0,19,7,,31,A
367456430,2022-01-05T22:09:21,29.56141,-90.54735,7.3,271.3,511.0,CAPT WEBSTER,,WDF4843,31,0,19,7,,31,A
367456430,2022-01-05T23:02:02,29.59282,-90.64747,7.4,301.6,511.0,CAPT WEBSTER,,WDF4843,31,0,19,7,,31,A
367456430,2022-01-05T23:06:41,29.59720,-90.65702,7.2,287.5,511.0,CAPT WEBSTER,,WDF4843,31,0,19,7,,31,A
367456430,2022-01-05T23:29:23,29.60186,-90.67544,0.0,321.7,511.0,CAPT WEBSTER,,WDF4843,31,0,19,7,,31,A
367456430,2022-01-05T23:39:02,29.59819,-90.67247,0.0,266.4,511.0,CAPT WEBSTER,,WDF4843,31,0,19,7,,31,A
367456430,2022-01-05T23:40:11,29.59821,-90.67248,0.0,256.9,511.0,CAPT WEBSTER,,WDF4843,31,0,19,7,,31,A
367456430,2022-01-06T00:00:42,29.59822,-90.67248,0.0,295.0,511.0,CAPT WEBSTER,,WDF4843,31,0,19,7,,31,A
367456430,2022-01-06T00:02:22,29.59820,-90.67249,0.0,298.0,511.0,CAPT WEBSTER,,WDF4843,31,0,19,7,,31,A
367456430,2022-01-06T00:09:22,29.59813,-90.67246,0.0,271.0,511.0,CAPT WEBSTER,,WDF4843,31,0,19,7,,31,A
367456430,2022-01-06T00:07:22,29.59814,-90.67244,0.0,277.4,511.0,CAPT WEBSTER,,WDF4843,31,0,19,7,,31,A
367456430,2022-01-06T00:12:01,29.59821,-90.67249,0.0,249.2,511.0,CAPT WEBSTER,,WDF4843,31,0,19,7,,31,A
367456430,2022-01-06T00:14:22,29.59816,-90.67245,0.0,241.3,511.0,CAPT WEBSTER,,WDF4843,31,0,19,7,,31,A
367456430,2022-01-06T00:18:12,29.59812,-90.67246,0.0,234.1,511.0,CAPT WEBSTER,,WDF4843,31,0,19,7,,31,A
367456430,2022-01-06T00:25:32,29.59819,-90.67248,0.0,234.4,511.0,CAPT WEBSTER,,WDF4843,31,0,19,7,,31,A
367456430,2022-01-06T00:23:03,29.59813,-90.67246,0.0,242.4,511.0,CAPT WEBSTER,,WDF4843,31,0,19,7,,31,A
367456430,2022-01-06T00:27:03,29.59820,-90.67246,0.0,221.8,511.0,CAPT WEBSTER,,WDF4843,31,0,19,7,,31,A
367456430,2022-01-06T00:24:23,29.59820,-90.67248,0.0,237.9,511.0,CAPT WEBSTER,,WDF4843,31,0,19,7,,31,A
367456430,2022-01-06T00:28:13,29.59820,-90.67246,0.0,219.5,511.0,CAPT WEBSTER,,WDF4843,31,0,19,7,,31,A
367456430,2022-01-06T00:31:03,29.59819,-90.67249,0.0,213.5,511.0,CAPT WEBSTER,,WDF4843,31,0,19,7,,31,A
367456430,2022-01-06T00:32:42,29.59821,-90.67248,0.0,209.3,511.0,CAPT WEBSTER,,WDF4843,31,0,19,7,,31,A
367456430,2022-01-06T00:29:32,29.59822,-90.67249,0.0,217.1,511.0,CAPT WEBSTER,,WDF4843,31,0,19,7,,31,A
367456430,2022-01-06T00:38:02,29.59818,-90.67250,0.0,217.1,511.0,CAPT WEBSTER,,WDF4843,31,0,19,7,,31,A
367456430,2022-01-06T00:34:51,29.59818,-90.67250,0.0,208.9,511.0,CAPT WEBSTER,,WDF4843,31,0,19,7,,31,A
367456430,2022-01-06T00:36:12,29.59821,-90.67247,0.0,212.4,511.0,CAPT WEBSTER,,WDF4843,31,0,19,7,,31,A
367456430,2022-01-06T00:41:12,29.59819,-90.67250,0.0,231.1,511.0,CAPT WEBSTER,,WDF4843,31,0,19,7,,31,A
367456430,2022-01-06T00:42:42,29.59816,-90.67247,0.0,230.6,511.0,CAPT WEBSTER,,WDF4843,31,0,19,7,,31,A
367456430,2022-01-06T00:47:51,29.59821,-90.67250,0.0,222.5,511.0,CAPT WEBSTER,,WDF4843,31,0,19,7,,31,A
367456430,2022-01-06T00:39:12,29.59820,-90.67250,0.0,223.9,511.0,CAPT WEBSTER,,WDF4843,31,0,19,7,,31,A
367456430,2022-01-06T00:45:02,29.59818,-90.67246,0.0,232.6,511.0,CAPT WEBSTER,,WDF4843,31,0,19,7,,31,A
367456430,2022-01-06T00:51:51,29.59820,-90.67248,0.0,217.6,511.0,CAPT WEBSTER,,WDF4843,31,0,19,7,,31,A
367456430,2022-01-06T00:46:33,29.59819,-90.67250,0.0,230.9,511.0,CAPT WEBSTER,,WDF4843,31,0,19,7,,31,A
367456430,2022-01-06T00:43:43,29.59814,-90.67248,0.0,236.8,511.0,CAPT WEBSTER,,WDF4843,31,0,19,7,,31,A
367456430,2022-01-06T00:49:02,29.59822,-90.67249,0.0,223.5,511.0,CAPT WEBSTER,,WDF4843,31,0,19,7,,31,A
367456430,2022-01-06T00:50:22,29.59821,-90.67249,0.0,220.9,511.0,CAPT WEBSTER,,WDF4843,31,0,19,7,,31,A
367456430,2022-01-06T00:53:52,29.59813,-90.67246,0.0,225.4,511.0,CAPT WEBSTER,,WDF4843,31,0,19,7,,31,A
367456430,2022-01-06T00:55:52,29.59810,-90.67252,0.0,221.7,511.0,CAPT WEBSTER,,WDF4843,31,0,19,7,,31,A
367456430,2022-01-06T01:00:11,29.59820,-90.67246,0.0,215.3,511.0,CAPT WEBSTER,,WDF4843,31,0,19,7,,31,A
367456430,2022-01-06T00:59:53,29.59819,-90.67248,0.0,217.9,511.0,CAPT WEBSTER,,WDF4843,31,0,19,7,,31,A
367456430,2022-01-06T00:58:11,29.59817,-90.67249,0.0,221.0,511.0,CAPT WEBSTER,,WDF4843,31,0,19,7,,31,A
367456430,2022-01-06T01:04:33,29.59805,-90.67253,0.0,227.8,511.0,CAPT WEBSTER,,WDF4843,31,0,19,7,,31,A
367456430,2022-01-06T00:57:01,29.59820,-90.67250,0.0,222.6,511.0,CAPT WEBSTER,,WDF4843,31,0,19,7,,31,A
367456430,2022-01-06T01:02:53,29.59816,-90.67249,0.0,218.4,511.0,CAPT WEBSTER,,WDF4843,31,0,19,7,,31,A
367456430,2022-01-06T01:05:43,29.59818,-90.67248,0.0,224.5,511.0,CAPT WEBSTER,,WDF4843,31,0,19,7,,31,A
367456430,2022-01-06T01:07:33,29.59816,-90.67249,0.0,231.7,511.0,CAPT WEBSTER,,WDF4843,31,0,19,7,,31,A
367456430,2022-01-06T01:09:53,29.59817,-90.67252,0.0,235.9,511.0,CAPT WEBSTER,,WDF4843,31,0,19,7,,31,A
367456430,2022-01-06T01:01:12,29.59824,-90.67251,0.0,219.8,511.0,CAPT WEBSTER,,WDF4843,31,0,19,7,,31,A
367456430,2022-01-06T01:14:42,29.59820,-90.67249,0.0,239.5,511.0,CAPT WEBSTER,,WDF4843,31,0,19,7,,31,A
367456430,2022-01-06T01:19:32,29.59815,-90.67250,0.0,240.4,511.0,CAPT WEBSTER,,WDF4843,31,0,19,7,,31,A
367456430,2022-01-06T01:20:42,29.59818,-90.67247,0.0,242.7,511.0,CAPT WEBSTER,,WDF4843,31,0,19,7,,31,A
367456430,2022-01-06T01:24:31,29.59821,-90.67252,0.0,239.7,511.0,CAPT WEBSTER,,WDF4843,31,0,19,7,,31,A
367456430,2022-01-06T01:29:32,29.59821,-90.67247,0.0,233.7,511.0,CAPT WEBSTER,,WDF4843,31,0,19,7,,31,A
367456430,2022-01-06T01:22:01,29.59814,-90.67249,0.0,243.4,511.0,CAPT WEBSTER,,WDF4843,31,0,19,7,,31,A
367456430,2022-01-06T01:11:11,29.59820,-90.67250,0.0,235.0,511.0,CAPT WEBSTER,,WDF4843,31,0,19,7,,31,A
367456430,2022-01-06T01:32:13,29.59812,-90.67247,0.0,236.7,511.0,CAPT WEBSTER,,WDF4843,31,0,19,7,,31,A
367456430,2022-01-06T01:08:42,29.59815,-90.67252,0.0,228.0,511.0,CAPT WEBSTER,,WDF4843,31,0,19,7,,31,A
367456430,2022-01-06T01:35:52,29.59820,-90.67248,0.0,240.0,511.0,CAPT WEBSTER,,WDF4843,31,0,19,7,,31,A
367456430,2022-01-06T01:31:02,29.59822,-90.67248,0.0,241.6,511.0,CAPT WEBSTER,,WDF4843,31,0,19,7,,31,A
367456430,2022-01-06T01:28:13,29.59818,-90.67249,0.0,231.7,511.0,CAPT WEBSTER,,WDF4843,31,0,19,7,,31,A
367456430,2022-01-06T01:37:02,29.59817,-90.67248,0.0,236.5,511.0,CAPT WEBSTER,,WDF4843,31,0,19,7,,31,A
367456430,2022-01-06T01:13:11,29.59822,-90.67257,0.0,233.0,511.0,CAPT WEBSTER,,WDF4843,31,0,19,7,,31,A
367456430,2022-01-06T01:39:33,29.59823,-90.67248,0.0,246.3,511.0,CAPT WEBSTER,,WDF4843,31,0,19,7,,31,A
367456430,2022-01-06T01:15:53,29.59818,-90.67248,0.0,235.4,511.0,CAPT WEBSTER,,WDF4843,31,0,19,7,,31,A
367456430,2022-01-06T01:42:22,29.59822,-90.67247,0.0,257.8,511.0,CAPT WEBSTER,,WDF4843,31,0,19,7,,31,A
367456430,2022-01-06T01:43:31,29.59824,-90.67247,0.0,252.8,511.0,CAPT WEBSTER,,WDF4843,31,0,19,7,,31,A
367456430,2022-01-06T01:33:21,29.59819,-90.67247,0.0,247.2,511.0,CAPT WEBSTER,,WDF4843,31,0,19,7,,31,A
367456430,2022-01-06T01:17:01,29.59819,-90.67246,0.0,239.6,511.0,CAPT WEBSTER,,WDF4843,31,0,19,7,,31,A
367456430,2022-01-06T01:34:32,29.59827,-90.67252,0.0,236.2,511.0,CAPT WEBSTER,,WDF4843,31,0,19,7,,31,A
367456430,2022-01-06T01:47:32,29.59820,-90.67248,0.0,275.4,511.0,CAPT WEBSTER,,WDF4843,31,0,19,7,,31,A
367456430,2022-01-06T01:38:22,29.59822,-90.67246,0.0,244.9,511.0,CAPT WEBSTER,,WDF4843,31,0,19,7,,31,A
367456430,2022-01-06T01:50:12,29.59822,-90.67248,0.0,284.8,511.0,CAPT WEBSTER,,WDF4843,31,0,19,7,,31,A
367456430,2022-01-06T01:23:13,29.59816,-90.67248,0.0,240.1,511.0,CAPT WEBSTER,,WDF4843,31,0,19,7,,31,A
367456430,2022-01-06T01:40:43,29.59823,-90.67250,0.0,256.0,511.0,CAPT WEBSTER,,WDF4843,31,0,19,7,,31,A
367456430,2022-01-06T01:26:13,29.59819,-90.67247,0.0,238.4,511.0,CAPT WEBSTER,,WDF4843,31,0,19,7,,31,A
367456430,2022-01-06T01:46:22,29.59822,-90.67248,0.0,269.3,511.0,CAPT WEBSTER,,WDF4843,31,0,19,7,,31,A
367456430,2022-01-06T01:55:52,29.59819,-90.67245,0.0,307.9,511.0,CAPT WEBSTER,,WDF4843,31,0,19,7,,31,A
367456430,2022-01-06T01:49:02,29.59820,-90.67248,0.0,274.1,511.0,CAPT WEBSTER,,WDF4843,31,0,19,7,,31,A
367456430,2022-01-06T01:57:13,29.59818,-90.67244,0.0,307.9,511.0,CAPT WEBSTER,,WDF4843,31,0,19,7,,31,A
367456430,2022-01-06T02:08:23,29.59817,-90.67249,0.0,293.8,511.0,CAPT WEBSTER,,WDF4843,31,0,19,7,,31,A
367456430,2022-01-06T01:58:42,29.59815,-90.67249,0.0,313.6,511.0,CAPT WEBSTER,,WDF4843,31,0,19,7,,31,A
367456430,2022-01-06T02:11:32,29.59823,-90.67250,0.0,276.9,511.0,CAPT WEBSTER,,WDF4843,31,0,19,7,,31,A
367456430,2022-01-06T01:45:02,29.59820,-90.67245,0.0,259.6,511.0,CAPT WEBSTER,,WDF4843,31,0,19,7,,31,A
367456430,2022-01-06T02:06:32,29.59820,-90.67247,0.0,301.5,511.0,CAPT WEBSTER,,WDF4843,31,0,19,7,,31,A
367456430,2022-01-06T02:17:03,29.59817,-90.67247,0.0,294.5,511.0,CAPT WEBSTER,,WDF4843,31,0,19,7,,31,A
367456430,2022-01-06T02:18:43,29.59823,-90.67250,0.0,294.7,511.0,CAPT WEBSTER,,WDF4843,31,0,19,7,,31,A
367456430,2022-01-06T02:09:32,29.59822,-90.67250,0.0,279.9,511.0,CAPT WEBSTER,,WDF4843,31,0,19,7,,31,A
367456430,2022-01-06T01:53:02,29.59809,-90.67242,0.0,306.2,511.0,CAPT WEBSTER,,WDF4843,31,0,19,7,,31,A
367456430,2022-01-06T02:20:32,29.59820,-90.67247,0.0,278.8,511.0,CAPT WEBSTER,,WDF4843,31,0,19,7,,31,A
367456430,2022-01-06T02:25:11,29.59820,-90.67249,0.0,284.6,511.0,CAPT WEBSTER,,WDF4843,31,0,19,7,,31,A
367456430,2022-01-06T02:22:52,29.59818,-90.67248,0.0,287.6,511.0,CAPT WEBSTER,,WDF4843,31,0,19,7,,31,A
367456430,2022-01-06T02:15:51,29.59818,-90.67247,0.0,299.0,511.0,CAPT WEBSTER,,WDF4843,31,0,19,7,,31,A
367456430,2022-01-06T02:01:22,29.59819,-90.67250,0.0,305.2,511.0,CAPT WEBSTER,,WDF4843,31,0,19,7,,31,A
367456430,2022-01-06T01:51:13,29.59816,-90.67247,0.0,291.2,511.0,CAPT WEBSTER,,WDF4843,31,0,19,7,,31,A
367456430,2022-01-06T02:21:42,29.59821,-90.67246,0.0,297.7,511.0,CAPT WEBSTER,,WDF4843,31,0,19,7,,31,A
367456430,2022-01-06T02:03:01,29.59822,-90.67246,0.0,302.4,511.0,CAPT WEBSTER,,WDF4843,31,0,19,7,,31,A
367456430,2022-01-06T01:54:12,29.59820,-90.67247,0.0,316.7,511.0,CAPT WEBSTER,,WDF4843,31,0,19,7,,31,A
367456430,2022-01-06T02:04:32,29.59814,-90.67250,0.0,296.8,511.0,CAPT WEBSTER,,WDF4843,31,0,19,7,,31,A
367456430,2022-01-06T02:38:22,29.59814,-90.67249,0.0,284.6,511.0,CAPT WEBSTER,,WDF4843,31,0,19,7,,31,A
367456430,2022-01-06T02:27:32,29.59819,-90.67251,0.0,275.5,511.0,CAPT WEBSTER,,WDF4843,31,0,19,7,,31,A
367456430,2022-01-06T02:24:02,29.59822,-90.67248,0.0,288.1,511.0,CAPT WEBSTER,,WDF4843,31,0,19,7,,31,A
367456430,2022-01-06T02:30:53,29.59821,-90.67248,0.0,283.3,511.0,CAPT WEBSTER,,WDF4843,31,0,19,7,,31,A
367456430,2022-01-06T02:40:52,29.59818,-90.67247,0.0,279.8,511.0,CAPT WEBSTER,,WDF4843,31,0,19,7,,31,A
367456430,2022-01-06T02:26:12,29.59821,-90.67249,0.1,276.5,511.0,CAPT WEBSTER,,WDF4843,31,0,19,7,,31,A
367456430,2022-01-06T02:00:13,29.59821,-90.67248,0.0,304.4,511.0,CAPT WEBSTER,,WDF4843,31,0,19,7,,31,A
367456430,2022-01-06T02:37:21,29.59815,-90.67245,0.0,283.3,511.0,CAPT WEBSTER,,WDF4843,31,0,19,7,,31,A
367456430,2022-01-06T02:13:02,29.59821,-90.67247,0.0,285.4,511.0,CAPT WEBSTER,,WDF4843,31,0,19,7,,31,A
367456430,2022-01-06T02:43:22,29.59818,-90.67246,0.0,289.8,511.0,CAPT WEBSTER,,WDF4843,31,0,19,7,,31,A
367456430,2022-01-06T02:14:32,29.59817,-90.67245,0.0,295.5,511.0,CAPT WEBSTER,,WDF4843,31,0,19,7,,31,A
367456430,2022-01-06T02:48:02,29.59819,-90.67245,0.0,294.2,511.0,CAPT WEBSTER,,WDF4843,31,0,19,7,,31,A
367456430,2022-01-06T02:52:33,29.59818,-90.67245,0.0,288.6,511.0,CAPT WEBSTER,,WDF4843,31,0,19,7,,31,A
367456430,2022-01-06T02:46:02,29.59821,-90.67246,0.0,291.8,511.0,CAPT WEBSTER,,WDF4843,31,0,19,7,,31,A
367456430,2022-01-06T02:44:33,29.59822,-90.67249,0.0,283.3,511.0,CAPT WEBSTER,,WDF4843,31,0,19,7,,31,A
367456430,2022-01-06T02:42:02,29.59816,-90.67246,0.0,284.9,511.0,CAPT WEBSTER,,WDF4843,31,0,19,7,,31,A
367456430,2022-01-06T02:51:31,29.59820,-90.67246,0.0,285.8,511.0,CAPT WEBSTER,,WDF4843,31,0,19,7,,31,A
367456430,2022-01-06T02:54:02,29.59821,-90.67246,0.0,291.7,511.0,CAPT WEBSTER,,WDF4843,31,0,19,7,,31,A
367456430,2022-01-06T02:57:33,29.59823,-90.67243,0.0,297.4,511.0,CAPT WEBSTER,,WDF4843,31,0,19,7,,31,A
367456430,2022-01-06T02:32:43,29.59821,-90.67247,0.0,273.9,511.0,CAPT WEBSTER,,WDF4843,31,0,19,7,,31,A
367456430,2022-01-06T02:58:43,29.59820,-90.67246,0.0,298.9,511.0,CAPT WEBSTER,,WDF4843,31,0,19,7,,31,A
367456430,2022-01-06T03:06:43,29.59821,-90.67247,0.1,290.6,511.0,CAPT WEBSTER,,WDF4843,31,0,19,7,,31,A
367456430,2022-01-06T02:34:43,29.59820,-90.67246,0.0,283.5,511.0,CAPT WEBSTER,,WDF4843,31,0,19,7,,31,A
367456430,2022-01-06T02:36:13,29.59811,-90.67241,0.0,276.6,511.0,CAPT WEBSTER,,WDF4843,31,0,19,7,,31,A
367456430,2022-01-06T03:09:02,29.59817,-90.67243,0.1,275.8,511.0,CAPT WEBSTER,,WDF4843,31,0,19,7,,31,A
367456430,2022-01-06T03:25:33,29.59813,-90.67251,0.0,251.3,511.0,CAPT WEBSTER,,WDF4843,31,0,19,7,,31,A
367456430,2022-01-06T03:26:42,29.59818,-90.67247,0.0,247.3,511.0,CAPT WEBSTER,,WDF4843,31,0,19,7,,31,A
367456430,2022-01-06T03:05:11,29.59821,-90.67245,0.0,313.7,511.0,CAPT WEBSTER,,WDF4843,31,0,19,7,,31,A
367456430,2022-01-06T03:13:43,29.59818,-90.67244,0.0,244.4,511.0,CAPT WEBSTER,,WDF4843,31,0,19,7,,31,A
367456430,2022-01-06T02:28:53,29.59823,-90.67247,0.0,276.9,511.0,CAPT WEBSTER,,WDF4843,31,0,19,7,,31,A
367456430,2022-01-06T03:14:52,29.59821,-90.67247,0.0,254.1,511.0,CAPT WEBSTER,,WDF4843,31,0,19,7,,31,A
367456430,2022-01-06T03:10:11,29.59813,-90.67250,0.0,253.8,511.0,CAPT WEBSTER,,WDF4843,31,0,19,7,,31,A
367456430,2022-01-06T03:32:12,29.59820,-90.67249,0.0,250.8,511.0,CAPT WEBSTER,,WDF4843,31,0,19,7,,31,A
367456430,2022-01-06T03:24:21,29.59819,-90.67248,0.0,252.3,511.0,CAPT WEBSTER,,WDF4843,31,0,19,7,,31,A
367456430,2022-01-06T03:17:52,29.59810,-90.67243,0.0,251.0,511.0,CAPT WEBSTER,,WDF4843,31,0,19,7,,31,A
367456430,2022-01-06T02:50:13,29.59820,-90.67249,0.0,286.3,511.0,CAPT WEBSTER,,WDF4843,31,0,19,7,,31,A
367456430,2022-01-06T03:12:12,29.59818,-90.67243,0.0,251.9,511.0,CAPT WEBSTER,,WDF4843,31,0,19,7,,31,A
367456430,2022-01-06T03:21:33,29.59823,-90.67250,0.0,242.5,511.0,CAPT WEBSTER,,WDF4843,31,0,19,7,,31,A
367456430,2022-01-06T03:38:21,29.59821,-90.67257,0.0,249.9,511.0,CAPT WEBSTER,,WDF4843,31,0,19,7,,31,A
367456430,2022-01-06T03:23:11,29.59824,-90.67252,0.0,255.2,511.0,CAPT WEBSTER,,WDF4843,31,0,19,7,,31,A
367456430,2022-01-06T02:55:13,29.59820,-90.67251,0.0,293.4,511.0,CAPT WEBSTER,,WDF4843,31,0,19,7,,31,A
367456430,2022-01-06T03:42:12,29.59817,-90.67254,0.0,262.7,511.0,CAPT WEBSTER,,WDF4843,31,0,19,7,,31,A
367456430,2022-01-06T03:28:01,29.59818,-90.67248,0.0,248.9,511.0,CAPT WEBSTER,,WDF4843,31,0,19,7,,31,A
367456430,2022-01-06T02:39:32,29.59820,-90.67241,0.0,282.2,511.0,CAPT WEBSTER,,WDF4843,31,0,19,7,,31,A
367456430,2022-01-06T03:50:33,29.59821,-90.67247,0.0,256.8,511.0,CAPT WEBSTER,,WDF4843,31,0,19,7,,31,A
367456430,2022-01-06T03:46:22,29.59820,-90.67252,0.0,255.9,511.0,CAPT WEBSTER,,WDF4843,31,0,19,7,,31,A
367456430,2022-01-06T03:07:53,29.59826,-90.67251,0.0,278.3,511.0,CAPT WEBSTER,,WDF4843,31,0,19,7,,31,A
367456430,2022-01-06T03:37:11,29.59813,-90.67260,0.0,256.0,511.0,CAPT WEBSTER,,WDF4843,31,0,19,7,,31,A
367456430,2022-01-06T03:49:13,29.59819,-90.67244,0.0,264.1,511.0,CAPT WEBSTER,,WDF4843,31,0,19,7,,31,A
367456430,2022-01-06T03:53:42,29.59824,-90.67248,0.0,255.2,511.0,CAPT WEBSTER,,WDF4843,31,0,19,7,,31,A
367456430,2022-01-06T03:31:01,29.59820,-90.67248,0.0,259.7,511.0,CAPT WEBSTER,,WDF4843,31,0,19,7,,31,A
367456430,2022-01-06T03:43:22,29.59823,-90.67250,0.0,259.0,511.0,CAPT WEBSTER,,WDF4843,31,0,19,7,,31,A
367456430,2022-01-06T03:59:31,29.59821,-90.67247,0.0,260.3,511.0,CAPT WEBSTER,,WDF4843,31,0,19,7,,31,A
367456430,2022-01-06T03:58:22,29.59823,-90.67246,0.0,259.7,511.0,CAPT WEBSTER,,WDF4843,31,0,19,7,,31,A
367456430,2022-01-06T03:16:22,29.59817,-90.67245,0.0,252.8,511.0,CAPT WEBSTER,,WDF4843,31,0,19,7,,31,A
367456430,2022-01-06T03:19:31,29.59817,-90.67249,0.1,244.0,511.0,CAPT WEBSTER,,WDF4843,31,0,19,7,,31,A
367456430,2022-01-06T04:07:01,29.59823,-90.67252,0.0,269.7,511.0,CAPT WEBSTER,,WDF4843,31,0,19,7,,31,A
367456430,2022-01-06T02:56:23,29.59822,-90.67242,0.0,299.1,511.0,CAPT WEBSTER,,WDF4843,31,0,19,7,,31,A
367456430,2022-01-06T04:00:31,29.59824,-90.67248,0.0,264.6,511.0,CAPT WEBSTER,,WDF4843,31,0,19,7,,31,A
367456430,2022-01-06T04:08:43,29.59820,-90.67249,0.0,266.1,511.0,CAPT WEBSTER,,WDF4843,31,0,19,7,,31,A
367456430,2022-01-06T04:05:01,29.59821,-90.67246,0.0,277.9,511.0,CAPT WEBSTER,,WDF4843,31,0,19,7,,31,A
367456430,2022-01-06T03:56:33,29.59831,-90.67255,0.0,267.1,511.0,CAPT WEBSTER,,WDF4843,31,0,19,7,,31,A
367456430,2022-01-06T04:15:12,29.59818,-90.67245,0.0,245.0,511.0,CAPT WEBSTER,,WDF4843,31,0,19,7,,31,A
367456430,2022-01-06T04:01:32,29.59822,-90.67247,0.0,268.6,511.0,CAPT WEBSTER,,WDF4843,31,0,19,7,,31,A
367456430,2022-01-06T04:18:32,29.59834,-90.67254,0.0,237.9,511.0,CAPT WEBSTER,,WDF4843,31,0,19,7,,31,A
367456430,2022-01-06T04:21:02,29.59822,-90.67246,0.0,241.5,511.0,CAPT WEBSTER,,WDF4843,31,0,19,7,,31,A
367456430,2022-01-06T04:32:23,29.59810,-90.67242,0.0,249.4,511.0,CAPT WEBSTER,,WDF4843,31,0,19,7,,31,A
367456430,2022-01-06T04:24:12,29.59822,-90.67247,0.0,251.5,511.0,CAPT WEBSTER,,WDF4843,31,0,19,7,,31,A
367456430,2022-01-06T04:10:12,29.59818,-90.67246,0.0,283.7,511.0,CAPT WEBSTER,,WDF4843,31,0,19,7,,31,A
367456430,2022-01-06T04:25:22,29.59820,-90.67246,0.0,251.6,511.0,CAPT WEBSTER,,WDF4843,31,0,19,7,,31,A
367456430,2022-01-06T04:29:23,29.59817,-90.67241,0.0,257.7,511.0,CAPT WEBSTER,,WDF4843,31,0,19,7,,31,A
367456430,2022-01-06T04:17:12,29.59823,-90.67248,0.0,240.0,511.0,CAPT WEBSTER,,WDF4843,31,0,19,7,,31,A
367456430,2022-01-06T04:40:12,29.59822,-90.67248,0.0,276.8,511.0,CAPT WEBSTER,,WDF4843,31,0,19,7,,31,A
367456430,2022-01-06T03:47:32,29.59817,-90.67249,0.0,251.9,511.0,CAPT WEBSTER,,WDF4843,31,0,19,7,,31,A
367456430,2022-01-06T04:42:53,29.59820,-90.67246,0.0,280.3,511.0,CAPT WEBSTER,,WDF4843,31,0,19,7,,31,A
367456430,2022-01-06T04:33:31,29.59820,-90.67240,0.0,254.2,511.0,CAPT WEBSTER,,WDF4843,31,0,19,7,,31,A
367456430,2022-01-06T03:51:42,29.59832,-90.67261,0.0,253.1,511.0,CAPT WEBSTER,,WDF4843,31,0,19,7,,31,A
367456430,2022-01-06T04:37:12,29.59824,-90.67249,0.0,260.3,511.0,CAPT WEBSTER,,WDF4843,31,0,19,7,,31,A
367456430,2022-01-06T04:46:52,29.59822,-90.67248,0.1,293.4,511.0,CAPT WEBSTER,,WDF4843,31,0,19,7,,31,A
367456430,2022-01-06T03:29:23,29.59814,-90.67249,0.0,251.8,511.0,CAPT WEBSTER,,WDF4843,31,0,19,7,,31,A
367456430,2022-01-06T04:36:02,29.59823,-90.67245,0.0,248.5,511.0,CAPT WEBSTER,,WDF4843,31,0,19,7,,31,A
367456430,2022-01-06T04:44:22,29.59822,-90.67248,0.0,295.5,511.0,CAPT WEBSTER,,WDF4843,31,0,19,7,,31,A
367456430,2022-01-06T04:52:51,29.59816,-90.67242,0.0,317.8,511.0,CAPT WEBSTER,,WDF4843,31,0,19,7,,31,A
367456430,2022-01-06T04:57:23,29.59821,-90.67245,0.0,295.1,511.0,CAPT WEBSTER,,WDF4843,31,0,19,7,,31,A
367456430,2022-01-06T04:38:52,29.59823,-90.67246,0.0,277.1,511.0,CAPT WEBSTER,,WDF4843,31,0,19,7,,31,A
367456430,2022-01-06T04:11:22,29.59809,-90.67243,0.0,278.6,511.0,CAPT WEBSTER,,WDF4843,31,0,19,7,,31,A
367456430,2022-01-06T04:54:13,29.59819,-90.67244,0.0,304.6,511.0,CAPT WEBSTER,,WDF4843,31,0,19,7,,31,A
367456430,2022-01-06T03:33:41,29.59822,-90.67249,0.0,254.4,511.0,CAPT WEBSTER,,WDF4843,31,0,19,7,,31,A
367456430,2022-01-06T03:35:51,29.59819,-90.67249,0.0,246.9,511.0,CAPT WEBSTER,,WDF4843,31,0,19,7,,31,A
367456430,2022-01-06T05:04:32,29.59818,-90.67245,0.0,291.4,511.0,CAPT WEBSTER,,WDF4843,31,0,19,7,,31,A
367456430,2022-01-06T05:02:43,29.59817,-90.67247,0.0,293.7,511.0,CAPT WEBSTER,,WDF4843,31,0,19,7,,31,A
367456430,2022-01-06T04:48:33,29.59822,-90.67250,0.0,296.6,511.0,CAPT WEBSTER,,WDF4843,31,0,19,7,,31,A
367456430,2022-01-06T05:07:32,29.59815,-90.67245,0.0,298.7,511.0,CAPT WEBSTER,,WDF4843,31,0,19,7,,31,A
367456430,2022-01-06T04:58:42,29.59822,-90.67248,0.0,293.7,511.0,CAPT WEBSTER,,WDF4843,31,0,19,7,,31,A
367456430,2022-01-06T05:12:32,29.59816,-90.67243,0.0,252.8,511.0,CAPT WEBSTER,,WDF4843,31,0,19,7,,31,A
367456430,2022-01-06T05:01:11,29.59816,-90.67246,0.0,310.3,511.0,CAPT WEBSTER,,WDF4843,31,0,19,7,,31,A
367456430,2022-01-06T03:45:13,29.59817,-90.67245,0.0,251.6,511.0,CAPT WEBSTER,,WDF4843,31,0,19,7,,31,A
367456430,2022-01-06T05:21:12,29.59820,-90.67247,0.0,283.5,511.0,CAPT WEBSTER,,WDF4843,31,0,19,7,,31,A
367456430,2022-01-06T05:27:12,29.59815,-90.67245,0.0,298.1,511.0,CAPT WEBSTER,,WDF4843,31,0,19,7,,31,A
367456430,2022-01-06T05:30:23,29.59819,-90.67246,0.0,305.1,511.0,CAPT WEBSTER,,WDF4843,31,0,19,7,,31,A
367456430,2022-01-06T04:28:12,29.59820,-90.67246,0.0,252.9,511.0,CAPT WEBSTER,,WDF4843,31,0,19,7,,31,A
367456430,2022-01-06T05:23:52,29.59819,-90.67248,0.0,283.4,511.0,CAPT WEBSTER,,WDF4843,31,0,19,7,,31,A
367456430,2022-01-06T05:28:23,29.59820,-90.67246,0.0,286.9,511.0,CAPT WEBSTER,,WDF4843,31,0,19,7,,31,A
367456430,2022-01-06T05:36:43,29.59814,-90.67256,0.0,293.7,511.0,CAPT WEBSTER,,WDF4843,31,0,19,7,,31,A
367456430,2022-01-06T05:19:43,29.59820,-90.67248,0.0,285.6,511.0,CAPT WEBSTER,,WDF4843,31,0,19,7,,31,A
367456430,2022-01-06T05:31:41,29.59819,-90.67246,0.0,307.4,511.0,CAPT WEBSTER,,WDF4843,31,0,19,7,,31,A
367456430,2022-01-06T05:13:43,29.59814,-90.67244,0.0,262.0,511.0,CAPT WEBSTER,,WDF4843,31,0,19,7,,31,A
367456430,2022-01-06T04:34:32,29.59820,-90.67241,0.0,241.7,511.0,CAPT WEBSTER,,WDF4843,31,0,19,7,,31,A
367456430,2022-01-06T05:25:51,29.59817,-90.67245,0.0,302.7,511.0,CAPT WEBSTER,,WDF4843,31,0,19,7,,31,A
367456430,2022-01-06T05:39:22,29.59817,-90.67253,0.0,280.0,511.0,CAPT WEBSTER,,WDF4843,31,0,19,7,,31,A
367456430,2022-01-06T05:40:32,29.59815,-90.67257,0.0,271.4,511.0,CAPT WEBSTER,,WDF4843,31,0,19,7,,31,A
367456430,2022-01-06T05:33:01,29.59816,-90.67242,0.0,301.6,511.0,CAPT WEBSTER,,WDF4843,31,0,19,7,,31,A
367456430,2022-01-06T05:42:43,29.59820,-90.67256,0.0,273.1,511.0,CAPT WEBSTER,,WDF4843,31,0,19,7,,31,A
367456430,2022-01-06T05:45:33,29.59821,-90.67249,0.2,289.0,511.0,CAPT WEBSTER,,WDF4843,31,0,19,7,,31,A
367456430,2022-01-06T05:35:23,29.59817,-90.67251,0.0,316.7,511.0,CAPT WEBSTER,,WDF4843,31,0,19,7,,31,A
367456430,2022-01-06T05:48:52,29.59821,-90.67249,0.2,257.1,511.0,CAPT WEBSTER,,WDF4843,31,0,19,7,,31,A
367456430,2022-01-06T05:37:53,29.59818,-90.67249,0.0,294.7,511.0,CAPT WEBSTER,,WDF4843,31,0,19,7,,31,A
367456430,2022-01-06T05:50:02,29.59820,-90.67247,0.0,320.6,511.0,CAPT WEBSTER,,WDF4843,31,0,19,7,,31,A
367456430,2022-01-06T04:51:02,29.59818,-90.67247,0.0,301.0,511.0,CAPT WEBSTER,,WDF4843,31,0,19,7,,31,A
367456430,2022-01-06T04:55:23,29.59821,-90.67245,0.0,295.5,511.0,CAPT WEBSTER,,WDF4843,31,0,19,7,,31,A
367456430,2022-01-06T06:03:53,29.59820,-90.67248,0.0,306.8,511.0,CAPT WEBSTER,,WDF4843,31,0,19,7,,31,A
367456430,2022-01-06T05:54:33,29.59817,-90.67247,0.1,266.8,511.0,CAPT WEBSTER,,WDF4843,31,0,19,7,,31,A
367456430,2022-01-06T06:06:13,29.59818,-90.67249,0.1,248.4,511.0,CAPT WEBSTER,,WDF4843,31,0,19,7,,31,A
367456430,2022-01-06T05:56:13,29.59816,-90.67250,0.1,274.4,511.0,CAPT WEBSTER,,WDF4843,31,0,19,7,,31,A
367456430,2022-01-06T06:07:21,29.59815,-90.67254,0.0,245.8,511.0,CAPT WEBSTER,,WDF4843,31,0,19,7,,31,A
367456430,2022-01-06T05:51:43,29.59819,-90.67249,0.0,278.9,511.0,CAPT WEBSTER,,WDF4843,31,0,19,7,,31,A
367456430,2022-01-06T06:13:23,29.59822,-90.67247,0.0,263.2,511.0,CAPT WEBSTER,,WDF4843,31,0,19,7,,31,A
367456430,2022-01-06T05:53:13,29.59816,-90.67248,0.1,249.1,511.0,CAPT WEBSTER,,WDF4843,31,0,19,7,,31,A
367456430,2022-01-06T06:05:02,29.59819,-90.67250,0.0,301.4,511.0,CAPT WEBSTER,,WDF4843,31,0,19,7,,31,A
367456430,2022-01-06T06:14:52,29.59824,-90.67246,0.0,250.6,511.0,CAPT WEBSTER,,WDF4843,31,0,19,7,,31,A
367456430,2022-01-06T04:27:02,29.59822,-90.67246,0.0,246.6,511.0,CAPT WEBSTER,,WDF4843,31,0,19,7,,31,A
367456430,2022-01-06T05:58:03,29.59818,-90.67244,0.1,318.5,511.0,CAPT WEBSTER,,WDF4843,31,0,19,7,,31,A
367456430,2022-01-06T06:10:22,29.59821,-90.67247,0.0,289.8,511.0,CAPT WEBSTER,,WDF4843,31,0,19,7,,31,A
367456430,2022-01-06T05:59:11,29.59818,-90.67247,0.1,278.2,511.0,CAPT WEBSTER,,WDF4843,31,0,19,7,,31,A
367456430,2022-01-06T06:22:52,29.59820,-90.67248,0.1,238.7,511.0,CAPT WEBSTER,,WDF4843,31,0,19,7,,31,A
367456430,2022-01-06T06:21:42,29.59822,-90.67245,0.0,299.6,511.0,CAPT WEBSTER,,WDF4843,31,0,19,7,,31,A
367456430,2022-01-06T05:10:32,29.59820,-90.67245,0.0,265.7,511.0,CAPT WEBSTER,,WDF4843,31,0,19,7,,31,A
367456430,2022-01-06T06:02:33,29.59813,-90.67251,0.0,292.6,511.0,CAPT WEBSTER,,WDF4843,31,0,19,7,,31,A
367456430,2022-01-06T06:29:42,29.59822,-90.67248,0.0,293.6,511.0,CAPT WEBSTER,,WDF4843,31,0,19,7,,31,A
367456430,2022-01-06T06:16:02,29.59820,-90.67240,0.0,283.8,511.0,CAPT WEBSTER,,WDF4843,31,0,19,7,,31,A
367456430,2022-01-06T04:41:52,29.59819,-90.67247,0.0,288.6,511.0,CAPT WEBSTER,,WDF4843,31,0,19,7,,31,A
367456430,2022-01-06T05:16:43,29.59821,-90.67248,0.0,260.2,511.0,CAPT WEBSTER,,WDF4843,31,0,19,7,,31,A
367456430,2022-01-06T06:41:01,29.59821,-90.67244,0.0,231.0,511.0,CAPT WEBSTER,,WDF4843,31,0,19,7,,31,A
367456430,2022-01-06T06:28:33,29.59822,-90.67248,0.0,255.4,511.0,CAPT WEBSTER,,WDF4843,31,0,19,7,,31,A
367456430,2022-01-06T06:42:42,29.59819,-90.67247,0.0,236.7,511.0,CAPT WEBSTER,,WDF4843,31,0,19,7,,31,A
367456430,2022-01-06T04:45:43,29.59825,-90.67252,0.0,284.5,511.0,CAPT WEBSTER,,WDF4843,31,0,19,7,,31,A
367456430,2022-01-06T06:17:43,29.59820,-90.67248,0.0,249.5,511.0,CAPT WEBSTER,,WDF4843,31,0,19,7,,31,A
367456430,2022-01-06T06:45:53,29.59823,-90.67245,0.0,285.9,511.0,CAPT WEBSTER,,WDF4843,31,0,19,7,,31,A
367456430,2022-01-06T06:44:33,29.59822,-90.67245,0.1,307.6,511.0,CAPT WEBSTER,,WDF4843,31,0,19,7,,31,A
367456430,2022-01-06T06:20:32,29.59822,-90.67246,0.0,319.4,511.0,CAPT WEBSTER,,WDF4843,31,0,19,7,,31,A
367456430,2022-01-06T04:49:51,29.59818,-90.67249,0.0,304.2,511.0,CAPT WEBSTER,,WDF4843,31,0,19,7,,31,A
367456430,2022-01-06T06:51:23,29.59824,-90.67251,0.0,281.2,511.0,CAPT WEBSTER,,WDF4843,31,0,19,7,,31,A
367456430,2022-01-06T06:24:32,29.59820,-90.67245,0.0,303.7,511.0,CAPT WEBSTER,,WDF4843,31,0,19,7,,31,A
367456430,2022-01-06T06:38:42,29.59828,-90.67247,0.0,283.2,511.0,CAPT WEBSTER,,WDF4843,31,0,19,7,,31,A
367456430,2022-01-06T06:55:02,29.59821,-90.67249,0.0,244.6,511.0,CAPT WEBSTER,,WDF4843,31,0,19,7,,31,A
367456430,2022-01-06T06:31:32,29.59822,-90.67248,0.1,280.5,511.0,CAPT WEBSTER,,WDF4843,31,0,19,7,,31,A
367456430,2022-01-06T06:35:01,29.59822,-90.67246,0.0,231.7,511.0,CAPT WEBSTER,,WDF4843,31,0,19,7,,31,A
367456430,2022-01-06T07:08:32,29.59826,-90.67251,0.0,187.2,511.0,CAPT WEBSTER,,WDF4843,31,0,19,7,,31,A
367456430,2022-01-06T06:53:42,29.59822,-90.67250,0.0,234.8,511.0,CAPT WEBSTER,,WDF4843,31,0,19,7,,31,A
367456430,2022-01-06T07:11:32,29.59822,-90.67246,0.0,134.2,511.0,CAPT WEBSTER,,WDF4843,31,0,19,7,,31,A
367456430,2022-01-06T07:16:31,29.59825,-90.67248,0.0,108.5,511.0,CAPT WEBSTER,,WDF4843,31,0,19,7,,31,A
367456430,2022-01-06T06:58:12,29.59821,-90.67243,0.0,299.6,511.0,CAPT WEBSTER,,WDF4843,31,0,19,7,,31,A
367456430,2022-01-06T05:05:43,29.59812,-90.67243,0.0,286.8,511.0,CAPT WEBSTER,,WDF4843,31,0,19,7,,31,A
367456430,2022-01-06T05:08:42,29.59813,-90.67244,0.0,275.2,511.0,CAPT WEBSTER,,WDF4843,31,0,19,7,,31,A
367456430,2022-01-06T06:52:32,29.59820,-90.67243,0.1,267.0,511.0,CAPT WEBSTER,,WDF4843,31,0,19,7,,31,A
367456430,2022-01-06T05:44:02,29.59821,-90.67253,0.0,280.8,511.0,CAPT WEBSTER,,WDF4843,31,0,19,7,,31,A
367456430,2022-01-06T05:47:02,29.59816,-90.67252,0.1,271.0,511.0,CAPT WEBSTER,,WDF4843,31,0,19,7,,31,A
367456430,2022-01-06T06:56:32,29.59821,-90.67249,0.1,257.4,511.0,CAPT WEBSTER,,WDF4843,31,0,19,7,,31,A
367456430,2022-01-06T07:15:23,29.59822,-90.67248,0.0,191.6,511.0,CAPT WEBSTER,,WDF4843,31,0,19,7,,31,A
367456430,2022-01-06T05:18:23,29.59820,-90.67247,0.0,275.5,511.0,CAPT WEBSTER,,WDF4843,31,0,19,7,,31,A
367456430,2022-01-06T07:35:22,29.59827,-90.67249,0.0,87.3,511.0,CAPT WEBSTER,,WDF4843,31,0,19,7,,31,A
367456430,2022-01-06T07:47:31,29.59821,-90.67246,0.0,110.8,511.0,CAPT WEBSTER,,WDF4843,31,0,19,7,,31,A
367456430,2022-01-06T07:27:22,29.59821,-90.67246,0.0,142.8,511.0,CAPT WEBSTER,,WDF4843,31,0,19,7,,31,A
367456430,2022-01-06T07:43:02,29.59816,-90.67237,0.0,151.6,511.0,CAPT WEBSTER,,WDF4843,31,0,19,7,,31,A
367456430,2022-01-06T06:01:21,29.59819,-90.67248,0.0,261.5,511.0,CAPT WEBSTER,,WDF4843,31,0,19,7,,31,A
367456430,2022-01-06T07:49:53,29.59820,-90.67247,0.0,168.7,511.0,CAPT WEBSTER,,WDF4843,31,0,19,7,,31,A
367456430,2022-01-06T07:32:41,29.59818,-90.67248,0.0,140.8,511.0,CAPT WEBSTER,,WDF4843,31,0,19,7,,31,A
367456430,2022-01-06T07:34:02,29.59818,-90.67250,0.1,114.8,511.0,CAPT WEBSTER,,WDF4843,31,0,19,7,,31,A
367456430,2022-01-06T07:37:22,29.59823,-90.67253,0.0,158.2,511.0,CAPT WEBSTER,,WDF4843,31,0,19,7,,31,A
367456430,2022-01-06T07:39:02,29.59821,-90.67246,0.0,135.9,511.0,CAPT WEBSTER,,WDF4843,31,0,19,7,,31,A
367456430,2022-01-06T07:41:31,29.59822,-90.67248,0.0,107.7,511.0,CAPT WEBSTER,,WDF4843,31,0,19,7,,31,A
367456430,2022-01-06T07:46:02,29.59820,-90.67243,0.1,139.7,511.0,CAPT WEBSTER,,WDF4843,31,0,19,7,,31,A
367456430,2022-01-06T08:08:13,29.59819,-90.67247,0.0,163.8,511.0,CAPT WEBSTER,,WDF4843,31,0,19,7,,31,A
367456430,2022-01-06T05:41:33,29.59819,-90.67256,0.0,272.0,511.0,CAPT WEBSTER,,WDF4843,31,0,19,7,,31,A
367456430,2022-01-06T07:55:12,29.59815,-90.67252,0.0,167.5,511.0,CAPT WEBSTER,,WDF4843,31,0,19,7,,31,A
367456430,2022-01-06T08:16:32,29.59822,-90.67244,0.0,179.1,511.0,CAPT WEBSTER,,WDF4843,31,0,19,7,,31,A
367456430,2022-01-06T06:27:13,29.59824,-90.67246,0.0,297.5,511.0,CAPT WEBSTER,,WDF4843,31,0,19,7,,31,A
367456430,2022-01-06T08:19:02,29.59820,-90.67245,0.0,220.9,511.0,CAPT WEBSTER,,WDF4843,31,0,19,7,,31,A
367456430,2022-01-06T08:03:13,29.59826,-90.67246,0.1,130.2,511.0,CAPT WEBSTER,,WDF4843,31,0,19,7,,31,A
367456430,2022-01-06T07:48:42,29.59822,-90.67249,0.1,142.1,511.0,CAPT WEBSTER,,WDF4843,31,0,19,7,,31,A
367456430,2022-01-06T08:04:21,29.59820,-90.67245,0.0,85.7,511.0,CAPT WEBSTER,,WDF4843,31,0,19,7,,31,A
367456430,2022-01-06T08:06:51,29.59820,-90.67248,0.1,121.6,511.0,CAPT WEBSTER,,WDF4843,31,0,19,7,,31,A
367456430,2022-01-06T07:53:12,29.59821,-90.67246,0.0,142.8,511.0,CAPT WEBSTER,,WDF4843,31,0,19,7,,31,A
367456430,2022-01-06T08:12:32,29.59819,-90.67239,0.0,105.4,511.0,CAPT WEBSTER,,WDF4843,31,0,19,7,,31,A
367456430,2022-01-06T08:21:52,29.59820,-90.67243,0.0,229.6,511.0,CAPT WEBSTER,,WDF4843,31,0,19,7,,31,A
367456430,2022-01-06T08:13:53,29.59818,-90.67239,0.1,151.0,511.0,CAPT WEBSTER,,WDF4843,31,0,19,7,,31,A
367456430,2022-01-06T08:29:23,29.59816,-90.67242,0.0,298.0,511.0,CAPT WEBSTER,,WDF4843,31,0,19,7,,31,A
367456430,2022-01-06T08:11:21,29.59820,-90.67244,0.0,102.4,511.0,CAPT WEBSTER,,WDF4843,31,0,19,7,,31,A
367456430,2022-01-06T08:33:02,29.59822,-90.67244,0.0,282.0,511.0,CAPT WEBSTER,,WDF4843,31,0,19,7,,31,A
367456430,2022-01-06T08:17:53,29.59817,-90.67244,0.0,202.9,511.0,CAPT WEBSTER,,WDF4843,31,0,19,7,,31,A
367456430,2022-01-06T08:26:23,29.59821,-90.67240,0.0,245.0,511.0,CAPT WEBSTER,,WDF4843,31,0,19,7,,31,A
367456430,2022-01-06T06:09:03,29.59819,-90.67253,0.0,258.5,511.0,CAPT WEBSTER,,WDF4843,31,0,19,7,,31,A
367456430,2022-01-06T08:37:23,29.59825,-90.67244,0.0,290.3,511.0,CAPT WEBSTER,,WDF4843,31,0,19,7,,31,A
367456430,2022-01-06T08:39:23,29.59818,-90.67246,0.0,313.5,511.0,CAPT WEBSTER,,WDF4843,31,0,19,7,,31,A
367456430,2022-01-06T06:47:53,29.59818,-90.67243,0.0,241.5,511.0,CAPT WEBSTER,,WDF4843,31,0,19,7,,31,A
367456430,2022-01-06T06:12:22,29.59821,-90.67250,0.0,249.8,511.0,CAPT WEBSTER,,WDF4843,31,0,19,7,,31,A
367456430,2022-01-06T08:42:12,29.59823,-90.67249,0.0,274.9,511.0,CAPT WEBSTER,,WDF4843,31,0,19,7,,31,A
367456430,2022-01-06T08:28:13,29.59819,-90.67245,0.0,271.1,511.0,CAPT WEBSTER,,WDF4843,31,0,19,7,,31,A
367456430,2022-01-06T08:40:32,29.59824,-90.67245,0.0,347.2,511.0,CAPT WEBSTER,,WDF4843,31,0,19,7,,31,A
367456430,2022-01-06T08:15:12,29.59821,-90.67244,0.0,169.4,511.0,CAPT WEBSTER,,WDF4843,31,0,19,7,,31,A
367456430,2022-01-06T06:18:52,29.59813,-90.67251,0.0,241.7,511.0,CAPT WEBSTER,,WDF4843,31,0,19,7,,31,A
367456430,2022-01-06T08:54:02,29.59820,-90.67247,0.0,319.1,511.0,CAPT WEBSTER,,WDF4843,31,0,19,7,,31,A
367456430,2022-01-06T08:45:42,29.59822,-90.67246,0.0,306.5,511.0,CAPT WEBSTER,,WDF4843,31,0,19,7,,31,A
367456430,2022-01-06T08:34:23,29.59820,-90.67248,0.0,312.4,511.0,CAPT WEBSTER,,WDF4843,31,0,19,7,,31,A
367456430,2022-01-06T08:25:13,29.59820,-90.67243,0.0,239.3,511.0,CAPT WEBSTER,,WDF4843,31,0,19,7,,31,A
367456430,2022-01-06T07:00:01,29.59817,-90.67250,0.1,218.9,511.0,CAPT WEBSTER,,WDF4843,31,0,19,7,,31,A
367456430,2022-01-06T08:43:42,29.59820,-90.67248,0.0,294.1,511.0,CAPT WEBSTER,,WDF4843,31,0,19,7,,31,A
367456430,2022-01-06T08:47:23,29.59821,-90.67245,0.0,335.7,511.0,CAPT WEBSTER,,WDF4843,31,0,19,7,,31,A
367456430,2022-01-06T08:48:42,29.59820,-90.67244,0.0,345.7,511.0,CAPT WEBSTER,,WDF4843,31,0,19,7,,31,A
367456430,2022-01-06T08:31:23,29.59821,-90.67243,0.0,284.4,511.0,CAPT WEBSTER,,WDF4843,31,0,19,7,,31,A
367456430,2022-01-06T09:03:43,29.59816,-90.67248,0.1,309.7,511.0,CAPT WEBSTER,,WDF4843,31,0,19,7,,31,A
367456430,2022-01-06T08:51:43,29.59819,-90.67246,0.1,310.0,511.0,CAPT WEBSTER,,WDF4843,31,0,19,7,,31,A
367456430,2022-01-06T08:55:43,29.59818,-90.67248,0.0,256.7,511.0,CAPT WEBSTER,,WDF4843,31,0,19,7,,31,A
367456430,2022-01-06T06:39:43,29.59824,-90.67246,0.1,268.5,511.0,CAPT WEBSTER,,WDF4843,31,0,19,7,,31,A
367456430,2022-01-06T09:10:31,29.59822,-90.67245,0.0,273.5,511.0,CAPT WEBSTER,,WDF4843,31,0,19,7,,31,A
367456430,2022-01-06T09:21:31,29.59823,-90.67249,0.0,240.4,511.0,CAPT WEBSTER,,WDF4843,31,0,19,7,,31,A
367456430,2022-01-06T09:14:42,29.59820,-90.67247,0.1,302.2,511.0,CAPT WEBSTER,,WDF4843,31,0,19,7,,31,A
367456430,2022-01-06T09:18:43,29.59823,-90.67247,0.1,304.2,511.0,CAPT WEBSTER,,WDF4843,31,0,19,7,,31,A
367456430,2022-01-06T06:50:12,29.59824,-90.67247,0.0,290.3,511.0,CAPT WEBSTER,,WDF4843,31,0,19,7,,31,A
367456430,2022-01-06T08:50:22,29.59812,-90.67249,0.0,265.2,511.0,CAPT WEBSTER,,WDF4843,31,0,19,7,,31,A
367456430,2022-01-06T09:26:13,29.59822,-90.67248,0.0,320.5,511.0,CAPT WEBSTER,,WDF4843,31,0,19,7,,31,A
367456430,2022-01-06T07:29:23,29.59822,-90.67246,0.0,92.8,511.0,CAPT WEBSTER,,WDF4843,31,0,19,7,,31,A
367456430,2022-01-06T09:17:12,29.59821,-90.67248,0.1,244.7,511.0,CAPT WEBSTER,,WDF4843,31,0,19,7,,31,A
367456430,2022-01-06T07:31:02,29.59820,-90.67249,0.0,151.3,511.0,CAPT WEBSTER,,WDF4843,31,0,19,7,,31,A
367456430,2022-01-06T09:15:43,29.59823,-90.67247,0.0,313.7,511.0,CAPT WEBSTER,,WDF4843,31,0,19,7,,31,A
367456430,2022-01-06T08:59:13,29.59820,-90.67247,0.0,331.6,511.0,CAPT WEBSTER,,WDF4843,31,0,19,7,,31,A
367456430,2022-01-06T09:30:52,29.59822,-90.67248,0.0,288.5,511.0,CAPT WEBSTER,,WDF4843,31,0,19,7,,31,A
367456430,2022-01-06T09:02:02,29.59821,-90.67249,0.0,264.7,511.0,CAPT WEBSTER,,WDF4843,31,0,19,7,,31,A
367456430,2022-01-06T09:34:33,29.59822,-90.67249,0.0,260.1,511.0,CAPT WEBSTER,,WDF4843,31,0,19,7,,31,A
367456430,2022-01-06T09:32:33,29.59822,-90.67250,0.1,251.7,511.0,CAPT WEBSTER,,WDF4843,31,0,19,7,,31,A
367456430,2022-01-06T09:23:13,29.59823,-90.67249,0.1,327.2,511.0,CAPT WEBSTER,,WDF4843,31,0,19,7,,31,A
367456430,2022-01-06T07:12:42,29.59822,-90.67248,0.0,180.2,511.0,CAPT WEBSTER,,WDF4843,31,0,19,7,,31,A
367456430,2022-01-06T09:25:03,29.59825,-90.67249,0.1,244.6,511.0,CAPT WEBSTER,,WDF4843,31,0,19,7,,31,A
367456430,2022-01-06T09:42:52,29.59821,-90.67247,0.0,275.3,511.0,CAPT WEBSTER,,WDF4843,31,0,19,7,,31,A
367456430,2022-01-06T09:40:52,29.59817,-90.67249,0.0,256.3,511.0,CAPT WEBSTER,,WDF4843,31,0,19,7,,31,A
367456430,2022-01-06T09:54:52,29.59829,-90.67247,0.0,323.5,511.0,CAPT WEBSTER,,WDF4843,31,0,19,7,,31,A
367456430,2022-01-06T09:27:33,29.59821,-90.67249,0.0,237.2,511.0,CAPT WEBSTER,,WDF4843,31,0,19,7,,31,A
367456430,2022-01-06T07:44:53,29.59818,-90.67244,0.0,172.4,511.0,CAPT WEBSTER,,WDF4843,31,0,19,7,,31,A
367456430,2022-01-06T09:49:32,29.59818,-90.67248,0.0,290.8,511.0,CAPT WEBSTER,,WDF4843,31,0,19,7,,31,A
367456430,2022-01-06T09:38:13,29.59822,-90.67249,0.1,247.0,511.0,CAPT WEBSTER,,WDF4843,31,0,19,7,,31,A
367456430,2022-01-06T09:58:43,29.59815,-90.67249,0.0,253.6,511.0,CAPT WEBSTER,,WDF4843,31,0,19,7,,31,A
367456430,2022-01-06T09:46:23,29.59820,-90.67249,0.0,275.3,511.0,CAPT WEBSTER,,WDF4843,31,0,19,7,,31,A
367456430,2022-01-06T09:45:12,29.59820,-90.67250,0.0,242.4,511.0,CAPT WEBSTER,,WDF4843,31,0,19,7,,31,A
367456430,2022-01-06T09:50:42,29.59821,-90.67249,0.0,241.9,511.0,CAPT WEBSTER,,WDF4843,31,0,19,7,,31,A
367456430,2022-01-06T10:03:52,29.59820,-90.67248,0.0,277.9,511.0,CAPT WEBSTER,,WDF4843,31,0,19,7,,31,A
367456430,2022-01-06T09:47:42,29.59824,-90.67246,0.0,305.8,511.0,CAPT WEBSTER,,WDF4843,31,0,19,7,,31,A
367456430,2022-01-06T10:07:43,29.59828,-90.67250,0.0,308.5,511.0,CAPT WEBSTER,,WDF4843,31,0,19,7,,31,A
367456430,2022-01-06T09:29:33,29.59824,-90.67248,0.1,311.3,511.0,CAPT WEBSTER,,WDF4843,31,0,19,7,,31,A
367456430,2022-01-06T10:14:13,29.59816,-90.67247,0.0,258.3,511.0,CAPT WEBSTER,,WDF4843,31,0,19,7,,31,A
367456430,2022-01-06T07:40:12,29.59819,-90.67247,0.0,77.8,511.0,CAPT WEBSTER,,WDF4843,31,0,19,7,,31,A
367456430,2022-01-06T10:06:23,29.59818,-90.67246,0.0,241.6,511.0,CAPT WEBSTER,,WDF4843,31,0,19,7,,31,A
367456430,2022-01-06T10:26:32,29.59820,-90.67247,0.0,254.2,511.0,CAPT WEBSTER,,WDF4843,31,0,19,7,,31,A
367456430,2022-01-06T09:39:32,29.59819,-90.67247,0.0,237.1,511.0,CAPT WEBSTER,,WDF4843,31,0,19,7,,31,A
367456430,2022-01-06T10:10:33,29.59826,-90.67248,0.1,299.3,511.0,CAPT WEBSTER,,WDF4843,31,0,19,7,,31,A
367456430,2022-01-06T10:27:42,29.59821,-90.67248,0.0,254.4,511.0,CAPT WEBSTER,,WDF4843,31,0,19,7,,31,A
367456430,2022-01-06T10:12:01,29.59820,-90.67249,0.0,244.7,511.0,CAPT WEBSTER,,WDF4843,31,0,19,7,,31,A
367456430,2022-01-06T09:44:03,29.59822,-90.67248,0.1,246.5,511.0,CAPT WEBSTER,,WDF4843,31,0,19,7,,31,A
367456430,2022-01-06T10:08:52,29.59821,-90.67245,0.0,320.9,511.0,CAPT WEBSTER,,WDF4843,31,0,19,7,,31,A
367456430,2022-01-06T10:17:12,29.59825,-90.67248,0.0,297.6,511.0,CAPT WEBSTER,,WDF4843,31,0,19,7,,31,A
367456430,2022-01-06T07:51:12,29.59820,-90.67245,0.0,170.9,511.0,CAPT WEBSTER,,WDF4843,31,0,19,7,,31,A
367456430,2022-01-06T10:21:03,29.59818,-90.67248,0.0,246.6,511.0,CAPT WEBSTER,,WDF4843,31,0,19,7,,31,A
367456430,2022-01-06T10:23:32,29.59828,-90.67251,0.1,282.3,511.0,CAPT WEBSTER,,WDF4843,31,0,19,7,,31,A
367456430,2022-01-06T07:56:22,29.59824,-90.67257,0.0,163.8,511.0,CAPT WEBSTER,,WDF4843,31,0,19,7,,31,A
367456430,2022-01-06T09:53:23,29.59825,-90.67249,0.0,299.1,511.0,CAPT WEBSTER,,WDF4843,31,0,19,7,,31,A
367456430,2022-01-06T07:58:52,29.59822,-90.67249,0.0,98.0,511.0,CAPT WEBSTER,,WDF4843,31,0,19,7,,31,A
367456430,2022-01-06T10:18:32,29.59823,-90.67249,0.1,256.3,511.0,CAPT WEBSTER,,WDF4843,31,0,19,7,,31,A
367456430,2022-01-06T08:23:32,29.59819,-90.67242,0.0,234.0,511.0,CAPT WEBSTER,,WDF4843,31,0,19,7,,31,A
367456430,2022-01-06T08:00:42,29.59819,-90.67245,0.0,138.2,511.0,CAPT WEBSTER,,WDF4843,31,0,19,7,,31,A
367456430,2022-01-06T10:30:53,29.59817,-90.67243,0.0,309.8,511.0,CAPT WEBSTER,,WDF4843,31,0,19,7,,31,A
367456430,2022-01-06T08:02:11,29.59821,-90.67245,0.0,153.8,511.0,CAPT WEBSTER,,WDF4843,31,0,19,7,,31,A
367456430,2022-01-06T10:32:02,29.59820,-90.67247,0.1,295.2,511.0,CAPT WEBSTER,,WDF4843,31,0,19,7,,31,A
367456430,2022-01-06T09:59:52,29.59820,-90.67250,0.1,314.4,511.0,CAPT WEBSTER,,WDF4843,31,0,19,7,,31,A
367456430,2022-01-06T10:49:13,29.59821,-90.67248,0.0,280.3,511.0,CAPT WEBSTER,,WDF4843,31,0,19,7,,31,A
367456430,2022-01-06T10:50:52,29.59820,-90.67245,0.0,280.5,511.0,CAPT WEBSTER,,WDF4843,31,0,19,7,,31,A
367456430,2022-01-06T08:05:33,29.59820,-90.67246,0.0,85.7,511.0,CAPT WEBSTER,,WDF4843,31,0,19,7,,31,A
367456430,2022-01-06T10:05:03,29.59817,-90.67253,0.1,250.2,511.0,CAPT WEBSTER,,WDF4843,31,0,19,7,,31,A
367456430,2022-01-06T10:29:02,29.59817,-90.67246,0.0,296.7,511.0,CAPT WEBSTER,,WDF4843,31,0,19,7,,31,A
367456430,2022-01-06T08:10:13,29.59820,-90.67245,0.0,146.7,511.0,CAPT WEBSTER,,WDF4843,31,0,19,7,,31,A
367456430,2022-01-06T10:41:32,29.59824,-90.67249,0.0,303.9,511.0,CAPT WEBSTER,,WDF4843,31,0,19,7,,31,A
367456430,2022-01-06T11:03:23,29.59817,-90.67246,0.0,299.6,511.0,CAPT WEBSTER,,WDF4843,31,0,19,7,,31,A
367456430,2022-01-06T10:44:21,29.59824,-90.67251,0.0,276.2,511.0,CAPT WEBSTER,,WDF4843,31,0,19,7,,31,A
367456430,2022-01-06T10:37:32,29.59821,-90.67246,0.0,288.6,511.0,CAPT WEBSTER,,WDF4843,31,0,19,7,,31,A
367456430,2022-01-06T08:20:22,29.59825,-90.67244,0.0,221.9,511.0,CAPT WEBSTER,,WDF4843,31,0,19,7,,31,A
367456430,2022-01-06T10:40:02,29.59817,-90.67247,0.1,284.1,511.0,CAPT WEBSTER,,WDF4843,31,0,19,7,,31,A
367456430,2022-01-06T10:19:41,29.59821,-90.67245,0.0,241.8,511.0,CAPT WEBSTER,,WDF4843,31,0,19,7,,31,A
367456430,2022-01-06T10:47:53,29.59820,-90.67247,0.0,259.5,511.0,CAPT WEBSTER,,WDF4843,31,0,19,7,,31,A
367456430,2022-01-06T11:14:32,29.59825,-90.67248,0.0,290.0,511.0,CAPT WEBSTER,,WDF4843,31,0,19,7,,31,A
367456430,2022-01-06T10:42:43,29.59825,-90.67256,0.0,296.1,511.0,CAPT WEBSTER,,WDF4843,31,0,19,7,,31,A
367456430,2022-01-06T11:00:02,29.59819,-90.67250,0.0,253.5,511.0,CAPT WEBSTER,,WDF4843,31,0,19,7,,31,A
367456430,2022-01-06T10:53:23,29.59816,-90.67249,0.0,255.7,511.0,CAPT WEBSTER,,WDF4843,31,0,19,7,,31,A
367456430,2022-01-06T11:16:02,29.59812,-90.67253,0.1,269.8,511.0,CAPT WEBSTER,,WDF4843,31,0,19,7,,31,A
367456430,2022-01-06T11:20:02,29.59824,-90.67247,0.0,286.9,511.0,CAPT WEBSTER,,WDF4843,31,0,19,7,,31,A
367456430,2022-01-06T10:59:53,29.59818,-90.67251,0.0,252.1,511.0,CAPT WEBSTER,,WDF4843,31,0,19,7,,31,A
367456430,2022-01-06T11:25:33,29.59820,-90.67245,0.0,295.8,511.0,CAPT WEBSTER,,WDF4843,31,0,19,7,,31,A
367456430,2022-01-06T11:28:33,29.59821,-90.67251,0.0,306.1,511.0,CAPT WEBSTER,,WDF4843,31,0,19,7,,31,A
367456430,2022-01-06T10:56:23,29.59821,-90.67247,0.0,296.6,511.0,CAPT WEBSTER,,WDF4843,31,0,19,7,,31,A
367456430,2022-01-06T10:38:43,29.59819,-90.67245,0.1,252.6,511.0,CAPT WEBSTER,,WDF4843,31,0,19,7,,31,A
367456430,2022-01-06T11:13:12,29.59803,-90.67280,0.0,278.0,511.0,CAPT WEBSTER,,WDF4843,31,0,19,7,,31,A
367456430,2022-01-06T08:52:52,29.59817,-90.67247,0.0,324.0,511.0,CAPT WEBSTER,,WDF4843,31,0,19,7,,31,A
367456430,2022-01-06T11:35:43,29.59819,-90.67249,0.0,291.9,511.0,CAPT WEBSTER,,WDF4843,31,0,19,7,,31,A
367456430,2022-01-06T11:37:02,29.59822,-90.67249,0.0,299.7,511.0,CAPT WEBSTER,,WDF4843,31,0,19,7,,31,A
367456430,2022-01-06T11:10:32,29.59818,-90.67252,0.0,305.2,511.0,CAPT WEBSTER,,WDF4843,31,0,19,7,,31,A
367456430,2022-01-06T11:42:13,29.59819,-90.67252,0.0,308.3,511.0,CAPT WEBSTER,,WDF4843,31,0,19,7,,31,A
367456430,2022-01-06T10:54:42,29.59816,-90.67245,0.1,272.0,511.0,CAPT WEBSTER,,WDF4843,31,0,19,7,,31,A
367456430,2022-01-06T08:57:21,29.59816,-90.67249,0.0,275.9,511.0,CAPT WEBSTER,,WDF4843,31,0,19,7,,31,A
367456430,2022-01-06T11:12:03,29.59821,-90.67251,0.0,290.2,511.0,CAPT WEBSTER,,WDF4843,31,0,19,7,,31,A
367456430,2022-01-06T11:51:52,29.59820,-90.67249,0.0,278.9,511.0,CAPT WEBSTER,,WDF4843,31,0,19,7,,31,A
367456430,2022-01-06T11:46:53,29.59813,-90.67247,0.0,299.7,511.0,CAPT WEBSTER,,WDF4843,31,0,19,7,,31,A
367456430,2022-01-06T11:32:02,29.59821,-90.67247,0.1,311.2,511.0,CAPT WEBSTER,,WDF4843,31,0,19,7,,31,A
367456430,2022-01-06T09:11:42,29.59823,-90.67247,0.0,324.4,511.0,CAPT WEBSTER,,WDF4843,31,0,19,7,,31,A
367456430,2022-01-06T09:12:51,29.59821,-90.67248,0.1,267.9,511.0,CAPT WEBSTER,,WDF4843,31,0,19,7,,31,A
367456430,2022-01-06T11:33:03,29.59822,-90.67247,0.0,326.9,511.0,CAPT WEBSTER,,WDF4843,31,0,19,7,,31,A
367456430,2022-01-06T11:04:32,29.59821,-90.67248,0.0,281.6,511.0,CAPT WEBSTER,,WDF4843,31,0,19,7,,31,A
367456430,2022-01-06T09:06:22,29.59820,-90.67246,0.0,295.6,511.0,CAPT WEBSTER,,WDF4843,31,0,19,7,,31,A
367456430,2022-01-06T11:40:43,29.59822,-90.67247,0.0,323.6,511.0,CAPT WEBSTER,,WDF4843,31,0,19,7,,31,A
367456430,2022-01-06T11:24:21,29.59821,-90.67245,0.0,285.0,511.0,CAPT WEBSTER,,WDF4843,31,0,19,7,,31,A
367456430,2022-01-06T09:08:42,29.59823,-90.67249,0.0,267.6,511.0,CAPT WEBSTER,,WDF4843,31,0,19,7,,31,A
367456430,2022-01-06T09:20:03,29.59823,-90.67247,0.0,293.9,511.0,CAPT WEBSTER,,WDF4843,31,0,19,7,,31,A
367456430,2022-01-06T11:17:32,29.59819,-90.67252,0.0,261.3,511.0,CAPT WEBSTER,,WDF4843,31,0,19,7,,31,A
367456430,2022-01-06T11:18:53,29.59820,-90.67246,0.0,277.9,511.0,CAPT WEBSTER,,WDF4843,31,0,19,7,,31,A
367456430,2022-01-06T12:13:43,29.59817,-90.67248,0.0,257.1,511.0,CAPT WEBSTER,,WDF4843,31,0,19,7,,31,A
367456430,2022-01-06T11:21:12,29.59824,-90.67245,0.0,293.0,511.0,CAPT WEBSTER,,WDF4843,31,0,19,7,,31,A
367456430,2022-01-06T12:15:02,29.59809,-90.67241,0.1,324.4,511.0,CAPT WEBSTER,,WDF4843,31,0,19,7,,31,A
367456430,2022-01-06T11:57:02,29.59813,-90.67251,0.1,276.1,511.0,CAPT WEBSTER,,WDF4843,31,0,19,7,,31,A
367456430,2022-01-06T09:35:52,29.59819,-90.67250,0.0,276.4,511.0,CAPT WEBSTER,,WDF4843,31,0,19,7,,31,A
367456430,2022-01-06T11:48:43,29.59824,-90.67249,0.0,271.6,511.0,CAPT WEBSTER,,WDF4843,31,0,19,7,,31,A
367456430,2022-01-06T11:30:42,29.59820,-90.67248,0.0,287.1,511.0,CAPT WEBSTER,,WDF4843,31,0,19,7,,31,A
367456430,2022-01-06T12:26:43,29.59821,-90.67248,0.0,312.5,511.0,CAPT WEBSTER,,WDF4843,31,0,19,7,,31,A
367456430,2022-01-06T11:50:43,29.59826,-90.67252,0.0,248.2,511.0,CAPT WEBSTER,,WDF4843,31,0,19,7,,31,A
367456430,2022-01-06T12:08:23,29.59818,-90.67247,0.0,272.0,511.0,CAPT WEBSTER,,WDF4843,31,0,19,7,,31,A
367456430,2022-01-06T12:31:41,29.59817,-90.67265,0.0,263.6,511.0,CAPT WEBSTER,,WDF4843,31,0,19,7,,31,A
367456430,2022-01-06T11:34:23,29.59825,-90.67244,0.0,308.2,511.0,CAPT WEBSTER,,WDF4843,31,0,19,7,,31,A
367456430,2022-01-06T12:32:51,29.59817,-90.67259,0.0,281.3,511.0,CAPT WEBSTER,,WDF4843,31,0,19,7,,31,A
367456430,2022-01-06T09:37:02,29.59824,-90.67248,0.0,284.1,511.0,CAPT WEBSTER,,WDF4843,31,0,19,7,,31,A
367456430,2022-01-06T12:01:43,29.59822,-90.67250,0.0,279.1,511.0,CAPT WEBSTER,,WDF4843,31,0,19,7,,31,A
367456430,2022-01-06T11:53:52,29.59825,-90.67252,0.0,272.9,511.0,CAPT WEBSTER,,WDF4843,31,0,19,7,,31,A
367456430,2022-01-06T12:35:02,29.59820,-90.67254,0.0,303.0,511.0,CAPT WEBSTER,,WDF4843,31,0,19,7,,31,A
367456430,2022-01-06T12:12:22,29.59813,-90.67247,0.0,252.0,511.0,CAPT WEBSTER,,WDF4843,31,0,19,7,,31,A
367456430,2022-01-06T11:39:32,29.59820,-90.67249,0.0,328.8,511.0,CAPT WEBSTER,,WDF4843,31,0,19,7,,31,A
367456430,2022-01-06T12:02:52,29.59820,-90.67249,0.0,306.6,511.0,CAPT WEBSTER,,WDF4843,31,0,19,7,,31,A
367456430,2022-01-06T12:42:52,29.59818,-90.67251,0.0,249.9,511.0,CAPT WEBSTER,,WDF4843,31,0,19,7,,31,A
367456430,2022-01-06T12:11:13,29.59820,-90.67245,0.1,275.5,511.0,CAPT WEBSTER,,WDF4843,31,0,19,7,,31,A
367456430,2022-01-06T12:18:43,29.59815,-90.67246,0.0,283.9,511.0,CAPT WEBSTER,,WDF4843,31,0,19,7,,31,A
367456430,2022-01-06T12:05:23,29.59819,-90.67247,0.0,257.5,511.0,CAPT WEBSTER,,WDF4843,31,0,19,7,,31,A
367456430,2022-01-06T12:17:32,29.59814,-90.67248,0.1,250.1,511.0,CAPT WEBSTER,,WDF4843,31,0,19,7,,31,A
367456430,2022-01-06T12:24:12,29.59819,-90.67253,0.0,266.3,511.0,CAPT WEBSTER,,WDF4843,31,0,19,7,,31,A
367456430,2022-01-06T11:55:52,29.59822,-90.67250,0.0,258.2,511.0,CAPT WEBSTER,,WDF4843,31,0,19,7,,31,A
367456430,2022-01-06T12:25:22,29.59820,-90.67253,0.0,276.8,511.0,CAPT WEBSTER,,WDF4843,31,0,19,7,,31,A
367456430,2022-01-06T09:56:12,29.59823,-90.67248,0.0,309.3,511.0,CAPT WEBSTER,,WDF4843,31,0,19,7,,31,A
367456430,2022-01-06T09:57:23,29.59820,-90.67247,0.0,304.9,511.0,CAPT WEBSTER,,WDF4843,31,0,19,7,,31,A
367456430,2022-01-06T12:21:43,29.59821,-90.67252,0.1,286.3,511.0,CAPT WEBSTER,,WDF4843,31,0,19,7,,31,A
367456430,2022-01-06T12:00:03,29.59822,-90.67249,0.0,250.5,511.0,CAPT WEBSTER,,WDF4843,31,0,19,7,,31,A
367456430,2022-01-06T12:38:02,29.59819,-90.67247,0.1,298.1,511.0,CAPT WEBSTER,,WDF4843,31,0,19,7,,31,A
367456430,2022-01-06T10:01:23,29.59821,-90.67250,0.0,258.0,511.0,CAPT WEBSTER,,WDF4843,31,0,19,7,,31,A
367456430,2022-01-06T12:06:52,29.59820,-90.67253,0.0,254.9,511.0,CAPT WEBSTER,,WDF4843,31,0,19,7,,31,A
367456430,2022-01-06T10:02:43,29.59822,-90.67247,0.1,323.9,511.0,CAPT WEBSTER,,WDF4843,31,0,19,7,,31,A
367456430,2022-01-06T12:30:22,29.59826,-90.67256,0.1,257.6,511.0,CAPT WEBSTER,,WDF4843,31,0,19,7,,31,A
367456430,2022-01-06T12:40:42,29.59823,-90.67248,0.0,273.5,511.0,CAPT WEBSTER,,WDF4843,31,0,19,7,,31,A
367456430,2022-01-06T13:14:53,29.59823,-90.67246,0.0,277.1,511.0,CAPT WEBSTER,,WDF4843,31,0,19,7,,31,A
367456430,2022-01-06T12:36:32,29.59815,-90.67255,0.1,275.2,511.0,CAPT WEBSTER,,WDF4843,31,0,19,7,,31,A
367456430,2022-01-06T12:54:13,29.59821,-90.67246,0.0,227.2,511.0,CAPT WEBSTER,,WDF4843,31,0,19,7,,31,A
367456430,2022-01-06T10:13:02,29.59820,-90.67249,0.0,249.4,511.0,CAPT WEBSTER,,WDF4843,31,0,19,7,,31,A
367456430,2022-01-06T12:44:23,29.59826,-90.67248,0.1,242.2,511.0,CAPT WEBSTER,,WDF4843,31,0,19,7,,31,A
367456430,2022-01-06T13:25:12,29.59826,-90.67247,0.0,267.0,511.0,CAPT WEBSTER,,WDF4843,31,0,19,7,,31,A
367456430,2022-01-06T10:15:43,29.59821,-90.67247,0.0,316.6,511.0,CAPT WEBSTER,,WDF4843,31,0,19,7,,31,A
367456430,2022-01-06T13:31:12,29.59819,-90.67246,0.0,278.0,511.0,CAPT WEBSTER,,WDF4843,31,0,19,7,,31,A
367456430,2022-01-06T12:50:12,29.59821,-90.67246,0.0,256.4,511.0,CAPT WEBSTER,,WDF4843,31,0,19,7,,31,A
367456430,2022-01-06T10:22:12,29.59823,-90.67246,0.0,324.7,511.0,CAPT WEBSTER,,WDF4843,31,0,19,7,,31,A
367456430,2022-01-06T10:24:42,29.59821,-90.67248,0.0,255.2,511.0,CAPT WEBSTER,,WDF4843,31,0,19,7,,31,A
367456430,2022-01-06T13:02:01,29.59817,-90.67248,0.0,196.6,511.0,CAPT WEBSTER,,WDF4843,31,0,19,7,,31,A
367456430,2022-01-06T13:37:31,29.59820,-90.67245,0.0,293.6,511.0,CAPT WEBSTER,,WDF4843,31,0,19,7,,31,A
367456430,2022-01-06T12:33:52,29.59817,-90.67263,0.0,292.4,511.0,CAPT WEBSTER,,WDF4843,31,0,19,7,,31,A
367456430,2022-01-06T13:05:21,29.59824,-90.67248,0.0,174.6,511.0,CAPT WEBSTER,,WDF4843,31,0,19,7,,31,A
367456430,2022-01-06T13:08:42,29.59821,-90.67247,0.0,250.6,511.0,CAPT WEBSTER,,WDF4843,31,0,19,7,,31,A
367456430,2022-01-06T13:06:52,29.59820,-90.67247,0.0,188.0,511.0,CAPT WEBSTER,,WDF4843,31,0,19,7,,31,A
367456430,2022-01-06T10:34:53,29.59823,-90.67247,0.0,317.9,511.0,CAPT WEBSTER,,WDF4843,31,0,19,7,,31,A
367456430,2022-01-06T10:36:23,29.59824,-90.67248,0.0,291.4,511.0,CAPT WEBSTER,,WDF4843,31,0,19,7,,31,A
367456430,2022-01-06T12:47:33,29.59824,-90.67248,0.0,272.5,511.0,CAPT WEBSTER,,WDF4843,31,0,19,7,,31,A
367456430,2022-01-06T13:58:43,29.59832,-90.67235,0.0,301.0,511.0,CAPT WEBSTER,,WDF4843,31,0,19,7,,31,A
367456430,2022-01-06T13:29:52,29.59819,-90.67241,0.0,290.5,511.0,CAPT WEBSTER,,WDF4843,31,0,19,7,,31,A
367456430,2022-01-06T13:20:42,29.59820,-90.67246,0.0,280.5,511.0,CAPT WEBSTER,,WDF4843,31,0,19,7,,31,A
367456430,2022-01-06T13:33:12,29.59820,-90.67246,0.0,296.7,511.0,CAPT WEBSTER,,WDF4843,31,0,19,7,,31,A
367456430,2022-01-06T14:05:43,29.59820,-90.67248,0.0,249.1,511.0,CAPT WEBSTER,,WDF4843,31,0,19,7,,31,A
367456430,2022-01-06T12:55:52,29.59822,-90.67248,0.0,229.4,511.0,CAPT WEBSTER,,WDF4843,31,0,19,7,,31,A
367456430,2022-01-06T14:08:22,29.59818,-90.67246,0.0,249.5,511.0,CAPT WEBSTER,,WDF4843,31,0,19,7,,31,A
367456430,2022-01-06T10:52:12,29.59815,-90.67247,0.0,260.1,511.0,CAPT WEBSTER,,WDF4843,31,0,19,7,,31,A
367456430,2022-01-06T12:58:01,29.59827,-90.67248,0.0,237.6,511.0,CAPT WEBSTER,,WDF4843,31,0,19,7,,31,A
367456430,2022-01-06T13:00:52,29.59826,-90.67252,0.0,209.4,511.0,CAPT WEBSTER,,WDF4843,31,0,19,7,,31,A
367456430,2022-01-06T14:13:02,29.59817,-90.67245,0.1,285.2,511.0,CAPT WEBSTER,,WDF4843,31,0,19,7,,31,A
367456430,2022-01-06T13:34:23,29.59821,-90.67244,0.0,307.7,511.0,CAPT WEBSTER,,WDF4843,31,0,19,7,,31,A
367456430,2022-01-06T13:39:31,29.59820,-90.67245,0.0,303.5,511.0,CAPT WEBSTER,,WDF4843,31,0,19,7,,31,A
367456430,2022-01-06T10:58:33,29.59819,-90.67244,0.0,257.7,511.0,CAPT WEBSTER,,WDF4843,31,0,19,7,,31,A
367456430,2022-01-06T14:17:43,29.59820,-90.67248,0.0,269.8,511.0,CAPT WEBSTER,,WDF4843,31,0,19,7,,31,A
367456430,2022-01-06T14:19:53,29.59818,-90.67250,0.0,280.8,511.0,CAPT WEBSTER,,WDF4843,31,0,19,7,,31,A
367456430,2022-01-06T13:40:32,29.59818,-90.67247,0.0,305.4,511.0,CAPT WEBSTER,,WDF4843,31,0,19,7,,31,A
367456430,2022-01-06T13:41:52,29.59807,-90.67239,0.0,277.5,511.0,CAPT WEBSTER,,WDF4843,31,0,19,7,,31,A
367456430,2022-01-06T13:50:31,29.59820,-90.67248,0.0,288.0,511.0,CAPT WEBSTER,,WDF4843,31,0,19,7,,31,A
367456430,2022-01-06T14:21:02,29.59818,-90.67249,0.0,265.1,511.0,CAPT WEBSTER,,WDF4843,31,0,19,7,,31,A
367456430,2022-01-06T11:01:23,29.59817,-90.67252,0.0,276.6,511.0,CAPT WEBSTER,,WDF4843,31,0,19,7,,31,A
367456430,2022-01-06T14:26:03,29.59820,-90.67250,0.0,268.5,511.0,CAPT WEBSTER,,WDF4843,31,0,19,7,,31,A
367456430,2022-01-06T13:13:43,29.59822,-90.67245,0.0,242.7,511.0,CAPT WEBSTER,,WDF4843,31,0,19,7,,31,A
367456430,2022-01-06T11:05:43,29.59820,-90.67251,0.0,277.7,511.0,CAPT WEBSTER,,WDF4843,31,0,19,7,,31,A
367456430,2022-01-06T13:52:21,29.59818,-90.67243,0.0,293.8,511.0,CAPT WEBSTER,,WDF4843,31,0,19,7,,31,A
367456430,2022-01-06T11:07:23,29.59818,-90.67252,0.0,256.3,511.0,CAPT WEBSTER,,WDF4843,31,0,19,7,,31,A
367456430,2022-01-06T13:54:53,29.59823,-90.67246,0.0,288.4,511.0,CAPT WEBSTER,,WDF4843,31,0,19,7,,31,A
367456430,2022-01-06T13:56:21,29.59818,-90.67247,0.0,304.1,511.0,CAPT WEBSTER,,WDF4843,31,0,19,7,,31,A
367456430,2022-01-06T13:57:23,29.59820,-90.67246,0.0,300.8,511.0,CAPT WEBSTER,,WDF4843,31,0,19,7,,31,A
367456430,2022-01-06T11:08:32,29.59818,-90.67247,0.0,268.4,511.0,CAPT WEBSTER,,WDF4843,31,0,19,7,,31,A
367456430,2022-01-06T14:35:32,29.59819,-90.67250,0.0,244.4,511.0,CAPT WEBSTER,,WDF4843,31,0,19,7,,31,A
367456430,2022-01-06T13:21:53,29.59821,-90.67246,0.0,300.5,511.0,CAPT WEBSTER,,WDF4843,31,0,19,7,,31,A
367456430,2022-01-06T14:01:23,29.59815,-90.67248,0.0,260.0,511.0,CAPT WEBSTER,,WDF4843,31,0,19,7,,31,A
367456430,2022-01-06T14:07:12,29.59819,-90.67245,0.0,234.9,511.0,CAPT WEBSTER,,WDF4843,31,0,19,7,,31,A
367456430,2022-01-06T11:23:02,29.59820,-90.67243,0.0,284.6,511.0,CAPT WEBSTER,,WDF4843,31,0,19,7,,31,A
367456430,2022-01-06T14:16:42,29.59821,-90.67248,0.0,265.4,511.0,CAPT WEBSTER,,WDF4843,31,0,19,7,,31,A
367456430,2022-01-06T14:23:23,29.59822,-90.67246,0.0,284.9,511.0,CAPT WEBSTER,,WDF4843,31,0,19,7,,31,A
367456430,2022-01-06T11:26:42,29.59823,-90.67246,0.0,317.8,511.0,CAPT WEBSTER,,WDF4843,31,0,19,7,,31,A
367456430,2022-01-06T14:54:52,29.59823,-90.67248,0.0,293.9,511.0,CAPT WEBSTER,,WDF4843,31,0,19,7,,31,A
367456430,2022-01-06T14:24:53,29.59821,-90.67248,0.0,278.2,511.0,CAPT WEBSTER,,WDF4843,31,0,19,7,,31,A
367456430,2022-01-06T14:27:32,29.59821,-90.67249,0.0,275.5,511.0,CAPT WEBSTER,,WDF4843,31,0,19,7,,31,A
367456430,2022-01-06T14:31:22,29.59825,-90.67240,0.0,275.9,511.0,CAPT WEBSTER,,WDF4843,31,0,19,7,,31,A
367456430,2022-01-06T13:47:31,29.59821,-90.67246,0.0,289.8,511.0,CAPT WEBSTER,,WDF4843,31,0,19,7,,31,A
367456430,2022-01-06T15:03:53,29.59824,-90.67247,0.0,251.2,511.0,CAPT WEBSTER,,WDF4843,31,0,19,7,,31,A
367456430,2022-01-06T14:29:53,29.59820,-90.67249,0.0,274.0,511.0,CAPT WEBSTER,,WDF4843,31,0,19,7,,31,A
367456430,2022-01-06T11:38:23,29.59820,-90.67247,0.0,308.4,511.0,CAPT WEBSTER,,WDF4843,31,0,19,7,,31,A
367456430,2022-01-06T14:37:53,29.59825,-90.67244,0.0,245.7,511.0,CAPT WEBSTER,,WDF4843,31,0,19,7,,31,A
367456430,2022-01-06T14:32:32,29.59829,-90.67245,0.0,270.5,511.0,CAPT WEBSTER,,WDF4843,31,0,19,7,,31,A
367456430,2022-01-06T11:43:23,29.59821,-90.67251,0.0,286.5,511.0,CAPT WEBSTER,,WDF4843,31,0,19,7,,31,A
367456430,2022-01-06T15:07:02,29.59831,-90.67247,0.0,257.6,511.0,CAPT WEBSTER,,WDF4843,31,0,19,7,,31,A
367456430,2022-01-06T14:45:33,29.59818,-90.67246,0.0,234.6,511.0,CAPT WEBSTER,,WDF4843,31,0,19,7,,31,A
367456430,2022-01-06T15:14:12,29.59825,-90.67244,0.0,259.1,511.0,CAPT WEBSTER,,WDF4843,31,0,19,7,,31,A
367456430,2022-01-06T11:44:32,29.59819,-90.67246,0.0,285.9,511.0,CAPT WEBSTER,,WDF4843,31,0,19,7,,31,A
367456430,2022-01-06T11:45:43,29.59821,-90.67248,0.0,307.5,511.0,CAPT WEBSTER,,WDF4843,31,0,19,7,,31,A
367456430,2022-01-06T14:43:33,29.59817,-90.67249,0.0,290.1,511.0,CAPT WEBSTER,,WDF4843,31,0,19,7,,31,A
367456430,2022-01-06T15:17:02,29.59822,-90.67247,0.0,252.7,511.0,CAPT WEBSTER,,WDF4843,31,0,19,7,,31,A
367456430,2022-01-06T14:42:22,29.59819,-90.67243,0.1,299.4,511.0,CAPT WEBSTER,,WDF4843,31,0,19,7,,31,A
367456430,2022-01-06T14:04:33,29.59824,-90.67246,0.0,259.7,511.0,CAPT WEBSTER,,WDF4843,31,0,19,7,,31,A
367456430,2022-01-06T14:10:03,29.59815,-90.67243,0.0,267.4,511.0,CAPT WEBSTER,,WDF4843,31,0,19,7,,31,A
367456430,2022-01-06T14:51:42,29.59823,-90.67247,0.0,255.3,511.0,CAPT WEBSTER,,WDF4843,31,0,19,7,,31,A
367456430,2022-01-06T14:56:13,29.59821,-90.67251,0.0,278.1,511.0,CAPT WEBSTER,,WDF4843,31,0,19,7,,31,A
367456430,2022-01-06T14:53:42,29.59822,-90.67249,0.0,247.7,511.0,CAPT WEBSTER,,WDF4843,31,0,19,7,,31,A
367456430,2022-01-06T11:59:13,29.59820,-90.67251,0.1,237.2,511.0,CAPT WEBSTER,,WDF4843,31,0,19,7,,31,A
367456430,2022-01-06T15:31:13,29.59822,-90.67245,0.0,261.6,511.0,CAPT WEBSTER,,WDF4843,31,0,19,7,,31,A
367456430,2022-01-06T15:02:21,29.59825,-90.67248,0.0,259.3,511.0,CAPT WEBSTER,,WDF4843,31,0,19,7,,31,A
367456430,2022-01-06T12:04:02,29.59816,-90.67246,0.0,293.3,511.0,CAPT WEBSTER,,WDF4843,31,0,19,7,,31,A
367456430,2022-01-06T14:22:12,29.59821,-90.67249,0.0,261.1,511.0,CAPT WEBSTER,,WDF4843,31,0,19,7,,31,A
367456430,2022-01-06T15:08:42,29.59831,-90.67246,0.0,261.9,511.0,CAPT WEBSTER,,WDF4843,31,0,19,7,,31,A
367456430,2022-01-06T15:15:23,29.59818,-90.67249,0.0,251.7,511.0,CAPT WEBSTER,,WDF4843,31,0,19,7,,31,A
367456430,2022-01-06T15:43:42,29.59821,-90.67246,0.0,288.1,511.0,CAPT WEBSTER,,WDF4843,31,0,19,7,,31,A
367456430,2022-01-06T15:42:33,29.59819,-90.67245,0.0,292.8,511.0,CAPT WEBSTER,,WDF4843,31,0,19,7,,31,A
367456430,2022-01-06T12:10:02,29.59821,-90.67245,0.0,314.8,511.0,CAPT WEBSTER,,WDF4843,31,0,19,7,,31,A
367456430,2022-01-06T15:11:22,29.59826,-90.67246,0.0,259.6,511.0,CAPT WEBSTER,,WDF4843,31,0,19,7,,31,A
367456430,2022-01-06T12:19:53,29.59822,-90.67249,0.1,323.9,511.0,CAPT WEBSTER,,WDF4843,31,0,19,7,,31,A
367456430,2022-01-06T15:50:52,29.59822,-90.67245,0.0,302.1,511.0,CAPT WEBSTER,,WDF4843,31,0,19,7,,31,A
367456430,2022-01-06T12:16:03,29.59816,-90.67242,0.0,312.1,511.0,CAPT WEBSTER,,WDF4843,31,0,19,7,,31,A
367456430,2022-01-06T15:23:22,29.59821,-90.67247,0.0,265.4,511.0,CAPT WEBSTER,,WDF4843,31,0,19,7,,31,A
367456430,2022-01-06T12:27:52,29.59821,-90.67247,0.0,262.8,511.0,CAPT WEBSTER,,WDF4843,31,0,19,7,,31,A
367456430,2022-01-06T15:30:12,29.59820,-90.67245,0.0,264.4,511.0,CAPT WEBSTER,,WDF4843,31,0,19,7,,31,A
367456430,2022-01-06T12:23:02,29.59819,-90.67249,0.0,277.8,511.0,CAPT WEBSTER,,WDF4843,31,0,19,7,,31,A
367456430,2022-01-06T14:49:42,29.59822,-90.67243,0.0,298.8,511.0,CAPT WEBSTER,,WDF4843,31,0,19,7,,31,A
367456430,2022-01-06T15:38:43,29.59814,-90.67248,0.0,303.8,511.0,CAPT WEBSTER,,WDF4843,31,0,19,7,,31,A
367456430,2022-01-06T15:34:23,29.59823,-90.67248,0.0,276.7,511.0,CAPT WEBSTER,,WDF4843,31,0,19,7,,31,A
367456430,2022-01-06T15:37:23,29.59826,-90.67252,0.0,303.2,511.0,CAPT WEBSTER,,WDF4843,31,0,19,7,,31,A
367456430,2022-01-06T15:41:11,29.59818,-90.67251,0.0,298.0,511.0,CAPT WEBSTER,,WDF4843,31,0,19,7,,31,A
367456430,2022-01-06T12:29:02,29.59817,-90.67255,0.0,289.0,511.0,CAPT WEBSTER,,WDF4843,31,0,19,7,,31,A
367456430,2022-01-06T15:00:32,29.59823,-90.67249,0.0,251.0,511.0,CAPT WEBSTER,,WDF4843,31,0,19,7,,31,A
367456430,2022-01-06T15:45:33,29.59822,-90.67244,0.0,275.0,511.0,CAPT WEBSTER,,WDF4843,31,0,19,7,,31,A
367456430,2022-01-06T12:49:02,29.59821,-90.67248,0.0,237.6,511.0,CAPT WEBSTER,,WDF4843,31,0,19,7,,31,A
367456430,2022-01-06T15:48:52,29.59823,-90.67245,0.0,275.3,511.0,CAPT WEBSTER,,WDF4843,31,0,19,7,,31,A
367456430,2022-01-06T15:54:31,29.59822,-90.67246,0.0,245.0,511.0,CAPT WEBSTER,,WDF4843,31,0,19,7,,31,A
367456430,2022-01-06T12:39:32,29.59821,-90.67247,0.0,305.6,511.0,CAPT WEBSTER,,WDF4843,31,0,19,7,,31,A
367456430,2022-01-06T15:52:13,29.59815,-90.67244,0.1,261.5,511.0,CAPT WEBSTER,,WDF4843,31,0,19,7,,31,A
367456430,2022-01-06T16:24:33,29.59816,-90.67245,0.0,165.8,511.0,CAPT WEBSTER,,WDF4843,31,0,19,7,,31,A
367456430,2022-01-06T12:56:53,29.59824,-90.67249,0.0,250.1,511.0,CAPT WEBSTER,,WDF4843,31,0,19,7,,31,A
367456430,2022-01-06T15:59:43,29.59824,-90.67251,0.1,257.6,511.0,CAPT WEBSTER,,WDF4843,31,0,19,7,,31,A
367456430,2022-01-06T12:45:33,29.59824,-90.67249,0.0,229.3,511.0,CAPT WEBSTER,,WDF4843,31,0,19,7,,31,A
367456430,2022-01-06T16:32:12,29.59817,-90.67244,0.0,83.3,511.0,CAPT WEBSTER,,WDF4843,31,0,19,7,,31,A
367456430,2022-01-06T16:00:43,29.59823,-90.67252,0.0,210.4,511.0,CAPT WEBSTER,,WDF4843,31,0,19,7,,31,A
367456430,2022-01-06T13:04:01,29.59824,-90.67248,0.0,163.7,511.0,CAPT WEBSTER,,WDF4843,31,0,19,7,,31,A
367456430,2022-01-06T16:02:43,29.59821,-90.67247,0.1,151.9,511.0,CAPT WEBSTER,,WDF4843,31,0,19,7,,31,A
367456430,2022-01-06T16:05:21,29.59824,-90.67246,0.0,130.1,511.0,CAPT WEBSTER,,WDF4843,31,0,19,7,,31,A
367456430,2022-01-06T16:10:52,29.59824,-90.67248,0.0,112.2,511.0,CAPT WEBSTER,,WDF4843,31,0,19,7,,31,A
367456430,2022-01-06T16:43:32,29.59817,-90.67248,0.0,162.6,511.0,CAPT WEBSTER,,WDF4843,31,0,19,7,,31,A
367456430,2022-01-06T16:44:52,29.59822,-90.67250,0.0,93.5,511.0,CAPT WEBSTER,,WDF4843,31,0,19,7,,31,A
367456430,2022-01-06T15:35:43,29.59835,-90.67249,0.0,290.9,511.0,CAPT WEBSTER,,WDF4843,31,0,19,7,,31,A
367456430,2022-01-06T16:39:52,29.59822,-90.67247,0.0,84.2,511.0,CAPT WEBSTER,,WDF4843,31,0,19,7,,31,A
367456430,2022-01-06T16:23:22,29.59822,-90.67244,0.0,86.8,511.0,CAPT WEBSTER,,WDF4843,31,0,19,7,,31,A
367456430,2022-01-06T13:16:23,29.59820,-90.67249,0.0,309.9,511.0,CAPT WEBSTER,,WDF4843,31,0,19,7,,31,A
367456430,2022-01-06T16:52:22,29.59814,-90.67254,0.0,91.1,511.0,CAPT WEBSTER,,WDF4843,31,0,19,7,,31,A
367456430,2022-01-06T16:48:22,29.59823,-90.67248,0.1,121.4,511.0,CAPT WEBSTER,,WDF4843,31,0,19,7,,31,A
367456430,2022-01-06T13:17:43,29.59805,-90.67245,0.0,298.1,511.0,CAPT WEBSTER,,WDF4843,31,0,19,7,,31,A
367456430,2022-01-06T16:21:32,29.59823,-90.67250,0.0,83.0,511.0,CAPT WEBSTER,,WDF4843,31,0,19,7,,31,A
367456430,2022-01-06T13:18:53,29.59820,-90.67247,0.0,269.6,511.0,CAPT WEBSTER,,WDF4843,31,0,19,7,,31,A
367456430,2022-01-06T12:59:42,29.59830,-90.67251,0.0,218.0,511.0,CAPT WEBSTER,,WDF4843,31,0,19,7,,31,A
367456430,2022-01-06T16:25:52,29.59809,-90.67255,0.0,162.4,511.0,CAPT WEBSTER,,WDF4843,31,0,19,7,,31,A
367456430,2022-01-06T16:29:52,29.59814,-90.67248,0.1,174.2,511.0,CAPT WEBSTER,,WDF4843,31,0,19,7,,31,A
367456430,2022-01-06T16:33:43,29.59820,-90.67242,0.0,96.7,511.0,CAPT WEBSTER,,WDF4843,31,0,19,7,,31,A
367456430,2022-01-06T17:01:33,29.59826,-90.67243,0.1,97.6,511.0,CAPT WEBSTER,,WDF4843,31,0,19,7,,31,A
367456430,2022-01-06T16:37:23,29.59817,-90.67253,0.0,165.0,511.0,CAPT WEBSTER,,WDF4843,31,0,19,7,,31,A
367456430,2022-01-06T13:26:42,29.59818,-90.67247,0.0,280.0,511.0,CAPT WEBSTER,,WDF4843,31,0,19,7,,31,A
367456430,2022-01-06T13:27:52,29.59810,-90.67247,0.0,289.2,511.0,CAPT WEBSTER,,WDF4843,31,0,19,7,,31,A
367456430,2022-01-06T16:36:12,29.59819,-90.67246,0.1,155.7,511.0,CAPT WEBSTER,,WDF4843,31,0,19,7,,31,A
367456430,2022-01-06T15:57:42,29.59836,-90.67259,0.0,305.3,511.0,CAPT WEBSTER,,WDF4843,31,0,19,7,,31,A
367456430,2022-01-06T17:11:32,29.59822,-90.67245,0.1,95.2,511.0,CAPT WEBSTER,,WDF4843,31,0,19,7,,31,A
367456430,2022-01-06T13:11:53,29.59823,-90.67250,0.0,266.4,511.0,CAPT WEBSTER,,WDF4843,31,0,19,7,,31,A
367456430,2022-01-06T16:47:02,29.59828,-90.67254,0.0,99.1,511.0,CAPT WEBSTER,,WDF4843,31,0,19,7,,31,A
367456430,2022-01-06T17:19:23,29.59822,-90.67252,0.1,103.8,511.0,CAPT WEBSTER,,WDF4843,31,0,19,7,,31,A
367456430,2022-01-06T16:12:02,29.59818,-90.67253,0.0,130.3,511.0,CAPT WEBSTER,,WDF4843,31,0,19,7,,31,A
367456430,2022-01-06T13:23:42,29.59817,-90.67246,0.0,288.4,511.0,CAPT WEBSTER,,WDF4843,31,0,19,7,,31,A
367456430,2022-01-06T16:56:23,29.59820,-90.67243,0.1,106.3,511.0,CAPT WEBSTER,,WDF4843,31,0,19,7,,31,A
367456430,2022-01-06T13:45:31,29.59821,-90.67245,0.0,288.6,511.0,CAPT WEBSTER,,WDF4843,31,0,19,7,,31,A
367456430,2022-01-06T16:53:23,29.59815,-90.67248,0.0,96.9,511.0,CAPT WEBSTER,,WDF4843,31,0,19,7,,31,A
367456430,2022-01-06T16:55:02,29.59816,-90.67243,0.1,141.7,511.0,CAPT WEBSTER,,WDF4843,31,0,19,7,,31,A
367456430,2022-01-06T16:58:22,29.59819,-90.67244,0.0,153.6,511.0,CAPT WEBSTER,,WDF4843,31,0,19,7,,31,A
367456430,2022-01-06T17:02:42,29.59827,-90.67245,0.0,140.7,511.0,CAPT WEBSTER,,WDF4843,31,0,19,7,,31,A
367456430,2022-01-06T17:32:52,29.59822,-90.67248,0.0,129.1,511.0,CAPT WEBSTER,,WDF4843,31,0,19,7,,31,A
367456430,2022-01-06T17:05:52,29.59825,-90.67243,0.0,68.2,511.0,CAPT WEBSTER,,WDF4843,31,0,19,7,,31,A
367456430,2022-01-06T17:35:11,29.59820,-90.67248,0.0,62.0,511.0,CAPT WEBSTER,,WDF4843,31,0,19,7,,31,A
367456430,2022-01-06T17:39:11,29.59820,-90.67245,0.0,140.8,511.0,CAPT WEBSTER,,WDF4843,31,0,19,7,,31,A
367456430,2022-01-06T17:40:12,29.59817,-90.67243,0.1,101.6,511.0,CAPT WEBSTER,,WDF4843,31,0,19,7,,31,A
367456430,2022-01-06T13:36:23,29.59819,-90.67249,0.0,287.9,511.0,CAPT WEBSTER,,WDF4843,31,0,19,7,,31,A
367456430,2022-01-06T17:07:33,29.59822,-90.67247,0.1,140.4,511.0,CAPT WEBSTER,,WDF4843,31,0,19,7,,31,A
367456430,2022-01-06T16:27:21,29.59818,-90.67247,0.2,87.1,511.0,CAPT WEBSTER,,WDF4843,31,0,19,7,,31,A
367456430,2022-01-06T16:28:22,29.59820,-90.67244,0.0,82.8,511.0,CAPT WEBSTER,,WDF4843,31,0,19,7,,31,A
367456430,2022-01-06T14:03:23,29.59817,-90.67247,0.0,247.6,511.0,CAPT WEBSTER,,WDF4843,31,0,19,7,,31,A
367456430,2022-01-06T17:16:52,29.59819,-90.67249,0.0,149.1,511.0,CAPT WEBSTER,,WDF4843,31,0,19,7,,31,A
367456430,2022-01-06T13:43:52,29.59815,-90.67245,0.0,279.1,511.0,CAPT WEBSTER,,WDF4843,31,0,19,7,,31,A
367456430,2022-01-06T16:35:03,29.59819,-90.67246,0.0,93.6,511.0,CAPT WEBSTER,,WDF4843,31,0,19,7,,31,A
367456430,2022-01-06T13:49:02,29.59814,-90.67239,0.0,292.3,511.0,CAPT WEBSTER,,WDF4843,31,0,19,7,,31,A
367456430,2022-01-06T14:11:12,29.59812,-90.67244,0.0,264.7,511.0,CAPT WEBSTER,,WDF4843,31,0,19,7,,31,A
367456430,2022-01-06T17:25:53,29.59820,-90.67248,0.0,64.8,511.0,CAPT WEBSTER,,WDF4843,31,0,19,7,,31,A
367456430,2022-01-06T17:21:42,29.59820,-90.67247,0.1,127.9,511.0,CAPT WEBSTER,,WDF4843,31,0,19,7,,31,A
367456430,2022-01-06T18:00:33,29.59819,-90.67246,0.0,268.1,511.0,CAPT WEBSTER,,WDF4843,31,0,19,7,,31,A
367456430,2022-01-06T14:18:52,29.59811,-90.67249,0.0,284.2,511.0,CAPT WEBSTER,,WDF4843,31,0,19,7,,31,A
367456430,2022-01-06T13:53:31,29.59819,-90.67249,0.0,277.6,511.0,CAPT WEBSTER,,WDF4843,31,0,19,7,,31,A
367456430,2022-01-06T18:05:13,29.59827,-90.67244,0.0,270.9,511.0,CAPT WEBSTER,,WDF4843,31,0,19,7,,31,A
367456430,2022-01-06T16:49:42,29.59822,-90.67245,0.1,86.8,511.0,CAPT WEBSTER,,WDF4843,31,0,19,7,,31,A
367456430,2022-01-06T17:36:43,29.59821,-90.67249,0.0,96.8,511.0,CAPT WEBSTER,,WDF4843,31,0,19,7,,31,A
367456430,2022-01-06T17:38:02,29.59818,-90.67246,0.1,147.1,511.0,CAPT WEBSTER,,WDF4843,31,0,19,7,,31,A
367456430,2022-01-06T18:08:13,29.59824,-90.67249,0.0,240.8,511.0,CAPT WEBSTER,,WDF4843,31,0,19,7,,31,A
367456430,2022-01-06T18:12:53,29.59821,-90.67243,0.0,254.3,511.0,CAPT WEBSTER,,WDF4843,31,0,19,7,,31,A
367456430,2022-01-06T14:28:43,29.59825,-90.67249,0.0,267.7,511.0,CAPT WEBSTER,,WDF4843,31,0,19,7,,31,A
367456430,2022-01-06T17:44:12,29.59820,-90.67247,0.0,146.5,511.0,CAPT WEBSTER,,WDF4843,31,0,19,7,,31,A
367456430,2022-01-06T18:16:53,29.59822,-90.67246,0.0,262.7,511.0,CAPT WEBSTER,,WDF4843,31,0,19,7,,31,A
367456430,2022-01-06T17:41:51,29.59821,-90.67245,0.0,61.0,511.0,CAPT WEBSTER,,WDF4843,31,0,19,7,,31,A
367456430,2022-01-06T14:36:42,29.59819,-90.67249,0.0,247.9,511.0,CAPT WEBSTER,,WDF4843,31,0,19,7,,31,A
367456430,2022-01-06T17:42:52,29.59817,-90.67244,0.0,74.1,511.0,CAPT WEBSTER,,WDF4843,31,0,19,7,,31,A
367456430,2022-01-06T17:04:33,29.59825,-90.67244,0.1,75.0,511.0,CAPT WEBSTER,,WDF4843,31,0,19,7,,31,A
367456430,2022-01-06T17:45:23,29.59824,-90.67249,0.0,106.5,511.0,CAPT WEBSTER,,WDF4843,31,0,19,7,,31,A
367456430,2022-01-06T17:53:23,29.59822,-90.67248,0.0,259.2,511.0,CAPT WEBSTER,,WDF4843,31,0,19,7,,31,A
367456430,2022-01-06T17:51:23,29.59823,-90.67248,0.0,191.2,511.0,CAPT WEBSTER,,WDF4843,31,0,19,7,,31,A
367456430,2022-01-06T18:24:13,29.59825,-90.67245,0.1,271.5,511.0,CAPT WEBSTER,,WDF4843,31,0,19,7,,31,A
367456430,2022-01-06T18:27:13,29.59829,-90.67250,0.0,272.8,511.0,CAPT WEBSTER,,WDF4843,31,0,19,7,,31,A
367456430,2022-01-06T14:15:02,29.59821,-90.67244,0.0,265.7,511.0,CAPT WEBSTER,,WDF4843,31,0,19,7,,31,A
367456430,2022-01-06T17:58:42,29.59822,-90.67247,0.0,219.2,511.0,CAPT WEBSTER,,WDF4843,31,0,19,7,,31,A
367456430,2022-01-06T14:47:22,29.59822,-90.67244,0.1,312.4,511.0,CAPT WEBSTER,,WDF4843,31,0,19,7,,31,A
367456430,2022-01-06T14:48:33,29.59819,-90.67242,0.0,268.2,511.0,CAPT WEBSTER,,WDF4843,31,0,19,7,,31,A
367456430,2022-01-06T17:24:42,29.59820,-90.67248,0.1,141.5,511.0,CAPT WEBSTER,,WDF4843,31,0,19,7,,31,A
367456430,2022-01-06T17:27:13,29.59819,-90.67248,0.1,154.6,511.0,CAPT WEBSTER,,WDF4843,31,0,19,7,,31,A
367456430,2022-01-06T14:57:23,29.59820,-90.67251,0.0,264.8,511.0,CAPT WEBSTER,,WDF4843,31,0,19,7,,31,A
367456430,2022-01-06T14:58:32,29.59821,-90.67248,0.0,259.3,511.0,CAPT WEBSTER,,WDF4843,31,0,19,7,,31,A
367456430,2022-01-06T18:40:53,29.59825,-90.67249,0.0,286.9,511.0,CAPT WEBSTER,,WDF4843,31,0,19,7,,31,A
367456430,2022-01-06T18:46:52,29.59822,-90.67244,0.1,251.1,511.0,CAPT WEBSTER,,WDF4843,31,0,19,7,,31,A
367456430,2022-01-06T18:56:03,29.59821,-90.67246,0.0,142.4,511.0,CAPT WEBSTER,,WDF4843,31,0,19,7,,31,A
367456430,2022-01-06T18:25:23,29.59826,-90.67248,0.0,297.8,511.0,CAPT WEBSTER,,WDF4843,31,0,19,7,,31,A
367456430,2022-01-06T18:18:33,29.59823,-90.67246,0.1,252.2,511.0,CAPT WEBSTER,,WDF4843,31,0,19,7,,31,A
367456430,2022-01-06T18:54:33,29.59822,-90.67244,0.0,103.0,511.0,CAPT WEBSTER,,WDF4843,31,0,19,7,,31,A
367456430,2022-01-06T15:10:12,29.59828,-90.67244,0.0,259.4,511.0,CAPT WEBSTER,,WDF4843,31,0,19,7,,31,A
367456430,2022-01-06T18:31:13,29.59823,-90.67260,0.0,262.4,511.0,CAPT WEBSTER,,WDF4843,31,0,19,7,,31,A
367456430,2022-01-06T14:33:42,29.59827,-90.67245,0.0,254.6,511.0,CAPT WEBSTER,,WDF4843,31,0,19,7,,31,A
367456430,2022-01-06T18:23:02,29.59821,-90.67244,0.1,294.7,511.0,CAPT WEBSTER,,WDF4843,31,0,19,7,,31,A
367456430,2022-01-06T17:46:31,29.59823,-90.67243,0.0,108.6,511.0,CAPT WEBSTER,,WDF4843,31,0,19,7,,31,A
367456430,2022-01-06T18:38:22,29.59823,-90.67250,0.0,234.0,511.0,CAPT WEBSTER,,WDF4843,31,0,19,7,,31,A
367456430,2022-01-06T14:41:12,29.59821,-90.67244,0.0,270.6,511.0,CAPT WEBSTER,,WDF4843,31,0,19,7,,31,A
367456430,2022-01-06T18:45:42,29.59820,-90.67246,0.0,232.2,511.0,CAPT WEBSTER,,WDF4843,31,0,19,7,,31,A
367456430,2022-01-06T18:51:03,29.59825,-90.67235,0.0,224.6,511.0,CAPT WEBSTER,,WDF4843,31,0,19,7,,31,A
367456430,2022-01-06T18:44:31,29.59822,-90.67245,0.0,253.6,511.0,CAPT WEBSTER,,WDF4843,31,0,19,7,,31,A
367456430,2022-01-06T15:32:43,29.59823,-90.67248,0.0,269.2,511.0,CAPT WEBSTER,,WDF4843,31,0,19,7,,31,A
367456430,2022-01-06T19:25:22,29.59817,-90.67243,0.0,117.2,511.0,CAPT WEBSTER,,WDF4843,31,0,19,7,,31,A
367456430,2022-01-06T18:48:32,29.59817,-90.67237,0.0,238.3,511.0,CAPT WEBSTER,,WDF4843,31,0,19,7,,31,A
367456430,2022-01-06T18:15:12,29.59824,-90.67244,0.0,313.9,511.0,CAPT WEBSTER,,WDF4843,31,0,19,7,,31,A
367456430,2022-01-06T18:20:33,29.59830,-90.67247,0.0,304.8,511.0,CAPT WEBSTER,,WDF4843,31,0,19,7,,31,A
367456430,2022-01-06T18:21:53,29.59822,-90.67242,0.1,241.5,511.0,CAPT WEBSTER,,WDF4843,31,0,19,7,,31,A
367456430,2022-01-06T19:08:13,29.59821,-90.67245,0.0,161.7,511.0,CAPT WEBSTER,,WDF4843,31,0,19,7,,31,A
367456430,2022-01-06T19:44:01,29.59827,-90.67248,0.0,214.4,511.0,CAPT WEBSTER,,WDF4843,31,0,19,7,,31,A
367456430,2022-01-06T15:12:42,29.59824,-90.67246,0.0,258.6,511.0,CAPT WEBSTER,,WDF4843,31,0,19,7,,31,A
367456430,2022-01-06T18:29:53,29.59822,-90.67261,0.0,278.8,511.0,CAPT WEBSTER,,WDF4843,31,0,19,7,,31,A
367456430,2022-01-06T18:33:33,29.59819,-90.67245,0.1,226.9,511.0,CAPT WEBSTER,,WDF4843,31,0,19,7,,31,A
367456430,2022-01-06T19:13:33,29.59824,-90.67245,0.0,148.0,511.0,CAPT WEBSTER,,WDF4843,31,0,19,7,,31,A
367456430,2022-01-06T15:18:32,29.59822,-90.67249,0.0,260.4,511.0,CAPT WEBSTER,,WDF4843,31,0,19,7,,31,A
367456430,2022-01-06T15:20:32,29.59822,-90.67244,0.0,259.6,511.0,CAPT WEBSTER,,WDF4843,31,0,19,7,,31,A
367456430,2022-01-06T19:31:23,29.59819,-90.67245,0.0,152.0,511.0,CAPT WEBSTER,,WDF4843,31,0,19,7,,31,A
367456430,2022-01-06T20:01:03,29.59820,-90.67254,0.0,113.1,511.0,CAPT WEBSTER,,WDF4843,31,0,19,7,,31,A
367456430,2022-01-06T20:05:13,29.59820,-90.67244,0.0,119.8,511.0,CAPT WEBSTER,,WDF4843,31,0,19,7,,31,A
367456430,2022-01-06T18:49:52,29.59822,-90.67244,0.0,226.8,511.0,CAPT WEBSTER,,WDF4843,31,0,19,7,,31,A
367456430,2022-01-06T18:53:22,29.59813,-90.67245,0.1,180.7,511.0,CAPT WEBSTER,,WDF4843,31,0,19,7,,31,A
367456430,2022-01-06T16:07:02,29.59813,-90.67243,0.0,164.7,511.0,CAPT WEBSTER,,WDF4843,31,0,19,7,,31,A
367456430,2022-01-06T19:52:02,29.59820,-90.67248,0.2,127.1,511.0,CAPT WEBSTER,,WDF4843,31,0,19,7,,31,A
367456430,2022-01-06T16:13:52,29.59814,-90.67254,0.0,183.6,511.0,CAPT WEBSTER,,WDF4843,31,0,19,7,,31,A
367456430,2022-01-06T16:15:42,29.59821,-90.67250,0.1,156.6,511.0,CAPT WEBSTER,,WDF4843,31,0,19,7,,31,A
367456430,2022-01-06T19:54:23,29.59822,-90.67245,0.0,80.6,511.0,CAPT WEBSTER,,WDF4843,31,0,19,7,,31,A
367456430,2022-01-06T16:17:42,29.59824,-90.67245,0.0,100.3,511.0,CAPT WEBSTER,,WDF4843,31,0,19,7,,31,A
367456430,2022-01-06T16:19:12,29.59819,-90.67253,0.0,150.9,511.0,CAPT WEBSTER,,WDF4843,31,0,19,7,,31,A
367456430,2022-01-06T20:38:52,29.59824,-90.67246,0.0,1.1,511.0,CAPT WEBSTER,,WDF4843,31,0,19,7,,31,A
367456430,2022-01-06T20:03:32,29.59820,-90.67249,0.0,162.0,511.0,CAPT WEBSTER,,WDF4843,31,0,19,7,,31,A
367456430,2022-01-06T15:55:32,29.59819,-90.67246,0.1,227.3,511.0,CAPT WEBSTER,,WDF4843,31,0,19,7,,31,A
367456430,2022-01-06T20:11:52,29.59820,-90.67244,0.0,129.3,511.0,CAPT WEBSTER,,WDF4843,31,0,19,7,,31,A
367456430,2022-01-06T20:07:32,29.59821,-90.67247,0.1,114.2,511.0,CAPT WEBSTER,,WDF4843,31,0,19,7,,31,A
367456430,2022-01-06T20:08:52,29.59821,-90.67248,0.0,115.8,511.0,CAPT WEBSTER,,WDF4843,31,0,19,7,,31,A
367456430,2022-01-06T16:31:03,29.59813,-90.67245,0.1,125.8,511.0,CAPT WEBSTER,,WDF4843,31,0,19,7,,31,A
367456430,2022-01-06T20:13:32,29.59822,-90.67243,0.0,94.0,511.0,CAPT WEBSTER,,WDF4843,31,0,19,7,,31,A
367456430,2022-01-06T20:18:32,29.59819,-90.67244,0.0,113.2,511.0,CAPT WEBSTER,,WDF4843,31,0,19,7,,31,A
367456430,2022-01-06T20:53:53,29.59821,-90.67250,0.0,288.2,511.0,CAPT WEBSTER,,WDF4843,31,0,19,7,,31,A
367456430,2022-01-06T20:20:32,29.59820,-90.67246,0.0,112.1,511.0,CAPT WEBSTER,,WDF4843,31,0,19,7,,31,A
367456430,2022-01-06T20:22:42,29.59816,-90.67242,0.0,94.0,511.0,CAPT WEBSTER,,WDF4843,31,0,19,7,,31,A
367456430,2022-01-06T16:38:43,29.59822,-90.67248,0.0,83.7,511.0,CAPT WEBSTER,,WDF4843,31,0,19,7,,31,A
367456430,2022-01-06T16:41:02,29.59822,-90.67249,0.0,88.5,511.0,CAPT WEBSTER,,WDF4843,31,0,19,7,,31,A
367456430,2022-01-06T21:02:03,29.59820,-90.67242,0.1,282.5,511.0,CAPT WEBSTER,,WDF4843,31,0,19,7,,31,A
367456430,2022-01-06T20:31:02,29.59813,-90.67262,0.1,79.2,511.0,CAPT WEBSTER,,WDF4843,31,0,19,7,,31,A
367456430,2022-01-06T20:40:03,29.59823,-90.67248,0.0,354.4,511.0,CAPT WEBSTER,,WDF4843,31,0,19,7,,31,A
367456430,2022-01-06T20:29:42,29.59819,-90.67253,0.0,131.9,511.0,CAPT WEBSTER,,WDF4843,31,0,19,7,,31,A
367456430,2022-01-06T20:34:43,29.59824,-90.67250,0.0,35.6,511.0,CAPT WEBSTER,,WDF4843,31,0,19,7,,31,A
367456430,2022-01-06T21:06:53,29.59818,-90.67245,0.0,246.1,511.0,CAPT WEBSTER,,WDF4843,31,0,19,7,,31,A
367456430,2022-01-06T20:33:33,29.59824,-90.67248,0.1,49.1,511.0,CAPT WEBSTER,,WDF4843,31,0,19,7,,31,A
367456430,2022-01-06T16:20:22,29.59822,-90.67249,0.1,128.6,511.0,CAPT WEBSTER,,WDF4843,31,0,19,7,,31,A
367456430,2022-01-06T19:50:13,29.59823,-90.67243,0.1,153.6,511.0,CAPT WEBSTER,,WDF4843,31,0,19,7,,31,A
367456430,2022-01-06T16:51:02,29.59824,-90.67246,0.0,74.3,511.0,CAPT WEBSTER,,WDF4843,31,0,19,7,,31,A
367456430,2022-01-06T20:52:22,29.59819,-90.67248,0.0,296.8,511.0,CAPT WEBSTER,,WDF4843,31,0,19,7,,31,A
367456430,2022-01-06T20:45:12,29.59822,-90.67247,0.0,333.5,511.0,CAPT WEBSTER,,WDF4843,31,0,19,7,,31,A
367456430,2022-01-06T20:57:12,29.59826,-90.67240,0.0,265.5,511.0,CAPT WEBSTER,,WDF4843,31,0,19,7,,31,A
367456430,2022-01-06T20:48:53,29.59822,-90.67248,0.0,338.2,511.0,CAPT WEBSTER,,WDF4843,31,0,19,7,,31,A
367456430,2022-01-06T19:58:33,29.59815,-90.67264,0.0,163.1,511.0,CAPT WEBSTER,,WDF4843,31,0,19,7,,31,A
367456430,2022-01-06T20:51:12,29.59822,-90.67248,0.0,306.5,511.0,CAPT WEBSTER,,WDF4843,31,0,19,7,,31,A
367456430,2022-01-06T21:05:13,29.59821,-90.67246,0.0,246.3,511.0,CAPT WEBSTER,,WDF4843,31,0,19,7,,31,A
367456430,2022-01-06T20:55:33,29.59818,-90.67242,0.0,275.2,511.0,CAPT WEBSTER,,WDF4843,31,0,19,7,,31,A
367456430,2022-01-06T21:36:02,29.59820,-90.67250,0.0,261.0,511.0,CAPT WEBSTER,,WDF4843,31,0,19,7,,31,A
367456430,2022-01-06T21:41:13,29.59820,-90.67247,0.2,265.8,511.0,CAPT WEBSTER,,WDF4843,31,0,19,7,,31,A
367456430,2022-01-06T21:03:53,29.59827,-90.67248,0.1,271.6,511.0,CAPT WEBSTER,,WDF4843,31,0,19,7,,31,A
367456430,2022-01-06T17:13:02,29.59823,-90.67243,0.0,52.2,511.0,CAPT WEBSTER,,WDF4843,31,0,19,7,,31,A
367456430,2022-01-06T16:42:22,29.59823,-90.67249,0.1,147.5,511.0,CAPT WEBSTER,,WDF4843,31,0,19,7,,31,A
367456430,2022-01-06T21:21:53,29.59822,-90.67248,0.0,275.9,511.0,CAPT WEBSTER,,WDF4843,31,0,19,7,,31,A
367456430,2022-01-06T21:53:03,29.59819,-90.67246,0.0,273.3,511.0,CAPT WEBSTER,,WDF4843,31,0,19,7,,31,A
367456430,2022-01-06T21:55:32,29.59820,-90.67248,0.0,281.4,511.0,CAPT WEBSTER,,WDF4843,31,0,19,7,,31,A
367456430,2022-01-06T17:22:53,29.59822,-90.67245,0.1,62.9,511.0,CAPT WEBSTER,,WDF4843,31,0,19,7,,31,A
367456430,2022-01-06T21:57:53,29.59818,-90.67247,0.0,280.6,511.0,CAPT WEBSTER,,WDF4843,31,0,19,7,,31,A
367456430,2022-01-06T21:48:33,29.59819,-90.67247,0.0,255.7,511.0,CAPT WEBSTER,,WDF4843,31,0,19,7,,31,A
367456430,2022-01-06T21:27:32,29.59820,-90.67249,0.0,291.8,511.0,CAPT WEBSTER,,WDF4843,31,0,19,7,,31,A
367456430,2022-01-06T21:59:11,29.59821,-90.67244,0.0,274.2,511.0,CAPT WEBSTER,,WDF4843,31,0,19,7,,31,A
367456430,2022-01-06T21:54:12,29.59818,-90.67248,0.0,280.3,511.0,CAPT WEBSTER,,WDF4843,31,0,19,7,,31,A
367456430,2022-01-06T17:34:02,29.59817,-90.67251,0.1,79.8,511.0,CAPT WEBSTER,,WDF4843,31,0,19,7,,31,A
367456430,2022-01-06T20:32:23,29.59819,-90.67254,0.0,66.9,511.0,CAPT WEBSTER,,WDF4843,31,0,19,7,,31,A
367456430,2022-01-06T20:37:13,29.59822,-90.67247,0.0,355.7,511.0,CAPT WEBSTER,,WDF4843,31,0,19,7,,31,A
367456430,2022-01-06T16:59:23,29.59824,-90.67245,0.1,92.2,511.0,CAPT WEBSTER,,WDF4843,31,0,19,7,,31,A
367456430,2022-01-06T21:42:43,29.59824,-90.67247,0.2,289.2,511.0,CAPT WEBSTER,,WDF4843,31,0,19,7,,31,A
367456430,2022-01-06T20:44:02,29.59821,-90.67248,0.0,309.7,511.0,CAPT WEBSTER,,WDF4843,31,0,19,7,,31,A
367456430,2022-01-06T21:44:43,29.59821,-90.67248,0.0,276.7,511.0,CAPT WEBSTER,,WDF4843,31,0,19,7,,31,A
367456430,2022-01-06T22:19:02,29.59816,-90.67248,0.0,270.6,511.0,CAPT WEBSTER,,WDF4843,31,0,19,7,,31,A
367456430,2022-01-06T21:49:43,29.59818,-90.67246,0.0,261.2,511.0,CAPT WEBSTER,,WDF4843,31,0,19,7,,31,A
367456430,2022-01-06T22:23:02,29.59817,-90.67248,0.0,274.3,511.0,CAPT WEBSTER,,WDF4843,31,0,19,7,,31,A
367456430,2022-01-06T17:57:41,29.59826,-90.67246,0.1,229.3,511.0,CAPT WEBSTER,,WDF4843,31,0,19,7,,31,A
367456430,2022-01-06T21:46:23,29.59819,-90.67249,0.0,254.9,511.0,CAPT WEBSTER,,WDF4843,31,0,19,7,,31,A
367456430,2022-01-06T22:31:13,29.59820,-90.67248,0.0,274.3,511.0,CAPT WEBSTER,,WDF4843,31,0,19,7,,31,A
367456430,2022-01-06T18:06:52,29.59832,-90.67249,0.0,266.7,511.0,CAPT WEBSTER,,WDF4843,31,0,19,7,,31,A
367456430,2022-01-06T22:01:11,29.59818,-90.67251,0.0,269.6,511.0,CAPT WEBSTER,,WDF4843,31,0,19,7,,31,A
367456430,2022-01-06T22:32:22,29.59820,-90.67247,0.0,276.1,511.0,CAPT WEBSTER,,WDF4843,31,0,19,7,,31,A
367456430,2022-01-06T17:17:53,29.59822,-90.67243,0.2,81.0,511.0,CAPT WEBSTER,,WDF4843,31,0,19,7,,31,A
367456430,2022-01-06T22:06:43,29.59815,-90.67248,0.0,250.3,511.0,CAPT WEBSTER,,WDF4843,31,0,19,7,,31,A
367456430,2022-01-06T22:34:22,29.59820,-90.67250,0.0,273.3,511.0,CAPT WEBSTER,,WDF4843,31,0,19,7,,31,A
367456430,2022-01-06T22:02:53,29.59821,-90.67246,0.0,264.1,511.0,CAPT WEBSTER,,WDF4843,31,0,19,7,,31,A
367456430,2022-01-06T22:09:12,29.59818,-90.67251,0.0,252.0,511.0,CAPT WEBSTER,,WDF4843,31,0,19,7,,31,A
367456430,2022-01-06T22:10:23,29.59817,-90.67256,0.0,247.8,511.0,CAPT WEBSTER,,WDF4843,31,0,19,7,,31,A
367456430,2022-01-06T22:17:52,29.59821,-90.67248,0.0,272.0,511.0,CAPT WEBSTER,,WDF4843,31,0,19,7,,31,A
367456430,2022-01-06T22:59:33,29.59821,-90.67244,0.0,302.0,511.0,CAPT WEBSTER,,WDF4843,31,0,19,7,,31,A
367456430,2022-01-06T17:31:31,29.59818,-90.67244,0.1,151.8,511.0,CAPT WEBSTER,,WDF4843,31,0,19,7,,31,A
367456430,2022-01-06T23:09:02,29.59822,-90.67245,0.0,259.0,511.0,CAPT WEBSTER,,WDF4843,31,0,19,7,,31,A
367456430,2022-01-06T21:33:12,29.59817,-90.67247,0.0,275.6,511.0,CAPT WEBSTER,,WDF4843,31,0,19,7,,31,A
367456430,2022-01-06T18:36:51,29.59821,-90.67245,0.1,254.3,511.0,CAPT WEBSTER,,WDF4843,31,0,19,7,,31,A
367456430,2022-01-06T22:29:02,29.59820,-90.67252,0.0,268.9,511.0,CAPT WEBSTER,,WDF4843,31,0,19,7,,31,A
367456430,2022-01-06T23:17:23,29.59821,-90.67245,0.0,296.6,511.0,CAPT WEBSTER,,WDF4843,31,0,19,7,,31,A
367456430,2022-01-06T23:07:43,29.59822,-90.67247,0.1,260.8,511.0,CAPT WEBSTER,,WDF4843,31,0,19,7,,31,A
367456430,2022-01-06T21:38:33,29.59819,-90.67249,0.0,283.4,511.0,CAPT WEBSTER,,WDF4843,31,0,19,7,,31,A
367456430,2022-01-06T18:39:51,29.59822,-90.67253,0.0,303.0,511.0,CAPT WEBSTER,,WDF4843,31,0,19,7,,31,A
367456430,2022-01-06T18:42:31,29.59822,-90.67243,0.0,262.5,511.0,CAPT WEBSTER,,WDF4843,31,0,19,7,,31,A
367456430,2022-01-06T22:40:32,29.59822,-90.67249,0.0,281.1,511.0,CAPT WEBSTER,,WDF4843,31,0,19,7,,31,A
367456430,2022-01-06T22:49:23,29.59816,-90.67246,0.0,266.5,511.0,CAPT WEBSTER,,WDF4843,31,0,19,7,,31,A
367456430,2022-01-06T17:48:23,29.59828,-90.67239,0.0,66.9,511.0,CAPT WEBSTER,,WDF4843,31,0,19,7,,31,A
367456430,2022-01-06T23:35:23,29.59822,-90.67243,0.0,296.9,511.0,CAPT WEBSTER,,WDF4843,31,0,19,7,,31,A
367456430,2022-01-06T22:55:53,29.59821,-90.67246,0.0,306.1,511.0,CAPT WEBSTER,,WDF4843,31,0,19,7,,31,A
367456430,2022-01-06T21:51:13,29.59818,-90.67245,0.0,265.9,511.0,CAPT WEBSTER,,WDF4843,31,0,19,7,,31,A
367456430,2022-01-06T23:37:51,29.59822,-90.67249,0.0,279.3,511.0,CAPT WEBSTER,,WDF4843,31,0,19,7,,31,A
367456430,2022-01-06T23:39:03,29.59815,-90.67256,0.0,274.0,511.0,CAPT WEBSTER,,WDF4843,31,0,19,7,,31,A
367456430,2022-01-06T22:54:33,29.59822,-90.67246,0.0,303.5,511.0,CAPT WEBSTER,,WDF4843,31,0,19,7,,31,A
367456430,2022-01-06T22:52:43,29.59818,-90.67250,0.0,312.8,511.0,CAPT WEBSTER,,WDF4843,31,0,19,7,,31,A
367456430,2022-01-06T23:42:22,29.59823,-90.67245,0.0,302.7,511.0,CAPT WEBSTER,,WDF4843,31,0,19,7,,31,A
367456430,2022-01-06T22:57:03,29.59821,-90.67246,0.0,298.8,511.0,CAPT WEBSTER,,WDF4843,31,0,19,7,,31,A
367456430,2022-01-06T23:47:52,29.59823,-90.67248,0.0,295.1,511.0,CAPT WEBSTER,,WDF4843,31,0,19,7,,31,A
367456430,2022-01-06T22:58:23,29.59823,-90.67243,0.0,304.1,511.0,CAPT WEBSTER,,WDF4843,31,0,19,7,,31,A
367456430,2022-01-06T23:06:03,29.59822,-90.67247,0.0,287.8,511.0,CAPT WEBSTER,,WDF4843,31,0,19,7,,31,A
367456430,2022-01-06T23:04:33,29.59826,-90.67257,0.0,271.7,511.0,CAPT WEBSTER,,WDF4843,31,0,19,7,,31,A
367456430,2022-01-06T23:11:53,29.59822,-90.67244,0.0,284.8,511.0,CAPT WEBSTER,,WDF4843,31,0,19,7,,31,A
367456430,2022-01-06T18:02:13,29.59822,-90.67244,0.0,248.9,511.0,CAPT WEBSTER,,WDF4843,31,0,19,7,,31,A
367456430,2022-01-06T23:15:43,29.59820,-90.67245,0.0,254.9,511.0,CAPT WEBSTER,,WDF4843,31,0,19,7,,31,A
367456430,2022-01-06T18:04:02,29.59821,-90.67245,0.0,224.6,511.0,CAPT WEBSTER,,WDF4843,31,0,19,7,,31,A
367456430,2022-01-06T23:18:43,29.59820,-90.67243,0.0,282.0,511.0,CAPT WEBSTER,,WDF4843,31,0,19,7,,31,A
367456430,2022-01-06T23:20:03,29.59821,-90.67244,0.0,273.0,511.0,CAPT WEBSTER,,WDF4843,31,0,19,7,,31,A
367456430,2022-01-06T22:14:02,29.59819,-90.67247,0.0,266.9,511.0,CAPT WEBSTER,,WDF4843,31,0,19,7,,31,A
367456430,2022-01-06T18:10:41,29.59823,-90.67249,0.0,258.7,511.0,CAPT WEBSTER,,WDF4843,31,0,19,7,,31,A
367456430,2022-01-06T22:16:32,29.59819,-90.67246,0.0,271.9,511.0,CAPT WEBSTER,,WDF4843,31,0,19,7,,31,A
367456430,2022-01-06T23:27:13,29.59817,-90.67249,0.0,281.1,511.0,CAPT WEBSTER,,WDF4843,31,0,19,7,,31,A
367456430,2022-01-06T23:23:52,29.59817,-90.67250,0.0,271.7,511.0,CAPT WEBSTER,,WDF4843,31,0,19,7,,31,A
367456430,2022-01-06T23:36:32,29.59822,-90.67248,0.0,287.4,511.0,CAPT WEBSTER,,WDF4843,31,0,19,7,,31,A
367456430,2022-01-06T18:28:32,29.59824,-90.67248,0.0,287.8,511.0,CAPT WEBSTER,,WDF4843,31,0,19,7,,31,A
367456430,2022-01-06T22:37:43,29.59820,-90.67247,0.0,276.3,511.0,CAPT WEBSTER,,WDF4843,31,0,19,7,,31,A
367456430,2022-01-06T23:45:02,29.59820,-90.67248,0.0,294.4,511.0,CAPT WEBSTER,,WDF4843,31,0,19,7,,31,A
367456430,2022-01-06T18:35:02,29.59822,-90.67244,0.0,299.7,511.0,CAPT WEBSTER,,WDF4843,31,0,19,7,,31,A
367456430,2022-01-06T22:43:32,29.59821,-90.67248,0.0,286.4,511.0,CAPT WEBSTER,,WDF4843,31,0,19,7,,31,A
367456430,2022-01-06T23:54:22,29.59821,-90.67249,0.0,305.6,511.0,CAPT WEBSTER,,WDF4843,31,0,19,7,,31,A
367456430,2022-01-06T23:49:12,29.59826,-90.67251,0.1,293.4,511.0,CAPT WEBSTER,,WDF4843,31,0,19,7,,31,A
367456430,2022-01-06T23:57:53,29.59820,-90.67245,0.0,297.7,511.0,CAPT WEBSTER,,WDF4843,31,0,19,7,,31,A
367456430,2022-01-06T22:50:43,29.59818,-90.67246,0.0,291.2,511.0,CAPT WEBSTER,,WDF4843,31,0,19,7,,31,A
367456430,2022-01-06T23:52:12,29.59823,-90.67247,0.0,323.5,511.0,CAPT WEBSTER,,WDF4843,31,0,19,7,,31,A
367456430,2022-01-06T23:00:52,29.59819,-90.67243,0.0,296.9,511.0,CAPT WEBSTER,,WDF4843,31,0,19,7,,31,A
367456430,2022-01-06T19:57:23,29.59819,-90.67248,0.0,125.7,511.0,CAPT WEBSTER,,WDF4843,31,0,19,7,,31,A
367456430,2022-01-06T19:11:33,29.59821,-90.67241,0.0,128.3,511.0,CAPT WEBSTER,,WDF4843,31,0,19,7,,31,A
367456430,2022-01-06T23:31:03,29.59820,-90.67249,0.1,270.9,511.0,CAPT WEBSTER,,WDF4843,31,0,19,7,,31,A
367456430,2022-01-06T23:33:02,29.59818,-90.67246,0.1,291.6,511.0,CAPT WEBSTER,,WDF4843,31,0,19,7,,31,A
367456430,2022-01-06T23:50:43,29.59822,-90.67251,0.0,270.6,511.0,CAPT WEBSTER,,WDF4843,31,0,19,7,,31,A
367456430,2022-01-06T20:36:03,29.59824,-90.67249,0.1,22.6,511.0,CAPT WEBSTER,,WDF4843,31,0,19,7,,31,A
367456430,2022-01-06T19:41:02,29.59822,-90.67247,0.0,225.4,511.0,CAPT WEBSTER,,WDF4843,31,0,19,7,,31,A
367456430,2022-01-06T19:46:01,29.59827,-90.67248,0.0,231.6,511.0,CAPT WEBSTER,,WDF4843,31,0,19,7,,31,A
367456430,2022-01-06T20:47:42,29.59821,-90.67248,0.0,332.7,511.0,CAPT WEBSTER,,WDF4843,31,0,19,7,,31,A
367456430,2022-01-06T20:50:02,29.59821,-90.67248,0.0,318.7,511.0,CAPT WEBSTER,,WDF4843,31,0,19,7,,31,A
367456430,2022-01-06T20:58:33,29.59822,-90.67235,0.0,256.1,511.0,CAPT WEBSTER,,WDF4843,31,0,19,7,,31,A
367456430,2022-01-06T21:11:53,29.59823,-90.67250,0.0,253.1,511.0,CAPT WEBSTER,,WDF4843,31,0,19,7,,31,A
367456430,2022-01-06T20:16:02,29.59822,-90.67245,0.0,122.2,511.0,CAPT WEBSTER,,WDF4843,31,0,19,7,,31,A
367456430,2022-01-06T21:13:53,29.59820,-90.67249,0.0,259.8,511.0,CAPT WEBSTER,,WDF4843,31,0,19,7,,31,A
367456430,2022-01-06T21:15:12,29.59826,-90.67253,0.0,268.3,511.0,CAPT WEBSTER,,WDF4843,31,0,19,7,,31,A
367456430,2022-01-06T21:16:22,29.59824,-90.67250,0.0,261.6,511.0,CAPT WEBSTER,,WDF4843,31,0,19,7,,31,A
367456430,2022-01-06T21:20:52,29.59823,-90.67249,0.0,250.2,511.0,CAPT WEBSTER,,WDF4843,31,0,19,7,,31,A
367456430,2022-01-06T21:24:33,29.59821,-90.67251,0.0,272.9,511.0,CAPT WEBSTER,,WDF4843,31,0,19,7,,31,A
367456430,2022-01-06T21:25:52,29.59818,-90.67250,0.0,274.9,511.0,CAPT WEBSTER,,WDF4843,31,0,19,7,,31,A
367456430,2022-01-06T21:29:32,29.59821,-90.67249,0.0,286.1,511.0,CAPT WEBSTER,,WDF4843,31,0,19,7,,31,A
367456430,2022-01-06T21:31:32,29.59819,-90.67251,0.0,267.3,511.0,CAPT WEBSTER,,WDF4843,31,0,19,7,,31,A
367456430,2022-01-06T20:42:23,29.59822,-90.67245,0.0,351.5,511.0,CAPT WEBSTER,,WDF4843,31,0,19,7,,31,A
367456430,2022-01-06T20:46:32,29.59819,-90.67247,0.0,337.7,511.0,CAPT WEBSTER,,WDF4843,31,0,19,7,,31,A
367456430,2022-01-06T21:56:42,29.59820,-90.67249,0.0,287.5,511.0,CAPT WEBSTER,,WDF4843,31,0,19,7,,31,A
367456430,2022-01-06T22:04:03,29.59819,-90.67245,0.0,257.5,511.0,CAPT WEBSTER,,WDF4843,31,0,19,7,,31,A
367456430,2022-01-06T21:17:52,29.59831,-90.67254,0.0,260.1,511.0,CAPT WEBSTER,,WDF4843,31,0,19,7,,31,A
367456430,2022-01-06T22:07:52,29.59816,-90.67249,0.0,250.7,511.0,CAPT WEBSTER,,WDF4843,31,0,19,7,,31,A
367456430,2022-01-06T22:15:12,29.59821,-90.67245,0.0,268.8,511.0,CAPT WEBSTER,,WDF4843,31,0,19,7,,31,A
367456430,2022-01-06T22:20:11,29.59819,-90.67245,0.0,273.7,511.0,CAPT WEBSTER,,WDF4843,31,0,19,7,,31,A
367456430,2022-01-06T22:21:42,29.59820,-90.67248,0.0,293.4,511.0,CAPT WEBSTER,,WDF4843,31,0,19,7,,31,A
367456430,2022-01-06T21:39:43,29.59819,-90.67250,0.1,262.9,511.0,CAPT WEBSTER,,WDF4843,31,0,19,7,,31,A
367456430,2022-01-06T22:24:11,29.59823,-90.67248,0.0,274.3,511.0,CAPT WEBSTER,,WDF4843,31,0,19,7,,31,A
367456430,2022-01-06T22:26:53,29.59818,-90.67251,0.0,262.2,511.0,CAPT WEBSTER,,WDF4843,31,0,19,7,,31,A
367456430,2022-01-06T22:35:32,29.59815,-90.67252,0.0,284.9,511.0,CAPT WEBSTER,,WDF4843,31,0,19,7,,31,A
367456430,2022-01-06T22:36:42,29.59817,-90.67247,0.0,278.2,511.0,CAPT WEBSTER,,WDF4843,31,0,19,7,,31,A
367456430,2022-01-06T22:00:02,29.59820,-90.67248,0.0,276.1,511.0,CAPT WEBSTER,,WDF4843,31,0,19,7,,31,A
367456430,2022-01-06T22:05:23,29.59817,-90.67248,0.0,251.5,511.0,CAPT WEBSTER,,WDF4843,31,0,19,7,,31,A
367456430,2022-01-06T22:45:02,29.59813,-90.67247,0.0,288.9,511.0,CAPT WEBSTER,,WDF4843,31,0,19,7,,31,A
367456430,2022-01-06T22:12:53,29.59814,-90.67244,0.0,258.0,511.0,CAPT WEBSTER,,WDF4843,31,0,19,7,,31,A
367456430,2022-01-06T23:02:03,29.59821,-90.67241,0.0,300.1,511.0,CAPT WEBSTER,,WDF4843,31,0,19,7,,31,A
367456430,2022-01-06T23:03:13,29.59822,-90.67249,0.0,270.0,511.0,CAPT WEBSTER,,WDF4843,31,0,19,7,,31,A
367456430,2022-01-06T23:10:12,29.59822,-90.67245,0.0,297.0,511.0,CAPT WEBSTER,,WDF4843,31,0,19,7,,31,A
367456430,2022-01-06T22:39:23,29.59819,-90.67245,0.0,280.7,511.0,CAPT WEBSTER,,WDF4843,31,0,19,7,,31,A
367456430,2022-01-06T22:42:02,29.59821,-90.67250,0.0,275.4,511.0,CAPT WEBSTER,,WDF4843,31,0,19,7,,31,A
367456430,2022-01-06T22:46:22,29.59821,-90.67248,0.0,301.7,511.0,CAPT WEBSTER,,WDF4843,31,0,19,7,,31,A
367456430,2022-01-06T22:47:32,29.59817,-90.67245,0.0,310.4,511.0,CAPT WEBSTER,,WDF4843,31,0,19,7,,31,A
367456430,2022-01-06T23:29:21,29.59820,-90.67246,0.0,287.9,511.0,CAPT WEBSTER,,WDF4843,31,0,19,7,,31,A
367456430,2022-01-06T23:34:03,29.59820,-90.67246,0.0,303.4,511.0,CAPT WEBSTER,,WDF4843,31,0,19,7,,31,A
367456430,2022-01-06T23:40:32,29.59819,-90.67252,0.0,285.9,511.0,CAPT WEBSTER,,WDF4843,31,0,19,7,,31,A
367456430,2022-01-06T23:26:03,29.59822,-90.67246,0.0,275.0,511.0,CAPT WEBSTER,,WDF4843,31,0,19,7,,31,A
