367539810,2022-01-01T00:01:14,29.72680,-95.20994,0.0,234.5,228.0,CAPT ANDY LAKE,,WDG4759,31,12,26,,,90,A
367539810,2022-01-01T00:02:26,29.72680,-95.20994,0.0,242.1,228.0,CAPT ANDY LAKE,,WDG4759,31,12,26,,,90,A
367539810,2022-01-01T00:03:34,29.72680,-95.20994,0.0,313.7,228.0,CAPT ANDY LAKE,,WDG4759,31,12,26,,,90,A
367539810,2022-01-01T00:04:46,29.72681,-95.20992,0.0,243.7,228.0,CAPT ANDY LAKE,,WDG4759,31,12,26,,,90,A
367539810,2022-01-01T00:06:05,29.72680,-95.20993,0.0,173.7,229.0,CAPT ANDY LAKE,,WDG4759,31,12,26,,,90,A
367539810,2022-01-01T00:08:25,29.72680,-95.20994,0.0,212.0,229.0,CAPT ANDY LAKE,,WDG4759,31,12,26,,,90,A
367539810,2022-01-01T00:07:15,29.72679,-95.20993,0.0,294.3,229.0,CAPT ANDY LAKE,,WDG4759,31,12,26,,,90,A
367539810,2022-01-01T00:09:35,29.72681,-95.20994,0.0,282.2,229.0,CAPT ANDY LAKE,,WDG4759,31,12,26,,,90,A
367539810,2022-01-01T00:13:06,29.72681,-95.20993,0.0,299.0,229.0,CAPT ANDY LAKE,,WDG4759,31,12,26,,,90,A
367539810,2022-01-01T00:10:45,29.72681,-95.20993,0.0,267.5,229.0,CAPT ANDY LAKE,,WDG4759,31,12,26,,,90,A
367539810,2022-01-01T00:11:54,29.72681,-95.20992,0.0,147.7,229.0,CAPT ANDY LAKE,,WDG4759,31,12,26,,,90,A
367539810,2022-01-01T00:15:26,29.72680,-95.20993,0.0,290.7,229.0,CAPT ANDY LAKE,,WDG4759,31,12,26,,,90,A
367539810,2022-01-01T00:16:36,29.72682,-95.20994,0.0,280.5,229.0,CAPT ANDY LAKE,,WDG4759,31,12,26,,,90,A
367539810,2022-01-01T00:18:54,29.72680,-95.20994,0.0,314.3,229.0,CAPT ANDY LAKE,,WDG4759,31,12,26,,,90,A
367539810,2022-01-01T00:17:44,29.72680,-95.20993,0.0,173.1,230.0,CAPT ANDY LAKE,,WDG4759,31,12,26,,,90,A
367539810,2022-01-01T00:14:14,29.72681,-95.20993,0.0,283.6,229.0,CAPT ANDY LAKE,,WDG4759,31,12,26,,,90,A
367539810,2022-01-01T00:20:04,29.72682,-95.20994,0.0,269.5,228.0,CAPT ANDY LAKE,,WDG4759,31,12,26,,,90,A
367539810,2022-01-01T00:22:15,29.72681,-95.20994,0.0,210.0,228.0,CAPT ANDY LAKE,,WDG4759,31,12,26,,,90,A
367539810,2022-01-01T00:25:45,29.72680,-95.20994,0.0,242.4,229.0,CAPT ANDY LAKE,,WDG4759,31,12,26,,,90,A
367539810,2022-01-01T00:26:54,29.72679,-95.20996,0.0,232.1,229.0,CAPT ANDY LAKE,,WDG4759,31,12,26,,,90,A
367539810,2022-01-01T00:21:14,29.72681,-95.20994,0.0,306.9,229.0,CAPT ANDY LAKE,,WDG4759,31,12,26,,,90,A
367539810,2022-01-01T00:23:24,29.72680,-95.20994,0.0,211.5,229.0,CAPT ANDY LAKE,,WDG4759,31,12,26,,,90,A
367539810,2022-01-01T00:29:14,29.72681,-95.20994,0.0,236.5,229.0,CAPT ANDY LAKE,,WDG4759,31,12,26,,,90,A
367539810,2022-01-01T00:24:34,29.72679,-95.20993,0.0,224.1,229.0,CAPT ANDY LAKE,,WDG4759,31,12,26,,,90,A
367539810,2022-01-01T00:31:54,29.72680,-95.20995,0.0,225.8,229.0,CAPT ANDY LAKE,,WDG4759,31,12,26,,,90,A
367539810,2022-01-01T00:35:26,29.72681,-95.20994,0.0,121.6,229.0,CAPT ANDY LAKE,,WDG4759,31,12,26,,,90,A
367539810,2022-01-01T00:34:14,29.72681,-95.20994,0.0,275.2,229.0,CAPT ANDY LAKE,,WDG4759,31,12,26,,,90,A
367539810,2022-01-01T00:33:04,29.72680,-95.20995,0.0,187.2,229.0,CAPT ANDY LAKE,,WDG4759,31,12,26,,,90,A
367539810,2022-01-01T00:28:04,29.72680,-95.20995,0.0,198.1,229.0,CAPT ANDY LAKE,,WDG4759,31,12,26,,,90,A
367539810,2022-01-01T00:30:45,29.72679,-95.20993,0.0,157.2,229.0,CAPT ANDY LAKE,,WDG4759,31,12,26,,,90,A
367539810,2022-01-01T00:38:54,29.72681,-95.20994,0.0,197.0,229.0,CAPT ANDY LAKE,,WDG4759,31,12,26,,,90,A
367539810,2022-01-01T00:41:14,29.72680,-95.20993,0.0,204.0,230.0,CAPT ANDY LAKE,,WDG4759,31,12,26,,,90,A
367539810,2022-01-01T00:37:45,29.72681,-95.20994,0.0,285.5,229.0,CAPT ANDY LAKE,,WDG4759,31,12,26,,,90,A
367539810,2022-01-01T00:42:26,29.72680,-95.20992,0.1,261.7,229.0,CAPT ANDY LAKE,,WDG4759,31,12,26,,,90,A
367539810,2022-01-01T00:40:04,29.72681,-95.20994,0.0,14.9,230.0,CAPT ANDY LAKE,,WDG4759,31,12,26,,,90,A
367539810,2022-01-01T00:43:55,29.72682,-95.20992,0.1,156.3,230.0,CAPT ANDY LAKE,,WDG4759,31,12,26,,,90,A
367539810,2022-01-01T00:46:15,29.72679,-95.20994,0.0,184.8,230.0,CAPT ANDY LAKE,,WDG4759,31,12,26,,,90,A
367539810,2022-01-01T00:48:45,29.72680,-95.20994,0.0,176.9,230.0,CAPT ANDY LAKE,,WDG4759,31,12,26,,,90,A
367539810,2022-01-01T00:47:35,29.72680,-95.20994,0.0,221.5,230.0,CAPT ANDY LAKE,,WDG4759,31,12,26,,,90,A
367539810,2022-01-01T00:45:04,29.72680,-95.20995,0.1,280.5,229.0,CAPT ANDY LAKE,,WDG4759,31,12,26,,,90,A
367539810,2022-01-01T00:53:25,29.72679,-95.20994,0.0,196.2,230.0,CAPT ANDY LAKE,,WDG4759,31,12,26,,,90,A
367539810,2022-01-01T00:52:15,29.72679,-95.20994,0.0,251.1,229.0,CAPT ANDY LAKE,,WDG4759,31,12,26,,,90,A
367539810,2022-01-01T00:51:05,29.72680,-95.20992,0.0,320.9,230.0,CAPT ANDY LAKE,,WDG4759,31,12,26,,,90,A
367539810,2022-01-01T00:54:35,29.72679,-95.20994,0.0,280.7,230.0,CAPT ANDY LAKE,,WDG4759,31,12,26,,,90,A
367539810,2022-01-01T00:55:44,29.72680,-95.20993,0.0,187.2,230.0,CAPT ANDY LAKE,,WDG4759,31,12,26,,,90,A
367539810,2022-01-01T00:56:54,29.72680,-95.20993,0.0,242.2,229.0,CAPT ANDY LAKE,,WDG4759,31,12,26,,,90,A
367539810,2022-01-01T00:58:04,29.72681,-95.20993,0.0,214.6,229.0,CAPT ANDY LAKE,,WDG4759,31,12,26,,,90,A
367539810,2022-01-01T00:59:14,29.72679,-95.20994,0.0,283.0,230.0,CAPT ANDY LAKE,,WDG4759,31,12,26,,,90,A
367539810,2022-01-01T01:02:14,29.72680,-95.20994,0.0,169.2,229.0,CAPT ANDY LAKE,,WDG4759,31,12,26,,,90,A
367539810,2022-01-01T01:09:16,29.72680,-95.20993,0.0,211.1,230.0,CAPT ANDY LAKE,,WDG4759,31,12,26,,,90,A
367539810,2022-01-01T01:08:04,29.72679,-95.20993,0.0,289.1,230.0,CAPT ANDY LAKE,,WDG4759,31,12,26,,,90,A
367539810,2022-01-01T00:36:35,29.72681,-95.20993,0.0,255.1,229.0,CAPT ANDY LAKE,,WDG4759,31,12,26,,,90,A
367539810,2022-01-01T01:05:44,29.72680,-95.20995,0.0,281.6,230.0,CAPT ANDY LAKE,,WDG4759,31,12,26,,,90,A
367539810,2022-01-01T01:10:25,29.72680,-95.20994,0.0,167.1,229.0,CAPT ANDY LAKE,,WDG4759,31,12,26,,,90,A
367539810,2022-01-01T01:12:55,29.72679,-95.20995,0.0,158.8,229.0,CAPT ANDY LAKE,,WDG4759,31,12,26,,,90,A
367539810,2022-01-01T01:14:04,29.72680,-95.20994,0.0,248.3,228.0,CAPT ANDY LAKE,,WDG4759,31,12,26,,,90,A
367539810,2022-01-01T01:04:36,29.72680,-95.20994,0.0,226.2,230.0,CAPT ANDY LAKE,,WDG4759,31,12,26,,,90,A
367539810,2022-01-01T01:19:44,29.72680,-95.20994,0.0,159.3,229.0,CAPT ANDY LAKE,,WDG4759,31,12,26,,,90,A
367539810,2022-01-01T01:06:56,29.72679,-95.20994,0.0,170.4,230.0,CAPT ANDY LAKE,,WDG4759,31,12,26,,,90,A
367539810,2022-01-01T01:18:35,29.72680,-95.20994,0.0,233.4,229.0,CAPT ANDY LAKE,,WDG4759,31,12,26,,,90,A
367539810,2022-01-01T01:20:55,29.72679,-95.20994,0.0,254.9,229.0,CAPT ANDY LAKE,,WDG4759,31,12,26,,,90,A
367539810,2022-01-01T01:16:15,29.72680,-95.20994,0.0,257.3,229.0,CAPT ANDY LAKE,,WDG4759,31,12,26,,,90,A
367539810,2022-01-01T01:24:14,29.72680,-95.20992,0.0,182.3,230.0,CAPT ANDY LAKE,,WDG4759,31,12,26,,,90,A
367539810,2022-01-01T01:22:04,29.72679,-95.20994,0.0,91.8,229.0,CAPT ANDY LAKE,,WDG4759,31,12,26,,,90,A
367539810,2022-01-01T01:11:44,29.72680,-95.20994,0.0,249.5,228.0,CAPT ANDY LAKE,,WDG4759,31,12,26,,,90,A
367539810,2022-01-01T01:23:05,29.72679,-95.20993,0.0,208.2,230.0,CAPT ANDY LAKE,,WDG4759,31,12,26,,,90,A
367539810,2022-01-01T01:27:45,29.72680,-95.20993,0.0,263.0,231.0,CAPT ANDY LAKE,,WDG4759,31,12,26,,,90,A
367539810,2022-01-01T01:30:14,29.72679,-95.20995,0.0,253.5,230.0,CAPT ANDY LAKE,,WDG4759,31,12,26,,,90,A
367539810,2022-01-01T00:49:55,29.72680,-95.20993,0.0,137.0,230.0,CAPT ANDY LAKE,,WDG4759,31,12,26,,,90,A
367539810,2022-01-01T01:29:04,29.72678,-95.20995,0.0,225.3,230.0,CAPT ANDY LAKE,,WDG4759,31,12,26,,,90,A
367539810,2022-01-01T01:31:25,29.72680,-95.20992,0.0,225.0,230.0,CAPT ANDY LAKE,,WDG4759,31,12,26,,,90,A
367539810,2022-01-01T01:26:35,29.72679,-95.20994,0.0,158.8,230.0,CAPT ANDY LAKE,,WDG4759,31,12,26,,,90,A
367539810,2022-01-01T01:25:25,29.72679,-95.20994,0.0,317.1,230.0,CAPT ANDY LAKE,,WDG4759,31,12,26,,,90,A
367539810,2022-01-01T01:33:44,29.72680,-95.20995,0.0,189.5,230.0,CAPT ANDY LAKE,,WDG4759,31,12,26,,,90,A
367539810,2022-01-01T01:32:35,29.72680,-95.20995,0.0,263.6,229.0,CAPT ANDY LAKE,,WDG4759,31,12,26,,,90,A
367539810,2022-01-01T01:39:35,29.72680,-95.20993,0.0,272.9,230.0,CAPT ANDY LAKE,,WDG4759,31,12,26,,,90,A
367539810,2022-01-01T01:42:56,29.72680,-95.20993,0.0,265.8,230.0,CAPT ANDY LAKE,,WDG4759,31,12,26,,,90,A
367539810,2022-01-01T01:34:54,29.72680,-95.20995,0.0,236.2,230.0,CAPT ANDY LAKE,,WDG4759,31,12,26,,,90,A
367539810,2022-01-01T01:45:24,29.72680,-95.20994,0.0,218.3,230.0,CAPT ANDY LAKE,,WDG4759,31,12,26,,,90,A
367539810,2022-01-01T01:53:24,29.72680,-95.20993,0.0,275.3,230.0,CAPT ANDY LAKE,,WDG4759,31,12,26,,,90,A
367539810,2022-01-01T01:47:44,29.72679,-95.20994,0.0,272.8,230.0,CAPT ANDY LAKE,,WDG4759,31,12,26,,,90,A
367539810,2022-01-01T01:40:45,29.72680,-95.20994,0.0,238.9,230.0,CAPT ANDY LAKE,,WDG4759,31,12,26,,,90,A
367539810,2022-01-01T01:55:44,29.72680,-95.20993,0.0,274.1,230.0,CAPT ANDY LAKE,,WDG4759,31,12,26,,,90,A
367539810,2022-01-01T01:41:55,29.72679,-95.20993,0.0,226.0,229.0,CAPT ANDY LAKE,,WDG4759,31,12,26,,,90,A
367539810,2022-01-01T01:51:05,29.72679,-95.20994,0.0,199.3,230.0,CAPT ANDY LAKE,,WDG4759,31,12,26,,,90,A
367539810,2022-01-01T01:48:56,29.72680,-95.20994,0.0,226.2,230.0,CAPT ANDY LAKE,,WDG4759,31,12,26,,,90,A
367539810,2022-01-01T01:03:24,29.72681,-95.20994,0.0,225.9,229.0,CAPT ANDY LAKE,,WDG4759,31,12,26,,,90,A
367539810,2022-01-01T01:50:04,29.72679,-95.20994,0.0,198.8,230.0,CAPT ANDY LAKE,,WDG4759,31,12,26,,,90,A
367539810,2022-01-01T01:58:05,29.72680,-95.20994,0.0,225.3,230.0,CAPT ANDY LAKE,,WDG4759,31,12,26,,,90,A
367539810,2022-01-01T01:54:35,29.72680,-95.20993,0.0,253.8,230.0,CAPT ANDY LAKE,,WDG4759,31,12,26,,,90,A
367539810,2022-01-01T01:56:54,29.72680,-95.20994,0.0,162.1,231.0,CAPT ANDY LAKE,,WDG4759,31,12,26,,,90,A
367539810,2022-01-01T02:01:55,29.72681,-95.20993,0.0,318.5,230.0,CAPT ANDY LAKE,,WDG4759,31,12,26,,,90,A
367539810,2022-01-01T01:59:14,29.72679,-95.20994,0.0,358.1,230.0,CAPT ANDY LAKE,,WDG4759,31,12,26,,,90,A
367539810,2022-01-01T01:52:15,29.72681,-95.20993,0.0,294.0,230.0,CAPT ANDY LAKE,,WDG4759,31,12,26,,,90,A
367539810,2022-01-01T02:05:24,29.72681,-95.20995,0.0,2.1,230.0,CAPT ANDY LAKE,,WDG4759,31,12,26,,,90,A
367539810,2022-01-01T02:07:45,29.72680,-95.20993,0.0,333.5,230.0,CAPT ANDY LAKE,,WDG4759,31,12,26,,,90,A
367539810,2022-01-01T02:00:54,29.72680,-95.20993,0.0,235.6,230.0,CAPT ANDY LAKE,,WDG4759,31,12,26,,,90,A
367539810,2022-01-01T02:03:06,29.72680,-95.20994,0.0,233.0,229.0,CAPT ANDY LAKE,,WDG4759,31,12,26,,,90,A
367539810,2022-01-01T02:06:35,29.72680,-95.20993,0.0,87.4,231.0,CAPT ANDY LAKE,,WDG4759,31,12,26,,,90,A
367539810,2022-01-01T02:08:55,29.72680,-95.20993,0.0,350.7,229.0,CAPT ANDY LAKE,,WDG4759,31,12,26,,,90,A
367539810,2022-01-01T02:04:14,29.72679,-95.20994,0.0,326.2,230.0,CAPT ANDY LAKE,,WDG4759,31,12,26,,,90,A
367539810,2022-01-01T02:17:05,29.72679,-95.20990,0.0,294.5,229.0,CAPT ANDY LAKE,,WDG4759,31,12,26,,,90,A
367539810,2022-01-01T02:10:04,29.72679,-95.20992,0.0,346.1,229.0,CAPT ANDY LAKE,,WDG4759,31,12,26,,,90,A
367539810,2022-01-01T02:15:54,29.72681,-95.20992,0.0,299.9,230.0,CAPT ANDY LAKE,,WDG4759,31,12,26,,,90,A
367539810,2022-01-01T02:13:34,29.72679,-95.20991,0.0,342.4,230.0,CAPT ANDY LAKE,,WDG4759,31,12,26,,,90,A
367539810,2022-01-01T02:14:45,29.72681,-95.20991,0.0,302.0,230.0,CAPT ANDY LAKE,,WDG4759,31,12,26,,,90,A
367539810,2022-01-01T02:21:44,29.72680,-95.20992,0.0,319.4,229.0,CAPT ANDY LAKE,,WDG4759,31,12,26,,,90,A
367539810,2022-01-01T02:24:04,29.72681,-95.20992,0.0,333.3,229.0,CAPT ANDY LAKE,,WDG4759,31,12,26,,,90,A
367539810,2022-01-01T02:11:16,29.72680,-95.20992,0.0,85.5,229.0,CAPT ANDY LAKE,,WDG4759,31,12,26,,,90,A
367539810,2022-01-01T02:12:26,29.72679,-95.20992,0.0,10.6,229.0,CAPT ANDY LAKE,,WDG4759,31,12,26,,,90,A
367539810,2022-01-01T02:19:26,29.72679,-95.20991,0.0,292.3,229.0,CAPT ANDY LAKE,,WDG4759,31,12,26,,,90,A
367539810,2022-01-01T02:20:36,29.72680,-95.20992,0.0,240.9,229.0,CAPT ANDY LAKE,,WDG4759,31,12,26,,,90,A
367539810,2022-01-01T01:15:14,29.72680,-95.20994,0.0,184.9,229.0,CAPT ANDY LAKE,,WDG4759,31,12,26,,,90,A
367539810,2022-01-01T02:27:34,29.72680,-95.20992,0.0,191.1,229.0,CAPT ANDY LAKE,,WDG4759,31,12,26,,,90,A
367539810,2022-01-01T02:28:45,29.72679,-95.20992,0.0,237.5,229.0,CAPT ANDY LAKE,,WDG4759,31,12,26,,,90,A
367539810,2022-01-01T02:33:16,29.72679,-95.20994,0.0,287.7,230.0,CAPT ANDY LAKE,,WDG4759,31,12,26,,,90,A
367539810,2022-01-01T02:25:16,29.72681,-95.20992,0.0,286.6,229.0,CAPT ANDY LAKE,,WDG4759,31,12,26,,,90,A
367539810,2022-01-01T02:34:25,29.72680,-95.20993,0.0,228.1,229.0,CAPT ANDY LAKE,,WDG4759,31,12,26,,,90,A
367539810,2022-01-01T02:26:26,29.72680,-95.20991,0.0,169.6,229.0,CAPT ANDY LAKE,,WDG4759,31,12,26,,,90,A
367539810,2022-01-01T01:17:25,29.72680,-95.20994,0.0,263.7,229.0,CAPT ANDY LAKE,,WDG4759,31,12,26,,,90,A
367539810,2022-01-01T02:32:05,29.72680,-95.20993,0.0,315.2,230.0,CAPT ANDY LAKE,,WDG4759,31,12,26,,,90,A
367539810,2022-01-01T02:38:05,29.72679,-95.20993,0.0,253.8,228.0,CAPT ANDY LAKE,,WDG4759,31,12,26,,,90,A
367539810,2022-01-01T02:30:56,29.72680,-95.20993,0.0,269.4,229.0,CAPT ANDY LAKE,,WDG4759,31,12,26,,,90,A
367539810,2022-01-01T02:41:36,29.72680,-95.20992,0.0,241.0,228.0,CAPT ANDY LAKE,,WDG4759,31,12,26,,,90,A
367539810,2022-01-01T02:40:26,29.72679,-95.20993,0.0,288.6,228.0,CAPT ANDY LAKE,,WDG4759,31,12,26,,,90,A
367539810,2022-01-01T02:29:55,29.72680,-95.20994,0.0,249.6,229.0,CAPT ANDY LAKE,,WDG4759,31,12,26,,,90,A
367539810,2022-01-01T02:42:45,29.72681,-95.20992,0.0,230.3,229.0,CAPT ANDY LAKE,,WDG4759,31,12,26,,,90,A
367539810,2022-01-01T02:43:55,29.72680,-95.20992,0.0,281.7,229.0,CAPT ANDY LAKE,,WDG4759,31,12,26,,,90,A
367539810,2022-01-01T02:48:24,29.72679,-95.20993,0.0,231.3,229.0,CAPT ANDY LAKE,,WDG4759,31,12,26,,,90,A
367539810,2022-01-01T02:49:35,29.72680,-95.20992,0.0,67.9,229.0,CAPT ANDY LAKE,,WDG4759,31,12,26,,,90,A
367539810,2022-01-01T02:35:35,29.72679,-95.20992,0.0,275.2,229.0,CAPT ANDY LAKE,,WDG4759,31,12,26,,,90,A
367539810,2022-01-01T02:36:55,29.72680,-95.20993,0.0,314.8,229.0,CAPT ANDY LAKE,,WDG4759,31,12,26,,,90,A
367539810,2022-01-01T02:47:14,29.72680,-95.20993,0.1,269.1,229.0,CAPT ANDY LAKE,,WDG4759,31,12,26,,,90,A
367539810,2022-01-01T02:44:56,29.72679,-95.20993,0.0,178.5,229.0,CAPT ANDY LAKE,,WDG4759,31,12,26,,,90,A
367539810,2022-01-01T02:56:24,29.72679,-95.20991,0.0,46.3,230.0,CAPT ANDY LAKE,,WDG4759,31,12,26,,,90,A
367539810,2022-01-01T02:51:46,29.72680,-95.20992,0.0,271.3,228.0,CAPT ANDY LAKE,,WDG4759,31,12,26,,,90,A
367539810,2022-01-01T02:52:56,29.72680,-95.20994,0.0,262.8,229.0,CAPT ANDY LAKE,,WDG4759,31,12,26,,,90,A
367539810,2022-01-01T02:55:15,29.72680,-95.20993,0.0,154.7,229.0,CAPT ANDY LAKE,,WDG4759,31,12,26,,,90,A
367539810,2022-01-01T02:57:25,29.72680,-95.20994,0.1,291.7,229.0,CAPT ANDY LAKE,,WDG4759,31,12,26,,,90,A
367539810,2022-01-01T02:50:36,29.72680,-95.20991,0.0,280.6,229.0,CAPT ANDY LAKE,,WDG4759,31,12,26,,,90,A
367539810,2022-01-01T02:59:45,29.72680,-95.20992,0.0,297.9,230.0,CAPT ANDY LAKE,,WDG4759,31,12,26,,,90,A
367539810,2022-01-01T02:46:05,29.72680,-95.20991,0.0,246.6,229.0,CAPT ANDY LAKE,,WDG4759,31,12,26,,,90,A
367539810,2022-01-01T03:07:34,29.72680,-95.20994,0.0,255.1,230.0,CAPT ANDY LAKE,,WDG4759,31,12,26,,,90,A
367539810,2022-01-01T02:58:34,29.72680,-95.20994,0.0,217.7,228.0,CAPT ANDY LAKE,,WDG4759,31,12,26,,,90,A
367539810,2022-01-01T03:06:24,29.72680,-95.20993,0.0,280.2,229.0,CAPT ANDY LAKE,,WDG4759,31,12,26,,,90,A
367539810,2022-01-01T03:02:46,29.72680,-95.20994,0.0,272.2,228.0,CAPT ANDY LAKE,,WDG4759,31,12,26,,,90,A
367539810,2022-01-01T01:36:04,29.72680,-95.20994,0.0,191.8,230.0,CAPT ANDY LAKE,,WDG4759,31,12,26,,,90,A
367539810,2022-01-01T03:10:48,29.72674,-95.21045,3.8,239.5,230.0,CAPT ANDY LAKE,,WDG4759,31,12,26,,,90,A
367539810,2022-01-01T01:37:15,29.72680,-95.20994,0.0,354.0,230.0,CAPT ANDY LAKE,,WDG4759,31,12,26,,,90,A
367539810,2022-01-01T01:38:25,29.72679,-95.20993,0.0,169.1,230.0,CAPT ANDY LAKE,,WDG4759,31,12,26,,,90,A
367539810,2022-01-01T03:08:35,29.72680,-95.20994,0.0,342.2,229.0,CAPT ANDY LAKE,,WDG4759,31,12,26,,,90,A
367539810,2022-01-01T03:09:44,29.72683,-95.20992,0.3,10.3,232.0,CAPT ANDY LAKE,,WDG4759,31,12,26,,,90,A
367539810,2022-01-01T03:12:05,29.72574,-95.21169,1.1,178.2,132.0,CAPT ANDY LAKE,,WDG4759,31,12,26,,,90,A
367539810,2022-01-01T03:13:08,29.72573,-95.21152,0.1,147.9,39.0,CAPT ANDY LAKE,,WDG4759,31,12,26,,,90,A
367539810,2022-01-01T03:05:15,29.72680,-95.20994,0.0,299.4,229.0,CAPT ANDY LAKE,,WDG4759,31,12,26,,,90,A
367539810,2022-01-01T03:03:55,29.72680,-95.20994,0.0,270.4,229.0,CAPT ANDY LAKE,,WDG4759,31,12,26,,,90,A
367539810,2022-01-01T03:25:14,29.72573,-95.21151,0.0,283.9,50.0,CAPT ANDY LAKE,,WDG4759,31,12,26,,,90,A
367539810,2022-01-01T03:14:34,29.72574,-95.21151,0.0,286.8,51.0,CAPT ANDY LAKE,,WDG4759,31,12,26,,,90,A
367539810,2022-01-01T03:28:44,29.72572,-95.21152,0.0,296.2,50.0,CAPT ANDY LAKE,,WDG4759,31,12,26,,,90,A
367539810,2022-01-01T03:19:14,29.72574,-95.21151,0.1,261.5,51.0,CAPT ANDY LAKE,,WDG4759,31,12,26,,,90,A
367539810,2022-01-01T03:29:54,29.72574,-95.21152,0.0,188.0,50.0,CAPT ANDY LAKE,,WDG4759,31,12,26,,,90,A
367539810,2022-01-01T01:44:15,29.72679,-95.20993,0.0,263.9,230.0,CAPT ANDY LAKE,,WDG4759,31,12,26,,,90,A
367539810,2022-01-01T03:15:44,29.72574,-95.21152,0.1,308.7,51.0,CAPT ANDY LAKE,,WDG4759,31,12,26,,,90,A
367539810,2022-01-01T03:18:04,29.72573,-95.21151,0.1,232.7,51.0,CAPT ANDY LAKE,,WDG4759,31,12,26,,,90,A
367539810,2022-01-01T03:32:15,29.72572,-95.21150,0.0,286.2,49.0,CAPT ANDY LAKE,,WDG4759,31,12,26,,,90,A
367539810,2022-01-01T03:31:04,29.72575,-95.21151,0.0,260.6,49.0,CAPT ANDY LAKE,,WDG4759,31,12,26,,,90,A
367539810,2022-01-01T01:46:34,29.72679,-95.20994,0.0,144.8,230.0,CAPT ANDY LAKE,,WDG4759,31,12,26,,,90,A
367539810,2022-01-01T03:34:54,29.72576,-95.21151,0.0,227.8,50.0,CAPT ANDY LAKE,,WDG4759,31,12,26,,,90,A
367539810,2022-01-01T03:45:34,29.72573,-95.21150,0.0,223.8,50.0,CAPT ANDY LAKE,,WDG4759,31,12,26,,,90,A
367539810,2022-01-01T03:36:05,29.72574,-95.21150,0.0,245.5,50.0,CAPT ANDY LAKE,,WDG4759,31,12,26,,,90,A
367539810,2022-01-01T03:21:45,29.72574,-95.21151,0.0,322.9,51.0,CAPT ANDY LAKE,,WDG4759,31,12,26,,,90,A
367539810,2022-01-01T03:22:55,29.72574,-95.21151,0.0,315.8,51.0,CAPT ANDY LAKE,,WDG4759,31,12,26,,,90,A
367539810,2022-01-01T03:24:04,29.72573,-95.21152,0.0,331.6,51.0,CAPT ANDY LAKE,,WDG4759,31,12,26,,,90,A
367539810,2022-01-01T03:44:26,29.72573,-95.21150,0.0,260.0,50.0,CAPT ANDY LAKE,,WDG4759,31,12,26,,,90,A
367539810,2022-01-01T03:33:24,29.72573,-95.21151,0.0,248.7,50.0,CAPT ANDY LAKE,,WDG4759,31,12,26,,,90,A
367539810,2022-01-01T03:49:04,29.72571,-95.21152,0.0,214.9,49.0,CAPT ANDY LAKE,,WDG4759,31,12,26,,,90,A
367539810,2022-01-01T03:46:45,29.72573,-95.21150,0.0,187.2,50.0,CAPT ANDY LAKE,,WDG4759,31,12,26,,,90,A
367539810,2022-01-01T03:50:15,29.72574,-95.21151,0.1,73.1,49.0,CAPT ANDY LAKE,,WDG4759,31,12,26,,,90,A
367539810,2022-01-01T03:40:55,29.72574,-95.21151,0.0,254.2,49.0,CAPT ANDY LAKE,,WDG4759,31,12,26,,,90,A
367539810,2022-01-01T03:37:25,29.72575,-95.21150,0.0,277.5,49.0,CAPT ANDY LAKE,,WDG4759,31,12,26,,,90,A
367539810,2022-01-01T03:57:14,29.72599,-95.21168,0.8,328.2,61.0,CAPT ANDY LAKE,,WDG4759,31,12,26,,,90,A
367539810,2022-01-01T03:39:44,29.72572,-95.21151,0.0,253.3,49.0,CAPT ANDY LAKE,,WDG4759,31,12,26,,,90,A
367539810,2022-01-01T03:42:05,29.72573,-95.21150,0.0,234.3,49.0,CAPT ANDY LAKE,,WDG4759,31,12,26,,,90,A
367539810,2022-01-01T04:04:05,29.72903,-95.20871,5.4,29.5,22.0,CAPT ANDY LAKE,,WDG4759,31,12,26,,,90,A
367539810,2022-01-01T03:58:35,29.72614,-95.21188,0.5,248.6,65.0,CAPT ANDY LAKE,,WDG4759,31,12,26,,,90,A
367539810,2022-01-01T03:47:55,29.72572,-95.21151,0.0,249.3,50.0,CAPT ANDY LAKE,,WDG4759,31,12,26,,,90,A
367539810,2022-01-01T03:59:45,29.72597,-95.21175,1.1,122.9,48.0,CAPT ANDY LAKE,,WDG4759,31,12,26,,,90,A
367539810,2022-01-01T04:05:14,29.73063,-95.20783,5.7,25.2,21.0,CAPT ANDY LAKE,,WDG4759,31,12,26,,,90,A
367539810,2022-01-01T03:54:54,29.72574,-95.21152,0.1,305.1,50.0,CAPT ANDY LAKE,,WDG4759,31,12,26,,,90,A
367539810,2022-01-01T03:51:26,29.72575,-95.21152,0.0,172.5,50.0,CAPT ANDY LAKE,,WDG4759,31,12,26,,,90,A
367539810,2022-01-01T04:15:36,29.74173,-95.19750,4.9,64.5,65.0,CAPT ANDY LAKE,,WDG4759,31,12,26,,,90,A
367539810,2022-01-01T03:53:45,29.72573,-95.21151,0.0,279.4,50.0,CAPT ANDY LAKE,,WDG4759,31,12,26,,,90,A
367539810,2022-01-01T04:08:36,29.73540,-95.20549,5.3,29.2,36.0,CAPT ANDY LAKE,,WDG4759,31,12,26,,,90,A
367539810,2022-01-01T04:09:44,29.73681,-95.20448,5.1,35.1,42.0,CAPT ANDY LAKE,,WDG4759,31,12,26,,,90,A
367539810,2022-01-01T04:20:15,29.74430,-95.19050,5.2,69.6,75.0,CAPT ANDY LAKE,,WDG4759,31,12,26,,,90,A
367539810,2022-01-01T03:56:05,29.72580,-95.21155,0.4,333.8,52.0,CAPT ANDY LAKE,,WDG4759,31,12,26,,,90,A
367539810,2022-01-01T04:13:14,29.74025,-95.20071,4.8,53.1,61.0,CAPT ANDY LAKE,,WDG4759,31,12,26,,,90,A
367539810,2022-01-01T04:14:25,29.74101,-95.19911,4.8,62.4,63.0,CAPT ANDY LAKE,,WDG4759,31,12,26,,,90,A
367539810,2022-01-01T04:01:45,29.72663,-95.21079,3.3,47.6,36.0,CAPT ANDY LAKE,,WDG4759,31,12,26,,,90,A
367539810,2022-01-01T04:02:55,29.72765,-95.20979,4.6,37.4,29.0,CAPT ANDY LAKE,,WDG4759,31,12,26,,,90,A
367539810,2022-01-01T04:24:44,29.74566,-95.18339,5.1,81.0,85.0,CAPT ANDY LAKE,,WDG4759,31,12,26,,,90,A
367539810,2022-01-01T04:10:55,29.73805,-95.20331,4.9,41.1,46.0,CAPT ANDY LAKE,,WDG4759,31,12,26,,,90,A
367539810,2022-01-01T04:27:05,29.74587,-95.17956,5.1,84.4,80.0,CAPT ANDY LAKE,,WDG4759,31,12,26,,,90,A
367539810,2022-01-01T04:23:36,29.74540,-95.18521,5.0,81.1,82.0,CAPT ANDY LAKE,,WDG4759,31,12,26,,,90,A
367539810,2022-01-01T04:12:04,29.73920,-95.20206,4.9,46.0,51.0,CAPT ANDY LAKE,,WDG4759,31,12,26,,,90,A
367539810,2022-01-01T04:25:55,29.74579,-95.18146,5.1,89.3,85.0,CAPT ANDY LAKE,,WDG4759,31,12,26,,,90,A
367539810,2022-01-01T04:28:15,29.74612,-95.17764,5.1,79.4,79.0,CAPT ANDY LAKE,,WDG4759,31,12,26,,,90,A
367539810,2022-01-01T04:38:34,29.74252,-95.16139,6.2,129.4,128.0,CAPT ANDY LAKE,,WDG4759,31,12,26,,,90,A
367539810,2022-01-01T04:30:34,29.74671,-95.17389,5.1,80.0,89.0,CAPT ANDY LAKE,,WDG4759,31,12,26,,,90,A
367539810,2022-01-01T04:16:44,29.74238,-95.19582,5.1,65.0,66.0,CAPT ANDY LAKE,,WDG4759,31,12,26,,,90,A
367539810,2022-01-01T04:31:35,29.74686,-95.17227,5.1,86.2,97.0,CAPT ANDY LAKE,,WDG4759,31,12,26,,,90,A
367539810,2022-01-01T04:21:24,29.74480,-95.18871,5.1,74.4,77.0,CAPT ANDY LAKE,,WDG4759,31,12,26,,,90,A
367539810,2022-01-01T02:18:15,29.72678,-95.20992,0.0,289.9,230.0,CAPT ANDY LAKE,,WDG4759,31,12,26,,,90,A
367539810,2022-01-01T04:40:55,29.73977,-95.15786,6.4,133.3,124.0,CAPT ANDY LAKE,,WDG4759,31,12,26,,,90,A
367539810,2022-01-01T04:33:54,29.74639,-95.16859,5.2,103.3,113.0,CAPT ANDY LAKE,,WDG4759,31,12,26,,,90,A
367539810,2022-01-01T04:52:15,29.73479,-95.13791,5.9,99.5,98.0,CAPT ANDY LAKE,,WDG4759,31,12,26,,,90,A
367539810,2022-01-01T04:43:04,29.73749,-95.15444,6.1,117.8,104.0,CAPT ANDY LAKE,,WDG4759,31,12,26,,,90,A
367539810,2022-01-01T04:29:24,29.74643,-95.17582,5.2,79.9,83.0,CAPT ANDY LAKE,,WDG4759,31,12,26,,,90,A
367539810,2022-01-01T02:22:55,29.72680,-95.20993,0.0,304.0,230.0,CAPT ANDY LAKE,,WDG4759,31,12,26,,,90,A
367539810,2022-01-01T04:36:15,29.74486,-95.16488,5.7,122.4,126.0,CAPT ANDY LAKE,,WDG4759,31,12,26,,,90,A
367539810,2022-01-01T04:47:44,29.73568,-95.14551,6.1,99.8,96.0,CAPT ANDY LAKE,,WDG4759,31,12,26,,,90,A
367539810,2022-01-01T04:46:34,29.73608,-95.14784,6.3,100.9,97.0,CAPT ANDY LAKE,,WDG4759,31,12,26,,,90,A
367539810,2022-01-01T04:41:56,29.73862,-95.15630,6.3,129.6,118.0,CAPT ANDY LAKE,,WDG4759,31,12,26,,,90,A
367539810,2022-01-01T04:45:26,29.73643,-95.15006,6.2,101.5,97.0,CAPT ANDY LAKE,,WDG4759,31,12,26,,,90,A
367539810,2022-01-01T05:04:04,29.73840,-95.11646,4.6,62.8,66.0,CAPT ANDY LAKE,,WDG4759,31,12,26,,,90,A
367539810,2022-01-01T04:53:25,29.73442,-95.13565,6.3,100.3,97.0,CAPT ANDY LAKE,,WDG4759,31,12,26,,,90,A
367539810,2022-01-01T04:50:05,29.73529,-95.14149,4.9,95.5,98.0,CAPT ANDY LAKE,,WDG4759,31,12,26,,,90,A
367539810,2022-01-01T04:44:15,29.73688,-95.15232,6.1,104.5,100.0,CAPT ANDY LAKE,,WDG4759,31,12,26,,,90,A
367539810,2022-01-01T04:48:56,29.73547,-95.14337,5.4,96.6,95.0,CAPT ANDY LAKE,,WDG4759,31,12,26,,,90,A
367539810,2022-01-01T04:58:05,29.73403,-95.12591,6.5,82.3,67.0,CAPT ANDY LAKE,,WDG4759,31,12,26,,,90,A
367539810,2022-01-01T05:11:04,29.74331,-95.10502,6.3,51.1,47.0,CAPT ANDY LAKE,,WDG4759,31,12,26,,,90,A
367539810,2022-01-01T04:59:15,29.73465,-95.12366,6.3,66.5,58.0,CAPT ANDY LAKE,,WDG4759,31,12,26,,,90,A
367539810,2022-01-01T04:51:06,29.73510,-95.13994,5.2,100.3,98.0,CAPT ANDY LAKE,,WDG4759,31,12,26,,,90,A
367539810,2022-01-01T05:05:15,29.73909,-95.11477,5.2,67.4,69.0,CAPT ANDY LAKE,,WDG4759,31,12,26,,,90,A
367539810,2022-01-01T05:01:44,29.73683,-95.11957,5.4,56.4,59.0,CAPT ANDY LAKE,,WDG4759,31,12,26,,,90,A
367539810,2022-01-01T04:55:45,29.73394,-95.13082,6.6,94.9,88.0,CAPT ANDY LAKE,,WDG4759,31,12,26,,,90,A
367539810,2022-01-01T04:56:55,29.73383,-95.12832,6.6,89.0,78.0,CAPT ANDY LAKE,,WDG4759,31,12,26,,,90,A
367539810,2022-01-01T05:12:15,29.74470,-95.10322,6.4,46.3,44.0,CAPT ANDY LAKE,,WDG4759,31,12,26,,,90,A
367539810,2022-01-01T05:08:44,29.74102,-95.10875,6.1,68.0,54.0,CAPT ANDY LAKE,,WDG4759,31,12,26,,,90,A
367539810,2022-01-01T05:06:24,29.73969,-95.11286,5.6,74.1,68.0,CAPT ANDY LAKE,,WDG4759,31,12,26,,,90,A
367539810,2022-01-01T05:00:05,29.73536,-95.12216,6.4,58.4,55.0,CAPT ANDY LAKE,,WDG4759,31,12,26,,,90,A
367539810,2022-01-01T05:02:55,29.73773,-95.11794,4.8,59.5,64.0,CAPT ANDY LAKE,,WDG4759,31,12,26,,,90,A
367539810,2022-01-01T05:27:25,29.76357,-95.08325,6.1,74.8,98.0,CAPT ANDY LAKE,,WDG4759,31,12,26,,,90,A
367539810,2022-01-01T05:13:24,29.74616,-95.10154,6.4,46.6,44.0,CAPT ANDY LAKE,,WDG4759,31,12,26,,,90,A
367539810,2022-01-01T05:14:35,29.74760,-95.09986,6.3,44.3,42.0,CAPT ANDY LAKE,,WDG4759,31,12,26,,,90,A
367539810,2022-01-01T05:20:24,29.75554,-95.09265,6.3,25.4,26.0,CAPT ANDY LAKE,,WDG4759,31,12,26,,,90,A
367539810,2022-01-01T02:39:14,29.72679,-95.20992,0.0,275.6,228.0,CAPT ANDY LAKE,,WDG4759,31,12,26,,,90,A
367539810,2022-01-01T05:32:04,29.76074,-95.07535,6.4,127.1,126.0,CAPT ANDY LAKE,,WDG4759,31,12,26,,,90,A
367539810,2022-01-01T05:15:46,29.74907,-95.09821,6.2,43.7,39.0,CAPT ANDY LAKE,,WDG4759,31,12,26,,,90,A
367539810,2022-01-01T05:09:54,29.74207,-95.10680,6.1,52.9,49.0,CAPT ANDY LAKE,,WDG4759,31,12,26,,,90,A
367539810,2022-01-01T05:33:14,29.75952,-95.07335,6.6,127.1,130.0,CAPT ANDY LAKE,,WDG4759,31,12,26,,,90,A
367539810,2022-01-01T05:25:04,29.76188,-95.08735,5.9,53.7,65.0,CAPT ANDY LAKE,,WDG4759,31,12,26,,,90,A
367539810,2022-01-01T05:19:15,29.75380,-95.09379,6.2,32.7,28.0,CAPT ANDY LAKE,,WDG4759,31,12,26,,,90,A
367539810,2022-01-01T05:22:44,29.75927,-95.09045,6.3,32.8,46.0,CAPT ANDY LAKE,,WDG4759,31,12,26,,,90,A
367539810,2022-01-01T05:16:55,29.75056,-95.09666,6.3,41.3,35.0,CAPT ANDY LAKE,,WDG4759,31,12,26,,,90,A
367539810,2022-01-01T05:18:04,29.75215,-95.09520,6.3,37.9,32.0,CAPT ANDY LAKE,,WDG4759,31,12,26,,,90,A
367539810,2022-01-01T05:26:16,29.76291,-95.08537,6.1,62.4,79.0,CAPT ANDY LAKE,,WDG4759,31,12,26,,,90,A
367539810,2022-01-01T05:44:44,29.74183,-95.06073,6.7,153.5,147.0,CAPT ANDY LAKE,,WDG4759,31,12,26,,,90,A
367539810,2022-01-01T05:49:25,29.73578,-95.05455,6.4,120.1,121.0,CAPT ANDY LAKE,,WDG4759,31,12,26,,,90,A
367539810,2022-01-01T05:50:35,29.73471,-95.05248,6.6,123.4,126.0,CAPT ANDY LAKE,,WDG4759,31,12,26,,,90,A
367539810,2022-01-01T05:35:34,29.75675,-95.06951,6.5,134.5,146.0,CAPT ANDY LAKE,,WDG4759,31,12,26,,,90,A
367539810,2022-01-01T05:37:56,29.75324,-95.06697,6.5,154.8,154.0,CAPT ANDY LAKE,,WDG4759,31,12,26,,,90,A
367539810,2022-01-01T05:29:46,29.76291,-95.07912,5.8,118.6,124.0,CAPT ANDY LAKE,,WDG4759,31,12,26,,,90,A
367539810,2022-01-01T05:40:14,29.74943,-95.06490,6.7,153.5,154.0,CAPT ANDY LAKE,,WDG4759,31,12,26,,,90,A
367539810,2022-01-01T05:36:46,29.75506,-95.06810,6.3,149.3,152.0,CAPT ANDY LAKE,,WDG4759,31,12,26,,,90,A
367539810,2022-01-01T05:39:04,29.75134,-95.06595,6.6,155.7,154.0,CAPT ANDY LAKE,,WDG4759,31,12,26,,,90,A
367539810,2022-01-01T05:41:15,29.74773,-95.06395,6.7,155.4,156.0,CAPT ANDY LAKE,,WDG4759,31,12,26,,,90,A
367539810,2022-01-01T05:42:26,29.74570,-95.06293,6.8,155.0,151.0,CAPT ANDY LAKE,,WDG4759,31,12,26,,,90,A
367539810,2022-01-01T05:43:35,29.74376,-95.06183,6.7,153.2,151.0,CAPT ANDY LAKE,,WDG4759,31,12,26,,,90,A
367539810,2022-01-01T05:34:25,29.75815,-95.07140,6.7,128.9,134.0,CAPT ANDY LAKE,,WDG4759,31,12,26,,,90,A
367539810,2022-01-01T05:51:45,29.73346,-95.05048,6.6,127.8,124.0,CAPT ANDY LAKE,,WDG4759,31,12,26,,,90,A
367539810,2022-01-01T05:48:15,29.73684,-95.05658,6.1,125.5,118.0,CAPT ANDY LAKE,,WDG4759,31,12,26,,,90,A
367539810,2022-01-01T06:10:34,29.71991,-95.02137,4.7,179.1,180.0,CAPT ANDY LAKE,,WDG4759,31,12,26,,,90,A
367539810,2022-01-01T05:54:05,29.73133,-95.04648,6.1,108.0,100.0,CAPT ANDY LAKE,,WDG4759,31,12,26,,,90,A
367539810,2022-01-01T05:55:14,29.73082,-95.04421,6.7,102.2,97.0,CAPT ANDY LAKE,,WDG4759,31,12,26,,,90,A
367539810,2022-01-01T05:57:24,29.73026,-95.03970,6.6,95.1,91.0,CAPT ANDY LAKE,,WDG4759,31,12,26,,,90,A
367539810,2022-01-01T05:56:15,29.73047,-95.04208,6.6,98.3,92.0,CAPT ANDY LAKE,,WDG4759,31,12,26,,,90,A
367539810,2022-01-01T02:54:05,29.72680,-95.20995,0.0,61.2,229.0,CAPT ANDY LAKE,,WDG4759,31,12,26,,,90,A
367539810,2022-01-01T05:59:35,29.73006,-95.03499,6.8,94.1,95.0,CAPT ANDY LAKE,,WDG4759,31,12,26,,,90,A
367539810,2022-01-01T05:52:54,29.73215,-95.04860,6.4,124.2,109.0,CAPT ANDY LAKE,,WDG4759,31,12,26,,,90,A
367539810,2022-01-01T05:45:54,29.73992,-95.05957,6.6,150.9,140.0,CAPT ANDY LAKE,,WDG4759,31,12,26,,,90,A
367539810,2022-01-01T06:03:45,29.72838,-95.02668,5.9,128.9,140.0,CAPT ANDY LAKE,,WDG4759,31,12,26,,,90,A
367539810,2022-01-01T05:58:34,29.73016,-95.03721,6.7,92.0,93.0,CAPT ANDY LAKE,,WDG4759,31,12,26,,,90,A
367539810,2022-01-01T06:08:16,29.72287,-95.02201,5.0,154.6,170.0,CAPT ANDY LAKE,,WDG4759,31,12,26,,,90,A
367539810,2022-01-01T03:01:34,29.72680,-95.20993,0.1,305.8,229.0,CAPT ANDY LAKE,,WDG4759,31,12,26,,,90,A
367539810,2022-01-01T06:05:56,29.72573,-95.02396,5.5,142.1,149.0,CAPT ANDY LAKE,,WDG4759,31,12,26,,,90,A
367539810,2022-01-01T06:12:55,29.71683,-95.02142,4.5,183.4,179.0,CAPT ANDY LAKE,,WDG4759,31,12,26,,,90,A
367539810,2022-01-01T06:07:04,29.72434,-95.02287,5.1,151.5,160.0,CAPT ANDY LAKE,,WDG4759,31,12,26,,,90,A
367539810,2022-01-01T06:11:44,29.71834,-95.02134,4.8,181.1,182.0,CAPT ANDY LAKE,,WDG4759,31,12,26,,,90,A
367539810,2022-01-01T06:34:34,29.70377,-95.02708,4.4,288.7,286.0,CAPT ANDY LAKE,,WDG4759,31,12,26,,,90,A
367539810,2022-01-01T06:04:46,29.72715,-95.02535,6.0,139.7,142.0,CAPT ANDY LAKE,,WDG4759,31,12,26,,,90,A
367539810,2022-01-01T06:15:14,29.71419,-95.02146,3.6,179.6,175.0,CAPT ANDY LAKE,,WDG4759,31,12,26,,,90,A
367539810,2022-01-01T06:17:35,29.71211,-95.02124,3.0,174.9,174.0,CAPT ANDY LAKE,,WDG4759,31,12,26,,,90,A
367539810,2022-01-01T06:09:24,29.72141,-95.02149,4.7,169.4,180.0,CAPT ANDY LAKE,,WDG4759,31,12,26,,,90,A
367539810,2022-01-01T06:24:25,29.70732,-95.02027,2.6,172.1,190.0,CAPT ANDY LAKE,,WDG4759,31,12,26,,,90,A
367539810,2022-01-01T06:18:44,29.71120,-95.02125,2.7,184.3,170.0,CAPT ANDY LAKE,,WDG4759,31,12,26,,,90,A
367539810,2022-01-01T06:28:45,29.70431,-95.02140,3.3,214.6,234.0,CAPT ANDY LAKE,,WDG4759,31,12,26,,,90,A
367539810,2022-01-01T06:19:55,29.71033,-95.02126,2.7,178.2,162.0,CAPT ANDY LAKE,,WDG4759,31,12,26,,,90,A
367539810,2022-01-01T06:22:14,29.70879,-95.02076,2.5,156.6,171.0,CAPT ANDY LAKE,,WDG4759,31,12,26,,,90,A
367539810,2022-01-01T06:16:24,29.71312,-95.02139,3.2,175.8,172.0,CAPT ANDY LAKE,,WDG4759,31,12,26,,,90,A
367539810,2022-01-01T06:27:44,29.70507,-95.02083,3.0,205.9,222.0,CAPT ANDY LAKE,,WDG4759,31,12,26,,,90,A
367539810,2022-01-01T06:35:35,29.70416,-95.02848,4.7,287.1,286.0,CAPT ANDY LAKE,,WDG4759,31,12,26,,,90,A
367539810,2022-01-01T06:32:15,29.70297,-95.02433,3.1,285.5,288.0,CAPT ANDY LAKE,,WDG4759,31,12,26,,,90,A
367539810,2022-01-01T06:39:24,29.70573,-95.03414,4.5,286.3,285.0,CAPT ANDY LAKE,,WDG4759,31,12,26,,,90,A
367539810,2022-01-01T06:31:04,29.70301,-95.02323,3.1,250.9,274.0,CAPT ANDY LAKE,,WDG4759,31,12,26,,,90,A
367539810,2022-01-01T06:40:35,29.70612,-95.03572,4.2,285.1,286.0,CAPT ANDY LAKE,,WDG4759,31,12,26,,,90,A
367539810,2022-01-01T06:58:56,29.70920,-95.04524,0.7,291.2,282.0,CAPT ANDY LAKE,,WDG4759,31,12,26,,,90,A
367539810,2022-01-01T06:23:15,29.70814,-95.02051,2.5,165.9,178.0,CAPT ANDY LAKE,,WDG4759,31,12,26,,,90,A
367539810,2022-01-01T03:16:54,29.72573,-95.21151,0.1,127.0,51.0,CAPT ANDY LAKE,,WDG4759,31,12,26,,,90,A
367539810,2022-01-01T06:45:06,29.70745,-95.04027,2.5,285.4,282.0,CAPT ANDY LAKE,,WDG4759,31,12,26,,,90,A
367539810,2022-01-01T06:33:24,29.70334,-95.02556,4.0,286.5,286.0,CAPT ANDY LAKE,,WDG4759,31,12,26,,,90,A
367539810,2022-01-01T03:20:35,29.72574,-95.21151,0.0,288.1,50.0,CAPT ANDY LAKE,,WDG4759,31,12,26,,,90,A
367539810,2022-01-01T06:47:24,29.70778,-95.04180,1.9,283.0,286.0,CAPT ANDY LAKE,,WDG4759,31,12,26,,,90,A
367539810,2022-01-01T06:37:05,29.70480,-95.03068,5.0,289.0,285.0,CAPT ANDY LAKE,,WDG4759,31,12,26,,,90,A
367539810,2022-01-01T07:14:04,29.70945,-95.04621,0.2,228.3,289.0,CAPT ANDY LAKE,,WDG4759,31,12,26,,,90,A
367539810,2022-01-01T06:38:15,29.70530,-95.03248,5.1,286.7,285.0,CAPT ANDY LAKE,,WDG4759,31,12,26,,,90,A
367539810,2022-01-01T06:29:55,29.70351,-95.02223,3.3,228.8,254.0,CAPT ANDY LAKE,,WDG4759,31,12,26,,,90,A
367539810,2022-01-01T06:49:44,29.70816,-95.04318,2.0,294.9,291.0,CAPT ANDY LAKE,,WDG4759,31,12,26,,,90,A
367539810,2022-01-01T06:50:54,29.70842,-95.04386,2.0,292.2,289.0,CAPT ANDY LAKE,,WDG4759,31,12,26,,,90,A
367539810,2022-01-01T06:42:55,29.70686,-95.03836,3.4,291.4,286.0,CAPT ANDY LAKE,,WDG4759,31,12,26,,,90,A
367539810,2022-01-01T07:19:55,29.70893,-95.04629,0.4,178.1,280.0,CAPT ANDY LAKE,,WDG4759,31,12,26,,,90,A
367539810,2022-01-01T06:54:24,29.70877,-95.04473,0.2,12.9,285.0,CAPT ANDY LAKE,,WDG4759,31,12,26,,,90,A
367539810,2022-01-01T07:01:54,29.70931,-95.04576,0.4,282.7,270.0,CAPT ANDY LAKE,,WDG4759,31,12,26,,,90,A
367539810,2022-01-01T06:55:34,29.70885,-95.04474,0.2,289.5,285.0,CAPT ANDY LAKE,,WDG4759,31,12,26,,,90,A
367539810,2022-01-01T06:56:45,29.70892,-95.04488,0.6,307.2,289.0,CAPT ANDY LAKE,,WDG4759,31,12,26,,,90,A
367539810,2022-01-01T07:03:24,29.70941,-95.04593,0.4,306.0,259.0,CAPT ANDY LAKE,,WDG4759,31,12,26,,,90,A
367539810,2022-01-01T06:46:15,29.70763,-95.04109,2.2,283.0,283.0,CAPT ANDY LAKE,,WDG4759,31,12,26,,,90,A
367539810,2022-01-01T06:57:46,29.70904,-95.04504,0.7,310.1,288.0,CAPT ANDY LAKE,,WDG4759,31,12,26,,,90,A
367539810,2022-01-01T07:10:36,29.70942,-95.04611,0.2,221.8,280.0,CAPT ANDY LAKE,,WDG4759,31,12,26,,,90,A
367539810,2022-01-01T06:52:04,29.70866,-95.04450,1.6,292.5,287.0,CAPT ANDY LAKE,,WDG4759,31,12,26,,,90,A
367539810,2022-01-01T06:48:35,29.70793,-95.04250,1.9,284.1,290.0,CAPT ANDY LAKE,,WDG4759,31,12,26,,,90,A
367539810,2022-01-01T07:04:35,29.70941,-95.04601,0.1,236.3,258.0,CAPT ANDY LAKE,,WDG4759,31,12,26,,,90,A
367539810,2022-01-01T07:05:54,29.70945,-95.04603,0.1,343.9,255.0,CAPT ANDY LAKE,,WDG4759,31,12,26,,,90,A
367539810,2022-01-01T07:08:06,29.70943,-95.04605,0.1,121.7,264.0,CAPT ANDY LAKE,,WDG4759,31,12,26,,,90,A
367539810,2022-01-01T03:26:25,29.72574,-95.21152,0.0,294.0,49.0,CAPT ANDY LAKE,,WDG4759,31,12,26,,,90,A
367539810,2022-01-01T06:53:14,29.70870,-95.04476,0.3,10.0,288.0,CAPT ANDY LAKE,,WDG4759,31,12,26,,,90,A
367539810,2022-01-01T07:11:44,29.70946,-95.04610,0.1,19.4,279.0,CAPT ANDY LAKE,,WDG4759,31,12,26,,,90,A
367539810,2022-01-01T07:16:24,29.70924,-95.04619,0.4,183.2,304.0,CAPT ANDY LAKE,,WDG4759,31,12,26,,,90,A
367539810,2022-01-01T03:27:35,29.72575,-95.21153,0.0,181.6,50.0,CAPT ANDY LAKE,,WDG4759,31,12,26,,,90,A
367539810,2022-01-01T07:18:45,29.70905,-95.04633,0.3,199.0,286.0,CAPT ANDY LAKE,,WDG4759,31,12,26,,,90,A
367539810,2022-01-01T07:07:04,29.70946,-95.04603,0.1,208.9,255.0,CAPT ANDY LAKE,,WDG4759,31,12,26,,,90,A
367539810,2022-01-01T07:22:16,29.70858,-95.04654,0.5,203.5,271.0,CAPT ANDY LAKE,,WDG4759,31,12,26,,,90,A
367539810,2022-01-01T07:09:14,29.70945,-95.04598,0.1,344.0,268.0,CAPT ANDY LAKE,,WDG4759,31,12,26,,,90,A
367539810,2022-01-01T07:25:34,29.70812,-95.04689,0.6,214.3,272.0,CAPT ANDY LAKE,,WDG4759,31,12,26,,,90,A
367539810,2022-01-01T07:26:35,29.70799,-95.04697,0.5,207.6,274.0,CAPT ANDY LAKE,,WDG4759,31,12,26,,,90,A
367539810,2022-01-01T07:29:14,29.70762,-95.04718,0.4,196.0,283.0,CAPT ANDY LAKE,,WDG4759,31,12,26,,,90,A
367539810,2022-01-01T07:54:46,29.70738,-95.04726,0.1,130.6,198.0,CAPT ANDY LAKE,,WDG4759,31,12,26,,,90,A
367539810,2022-01-01T07:17:34,29.70915,-95.04625,0.4,220.7,299.0,CAPT ANDY LAKE,,WDG4759,31,12,26,,,90,A
367539810,2022-01-01T07:56:05,29.70738,-95.04725,0.1,334.6,198.0,CAPT ANDY LAKE,,WDG4759,31,12,26,,,90,A
367539810,2022-01-01T07:38:25,29.70752,-95.04724,0.0,136.7,287.0,CAPT ANDY LAKE,,WDG4759,31,12,26,,,90,A
367539810,2022-01-01T07:33:25,29.70751,-95.04722,0.1,138.2,289.0,CAPT ANDY LAKE,,WDG4759,31,12,26,,,90,A
367539810,2022-01-01T07:36:04,29.70752,-95.04724,0.0,140.1,287.0,CAPT ANDY LAKE,,WDG4759,31,12,26,,,90,A
367539810,2022-01-01T07:43:05,29.70746,-95.04724,0.4,216.2,197.0,CAPT ANDY LAKE,,WDG4759,31,12,26,,,90,A
367539810,2022-01-01T08:04:14,29.70740,-95.04725,0.0,322.6,199.0,CAPT ANDY LAKE,,WDG4759,31,12,26,,,90,A
367539810,2022-01-01T07:39:34,29.70752,-95.04724,0.0,106.7,286.0,CAPT ANDY LAKE,,WDG4759,31,12,26,,,90,A
367539810,2022-01-01T07:46:34,29.70739,-95.04725,0.0,1.3,199.0,CAPT ANDY LAKE,,WDG4759,31,12,26,,,90,A
367539810,2022-01-01T07:41:55,29.70752,-95.04723,0.3,115.2,269.0,CAPT ANDY LAKE,,WDG4759,31,12,26,,,90,A
367539810,2022-01-01T07:44:14,29.70739,-95.04725,0.1,135.2,200.0,CAPT ANDY LAKE,,WDG4759,31,12,26,,,90,A
367539810,2022-01-01T07:24:26,29.70826,-95.04675,0.6,219.8,270.0,CAPT ANDY LAKE,,WDG4759,31,12,26,,,90,A
367539810,2022-01-01T07:48:55,29.70738,-95.04725,0.0,326.4,198.0,CAPT ANDY LAKE,,WDG4759,31,12,26,,,90,A
367539810,2022-01-01T07:28:04,29.70774,-95.04710,0.7,208.7,282.0,CAPT ANDY LAKE,,WDG4759,31,12,26,,,90,A
367539810,2022-01-01T03:38:34,29.72573,-95.21152,0.0,259.1,49.0,CAPT ANDY LAKE,,WDG4759,31,12,26,,,90,A
367539810,2022-01-01T07:40:45,29.70753,-95.04725,0.0,306.8,287.0,CAPT ANDY LAKE,,WDG4759,31,12,26,,,90,A
367539810,2022-01-01T08:22:14,29.70739,-95.04725,0.0,351.8,199.0,CAPT ANDY LAKE,,WDG4759,31,12,26,,,90,A
367539810,2022-01-01T07:59:34,29.70737,-95.04722,0.0,157.1,199.0,CAPT ANDY LAKE,,WDG4759,31,12,26,,,90,A
367539810,2022-01-01T08:23:15,29.70739,-95.04727,0.0,170.8,199.0,CAPT ANDY LAKE,,WDG4759,31,12,26,,,90,A
367539810,2022-01-01T07:37:14,29.70752,-95.04724,0.0,355.9,287.0,CAPT ANDY LAKE,,WDG4759,31,12,26,,,90,A
367539810,2022-01-01T03:43:15,29.72574,-95.21150,0.0,237.4,50.0,CAPT ANDY LAKE,,WDG4759,31,12,26,,,90,A
367539810,2022-01-01T07:47:44,29.70738,-95.04724,0.0,53.5,199.0,CAPT ANDY LAKE,,WDG4759,31,12,26,,,90,A
367539810,2022-01-01T08:25:34,29.70739,-95.04725,0.0,351.8,199.0,CAPT ANDY LAKE,,WDG4759,31,12,26,,,90,A
367539810,2022-01-01T08:03:04,29.70739,-95.04725,0.0,191.5,199.0,CAPT ANDY LAKE,,WDG4759,31,12,26,,,90,A
367539810,2022-01-01T08:06:24,29.70740,-95.04726,0.1,156.5,199.0,CAPT ANDY LAKE,,WDG4759,31,12,26,,,90,A
367539810,2022-01-01T08:07:35,29.70738,-95.04725,0.0,145.6,199.0,CAPT ANDY LAKE,,WDG4759,31,12,26,,,90,A
367539810,2022-01-01T07:45:25,29.70739,-95.04725,0.1,21.1,199.0,CAPT ANDY LAKE,,WDG4759,31,12,26,,,90,A
367539810,2022-01-01T08:09:54,29.70738,-95.04724,0.0,159.1,199.0,CAPT ANDY LAKE,,WDG4759,31,12,26,,,90,A
367539810,2022-01-01T08:13:26,29.70740,-95.04725,0.0,137.3,197.0,CAPT ANDY LAKE,,WDG4759,31,12,26,,,90,A
367539810,2022-01-01T08:17:36,29.70740,-95.04726,0.0,181.8,199.0,CAPT ANDY LAKE,,WDG4759,31,12,26,,,90,A
367539810,2022-01-01T07:53:35,29.70739,-95.04727,0.0,241.8,197.0,CAPT ANDY LAKE,,WDG4759,31,12,26,,,90,A
367539810,2022-01-01T08:18:45,29.70740,-95.04727,0.1,3.8,199.0,CAPT ANDY LAKE,,WDG4759,31,12,26,,,90,A
367539810,2022-01-01T03:52:35,29.72573,-95.21151,0.0,199.1,49.0,CAPT ANDY LAKE,,WDG4759,31,12,26,,,90,A
367539810,2022-01-01T08:12:15,29.70739,-95.04724,0.0,248.9,199.0,CAPT ANDY LAKE,,WDG4759,31,12,26,,,90,A
367539810,2022-01-01T08:19:54,29.70739,-95.04726,0.0,244.3,199.0,CAPT ANDY LAKE,,WDG4759,31,12,26,,,90,A
367539810,2022-01-01T07:58:25,29.70739,-95.04724,0.1,142.2,198.0,CAPT ANDY LAKE,,WDG4759,31,12,26,,,90,A
367539810,2022-01-01T08:21:06,29.70739,-95.04726,0.0,169.8,199.0,CAPT ANDY LAKE,,WDG4759,31,12,26,,,90,A
367539810,2022-01-01T08:11:04,29.70739,-95.04724,0.0,323.3,199.0,CAPT ANDY LAKE,,WDG4759,31,12,26,,,90,A
367539810,2022-01-01T08:49:14,29.70740,-95.04725,0.0,85.1,200.0,CAPT ANDY LAKE,,WDG4759,31,12,26,,,90,A
367539810,2022-01-01T08:51:25,29.70740,-95.04725,0.0,299.1,199.0,CAPT ANDY LAKE,,WDG4759,31,12,26,,,90,A
367539810,2022-01-01T08:52:34,29.70739,-95.04727,0.0,278.0,199.0,CAPT ANDY LAKE,,WDG4759,31,12,26,,,90,A
367539810,2022-01-01T08:30:16,29.70740,-95.04727,0.0,280.8,200.0,CAPT ANDY LAKE,,WDG4759,31,12,26,,,90,A
367539810,2022-01-01T08:05:15,29.70741,-95.04726,0.0,315.7,197.0,CAPT ANDY LAKE,,WDG4759,31,12,26,,,90,A
367539810,2022-01-01T08:26:45,29.70738,-95.04724,0.0,171.4,199.0,CAPT ANDY LAKE,,WDG4759,31,12,26,,,90,A
367539810,2022-01-01T08:37:35,29.70740,-95.04725,0.0,324.6,198.0,CAPT ANDY LAKE,,WDG4759,31,12,26,,,90,A
367539810,2022-01-01T08:31:24,29.70740,-95.04728,0.0,158.1,199.0,CAPT ANDY LAKE,,WDG4759,31,12,26,,,90,A
367539810,2022-01-01T08:32:35,29.70741,-95.04728,0.0,318.9,198.0,CAPT ANDY LAKE,,WDG4759,31,12,26,,,90,A
367539810,2022-01-01T08:38:45,29.70740,-95.04726,0.0,267.9,198.0,CAPT ANDY LAKE,,WDG4759,31,12,26,,,90,A
367539810,2022-01-01T09:03:05,29.70739,-95.04725,0.0,126.2,198.0,CAPT ANDY LAKE,,WDG4759,31,12,26,,,90,A
367539810,2022-01-01T08:34:54,29.70740,-95.04725,0.1,76.8,199.0,CAPT ANDY LAKE,,WDG4759,31,12,26,,,90,A
367539810,2022-01-01T09:06:35,29.70741,-95.04725,0.0,303.2,199.0,CAPT ANDY LAKE,,WDG4759,31,12,26,,,90,A
367539810,2022-01-01T08:41:05,29.70740,-95.04725,0.0,22.3,199.0,CAPT ANDY LAKE,,WDG4759,31,12,26,,,90,A
367539810,2022-01-01T08:42:15,29.70740,-95.04725,0.0,176.9,199.0,CAPT ANDY LAKE,,WDG4759,31,12,26,,,90,A
367539810,2022-01-01T08:16:04,29.70739,-95.04725,0.0,204.8,200.0,CAPT ANDY LAKE,,WDG4759,31,12,26,,,90,A
367539810,2022-01-01T08:43:24,29.70741,-95.04725,0.0,269.4,199.0,CAPT ANDY LAKE,,WDG4759,31,12,26,,,90,A
367539810,2022-01-01T08:44:35,29.70741,-95.04727,0.1,321.0,199.0,CAPT ANDY LAKE,,WDG4759,31,12,26,,,90,A
367539810,2022-01-01T08:46:44,29.70741,-95.04726,0.0,120.8,199.0,CAPT ANDY LAKE,,WDG4759,31,12,26,,,90,A
367539810,2022-01-01T08:50:24,29.70739,-95.04725,0.0,320.9,200.0,CAPT ANDY LAKE,,WDG4759,31,12,26,,,90,A
367539810,2022-01-01T09:16:25,29.70742,-95.04725,0.0,254.8,199.0,CAPT ANDY LAKE,,WDG4759,31,12,26,,,90,A
367539810,2022-01-01T08:24:25,29.70738,-95.04725,0.0,136.6,198.0,CAPT ANDY LAKE,,WDG4759,31,12,26,,,90,A
367539810,2022-01-01T08:53:44,29.70741,-95.04727,0.0,280.0,198.0,CAPT ANDY LAKE,,WDG4759,31,12,26,,,90,A
367539810,2022-01-01T09:21:04,29.70740,-95.04724,0.0,156.6,200.0,CAPT ANDY LAKE,,WDG4759,31,12,26,,,90,A
367539810,2022-01-01T04:06:24,29.73235,-95.20701,5.6,21.2,22.0,CAPT ANDY LAKE,,WDG4759,31,12,26,,,90,A
367539810,2022-01-01T04:07:25,29.73380,-95.20637,5.5,20.5,28.0,CAPT ANDY LAKE,,WDG4759,31,12,26,,,90,A
367539810,2022-01-01T08:58:24,29.70740,-95.04725,0.0,304.5,198.0,CAPT ANDY LAKE,,WDG4759,31,12,26,,,90,A
367539810,2022-01-01T08:29:05,29.70739,-95.04727,0.0,313.0,199.0,CAPT ANDY LAKE,,WDG4759,31,12,26,,,90,A
367539810,2022-01-01T09:01:55,29.70739,-95.04726,0.0,306.3,198.0,CAPT ANDY LAKE,,WDG4759,31,12,26,,,90,A
367539810,2022-01-01T08:48:04,29.70739,-95.04725,0.0,139.0,200.0,CAPT ANDY LAKE,,WDG4759,31,12,26,,,90,A
367539810,2022-01-01T09:28:04,29.70740,-95.04722,0.0,305.8,201.0,CAPT ANDY LAKE,,WDG4759,31,12,26,,,90,A
367539810,2022-01-01T08:36:24,29.70740,-95.04725,0.0,207.7,200.0,CAPT ANDY LAKE,,WDG4759,31,12,26,,,90,A
367539810,2022-01-01T09:05:25,29.70739,-95.04724,0.0,322.2,199.0,CAPT ANDY LAKE,,WDG4759,31,12,26,,,90,A
367539810,2022-01-01T09:08:54,29.70740,-95.04727,0.0,11.8,198.0,CAPT ANDY LAKE,,WDG4759,31,12,26,,,90,A
367539810,2022-01-01T09:10:05,29.70740,-95.04725,0.0,149.9,198.0,CAPT ANDY LAKE,,WDG4759,31,12,26,,,90,A
367539810,2022-01-01T09:07:44,29.70740,-95.04726,0.0,312.8,198.0,CAPT ANDY LAKE,,WDG4759,31,12,26,,,90,A
367539810,2022-01-01T09:17:34,29.70740,-95.04725,0.0,0.3,199.0,CAPT ANDY LAKE,,WDG4759,31,12,26,,,90,A
367539810,2022-01-01T09:15:15,29.70741,-95.04725,0.0,224.2,199.0,CAPT ANDY LAKE,,WDG4759,31,12,26,,,90,A
367539810,2022-01-01T09:04:14,29.70737,-95.04724,0.0,25.4,199.0,CAPT ANDY LAKE,,WDG4759,31,12,26,,,90,A
367539810,2022-01-01T09:45:25,29.70742,-95.04725,0.0,74.7,199.0,CAPT ANDY LAKE,,WDG4759,31,12,26,,,90,A
367539810,2022-01-01T09:46:35,29.70741,-95.04724,0.0,194.6,200.0,CAPT ANDY LAKE,,WDG4759,31,12,26,,,90,A
367539810,2022-01-01T09:23:25,29.70740,-95.04723,0.0,272.3,199.0,CAPT ANDY LAKE,,WDG4759,31,12,26,,,90,A
367539810,2022-01-01T09:24:35,29.70740,-95.04723,0.0,141.3,200.0,CAPT ANDY LAKE,,WDG4759,31,12,26,,,90,A
367539810,2022-01-01T09:18:44,29.70741,-95.04725,0.0,321.2,199.0,CAPT ANDY LAKE,,WDG4759,31,12,26,,,90,A
367539810,2022-01-01T04:17:54,29.74308,-95.19409,5.1,67.5,71.0,CAPT ANDY LAKE,,WDG4759,31,12,26,,,90,A
367539810,2022-01-01T08:54:54,29.70742,-95.04726,0.0,128.1,198.0,CAPT ANDY LAKE,,WDG4759,31,12,26,,,90,A
367539810,2022-01-01T04:19:05,29.74370,-95.19227,5.2,67.5,71.0,CAPT ANDY LAKE,,WDG4759,31,12,26,,,90,A
367539810,2022-01-01T09:14:05,29.70741,-95.04724,0.0,167.7,198.0,CAPT ANDY LAKE,,WDG4759,31,12,26,,,90,A
367539810,2022-01-01T08:59:34,29.70739,-95.04726,0.0,301.2,199.0,CAPT ANDY LAKE,,WDG4759,31,12,26,,,90,A
367539810,2022-01-01T09:29:15,29.70741,-95.04724,0.1,276.8,200.0,CAPT ANDY LAKE,,WDG4759,31,12,26,,,90,A
367539810,2022-01-01T09:32:35,29.70741,-95.04725,0.0,160.2,199.0,CAPT ANDY LAKE,,WDG4759,31,12,26,,,90,A
367539810,2022-01-01T09:30:25,29.70741,-95.04725,0.1,313.5,199.0,CAPT ANDY LAKE,,WDG4759,31,12,26,,,90,A
367539810,2022-01-01T09:19:54,29.70741,-95.04725,0.0,160.7,200.0,CAPT ANDY LAKE,,WDG4759,31,12,26,,,90,A
367539810,2022-01-01T09:36:05,29.70740,-95.04725,0.0,141.7,199.0,CAPT ANDY LAKE,,WDG4759,31,12,26,,,90,A
367539810,2022-01-01T04:22:25,29.74516,-95.18710,5.1,78.1,81.0,CAPT ANDY LAKE,,WDG4759,31,12,26,,,90,A
367539810,2022-01-01T09:34:55,29.70740,-95.04725,0.0,252.0,198.0,CAPT ANDY LAKE,,WDG4759,31,12,26,,,90,A
367539810,2022-01-01T09:38:25,29.70741,-95.04724,0.0,295.5,199.0,CAPT ANDY LAKE,,WDG4759,31,12,26,,,90,A
367539810,2022-01-01T09:33:44,29.70741,-95.04724,0.0,314.5,199.0,CAPT ANDY LAKE,,WDG4759,31,12,26,,,90,A
367539810,2022-01-01T09:11:25,29.70740,-95.04724,0.0,156.7,199.0,CAPT ANDY LAKE,,WDG4759,31,12,26,,,90,A
367539810,2022-01-01T10:11:04,29.70742,-95.04726,0.0,319.6,197.0,CAPT ANDY LAKE,,WDG4759,31,12,26,,,90,A
367539810,2022-01-01T09:40:45,29.70743,-95.04726,0.0,228.9,198.0,CAPT ANDY LAKE,,WDG4759,31,12,26,,,90,A
367539810,2022-01-01T09:31:34,29.70742,-95.04726,0.0,167.7,198.0,CAPT ANDY LAKE,,WDG4759,31,12,26,,,90,A
367539810,2022-01-01T09:39:35,29.70741,-95.04726,0.0,264.5,199.0,CAPT ANDY LAKE,,WDG4759,31,12,26,,,90,A
367539810,2022-01-01T09:48:04,29.70741,-95.04724,0.0,158.4,200.0,CAPT ANDY LAKE,,WDG4759,31,12,26,,,90,A
367539810,2022-01-01T09:49:14,29.70739,-95.04722,0.0,175.2,199.0,CAPT ANDY LAKE,,WDG4759,31,12,26,,,90,A
367539810,2022-01-01T09:53:54,29.70742,-95.04726,0.1,138.6,199.0,CAPT ANDY LAKE,,WDG4759,31,12,26,,,90,A
367539810,2022-01-01T09:44:16,29.70743,-95.04726,0.0,276.0,198.0,CAPT ANDY LAKE,,WDG4759,31,12,26,,,90,A
367539810,2022-01-01T09:51:34,29.70740,-95.04725,0.1,286.5,198.0,CAPT ANDY LAKE,,WDG4759,31,12,26,,,90,A
367539810,2022-01-01T10:20:16,29.70741,-95.04726,0.0,237.3,196.0,CAPT ANDY LAKE,,WDG4759,31,12,26,,,90,A
367539810,2022-01-01T09:26:54,29.70739,-95.04722,0.0,279.9,201.0,CAPT ANDY LAKE,,WDG4759,31,12,26,,,90,A
367539810,2022-01-01T09:57:14,29.70740,-95.04724,0.1,148.1,199.0,CAPT ANDY LAKE,,WDG4759,31,12,26,,,90,A
367539810,2022-01-01T09:58:26,29.70740,-95.04724,0.0,266.6,199.0,CAPT ANDY LAKE,,WDG4759,31,12,26,,,90,A
367539810,2022-01-01T09:43:04,29.70743,-95.04727,0.0,224.3,198.0,CAPT ANDY LAKE,,WDG4759,31,12,26,,,90,A
367539810,2022-01-01T04:32:44,29.74680,-95.17038,5.0,101.1,109.0,CAPT ANDY LAKE,,WDG4759,31,12,26,,,90,A
367539810,2022-01-01T09:56:05,29.70741,-95.04724,0.0,207.5,199.0,CAPT ANDY LAKE,,WDG4759,31,12,26,,,90,A
367539810,2022-01-01T09:54:55,29.70741,-95.04725,0.0,292.4,199.0,CAPT ANDY LAKE,,WDG4759,31,12,26,,,90,A
367539810,2022-01-01T10:28:25,29.70742,-95.04726,0.0,303.2,197.0,CAPT ANDY LAKE,,WDG4759,31,12,26,,,90,A
367539810,2022-01-01T10:05:15,29.70741,-95.04724,0.0,168.0,198.0,CAPT ANDY LAKE,,WDG4759,31,12,26,,,90,A
367539810,2022-01-01T09:50:25,29.70741,-95.04724,0.0,326.2,199.0,CAPT ANDY LAKE,,WDG4759,31,12,26,,,90,A
367539810,2022-01-01T09:37:15,29.70739,-95.04723,0.1,168.1,200.0,CAPT ANDY LAKE,,WDG4759,31,12,26,,,90,A
367539810,2022-01-01T04:35:05,29.74579,-95.16671,5.4,120.0,122.0,CAPT ANDY LAKE,,WDG4759,31,12,26,,,90,A
367539810,2022-01-01T04:37:25,29.74375,-95.16314,6.0,127.1,128.0,CAPT ANDY LAKE,,WDG4759,31,12,26,,,90,A
367539810,2022-01-01T10:07:35,29.70742,-95.04725,0.1,311.1,197.0,CAPT ANDY LAKE,,WDG4759,31,12,26,,,90,A
367539810,2022-01-01T10:35:25,29.70741,-95.04725,0.0,177.7,197.0,CAPT ANDY LAKE,,WDG4759,31,12,26,,,90,A
367539810,2022-01-01T09:41:55,29.70741,-95.04726,0.0,150.8,197.0,CAPT ANDY LAKE,,WDG4759,31,12,26,,,90,A
367539810,2022-01-01T09:59:35,29.70742,-95.04723,0.1,309.7,198.0,CAPT ANDY LAKE,,WDG4759,31,12,26,,,90,A
367539810,2022-01-01T10:14:25,29.70741,-95.04724,0.0,184.5,198.0,CAPT ANDY LAKE,,WDG4759,31,12,26,,,90,A
367539810,2022-01-01T10:04:04,29.70742,-95.04727,0.0,132.5,197.0,CAPT ANDY LAKE,,WDG4759,31,12,26,,,90,A
367539810,2022-01-01T10:15:34,29.70742,-95.04723,0.0,269.1,198.0,CAPT ANDY LAKE,,WDG4759,31,12,26,,,90,A
367539810,2022-01-01T10:13:24,29.70741,-95.04724,0.1,139.3,198.0,CAPT ANDY LAKE,,WDG4759,31,12,26,,,90,A
367539810,2022-01-01T04:39:44,29.74121,-95.15957,6.3,131.0,130.0,CAPT ANDY LAKE,,WDG4759,31,12,26,,,90,A
367539810,2022-01-01T09:52:46,29.70742,-95.04726,0.0,210.2,197.0,CAPT ANDY LAKE,,WDG4759,31,12,26,,,90,A
367539810,2022-01-01T10:19:04,29.70742,-95.04726,0.0,293.0,195.0,CAPT ANDY LAKE,,WDG4759,31,12,26,,,90,A
367539810,2022-01-01T10:16:45,29.70743,-95.04724,0.1,284.7,198.0,CAPT ANDY LAKE,,WDG4759,31,12,26,,,90,A
367539810,2022-01-01T10:21:25,29.70741,-95.04725,0.0,130.4,197.0,CAPT ANDY LAKE,,WDG4759,31,12,26,,,90,A
367539810,2022-01-01T10:23:45,29.70741,-95.04723,0.0,286.2,198.0,CAPT ANDY LAKE,,WDG4759,31,12,26,,,90,A
367539810,2022-01-01T10:22:35,29.70741,-95.04724,0.0,166.0,198.0,CAPT ANDY LAKE,,WDG4759,31,12,26,,,90,A
367539810,2022-01-01T10:12:14,29.70743,-95.04727,0.0,59.0,197.0,CAPT ANDY LAKE,,WDG4759,31,12,26,,,90,A
367539810,2022-01-01T10:26:04,29.70741,-95.04725,0.0,279.8,199.0,CAPT ANDY LAKE,,WDG4759,31,12,26,,,90,A
367539810,2022-01-01T10:33:05,29.70742,-95.04725,0.0,275.2,197.0,CAPT ANDY LAKE,,WDG4759,31,12,26,,,90,A
367539810,2022-01-01T10:17:56,29.70741,-95.04726,0.0,262.6,197.0,CAPT ANDY LAKE,,WDG4759,31,12,26,,,90,A
367539810,2022-01-01T10:30:45,29.70742,-95.04725,0.0,138.9,198.0,CAPT ANDY LAKE,,WDG4759,31,12,26,,,90,A
367539810,2022-01-01T10:24:55,29.70741,-95.04723,0.0,252.6,198.0,CAPT ANDY LAKE,,WDG4759,31,12,26,,,90,A
367539810,2022-01-01T10:09:55,29.70742,-95.04725,0.0,271.0,198.0,CAPT ANDY LAKE,,WDG4759,31,12,26,,,90,A
367539810,2022-01-01T10:31:55,29.70741,-95.04724,0.0,198.4,198.0,CAPT ANDY LAKE,,WDG4759,31,12,26,,,90,A
367539810,2022-01-01T10:38:54,29.70742,-95.04725,0.0,340.5,197.0,CAPT ANDY LAKE,,WDG4759,31,12,26,,,90,A
367539810,2022-01-01T10:37:45,29.70741,-95.04725,0.0,241.2,197.0,CAPT ANDY LAKE,,WDG4759,31,12,26,,,90,A
367539810,2022-01-01T10:34:15,29.70742,-95.04726,0.0,312.6,197.0,CAPT ANDY LAKE,,WDG4759,31,12,26,,,90,A
367539810,2022-01-01T11:07:25,29.70738,-95.04723,0.0,265.3,199.0,CAPT ANDY LAKE,,WDG4759,31,12,26,,,90,A
367539810,2022-01-01T11:08:35,29.70739,-95.04723,0.0,228.1,199.0,CAPT ANDY LAKE,,WDG4759,31,12,26,,,90,A
367539810,2022-01-01T10:43:35,29.70741,-95.04724,0.0,278.4,198.0,CAPT ANDY LAKE,,WDG4759,31,12,26,,,90,A
367539810,2022-01-01T10:42:26,29.70740,-95.04724,0.0,250.2,199.0,CAPT ANDY LAKE,,WDG4759,31,12,26,,,90,A
367539810,2022-01-01T10:52:55,29.70742,-95.04726,0.1,298.0,196.0,CAPT ANDY LAKE,,WDG4759,31,12,26,,,90,A
367539810,2022-01-01T10:36:34,29.70741,-95.04725,0.0,143.5,197.0,CAPT ANDY LAKE,,WDG4759,31,12,26,,,90,A
367539810,2022-01-01T10:27:14,29.70741,-95.04725,0.0,229.9,198.0,CAPT ANDY LAKE,,WDG4759,31,12,26,,,90,A
367539810,2022-01-01T10:51:45,29.70741,-95.04725,0.0,255.2,198.0,CAPT ANDY LAKE,,WDG4759,31,12,26,,,90,A
367539810,2022-01-01T10:40:04,29.70742,-95.04725,0.0,163.5,197.0,CAPT ANDY LAKE,,WDG4759,31,12,26,,,90,A
367539810,2022-01-01T10:29:34,29.70742,-95.04726,0.0,204.2,197.0,CAPT ANDY LAKE,,WDG4759,31,12,26,,,90,A
367539810,2022-01-01T04:54:35,29.73410,-95.13328,6.5,96.0,91.0,CAPT ANDY LAKE,,WDG4759,31,12,26,,,90,A
367539810,2022-01-01T10:41:15,29.70740,-95.04725,0.0,124.8,197.0,CAPT ANDY LAKE,,WDG4759,31,12,26,,,90,A
367539810,2022-01-01T11:28:14,29.70738,-95.04723,0.0,154.0,200.0,CAPT ANDY LAKE,,WDG4759,31,12,26,,,90,A
367539810,2022-01-01T10:56:15,29.70740,-95.04724,0.0,158.7,198.0,CAPT ANDY LAKE,,WDG4759,31,12,26,,,90,A
367539810,2022-01-01T10:44:44,29.70740,-95.04722,0.0,299.6,198.0,CAPT ANDY LAKE,,WDG4759,31,12,26,,,90,A
367539810,2022-01-01T10:45:55,29.70741,-95.04724,0.0,252.8,198.0,CAPT ANDY LAKE,,WDG4759,31,12,26,,,90,A
367539810,2022-01-01T10:57:45,29.70739,-95.04721,0.0,201.7,199.0,CAPT ANDY LAKE,,WDG4759,31,12,26,,,90,A
367539810,2022-01-01T10:53:56,29.70742,-95.04726,0.0,219.8,197.0,CAPT ANDY LAKE,,WDG4759,31,12,26,,,90,A
367539810,2022-01-01T10:47:05,29.70739,-95.04725,0.0,325.1,198.0,CAPT ANDY LAKE,,WDG4759,31,12,26,,,90,A
367539810,2022-01-01T10:59:55,29.70740,-95.04723,0.1,295.1,199.0,CAPT ANDY LAKE,,WDG4759,31,12,26,,,90,A
367539810,2022-01-01T10:58:46,29.70739,-95.04721,0.0,293.6,200.0,CAPT ANDY LAKE,,WDG4759,31,12,26,,,90,A
367539810,2022-01-01T10:49:25,29.70741,-95.04726,0.0,226.2,199.0,CAPT ANDY LAKE,,WDG4759,31,12,26,,,90,A
367539810,2022-01-01T11:02:55,29.70740,-95.04726,0.0,140.1,198.0,CAPT ANDY LAKE,,WDG4759,31,12,26,,,90,A
367539810,2022-01-01T11:06:15,29.70740,-95.04725,0.1,321.7,199.0,CAPT ANDY LAKE,,WDG4759,31,12,26,,,90,A
367539810,2022-01-01T11:04:04,29.70740,-95.04725,0.0,178.8,198.0,CAPT ANDY LAKE,,WDG4759,31,12,26,,,90,A
367539810,2022-01-01T11:18:05,29.70740,-95.04726,0.0,263.7,197.0,CAPT ANDY LAKE,,WDG4759,31,12,26,,,90,A
367539810,2022-01-01T11:48:25,29.70741,-95.04728,0.1,302.1,199.0,CAPT ANDY LAKE,,WDG4759,31,12,26,,,90,A
367539810,2022-01-01T11:05:14,29.70739,-95.04725,0.0,157.7,199.0,CAPT ANDY LAKE,,WDG4759,31,12,26,,,90,A
367539810,2022-01-01T05:07:35,29.74029,-95.11079,5.9,67.8,62.0,CAPT ANDY LAKE,,WDG4759,31,12,26,,,90,A
367539810,2022-01-01T11:22:35,29.70740,-95.04726,0.1,275.0,199.0,CAPT ANDY LAKE,,WDG4759,31,12,26,,,90,A
367539810,2022-01-01T11:20:24,29.70738,-95.04723,0.0,169.2,200.0,CAPT ANDY LAKE,,WDG4759,31,12,26,,,90,A
367539810,2022-01-01T11:26:05,29.70741,-95.04726,0.0,174.7,199.0,CAPT ANDY LAKE,,WDG4759,31,12,26,,,90,A
367539810,2022-01-01T10:50:35,29.70741,-95.04725,0.0,206.6,199.0,CAPT ANDY LAKE,,WDG4759,31,12,26,,,90,A
367539810,2022-01-01T11:10:54,29.70738,-95.04725,0.0,274.8,198.0,CAPT ANDY LAKE,,WDG4759,31,12,26,,,90,A
367539810,2022-01-01T11:21:25,29.70739,-95.04723,0.1,316.3,199.0,CAPT ANDY LAKE,,WDG4759,31,12,26,,,90,A
367539810,2022-01-01T11:56:25,29.70742,-95.04726,0.0,314.6,198.0,CAPT ANDY LAKE,,WDG4759,31,12,26,,,90,A
367539810,2022-01-01T11:14:35,29.70741,-95.04725,0.0,283.4,199.0,CAPT ANDY LAKE,,WDG4759,31,12,26,,,90,A
367539810,2022-01-01T11:30:35,29.70737,-95.04724,0.1,297.4,200.0,CAPT ANDY LAKE,,WDG4759,31,12,26,,,90,A
367539810,2022-01-01T11:36:45,29.70741,-95.04726,0.0,208.8,198.0,CAPT ANDY LAKE,,WDG4759,31,12,26,,,90,A
367539810,2022-01-01T11:42:36,29.70741,-95.04724,0.0,193.1,200.0,CAPT ANDY LAKE,,WDG4759,31,12,26,,,90,A
367539810,2022-01-01T12:10:46,29.70738,-95.04724,0.0,187.4,199.0,CAPT ANDY LAKE,,WDG4759,31,12,26,,,90,A
367539810,2022-01-01T11:34:24,29.70740,-95.04725,0.0,73.0,198.0,CAPT ANDY LAKE,,WDG4759,31,12,26,,,90,A
367539810,2022-01-01T11:33:15,29.70740,-95.04727,0.0,268.2,197.0,CAPT ANDY LAKE,,WDG4759,31,12,26,,,90,A
367539810,2022-01-01T11:27:06,29.70740,-95.04726,0.0,138.6,199.0,CAPT ANDY LAKE,,WDG4759,31,12,26,,,90,A
367539810,2022-01-01T11:09:44,29.70738,-95.04724,0.0,300.7,198.0,CAPT ANDY LAKE,,WDG4759,31,12,26,,,90,A
367539810,2022-01-01T11:12:15,29.70740,-95.04725,0.0,132.2,199.0,CAPT ANDY LAKE,,WDG4759,31,12,26,,,90,A
367539810,2022-01-01T11:39:05,29.70740,-95.04724,0.0,276.4,199.0,CAPT ANDY LAKE,,WDG4759,31,12,26,,,90,A
367539810,2022-01-01T11:40:14,29.70739,-95.04725,0.0,247.5,199.0,CAPT ANDY LAKE,,WDG4759,31,12,26,,,90,A
367539810,2022-01-01T11:37:56,29.70742,-95.04724,0.0,139.7,199.0,CAPT ANDY LAKE,,WDG4759,31,12,26,,,90,A
367539810,2022-01-01T11:13:26,29.70740,-95.04723,0.0,262.1,199.0,CAPT ANDY LAKE,,WDG4759,31,12,26,,,90,A
367539810,2022-01-01T11:15:44,29.70741,-95.04726,0.0,233.7,198.0,CAPT ANDY LAKE,,WDG4759,31,12,26,,,90,A
367539810,2022-01-01T11:35:34,29.70741,-95.04726,0.0,306.0,198.0,CAPT ANDY LAKE,,WDG4759,31,12,26,,,90,A
367539810,2022-01-01T11:43:45,29.70741,-95.04726,0.1,318.0,198.0,CAPT ANDY LAKE,,WDG4759,31,12,26,,,90,A
367539810,2022-01-01T11:44:56,29.70740,-95.04726,0.0,41.5,199.0,CAPT ANDY LAKE,,WDG4759,31,12,26,,,90,A
367539810,2022-01-01T11:41:24,29.70742,-95.04726,0.0,6.6,199.0,CAPT ANDY LAKE,,WDG4759,31,12,26,,,90,A
367539810,2022-01-01T11:24:55,29.70741,-95.04727,0.0,279.1,198.0,CAPT ANDY LAKE,,WDG4759,31,12,26,,,90,A
367539810,2022-01-01T11:49:26,29.70741,-95.04727,0.0,109.2,200.0,CAPT ANDY LAKE,,WDG4759,31,12,26,,,90,A
367539810,2022-01-01T11:51:44,29.70740,-95.04724,0.0,211.8,201.0,CAPT ANDY LAKE,,WDG4759,31,12,26,,,90,A
367539810,2022-01-01T11:50:35,29.70742,-95.04725,0.0,10.4,201.0,CAPT ANDY LAKE,,WDG4759,31,12,26,,,90,A
367539810,2022-01-01T11:29:25,29.70737,-95.04724,0.0,219.6,201.0,CAPT ANDY LAKE,,WDG4759,31,12,26,,,90,A
367539810,2022-01-01T11:57:35,29.70741,-95.04725,0.0,304.2,199.0,CAPT ANDY LAKE,,WDG4759,31,12,26,,,90,A
367539810,2022-01-01T11:54:05,29.70741,-95.04723,0.0,308.0,200.0,CAPT ANDY LAKE,,WDG4759,31,12,26,,,90,A
367539810,2022-01-01T12:33:16,29.70740,-95.04724,0.0,166.1,199.0,CAPT ANDY LAKE,,WDG4759,31,12,26,,,90,A
367539810,2022-01-01T11:58:45,29.70740,-95.04727,0.0,219.5,199.0,CAPT ANDY LAKE,,WDG4759,31,12,26,,,90,A
367539810,2022-01-01T12:03:35,29.70738,-95.04723,0.0,185.6,200.0,CAPT ANDY LAKE,,WDG4759,31,12,26,,,90,A
367539810,2022-01-01T12:04:44,29.70738,-95.04724,0.0,277.3,200.0,CAPT ANDY LAKE,,WDG4759,31,12,26,,,90,A
367539810,2022-01-01T05:21:34,29.75741,-95.09158,6.5,27.5,32.0,CAPT ANDY LAKE,,WDG4759,31,12,26,,,90,A
367539810,2022-01-01T11:52:54,29.70741,-95.04724,0.0,228.4,201.0,CAPT ANDY LAKE,,WDG4759,31,12,26,,,90,A
367539810,2022-01-01T11:55:15,29.70741,-95.04725,0.1,316.7,200.0,CAPT ANDY LAKE,,WDG4759,31,12,26,,,90,A
367539810,2022-01-01T12:18:46,29.70741,-95.04726,0.1,296.2,199.0,CAPT ANDY LAKE,,WDG4759,31,12,26,,,90,A
367539810,2022-01-01T12:09:45,29.70740,-95.04725,0.0,155.5,199.0,CAPT ANDY LAKE,,WDG4759,31,12,26,,,90,A
367539810,2022-01-01T12:05:54,29.70739,-95.04725,0.0,297.0,199.0,CAPT ANDY LAKE,,WDG4759,31,12,26,,,90,A
367539810,2022-01-01T05:23:55,29.76077,-95.08898,5.7,47.5,56.0,CAPT ANDY LAKE,,WDG4759,31,12,26,,,90,A
367539810,2022-01-01T12:12:56,29.70737,-95.04722,0.0,305.5,199.0,CAPT ANDY LAKE,,WDG4759,31,12,26,,,90,A
367539810,2022-01-01T12:01:05,29.70741,-95.04726,0.0,300.0,199.0,CAPT ANDY LAKE,,WDG4759,31,12,26,,,90,A
367539810,2022-01-01T12:15:15,29.70740,-95.04725,0.0,273.9,198.0,CAPT ANDY LAKE,,WDG4759,31,12,26,,,90,A
367539810,2022-01-01T12:19:54,29.70740,-95.04726,0.0,153.9,199.0,CAPT ANDY LAKE,,WDG4759,31,12,26,,,90,A
367539810,2022-01-01T05:28:34,29.76357,-95.08114,5.6,102.2,115.0,CAPT ANDY LAKE,,WDG4759,31,12,26,,,90,A
367539810,2022-01-01T12:17:35,29.70740,-95.04725,0.0,258.0,199.0,CAPT ANDY LAKE,,WDG4759,31,12,26,,,90,A
367539810,2022-01-01T05:30:54,29.76191,-95.07723,6.1,122.4,126.0,CAPT ANDY LAKE,,WDG4759,31,12,26,,,90,A
367539810,2022-01-01T12:26:05,29.70739,-95.04724,0.0,281.7,199.0,CAPT ANDY LAKE,,WDG4759,31,12,26,,,90,A
367539810,2022-01-01T13:03:05,29.70741,-95.04723,0.0,200.3,201.0,CAPT ANDY LAKE,,WDG4759,31,12,26,,,90,A
367539810,2022-01-01T12:28:45,29.70739,-95.04726,0.0,209.0,200.0,CAPT ANDY LAKE,,WDG4759,31,12,26,,,90,A
367539810,2022-01-01T13:05:26,29.70740,-95.04723,0.0,242.0,201.0,CAPT ANDY LAKE,,WDG4759,31,12,26,,,90,A
367539810,2022-01-01T12:39:55,29.70740,-95.04725,0.0,287.3,198.0,CAPT ANDY LAKE,,WDG4759,31,12,26,,,90,A
367539810,2022-01-01T12:23:45,29.70738,-95.04722,0.0,253.6,200.0,CAPT ANDY LAKE,,WDG4759,31,12,26,,,90,A
367539810,2022-01-01T11:59:54,29.70741,-95.04725,0.0,351.4,199.0,CAPT ANDY LAKE,,WDG4759,31,12,26,,,90,A
367539810,2022-01-01T13:07:45,29.70739,-95.04724,0.0,257.6,201.0,CAPT ANDY LAKE,,WDG4759,31,12,26,,,90,A
367539810,2022-01-01T12:32:15,29.70740,-95.04724,0.0,259.0,199.0,CAPT ANDY LAKE,,WDG4759,31,12,26,,,90,A
367539810,2022-01-01T12:24:54,29.70738,-95.04722,0.0,265.4,200.0,CAPT ANDY LAKE,,WDG4759,31,12,26,,,90,A
367539810,2022-01-01T12:27:35,29.70740,-95.04725,0.0,277.4,199.0,CAPT ANDY LAKE,,WDG4759,31,12,26,,,90,A
367539810,2022-01-01T12:29:55,29.70740,-95.04724,0.0,145.1,200.0,CAPT ANDY LAKE,,WDG4759,31,12,26,,,90,A
367539810,2022-01-01T12:34:24,29.70739,-95.04724,0.0,191.4,200.0,CAPT ANDY LAKE,,WDG4759,31,12,26,,,90,A
367539810,2022-01-01T13:19:24,29.70741,-95.04723,0.0,318.0,199.0,CAPT ANDY LAKE,,WDG4759,31,12,26,,,90,A
367539810,2022-01-01T12:41:05,29.70740,-95.04724,0.0,193.1,199.0,CAPT ANDY LAKE,,WDG4759,31,12,26,,,90,A
367539810,2022-01-01T12:31:05,29.70739,-95.04723,0.0,274.9,200.0,CAPT ANDY LAKE,,WDG4759,31,12,26,,,90,A
367539810,2022-01-01T12:35:25,29.70738,-95.04723,0.0,282.4,200.0,CAPT ANDY LAKE,,WDG4759,31,12,26,,,90,A
367539810,2022-01-01T12:37:44,29.70739,-95.04725,0.1,287.8,199.0,CAPT ANDY LAKE,,WDG4759,31,12,26,,,90,A
367539810,2022-01-01T12:43:24,29.70740,-95.04723,0.0,141.1,199.0,CAPT ANDY LAKE,,WDG4759,31,12,26,,,90,A
367539810,2022-01-01T12:36:35,29.70738,-95.04723,0.0,296.7,200.0,CAPT ANDY LAKE,,WDG4759,31,12,26,,,90,A
367539810,2022-01-01T12:14:05,29.70739,-95.04724,0.1,272.6,199.0,CAPT ANDY LAKE,,WDG4759,31,12,26,,,90,A
367539810,2022-01-01T12:57:34,29.70741,-95.04726,0.0,175.9,198.0,CAPT ANDY LAKE,,WDG4759,31,12,26,,,90,A
367539810,2022-01-01T05:47:04,29.73814,-95.05826,6.3,143.7,126.0,CAPT ANDY LAKE,,WDG4759,31,12,26,,,90,A
367539810,2022-01-01T12:50:34,29.70738,-95.04723,0.0,330.6,199.0,CAPT ANDY LAKE,,WDG4759,31,12,26,,,90,A
367539810,2022-01-01T12:45:56,29.70739,-95.04722,0.0,241.9,199.0,CAPT ANDY LAKE,,WDG4759,31,12,26,,,90,A
367539810,2022-01-01T12:16:24,29.70739,-95.04725,0.0,289.8,198.0,CAPT ANDY LAKE,,WDG4759,31,12,26,,,90,A
367539810,2022-01-01T13:35:35,29.70740,-95.04726,0.0,264.7,198.0,CAPT ANDY LAKE,,WDG4759,31,12,26,,,90,A
367539810,2022-01-01T12:55:15,29.70741,-95.04726,0.0,211.6,198.0,CAPT ANDY LAKE,,WDG4759,31,12,26,,,90,A
367539810,2022-01-01T12:49:24,29.70738,-95.04723,0.0,250.8,200.0,CAPT ANDY LAKE,,WDG4759,31,12,26,,,90,A
367539810,2022-01-01T12:21:05,29.70740,-95.04724,0.0,177.9,199.0,CAPT ANDY LAKE,,WDG4759,31,12,26,,,90,A
367539810,2022-01-01T13:38:55,29.70739,-95.04725,0.0,121.0,198.0,CAPT ANDY LAKE,,WDG4759,31,12,26,,,90,A
367539810,2022-01-01T12:51:44,29.70738,-95.04724,0.0,256.5,199.0,CAPT ANDY LAKE,,WDG4759,31,12,26,,,90,A
367539810,2022-01-01T13:06:35,29.70739,-95.04723,0.0,239.7,201.0,CAPT ANDY LAKE,,WDG4759,31,12,26,,,90,A
367539810,2022-01-01T13:42:24,29.70739,-95.04725,0.0,193.2,200.0,CAPT ANDY LAKE,,WDG4759,31,12,26,,,90,A
367539810,2022-01-01T12:48:16,29.70737,-95.04722,0.0,202.1,200.0,CAPT ANDY LAKE,,WDG4759,31,12,26,,,90,A
367539810,2022-01-01T12:58:45,29.70741,-95.04724,0.0,161.2,199.0,CAPT ANDY LAKE,,WDG4759,31,12,26,,,90,A
367539810,2022-01-01T12:56:25,29.70742,-95.04726,0.0,241.6,199.0,CAPT ANDY LAKE,,WDG4759,31,12,26,,,90,A
367539810,2022-01-01T12:59:54,29.70740,-95.04723,0.0,175.3,200.0,CAPT ANDY LAKE,,WDG4759,31,12,26,,,90,A
367539810,2022-01-01T13:58:24,29.70739,-95.04724,0.0,232.9,200.0,CAPT ANDY LAKE,,WDG4759,31,12,26,,,90,A
367539810,2022-01-01T13:15:55,29.70738,-95.04724,0.0,254.0,201.0,CAPT ANDY LAKE,,WDG4759,31,12,26,,,90,A
367539810,2022-01-01T13:17:05,29.70739,-95.04724,0.0,232.9,201.0,CAPT ANDY LAKE,,WDG4759,31,12,26,,,90,A
367539810,2022-01-01T13:20:34,29.70741,-95.04723,0.0,285.8,199.0,CAPT ANDY LAKE,,WDG4759,31,12,26,,,90,A
367539810,2022-01-01T12:44:35,29.70739,-95.04722,0.0,265.2,200.0,CAPT ANDY LAKE,,WDG4759,31,12,26,,,90,A
367539810,2022-01-01T13:22:44,29.70740,-95.04725,0.0,289.4,198.0,CAPT ANDY LAKE,,WDG4759,31,12,26,,,90,A
367539810,2022-01-01T13:10:05,29.70739,-95.04724,0.0,187.0,201.0,CAPT ANDY LAKE,,WDG4759,31,12,26,,,90,A
367539810,2022-01-01T13:13:36,29.70739,-95.04723,0.0,231.7,201.0,CAPT ANDY LAKE,,WDG4759,31,12,26,,,90,A
367539810,2022-01-01T13:29:46,29.70739,-95.04725,0.0,210.7,200.0,CAPT ANDY LAKE,,WDG4759,31,12,26,,,90,A
367539810,2022-01-01T13:14:44,29.70739,-95.04724,0.0,271.8,201.0,CAPT ANDY LAKE,,WDG4759,31,12,26,,,90,A
367539810,2022-01-01T13:12:25,29.70739,-95.04722,0.0,163.7,200.0,CAPT ANDY LAKE,,WDG4759,31,12,26,,,90,A
367539810,2022-01-01T12:47:05,29.70737,-95.04721,0.0,246.3,200.0,CAPT ANDY LAKE,,WDG4759,31,12,26,,,90,A
367539810,2022-01-01T13:33:15,29.70739,-95.04726,0.0,284.5,200.0,CAPT ANDY LAKE,,WDG4759,31,12,26,,,90,A
367539810,2022-01-01T13:18:15,29.70740,-95.04724,0.0,293.4,200.0,CAPT ANDY LAKE,,WDG4759,31,12,26,,,90,A
367539810,2022-01-01T13:27:25,29.70740,-95.04725,0.0,158.2,200.0,CAPT ANDY LAKE,,WDG4759,31,12,26,,,90,A
367539810,2022-01-01T13:21:35,29.70740,-95.04725,0.0,282.9,198.0,CAPT ANDY LAKE,,WDG4759,31,12,26,,,90,A
367539810,2022-01-01T14:18:06,29.70740,-95.04724,0.1,335.5,199.0,CAPT ANDY LAKE,,WDG4759,31,12,26,,,90,A
367539810,2022-01-01T13:23:54,29.70738,-95.04724,0.0,162.2,199.0,CAPT ANDY LAKE,,WDG4759,31,12,26,,,90,A
367539810,2022-01-01T13:26:15,29.70738,-95.04724,0.0,172.6,200.0,CAPT ANDY LAKE,,WDG4759,31,12,26,,,90,A
367539810,2022-01-01T13:41:15,29.70739,-95.04724,0.0,147.8,200.0,CAPT ANDY LAKE,,WDG4759,31,12,26,,,90,A
367539810,2022-01-01T13:01:05,29.70738,-95.04722,0.0,189.2,201.0,CAPT ANDY LAKE,,WDG4759,31,12,26,,,90,A
367539810,2022-01-01T13:30:54,29.70739,-95.04724,0.0,242.3,201.0,CAPT ANDY LAKE,,WDG4759,31,12,26,,,90,A
367539810,2022-01-01T14:27:44,29.70736,-95.04722,0.0,225.3,200.0,CAPT ANDY LAKE,,WDG4759,31,12,26,,,90,A
367539810,2022-01-01T13:44:44,29.70737,-95.04723,0.0,136.8,199.0,CAPT ANDY LAKE,,WDG4759,31,12,26,,,90,A
367539810,2022-01-01T13:04:15,29.70740,-95.04723,0.0,278.5,201.0,CAPT ANDY LAKE,,WDG4759,31,12,26,,,90,A
367539810,2022-01-01T13:36:36,29.70741,-95.04726,0.0,326.4,198.0,CAPT ANDY LAKE,,WDG4759,31,12,26,,,90,A
367539810,2022-01-01T13:28:34,29.70739,-95.04724,0.0,263.3,200.0,CAPT ANDY LAKE,,WDG4759,31,12,26,,,90,A
367539810,2022-01-01T13:43:34,29.70737,-95.04726,0.0,262.8,199.0,CAPT ANDY LAKE,,WDG4759,31,12,26,,,90,A
367539810,2022-01-01T13:08:56,29.70740,-95.04724,0.0,262.0,200.0,CAPT ANDY LAKE,,WDG4759,31,12,26,,,90,A
367539810,2022-01-01T14:34:44,29.70739,-95.04725,0.0,221.0,199.0,CAPT ANDY LAKE,,WDG4759,31,12,26,,,90,A
367539810,2022-01-01T13:34:25,29.70740,-95.04725,0.0,255.4,199.0,CAPT ANDY LAKE,,WDG4759,31,12,26,,,90,A
367539810,2022-01-01T13:48:15,29.70738,-95.04723,0.0,318.9,200.0,CAPT ANDY LAKE,,WDG4759,31,12,26,,,90,A
367539810,2022-01-01T13:11:15,29.70739,-95.04724,0.0,178.7,200.0,CAPT ANDY LAKE,,WDG4759,31,12,26,,,90,A
367539810,2022-01-01T13:45:55,29.70738,-95.04722,0.0,278.7,200.0,CAPT ANDY LAKE,,WDG4759,31,12,26,,,90,A
367539810,2022-01-01T14:38:05,29.70739,-95.04722,0.0,329.3,200.0,CAPT ANDY LAKE,,WDG4759,31,12,26,,,90,A
367539810,2022-01-01T13:57:15,29.70739,-95.04724,0.0,176.3,201.0,CAPT ANDY LAKE,,WDG4759,31,12,26,,,90,A
367539810,2022-01-01T13:47:05,29.70738,-95.04722,0.0,306.1,199.0,CAPT ANDY LAKE,,WDG4759,31,12,26,,,90,A
367539810,2022-01-01T06:14:04,29.71544,-95.02146,4.2,181.1,177.0,CAPT ANDY LAKE,,WDG4759,31,12,26,,,90,A
367539810,2022-01-01T14:45:04,29.70738,-95.04721,0.0,155.3,200.0,CAPT ANDY LAKE,,WDG4759,31,12,26,,,90,A
367539810,2022-01-01T13:49:24,29.70739,-95.04723,0.0,182.2,200.0,CAPT ANDY LAKE,,WDG4759,31,12,26,,,90,A
367539810,2022-01-01T13:52:36,29.70740,-95.04723,0.0,342.6,200.0,CAPT ANDY LAKE,,WDG4759,31,12,26,,,90,A
367539810,2022-01-01T13:53:44,29.70739,-95.04724,0.0,276.4,200.0,CAPT ANDY LAKE,,WDG4759,31,12,26,,,90,A
367539810,2022-01-01T13:50:25,29.70739,-95.04723,0.0,229.3,200.0,CAPT ANDY LAKE,,WDG4759,31,12,26,,,90,A
367539810,2022-01-01T13:56:05,29.70740,-95.04726,0.0,273.0,200.0,CAPT ANDY LAKE,,WDG4759,31,12,26,,,90,A
367539810,2022-01-01T14:52:05,29.70739,-95.04724,0.0,305.8,200.0,CAPT ANDY LAKE,,WDG4759,31,12,26,,,90,A
367539810,2022-01-01T14:07:15,29.70739,-95.04724,0.0,332.3,199.0,CAPT ANDY LAKE,,WDG4759,31,12,26,,,90,A
367539810,2022-01-01T14:08:16,29.70740,-95.04725,0.0,310.0,199.0,CAPT ANDY LAKE,,WDG4759,31,12,26,,,90,A
367539810,2022-01-01T13:54:54,29.70738,-95.04725,0.0,218.7,201.0,CAPT ANDY LAKE,,WDG4759,31,12,26,,,90,A
367539810,2022-01-01T14:55:35,29.70740,-95.04724,0.0,153.9,199.0,CAPT ANDY LAKE,,WDG4759,31,12,26,,,90,A
367539810,2022-01-01T14:06:04,29.70740,-95.04724,0.0,254.4,200.0,CAPT ANDY LAKE,,WDG4759,31,12,26,,,90,A
367539810,2022-01-01T14:11:45,29.70741,-95.04725,0.0,40.0,199.0,CAPT ANDY LAKE,,WDG4759,31,12,26,,,90,A
367539810,2022-01-01T14:14:15,29.70738,-95.04722,0.0,180.5,202.0,CAPT ANDY LAKE,,WDG4759,31,12,26,,,90,A
367539810,2022-01-01T14:59:04,29.70741,-95.04722,0.0,259.0,200.0,CAPT ANDY LAKE,,WDG4759,31,12,26,,,90,A
367539810,2022-01-01T14:16:25,29.70739,-95.04723,0.0,280.0,200.0,CAPT ANDY LAKE,,WDG4759,31,12,26,,,90,A
367539810,2022-01-01T06:21:04,29.70954,-95.02110,2.4,163.8,162.0,CAPT ANDY LAKE,,WDG4759,31,12,26,,,90,A
367539810,2022-01-01T13:40:06,29.70740,-95.04725,0.0,113.7,199.0,CAPT ANDY LAKE,,WDG4759,31,12,26,,,90,A
367539810,2022-01-01T14:10:35,29.70740,-95.04725,0.0,121.7,199.0,CAPT ANDY LAKE,,WDG4759,31,12,26,,,90,A
367539810,2022-01-01T14:03:44,29.70738,-95.04723,0.0,308.2,200.0,CAPT ANDY LAKE,,WDG4759,31,12,26,,,90,A
367539810,2022-01-01T14:23:05,29.70738,-95.04722,0.0,120.6,200.0,CAPT ANDY LAKE,,WDG4759,31,12,26,,,90,A
367539810,2022-01-01T14:25:25,29.70739,-95.04720,0.0,317.0,202.0,CAPT ANDY LAKE,,WDG4759,31,12,26,,,90,A
367539810,2022-01-01T15:09:25,29.70740,-95.04722,0.0,343.5,199.0,CAPT ANDY LAKE,,WDG4759,31,12,26,,,90,A
367539810,2022-01-01T14:30:05,29.70738,-95.04722,0.0,304.9,200.0,CAPT ANDY LAKE,,WDG4759,31,12,26,,,90,A
367539810,2022-01-01T14:20:25,29.70740,-95.04724,0.0,159.0,199.0,CAPT ANDY LAKE,,WDG4759,31,12,26,,,90,A
367539810,2022-01-01T06:25:34,29.70656,-95.02022,2.3,182.8,202.0,CAPT ANDY LAKE,,WDG4759,31,12,26,,,90,A
367539810,2022-01-01T06:26:35,29.70590,-95.02040,2.5,199.3,211.0,CAPT ANDY LAKE,,WDG4759,31,12,26,,,90,A
367539810,2022-01-01T14:31:15,29.70739,-95.04725,0.0,259.1,200.0,CAPT ANDY LAKE,,WDG4759,31,12,26,,,90,A
367539810,2022-01-01T14:24:14,29.70739,-95.04721,0.0,35.3,200.0,CAPT ANDY LAKE,,WDG4759,31,12,26,,,90,A
367539810,2022-01-01T14:35:55,29.70738,-95.04724,0.0,157.5,199.0,CAPT ANDY LAKE,,WDG4759,31,12,26,,,90,A
367539810,2022-01-01T14:37:04,29.70738,-95.04721,0.0,162.8,200.0,CAPT ANDY LAKE,,WDG4759,31,12,26,,,90,A
367539810,2022-01-01T14:19:15,29.70740,-95.04724,0.0,214.4,199.0,CAPT ANDY LAKE,,WDG4759,31,12,26,,,90,A
367539810,2022-01-01T14:28:55,29.70738,-95.04723,0.0,335.5,200.0,CAPT ANDY LAKE,,WDG4759,31,12,26,,,90,A
367539810,2022-01-01T13:59:35,29.70738,-95.04723,0.0,294.3,201.0,CAPT ANDY LAKE,,WDG4759,31,12,26,,,90,A
367539810,2022-01-01T14:42:46,29.70739,-95.04726,0.0,297.5,199.0,CAPT ANDY LAKE,,WDG4759,31,12,26,,,90,A
367539810,2022-01-01T14:41:34,29.70737,-95.04725,0.1,286.8,200.0,CAPT ANDY LAKE,,WDG4759,31,12,26,,,90,A
367539810,2022-01-01T14:04:55,29.70740,-95.04723,0.0,332.5,200.0,CAPT ANDY LAKE,,WDG4759,31,12,26,,,90,A
367539810,2022-01-01T14:32:25,29.70739,-95.04724,0.0,245.4,200.0,CAPT ANDY LAKE,,WDG4759,31,12,26,,,90,A
367539810,2022-01-01T14:13:04,29.70740,-95.04723,0.1,134.7,199.0,CAPT ANDY LAKE,,WDG4759,31,12,26,,,90,A
367539810,2022-01-01T14:15:16,29.70738,-95.04722,0.1,330.3,202.0,CAPT ANDY LAKE,,WDG4759,31,12,26,,,90,A
367539810,2022-01-01T14:56:45,29.70737,-95.04723,0.0,104.6,200.0,CAPT ANDY LAKE,,WDG4759,31,12,26,,,90,A
367539810,2022-01-01T14:46:16,29.70737,-95.04719,0.0,212.2,202.0,CAPT ANDY LAKE,,WDG4759,31,12,26,,,90,A
367539810,2022-01-01T14:57:54,29.70741,-95.04720,0.0,245.1,201.0,CAPT ANDY LAKE,,WDG4759,31,12,26,,,90,A
367539810,2022-01-01T14:39:15,29.70737,-95.04722,0.0,189.7,201.0,CAPT ANDY LAKE,,WDG4759,31,12,26,,,90,A
367539810,2022-01-01T14:43:54,29.70738,-95.04725,0.0,166.7,200.0,CAPT ANDY LAKE,,WDG4759,31,12,26,,,90,A
367539810,2022-01-01T14:21:35,29.70741,-95.04724,0.1,359.5,200.0,CAPT ANDY LAKE,,WDG4759,31,12,26,,,90,A
367539810,2022-01-01T15:03:25,29.70742,-95.04725,0.0,284.6,199.0,CAPT ANDY LAKE,,WDG4759,31,12,26,,,90,A
367539810,2022-01-01T14:54:25,29.70740,-95.04725,0.0,313.8,198.0,CAPT ANDY LAKE,,WDG4759,31,12,26,,,90,A
367539810,2022-01-01T15:04:35,29.70741,-95.04725,0.0,187.1,199.0,CAPT ANDY LAKE,,WDG4759,31,12,26,,,90,A
367539810,2022-01-01T06:41:46,29.70650,-95.03715,3.7,288.5,287.0,CAPT ANDY LAKE,,WDG4759,31,12,26,,,90,A
367539810,2022-01-01T14:50:55,29.70740,-95.04723,0.0,270.6,199.0,CAPT ANDY LAKE,,WDG4759,31,12,26,,,90,A
367539810,2022-01-01T15:42:26,29.70739,-95.04722,0.0,202.0,200.0,CAPT ANDY LAKE,,WDG4759,31,12,26,,,90,A
367539810,2022-01-01T14:26:35,29.70739,-95.04721,0.1,334.7,200.0,CAPT ANDY LAKE,,WDG4759,31,12,26,,,90,A
367539810,2022-01-01T15:06:46,29.70741,-95.04723,0.0,131.3,199.0,CAPT ANDY LAKE,,WDG4759,31,12,26,,,90,A
367539810,2022-01-01T14:47:25,29.70737,-95.04722,0.0,307.3,201.0,CAPT ANDY LAKE,,WDG4759,31,12,26,,,90,A
367539810,2022-01-01T06:44:05,29.70724,-95.03946,2.9,288.2,282.0,CAPT ANDY LAKE,,WDG4759,31,12,26,,,90,A
367539810,2022-01-01T14:49:44,29.70739,-95.04721,0.0,300.7,200.0,CAPT ANDY LAKE,,WDG4759,31,12,26,,,90,A
367539810,2022-01-01T15:02:14,29.70742,-95.04723,0.0,221.4,199.0,CAPT ANDY LAKE,,WDG4759,31,12,26,,,90,A
367539810,2022-01-01T15:15:35,29.70739,-95.04722,0.0,330.0,200.0,CAPT ANDY LAKE,,WDG4759,31,12,26,,,90,A
367539810,2022-01-01T14:33:34,29.70739,-95.04725,0.0,312.3,199.0,CAPT ANDY LAKE,,WDG4759,31,12,26,,,90,A
367539810,2022-01-01T15:08:15,29.70740,-95.04723,0.0,218.9,200.0,CAPT ANDY LAKE,,WDG4759,31,12,26,,,90,A
367539810,2022-01-01T15:55:55,29.70738,-95.04722,0.1,294.5,200.0,CAPT ANDY LAKE,,WDG4759,31,12,26,,,90,A
367539810,2022-01-01T15:19:05,29.70738,-95.04723,0.0,159.6,202.0,CAPT ANDY LAKE,,WDG4759,31,12,26,,,90,A
367539810,2022-01-01T14:40:25,29.70738,-95.04722,0.0,229.1,200.0,CAPT ANDY LAKE,,WDG4759,31,12,26,,,90,A
367539810,2022-01-01T15:23:25,29.70741,-95.04724,0.0,264.2,199.0,CAPT ANDY LAKE,,WDG4759,31,12,26,,,90,A
367539810,2022-01-01T15:26:55,29.70739,-95.04723,0.0,137.8,200.0,CAPT ANDY LAKE,,WDG4759,31,12,26,,,90,A
367539810,2022-01-01T15:17:56,29.70739,-95.04724,0.0,188.9,200.0,CAPT ANDY LAKE,,WDG4759,31,12,26,,,90,A
367539810,2022-01-01T16:03:55,29.70737,-95.04720,0.0,188.2,200.0,CAPT ANDY LAKE,,WDG4759,31,12,26,,,90,A
367539810,2022-01-01T14:48:34,29.70738,-95.04722,0.0,292.3,200.0,CAPT ANDY LAKE,,WDG4759,31,12,26,,,90,A
367539810,2022-01-01T15:28:15,29.70739,-95.04723,0.0,273.3,201.0,CAPT ANDY LAKE,,WDG4759,31,12,26,,,90,A
367539810,2022-01-01T15:20:14,29.70739,-95.04723,0.0,288.7,200.0,CAPT ANDY LAKE,,WDG4759,31,12,26,,,90,A
367539810,2022-01-01T14:53:15,29.70740,-95.04722,0.0,296.8,198.0,CAPT ANDY LAKE,,WDG4759,31,12,26,,,90,A
367539810,2022-01-01T15:11:44,29.70741,-95.04722,0.0,308.8,201.0,CAPT ANDY LAKE,,WDG4759,31,12,26,,,90,A
367539810,2022-01-01T15:13:15,29.70741,-95.04722,0.0,160.7,200.0,CAPT ANDY LAKE,,WDG4759,31,12,26,,,90,A
367539810,2022-01-01T15:25:44,29.70740,-95.04724,0.0,156.8,200.0,CAPT ANDY LAKE,,WDG4759,31,12,26,,,90,A
367539810,2022-01-01T16:16:25,29.70738,-95.04721,0.0,215.2,201.0,CAPT ANDY LAKE,,WDG4759,31,12,26,,,90,A
367539810,2022-01-01T15:24:35,29.70740,-95.04724,0.0,228.2,199.0,CAPT ANDY LAKE,,WDG4759,31,12,26,,,90,A
367539810,2022-01-01T15:40:04,29.70739,-95.04723,0.0,210.8,200.0,CAPT ANDY LAKE,,WDG4759,31,12,26,,,90,A
367539810,2022-01-01T15:46:26,29.70740,-95.04724,0.0,248.7,199.0,CAPT ANDY LAKE,,WDG4759,31,12,26,,,90,A
367539810,2022-01-01T15:32:05,29.70738,-95.04724,0.0,285.8,201.0,CAPT ANDY LAKE,,WDG4759,31,12,26,,,90,A
367539810,2022-01-01T16:25:34,29.70739,-95.04720,0.0,302.0,202.0,CAPT ANDY LAKE,,WDG4759,31,12,26,,,90,A
367539810,2022-01-01T15:50:56,29.70738,-95.04722,0.0,294.8,201.0,CAPT ANDY LAKE,,WDG4759,31,12,26,,,90,A
367539810,2022-01-01T15:36:45,29.70741,-95.04725,0.0,207.9,199.0,CAPT ANDY LAKE,,WDG4759,31,12,26,,,90,A
367539810,2022-01-01T15:10:35,29.70741,-95.04721,0.0,176.9,200.0,CAPT ANDY LAKE,,WDG4759,31,12,26,,,90,A
367539810,2022-01-01T15:38:56,29.70740,-95.04723,0.0,162.4,200.0,CAPT ANDY LAKE,,WDG4759,31,12,26,,,90,A
367539810,2022-01-01T15:29:35,29.70738,-95.04722,0.0,132.8,202.0,CAPT ANDY LAKE,,WDG4759,31,12,26,,,90,A
367539810,2022-01-01T16:27:55,29.70742,-95.04723,0.0,246.4,199.0,CAPT ANDY LAKE,,WDG4759,31,12,26,,,90,A
367539810,2022-01-01T15:48:44,29.70740,-95.04724,0.0,169.3,199.0,CAPT ANDY LAKE,,WDG4759,31,12,26,,,90,A
367539810,2022-01-01T15:41:14,29.70738,-95.04722,0.0,342.5,201.0,CAPT ANDY LAKE,,WDG4759,31,12,26,,,90,A
367539810,2022-01-01T15:14:26,29.70740,-95.04722,0.0,204.2,202.0,CAPT ANDY LAKE,,WDG4759,31,12,26,,,90,A
367539810,2022-01-01T15:33:16,29.70739,-95.04723,0.0,321.0,200.0,CAPT ANDY LAKE,,WDG4759,31,12,26,,,90,A
367539810,2022-01-01T15:44:05,29.70739,-95.04723,0.0,284.7,199.0,CAPT ANDY LAKE,,WDG4759,31,12,26,,,90,A
367539810,2022-01-01T15:35:35,29.70740,-95.04724,0.0,268.2,199.0,CAPT ANDY LAKE,,WDG4759,31,12,26,,,90,A
367539810,2022-01-01T15:37:55,29.70738,-95.04725,0.0,124.0,199.0,CAPT ANDY LAKE,,WDG4759,31,12,26,,,90,A
367539810,2022-01-01T15:16:45,29.70740,-95.04723,0.0,303.0,200.0,CAPT ANDY LAKE,,WDG4759,31,12,26,,,90,A
367539810,2022-01-01T15:59:25,29.70738,-95.04722,0.0,232.3,199.0,CAPT ANDY LAKE,,WDG4759,31,12,26,,,90,A
367539810,2022-01-01T15:57:05,29.70739,-95.04724,0.0,208.5,199.0,CAPT ANDY LAKE,,WDG4759,31,12,26,,,90,A
367539810,2022-01-01T15:58:15,29.70739,-95.04723,0.0,161.2,199.0,CAPT ANDY LAKE,,WDG4759,31,12,26,,,90,A
367539810,2022-01-01T16:42:14,29.70738,-95.04722,0.0,295.3,203.0,CAPT ANDY LAKE,,WDG4759,31,12,26,,,90,A
367539810,2022-01-01T15:47:35,29.70740,-95.04724,0.0,222.1,200.0,CAPT ANDY LAKE,,WDG4759,31,12,26,,,90,A
367539810,2022-01-01T16:01:34,29.70739,-95.04724,0.0,57.9,198.0,CAPT ANDY LAKE,,WDG4759,31,12,26,,,90,A
367539810,2022-01-01T15:49:55,29.70739,-95.04722,0.0,152.6,200.0,CAPT ANDY LAKE,,WDG4759,31,12,26,,,90,A
367539810,2022-01-01T16:44:34,29.70739,-95.04723,0.0,221.8,199.0,CAPT ANDY LAKE,,WDG4759,31,12,26,,,90,A
367539810,2022-01-01T16:45:45,29.70739,-95.04723,0.0,213.2,199.0,CAPT ANDY LAKE,,WDG4759,31,12,26,,,90,A
367539810,2022-01-01T15:53:34,29.70739,-95.04722,0.1,114.3,199.0,CAPT ANDY LAKE,,WDG4759,31,12,26,,,90,A
367539810,2022-01-01T15:30:55,29.70738,-95.04722,0.0,239.6,201.0,CAPT ANDY LAKE,,WDG4759,31,12,26,,,90,A
367539810,2022-01-01T16:11:24,29.70738,-95.04721,0.1,72.1,201.0,CAPT ANDY LAKE,,WDG4759,31,12,26,,,90,A
367539810,2022-01-01T15:34:25,29.70740,-95.04723,0.0,292.4,200.0,CAPT ANDY LAKE,,WDG4759,31,12,26,,,90,A
367539810,2022-01-01T16:02:44,29.70738,-95.04721,0.1,132.3,200.0,CAPT ANDY LAKE,,WDG4759,31,12,26,,,90,A
367539810,2022-01-01T16:14:04,29.70738,-95.04720,0.0,234.2,202.0,CAPT ANDY LAKE,,WDG4759,31,12,26,,,90,A
367539810,2022-01-01T16:15:15,29.70738,-95.04721,0.0,330.3,200.0,CAPT ANDY LAKE,,WDG4759,31,12,26,,,90,A
367539810,2022-01-01T16:09:04,29.70739,-95.04722,0.0,287.4,200.0,CAPT ANDY LAKE,,WDG4759,31,12,26,,,90,A
367539810,2022-01-01T16:17:34,29.70737,-95.04721,0.0,5.4,200.0,CAPT ANDY LAKE,,WDG4759,31,12,26,,,90,A
367539810,2022-01-01T16:59:46,29.70737,-95.04722,0.0,302.7,202.0,CAPT ANDY LAKE,,WDG4759,31,12,26,,,90,A
367539810,2022-01-01T16:07:55,29.70740,-95.04721,0.0,237.0,200.0,CAPT ANDY LAKE,,WDG4759,31,12,26,,,90,A
367539810,2022-01-01T16:20:55,29.70739,-95.04723,0.0,226.1,200.0,CAPT ANDY LAKE,,WDG4759,31,12,26,,,90,A
367539810,2022-01-01T16:12:34,29.70737,-95.04720,0.0,326.9,201.0,CAPT ANDY LAKE,,WDG4759,31,12,26,,,90,A
367539810,2022-01-01T07:12:55,29.70947,-95.04613,0.2,260.2,280.0,CAPT ANDY LAKE,,WDG4759,31,12,26,,,90,A
367539810,2022-01-01T15:52:04,29.70738,-95.04724,0.1,291.2,200.0,CAPT ANDY LAKE,,WDG4759,31,12,26,,,90,A
367539810,2022-01-01T16:18:44,29.70740,-95.04722,0.0,278.8,201.0,CAPT ANDY LAKE,,WDG4759,31,12,26,,,90,A
367539810,2022-01-01T16:30:14,29.70739,-95.04723,0.0,231.6,201.0,CAPT ANDY LAKE,,WDG4759,31,12,26,,,90,A
367539810,2022-01-01T16:31:25,29.70740,-95.04724,0.1,140.1,202.0,CAPT ANDY LAKE,,WDG4759,31,12,26,,,90,A
367539810,2022-01-01T07:15:14,29.70935,-95.04622,0.3,168.0,297.0,CAPT ANDY LAKE,,WDG4759,31,12,26,,,90,A
367539810,2022-01-01T16:22:05,29.70739,-95.04722,0.0,117.5,199.0,CAPT ANDY LAKE,,WDG4759,31,12,26,,,90,A
367539810,2022-01-01T17:18:26,29.70737,-95.04720,0.0,217.9,201.0,CAPT ANDY LAKE,,WDG4759,31,12,26,,,90,A
367539810,2022-01-01T16:00:25,29.70738,-95.04723,0.0,332.0,199.0,CAPT ANDY LAKE,,WDG4759,31,12,26,,,90,A
367539810,2022-01-01T16:24:24,29.70739,-95.04720,0.0,201.4,203.0,CAPT ANDY LAKE,,WDG4759,31,12,26,,,90,A
367539810,2022-01-01T16:34:04,29.70738,-95.04721,0.0,305.8,203.0,CAPT ANDY LAKE,,WDG4759,31,12,26,,,90,A
367539810,2022-01-01T07:21:04,29.70876,-95.04639,0.8,212.9,278.0,CAPT ANDY LAKE,,WDG4759,31,12,26,,,90,A
367539810,2022-01-01T16:35:14,29.70739,-95.04723,0.0,321.6,202.0,CAPT ANDY LAKE,,WDG4759,31,12,26,,,90,A
367539810,2022-01-01T16:37:34,29.70738,-95.04721,0.0,119.7,203.0,CAPT ANDY LAKE,,WDG4759,31,12,26,,,90,A
367539810,2022-01-01T16:38:45,29.70738,-95.04721,0.0,189.3,204.0,CAPT ANDY LAKE,,WDG4759,31,12,26,,,90,A
367539810,2022-01-01T07:23:25,29.70840,-95.04663,0.8,209.9,269.0,CAPT ANDY LAKE,,WDG4759,31,12,26,,,90,A
367539810,2022-01-01T16:41:04,29.70738,-95.04721,0.0,332.6,204.0,CAPT ANDY LAKE,,WDG4759,31,12,26,,,90,A
367539810,2022-01-01T16:39:54,29.70737,-95.04721,0.0,150.5,204.0,CAPT ANDY LAKE,,WDG4759,31,12,26,,,90,A
367539810,2022-01-01T16:43:24,29.70740,-95.04723,0.1,329.4,202.0,CAPT ANDY LAKE,,WDG4759,31,12,26,,,90,A
367539810,2022-01-01T16:52:34,29.70738,-95.04721,0.1,309.1,199.0,CAPT ANDY LAKE,,WDG4759,31,12,26,,,90,A
367539810,2022-01-01T17:38:04,29.70738,-95.04722,0.0,359.2,199.0,CAPT ANDY LAKE,,WDG4759,31,12,26,,,90,A
367539810,2022-01-01T16:46:55,29.70739,-95.04723,0.0,189.5,199.0,CAPT ANDY LAKE,,WDG4759,31,12,26,,,90,A
367539810,2022-01-01T16:49:05,29.70740,-95.04722,0.0,115.7,199.0,CAPT ANDY LAKE,,WDG4759,31,12,26,,,90,A
367539810,2022-01-01T17:02:05,29.70737,-95.04721,0.0,304.3,203.0,CAPT ANDY LAKE,,WDG4759,31,12,26,,,90,A
367539810,2022-01-01T17:48:35,29.70739,-95.04722,0.1,204.8,202.0,CAPT ANDY LAKE,,WDG4759,31,12,26,,,90,A
367539810,2022-01-01T16:51:25,29.70736,-95.04720,0.0,332.7,202.0,CAPT ANDY LAKE,,WDG4759,31,12,26,,,90,A
367539810,2022-01-01T17:49:46,29.70738,-95.04721,0.0,56.6,203.0,CAPT ANDY LAKE,,WDG4759,31,12,26,,,90,A
367539810,2022-01-01T16:57:15,29.70738,-95.04722,0.0,195.4,201.0,CAPT ANDY LAKE,,WDG4759,31,12,26,,,90,A
367539810,2022-01-01T16:54:55,29.70738,-95.04722,0.0,115.0,200.0,CAPT ANDY LAKE,,WDG4759,31,12,26,,,90,A
367539810,2022-01-01T16:29:04,29.70739,-95.04722,0.0,277.1,199.0,CAPT ANDY LAKE,,WDG4759,31,12,26,,,90,A
367539810,2022-01-01T17:10:15,29.70737,-95.04721,0.0,169.4,201.0,CAPT ANDY LAKE,,WDG4759,31,12,26,,,90,A
367539810,2022-01-01T16:56:04,29.70737,-95.04721,0.0,209.8,201.0,CAPT ANDY LAKE,,WDG4759,31,12,26,,,90,A
367539810,2022-01-01T17:12:34,29.70737,-95.04721,0.0,349.7,201.0,CAPT ANDY LAKE,,WDG4759,31,12,26,,,90,A
367539810,2022-01-01T16:58:24,29.70738,-95.04722,0.0,302.3,201.0,CAPT ANDY LAKE,,WDG4759,31,12,26,,,90,A
367539810,2022-01-01T17:16:14,29.70737,-95.04720,0.0,191.1,203.0,CAPT ANDY LAKE,,WDG4759,31,12,26,,,90,A
367539810,2022-01-01T17:04:26,29.70738,-95.04721,0.0,345.8,200.0,CAPT ANDY LAKE,,WDG4759,31,12,26,,,90,A
367539810,2022-01-01T17:03:14,29.70737,-95.04721,0.0,156.7,203.0,CAPT ANDY LAKE,,WDG4759,31,12,26,,,90,A
367539810,2022-01-01T17:07:56,29.70737,-95.04721,0.0,309.4,200.0,CAPT ANDY LAKE,,WDG4759,31,12,26,,,90,A
367539810,2022-01-01T18:04:55,29.70739,-95.04720,0.0,9.2,202.0,CAPT ANDY LAKE,,WDG4759,31,12,26,,,90,A
367539810,2022-01-01T17:06:44,29.70737,-95.04721,0.0,228.3,201.0,CAPT ANDY LAKE,,WDG4759,31,12,26,,,90,A
367539810,2022-01-01T17:09:04,29.70739,-95.04722,0.0,211.7,200.0,CAPT ANDY LAKE,,WDG4759,31,12,26,,,90,A
367539810,2022-01-01T17:21:44,29.70738,-95.04721,0.0,321.2,201.0,CAPT ANDY LAKE,,WDG4759,31,12,26,,,90,A
367539810,2022-01-01T18:07:14,29.70738,-95.04721,0.0,272.5,201.0,CAPT ANDY LAKE,,WDG4759,31,12,26,,,90,A
367539810,2022-01-01T07:30:55,29.70750,-95.04722,0.1,307.8,289.0,CAPT ANDY LAKE,,WDG4759,31,12,26,,,90,A
367539810,2022-01-01T17:11:24,29.70737,-95.04721,0.0,186.3,201.0,CAPT ANDY LAKE,,WDG4759,31,12,26,,,90,A
367539810,2022-01-01T16:48:04,29.70740,-95.04723,0.0,276.1,199.0,CAPT ANDY LAKE,,WDG4759,31,12,26,,,90,A
367539810,2022-01-01T17:28:44,29.70739,-95.04720,0.0,327.8,199.0,CAPT ANDY LAKE,,WDG4759,31,12,26,,,90,A
367539810,2022-01-01T17:17:24,29.70737,-95.04721,0.0,49.7,202.0,CAPT ANDY LAKE,,WDG4759,31,12,26,,,90,A
367539810,2022-01-01T17:29:54,29.70738,-95.04720,0.0,238.0,200.0,CAPT ANDY LAKE,,WDG4759,31,12,26,,,90,A
367539810,2022-01-01T07:34:35,29.70751,-95.04722,0.1,300.2,288.0,CAPT ANDY LAKE,,WDG4759,31,12,26,,,90,A
367539810,2022-01-01T17:34:35,29.70739,-95.04722,0.0,261.4,200.0,CAPT ANDY LAKE,,WDG4759,31,12,26,,,90,A
367539810,2022-01-01T17:36:54,29.70738,-95.04721,0.0,331.2,200.0,CAPT ANDY LAKE,,WDG4759,31,12,26,,,90,A
367539810,2022-01-01T17:22:54,29.70739,-95.04721,0.0,117.8,200.0,CAPT ANDY LAKE,,WDG4759,31,12,26,,,90,A
367539810,2022-01-01T17:24:05,29.70739,-95.04721,0.0,241.3,200.0,CAPT ANDY LAKE,,WDG4759,31,12,26,,,90,A
367539810,2022-01-01T17:00:55,29.70737,-95.04721,0.0,168.4,204.0,CAPT ANDY LAKE,,WDG4759,31,12,26,,,90,A
367539810,2022-01-01T17:27:35,29.70738,-95.04720,0.0,314.2,199.0,CAPT ANDY LAKE,,WDG4759,31,12,26,,,90,A
367539810,2022-01-01T17:43:54,29.70739,-95.04720,0.0,111.3,201.0,CAPT ANDY LAKE,,WDG4759,31,12,26,,,90,A
367539810,2022-01-01T17:32:15,29.70738,-95.04722,0.0,221.7,201.0,CAPT ANDY LAKE,,WDG4759,31,12,26,,,90,A
367539810,2022-01-01T17:31:06,29.70739,-95.04720,0.0,329.4,199.0,CAPT ANDY LAKE,,WDG4759,31,12,26,,,90,A
367539810,2022-01-01T17:35:44,29.70739,-95.04721,0.0,50.9,199.0,CAPT ANDY LAKE,,WDG4759,31,12,26,,,90,A
367539810,2022-01-01T17:50:54,29.70737,-95.04719,0.0,194.8,201.0,CAPT ANDY LAKE,,WDG4759,31,12,26,,,90,A
367539810,2022-01-01T18:31:04,29.70736,-95.04718,0.0,281.6,202.0,CAPT ANDY LAKE,,WDG4759,31,12,26,,,90,A
367539810,2022-01-01T18:32:16,29.70737,-95.04717,0.0,230.9,202.0,CAPT ANDY LAKE,,WDG4759,31,12,26,,,90,A
367539810,2022-01-01T17:13:55,29.70738,-95.04721,0.0,270.9,201.0,CAPT ANDY LAKE,,WDG4759,31,12,26,,,90,A
367539810,2022-01-01T17:56:46,29.70737,-95.04720,0.1,347.6,200.0,CAPT ANDY LAKE,,WDG4759,31,12,26,,,90,A
367539810,2022-01-01T17:57:54,29.70737,-95.04720,0.0,280.1,200.0,CAPT ANDY LAKE,,WDG4759,31,12,26,,,90,A
367539810,2022-01-01T17:15:04,29.70737,-95.04721,0.0,125.6,203.0,CAPT ANDY LAKE,,WDG4759,31,12,26,,,90,A
367539810,2022-01-01T17:47:24,29.70740,-95.04720,0.1,298.4,200.0,CAPT ANDY LAKE,,WDG4759,31,12,26,,,90,A
367539810,2022-01-01T17:20:36,29.70737,-95.04720,0.0,61.2,200.0,CAPT ANDY LAKE,,WDG4759,31,12,26,,,90,A
367539810,2022-01-01T17:52:05,29.70739,-95.04721,0.1,325.1,199.0,CAPT ANDY LAKE,,WDG4759,31,12,26,,,90,A
367539810,2022-01-01T17:53:15,29.70740,-95.04722,0.0,304.8,201.0,CAPT ANDY LAKE,,WDG4759,31,12,26,,,90,A
367539810,2022-01-01T17:54:25,29.70740,-95.04722,0.0,128.6,199.0,CAPT ANDY LAKE,,WDG4759,31,12,26,,,90,A
367539810,2022-01-01T18:06:05,29.70738,-95.04721,0.0,61.0,202.0,CAPT ANDY LAKE,,WDG4759,31,12,26,,,90,A
367539810,2022-01-01T17:26:25,29.70737,-95.04720,0.0,200.4,201.0,CAPT ANDY LAKE,,WDG4759,31,12,26,,,90,A
367539810,2022-01-01T17:55:35,29.70738,-95.04719,0.1,144.5,200.0,CAPT ANDY LAKE,,WDG4759,31,12,26,,,90,A
367539810,2022-01-01T17:59:35,29.70738,-95.04720,0.0,300.1,201.0,CAPT ANDY LAKE,,WDG4759,31,12,26,,,90,A
367539810,2022-01-01T18:00:14,29.70738,-95.04719,0.0,233.5,201.0,CAPT ANDY LAKE,,WDG4759,31,12,26,,,90,A
367539810,2022-01-01T17:33:25,29.70740,-95.04719,0.0,75.8,199.0,CAPT ANDY LAKE,,WDG4759,31,12,26,,,90,A
367539810,2022-01-01T18:02:35,29.70736,-95.04720,0.0,315.2,201.0,CAPT ANDY LAKE,,WDG4759,31,12,26,,,90,A
367539810,2022-01-01T07:50:05,29.70738,-95.04724,0.0,219.0,199.0,CAPT ANDY LAKE,,WDG4759,31,12,26,,,90,A
367539810,2022-01-01T07:51:15,29.70739,-95.04726,0.0,144.5,198.0,CAPT ANDY LAKE,,WDG4759,31,12,26,,,90,A
367539810,2022-01-01T07:52:24,29.70739,-95.04726,0.1,317.4,199.0,CAPT ANDY LAKE,,WDG4759,31,12,26,,,90,A
367539810,2022-01-01T18:21:45,29.70739,-95.04721,0.0,208.1,199.0,CAPT ANDY LAKE,,WDG4759,31,12,26,,,90,A
367539810,2022-01-01T18:59:54,29.70740,-95.04720,0.0,205.3,202.0,CAPT ANDY LAKE,,WDG4759,31,12,26,,,90,A
367539810,2022-01-01T19:00:54,29.70739,-95.04718,0.0,236.9,201.0,CAPT ANDY LAKE,,WDG4759,31,12,26,,,90,A
367539810,2022-01-01T17:39:14,29.70739,-95.04722,0.0,138.4,200.0,CAPT ANDY LAKE,,WDG4759,31,12,26,,,90,A
367539810,2022-01-01T18:11:55,29.70739,-95.04721,0.0,334.0,199.0,CAPT ANDY LAKE,,WDG4759,31,12,26,,,90,A
367539810,2022-01-01T18:09:34,29.70738,-95.04721,0.1,106.3,199.0,CAPT ANDY LAKE,,WDG4759,31,12,26,,,90,A
367539810,2022-01-01T18:24:04,29.70740,-95.04718,0.0,237.3,202.0,CAPT ANDY LAKE,,WDG4759,31,12,26,,,90,A
367539810,2022-01-01T18:10:45,29.70736,-95.04721,0.0,251.6,202.0,CAPT ANDY LAKE,,WDG4759,31,12,26,,,90,A
367539810,2022-01-01T19:03:05,29.70738,-95.04718,0.0,232.7,200.0,CAPT ANDY LAKE,,WDG4759,31,12,26,,,90,A
367539810,2022-01-01T18:15:35,29.70739,-95.04721,0.0,136.6,201.0,CAPT ANDY LAKE,,WDG4759,31,12,26,,,90,A
367539810,2022-01-01T18:14:34,29.70740,-95.04722,0.0,203.9,200.0,CAPT ANDY LAKE,,WDG4759,31,12,26,,,90,A
367539810,2022-01-01T19:08:05,29.70737,-95.04719,0.0,176.1,201.0,CAPT ANDY LAKE,,WDG4759,31,12,26,,,90,A
367539810,2022-01-01T18:19:24,29.70740,-95.04720,0.0,175.1,200.0,CAPT ANDY LAKE,,WDG4759,31,12,26,,,90,A
367539810,2022-01-01T18:16:44,29.70739,-95.04719,0.0,180.6,200.0,CAPT ANDY LAKE,,WDG4759,31,12,26,,,90,A
367539810,2022-01-01T18:17:55,29.70739,-95.04721,0.0,236.6,200.0,CAPT ANDY LAKE,,WDG4759,31,12,26,,,90,A
367539810,2022-01-01T18:34:35,29.70736,-95.04716,0.0,230.6,202.0,CAPT ANDY LAKE,,WDG4759,31,12,26,,,90,A
367539810,2022-01-01T18:35:44,29.70738,-95.04719,0.0,237.7,202.0,CAPT ANDY LAKE,,WDG4759,31,12,26,,,90,A
367539810,2022-01-01T18:36:46,29.70737,-95.04720,0.0,207.9,202.0,CAPT ANDY LAKE,,WDG4759,31,12,26,,,90,A
367539810,2022-01-01T19:13:45,29.70736,-95.04718,0.0,217.8,200.0,CAPT ANDY LAKE,,WDG4759,31,12,26,,,90,A
367539810,2022-01-01T18:20:34,29.70739,-95.04720,0.0,22.0,199.0,CAPT ANDY LAKE,,WDG4759,31,12,26,,,90,A
367539810,2022-01-01T19:16:04,29.70738,-95.04719,0.0,253.9,201.0,CAPT ANDY LAKE,,WDG4759,31,12,26,,,90,A
367539810,2022-01-01T18:22:55,29.70740,-95.04719,0.0,297.6,201.0,CAPT ANDY LAKE,,WDG4759,31,12,26,,,90,A
367539810,2022-01-01T19:18:25,29.70737,-95.04719,0.0,324.9,201.0,CAPT ANDY LAKE,,WDG4759,31,12,26,,,90,A
367539810,2022-01-01T07:57:14,29.70740,-95.04726,0.0,177.2,197.0,CAPT ANDY LAKE,,WDG4759,31,12,26,,,90,A
367539810,2022-01-01T18:27:35,29.70738,-95.04722,0.0,197.8,201.0,CAPT ANDY LAKE,,WDG4759,31,12,26,,,90,A
367539810,2022-01-01T18:40:05,29.70737,-95.04720,0.0,227.8,199.0,CAPT ANDY LAKE,,WDG4759,31,12,26,,,90,A
367539810,2022-01-01T18:01:25,29.70737,-95.04720,0.0,193.8,201.0,CAPT ANDY LAKE,,WDG4759,31,12,26,,,90,A
367539810,2022-01-01T18:42:24,29.70737,-95.04720,0.0,223.4,200.0,CAPT ANDY LAKE,,WDG4759,31,12,26,,,90,A
367539810,2022-01-01T18:28:45,29.70738,-95.04718,0.0,64.5,200.0,CAPT ANDY LAKE,,WDG4759,31,12,26,,,90,A
367539810,2022-01-01T18:47:04,29.70738,-95.04721,0.0,205.0,200.0,CAPT ANDY LAKE,,WDG4759,31,12,26,,,90,A
367539810,2022-01-01T18:45:54,29.70738,-95.04720,0.0,245.8,199.0,CAPT ANDY LAKE,,WDG4759,31,12,26,,,90,A
367539810,2022-01-01T18:33:26,29.70737,-95.04718,0.0,235.5,202.0,CAPT ANDY LAKE,,WDG4759,31,12,26,,,90,A
367539810,2022-01-01T18:08:24,29.70739,-95.04722,0.0,282.7,200.0,CAPT ANDY LAKE,,WDG4759,31,12,26,,,90,A
367539810,2022-01-01T18:48:14,29.70738,-95.04720,0.0,285.7,200.0,CAPT ANDY LAKE,,WDG4759,31,12,26,,,90,A
367539810,2022-01-01T19:28:54,29.70737,-95.04720,0.0,347.3,200.0,CAPT ANDY LAKE,,WDG4759,31,12,26,,,90,A
367539810,2022-01-01T18:51:45,29.70738,-95.04720,0.0,192.5,200.0,CAPT ANDY LAKE,,WDG4759,31,12,26,,,90,A
367539810,2022-01-01T18:13:05,29.70741,-95.04721,0.0,276.2,198.0,CAPT ANDY LAKE,,WDG4759,31,12,26,,,90,A
367539810,2022-01-01T18:41:14,29.70739,-95.04720,0.0,262.0,199.0,CAPT ANDY LAKE,,WDG4759,31,12,26,,,90,A
367539810,2022-01-01T08:01:55,29.70739,-95.04725,0.0,304.6,199.0,CAPT ANDY LAKE,,WDG4759,31,12,26,,,90,A
367539810,2022-01-01T18:58:45,29.70740,-95.04719,0.0,277.5,201.0,CAPT ANDY LAKE,,WDG4759,31,12,26,,,90,A
367539810,2022-01-01T19:41:24,29.70738,-95.04720,0.0,320.6,199.0,CAPT ANDY LAKE,,WDG4759,31,12,26,,,90,A
367539810,2022-01-01T19:04:34,29.70736,-95.04719,0.0,244.3,200.0,CAPT ANDY LAKE,,WDG4759,31,12,26,,,90,A
367539810,2022-01-01T18:56:25,29.70740,-95.04721,0.0,82.1,202.0,CAPT ANDY LAKE,,WDG4759,31,12,26,,,90,A
367539810,2022-01-01T19:10:16,29.70736,-95.04720,0.0,302.0,201.0,CAPT ANDY LAKE,,WDG4759,31,12,26,,,90,A
367539810,2022-01-01T18:57:36,29.70738,-95.04719,0.0,197.6,201.0,CAPT ANDY LAKE,,WDG4759,31,12,26,,,90,A
367539810,2022-01-01T18:54:05,29.70738,-95.04720,0.0,215.9,200.0,CAPT ANDY LAKE,,WDG4759,31,12,26,,,90,A
367539810,2022-01-01T19:12:35,29.70737,-95.04719,0.0,332.1,200.0,CAPT ANDY LAKE,,WDG4759,31,12,26,,,90,A
367539810,2022-01-01T18:55:14,29.70737,-95.04720,0.0,182.6,201.0,CAPT ANDY LAKE,,WDG4759,31,12,26,,,90,A
367539810,2022-01-01T08:08:45,29.70738,-95.04723,0.0,169.7,200.0,CAPT ANDY LAKE,,WDG4759,31,12,26,,,90,A
367539810,2022-01-01T18:37:54,29.70739,-95.04718,0.0,323.5,200.0,CAPT ANDY LAKE,,WDG4759,31,12,26,,,90,A
367539810,2022-01-01T18:43:35,29.70736,-95.04717,0.0,235.3,201.0,CAPT ANDY LAKE,,WDG4759,31,12,26,,,90,A
367539810,2022-01-01T19:19:34,29.70737,-95.04720,0.0,222.8,200.0,CAPT ANDY LAKE,,WDG4759,31,12,26,,,90,A
367539810,2022-01-01T20:01:14,29.70736,-95.04720,0.0,171.7,201.0,CAPT ANDY LAKE,,WDG4759,31,12,26,,,90,A
367539810,2022-01-01T20:02:24,29.70735,-95.04720,0.0,139.4,201.0,CAPT ANDY LAKE,,WDG4759,31,12,26,,,90,A
367539810,2022-01-01T08:14:34,29.70739,-95.04725,0.0,298.7,199.0,CAPT ANDY LAKE,,WDG4759,31,12,26,,,90,A
367539810,2022-01-01T19:05:45,29.70738,-95.04720,0.0,250.4,201.0,CAPT ANDY LAKE,,WDG4759,31,12,26,,,90,A
367539810,2022-01-01T19:06:56,29.70738,-95.04720,0.0,201.9,201.0,CAPT ANDY LAKE,,WDG4759,31,12,26,,,90,A
367539810,2022-01-01T18:49:26,29.70737,-95.04720,0.0,212.7,200.0,CAPT ANDY LAKE,,WDG4759,31,12,26,,,90,A
367539810,2022-01-01T19:27:46,29.70738,-95.04721,0.0,200.7,201.0,CAPT ANDY LAKE,,WDG4759,31,12,26,,,90,A
367539810,2022-01-01T19:14:56,29.70738,-95.04718,0.0,187.7,200.0,CAPT ANDY LAKE,,WDG4759,31,12,26,,,90,A
367539810,2022-01-01T20:05:54,29.70737,-95.04721,0.0,49.4,201.0,CAPT ANDY LAKE,,WDG4759,31,12,26,,,90,A
367539810,2022-01-01T20:07:05,29.70738,-95.04721,0.0,157.6,200.0,CAPT ANDY LAKE,,WDG4759,31,12,26,,,90,A
367539810,2022-01-01T18:50:34,29.70740,-95.04720,0.0,239.1,200.0,CAPT ANDY LAKE,,WDG4759,31,12,26,,,90,A
367539810,2022-01-01T19:30:05,29.70737,-95.04722,0.0,183.6,200.0,CAPT ANDY LAKE,,WDG4759,31,12,26,,,90,A
367539810,2022-01-01T19:11:25,29.70737,-95.04720,0.0,205.7,200.0,CAPT ANDY LAKE,,WDG4759,31,12,26,,,90,A
367539810,2022-01-01T20:09:24,29.70736,-95.04721,0.0,191.6,202.0,CAPT ANDY LAKE,,WDG4759,31,12,26,,,90,A
367539810,2022-01-01T20:10:35,29.70737,-95.04721,0.0,204.7,201.0,CAPT ANDY LAKE,,WDG4759,31,12,26,,,90,A
367539810,2022-01-01T19:32:35,29.70737,-95.04720,0.1,318.0,201.0,CAPT ANDY LAKE,,WDG4759,31,12,26,,,90,A
367539810,2022-01-01T20:12:54,29.70736,-95.04721,0.0,181.9,201.0,CAPT ANDY LAKE,,WDG4759,31,12,26,,,90,A
367539810,2022-01-01T19:17:16,29.70737,-95.04719,0.0,215.7,203.0,CAPT ANDY LAKE,,WDG4759,31,12,26,,,90,A
367539810,2022-01-01T19:20:44,29.70738,-95.04720,0.0,198.0,200.0,CAPT ANDY LAKE,,WDG4759,31,12,26,,,90,A
367539810,2022-01-01T19:24:15,29.70738,-95.04720,0.0,203.6,200.0,CAPT ANDY LAKE,,WDG4759,31,12,26,,,90,A
367539810,2022-01-01T19:37:56,29.70737,-95.04721,0.0,257.2,202.0,CAPT ANDY LAKE,,WDG4759,31,12,26,,,90,A
367539810,2022-01-01T19:25:25,29.70738,-95.04720,0.0,243.9,201.0,CAPT ANDY LAKE,,WDG4759,31,12,26,,,90,A
367539810,2022-01-01T19:23:04,29.70737,-95.04719,0.0,272.1,201.0,CAPT ANDY LAKE,,WDG4759,31,12,26,,,90,A
367539810,2022-01-01T19:45:56,29.70737,-95.04721,0.0,318.0,200.0,CAPT ANDY LAKE,,WDG4759,31,12,26,,,90,A
367539810,2022-01-01T19:31:14,29.70738,-95.04719,0.1,156.8,200.0,CAPT ANDY LAKE,,WDG4759,31,12,26,,,90,A
367539810,2022-01-01T19:48:14,29.70737,-95.04721,0.0,134.9,200.0,CAPT ANDY LAKE,,WDG4759,31,12,26,,,90,A
367539810,2022-01-01T19:09:06,29.70736,-95.04719,0.0,268.6,201.0,CAPT ANDY LAKE,,WDG4759,31,12,26,,,90,A
367539810,2022-01-01T19:50:35,29.70737,-95.04720,0.0,84.5,200.0,CAPT ANDY LAKE,,WDG4759,31,12,26,,,90,A
367539810,2022-01-01T19:40:14,29.70738,-95.04720,0.0,175.7,200.0,CAPT ANDY LAKE,,WDG4759,31,12,26,,,90,A
367539810,2022-01-01T19:34:04,29.70737,-95.04720,0.0,157.2,200.0,CAPT ANDY LAKE,,WDG4759,31,12,26,,,90,A
367539810,2022-01-01T19:55:15,29.70737,-95.04721,0.0,136.1,200.0,CAPT ANDY LAKE,,WDG4759,31,12,26,,,90,A
367539810,2022-01-01T19:42:25,29.70738,-95.04721,0.0,184.9,200.0,CAPT ANDY LAKE,,WDG4759,31,12,26,,,90,A
367539810,2022-01-01T20:00:04,29.70737,-95.04720,0.0,121.4,201.0,CAPT ANDY LAKE,,WDG4759,31,12,26,,,90,A
367539810,2022-01-01T08:27:54,29.70738,-95.04725,0.0,297.6,200.0,CAPT ANDY LAKE,,WDG4759,31,12,26,,,90,A
367539810,2022-01-01T19:39:04,29.70738,-95.04721,0.0,349.5,199.0,CAPT ANDY LAKE,,WDG4759,31,12,26,,,90,A
367539810,2022-01-01T19:57:34,29.70738,-95.04720,0.0,334.9,199.0,CAPT ANDY LAKE,,WDG4759,31,12,26,,,90,A
367539810,2022-01-01T19:26:35,29.70738,-95.04721,0.0,334.1,200.0,CAPT ANDY LAKE,,WDG4759,31,12,26,,,90,A
367539810,2022-01-01T19:44:45,29.70736,-95.04720,0.0,324.4,200.0,CAPT ANDY LAKE,,WDG4759,31,12,26,,,90,A
367539810,2022-01-01T19:43:35,29.70737,-95.04721,0.0,187.4,201.0,CAPT ANDY LAKE,,WDG4759,31,12,26,,,90,A
367539810,2022-01-01T20:48:45,29.70738,-95.04721,0.0,341.9,201.0,CAPT ANDY LAKE,,WDG4759,31,12,26,,,90,A
367539810,2022-01-01T19:47:05,29.70737,-95.04721,0.0,273.4,199.0,CAPT ANDY LAKE,,WDG4759,31,12,26,,,90,A
367539810,2022-01-01T20:54:15,29.70738,-95.04721,0.0,341.0,200.0,CAPT ANDY LAKE,,WDG4759,31,12,26,,,90,A
367539810,2022-01-01T19:49:25,29.70738,-95.04720,0.0,39.6,200.0,CAPT ANDY LAKE,,WDG4759,31,12,26,,,90,A
367539810,2022-01-01T20:15:06,29.70737,-95.04722,0.0,338.2,201.0,CAPT ANDY LAKE,,WDG4759,31,12,26,,,90,A
367539810,2022-01-01T08:33:44,29.70740,-95.04726,0.0,143.7,199.0,CAPT ANDY LAKE,,WDG4759,31,12,26,,,90,A
367539810,2022-01-01T19:35:34,29.70737,-95.04720,0.0,246.0,202.0,CAPT ANDY LAKE,,WDG4759,31,12,26,,,90,A
367539810,2022-01-01T19:51:44,29.70739,-95.04720,0.0,334.1,200.0,CAPT ANDY LAKE,,WDG4759,31,12,26,,,90,A
367539810,2022-01-01T20:57:55,29.70738,-95.04720,0.0,332.0,200.0,CAPT ANDY LAKE,,WDG4759,31,12,26,,,90,A
367539810,2022-01-01T20:14:05,29.70736,-95.04722,0.0,259.4,202.0,CAPT ANDY LAKE,,WDG4759,31,12,26,,,90,A
367539810,2022-01-01T19:58:35,29.70738,-95.04720,0.0,355.0,200.0,CAPT ANDY LAKE,,WDG4759,31,12,26,,,90,A
367539810,2022-01-01T08:39:56,29.70740,-95.04726,0.0,203.5,198.0,CAPT ANDY LAKE,,WDG4759,31,12,26,,,90,A
367539810,2022-01-01T21:01:25,29.70737,-95.04722,0.0,352.8,201.0,CAPT ANDY LAKE,,WDG4759,31,12,26,,,90,A
367539810,2022-01-01T20:24:45,29.70739,-95.04723,0.0,196.9,199.0,CAPT ANDY LAKE,,WDG4759,31,12,26,,,90,A
367539810,2022-01-01T20:25:54,29.70738,-95.04723,0.0,210.4,199.0,CAPT ANDY LAKE,,WDG4759,31,12,26,,,90,A
367539810,2022-01-01T19:56:25,29.70738,-95.04719,0.0,280.8,200.0,CAPT ANDY LAKE,,WDG4759,31,12,26,,,90,A
367539810,2022-01-01T20:03:35,29.70737,-95.04722,0.0,292.8,199.0,CAPT ANDY LAKE,,WDG4759,31,12,26,,,90,A
367539810,2022-01-01T08:45:36,29.70740,-95.04727,0.0,143.4,198.0,CAPT ANDY LAKE,,WDG4759,31,12,26,,,90,A
367539810,2022-01-01T20:04:46,29.70737,-95.04721,0.0,90.0,200.0,CAPT ANDY LAKE,,WDG4759,31,12,26,,,90,A
367539810,2022-01-01T20:26:55,29.70739,-95.04722,0.0,189.6,200.0,CAPT ANDY LAKE,,WDG4759,31,12,26,,,90,A
367539810,2022-01-01T19:52:55,29.70738,-95.04720,0.0,129.5,200.0,CAPT ANDY LAKE,,WDG4759,31,12,26,,,90,A
367539810,2022-01-01T21:14:15,29.70739,-95.04722,0.0,261.1,199.0,CAPT ANDY LAKE,,WDG4759,31,12,26,,,90,A
367539810,2022-01-01T20:16:14,29.70738,-95.04721,0.0,200.0,201.0,CAPT ANDY LAKE,,WDG4759,31,12,26,,,90,A
367539810,2022-01-01T20:30:54,29.70737,-95.04723,0.0,186.5,200.0,CAPT ANDY LAKE,,WDG4759,31,12,26,,,90,A
367539810,2022-01-01T20:18:35,29.70738,-95.04721,0.0,156.4,201.0,CAPT ANDY LAKE,,WDG4759,31,12,26,,,90,A
367539810,2022-01-01T20:11:44,29.70737,-95.04722,0.0,289.2,201.0,CAPT ANDY LAKE,,WDG4759,31,12,26,,,90,A
367539810,2022-01-01T19:59:44,29.70737,-95.04720,0.0,147.0,201.0,CAPT ANDY LAKE,,WDG4759,31,12,26,,,90,A
367539810,2022-01-01T20:22:25,29.70738,-95.04721,0.0,160.8,202.0,CAPT ANDY LAKE,,WDG4759,31,12,26,,,90,A
367539810,2022-01-01T20:23:35,29.70739,-95.04722,0.0,295.1,200.0,CAPT ANDY LAKE,,WDG4759,31,12,26,,,90,A
367539810,2022-01-01T20:40:35,29.70738,-95.04722,0.0,359.3,200.0,CAPT ANDY LAKE,,WDG4759,31,12,26,,,90,A
367539810,2022-01-01T21:28:14,29.70740,-95.04724,0.1,329.2,200.0,CAPT ANDY LAKE,,WDG4759,31,12,26,,,90,A
367539810,2022-01-01T08:56:04,29.70740,-95.04726,0.0,124.4,199.0,CAPT ANDY LAKE,,WDG4759,31,12,26,,,90,A
367539810,2022-01-01T20:52:04,29.70738,-95.04721,0.0,252.4,201.0,CAPT ANDY LAKE,,WDG4759,31,12,26,,,90,A
367539810,2022-01-01T20:08:15,29.70737,-95.04720,0.0,218.2,201.0,CAPT ANDY LAKE,,WDG4759,31,12,26,,,90,A
367539810,2022-01-01T21:33:15,29.70738,-95.04724,0.0,159.4,200.0,CAPT ANDY LAKE,,WDG4759,31,12,26,,,90,A
367539810,2022-01-01T20:35:35,29.70737,-95.04722,0.0,342.6,201.0,CAPT ANDY LAKE,,WDG4759,31,12,26,,,90,A
367539810,2022-01-01T08:57:14,29.70740,-95.04725,0.0,306.9,199.0,CAPT ANDY LAKE,,WDG4759,31,12,26,,,90,A
367539810,2022-01-01T20:37:54,29.70737,-95.04722,0.0,210.9,201.0,CAPT ANDY LAKE,,WDG4759,31,12,26,,,90,A
367539810,2022-01-01T20:56:45,29.70737,-95.04721,0.0,351.9,201.0,CAPT ANDY LAKE,,WDG4759,31,12,26,,,90,A
367539810,2022-01-01T20:29:15,29.70738,-95.04722,0.0,348.5,200.0,CAPT ANDY LAKE,,WDG4759,31,12,26,,,90,A
367539810,2022-01-01T21:39:25,29.70740,-95.04723,0.1,327.2,200.0,CAPT ANDY LAKE,,WDG4759,31,12,26,,,90,A
367539810,2022-01-01T20:32:04,29.70738,-95.04722,0.0,326.0,201.0,CAPT ANDY LAKE,,WDG4759,31,12,26,,,90,A
367539810,2022-01-01T20:44:04,29.70738,-95.04721,0.0,340.4,201.0,CAPT ANDY LAKE,,WDG4759,31,12,26,,,90,A
367539810,2022-01-01T21:41:45,29.70740,-95.04724,0.0,247.7,201.0,CAPT ANDY LAKE,,WDG4759,31,12,26,,,90,A
367539810,2022-01-01T20:42:54,29.70738,-95.04722,0.0,247.4,200.0,CAPT ANDY LAKE,,WDG4759,31,12,26,,,90,A
367539810,2022-01-01T20:45:15,29.70738,-95.04722,0.0,295.9,200.0,CAPT ANDY LAKE,,WDG4759,31,12,26,,,90,A
367539810,2022-01-01T20:58:56,29.70738,-95.04721,0.0,297.7,200.0,CAPT ANDY LAKE,,WDG4759,31,12,26,,,90,A
367539810,2022-01-01T20:20:04,29.70738,-95.04721,0.0,297.2,202.0,CAPT ANDY LAKE,,WDG4759,31,12,26,,,90,A
367539810,2022-01-01T20:21:15,29.70739,-95.04722,0.0,178.4,201.0,CAPT ANDY LAKE,,WDG4759,31,12,26,,,90,A
367539810,2022-01-01T21:02:35,29.70738,-95.04721,0.0,349.4,201.0,CAPT ANDY LAKE,,WDG4759,31,12,26,,,90,A
367539810,2022-01-01T20:47:35,29.70737,-95.04721,0.0,253.8,201.0,CAPT ANDY LAKE,,WDG4759,31,12,26,,,90,A
367539810,2022-01-01T21:04:55,29.70738,-95.04721,0.0,273.7,200.0,CAPT ANDY LAKE,,WDG4759,31,12,26,,,90,A
367539810,2022-01-01T21:47:36,29.70738,-95.04723,0.1,301.1,201.0,CAPT ANDY LAKE,,WDG4759,31,12,26,,,90,A
367539810,2022-01-01T21:03:45,29.70739,-95.04720,0.0,307.4,200.0,CAPT ANDY LAKE,,WDG4759,31,12,26,,,90,A
367539810,2022-01-01T20:50:55,29.70738,-95.04721,0.0,53.1,199.0,CAPT ANDY LAKE,,WDG4759,31,12,26,,,90,A
367539810,2022-01-01T21:52:15,29.70737,-95.04721,0.0,201.6,202.0,CAPT ANDY LAKE,,WDG4759,31,12,26,,,90,A
367539810,2022-01-01T20:28:05,29.70738,-95.04722,0.0,212.6,201.0,CAPT ANDY LAKE,,WDG4759,31,12,26,,,90,A
367539810,2022-01-01T21:09:34,29.70740,-95.04722,0.0,323.3,200.0,CAPT ANDY LAKE,,WDG4759,31,12,26,,,90,A
367539810,2022-01-01T21:56:56,29.70739,-95.04725,0.0,168.0,201.0,CAPT ANDY LAKE,,WDG4759,31,12,26,,,90,A
367539810,2022-01-01T22:01:15,29.70738,-95.04723,0.0,186.5,199.0,CAPT ANDY LAKE,,WDG4759,31,12,26,,,90,A
367539810,2022-01-01T22:02:25,29.70737,-95.04724,0.1,294.5,201.0,CAPT ANDY LAKE,,WDG4759,31,12,26,,,90,A
367539810,2022-01-01T20:53:05,29.70737,-95.04720,0.0,0.1,200.0,CAPT ANDY LAKE,,WDG4759,31,12,26,,,90,A
367539810,2022-01-01T21:18:54,29.70739,-95.04723,0.0,279.5,200.0,CAPT ANDY LAKE,,WDG4759,31,12,26,,,90,A
367539810,2022-01-01T20:55:34,29.70738,-95.04721,0.0,13.8,200.0,CAPT ANDY LAKE,,WDG4759,31,12,26,,,90,A
367539810,2022-01-01T22:05:55,29.70740,-95.04724,0.0,207.5,198.0,CAPT ANDY LAKE,,WDG4759,31,12,26,,,90,A
367539810,2022-01-01T21:10:45,29.70739,-95.04721,0.0,252.7,202.0,CAPT ANDY LAKE,,WDG4759,31,12,26,,,90,A
367539810,2022-01-01T20:41:45,29.70737,-95.04722,0.0,200.2,200.0,CAPT ANDY LAKE,,WDG4759,31,12,26,,,90,A
367539810,2022-01-01T21:06:05,29.70741,-95.04720,0.0,358.6,200.0,CAPT ANDY LAKE,,WDG4759,31,12,26,,,90,A
367539810,2022-01-01T21:24:44,29.70738,-95.04722,0.1,152.6,201.0,CAPT ANDY LAKE,,WDG4759,31,12,26,,,90,A
367539810,2022-01-01T21:27:04,29.70737,-95.04721,0.1,286.8,202.0,CAPT ANDY LAKE,,WDG4759,31,12,26,,,90,A
367539810,2022-01-01T20:49:54,29.70739,-95.04721,0.0,310.8,200.0,CAPT ANDY LAKE,,WDG4759,31,12,26,,,90,A
367539810,2022-01-01T22:16:15,29.70737,-95.04722,0.1,310.8,202.0,CAPT ANDY LAKE,,WDG4759,31,12,26,,,90,A
367539810,2022-01-01T09:12:54,29.70741,-95.04724,0.0,277.2,199.0,CAPT ANDY LAKE,,WDG4759,31,12,26,,,90,A
367539810,2022-01-01T21:30:55,29.70740,-95.04724,0.0,289.5,200.0,CAPT ANDY LAKE,,WDG4759,31,12,26,,,90,A
367539810,2022-01-01T21:37:15,29.70739,-95.04724,0.0,270.8,199.0,CAPT ANDY LAKE,,WDG4759,31,12,26,,,90,A
367539810,2022-01-01T21:08:24,29.70739,-95.04720,0.0,287.9,201.0,CAPT ANDY LAKE,,WDG4759,31,12,26,,,90,A
367539810,2022-01-01T22:24:15,29.70740,-95.04725,0.1,287.3,200.0,CAPT ANDY LAKE,,WDG4759,31,12,26,,,90,A
367539810,2022-01-01T21:25:55,29.70738,-95.04722,0.0,261.7,203.0,CAPT ANDY LAKE,,WDG4759,31,12,26,,,90,A
367539810,2022-01-01T21:11:55,29.70741,-95.04722,0.0,351.0,201.0,CAPT ANDY LAKE,,WDG4759,31,12,26,,,90,A
367539810,2022-01-01T21:38:24,29.70740,-95.04721,0.0,239.3,200.0,CAPT ANDY LAKE,,WDG4759,31,12,26,,,90,A
367539810,2022-01-01T21:40:36,29.70740,-95.04722,0.0,201.5,199.0,CAPT ANDY LAKE,,WDG4759,31,12,26,,,90,A
367539810,2022-01-01T21:13:04,29.70739,-95.04721,0.0,203.2,199.0,CAPT ANDY LAKE,,WDG4759,31,12,26,,,90,A
367539810,2022-01-01T21:21:16,29.70739,-95.04722,0.0,269.3,201.0,CAPT ANDY LAKE,,WDG4759,31,12,26,,,90,A
367539810,2022-01-01T21:16:35,29.70737,-95.04720,0.1,297.6,201.0,CAPT ANDY LAKE,,WDG4759,31,12,26,,,90,A
367539810,2022-01-01T21:23:35,29.70736,-95.04723,0.0,253.3,199.0,CAPT ANDY LAKE,,WDG4759,31,12,26,,,90,A
367539810,2022-01-01T21:46:24,29.70738,-95.04721,0.0,248.5,200.0,CAPT ANDY LAKE,,WDG4759,31,12,26,,,90,A
367539810,2022-01-01T09:22:15,29.70740,-95.04724,0.0,200.9,200.0,CAPT ANDY LAKE,,WDG4759,31,12,26,,,90,A
367539810,2022-01-01T22:34:44,29.70740,-95.04724,0.0,138.9,200.0,CAPT ANDY LAKE,,WDG4759,31,12,26,,,90,A
367539810,2022-01-01T22:36:05,29.70739,-95.04723,0.0,235.8,201.0,CAPT ANDY LAKE,,WDG4759,31,12,26,,,90,A
367539810,2022-01-01T21:53:24,29.70738,-95.04722,0.1,312.8,202.0,CAPT ANDY LAKE,,WDG4759,31,12,26,,,90,A
367539810,2022-01-01T21:32:05,29.70739,-95.04723,0.0,227.2,200.0,CAPT ANDY LAKE,,WDG4759,31,12,26,,,90,A
367539810,2022-01-01T09:25:45,29.70738,-95.04723,0.0,193.3,200.0,CAPT ANDY LAKE,,WDG4759,31,12,26,,,90,A
367539810,2022-01-01T21:54:35,29.70738,-95.04724,0.0,268.0,199.0,CAPT ANDY LAKE,,WDG4759,31,12,26,,,90,A
367539810,2022-01-01T21:36:04,29.70738,-95.04722,0.0,241.0,199.0,CAPT ANDY LAKE,,WDG4759,31,12,26,,,90,A
367539810,2022-01-01T21:15:25,29.70737,-95.04721,0.0,203.6,201.0,CAPT ANDY LAKE,,WDG4759,31,12,26,,,90,A
367539810,2022-01-01T21:55:46,29.70739,-95.04725,0.0,172.3,199.0,CAPT ANDY LAKE,,WDG4759,31,12,26,,,90,A
367539810,2022-01-01T21:59:15,29.70738,-95.04723,0.0,178.1,200.0,CAPT ANDY LAKE,,WDG4759,31,12,26,,,90,A
367539810,2022-01-01T21:20:04,29.70741,-95.04724,0.0,175.1,200.0,CAPT ANDY LAKE,,WDG4759,31,12,26,,,90,A
367539810,2022-01-01T21:22:25,29.70738,-95.04723,0.0,245.8,200.0,CAPT ANDY LAKE,,WDG4759,31,12,26,,,90,A
367539810,2022-01-01T21:51:05,29.70738,-95.04722,0.0,98.8,201.0,CAPT ANDY LAKE,,WDG4759,31,12,26,,,90,A
367539810,2022-01-01T22:04:46,29.70739,-95.04724,0.0,282.1,199.0,CAPT ANDY LAKE,,WDG4759,31,12,26,,,90,A
367539810,2022-01-01T21:45:15,29.70737,-95.04721,0.0,132.8,200.0,CAPT ANDY LAKE,,WDG4759,31,12,26,,,90,A
367539810,2022-01-01T21:34:55,29.70739,-95.04723,0.0,80.4,201.0,CAPT ANDY LAKE,,WDG4759,31,12,26,,,90,A
367539810,2022-01-01T22:00:05,29.70738,-95.04723,0.0,345.3,201.0,CAPT ANDY LAKE,,WDG4759,31,12,26,,,90,A
367539810,2022-01-01T22:12:44,29.70738,-95.04724,0.0,182.3,201.0,CAPT ANDY LAKE,,WDG4759,31,12,26,,,90,A
367539810,2022-01-01T22:03:34,29.70740,-95.04724,0.0,354.5,198.0,CAPT ANDY LAKE,,WDG4759,31,12,26,,,90,A
367539810,2022-01-01T23:06:05,29.70740,-95.04724,0.0,226.8,197.0,CAPT ANDY LAKE,,WDG4759,31,12,26,,,90,A
367539810,2022-01-01T22:19:35,29.70740,-95.04724,0.0,105.9,199.0,CAPT ANDY LAKE,,WDG4759,31,12,26,,,90,A
367539810,2022-01-01T22:20:45,29.70738,-95.04722,0.1,141.0,201.0,CAPT ANDY LAKE,,WDG4759,31,12,26,,,90,A
367539810,2022-01-01T22:21:55,29.70737,-95.04720,0.1,251.4,204.0,CAPT ANDY LAKE,,WDG4759,31,12,26,,,90,A
367539810,2022-01-01T22:08:15,29.70740,-95.04726,0.0,326.8,198.0,CAPT ANDY LAKE,,WDG4759,31,12,26,,,90,A
367539810,2022-01-01T22:25:24,29.70741,-95.04725,0.1,51.1,199.0,CAPT ANDY LAKE,,WDG4759,31,12,26,,,90,A
367539810,2022-01-01T22:11:35,29.70739,-95.04722,0.0,283.2,200.0,CAPT ANDY LAKE,,WDG4759,31,12,26,,,90,A
367539810,2022-01-01T21:42:55,29.70740,-95.04722,0.0,173.0,200.0,CAPT ANDY LAKE,,WDG4759,31,12,26,,,90,A
367539810,2022-01-01T22:13:55,29.70737,-95.04721,0.0,110.1,203.0,CAPT ANDY LAKE,,WDG4759,31,12,26,,,90,A
367539810,2022-01-01T23:16:26,29.70738,-95.04722,0.0,120.9,198.0,CAPT ANDY LAKE,,WDG4759,31,12,26,,,90,A
367539810,2022-01-01T22:28:55,29.70739,-95.04721,0.0,148.5,201.0,CAPT ANDY LAKE,,WDG4759,31,12,26,,,90,A
367539810,2022-01-01T22:07:05,29.70738,-95.04724,0.0,229.0,200.0,CAPT ANDY LAKE,,WDG4759,31,12,26,,,90,A
367539810,2022-01-01T22:17:16,29.70739,-95.04725,0.1,325.0,201.0,CAPT ANDY LAKE,,WDG4759,31,12,26,,,90,A
367539810,2022-01-01T22:18:25,29.70740,-95.04726,0.0,250.5,198.0,CAPT ANDY LAKE,,WDG4759,31,12,26,,,90,A
367539810,2022-01-01T22:27:44,29.70739,-95.04722,0.0,168.4,202.0,CAPT ANDY LAKE,,WDG4759,31,12,26,,,90,A
367539810,2022-01-01T23:36:24,29.70738,-95.04722,0.0,213.6,201.0,CAPT ANDY LAKE,,WDG4759,31,12,26,,,90,A
367539810,2022-01-01T22:47:55,29.70738,-95.04722,0.0,123.9,200.0,CAPT ANDY LAKE,,WDG4759,31,12,26,,,90,A
367539810,2022-01-01T22:23:05,29.70739,-95.04722,0.1,310.7,200.0,CAPT ANDY LAKE,,WDG4759,31,12,26,,,90,A
367539810,2022-01-01T23:38:45,29.70739,-95.04723,0.1,342.9,202.0,CAPT ANDY LAKE,,WDG4759,31,12,26,,,90,A
367539810,2022-01-01T22:50:16,29.70738,-95.04721,0.0,327.6,200.0,CAPT ANDY LAKE,,WDG4759,31,12,26,,,90,A
367539810,2022-01-01T22:52:34,29.70740,-95.04723,0.1,309.9,199.0,CAPT ANDY LAKE,,WDG4759,31,12,26,,,90,A
367539810,2022-01-01T22:38:26,29.70740,-95.04725,0.0,71.9,199.0,CAPT ANDY LAKE,,WDG4759,31,12,26,,,90,A
367539810,2022-01-01T22:54:55,29.70739,-95.04724,0.1,149.0,199.0,CAPT ANDY LAKE,,WDG4759,31,12,26,,,90,A
367539810,2022-01-01T22:37:14,29.70740,-95.04724,0.0,300.1,201.0,CAPT ANDY LAKE,,WDG4759,31,12,26,,,90,A
367539810,2022-01-01T22:59:34,29.70740,-95.04724,0.0,235.3,200.0,CAPT ANDY LAKE,,WDG4759,31,12,26,,,90,A
367539810,2022-01-01T23:00:04,29.70740,-95.04724,0.0,268.8,201.0,CAPT ANDY LAKE,,WDG4759,31,12,26,,,90,A
367539810,2022-01-01T22:42:04,29.70739,-95.04723,0.0,18.3,201.0,CAPT ANDY LAKE,,WDG4759,31,12,26,,,90,A
367539810,2022-01-01T23:04:54,29.70740,-95.04724,0.0,324.2,198.0,CAPT ANDY LAKE,,WDG4759,31,12,26,,,90,A
367539810,2022-01-01T22:44:25,29.70740,-95.04724,0.0,350.5,199.0,CAPT ANDY LAKE,,WDG4759,31,12,26,,,90,A
367539810,2022-01-01T23:55:54,29.70738,-95.04721,0.1,319.7,203.0,CAPT ANDY LAKE,,WDG4759,31,12,26,,,90,A
367539810,2022-01-01T22:31:15,29.70740,-95.04723,0.1,335.1,201.0,CAPT ANDY LAKE,,WDG4759,31,12,26,,,90,A
367539810,2022-01-01T23:07:14,29.70739,-95.04723,0.0,131.6,199.0,CAPT ANDY LAKE,,WDG4759,31,12,26,,,90,A
367539810,2022-01-01T23:08:15,29.70738,-95.04722,0.1,171.3,200.0,CAPT ANDY LAKE,,WDG4759,31,12,26,,,90,A
367539810,2022-01-01T22:32:26,29.70740,-95.04724,0.1,274.4,200.0,CAPT ANDY LAKE,,WDG4759,31,12,26,,,90,A
367539810,2022-01-01T23:59:24,29.70738,-95.04723,0.1,298.3,202.0,CAPT ANDY LAKE,,WDG4759,31,12,26,,,90,A
367539810,2022-01-01T23:10:35,29.70739,-95.04721,0.0,216.9,200.0,CAPT ANDY LAKE,,WDG4759,31,12,26,,,90,A
367539810,2022-01-01T22:56:05,29.70738,-95.04722,0.0,80.8,202.0,CAPT ANDY LAKE,,WDG4759,31,12,26,,,90,A
367539810,2022-01-01T22:30:04,29.70738,-95.04722,0.0,342.6,204.0,CAPT ANDY LAKE,,WDG4759,31,12,26,,,90,A
367539810,2022-01-01T22:58:24,29.70737,-95.04723,0.1,318.9,202.0,CAPT ANDY LAKE,,WDG4759,31,12,26,,,90,A
367539810,2022-01-01T23:21:06,29.70739,-95.04721,0.0,294.0,201.0,CAPT ANDY LAKE,,WDG4759,31,12,26,,,90,A
367539810,2022-01-01T23:25:44,29.70739,-95.04723,0.1,149.8,199.0,CAPT ANDY LAKE,,WDG4759,31,12,26,,,90,A
367539810,2022-01-01T23:24:35,29.70739,-95.04724,0.0,321.1,200.0,CAPT ANDY LAKE,,WDG4759,31,12,26,,,90,A
367539810,2022-01-01T23:12:54,29.70738,-95.04721,0.0,279.9,201.0,CAPT ANDY LAKE,,WDG4759,31,12,26,,,90,A
367539810,2022-01-01T23:32:05,29.70739,-95.04723,0.0,252.2,202.0,CAPT ANDY LAKE,,WDG4759,31,12,26,,,90,A
367539810,2022-01-01T23:14:04,29.70739,-95.04723,0.1,306.1,199.0,CAPT ANDY LAKE,,WDG4759,31,12,26,,,90,A
367539810,2022-01-01T22:53:44,29.70741,-95.04725,0.0,161.8,199.0,CAPT ANDY LAKE,,WDG4759,31,12,26,,,90,A
367539810,2022-01-01T22:46:44,29.70739,-95.04724,0.0,130.4,199.0,CAPT ANDY LAKE,,WDG4759,31,12,26,,,90,A
367539810,2022-01-01T23:15:14,29.70741,-95.04724,0.0,285.7,197.0,CAPT ANDY LAKE,,WDG4759,31,12,26,,,90,A
367539810,2022-01-01T23:37:34,29.70738,-95.04722,0.1,222.5,201.0,CAPT ANDY LAKE,,WDG4759,31,12,26,,,90,A
367539810,2022-01-01T23:18:44,29.70737,-95.04721,0.0,222.2,203.0,CAPT ANDY LAKE,,WDG4759,31,12,26,,,90,A
367539810,2022-01-01T23:17:34,29.70738,-95.04721,0.1,138.4,200.0,CAPT ANDY LAKE,,WDG4759,31,12,26,,,90,A
367539810,2022-01-01T10:06:25,29.70742,-95.04725,0.0,249.7,197.0,CAPT ANDY LAKE,,WDG4759,31,12,26,,,90,A
367539810,2022-01-01T23:22:15,29.70739,-95.04722,0.1,298.6,201.0,CAPT ANDY LAKE,,WDG4759,31,12,26,,,90,A
367539810,2022-01-01T23:45:45,29.70738,-95.04721,0.0,224.9,202.0,CAPT ANDY LAKE,,WDG4759,31,12,26,,,90,A
367539810,2022-01-01T23:28:05,29.70737,-95.04721,0.0,247.3,203.0,CAPT ANDY LAKE,,WDG4759,31,12,26,,,90,A
367539810,2022-01-01T23:41:05,29.70740,-95.04723,0.1,142.1,200.0,CAPT ANDY LAKE,,WDG4759,31,12,26,,,90,A
367539810,2022-01-01T23:49:05,29.70739,-95.04724,0.0,235.3,201.0,CAPT ANDY LAKE,,WDG4759,31,12,26,,,90,A
367539810,2022-01-01T23:42:14,29.70738,-95.04722,0.0,100.6,203.0,CAPT ANDY LAKE,,WDG4759,31,12,26,,,90,A
367539810,2022-01-01T10:08:45,29.70742,-95.04725,0.0,165.2,198.0,CAPT ANDY LAKE,,WDG4759,31,12,26,,,90,A
367539810,2022-01-01T23:11:45,29.70738,-95.04721,0.0,301.6,200.0,CAPT ANDY LAKE,,WDG4759,31,12,26,,,90,A
367539810,2022-01-01T23:33:15,29.70740,-95.04724,0.0,349.0,202.0,CAPT ANDY LAKE,,WDG4759,31,12,26,,,90,A
367539810,2022-01-01T23:53:34,29.70737,-95.04721,0.0,145.0,202.0,CAPT ANDY LAKE,,WDG4759,31,12,26,,,90,A
367539810,2022-01-01T23:19:55,29.70738,-95.04720,0.0,258.0,203.0,CAPT ANDY LAKE,,WDG4759,31,12,26,,,90,A
367539810,2022-01-01T23:39:55,29.70740,-95.04724,0.1,274.4,201.0,CAPT ANDY LAKE,,WDG4759,31,12,26,,,90,A
367539810,2022-01-01T23:23:24,29.70739,-95.04723,0.1,292.2,201.0,CAPT ANDY LAKE,,WDG4759,31,12,26,,,90,A
367539810,2022-01-01T23:26:55,29.70738,-95.04722,0.0,133.2,202.0,CAPT ANDY LAKE,,WDG4759,31,12,26,,,90,A
367539810,2022-01-01T23:29:15,29.70737,-95.04721,0.1,310.2,202.0,CAPT ANDY LAKE,,WDG4759,31,12,26,,,90,A
367539810,2022-01-01T23:43:25,29.70738,-95.04722,0.0,211.6,202.0,CAPT ANDY LAKE,,WDG4759,31,12,26,,,90,A
367539810,2022-01-01T23:44:36,29.70737,-95.04721,0.0,37.7,203.0,CAPT ANDY LAKE,,WDG4759,31,12,26,,,90,A
367539810,2022-01-01T23:51:24,29.70739,-95.04724,0.0,172.6,199.0,CAPT ANDY LAKE,,WDG4759,31,12,26,,,90,A
367539810,2022-01-01T23:58:14,29.70737,-95.04722,0.0,246.5,202.0,CAPT ANDY LAKE,,WDG4759,31,12,26,,,90,A
367539810,2022-01-01T23:52:25,29.70738,-95.04724,0.0,143.6,200.0,CAPT ANDY LAKE,,WDG4759,31,12,26,,,90,A
367539810,2022-01-01T23:54:45,29.70737,-95.04721,0.0,225.6,203.0,CAPT ANDY LAKE,,WDG4759,31,12,26,,,90,A
367539810,2022-01-01T10:48:14,29.70739,-95.04726,0.0,279.5,198.0,CAPT ANDY LAKE,,WDG4759,31,12,26,,,90,A
367539810,2022-01-01T10:55:04,29.70740,-95.04725,0.0,168.6,197.0,CAPT ANDY LAKE,,WDG4759,31,12,26,,,90,A
367539810,2022-01-01T11:16:55,29.70741,-95.04726,0.1,318.8,197.0,CAPT ANDY LAKE,,WDG4759,31,12,26,,,90,A
367539810,2022-01-01T11:19:14,29.70740,-95.04725,0.1,108.3,199.0,CAPT ANDY LAKE,,WDG4759,31,12,26,,,90,A
367539810,2022-01-01T11:23:45,29.70741,-95.04727,0.0,285.3,199.0,CAPT ANDY LAKE,,WDG4759,31,12,26,,,90,A
367539810,2022-01-01T11:32:06,29.70740,-95.04726,0.1,285.2,198.0,CAPT ANDY LAKE,,WDG4759,31,12,26,,,90,A
367539810,2022-01-01T11:46:04,29.70739,-95.04726,0.0,315.0,200.0,CAPT ANDY LAKE,,WDG4759,31,12,26,,,90,A
367539810,2022-01-01T11:47:15,29.70741,-95.04726,0.1,280.6,199.0,CAPT ANDY LAKE,,WDG4759,31,12,26,,,90,A
367539810,2022-01-01T12:02:25,29.70742,-95.04725,0.0,74.8,199.0,CAPT ANDY LAKE,,WDG4759,31,12,26,,,90,A
367539810,2022-01-01T12:07:25,29.70741,-95.04726,0.0,262.6,198.0,CAPT ANDY LAKE,,WDG4759,31,12,26,,,90,A
367539810,2022-01-01T12:08:35,29.70741,-95.04725,0.0,197.9,198.0,CAPT ANDY LAKE,,WDG4759,31,12,26,,,90,A
367539810,2022-01-01T12:11:55,29.70737,-95.04723,0.0,213.3,199.0,CAPT ANDY LAKE,,WDG4759,31,12,26,,,90,A
367539810,2022-01-01T12:22:35,29.70739,-95.04724,0.0,241.2,200.0,CAPT ANDY LAKE,,WDG4759,31,12,26,,,90,A
367539810,2022-01-01T12:38:54,29.70739,-95.04725,0.0,283.4,199.0,CAPT ANDY LAKE,,WDG4759,31,12,26,,,90,A
367539810,2022-01-01T12:42:15,29.70739,-95.04724,0.0,110.8,198.0,CAPT ANDY LAKE,,WDG4759,31,12,26,,,90,A
367539810,2022-01-01T12:52:54,29.70739,-95.04725,0.1,307.2,199.0,CAPT ANDY LAKE,,WDG4759,31,12,26,,,90,A
367539810,2022-01-01T12:54:05,29.70741,-95.04725,0.0,301.5,199.0,CAPT ANDY LAKE,,WDG4759,31,12,26,,,90,A
367539810,2022-01-01T13:25:05,29.70738,-95.04726,0.0,146.5,199.0,CAPT ANDY LAKE,,WDG4759,31,12,26,,,90,A
367539810,2022-01-01T13:31:55,29.70738,-95.04724,0.0,295.7,200.0,CAPT ANDY LAKE,,WDG4759,31,12,26,,,90,A
367539810,2022-01-01T13:37:44,29.70741,-95.04726,0.0,121.8,198.0,CAPT ANDY LAKE,,WDG4759,31,12,26,,,90,A
367539810,2022-01-01T13:51:35,29.70739,-95.04724,0.0,110.1,200.0,CAPT ANDY LAKE,,WDG4759,31,12,26,,,90,A
367539810,2022-01-01T14:02:35,29.70737,-95.04724,0.0,181.8,200.0,CAPT ANDY LAKE,,WDG4759,31,12,26,,,90,A
367539810,2022-01-01T14:09:25,29.70740,-95.04725,0.0,157.1,200.0,CAPT ANDY LAKE,,WDG4759,31,12,26,,,90,A
367539810,2022-01-01T15:01:04,29.70742,-95.04722,0.0,322.4,199.0,CAPT ANDY LAKE,,WDG4759,31,12,26,,,90,A
367539810,2022-01-01T15:05:45,29.70741,-95.04724,0.0,183.2,199.0,CAPT ANDY LAKE,,WDG4759,31,12,26,,,90,A
367539810,2022-01-01T15:21:15,29.70739,-95.04724,0.0,263.8,200.0,CAPT ANDY LAKE,,WDG4759,31,12,26,,,90,A
367539810,2022-01-01T15:22:24,29.70741,-95.04723,0.0,313.5,200.0,CAPT ANDY LAKE,,WDG4759,31,12,26,,,90,A
367539810,2022-01-01T15:45:16,29.70740,-95.04724,0.1,254.5,201.0,CAPT ANDY LAKE,,WDG4759,31,12,26,,,90,A
367539810,2022-01-01T15:54:45,29.70736,-95.04720,0.1,215.0,203.0,CAPT ANDY LAKE,,WDG4759,31,12,26,,,90,A
367539810,2022-01-01T16:06:44,29.70737,-95.04720,0.1,323.3,201.0,CAPT ANDY LAKE,,WDG4759,31,12,26,,,90,A
367539810,2022-01-01T16:10:15,29.70739,-95.04722,0.0,120.7,199.0,CAPT ANDY LAKE,,WDG4759,31,12,26,,,90,A
367539810,2022-01-01T16:19:54,29.70738,-95.04722,0.1,313.1,199.0,CAPT ANDY LAKE,,WDG4759,31,12,26,,,90,A
367539810,2022-01-01T16:23:14,29.70739,-95.04721,0.1,110.5,200.0,CAPT ANDY LAKE,,WDG4759,31,12,26,,,90,A
367539810,2022-01-01T16:26:45,29.70740,-95.04722,0.1,288.0,200.0,CAPT ANDY LAKE,,WDG4759,31,12,26,,,90,A
367539810,2022-01-01T16:32:34,29.70738,-95.04722,0.0,122.0,203.0,CAPT ANDY LAKE,,WDG4759,31,12,26,,,90,A
367539810,2022-01-01T16:36:25,29.70740,-95.04722,0.0,174.2,202.0,CAPT ANDY LAKE,,WDG4759,31,12,26,,,90,A
367539810,2022-01-01T16:50:14,29.70737,-95.04720,0.2,189.6,201.0,CAPT ANDY LAKE,,WDG4759,31,12,26,,,90,A
367539810,2022-01-01T16:53:45,29.70738,-95.04722,0.0,272.8,199.0,CAPT ANDY LAKE,,WDG4759,31,12,26,,,90,A
367539810,2022-01-01T17:05:34,29.70737,-95.04721,0.0,188.8,201.0,CAPT ANDY LAKE,,WDG4759,31,12,26,,,90,A
367539810,2022-01-01T17:19:35,29.70737,-95.04721,0.0,27.6,202.0,CAPT ANDY LAKE,,WDG4759,31,12,26,,,90,A
367539810,2022-01-01T17:25:14,29.70738,-95.04719,0.0,151.1,199.0,CAPT ANDY LAKE,,WDG4759,31,12,26,,,90,A
367539810,2022-01-01T17:40:24,29.70739,-95.04721,0.0,144.9,200.0,CAPT ANDY LAKE,,WDG4759,31,12,26,,,90,A
367539810,2022-01-01T17:41:35,29.70738,-95.04720,0.0,129.5,200.0,CAPT ANDY LAKE,,WDG4759,31,12,26,,,90,A
367539810,2022-01-01T17:42:44,29.70739,-95.04719,0.0,289.4,200.0,CAPT ANDY LAKE,,WDG4759,31,12,26,,,90,A
367539810,2022-01-01T17:45:04,29.70738,-95.04718,0.0,180.6,201.0,CAPT ANDY LAKE,,WDG4759,31,12,26,,,90,A
367539810,2022-01-01T17:46:14,29.70739,-95.04719,0.0,300.1,202.0,CAPT ANDY LAKE,,WDG4759,31,12,26,,,90,A
367539810,2022-01-01T18:03:45,29.70738,-95.04719,0.0,278.1,202.0,CAPT ANDY LAKE,,WDG4759,31,12,26,,,90,A
367539810,2022-01-01T18:25:15,29.70738,-95.04718,0.1,282.0,201.0,CAPT ANDY LAKE,,WDG4759,31,12,26,,,90,A
367539810,2022-01-01T18:26:25,29.70739,-95.04721,0.0,251.9,201.0,CAPT ANDY LAKE,,WDG4759,31,12,26,,,90,A
367539810,2022-01-01T18:29:54,29.70736,-95.04719,0.1,184.7,202.0,CAPT ANDY LAKE,,WDG4759,31,12,26,,,90,A
367539810,2022-01-01T18:38:55,29.70739,-95.04719,0.0,214.0,199.0,CAPT ANDY LAKE,,WDG4759,31,12,26,,,90,A
367539810,2022-01-01T18:44:44,29.70738,-95.04719,0.0,273.5,200.0,CAPT ANDY LAKE,,WDG4759,31,12,26,,,90,A
367539810,2022-01-01T18:52:54,29.70738,-95.04719,0.0,261.2,200.0,CAPT ANDY LAKE,,WDG4759,31,12,26,,,90,A
367539810,2022-01-01T19:01:56,29.70738,-95.04719,0.0,202.7,201.0,CAPT ANDY LAKE,,WDG4759,31,12,26,,,90,A
367539810,2022-01-01T19:21:54,29.70737,-95.04719,0.0,211.2,200.0,CAPT ANDY LAKE,,WDG4759,31,12,26,,,90,A
367539810,2022-01-01T19:36:44,29.70738,-95.04720,0.0,250.2,200.0,CAPT ANDY LAKE,,WDG4759,31,12,26,,,90,A
367539810,2022-01-01T19:54:05,29.70738,-95.04720,0.0,312.2,201.0,CAPT ANDY LAKE,,WDG4759,31,12,26,,,90,A
367539810,2022-01-01T20:17:25,29.70738,-95.04721,0.0,239.9,201.0,CAPT ANDY LAKE,,WDG4759,31,12,26,,,90,A
367539810,2022-01-01T20:33:16,29.70738,-95.04721,0.0,204.2,200.0,CAPT ANDY LAKE,,WDG4759,31,12,26,,,90,A
367539810,2022-01-01T20:34:25,29.70737,-95.04722,0.0,260.8,202.0,CAPT ANDY LAKE,,WDG4759,31,12,26,,,90,A
367539810,2022-01-01T20:36:45,29.70736,-95.04724,0.0,268.9,201.0,CAPT ANDY LAKE,,WDG4759,31,12,26,,,90,A
367539810,2022-01-01T20:39:04,29.70737,-95.04722,0.0,347.6,203.0,CAPT ANDY LAKE,,WDG4759,31,12,26,,,90,A
367539810,2022-01-01T20:46:24,29.70738,-95.04721,0.0,244.4,201.0,CAPT ANDY LAKE,,WDG4759,31,12,26,,,90,A
367539810,2022-01-01T21:00:14,29.70737,-95.04721,0.0,336.0,201.0,CAPT ANDY LAKE,,WDG4759,31,12,26,,,90,A
367539810,2022-01-01T21:07:15,29.70739,-95.04720,0.0,252.9,201.0,CAPT ANDY LAKE,,WDG4759,31,12,26,,,90,A
367539810,2022-01-01T21:17:45,29.70739,-95.04721,0.0,290.2,200.0,CAPT ANDY LAKE,,WDG4759,31,12,26,,,90,A
367539810,2022-01-01T21:29:24,29.70738,-95.04724,0.0,166.8,199.0,CAPT ANDY LAKE,,WDG4759,31,12,26,,,90,A
367539810,2022-01-01T21:44:05,29.70740,-95.04723,0.0,49.1,201.0,CAPT ANDY LAKE,,WDG4759,31,12,26,,,90,A
367539810,2022-01-01T21:48:45,29.70738,-95.04724,0.1,271.1,200.0,CAPT ANDY LAKE,,WDG4759,31,12,26,,,90,A
367539810,2022-01-01T21:49:55,29.70738,-95.04724,0.0,94.5,201.0,CAPT ANDY LAKE,,WDG4759,31,12,26,,,90,A
367539810,2022-01-01T21:58:05,29.70738,-95.04725,0.0,37.7,201.0,CAPT ANDY LAKE,,WDG4759,31,12,26,,,90,A
367539810,2022-01-01T22:09:16,29.70740,-95.04724,0.0,145.5,199.0,CAPT ANDY LAKE,,WDG4759,31,12,26,,,90,A
367539810,2022-01-01T22:10:34,29.70738,-95.04723,0.0,137.1,202.0,CAPT ANDY LAKE,,WDG4759,31,12,26,,,90,A
367539810,2022-01-01T22:15:04,29.70737,-95.04721,0.0,256.9,202.0,CAPT ANDY LAKE,,WDG4759,31,12,26,,,90,A
367539810,2022-01-01T22:26:35,29.70740,-95.04723,0.0,133.3,200.0,CAPT ANDY LAKE,,WDG4759,31,12,26,,,90,A
367539810,2022-01-01T22:33:34,29.70740,-95.04724,0.0,337.2,201.0,CAPT ANDY LAKE,,WDG4759,31,12,26,,,90,A
367539810,2022-01-01T22:39:35,29.70741,-95.04722,0.0,278.7,200.0,CAPT ANDY LAKE,,WDG4759,31,12,26,,,90,A
367539810,2022-01-01T22:40:55,29.70740,-95.04723,0.0,203.5,200.0,CAPT ANDY LAKE,,WDG4759,31,12,26,,,90,A
367539810,2022-01-01T22:43:15,29.70739,-95.04724,0.1,229.8,201.0,CAPT ANDY LAKE,,WDG4759,31,12,26,,,90,A
367539810,2022-01-01T22:45:35,29.70739,-95.04725,0.0,188.8,199.0,CAPT ANDY LAKE,,WDG4759,31,12,26,,,90,A
367539810,2022-01-01T22:49:05,29.70737,-95.04721,0.0,153.5,202.0,CAPT ANDY LAKE,,WDG4759,31,12,26,,,90,A
367539810,2022-01-01T22:51:25,29.70739,-95.04722,0.1,281.2,199.0,CAPT ANDY LAKE,,WDG4759,31,12,26,,,90,A
367539810,2022-01-01T22:57:14,29.70735,-95.04722,0.0,237.7,202.0,CAPT ANDY LAKE,,WDG4759,31,12,26,,,90,A
367539810,2022-01-01T23:02:34,29.70739,-95.04724,0.0,183.0,199.0,CAPT ANDY LAKE,,WDG4759,31,12,26,,,90,A
367539810,2022-01-01T23:03:44,29.70739,-95.04724,0.0,266.3,201.0,CAPT ANDY LAKE,,WDG4759,31,12,26,,,90,A
367539810,2022-01-01T23:09:26,29.70738,-95.04721,0.0,343.8,200.0,CAPT ANDY LAKE,,WDG4759,31,12,26,,,90,A
367539810,2022-01-01T23:30:55,29.70739,-95.04722,0.0,248.7,200.0,CAPT ANDY LAKE,,WDG4759,31,12,26,,,90,A
367539810,2022-01-01T23:34:24,29.70740,-95.04722,0.0,168.0,200.0,CAPT ANDY LAKE,,WDG4759,31,12,26,,,90,A
367539810,2022-01-01T23:46:55,29.70739,-95.04722,0.0,303.4,203.0,CAPT ANDY LAKE,,WDG4759,31,12,26,,,90,A
367539810,2022-01-01T23:47:56,29.70740,-95.04723,0.1,281.3,200.0,CAPT ANDY LAKE,,WDG4759,31,12,26,,,90,A
367539810,2022-01-01T23:50:15,29.70740,-95.04724,0.0,333.6,200.0,CAPT ANDY LAKE,,WDG4759,31,12,26,,,90,A
367539810,2022-01-01T23:57:05,29.70738,-95.04721,0.0,321.0,201.0,CAPT ANDY LAKE,,WDG4759,31,12,26,,,90,A
367539810,2022-01-02T00:00:54,29.70740,-95.04724,0.0,159.6,200.0,CAPT ANDY LAKE,,WDG4759,31,12,26,,,90,A
367539810,2022-01-02T00:02:04,29.70738,-95.04724,0.0,308.0,200.0,CAPT ANDY LAKE,,WDG4759,31,12,26,,,90,A
367539810,2022-01-02T00:03:14,29.70739,-95.04725,0.1,246.0,201.0,CAPT ANDY LAKE,,WDG4759,31,12,26,,,90,A
367539810,2022-01-02T00:05:34,29.70740,-95.04724,0.0,180.4,202.0,CAPT ANDY LAKE,,WDG4759,31,12,26,,,90,A
367539810,2022-01-02T00:04:25,29.70740,-95.04724,0.0,302.2,199.0,CAPT ANDY LAKE,,WDG4759,31,12,26,,,90,A
367539810,2022-01-02T00:06:45,29.70739,-95.04722,0.1,163.2,201.0,CAPT ANDY LAKE,,WDG4759,31,12,26,,,90,A
367539810,2022-01-02T00:07:46,29.70738,-95.04721,0.0,62.1,203.0,CAPT ANDY LAKE,,WDG4759,31,12,26,,,90,A
367539810,2022-01-02T00:10:05,29.70741,-95.04723,0.0,303.4,200.0,CAPT ANDY LAKE,,WDG4759,31,12,26,,,90,A
367539810,2022-01-02T00:11:24,29.70738,-95.04724,0.0,197.8,201.0,CAPT ANDY LAKE,,WDG4759,31,12,26,,,90,A
367539810,2022-01-02T00:12:34,29.70738,-95.04724,0.0,57.7,200.0,CAPT ANDY LAKE,,WDG4759,31,12,26,,,90,A
367539810,2022-01-02T00:13:44,29.70738,-95.04723,0.1,203.0,200.0,CAPT ANDY LAKE,,WDG4759,31,12,26,,,90,A
367539810,2022-01-02T00:14:54,29.70737,-95.04723,0.0,155.3,201.0,CAPT ANDY LAKE,,WDG4759,31,12,26,,,90,A
367539810,2022-01-02T00:17:16,29.70739,-95.04722,0.1,312.0,201.0,CAPT ANDY LAKE,,WDG4759,31,12,26,,,90,A
367539810,2022-01-02T00:16:05,29.70736,-95.04722,0.0,189.5,203.0,CAPT ANDY LAKE,,WDG4759,31,12,26,,,90,A
367539810,2022-01-02T00:18:25,29.70740,-95.04724,0.1,240.9,201.0,CAPT ANDY LAKE,,WDG4759,31,12,26,,,90,A
367539810,2022-01-02T00:19:34,29.70739,-95.04722,0.1,45.1,200.0,CAPT ANDY LAKE,,WDG4759,31,12,26,,,90,A
367539810,2022-01-02T00:20:45,29.70737,-95.04721,0.1,172.4,200.0,CAPT ANDY LAKE,,WDG4759,31,12,26,,,90,A
367539810,2022-01-02T00:23:04,29.70737,-95.04720,0.0,309.4,202.0,CAPT ANDY LAKE,,WDG4759,31,12,26,,,90,A
367539810,2022-01-02T00:21:54,29.70736,-95.04721,0.0,199.1,203.0,CAPT ANDY LAKE,,WDG4759,31,12,26,,,90,A
367539810,2022-01-02T00:24:15,29.70737,-95.04722,0.1,290.0,202.0,CAPT ANDY LAKE,,WDG4759,31,12,26,,,90,A
367539810,2022-01-02T00:26:36,29.70739,-95.04726,0.0,150.3,199.0,CAPT ANDY LAKE,,WDG4759,31,12,26,,,90,A
367539810,2022-01-02T00:08:55,29.70739,-95.04721,0.0,320.4,200.0,CAPT ANDY LAKE,,WDG4759,31,12,26,,,90,A
367539810,2022-01-02T00:25:25,29.70738,-95.04724,0.1,254.5,199.0,CAPT ANDY LAKE,,WDG4759,31,12,26,,,90,A
367539810,2022-01-02T00:27:44,29.70739,-95.04725,0.0,119.5,199.0,CAPT ANDY LAKE,,WDG4759,31,12,26,,,90,A
367539810,2022-01-02T00:31:15,29.70738,-95.04722,0.0,294.8,202.0,CAPT ANDY LAKE,,WDG4759,31,12,26,,,90,A
367539810,2022-01-02T00:28:55,29.70737,-95.04723,0.0,116.3,202.0,CAPT ANDY LAKE,,WDG4759,31,12,26,,,90,A
367539810,2022-01-02T00:30:04,29.70738,-95.04721,0.1,153.6,201.0,CAPT ANDY LAKE,,WDG4759,31,12,26,,,90,A
367539810,2022-01-02T00:33:36,29.70739,-95.04723,0.1,214.4,201.0,CAPT ANDY LAKE,,WDG4759,31,12,26,,,90,A
367539810,2022-01-02T00:40:35,29.70736,-95.04721,0.1,301.8,203.0,CAPT ANDY LAKE,,WDG4759,31,12,26,,,90,A
367539810,2022-01-02T00:34:45,29.70737,-95.04724,0.0,154.0,202.0,CAPT ANDY LAKE,,WDG4759,31,12,26,,,90,A
367539810,2022-01-02T00:37:15,29.70738,-95.04722,0.1,143.3,200.0,CAPT ANDY LAKE,,WDG4759,31,12,26,,,90,A
367539810,2022-01-02T00:39:26,29.70737,-95.04721,0.0,324.8,203.0,CAPT ANDY LAKE,,WDG4759,31,12,26,,,90,A
367539810,2022-01-02T00:38:16,29.70737,-95.04720,0.1,153.2,201.0,CAPT ANDY LAKE,,WDG4759,31,12,26,,,90,A
367539810,2022-01-02T00:44:05,29.70739,-95.04723,0.1,159.7,200.0,CAPT ANDY LAKE,,WDG4759,31,12,26,,,90,A
367539810,2022-01-02T00:45:15,29.70737,-95.04721,0.1,141.2,201.0,CAPT ANDY LAKE,,WDG4759,31,12,26,,,90,A
367539810,2022-01-02T00:41:44,29.70738,-95.04724,0.1,308.8,201.0,CAPT ANDY LAKE,,WDG4759,31,12,26,,,90,A
367539810,2022-01-02T00:42:54,29.70740,-95.04724,0.0,188.4,199.0,CAPT ANDY LAKE,,WDG4759,31,12,26,,,90,A
367539810,2022-01-02T00:46:24,29.70737,-95.04721,0.0,342.3,203.0,CAPT ANDY LAKE,,WDG4759,31,12,26,,,90,A
367539810,2022-01-02T00:47:34,29.70738,-95.04722,0.1,309.9,201.0,CAPT ANDY LAKE,,WDG4759,31,12,26,,,90,A
367539810,2022-01-02T00:48:44,29.70738,-95.04723,0.0,274.5,200.0,CAPT ANDY LAKE,,WDG4759,31,12,26,,,90,A
367539810,2022-01-02T00:49:54,29.70737,-95.04724,0.0,224.7,202.0,CAPT ANDY LAKE,,WDG4759,31,12,26,,,90,A
367539810,2022-01-02T00:53:25,29.70739,-95.04724,0.0,244.8,200.0,CAPT ANDY LAKE,,WDG4759,31,12,26,,,90,A
367539810,2022-01-02T00:52:15,29.70738,-95.04722,0.0,255.1,201.0,CAPT ANDY LAKE,,WDG4759,31,12,26,,,90,A
367539810,2022-01-02T00:54:34,29.70738,-95.04724,0.0,236.9,200.0,CAPT ANDY LAKE,,WDG4759,31,12,26,,,90,A
367539810,2022-01-02T00:55:45,29.70737,-95.04723,0.0,184.2,201.0,CAPT ANDY LAKE,,WDG4759,31,12,26,,,90,A
367539810,2022-01-02T01:06:25,29.70736,-95.04721,0.0,242.4,203.0,CAPT ANDY LAKE,,WDG4759,31,12,26,,,90,A
367539810,2022-01-02T00:58:05,29.70735,-95.04721,0.0,229.3,203.0,CAPT ANDY LAKE,,WDG4759,31,12,26,,,90,A
367539810,2022-01-02T00:59:14,29.70735,-95.04721,0.0,292.9,203.0,CAPT ANDY LAKE,,WDG4759,31,12,26,,,90,A
367539810,2022-01-02T00:56:54,29.70736,-95.04722,0.1,129.3,202.0,CAPT ANDY LAKE,,WDG4759,31,12,26,,,90,A
367539810,2022-01-02T01:00:54,29.70737,-95.04722,0.0,286.0,202.0,CAPT ANDY LAKE,,WDG4759,31,12,26,,,90,A
367539810,2022-01-02T01:02:25,29.70737,-95.04723,0.0,175.0,201.0,CAPT ANDY LAKE,,WDG4759,31,12,26,,,90,A
367539810,2022-01-02T01:03:35,29.70736,-95.04721,0.0,209.5,202.0,CAPT ANDY LAKE,,WDG4759,31,12,26,,,90,A
367539810,2022-01-02T01:04:45,29.70736,-95.04722,0.0,274.0,203.0,CAPT ANDY LAKE,,WDG4759,31,12,26,,,90,A
367539810,2022-01-02T01:07:35,29.70736,-95.04721,0.0,287.9,203.0,CAPT ANDY LAKE,,WDG4759,31,12,26,,,90,A
367539810,2022-01-02T01:10:04,29.70738,-95.04723,0.0,65.5,200.0,CAPT ANDY LAKE,,WDG4759,31,12,26,,,90,A
367539810,2022-01-02T01:08:45,29.70736,-95.04722,0.0,248.1,202.0,CAPT ANDY LAKE,,WDG4759,31,12,26,,,90,A
367539810,2022-01-02T01:11:14,29.70737,-95.04722,0.0,159.2,200.0,CAPT ANDY LAKE,,WDG4759,31,12,26,,,90,A
367539810,2022-01-02T01:18:14,29.70736,-95.04721,0.1,146.3,202.0,CAPT ANDY LAKE,,WDG4759,31,12,26,,,90,A
367539810,2022-01-02T00:32:25,29.70739,-95.04722,0.1,309.3,200.0,CAPT ANDY LAKE,,WDG4759,31,12,26,,,90,A
367539810,2022-01-02T01:17:05,29.70737,-95.04723,0.1,131.7,198.0,CAPT ANDY LAKE,,WDG4759,31,12,26,,,90,A
367539810,2022-01-02T01:13:35,29.70736,-95.04722,0.1,334.6,203.0,CAPT ANDY LAKE,,WDG4759,31,12,26,,,90,A
367539810,2022-01-02T01:19:25,29.70735,-95.04720,0.0,235.7,203.0,CAPT ANDY LAKE,,WDG4759,31,12,26,,,90,A
367539810,2022-01-02T01:14:44,29.70737,-95.04722,0.1,302.7,199.0,CAPT ANDY LAKE,,WDG4759,31,12,26,,,90,A
367539810,2022-01-02T01:15:55,29.70738,-95.04724,0.0,264.9,197.0,CAPT ANDY LAKE,,WDG4759,31,12,26,,,90,A
367539810,2022-01-02T01:24:05,29.70738,-95.04723,0.1,145.2,201.0,CAPT ANDY LAKE,,WDG4759,31,12,26,,,90,A
367539810,2022-01-02T00:36:05,29.70738,-95.04723,0.0,351.9,200.0,CAPT ANDY LAKE,,WDG4759,31,12,26,,,90,A
367539810,2022-01-02T01:20:36,29.70737,-95.04721,0.1,323.6,200.0,CAPT ANDY LAKE,,WDG4759,31,12,26,,,90,A
367539810,2022-01-02T01:22:56,29.70740,-95.04726,0.1,137.5,196.0,CAPT ANDY LAKE,,WDG4759,31,12,26,,,90,A
367539810,2022-01-02T01:21:45,29.70739,-95.04725,0.1,295.9,199.0,CAPT ANDY LAKE,,WDG4759,31,12,26,,,90,A
367539810,2022-01-02T01:29:54,29.70737,-95.04722,0.0,278.4,201.0,CAPT ANDY LAKE,,WDG4759,31,12,26,,,90,A
367539810,2022-01-02T01:25:15,29.70737,-95.04721,0.1,163.4,200.0,CAPT ANDY LAKE,,WDG4759,31,12,26,,,90,A
367539810,2022-01-02T01:30:55,29.70737,-95.04722,0.0,270.3,201.0,CAPT ANDY LAKE,,WDG4759,31,12,26,,,90,A
367539810,2022-01-02T01:28:45,29.70737,-95.04721,0.0,244.0,201.0,CAPT ANDY LAKE,,WDG4759,31,12,26,,,90,A
367539810,2022-01-02T01:26:24,29.70737,-95.04721,0.0,85.7,200.0,CAPT ANDY LAKE,,WDG4759,31,12,26,,,90,A
367539810,2022-01-02T01:27:36,29.70738,-95.04722,0.0,308.3,200.0,CAPT ANDY LAKE,,WDG4759,31,12,26,,,90,A
367539810,2022-01-02T01:36:46,29.70737,-95.04722,0.1,333.2,200.0,CAPT ANDY LAKE,,WDG4759,31,12,26,,,90,A
367539810,2022-01-02T01:32:04,29.70737,-95.04722,0.0,71.0,201.0,CAPT ANDY LAKE,,WDG4759,31,12,26,,,90,A
367539810,2022-01-02T01:33:05,29.70736,-95.04721,0.1,207.4,201.0,CAPT ANDY LAKE,,WDG4759,31,12,26,,,90,A
367539810,2022-01-02T01:34:14,29.70736,-95.04722,0.1,293.8,202.0,CAPT ANDY LAKE,,WDG4759,31,12,26,,,90,A
367539810,2022-01-02T01:35:24,29.70737,-95.04722,0.1,224.1,199.0,CAPT ANDY LAKE,,WDG4759,31,12,26,,,90,A
367539810,2022-01-02T01:42:35,29.70736,-95.04721,0.0,258.1,202.0,CAPT ANDY LAKE,,WDG4759,31,12,26,,,90,A
367539810,2022-01-02T01:41:24,29.70736,-95.04720,0.1,170.6,201.0,CAPT ANDY LAKE,,WDG4759,31,12,26,,,90,A
367539810,2022-01-02T01:43:46,29.70737,-95.04722,0.1,308.5,202.0,CAPT ANDY LAKE,,WDG4759,31,12,26,,,90,A
367539810,2022-01-02T01:40:15,29.70738,-95.04722,0.1,140.2,200.0,CAPT ANDY LAKE,,WDG4759,31,12,26,,,90,A
367539810,2022-01-02T01:44:55,29.70738,-95.04725,0.0,290.3,200.0,CAPT ANDY LAKE,,WDG4759,31,12,26,,,90,A
367539810,2022-01-02T01:37:55,29.70738,-95.04724,0.0,292.6,199.0,CAPT ANDY LAKE,,WDG4759,31,12,26,,,90,A
367539810,2022-01-02T01:47:14,29.70736,-95.04722,0.1,199.3,202.0,CAPT ANDY LAKE,,WDG4759,31,12,26,,,90,A
367539810,2022-01-02T01:49:34,29.70738,-95.04724,0.1,292.1,200.0,CAPT ANDY LAKE,,WDG4759,31,12,26,,,90,A
367539810,2022-01-02T01:53:04,29.70737,-95.04722,0.1,198.8,201.0,CAPT ANDY LAKE,,WDG4759,31,12,26,,,90,A
367539810,2022-01-02T01:51:55,29.70737,-95.04724,0.0,23.2,201.0,CAPT ANDY LAKE,,WDG4759,31,12,26,,,90,A
367539810,2022-01-02T01:54:14,29.70737,-95.04723,0.0,76.0,200.0,CAPT ANDY LAKE,,WDG4759,31,12,26,,,90,A
367539810,2022-01-02T01:46:04,29.70738,-95.04721,0.0,159.6,200.0,CAPT ANDY LAKE,,WDG4759,31,12,26,,,90,A
367539810,2022-01-02T01:56:24,29.70738,-95.04723,0.0,214.4,199.0,CAPT ANDY LAKE,,WDG4759,31,12,26,,,90,A
367539810,2022-01-02T01:58:45,29.70737,-95.04718,0.0,59.0,200.0,CAPT ANDY LAKE,,WDG4759,31,12,26,,,90,A
367539810,2022-01-02T00:51:05,29.70738,-95.04723,0.0,124.5,200.0,CAPT ANDY LAKE,,WDG4759,31,12,26,,,90,A
367539810,2022-01-02T01:55:16,29.70738,-95.04724,0.0,257.6,201.0,CAPT ANDY LAKE,,WDG4759,31,12,26,,,90,A
367539810,2022-01-02T02:01:14,29.70737,-95.04723,0.0,328.9,200.0,CAPT ANDY LAKE,,WDG4759,31,12,26,,,90,A
367539810,2022-01-02T01:57:36,29.70736,-95.04722,0.1,146.7,202.0,CAPT ANDY LAKE,,WDG4759,31,12,26,,,90,A
367539810,2022-01-02T02:05:55,29.70737,-95.04721,0.0,163.8,201.0,CAPT ANDY LAKE,,WDG4759,31,12,26,,,90,A
367539810,2022-01-02T01:59:56,29.70736,-95.04720,0.1,293.4,202.0,CAPT ANDY LAKE,,WDG4759,31,12,26,,,90,A
367539810,2022-01-02T02:02:24,29.70738,-95.04722,0.0,279.6,198.0,CAPT ANDY LAKE,,WDG4759,31,12,26,,,90,A
367539810,2022-01-02T02:08:15,29.70736,-95.04721,0.0,309.1,202.0,CAPT ANDY LAKE,,WDG4759,31,12,26,,,90,A
367539810,2022-01-02T02:03:36,29.70738,-95.04723,0.0,45.0,199.0,CAPT ANDY LAKE,,WDG4759,31,12,26,,,90,A
367539810,2022-01-02T02:04:45,29.70738,-95.04722,0.0,163.1,200.0,CAPT ANDY LAKE,,WDG4759,31,12,26,,,90,A
367539810,2022-01-02T02:13:05,29.70737,-95.04722,0.0,312.0,201.0,CAPT ANDY LAKE,,WDG4759,31,12,26,,,90,A
367539810,2022-01-02T02:07:06,29.70736,-95.04722,0.1,255.4,203.0,CAPT ANDY LAKE,,WDG4759,31,12,26,,,90,A
367539810,2022-01-02T02:20:05,29.70738,-95.04722,0.0,122.7,199.0,CAPT ANDY LAKE,,WDG4759,31,12,26,,,90,A
367539810,2022-01-02T02:10:36,29.70738,-95.04720,0.0,276.2,199.0,CAPT ANDY LAKE,,WDG4759,31,12,26,,,90,A
367539810,2022-01-02T02:11:54,29.70737,-95.04722,0.0,248.6,202.0,CAPT ANDY LAKE,,WDG4759,31,12,26,,,90,A
367539810,2022-01-02T02:15:24,29.70737,-95.04721,0.0,333.9,202.0,CAPT ANDY LAKE,,WDG4759,31,12,26,,,90,A
367539810,2022-01-02T02:14:15,29.70737,-95.04720,0.0,180.4,200.0,CAPT ANDY LAKE,,WDG4759,31,12,26,,,90,A
367539810,2022-01-02T02:18:54,29.70739,-95.04725,0.0,8.9,198.0,CAPT ANDY LAKE,,WDG4759,31,12,26,,,90,A
367539810,2022-01-02T02:16:35,29.70737,-95.04723,0.1,308.8,201.0,CAPT ANDY LAKE,,WDG4759,31,12,26,,,90,A
367539810,2022-01-02T02:17:45,29.70739,-95.04724,0.1,306.3,201.0,CAPT ANDY LAKE,,WDG4759,31,12,26,,,90,A
367539810,2022-01-02T02:21:16,29.70739,-95.04722,0.0,267.4,199.0,CAPT ANDY LAKE,,WDG4759,31,12,26,,,90,A
367539810,2022-01-02T02:22:24,29.70738,-95.04722,0.0,174.3,199.0,CAPT ANDY LAKE,,WDG4759,31,12,26,,,90,A
367539810,2022-01-02T02:24:34,29.70736,-95.04720,0.0,222.1,202.0,CAPT ANDY LAKE,,WDG4759,31,12,26,,,90,A
367539810,2022-01-02T02:34:05,29.70738,-95.04723,0.1,283.4,200.0,CAPT ANDY LAKE,,WDG4759,31,12,26,,,90,A
367539810,2022-01-02T02:25:44,29.70736,-95.04720,0.1,272.5,200.0,CAPT ANDY LAKE,,WDG4759,31,12,26,,,90,A
367539810,2022-01-02T02:26:55,29.70738,-95.04722,0.0,333.1,200.0,CAPT ANDY LAKE,,WDG4759,31,12,26,,,90,A
367539810,2022-01-02T02:37:56,29.70737,-95.04721,0.1,207.3,203.0,CAPT ANDY LAKE,,WDG4759,31,12,26,,,90,A
367539810,2022-01-02T02:29:16,29.70738,-95.04722,0.0,198.8,198.0,CAPT ANDY LAKE,,WDG4759,31,12,26,,,90,A
367539810,2022-01-02T02:31:54,29.70736,-95.04717,0.1,152.4,200.0,CAPT ANDY LAKE,,WDG4759,31,12,26,,,90,A
367539810,2022-01-02T02:28:04,29.70738,-95.04722,0.1,296.3,200.0,CAPT ANDY LAKE,,WDG4759,31,12,26,,,90,A
367539810,2022-01-02T02:30:45,29.70739,-95.04721,0.1,135.4,198.0,CAPT ANDY LAKE,,WDG4759,31,12,26,,,90,A
367539810,2022-01-02T02:40:16,29.70738,-95.04723,0.0,191.0,199.0,CAPT ANDY LAKE,,WDG4759,31,12,26,,,90,A
367539810,2022-01-02T02:41:25,29.70737,-95.04722,0.0,103.2,203.0,CAPT ANDY LAKE,,WDG4759,31,12,26,,,90,A
367539810,2022-01-02T02:39:05,29.70739,-95.04722,0.1,334.5,200.0,CAPT ANDY LAKE,,WDG4759,31,12,26,,,90,A
367539810,2022-01-02T02:43:45,29.70737,-95.04720,0.1,317.2,202.0,CAPT ANDY LAKE,,WDG4759,31,12,26,,,90,A
367539810,2022-01-02T01:12:25,29.70736,-95.04721,0.0,192.5,202.0,CAPT ANDY LAKE,,WDG4759,31,12,26,,,90,A
367539810,2022-01-02T02:33:04,29.70737,-95.04720,0.1,307.0,201.0,CAPT ANDY LAKE,,WDG4759,31,12,26,,,90,A
367539810,2022-01-02T02:35:34,29.70741,-95.04724,0.0,221.2,199.0,CAPT ANDY LAKE,,WDG4759,31,12,26,,,90,A
367539810,2022-01-02T02:36:45,29.70739,-95.04722,0.1,119.6,200.0,CAPT ANDY LAKE,,WDG4759,31,12,26,,,90,A
367539810,2022-01-02T02:48:15,29.70739,-95.04724,0.1,174.5,200.0,CAPT ANDY LAKE,,WDG4759,31,12,26,,,90,A
367539810,2022-01-02T02:49:24,29.70738,-95.04722,0.0,320.7,204.0,CAPT ANDY LAKE,,WDG4759,31,12,26,,,90,A
367539810,2022-01-02T02:42:34,29.70737,-95.04720,0.0,209.7,203.0,CAPT ANDY LAKE,,WDG4759,31,12,26,,,90,A
367539810,2022-01-02T02:51:45,29.70739,-95.04724,0.0,259.0,200.0,CAPT ANDY LAKE,,WDG4759,31,12,26,,,90,A
367539810,2022-01-02T02:52:55,29.70738,-95.04724,0.0,180.7,201.0,CAPT ANDY LAKE,,WDG4759,31,12,26,,,90,A
367539810,2022-01-02T02:47:05,29.70740,-95.04724,0.1,352.8,200.0,CAPT ANDY LAKE,,WDG4759,31,12,26,,,90,A
367539810,2022-01-02T02:56:24,29.70739,-95.04722,0.1,329.6,202.0,CAPT ANDY LAKE,,WDG4759,31,12,26,,,90,A
367539810,2022-01-02T02:45:56,29.70738,-95.04722,0.1,265.6,201.0,CAPT ANDY LAKE,,WDG4759,31,12,26,,,90,A
367539810,2022-01-02T02:55:14,29.70738,-95.04722,0.1,211.7,201.0,CAPT ANDY LAKE,,WDG4759,31,12,26,,,90,A
367539810,2022-01-02T02:50:35,29.70740,-95.04724,0.1,352.2,200.0,CAPT ANDY LAKE,,WDG4759,31,12,26,,,90,A
367539810,2022-01-02T03:00:14,29.70739,-95.04722,0.0,307.3,201.0,CAPT ANDY LAKE,,WDG4759,31,12,26,,,90,A
367539810,2022-01-02T02:57:34,29.70739,-95.04722,0.1,294.7,202.0,CAPT ANDY LAKE,,WDG4759,31,12,26,,,90,A
367539810,2022-01-02T02:59:54,29.70739,-95.04722,0.0,302.5,201.0,CAPT ANDY LAKE,,WDG4759,31,12,26,,,90,A
367539810,2022-01-02T02:54:05,29.70738,-95.04724,0.0,6.0,202.0,CAPT ANDY LAKE,,WDG4759,31,12,26,,,90,A
367539810,2022-01-02T02:58:45,29.70739,-95.04722,0.0,99.2,201.0,CAPT ANDY LAKE,,WDG4759,31,12,26,,,90,A
367539810,2022-01-02T03:08:35,29.70738,-95.04724,0.1,319.2,203.0,CAPT ANDY LAKE,,WDG4759,31,12,26,,,90,A
367539810,2022-01-02T03:01:25,29.70738,-95.04724,0.1,281.6,202.0,CAPT ANDY LAKE,,WDG4759,31,12,26,,,90,A
367539810,2022-01-02T03:03:45,29.70738,-95.04724,0.0,45.6,202.0,CAPT ANDY LAKE,,WDG4759,31,12,26,,,90,A
367539810,2022-01-02T03:02:34,29.70738,-95.04724,0.0,208.7,202.0,CAPT ANDY LAKE,,WDG4759,31,12,26,,,90,A
367539810,2022-01-02T03:04:54,29.70737,-95.04721,0.1,163.6,202.0,CAPT ANDY LAKE,,WDG4759,31,12,26,,,90,A
367539810,2022-01-02T03:09:55,29.70739,-95.04724,0.0,345.6,200.0,CAPT ANDY LAKE,,WDG4759,31,12,26,,,90,A
367539810,2022-01-02T03:06:06,29.70737,-95.04721,0.1,312.6,203.0,CAPT ANDY LAKE,,WDG4759,31,12,26,,,90,A
367539810,2022-01-02T01:39:04,29.70739,-95.04725,0.1,290.8,198.0,CAPT ANDY LAKE,,WDG4759,31,12,26,,,90,A
367539810,2022-01-02T03:11:06,29.70740,-95.04724,0.0,337.9,201.0,CAPT ANDY LAKE,,WDG4759,31,12,26,,,90,A
367539810,2022-01-02T03:07:34,29.70737,-95.04723,0.1,301.2,204.0,CAPT ANDY LAKE,,WDG4759,31,12,26,,,90,A
367539810,2022-01-02T03:24:05,29.70741,-95.04723,0.1,155.3,201.0,CAPT ANDY LAKE,,WDG4759,31,12,26,,,90,A
367539810,2022-01-02T03:21:46,29.70740,-95.04723,0.0,273.1,202.0,CAPT ANDY LAKE,,WDG4759,31,12,26,,,90,A
367539810,2022-01-02T03:14:54,29.70738,-95.04721,0.0,74.4,203.0,CAPT ANDY LAKE,,WDG4759,31,12,26,,,90,A
367539810,2022-01-02T03:19:35,29.70739,-95.04724,0.1,327.4,202.0,CAPT ANDY LAKE,,WDG4759,31,12,26,,,90,A
367539810,2022-01-02T03:20:45,29.70739,-95.04723,0.0,273.4,200.0,CAPT ANDY LAKE,,WDG4759,31,12,26,,,90,A
367539810,2022-01-02T03:22:55,29.70738,-95.04723,0.0,217.8,200.0,CAPT ANDY LAKE,,WDG4759,31,12,26,,,90,A
367539810,2022-01-02T03:26:25,29.70739,-95.04722,0.1,297.5,202.0,CAPT ANDY LAKE,,WDG4759,31,12,26,,,90,A
367539810,2022-01-02T03:12:35,29.70740,-95.04723,0.0,326.9,200.0,CAPT ANDY LAKE,,WDG4759,31,12,26,,,90,A
367539810,2022-01-02T03:16:05,29.70738,-95.04722,0.0,312.7,202.0,CAPT ANDY LAKE,,WDG4759,31,12,26,,,90,A
367539810,2022-01-02T03:17:14,29.70738,-95.04722,0.0,263.8,201.0,CAPT ANDY LAKE,,WDG4759,31,12,26,,,90,A
367539810,2022-01-02T03:33:15,29.70739,-95.04721,0.0,314.9,202.0,CAPT ANDY LAKE,,WDG4759,31,12,26,,,90,A
367539810,2022-01-02T03:32:05,29.70738,-95.04722,0.0,154.3,203.0,CAPT ANDY LAKE,,WDG4759,31,12,26,,,90,A
367539810,2022-01-02T03:25:14,29.70739,-95.04721,0.0,222.3,204.0,CAPT ANDY LAKE,,WDG4759,31,12,26,,,90,A
367539810,2022-01-02T03:28:45,29.70741,-95.04726,0.0,254.4,197.0,CAPT ANDY LAKE,,WDG4759,31,12,26,,,90,A
367539810,2022-01-02T03:27:35,29.70739,-95.04724,0.1,337.6,200.0,CAPT ANDY LAKE,,WDG4759,31,12,26,,,90,A
367539810,2022-01-02T03:29:54,29.70739,-95.04725,0.1,176.6,200.0,CAPT ANDY LAKE,,WDG4759,31,12,26,,,90,A
367539810,2022-01-02T03:38:25,29.70740,-95.04723,0.0,327.4,201.0,CAPT ANDY LAKE,,WDG4759,31,12,26,,,90,A
367539810,2022-01-02T03:39:34,29.70740,-95.04723,0.0,274.1,200.0,CAPT ANDY LAKE,,WDG4759,31,12,26,,,90,A
367539810,2022-01-02T03:40:44,29.70739,-95.04723,0.0,299.7,199.0,CAPT ANDY LAKE,,WDG4759,31,12,26,,,90,A
367539810,2022-01-02T01:48:24,29.70737,-95.04723,0.0,302.2,201.0,CAPT ANDY LAKE,,WDG4759,31,12,26,,,90,A
367539810,2022-01-02T03:47:44,29.70736,-95.04721,0.0,314.5,203.0,CAPT ANDY LAKE,,WDG4759,31,12,26,,,90,A
367539810,2022-01-02T03:41:56,29.70740,-95.04723,0.0,126.0,202.0,CAPT ANDY LAKE,,WDG4759,31,12,26,,,90,A
367539810,2022-01-02T01:50:45,29.70737,-95.04724,0.0,110.2,201.0,CAPT ANDY LAKE,,WDG4759,31,12,26,,,90,A
367539810,2022-01-02T03:48:56,29.70737,-95.04722,0.0,290.2,201.0,CAPT ANDY LAKE,,WDG4759,31,12,26,,,90,A
367539810,2022-01-02T03:37:15,29.70739,-95.04722,0.0,248.8,199.0,CAPT ANDY LAKE,,WDG4759,31,12,26,,,90,A
367539810,2022-01-02T03:46:34,29.70736,-95.04721,0.1,177.0,201.0,CAPT ANDY LAKE,,WDG4759,31,12,26,,,90,A
367539810,2022-01-02T03:50:05,29.70737,-95.04723,0.0,288.8,201.0,CAPT ANDY LAKE,,WDG4759,31,12,26,,,90,A
367539810,2022-01-02T03:43:05,29.70738,-95.04722,0.0,230.0,201.0,CAPT ANDY LAKE,,WDG4759,31,12,26,,,90,A
367539810,2022-01-02T03:44:16,29.70738,-95.04723,0.1,279.2,202.0,CAPT ANDY LAKE,,WDG4759,31,12,26,,,90,A
367539810,2022-01-02T03:59:24,29.70736,-95.04721,0.0,242.1,203.0,CAPT ANDY LAKE,,WDG4759,31,12,26,,,90,A
367539810,2022-01-02T03:45:25,29.70738,-95.04723,0.0,132.4,201.0,CAPT ANDY LAKE,,WDG4759,31,12,26,,,90,A
367539810,2022-01-02T03:52:24,29.70738,-95.04723,0.0,109.1,201.0,CAPT ANDY LAKE,,WDG4759,31,12,26,,,90,A
367539810,2022-01-02T03:57:04,29.70736,-95.04721,0.1,156.0,203.0,CAPT ANDY LAKE,,WDG4759,31,12,26,,,90,A
367539810,2022-01-02T04:03:45,29.70737,-95.04722,0.0,323.6,201.0,CAPT ANDY LAKE,,WDG4759,31,12,26,,,90,A
367539810,2022-01-02T04:04:54,29.70738,-95.04721,0.0,171.6,200.0,CAPT ANDY LAKE,,WDG4759,31,12,26,,,90,A
367539810,2022-01-02T03:51:15,29.70738,-95.04724,0.0,281.3,202.0,CAPT ANDY LAKE,,WDG4759,31,12,26,,,90,A
367539810,2022-01-02T03:58:15,29.70736,-95.04721,0.1,322.4,203.0,CAPT ANDY LAKE,,WDG4759,31,12,26,,,90,A
367539810,2022-01-02T04:07:45,29.70736,-95.04721,0.1,233.8,203.0,CAPT ANDY LAKE,,WDG4759,31,12,26,,,90,A
367539810,2022-01-02T03:53:34,29.70736,-95.04720,0.1,198.3,204.0,CAPT ANDY LAKE,,WDG4759,31,12,26,,,90,A
367539810,2022-01-02T04:12:15,29.70738,-95.04723,0.0,332.1,201.0,CAPT ANDY LAKE,,WDG4759,31,12,26,,,90,A
367539810,2022-01-02T04:02:34,29.70737,-95.04722,0.0,299.4,201.0,CAPT ANDY LAKE,,WDG4759,31,12,26,,,90,A
367539810,2022-01-02T04:13:24,29.70738,-95.04722,0.0,159.6,200.0,CAPT ANDY LAKE,,WDG4759,31,12,26,,,90,A
367539810,2022-01-02T03:55:55,29.70737,-95.04722,0.0,260.8,201.0,CAPT ANDY LAKE,,WDG4759,31,12,26,,,90,A
367539810,2022-01-02T04:08:54,29.70738,-95.04721,0.0,313.8,201.0,CAPT ANDY LAKE,,WDG4759,31,12,26,,,90,A
367539810,2022-01-02T04:10:04,29.70737,-95.04722,0.1,18.0,201.0,CAPT ANDY LAKE,,WDG4759,31,12,26,,,90,A
367539810,2022-01-02T04:11:05,29.70738,-95.04722,0.1,291.8,202.0,CAPT ANDY LAKE,,WDG4759,31,12,26,,,90,A
367539810,2022-01-02T04:06:04,29.70737,-95.04721,0.0,288.7,202.0,CAPT ANDY LAKE,,WDG4759,31,12,26,,,90,A
367539810,2022-01-02T04:15:44,29.70738,-95.04722,0.0,244.2,200.0,CAPT ANDY LAKE,,WDG4759,31,12,26,,,90,A
367539810,2022-01-02T04:24:04,29.70738,-95.04723,0.0,257.2,200.0,CAPT ANDY LAKE,,WDG4759,31,12,26,,,90,A
367539810,2022-01-02T04:14:34,29.70736,-95.04722,0.0,49.8,202.0,CAPT ANDY LAKE,,WDG4759,31,12,26,,,90,A
367539810,2022-01-02T04:22:55,29.70738,-95.04721,0.0,334.9,200.0,CAPT ANDY LAKE,,WDG4759,31,12,26,,,90,A
367539810,2022-01-02T04:26:16,29.70739,-95.04723,0.0,244.6,199.0,CAPT ANDY LAKE,,WDG4759,31,12,26,,,90,A
367539810,2022-01-02T02:09:25,29.70738,-95.04721,0.0,293.5,200.0,CAPT ANDY LAKE,,WDG4759,31,12,26,,,90,A
367539810,2022-01-02T04:20:35,29.70738,-95.04722,0.0,284.9,203.0,CAPT ANDY LAKE,,WDG4759,31,12,26,,,90,A
367539810,2022-01-02T04:16:55,29.70737,-95.04723,0.0,310.0,201.0,CAPT ANDY LAKE,,WDG4759,31,12,26,,,90,A
367539810,2022-01-02T04:31:04,29.70739,-95.04723,0.0,353.0,200.0,CAPT ANDY LAKE,,WDG4759,31,12,26,,,90,A
367539810,2022-01-02T04:32:05,29.70739,-95.04722,0.0,318.0,200.0,CAPT ANDY LAKE,,WDG4759,31,12,26,,,90,A
367539810,2022-01-02T04:18:15,29.70738,-95.04723,0.0,62.4,200.0,CAPT ANDY LAKE,,WDG4759,31,12,26,,,90,A
367539810,2022-01-02T04:21:44,29.70738,-95.04721,0.0,296.2,202.0,CAPT ANDY LAKE,,WDG4759,31,12,26,,,90,A
367539810,2022-01-02T04:37:46,29.70738,-95.04723,0.0,267.4,201.0,CAPT ANDY LAKE,,WDG4759,31,12,26,,,90,A
367539810,2022-01-02T04:36:44,29.70739,-95.04723,0.0,175.6,200.0,CAPT ANDY LAKE,,WDG4759,31,12,26,,,90,A
367539810,2022-01-02T04:28:55,29.70740,-95.04724,0.0,198.7,199.0,CAPT ANDY LAKE,,WDG4759,31,12,26,,,90,A
367539810,2022-01-02T04:40:05,29.70738,-95.04724,0.0,323.7,203.0,CAPT ANDY LAKE,,WDG4759,31,12,26,,,90,A
367539810,2022-01-02T04:38:55,29.70738,-95.04723,0.0,209.1,201.0,CAPT ANDY LAKE,,WDG4759,31,12,26,,,90,A
367539810,2022-01-02T04:25:05,29.70738,-95.04723,0.1,269.8,201.0,CAPT ANDY LAKE,,WDG4759,31,12,26,,,90,A
367539810,2022-01-02T04:42:24,29.70739,-95.04725,0.0,242.1,201.0,CAPT ANDY LAKE,,WDG4759,31,12,26,,,90,A
367539810,2022-01-02T04:27:44,29.70740,-95.04724,0.0,231.5,200.0,CAPT ANDY LAKE,,WDG4759,31,12,26,,,90,A
367539810,2022-01-02T04:33:15,29.70738,-95.04723,0.0,230.3,201.0,CAPT ANDY LAKE,,WDG4759,31,12,26,,,90,A
367539810,2022-01-02T04:44:46,29.70738,-95.04725,0.0,226.8,201.0,CAPT ANDY LAKE,,WDG4759,31,12,26,,,90,A
367539810,2022-01-02T04:34:25,29.70738,-95.04723,0.0,201.4,203.0,CAPT ANDY LAKE,,WDG4759,31,12,26,,,90,A
367539810,2022-01-02T04:49:25,29.70737,-95.04722,0.0,259.3,200.0,CAPT ANDY LAKE,,WDG4759,31,12,26,,,90,A
367539810,2022-01-02T04:35:34,29.70738,-95.04723,0.0,86.2,203.0,CAPT ANDY LAKE,,WDG4759,31,12,26,,,90,A
367539810,2022-01-02T04:50:35,29.70737,-95.04722,0.0,238.3,201.0,CAPT ANDY LAKE,,WDG4759,31,12,26,,,90,A
367539810,2022-01-02T04:51:44,29.70737,-95.04722,0.0,211.4,202.0,CAPT ANDY LAKE,,WDG4759,31,12,26,,,90,A
367539810,2022-01-02T04:52:45,29.70737,-95.04722,0.0,324.4,202.0,CAPT ANDY LAKE,,WDG4759,31,12,26,,,90,A
367539810,2022-01-02T04:41:14,29.70739,-95.04724,0.0,333.7,201.0,CAPT ANDY LAKE,,WDG4759,31,12,26,,,90,A
367539810,2022-01-02T04:56:14,29.70738,-95.04723,0.0,274.2,201.0,CAPT ANDY LAKE,,WDG4759,31,12,26,,,90,A
367539810,2022-01-02T04:58:34,29.70738,-95.04724,0.0,281.5,202.0,CAPT ANDY LAKE,,WDG4759,31,12,26,,,90,A
367539810,2022-01-02T04:57:25,29.70738,-95.04724,0.0,297.1,201.0,CAPT ANDY LAKE,,WDG4759,31,12,26,,,90,A
367539810,2022-01-02T02:23:25,29.70738,-95.04722,0.0,199.2,199.0,CAPT ANDY LAKE,,WDG4759,31,12,26,,,90,A
367539810,2022-01-02T05:01:25,29.70739,-95.04725,0.0,298.1,200.0,CAPT ANDY LAKE,,WDG4759,31,12,26,,,90,A
367539810,2022-01-02T04:45:55,29.70738,-95.04725,0.0,163.1,202.0,CAPT ANDY LAKE,,WDG4759,31,12,26,,,90,A
367539810,2022-01-02T04:48:15,29.70738,-95.04723,0.0,347.9,203.0,CAPT ANDY LAKE,,WDG4759,31,12,26,,,90,A
367539810,2022-01-02T05:03:15,29.70740,-95.04724,0.0,202.5,200.0,CAPT ANDY LAKE,,WDG4759,31,12,26,,,90,A
367539810,2022-01-02T05:06:45,29.70738,-95.04723,0.0,201.2,200.0,CAPT ANDY LAKE,,WDG4759,31,12,26,,,90,A
367539810,2022-01-02T05:05:35,29.70737,-95.04723,0.0,209.3,201.0,CAPT ANDY LAKE,,WDG4759,31,12,26,,,90,A
367539810,2022-01-02T04:53:55,29.70737,-95.04722,0.0,273.1,202.0,CAPT ANDY LAKE,,WDG4759,31,12,26,,,90,A
367539810,2022-01-02T05:07:55,29.70737,-95.04722,0.0,262.6,201.0,CAPT ANDY LAKE,,WDG4759,31,12,26,,,90,A
367539810,2022-01-02T05:13:45,29.70738,-95.04724,0.0,197.9,200.0,CAPT ANDY LAKE,,WDG4759,31,12,26,,,90,A
367539810,2022-01-02T05:00:04,29.70739,-95.04724,0.0,311.0,201.0,CAPT ANDY LAKE,,WDG4759,31,12,26,,,90,A
367539810,2022-01-02T05:14:46,29.70738,-95.04724,0.0,166.3,200.0,CAPT ANDY LAKE,,WDG4759,31,12,26,,,90,A
367539810,2022-01-02T05:17:05,29.70737,-95.04724,0.0,219.6,202.0,CAPT ANDY LAKE,,WDG4759,31,12,26,,,90,A
367539810,2022-01-02T05:04:24,29.70737,-95.04722,0.0,200.0,200.0,CAPT ANDY LAKE,,WDG4759,31,12,26,,,90,A
367539810,2022-01-02T05:18:15,29.70737,-95.04724,0.0,308.6,202.0,CAPT ANDY LAKE,,WDG4759,31,12,26,,,90,A
367539810,2022-01-02T04:59:45,29.70739,-95.04724,0.0,348.5,201.0,CAPT ANDY LAKE,,WDG4759,31,12,26,,,90,A
367539810,2022-01-02T05:21:45,29.70737,-95.04724,0.0,231.1,202.0,CAPT ANDY LAKE,,WDG4759,31,12,26,,,90,A
367539810,2022-01-02T05:22:54,29.70736,-95.04724,0.0,116.8,203.0,CAPT ANDY LAKE,,WDG4759,31,12,26,,,90,A
367539810,2022-01-02T05:24:05,29.70736,-95.04723,0.0,248.3,203.0,CAPT ANDY LAKE,,WDG4759,31,12,26,,,90,A
367539810,2022-01-02T05:26:24,29.70737,-95.04725,0.0,246.6,202.0,CAPT ANDY LAKE,,WDG4759,31,12,26,,,90,A
367539810,2022-01-02T05:27:35,29.70736,-95.04724,0.0,169.3,203.0,CAPT ANDY LAKE,,WDG4759,31,12,26,,,90,A
367539810,2022-01-02T05:10:15,29.70737,-95.04722,0.0,244.9,202.0,CAPT ANDY LAKE,,WDG4759,31,12,26,,,90,A
367539810,2022-01-02T05:28:36,29.70736,-95.04722,0.0,177.6,204.0,CAPT ANDY LAKE,,WDG4759,31,12,26,,,90,A
367539810,2022-01-02T05:11:24,29.70738,-95.04724,0.0,309.0,202.0,CAPT ANDY LAKE,,WDG4759,31,12,26,,,90,A
367539810,2022-01-02T05:12:35,29.70738,-95.04725,0.0,338.0,200.0,CAPT ANDY LAKE,,WDG4759,31,12,26,,,90,A
367539810,2022-01-02T05:25:15,29.70736,-95.04723,0.0,36.9,203.0,CAPT ANDY LAKE,,WDG4759,31,12,26,,,90,A
367539810,2022-01-02T05:15:54,29.70738,-95.04724,0.0,183.8,201.0,CAPT ANDY LAKE,,WDG4759,31,12,26,,,90,A
367539810,2022-01-02T05:34:15,29.70739,-95.04725,0.0,146.2,199.0,CAPT ANDY LAKE,,WDG4759,31,12,26,,,90,A
367539810,2022-01-02T05:30:45,29.70737,-95.04722,0.0,300.2,203.0,CAPT ANDY LAKE,,WDG4759,31,12,26,,,90,A
367539810,2022-01-02T05:19:24,29.70737,-95.04723,0.1,11.5,199.0,CAPT ANDY LAKE,,WDG4759,31,12,26,,,90,A
367539810,2022-01-02T05:20:35,29.70738,-95.04725,0.0,189.6,202.0,CAPT ANDY LAKE,,WDG4759,31,12,26,,,90,A
367539810,2022-01-02T05:40:36,29.70739,-95.04726,0.1,275.2,200.0,CAPT ANDY LAKE,,WDG4759,31,12,26,,,90,A
367539810,2022-01-02T05:43:04,29.70737,-95.04723,0.1,60.2,201.0,CAPT ANDY LAKE,,WDG4759,31,12,26,,,90,A
367539810,2022-01-02T05:29:44,29.70736,-95.04722,0.0,291.8,203.0,CAPT ANDY LAKE,,WDG4759,31,12,26,,,90,A
367539810,2022-01-02T02:44:46,29.70738,-95.04721,0.1,302.6,201.0,CAPT ANDY LAKE,,WDG4759,31,12,26,,,90,A
367539810,2022-01-02T05:31:55,29.70737,-95.04724,0.1,288.9,202.0,CAPT ANDY LAKE,,WDG4759,31,12,26,,,90,A
367539810,2022-01-02T05:50:05,29.70736,-95.04720,0.1,197.1,205.0,CAPT ANDY LAKE,,WDG4759,31,12,26,,,90,A
367539810,2022-01-02T05:53:35,29.70737,-95.04723,0.1,230.1,202.0,CAPT ANDY LAKE,,WDG4759,31,12,26,,,90,A
367539810,2022-01-02T05:48:54,29.70738,-95.04723,0.1,115.4,200.0,CAPT ANDY LAKE,,WDG4759,31,12,26,,,90,A
367539810,2022-01-02T05:51:15,29.70737,-95.04721,0.1,312.1,203.0,CAPT ANDY LAKE,,WDG4759,31,12,26,,,90,A
367539810,2022-01-02T05:36:54,29.70736,-95.04722,0.0,334.3,204.0,CAPT ANDY LAKE,,WDG4759,31,12,26,,,90,A
367539810,2022-01-02T05:52:24,29.70738,-95.04723,0.1,336.7,202.0,CAPT ANDY LAKE,,WDG4759,31,12,26,,,90,A
367539810,2022-01-02T05:39:24,29.70738,-95.04724,0.1,325.5,202.0,CAPT ANDY LAKE,,WDG4759,31,12,26,,,90,A
367539810,2022-01-02T05:44:14,29.70736,-95.04722,0.1,167.4,201.0,CAPT ANDY LAKE,,WDG4759,31,12,26,,,90,A
367539810,2022-01-02T05:45:24,29.70736,-95.04721,0.0,13.0,203.0,CAPT ANDY LAKE,,WDG4759,31,12,26,,,90,A
367539810,2022-01-02T05:46:34,29.70737,-95.04721,0.1,305.2,203.0,CAPT ANDY LAKE,,WDG4759,31,12,26,,,90,A
367539810,2022-01-02T05:47:45,29.70737,-95.04724,0.1,260.8,200.0,CAPT ANDY LAKE,,WDG4759,31,12,26,,,90,A
367539810,2022-01-02T06:00:24,29.70738,-95.04723,0.1,301.5,202.0,CAPT ANDY LAKE,,WDG4759,31,12,26,,,90,A
367539810,2022-01-02T06:03:44,29.70737,-95.04722,0.1,21.3,203.0,CAPT ANDY LAKE,,WDG4759,31,12,26,,,90,A
367539810,2022-01-02T06:04:54,29.70740,-95.04723,0.0,323.9,202.0,CAPT ANDY LAKE,,WDG4759,31,12,26,,,90,A
367539810,2022-01-02T05:54:44,29.70737,-95.04723,0.0,306.9,203.0,CAPT ANDY LAKE,,WDG4759,31,12,26,,,90,A
367539810,2022-01-02T06:14:34,29.70750,-95.04725,0.2,23.2,197.0,CAPT ANDY LAKE,,WDG4759,31,12,26,,,90,A
367539810,2022-01-02T06:10:45,29.70738,-95.04724,0.0,328.9,200.0,CAPT ANDY LAKE,,WDG4759,31,12,26,,,90,A
367539810,2022-01-02T05:55:54,29.70737,-95.04723,0.1,325.4,202.0,CAPT ANDY LAKE,,WDG4759,31,12,26,,,90,A
367539810,2022-01-02T06:16:55,29.70756,-95.04719,0.1,70.9,192.0,CAPT ANDY LAKE,,WDG4759,31,12,26,,,90,A
367539810,2022-01-02T05:57:04,29.70739,-95.04724,0.0,302.0,200.0,CAPT ANDY LAKE,,WDG4759,31,12,26,,,90,A
367539810,2022-01-02T05:59:24,29.70736,-95.04721,0.1,331.6,203.0,CAPT ANDY LAKE,,WDG4759,31,12,26,,,90,A
367539810,2022-01-02T06:18:06,29.70757,-95.04717,0.0,40.3,192.0,CAPT ANDY LAKE,,WDG4759,31,12,26,,,90,A
367539810,2022-01-02T06:02:35,29.70737,-95.04723,0.0,139.3,201.0,CAPT ANDY LAKE,,WDG4759,31,12,26,,,90,A
367539810,2022-01-02T06:23:36,29.70742,-95.04713,0.2,139.0,190.0,CAPT ANDY LAKE,,WDG4759,31,12,26,,,90,A
367539810,2022-01-02T06:07:15,29.70737,-95.04723,0.0,216.3,202.0,CAPT ANDY LAKE,,WDG4759,31,12,26,,,90,A
367539810,2022-01-02T06:29:24,29.70705,-95.04720,0.2,293.1,201.0,CAPT ANDY LAKE,,WDG4759,31,12,26,,,90,A
367539810,2022-01-02T06:08:24,29.70737,-95.04722,0.1,198.1,201.0,CAPT ANDY LAKE,,WDG4759,31,12,26,,,90,A
367539810,2022-01-02T06:09:34,29.70736,-95.04723,0.0,229.7,201.0,CAPT ANDY LAKE,,WDG4759,31,12,26,,,90,A
367539810,2022-01-02T06:06:04,29.70739,-95.04722,0.0,177.1,200.0,CAPT ANDY LAKE,,WDG4759,31,12,26,,,90,A
367539810,2022-01-02T06:11:55,29.70742,-95.04723,0.1,315.2,200.0,CAPT ANDY LAKE,,WDG4759,31,12,26,,,90,A
367539810,2022-01-02T06:30:35,29.70707,-95.04726,0.2,273.0,202.0,CAPT ANDY LAKE,,WDG4759,31,12,26,,,90,A
367539810,2022-01-02T06:13:24,29.70745,-95.04729,0.1,20.0,201.0,CAPT ANDY LAKE,,WDG4759,31,12,26,,,90,A
367539810,2022-01-02T06:34:05,29.70711,-95.04737,0.1,291.1,201.0,CAPT ANDY LAKE,,WDG4759,31,12,26,,,90,A
367539810,2022-01-02T06:36:24,29.70710,-95.04735,0.0,177.1,202.0,CAPT ANDY LAKE,,WDG4759,31,12,26,,,90,A
367539810,2022-01-02T06:19:14,29.70757,-95.04715,0.0,145.7,191.0,CAPT ANDY LAKE,,WDG4759,31,12,26,,,90,A
367539810,2022-01-02T06:38:35,29.70710,-95.04735,0.0,322.5,201.0,CAPT ANDY LAKE,,WDG4759,31,12,26,,,90,A
367539810,2022-01-02T06:22:35,29.70744,-95.04716,0.1,175.0,191.0,CAPT ANDY LAKE,,WDG4759,31,12,26,,,90,A
367539810,2022-01-02T06:24:45,29.70735,-95.04709,0.3,167.6,191.0,CAPT ANDY LAKE,,WDG4759,31,12,26,,,90,A
367539810,2022-01-02T06:45:25,29.70708,-95.04735,0.0,150.8,203.0,CAPT ANDY LAKE,,WDG4759,31,12,26,,,90,A
367539810,2022-01-02T06:25:55,29.70727,-95.04707,0.3,170.7,192.0,CAPT ANDY LAKE,,WDG4759,31,12,26,,,90,A
367539810,2022-01-02T06:48:45,29.70709,-95.04735,0.0,276.6,203.0,CAPT ANDY LAKE,,WDG4759,31,12,26,,,90,A
367539810,2022-01-02T06:52:25,29.70708,-95.04734,0.0,198.1,203.0,CAPT ANDY LAKE,,WDG4759,31,12,26,,,90,A
367539810,2022-01-02T06:28:15,29.70711,-95.04709,0.4,216.9,196.0,CAPT ANDY LAKE,,WDG4759,31,12,26,,,90,A
367539810,2022-01-02T06:50:05,29.70709,-95.04734,0.0,290.9,203.0,CAPT ANDY LAKE,,WDG4759,31,12,26,,,90,A
367539810,2022-01-02T06:53:35,29.70709,-95.04734,0.0,283.1,203.0,CAPT ANDY LAKE,,WDG4759,31,12,26,,,90,A
367539810,2022-01-02T03:13:45,29.70738,-95.04722,0.1,192.0,201.0,CAPT ANDY LAKE,,WDG4759,31,12,26,,,90,A
367539810,2022-01-02T06:31:44,29.70708,-95.04731,0.1,286.3,202.0,CAPT ANDY LAKE,,WDG4759,31,12,26,,,90,A
367539810,2022-01-02T06:57:04,29.70709,-95.04735,0.0,257.6,202.0,CAPT ANDY LAKE,,WDG4759,31,12,26,,,90,A
367539810,2022-01-02T06:35:15,29.70710,-95.04736,0.1,154.0,200.0,CAPT ANDY LAKE,,WDG4759,31,12,26,,,90,A
367539810,2022-01-02T06:59:25,29.70709,-95.04735,0.0,284.9,204.0,CAPT ANDY LAKE,,WDG4759,31,12,26,,,90,A
367539810,2022-01-02T06:37:25,29.70710,-95.04735,0.0,314.9,202.0,CAPT ANDY LAKE,,WDG4759,31,12,26,,,90,A
367539810,2022-01-02T07:00:04,29.70709,-95.04733,0.0,251.1,204.0,CAPT ANDY LAKE,,WDG4759,31,12,26,,,90,A
367539810,2022-01-02T03:18:25,29.70738,-95.04723,0.0,310.5,203.0,CAPT ANDY LAKE,,WDG4759,31,12,26,,,90,A
367539810,2022-01-02T06:39:46,29.70712,-95.04735,0.0,170.6,202.0,CAPT ANDY LAKE,,WDG4759,31,12,26,,,90,A
367539810,2022-01-02T07:05:56,29.70708,-95.04734,0.0,119.6,203.0,CAPT ANDY LAKE,,WDG4759,31,12,26,,,90,A
367539810,2022-01-02T07:04:46,29.70708,-95.04735,0.0,195.4,204.0,CAPT ANDY LAKE,,WDG4759,31,12,26,,,90,A
367539810,2022-01-02T07:07:25,29.70709,-95.04735,0.0,231.5,204.0,CAPT ANDY LAKE,,WDG4759,31,12,26,,,90,A
367539810,2022-01-02T06:44:16,29.70710,-95.04736,0.0,168.8,201.0,CAPT ANDY LAKE,,WDG4759,31,12,26,,,90,A
367539810,2022-01-02T07:09:56,29.70708,-95.04734,0.0,196.5,203.0,CAPT ANDY LAKE,,WDG4759,31,12,26,,,90,A
367539810,2022-01-02T06:47:44,29.70709,-95.04735,0.0,191.1,204.0,CAPT ANDY LAKE,,WDG4759,31,12,26,,,90,A
367539810,2022-01-02T06:46:35,29.70708,-95.04735,0.0,268.6,203.0,CAPT ANDY LAKE,,WDG4759,31,12,26,,,90,A
367539810,2022-01-02T07:02:25,29.70707,-95.04734,0.0,182.3,204.0,CAPT ANDY LAKE,,WDG4759,31,12,26,,,90,A
367539810,2022-01-02T06:51:14,29.70709,-95.04735,0.0,178.3,203.0,CAPT ANDY LAKE,,WDG4759,31,12,26,,,90,A
367539810,2022-01-02T07:16:55,29.70707,-95.04734,0.0,179.9,204.0,CAPT ANDY LAKE,,WDG4759,31,12,26,,,90,A
367539810,2022-01-02T06:54:44,29.70708,-95.04735,0.0,191.1,202.0,CAPT ANDY LAKE,,WDG4759,31,12,26,,,90,A
367539810,2022-01-02T07:20:24,29.70708,-95.04733,0.0,165.5,203.0,CAPT ANDY LAKE,,WDG4759,31,12,26,,,90,A
367539810,2022-01-02T06:55:54,29.70710,-95.04734,0.0,282.9,202.0,CAPT ANDY LAKE,,WDG4759,31,12,26,,,90,A
367539810,2022-01-02T07:01:14,29.70708,-95.04733,0.0,164.3,204.0,CAPT ANDY LAKE,,WDG4759,31,12,26,,,90,A
367539810,2022-01-02T07:03:34,29.70708,-95.04735,0.0,273.9,204.0,CAPT ANDY LAKE,,WDG4759,31,12,26,,,90,A
367539810,2022-01-02T07:28:55,29.70708,-95.04734,0.0,234.3,204.0,CAPT ANDY LAKE,,WDG4759,31,12,26,,,90,A
367539810,2022-01-02T07:18:04,29.70708,-95.04734,0.0,268.1,203.0,CAPT ANDY LAKE,,WDG4759,31,12,26,,,90,A
367539810,2022-01-02T07:31:15,29.70708,-95.04735,0.0,214.4,204.0,CAPT ANDY LAKE,,WDG4759,31,12,26,,,90,A
367539810,2022-01-02T07:24:15,29.70708,-95.04734,0.0,357.3,203.0,CAPT ANDY LAKE,,WDG4759,31,12,26,,,90,A
367539810,2022-01-02T07:32:24,29.70708,-95.04735,0.0,72.5,203.0,CAPT ANDY LAKE,,WDG4759,31,12,26,,,90,A
367539810,2022-01-02T07:08:34,29.70708,-95.04732,0.0,259.7,203.0,CAPT ANDY LAKE,,WDG4759,31,12,26,,,90,A
367539810,2022-01-02T07:26:35,29.70708,-95.04734,0.0,154.9,202.0,CAPT ANDY LAKE,,WDG4759,31,12,26,,,90,A
367539810,2022-01-02T07:12:16,29.70709,-95.04735,0.0,269.0,203.0,CAPT ANDY LAKE,,WDG4759,31,12,26,,,90,A
367539810,2022-01-02T07:14:45,29.70708,-95.04734,0.0,259.6,204.0,CAPT ANDY LAKE,,WDG4759,31,12,26,,,90,A
367539810,2022-01-02T07:40:35,29.70707,-95.04733,0.0,84.2,203.0,CAPT ANDY LAKE,,WDG4759,31,12,26,,,90,A
367539810,2022-01-02T07:15:46,29.70707,-95.04734,0.0,210.2,204.0,CAPT ANDY LAKE,,WDG4759,31,12,26,,,90,A
367539810,2022-01-02T07:42:04,29.70707,-95.04732,0.0,176.8,204.0,CAPT ANDY LAKE,,WDG4759,31,12,26,,,90,A
367539810,2022-01-02T03:30:55,29.70738,-95.04723,0.0,101.3,203.0,CAPT ANDY LAKE,,WDG4759,31,12,26,,,90,A
367539810,2022-01-02T07:34:54,29.70707,-95.04734,0.0,310.8,203.0,CAPT ANDY LAKE,,WDG4759,31,12,26,,,90,A
367539810,2022-01-02T07:21:55,29.70707,-95.04734,0.0,224.6,204.0,CAPT ANDY LAKE,,WDG4759,31,12,26,,,90,A
367539810,2022-01-02T07:23:04,29.70708,-95.04734,0.0,251.9,204.0,CAPT ANDY LAKE,,WDG4759,31,12,26,,,90,A
367539810,2022-01-02T07:38:14,29.70708,-95.04734,0.0,123.1,203.0,CAPT ANDY LAKE,,WDG4759,31,12,26,,,90,A
367539810,2022-01-02T07:50:14,29.70708,-95.04734,0.0,207.3,204.0,CAPT ANDY LAKE,,WDG4759,31,12,26,,,90,A
367539810,2022-01-02T07:39:25,29.70707,-95.04733,0.0,19.1,203.0,CAPT ANDY LAKE,,WDG4759,31,12,26,,,90,A
367539810,2022-01-02T07:47:54,29.70708,-95.04733,0.0,166.7,204.0,CAPT ANDY LAKE,,WDG4759,31,12,26,,,90,A
367539810,2022-01-02T07:25:24,29.70708,-95.04733,0.0,252.6,203.0,CAPT ANDY LAKE,,WDG4759,31,12,26,,,90,A
367539810,2022-01-02T07:37:05,29.70707,-95.04734,0.0,234.9,202.0,CAPT ANDY LAKE,,WDG4759,31,12,26,,,90,A
367539810,2022-01-02T07:52:34,29.70708,-95.04734,0.0,141.3,203.0,CAPT ANDY LAKE,,WDG4759,31,12,26,,,90,A
367539810,2022-01-02T03:34:45,29.70741,-95.04722,0.0,192.2,200.0,CAPT ANDY LAKE,,WDG4759,31,12,26,,,90,A
367539810,2022-01-02T07:30:04,29.70708,-95.04734,0.0,180.5,204.0,CAPT ANDY LAKE,,WDG4759,31,12,26,,,90,A
367539810,2022-01-02T03:35:55,29.70740,-95.04722,0.0,316.5,201.0,CAPT ANDY LAKE,,WDG4759,31,12,26,,,90,A
367539810,2022-01-02T07:43:14,29.70708,-95.04734,0.0,174.3,203.0,CAPT ANDY LAKE,,WDG4759,31,12,26,,,90,A
367539810,2022-01-02T07:44:25,29.70708,-95.04734,0.0,184.7,203.0,CAPT ANDY LAKE,,WDG4759,31,12,26,,,90,A
367539810,2022-01-02T07:36:04,29.70707,-95.04733,0.0,147.2,202.0,CAPT ANDY LAKE,,WDG4759,31,12,26,,,90,A
367539810,2022-01-02T07:46:44,29.70708,-95.04734,0.0,207.8,203.0,CAPT ANDY LAKE,,WDG4759,31,12,26,,,90,A
367539810,2022-01-02T08:00:55,29.70707,-95.04735,0.0,239.0,202.0,CAPT ANDY LAKE,,WDG4759,31,12,26,,,90,A
367539810,2022-01-02T08:03:16,29.70708,-95.04735,0.0,175.6,203.0,CAPT ANDY LAKE,,WDG4759,31,12,26,,,90,A
367539810,2022-01-02T08:04:24,29.70708,-95.04735,0.0,255.1,204.0,CAPT ANDY LAKE,,WDG4759,31,12,26,,,90,A
367539810,2022-01-02T07:57:05,29.70708,-95.04735,0.0,251.4,202.0,CAPT ANDY LAKE,,WDG4759,31,12,26,,,90,A
367539810,2022-01-02T07:51:25,29.70708,-95.04734,0.0,265.1,204.0,CAPT ANDY LAKE,,WDG4759,31,12,26,,,90,A
367539810,2022-01-02T08:09:04,29.70708,-95.04735,0.0,55.4,204.0,CAPT ANDY LAKE,,WDG4759,31,12,26,,,90,A
367539810,2022-01-02T07:45:35,29.70707,-95.04734,0.0,87.5,203.0,CAPT ANDY LAKE,,WDG4759,31,12,26,,,90,A
367539810,2022-01-02T08:11:15,29.70708,-95.04735,0.0,326.1,203.0,CAPT ANDY LAKE,,WDG4759,31,12,26,,,90,A
367539810,2022-01-02T07:49:05,29.70708,-95.04734,0.0,226.5,204.0,CAPT ANDY LAKE,,WDG4759,31,12,26,,,90,A
367539810,2022-01-02T08:13:34,29.70708,-95.04734,0.0,84.8,203.0,CAPT ANDY LAKE,,WDG4759,31,12,26,,,90,A
367539810,2022-01-02T08:15:44,29.70708,-95.04735,0.0,133.8,204.0,CAPT ANDY LAKE,,WDG4759,31,12,26,,,90,A
367539810,2022-01-02T08:06:36,29.70708,-95.04735,0.0,295.1,204.0,CAPT ANDY LAKE,,WDG4759,31,12,26,,,90,A
367539810,2022-01-02T08:07:45,29.70708,-95.04735,0.0,147.1,204.0,CAPT ANDY LAKE,,WDG4759,31,12,26,,,90,A
367539810,2022-01-02T07:53:44,29.70707,-95.04734,0.0,245.3,203.0,CAPT ANDY LAKE,,WDG4759,31,12,26,,,90,A
367539810,2022-01-02T08:19:04,29.70708,-95.04735,0.0,129.3,204.0,CAPT ANDY LAKE,,WDG4759,31,12,26,,,90,A
367539810,2022-01-02T08:21:25,29.70709,-95.04735,0.0,239.2,204.0,CAPT ANDY LAKE,,WDG4759,31,12,26,,,90,A
367539810,2022-01-02T08:24:55,29.70708,-95.04734,0.0,289.1,204.0,CAPT ANDY LAKE,,WDG4759,31,12,26,,,90,A
367539810,2022-01-02T07:55:55,29.70707,-95.04734,0.0,336.3,203.0,CAPT ANDY LAKE,,WDG4759,31,12,26,,,90,A
367539810,2022-01-02T07:59:24,29.70708,-95.04734,0.0,205.0,202.0,CAPT ANDY LAKE,,WDG4759,31,12,26,,,90,A
367539810,2022-01-02T08:27:15,29.70708,-95.04734,0.0,213.0,204.0,CAPT ANDY LAKE,,WDG4759,31,12,26,,,90,A
367539810,2022-01-02T08:02:05,29.70708,-95.04734,0.0,230.6,203.0,CAPT ANDY LAKE,,WDG4759,31,12,26,,,90,A
367539810,2022-01-02T08:17:55,29.70708,-95.04734,0.0,248.3,204.0,CAPT ANDY LAKE,,WDG4759,31,12,26,,,90,A
367539810,2022-01-02T08:05:35,29.70708,-95.04734,0.0,2.3,204.0,CAPT ANDY LAKE,,WDG4759,31,12,26,,,90,A
367539810,2022-01-02T08:22:35,29.70708,-95.04734,0.0,52.6,205.0,CAPT ANDY LAKE,,WDG4759,31,12,26,,,90,A
367539810,2022-01-02T08:42:15,29.70709,-95.04735,0.0,241.2,204.0,CAPT ANDY LAKE,,WDG4759,31,12,26,,,90,A
367539810,2022-01-02T08:10:05,29.70708,-95.04735,0.0,228.5,203.0,CAPT ANDY LAKE,,WDG4759,31,12,26,,,90,A
367539810,2022-01-02T08:43:25,29.70708,-95.04735,0.0,281.5,204.0,CAPT ANDY LAKE,,WDG4759,31,12,26,,,90,A
367539810,2022-01-02T08:45:44,29.70709,-95.04734,0.0,251.9,204.0,CAPT ANDY LAKE,,WDG4759,31,12,26,,,90,A
367539810,2022-01-02T08:48:05,29.70708,-95.04735,0.0,291.6,204.0,CAPT ANDY LAKE,,WDG4759,31,12,26,,,90,A
367539810,2022-01-02T08:33:05,29.70708,-95.04735,0.0,220.7,204.0,CAPT ANDY LAKE,,WDG4759,31,12,26,,,90,A
367539810,2022-01-02T08:34:25,29.70708,-95.04734,0.0,288.9,204.0,CAPT ANDY LAKE,,WDG4759,31,12,26,,,90,A
367539810,2022-01-02T03:54:45,29.70737,-95.04722,0.1,298.8,202.0,CAPT ANDY LAKE,,WDG4759,31,12,26,,,90,A
367539810,2022-01-02T08:36:04,29.70708,-95.04734,0.0,293.7,204.0,CAPT ANDY LAKE,,WDG4759,31,12,26,,,90,A
367539810,2022-01-02T08:20:15,29.70708,-95.04735,0.0,209.7,204.0,CAPT ANDY LAKE,,WDG4759,31,12,26,,,90,A
367539810,2022-01-02T08:50:24,29.70708,-95.04734,0.0,239.2,204.0,CAPT ANDY LAKE,,WDG4759,31,12,26,,,90,A
367539810,2022-01-02T08:37:15,29.70708,-95.04735,0.0,53.7,204.0,CAPT ANDY LAKE,,WDG4759,31,12,26,,,90,A
367539810,2022-01-02T08:23:44,29.70708,-95.04735,0.0,228.0,205.0,CAPT ANDY LAKE,,WDG4759,31,12,26,,,90,A
367539810,2022-01-02T08:58:25,29.70709,-95.04734,0.0,248.0,203.0,CAPT ANDY LAKE,,WDG4759,31,12,26,,,90,A
367539810,2022-01-02T08:59:35,29.70709,-95.04734,0.0,182.1,203.0,CAPT ANDY LAKE,,WDG4759,31,12,26,,,90,A
367539810,2022-01-02T08:29:36,29.70708,-95.04735,0.0,228.0,205.0,CAPT ANDY LAKE,,WDG4759,31,12,26,,,90,A
367539810,2022-01-02T09:05:55,29.70708,-95.04734,0.0,129.8,203.0,CAPT ANDY LAKE,,WDG4759,31,12,26,,,90,A
367539810,2022-01-02T08:49:15,29.70709,-95.04735,0.0,252.8,203.0,CAPT ANDY LAKE,,WDG4759,31,12,26,,,90,A
367539810,2022-01-02T08:28:25,29.70708,-95.04734,0.0,161.2,204.0,CAPT ANDY LAKE,,WDG4759,31,12,26,,,90,A
367539810,2022-01-02T08:52:44,29.70709,-95.04734,0.0,188.2,204.0,CAPT ANDY LAKE,,WDG4759,31,12,26,,,90,A
367539810,2022-01-02T04:00:15,29.70737,-95.04721,0.0,305.8,201.0,CAPT ANDY LAKE,,WDG4759,31,12,26,,,90,A
367539810,2022-01-02T08:38:25,29.70707,-95.04735,0.0,294.0,204.0,CAPT ANDY LAKE,,WDG4759,31,12,26,,,90,A
367539810,2022-01-02T08:41:04,29.70709,-95.04735,0.0,346.8,203.0,CAPT ANDY LAKE,,WDG4759,31,12,26,,,90,A
367539810,2022-01-02T04:01:16,29.70736,-95.04721,0.0,209.6,201.0,CAPT ANDY LAKE,,WDG4759,31,12,26,,,90,A
367539810,2022-01-02T08:57:24,29.70709,-95.04734,0.0,27.4,203.0,CAPT ANDY LAKE,,WDG4759,31,12,26,,,90,A
367539810,2022-01-02T09:19:04,29.70708,-95.04734,0.0,202.3,203.0,CAPT ANDY LAKE,,WDG4759,31,12,26,,,90,A
367539810,2022-01-02T09:16:45,29.70709,-95.04735,0.0,321.2,204.0,CAPT ANDY LAKE,,WDG4759,31,12,26,,,90,A
367539810,2022-01-02T09:17:55,29.70708,-95.04735,0.0,240.3,204.0,CAPT ANDY LAKE,,WDG4759,31,12,26,,,90,A
367539810,2022-01-02T08:46:54,29.70708,-95.04735,0.0,278.0,204.0,CAPT ANDY LAKE,,WDG4759,31,12,26,,,90,A
367539810,2022-01-02T09:09:24,29.70708,-95.04734,0.0,313.9,203.0,CAPT ANDY LAKE,,WDG4759,31,12,26,,,90,A
367539810,2022-01-02T09:02:25,29.70708,-95.04734,0.0,269.3,203.0,CAPT ANDY LAKE,,WDG4759,31,12,26,,,90,A
367539810,2022-01-02T08:56:15,29.70709,-95.04734,0.0,301.5,203.0,CAPT ANDY LAKE,,WDG4759,31,12,26,,,90,A
367539810,2022-01-02T08:51:35,29.70710,-95.04734,0.0,32.9,204.0,CAPT ANDY LAKE,,WDG4759,31,12,26,,,90,A
367539810,2022-01-02T09:07:04,29.70709,-95.04734,0.0,248.1,203.0,CAPT ANDY LAKE,,WDG4759,31,12,26,,,90,A
367539810,2022-01-02T09:08:14,29.70708,-95.04734,0.0,324.3,203.0,CAPT ANDY LAKE,,WDG4759,31,12,26,,,90,A
367539810,2022-01-02T09:01:15,29.70709,-95.04734,0.0,218.6,203.0,CAPT ANDY LAKE,,WDG4759,31,12,26,,,90,A
367539810,2022-01-02T09:11:56,29.70708,-95.04734,0.0,293.8,203.0,CAPT ANDY LAKE,,WDG4759,31,12,26,,,90,A
367539810,2022-01-02T09:03:36,29.70708,-95.04733,0.0,60.3,204.0,CAPT ANDY LAKE,,WDG4759,31,12,26,,,90,A
367539810,2022-01-02T08:53:56,29.70709,-95.04734,0.0,281.0,203.0,CAPT ANDY LAKE,,WDG4759,31,12,26,,,90,A
367539810,2022-01-02T09:13:05,29.70709,-95.04735,0.0,29.7,203.0,CAPT ANDY LAKE,,WDG4759,31,12,26,,,90,A
367539810,2022-01-02T09:38:15,29.70709,-95.04735,0.0,255.8,204.0,CAPT ANDY LAKE,,WDG4759,31,12,26,,,90,A
367539810,2022-01-02T09:24:54,29.70708,-95.04735,0.0,262.5,205.0,CAPT ANDY LAKE,,WDG4759,31,12,26,,,90,A
367539810,2022-01-02T09:10:36,29.70709,-95.04734,0.0,210.4,203.0,CAPT ANDY LAKE,,WDG4759,31,12,26,,,90,A
367539810,2022-01-02T09:14:14,29.70710,-95.04734,0.0,240.5,203.0,CAPT ANDY LAKE,,WDG4759,31,12,26,,,90,A
367539810,2022-01-02T09:30:44,29.70711,-95.04735,0.0,227.6,204.0,CAPT ANDY LAKE,,WDG4759,31,12,26,,,90,A
367539810,2022-01-02T09:44:04,29.70710,-95.04735,0.0,228.2,204.0,CAPT ANDY LAKE,,WDG4759,31,12,26,,,90,A
367539810,2022-01-02T09:40:34,29.70709,-95.04735,0.0,281.4,204.0,CAPT ANDY LAKE,,WDG4759,31,12,26,,,90,A
367539810,2022-01-02T09:33:04,29.70710,-95.04735,0.0,264.8,204.0,CAPT ANDY LAKE,,WDG4759,31,12,26,,,90,A
367539810,2022-01-02T09:21:25,29.70708,-95.04734,0.0,253.1,204.0,CAPT ANDY LAKE,,WDG4759,31,12,26,,,90,A
367539810,2022-01-02T09:22:34,29.70708,-95.04735,0.0,256.6,205.0,CAPT ANDY LAKE,,WDG4759,31,12,26,,,90,A
367539810,2022-01-02T09:46:25,29.70710,-95.04734,0.0,262.7,204.0,CAPT ANDY LAKE,,WDG4759,31,12,26,,,90,A
367539810,2022-01-02T04:19:25,29.70738,-95.04721,0.0,179.0,199.0,CAPT ANDY LAKE,,WDG4759,31,12,26,,,90,A
367539810,2022-01-02T09:55:36,29.70709,-95.04734,0.0,227.7,203.0,CAPT ANDY LAKE,,WDG4759,31,12,26,,,90,A
367539810,2022-01-02T09:28:25,29.70708,-95.04734,0.0,344.1,205.0,CAPT ANDY LAKE,,WDG4759,31,12,26,,,90,A
367539810,2022-01-02T09:47:35,29.70709,-95.04734,0.0,237.7,204.0,CAPT ANDY LAKE,,WDG4759,31,12,26,,,90,A
367539810,2022-01-02T10:00:14,29.70710,-95.04734,0.0,234.8,204.0,CAPT ANDY LAKE,,WDG4759,31,12,26,,,90,A
367539810,2022-01-02T09:26:04,29.70709,-95.04735,0.0,255.3,205.0,CAPT ANDY LAKE,,WDG4759,31,12,26,,,90,A
367539810,2022-01-02T09:49:55,29.70708,-95.04734,0.0,199.8,204.0,CAPT ANDY LAKE,,WDG4759,31,12,26,,,90,A
367539810,2022-01-02T09:39:25,29.70709,-95.04734,0.0,239.2,204.0,CAPT ANDY LAKE,,WDG4759,31,12,26,,,90,A
367539810,2022-01-02T10:03:44,29.70710,-95.04735,0.0,353.6,203.0,CAPT ANDY LAKE,,WDG4759,31,12,26,,,90,A
367539810,2022-01-02T09:27:14,29.70709,-95.04735,0.0,218.3,205.0,CAPT ANDY LAKE,,WDG4759,31,12,26,,,90,A
367539810,2022-01-02T09:54:25,29.70710,-95.04734,0.0,290.6,203.0,CAPT ANDY LAKE,,WDG4759,31,12,26,,,90,A
367539810,2022-01-02T09:42:55,29.70709,-95.04735,0.0,258.2,204.0,CAPT ANDY LAKE,,WDG4759,31,12,26,,,90,A
367539810,2022-01-02T09:31:56,29.70710,-95.04735,0.0,331.8,203.0,CAPT ANDY LAKE,,WDG4759,31,12,26,,,90,A
367539810,2022-01-02T09:29:34,29.70708,-95.04734,0.0,199.6,205.0,CAPT ANDY LAKE,,WDG4759,31,12,26,,,90,A
367539810,2022-01-02T04:29:56,29.70738,-95.04724,0.0,238.0,200.0,CAPT ANDY LAKE,,WDG4759,31,12,26,,,90,A
367539810,2022-01-02T09:57:54,29.70709,-95.04734,0.0,325.2,203.0,CAPT ANDY LAKE,,WDG4759,31,12,26,,,90,A
367539810,2022-01-02T10:06:04,29.70711,-95.04734,0.0,277.4,202.0,CAPT ANDY LAKE,,WDG4759,31,12,26,,,90,A
367539810,2022-01-02T09:34:15,29.70709,-95.04735,0.0,267.8,205.0,CAPT ANDY LAKE,,WDG4759,31,12,26,,,90,A
367539810,2022-01-02T09:45:14,29.70711,-95.04735,0.0,228.2,204.0,CAPT ANDY LAKE,,WDG4759,31,12,26,,,90,A
367539810,2022-01-02T10:07:14,29.70712,-95.04734,0.0,234.3,202.0,CAPT ANDY LAKE,,WDG4759,31,12,26,,,90,A
367539810,2022-01-02T09:35:55,29.70708,-95.04734,0.0,238.0,204.0,CAPT ANDY LAKE,,WDG4759,31,12,26,,,90,A
367539810,2022-01-02T09:48:44,29.70709,-95.04734,0.0,265.0,203.0,CAPT ANDY LAKE,,WDG4759,31,12,26,,,90,A
367539810,2022-01-02T09:50:56,29.70709,-95.04735,0.0,228.5,204.0,CAPT ANDY LAKE,,WDG4759,31,12,26,,,90,A
367539810,2022-01-02T10:11:46,29.70709,-95.04734,0.0,279.6,202.0,CAPT ANDY LAKE,,WDG4759,31,12,26,,,90,A
367539810,2022-01-02T09:53:16,29.70710,-95.04734,0.0,250.7,203.0,CAPT ANDY LAKE,,WDG4759,31,12,26,,,90,A
367539810,2022-01-02T09:41:46,29.70708,-95.04733,0.0,193.9,204.0,CAPT ANDY LAKE,,WDG4759,31,12,26,,,90,A
367539810,2022-01-02T10:04:54,29.70711,-95.04735,0.0,259.8,203.0,CAPT ANDY LAKE,,WDG4759,31,12,26,,,90,A
367539810,2022-01-02T10:13:55,29.70709,-95.04734,0.0,283.7,202.0,CAPT ANDY LAKE,,WDG4759,31,12,26,,,90,A
367539810,2022-01-02T10:16:15,29.70709,-95.04734,0.0,256.5,203.0,CAPT ANDY LAKE,,WDG4759,31,12,26,,,90,A
367539810,2022-01-02T09:52:05,29.70710,-95.04735,0.0,200.9,203.0,CAPT ANDY LAKE,,WDG4759,31,12,26,,,90,A
367539810,2022-01-02T10:15:04,29.70709,-95.04734,0.0,228.7,203.0,CAPT ANDY LAKE,,WDG4759,31,12,26,,,90,A
367539810,2022-01-02T09:56:45,29.70709,-95.04734,0.0,247.1,204.0,CAPT ANDY LAKE,,WDG4759,31,12,26,,,90,A
367539810,2022-01-02T10:24:15,29.70709,-95.04734,0.0,251.7,204.0,CAPT ANDY LAKE,,WDG4759,31,12,26,,,90,A
367539810,2022-01-02T10:27:45,29.70709,-95.04734,0.0,87.4,203.0,CAPT ANDY LAKE,,WDG4759,31,12,26,,,90,A
367539810,2022-01-02T10:31:15,29.70709,-95.04734,0.0,306.6,203.0,CAPT ANDY LAKE,,WDG4759,31,12,26,,,90,A
367539810,2022-01-02T10:32:25,29.70709,-95.04734,0.0,242.9,203.0,CAPT ANDY LAKE,,WDG4759,31,12,26,,,90,A
367539810,2022-01-02T10:10:45,29.70709,-95.04734,0.0,230.8,203.0,CAPT ANDY LAKE,,WDG4759,31,12,26,,,90,A
367539810,2022-01-02T10:37:04,29.70708,-95.04734,0.0,256.0,203.0,CAPT ANDY LAKE,,WDG4759,31,12,26,,,90,A
367539810,2022-01-02T10:12:54,29.70709,-95.04734,0.0,203.2,203.0,CAPT ANDY LAKE,,WDG4759,31,12,26,,,90,A
367539810,2022-01-02T10:08:26,29.70711,-95.04735,0.0,9.6,203.0,CAPT ANDY LAKE,,WDG4759,31,12,26,,,90,A
367539810,2022-01-02T10:02:35,29.70709,-95.04733,0.0,1.2,203.0,CAPT ANDY LAKE,,WDG4759,31,12,26,,,90,A
367539810,2022-01-02T10:28:55,29.70709,-95.04734,0.0,271.3,203.0,CAPT ANDY LAKE,,WDG4759,31,12,26,,,90,A
367539810,2022-01-02T10:30:05,29.70709,-95.04734,0.0,207.5,203.0,CAPT ANDY LAKE,,WDG4759,31,12,26,,,90,A
367539810,2022-01-02T10:09:35,29.70709,-95.04734,0.0,281.0,203.0,CAPT ANDY LAKE,,WDG4759,31,12,26,,,90,A
367539810,2022-01-02T04:43:35,29.70739,-95.04725,0.0,305.8,202.0,CAPT ANDY LAKE,,WDG4759,31,12,26,,,90,A
367539810,2022-01-02T10:18:34,29.70709,-95.04735,0.0,181.7,203.0,CAPT ANDY LAKE,,WDG4759,31,12,26,,,90,A
367539810,2022-01-02T10:19:44,29.70709,-95.04734,0.0,288.3,203.0,CAPT ANDY LAKE,,WDG4759,31,12,26,,,90,A
367539810,2022-01-02T10:20:55,29.70709,-95.04734,0.0,241.8,203.0,CAPT ANDY LAKE,,WDG4759,31,12,26,,,90,A
367539810,2022-01-02T10:45:14,29.70711,-95.04733,0.0,256.6,203.0,CAPT ANDY LAKE,,WDG4759,31,12,26,,,90,A
367539810,2022-01-02T04:47:04,29.70738,-95.04724,0.0,174.9,202.0,CAPT ANDY LAKE,,WDG4759,31,12,26,,,90,A
367539810,2022-01-02T10:25:25,29.70709,-95.04734,0.0,188.0,203.0,CAPT ANDY LAKE,,WDG4759,31,12,26,,,90,A
367539810,2022-01-02T10:39:25,29.70708,-95.04734,0.0,264.2,202.0,CAPT ANDY LAKE,,WDG4759,31,12,26,,,90,A
367539810,2022-01-02T10:40:35,29.70709,-95.04734,0.0,284.1,202.0,CAPT ANDY LAKE,,WDG4759,31,12,26,,,90,A
367539810,2022-01-02T10:17:24,29.70709,-95.04734,0.0,217.8,203.0,CAPT ANDY LAKE,,WDG4759,31,12,26,,,90,A
367539810,2022-01-02T10:55:45,29.70709,-95.04734,0.0,272.5,203.0,CAPT ANDY LAKE,,WDG4759,31,12,26,,,90,A
367539810,2022-01-02T10:33:34,29.70709,-95.04735,0.0,16.5,204.0,CAPT ANDY LAKE,,WDG4759,31,12,26,,,90,A
367539810,2022-01-02T10:59:14,29.70709,-95.04734,0.0,263.7,204.0,CAPT ANDY LAKE,,WDG4759,31,12,26,,,90,A
367539810,2022-01-02T10:35:54,29.70709,-95.04734,0.0,257.0,204.0,CAPT ANDY LAKE,,WDG4759,31,12,26,,,90,A
367539810,2022-01-02T10:22:04,29.70708,-95.04734,0.0,271.3,203.0,CAPT ANDY LAKE,,WDG4759,31,12,26,,,90,A
367539810,2022-01-02T10:49:55,29.70709,-95.04734,0.0,304.9,203.0,CAPT ANDY LAKE,,WDG4759,31,12,26,,,90,A
367539810,2022-01-02T10:26:34,29.70709,-95.04734,0.0,220.1,204.0,CAPT ANDY LAKE,,WDG4759,31,12,26,,,90,A
367539810,2022-01-02T10:44:04,29.70709,-95.04733,0.0,273.2,203.0,CAPT ANDY LAKE,,WDG4759,31,12,26,,,90,A
367539810,2022-01-02T11:08:45,29.70708,-95.04734,0.0,232.0,204.0,CAPT ANDY LAKE,,WDG4759,31,12,26,,,90,A
367539810,2022-01-02T11:09:55,29.70709,-95.04733,0.0,8.3,204.0,CAPT ANDY LAKE,,WDG4759,31,12,26,,,90,A
367539810,2022-01-02T10:34:45,29.70709,-95.04735,0.0,264.9,203.0,CAPT ANDY LAKE,,WDG4759,31,12,26,,,90,A
367539810,2022-01-02T04:55:04,29.70737,-95.04722,0.0,352.9,202.0,CAPT ANDY LAKE,,WDG4759,31,12,26,,,90,A
367539810,2022-01-02T11:12:14,29.70708,-95.04733,0.0,240.6,203.0,CAPT ANDY LAKE,,WDG4759,31,12,26,,,90,A
367539810,2022-01-02T11:13:24,29.70708,-95.04733,0.0,305.8,203.0,CAPT ANDY LAKE,,WDG4759,31,12,26,,,90,A
367539810,2022-01-02T11:14:25,29.70708,-95.04733,0.0,260.0,204.0,CAPT ANDY LAKE,,WDG4759,31,12,26,,,90,A
367539810,2022-01-02T11:15:35,29.70708,-95.04733,0.0,0.6,204.0,CAPT ANDY LAKE,,WDG4759,31,12,26,,,90,A
367539810,2022-01-02T10:38:15,29.70708,-95.04734,0.0,291.9,203.0,CAPT ANDY LAKE,,WDG4759,31,12,26,,,90,A
367539810,2022-01-02T11:16:55,29.70709,-95.04733,0.0,250.7,204.0,CAPT ANDY LAKE,,WDG4759,31,12,26,,,90,A
367539810,2022-01-02T11:18:05,29.70709,-95.04734,0.0,267.9,204.0,CAPT ANDY LAKE,,WDG4759,31,12,26,,,90,A
367539810,2022-01-02T11:20:25,29.70708,-95.04734,0.0,259.3,204.0,CAPT ANDY LAKE,,WDG4759,31,12,26,,,90,A
367539810,2022-01-02T11:07:35,29.70708,-95.04733,0.0,232.1,203.0,CAPT ANDY LAKE,,WDG4759,31,12,26,,,90,A
367539810,2022-01-02T10:41:45,29.70709,-95.04734,0.0,75.0,202.0,CAPT ANDY LAKE,,WDG4759,31,12,26,,,90,A
367539810,2022-01-02T10:56:55,29.70709,-95.04734,0.0,251.2,204.0,CAPT ANDY LAKE,,WDG4759,31,12,26,,,90,A
367539810,2022-01-02T10:47:35,29.70710,-95.04733,0.0,248.0,203.0,CAPT ANDY LAKE,,WDG4759,31,12,26,,,90,A
367539810,2022-01-02T11:00:54,29.70710,-95.04735,0.0,253.4,204.0,CAPT ANDY LAKE,,WDG4759,31,12,26,,,90,A
367539810,2022-01-02T10:48:44,29.70709,-95.04734,0.0,278.3,203.0,CAPT ANDY LAKE,,WDG4759,31,12,26,,,90,A
367539810,2022-01-02T10:51:04,29.70708,-95.04734,0.0,309.5,203.0,CAPT ANDY LAKE,,WDG4759,31,12,26,,,90,A
367539810,2022-01-02T11:03:05,29.70709,-95.04734,0.0,263.0,205.0,CAPT ANDY LAKE,,WDG4759,31,12,26,,,90,A
367539810,2022-01-02T10:52:14,29.70708,-95.04733,0.0,294.0,203.0,CAPT ANDY LAKE,,WDG4759,31,12,26,,,90,A
367539810,2022-01-02T10:53:25,29.70708,-95.04734,0.0,260.9,203.0,CAPT ANDY LAKE,,WDG4759,31,12,26,,,90,A
367539810,2022-01-02T11:06:34,29.70708,-95.04735,0.1,257.4,204.0,CAPT ANDY LAKE,,WDG4759,31,12,26,,,90,A
367539810,2022-01-02T11:36:25,29.70708,-95.04734,0.0,256.1,204.0,CAPT ANDY LAKE,,WDG4759,31,12,26,,,90,A
367539810,2022-01-02T11:01:55,29.70709,-95.04735,0.0,325.2,204.0,CAPT ANDY LAKE,,WDG4759,31,12,26,,,90,A
367539810,2022-01-02T11:35:24,29.70708,-95.04734,0.0,262.5,204.0,CAPT ANDY LAKE,,WDG4759,31,12,26,,,90,A
367539810,2022-01-02T11:21:34,29.70709,-95.04733,0.0,294.2,204.0,CAPT ANDY LAKE,,WDG4759,31,12,26,,,90,A
367539810,2022-01-02T11:04:14,29.70708,-95.04735,0.0,253.2,204.0,CAPT ANDY LAKE,,WDG4759,31,12,26,,,90,A
367539810,2022-01-02T11:05:24,29.70708,-95.04733,0.0,266.4,204.0,CAPT ANDY LAKE,,WDG4759,31,12,26,,,90,A
367539810,2022-01-02T10:58:05,29.70709,-95.04735,0.0,254.5,203.0,CAPT ANDY LAKE,,WDG4759,31,12,26,,,90,A
367539810,2022-01-02T11:39:55,29.70708,-95.04734,0.0,226.3,203.0,CAPT ANDY LAKE,,WDG4759,31,12,26,,,90,A
367539810,2022-01-02T05:09:05,29.70737,-95.04722,0.0,227.1,201.0,CAPT ANDY LAKE,,WDG4759,31,12,26,,,90,A
367539810,2022-01-02T11:44:34,29.70708,-95.04734,0.0,329.5,204.0,CAPT ANDY LAKE,,WDG4759,31,12,26,,,90,A
367539810,2022-01-02T11:11:05,29.70708,-95.04734,0.0,300.1,204.0,CAPT ANDY LAKE,,WDG4759,31,12,26,,,90,A
367539810,2022-01-02T11:48:04,29.70708,-95.04734,0.0,315.1,205.0,CAPT ANDY LAKE,,WDG4759,31,12,26,,,90,A
367539810,2022-01-02T11:49:14,29.70710,-95.04734,0.0,252.3,205.0,CAPT ANDY LAKE,,WDG4759,31,12,26,,,90,A
367539810,2022-01-02T11:34:15,29.70707,-95.04734,0.0,254.6,204.0,CAPT ANDY LAKE,,WDG4759,31,12,26,,,90,A
367539810,2022-01-02T11:52:45,29.70712,-95.04735,0.0,314.3,203.0,CAPT ANDY LAKE,,WDG4759,31,12,26,,,90,A
367539810,2022-01-02T11:53:54,29.70709,-95.04734,0.0,301.8,204.0,CAPT ANDY LAKE,,WDG4759,31,12,26,,,90,A
367539810,2022-01-02T11:19:15,29.70709,-95.04733,0.0,245.3,204.0,CAPT ANDY LAKE,,WDG4759,31,12,26,,,90,A
367539810,2022-01-02T11:27:15,29.70709,-95.04734,0.0,257.7,203.0,CAPT ANDY LAKE,,WDG4759,31,12,26,,,90,A
367539810,2022-01-02T11:57:25,29.70710,-95.04734,0.0,337.3,204.0,CAPT ANDY LAKE,,WDG4759,31,12,26,,,90,A
367539810,2022-01-02T12:01:24,29.70707,-95.04734,0.0,191.5,204.0,CAPT ANDY LAKE,,WDG4759,31,12,26,,,90,A
367539810,2022-01-02T11:24:54,29.70709,-95.04734,0.0,245.4,203.0,CAPT ANDY LAKE,,WDG4759,31,12,26,,,90,A
367539810,2022-01-02T11:42:14,29.70707,-95.04734,0.0,264.4,203.0,CAPT ANDY LAKE,,WDG4759,31,12,26,,,90,A
367539810,2022-01-02T12:03:45,29.70707,-95.04734,0.0,246.2,203.0,CAPT ANDY LAKE,,WDG4759,31,12,26,,,90,A
367539810,2022-01-02T12:06:05,29.70708,-95.04733,0.0,232.0,204.0,CAPT ANDY LAKE,,WDG4759,31,12,26,,,90,A
367539810,2022-01-02T11:31:54,29.70707,-95.04734,0.0,356.8,203.0,CAPT ANDY LAKE,,WDG4759,31,12,26,,,90,A
367539810,2022-01-02T12:08:15,29.70707,-95.04733,0.0,255.4,203.0,CAPT ANDY LAKE,,WDG4759,31,12,26,,,90,A
367539810,2022-01-02T12:09:25,29.70708,-95.04733,0.0,241.4,204.0,CAPT ANDY LAKE,,WDG4759,31,12,26,,,90,A
367539810,2022-01-02T11:22:44,29.70709,-95.04734,0.0,247.7,203.0,CAPT ANDY LAKE,,WDG4759,31,12,26,,,90,A
367539810,2022-01-02T11:50:25,29.70709,-95.04734,0.0,310.9,204.0,CAPT ANDY LAKE,,WDG4759,31,12,26,,,90,A
367539810,2022-01-02T11:33:04,29.70707,-95.04734,0.0,285.6,204.0,CAPT ANDY LAKE,,WDG4759,31,12,26,,,90,A
367539810,2022-01-02T11:26:05,29.70709,-95.04734,0.0,242.4,204.0,CAPT ANDY LAKE,,WDG4759,31,12,26,,,90,A
367539810,2022-01-02T11:37:34,29.70708,-95.04734,0.0,310.2,203.0,CAPT ANDY LAKE,,WDG4759,31,12,26,,,90,A
367539810,2022-01-02T12:14:04,29.70708,-95.04734,0.0,250.9,203.0,CAPT ANDY LAKE,,WDG4759,31,12,26,,,90,A
367539810,2022-01-02T11:30:45,29.70707,-95.04733,0.0,266.8,203.0,CAPT ANDY LAKE,,WDG4759,31,12,26,,,90,A
367539810,2022-01-02T12:15:15,29.70708,-95.04734,0.0,282.3,203.0,CAPT ANDY LAKE,,WDG4759,31,12,26,,,90,A
367539810,2022-01-02T12:00:14,29.70707,-95.04733,0.0,277.6,204.0,CAPT ANDY LAKE,,WDG4759,31,12,26,,,90,A
367539810,2022-01-02T11:45:45,29.70709,-95.04734,0.0,250.6,204.0,CAPT ANDY LAKE,,WDG4759,31,12,26,,,90,A
367539810,2022-01-02T12:22:15,29.70708,-95.04734,0.0,237.6,204.0,CAPT ANDY LAKE,,WDG4759,31,12,26,,,90,A
367539810,2022-01-02T12:07:14,29.70708,-95.04733,0.0,262.7,203.0,CAPT ANDY LAKE,,WDG4759,31,12,26,,,90,A
367539810,2022-01-02T11:38:44,29.70708,-95.04734,0.0,247.3,203.0,CAPT ANDY LAKE,,WDG4759,31,12,26,,,90,A
367539810,2022-01-02T11:41:05,29.70707,-95.04734,0.0,291.2,202.0,CAPT ANDY LAKE,,WDG4759,31,12,26,,,90,A
367539810,2022-01-02T11:51:34,29.70709,-95.04734,0.0,271.5,204.0,CAPT ANDY LAKE,,WDG4759,31,12,26,,,90,A
367539810,2022-01-02T11:55:04,29.70711,-95.04734,0.0,304.4,204.0,CAPT ANDY LAKE,,WDG4759,31,12,26,,,90,A
367539810,2022-01-02T12:12:54,29.70708,-95.04733,0.0,277.1,203.0,CAPT ANDY LAKE,,WDG4759,31,12,26,,,90,A
367539810,2022-01-02T11:46:54,29.70708,-95.04734,0.0,323.1,205.0,CAPT ANDY LAKE,,WDG4759,31,12,26,,,90,A
367539810,2022-01-02T12:32:45,29.70708,-95.04734,0.0,247.4,204.0,CAPT ANDY LAKE,,WDG4759,31,12,26,,,90,A
367539810,2022-01-02T11:58:34,29.70709,-95.04734,0.0,253.2,204.0,CAPT ANDY LAKE,,WDG4759,31,12,26,,,90,A
367539810,2022-01-02T12:35:05,29.70708,-95.04733,0.0,269.3,204.0,CAPT ANDY LAKE,,WDG4759,31,12,26,,,90,A
367539810,2022-01-02T12:02:34,29.70707,-95.04733,0.0,217.8,204.0,CAPT ANDY LAKE,,WDG4759,31,12,26,,,90,A
367539810,2022-01-02T12:04:55,29.70708,-95.04734,0.0,211.8,203.0,CAPT ANDY LAKE,,WDG4759,31,12,26,,,90,A
367539810,2022-01-02T11:56:14,29.70708,-95.04734,0.0,233.5,204.0,CAPT ANDY LAKE,,WDG4759,31,12,26,,,90,A
367539810,2022-01-02T05:33:05,29.70739,-95.04726,0.0,334.3,198.0,CAPT ANDY LAKE,,WDG4759,31,12,26,,,90,A
367539810,2022-01-02T12:24:35,29.70707,-95.04732,0.0,286.8,204.0,CAPT ANDY LAKE,,WDG4759,31,12,26,,,90,A
367539810,2022-01-02T12:26:54,29.70707,-95.04733,0.0,269.5,204.0,CAPT ANDY LAKE,,WDG4759,31,12,26,,,90,A
367539810,2022-01-02T11:59:45,29.70707,-95.04733,0.0,202.9,204.0,CAPT ANDY LAKE,,WDG4759,31,12,26,,,90,A
367539810,2022-01-02T12:45:46,29.70708,-95.04733,0.0,41.5,204.0,CAPT ANDY LAKE,,WDG4759,31,12,26,,,90,A
367539810,2022-01-02T12:10:35,29.70707,-95.04734,0.0,300.6,204.0,CAPT ANDY LAKE,,WDG4759,31,12,26,,,90,A
367539810,2022-01-02T05:35:45,29.70737,-95.04724,0.1,126.5,200.0,CAPT ANDY LAKE,,WDG4759,31,12,26,,,90,A
367539810,2022-01-02T12:30:24,29.70708,-95.04733,0.0,300.3,204.0,CAPT ANDY LAKE,,WDG4759,31,12,26,,,90,A
367539810,2022-01-02T12:11:46,29.70708,-95.04733,0.0,224.1,204.0,CAPT ANDY LAKE,,WDG4759,31,12,26,,,90,A
367539810,2022-01-02T12:17:36,29.70708,-95.04734,0.0,219.5,203.0,CAPT ANDY LAKE,,WDG4759,31,12,26,,,90,A
367539810,2022-01-02T12:18:45,29.70708,-95.04734,0.0,71.5,203.0,CAPT ANDY LAKE,,WDG4759,31,12,26,,,90,A
367539810,2022-01-02T12:36:14,29.70708,-95.04734,0.0,306.3,204.0,CAPT ANDY LAKE,,WDG4759,31,12,26,,,90,A
367539810,2022-01-02T12:37:15,29.70707,-95.04733,0.0,291.9,204.0,CAPT ANDY LAKE,,WDG4759,31,12,26,,,90,A
367539810,2022-01-02T05:38:15,29.70737,-95.04721,0.0,281.0,203.0,CAPT ANDY LAKE,,WDG4759,31,12,26,,,90,A
367539810,2022-01-02T12:16:25,29.70708,-95.04734,0.0,262.6,203.0,CAPT ANDY LAKE,,WDG4759,31,12,26,,,90,A
367539810,2022-01-02T12:55:14,29.70708,-95.04733,0.0,207.1,203.0,CAPT ANDY LAKE,,WDG4759,31,12,26,,,90,A
367539810,2022-01-02T12:56:25,29.70709,-95.04733,0.0,178.2,204.0,CAPT ANDY LAKE,,WDG4759,31,12,26,,,90,A
367539810,2022-01-02T12:23:26,29.70708,-95.04733,0.0,267.2,204.0,CAPT ANDY LAKE,,WDG4759,31,12,26,,,90,A
367539810,2022-01-02T12:59:56,29.70709,-95.04733,0.0,231.0,204.0,CAPT ANDY LAKE,,WDG4759,31,12,26,,,90,A
367539810,2022-01-02T12:19:54,29.70708,-95.04734,0.0,271.2,203.0,CAPT ANDY LAKE,,WDG4759,31,12,26,,,90,A
367539810,2022-01-02T12:21:04,29.70708,-95.04735,0.0,320.9,203.0,CAPT ANDY LAKE,,WDG4759,31,12,26,,,90,A
367539810,2022-01-02T12:44:34,29.70708,-95.04734,0.0,260.9,204.0,CAPT ANDY LAKE,,WDG4759,31,12,26,,,90,A
367539810,2022-01-02T12:29:14,29.70708,-95.04733,0.0,278.0,204.0,CAPT ANDY LAKE,,WDG4759,31,12,26,,,90,A
367539810,2022-01-02T13:03:35,29.70710,-95.04734,0.0,230.8,204.0,CAPT ANDY LAKE,,WDG4759,31,12,26,,,90,A
367539810,2022-01-02T05:41:44,29.70738,-95.04726,0.1,130.9,200.0,CAPT ANDY LAKE,,WDG4759,31,12,26,,,90,A
367539810,2022-01-02T12:28:05,29.70708,-95.04734,0.0,284.9,204.0,CAPT ANDY LAKE,,WDG4759,31,12,26,,,90,A
367539810,2022-01-02T12:33:55,29.70708,-95.04733,0.0,251.8,204.0,CAPT ANDY LAKE,,WDG4759,31,12,26,,,90,A
367539810,2022-01-02T12:25:45,29.70707,-95.04733,0.0,275.8,204.0,CAPT ANDY LAKE,,WDG4759,31,12,26,,,90,A
367539810,2022-01-02T12:31:34,29.70708,-95.04734,0.0,282.7,204.0,CAPT ANDY LAKE,,WDG4759,31,12,26,,,90,A
367539810,2022-01-02T13:09:25,29.70709,-95.04733,0.0,281.8,204.0,CAPT ANDY LAKE,,WDG4759,31,12,26,,,90,A
367539810,2022-01-02T13:11:45,29.70709,-95.04734,0.0,241.9,204.0,CAPT ANDY LAKE,,WDG4759,31,12,26,,,90,A
367539810,2022-01-02T12:43:24,29.70709,-95.04734,0.0,294.6,204.0,CAPT ANDY LAKE,,WDG4759,31,12,26,,,90,A
367539810,2022-01-02T12:42:15,29.70709,-95.04735,0.0,252.8,203.0,CAPT ANDY LAKE,,WDG4759,31,12,26,,,90,A
367539810,2022-01-02T12:49:14,29.70709,-95.04734,0.0,285.1,204.0,CAPT ANDY LAKE,,WDG4759,31,12,26,,,90,A
367539810,2022-01-02T12:39:34,29.70708,-95.04734,0.0,254.1,203.0,CAPT ANDY LAKE,,WDG4759,31,12,26,,,90,A
367539810,2022-01-02T12:38:25,29.70708,-95.04735,0.0,311.0,203.0,CAPT ANDY LAKE,,WDG4759,31,12,26,,,90,A
367539810,2022-01-02T12:41:05,29.70708,-95.04734,0.0,306.1,203.0,CAPT ANDY LAKE,,WDG4759,31,12,26,,,90,A
367539810,2022-01-02T12:46:55,29.70709,-95.04733,0.0,9.8,204.0,CAPT ANDY LAKE,,WDG4759,31,12,26,,,90,A
367539810,2022-01-02T13:14:04,29.70709,-95.04733,0.0,230.8,204.0,CAPT ANDY LAKE,,WDG4759,31,12,26,,,90,A
367539810,2022-01-02T12:52:45,29.70709,-95.04733,0.0,352.2,204.0,CAPT ANDY LAKE,,WDG4759,31,12,26,,,90,A
367539810,2022-01-02T12:50:25,29.70709,-95.04733,0.0,285.2,204.0,CAPT ANDY LAKE,,WDG4759,31,12,26,,,90,A
367539810,2022-01-02T05:58:15,29.70737,-95.04721,0.1,137.6,202.0,CAPT ANDY LAKE,,WDG4759,31,12,26,,,90,A
367539810,2022-01-02T13:00:14,29.70709,-95.04734,0.0,215.1,203.0,CAPT ANDY LAKE,,WDG4759,31,12,26,,,90,A
367539810,2022-01-02T12:48:05,29.70709,-95.04734,0.0,349.6,204.0,CAPT ANDY LAKE,,WDG4759,31,12,26,,,90,A
367539810,2022-01-02T13:02:25,29.70708,-95.04733,0.0,216.8,204.0,CAPT ANDY LAKE,,WDG4759,31,12,26,,,90,A
367539810,2022-01-02T13:23:26,29.70709,-95.04735,0.0,231.8,204.0,CAPT ANDY LAKE,,WDG4759,31,12,26,,,90,A
367539810,2022-01-02T06:01:25,29.70739,-95.04725,0.0,6.3,200.0,CAPT ANDY LAKE,,WDG4759,31,12,26,,,90,A
367539810,2022-01-02T12:51:34,29.70709,-95.04733,0.0,317.6,203.0,CAPT ANDY LAKE,,WDG4759,31,12,26,,,90,A
367539810,2022-01-02T13:07:04,29.70709,-95.04733,0.0,240.2,205.0,CAPT ANDY LAKE,,WDG4759,31,12,26,,,90,A
367539810,2022-01-02T13:25:56,29.70708,-95.04734,0.0,233.4,204.0,CAPT ANDY LAKE,,WDG4759,31,12,26,,,90,A
367539810,2022-01-02T12:53:56,29.70709,-95.04734,0.0,227.6,204.0,CAPT ANDY LAKE,,WDG4759,31,12,26,,,90,A
367539810,2022-01-02T12:57:35,29.70709,-95.04733,0.0,156.3,204.0,CAPT ANDY LAKE,,WDG4759,31,12,26,,,90,A
367539810,2022-01-02T13:29:25,29.70708,-95.04735,0.0,130.7,204.0,CAPT ANDY LAKE,,WDG4759,31,12,26,,,90,A
367539810,2022-01-02T13:30:35,29.70709,-95.04734,0.0,293.8,205.0,CAPT ANDY LAKE,,WDG4759,31,12,26,,,90,A
367539810,2022-01-02T13:10:36,29.70709,-95.04733,0.0,222.7,205.0,CAPT ANDY LAKE,,WDG4759,31,12,26,,,90,A
367539810,2022-01-02T13:12:56,29.70708,-95.04733,0.0,253.4,204.0,CAPT ANDY LAKE,,WDG4759,31,12,26,,,90,A
367539810,2022-01-02T13:45:05,29.70709,-95.04734,0.0,241.7,204.0,CAPT ANDY LAKE,,WDG4759,31,12,26,,,90,A
367539810,2022-01-02T13:50:55,29.70709,-95.04735,0.0,273.8,204.0,CAPT ANDY LAKE,,WDG4759,31,12,26,,,90,A
367539810,2022-01-02T13:01:15,29.70708,-95.04733,0.0,229.5,203.0,CAPT ANDY LAKE,,WDG4759,31,12,26,,,90,A
367539810,2022-01-02T13:15:14,29.70707,-95.04733,0.0,255.2,204.0,CAPT ANDY LAKE,,WDG4759,31,12,26,,,90,A
367539810,2022-01-02T13:47:26,29.70708,-95.04733,0.0,223.7,204.0,CAPT ANDY LAKE,,WDG4759,31,12,26,,,90,A
367539810,2022-01-02T13:08:15,29.70708,-95.04733,0.0,137.9,204.0,CAPT ANDY LAKE,,WDG4759,31,12,26,,,90,A
367539810,2022-01-02T13:35:46,29.70709,-95.04735,0.0,264.6,205.0,CAPT ANDY LAKE,,WDG4759,31,12,26,,,90,A
367539810,2022-01-02T13:16:26,29.70709,-95.04733,0.0,293.3,205.0,CAPT ANDY LAKE,,WDG4759,31,12,26,,,90,A
367539810,2022-01-02T13:17:36,29.70708,-95.04734,0.0,273.0,205.0,CAPT ANDY LAKE,,WDG4759,31,12,26,,,90,A
367539810,2022-01-02T13:18:45,29.70708,-95.04734,0.0,295.4,204.0,CAPT ANDY LAKE,,WDG4759,31,12,26,,,90,A
367539810,2022-01-02T13:52:04,29.70709,-95.04735,0.0,240.7,204.0,CAPT ANDY LAKE,,WDG4759,31,12,26,,,90,A
367539810,2022-01-02T13:53:16,29.70709,-95.04734,0.0,222.7,203.0,CAPT ANDY LAKE,,WDG4759,31,12,26,,,90,A
367539810,2022-01-02T13:19:55,29.70709,-95.04734,0.0,304.3,203.0,CAPT ANDY LAKE,,WDG4759,31,12,26,,,90,A
367539810,2022-01-02T13:21:04,29.70709,-95.04735,0.0,270.4,204.0,CAPT ANDY LAKE,,WDG4759,31,12,26,,,90,A
367539810,2022-01-02T13:43:55,29.70709,-95.04734,0.0,277.5,204.0,CAPT ANDY LAKE,,WDG4759,31,12,26,,,90,A
367539810,2022-01-02T13:27:05,29.70709,-95.04735,0.0,220.8,204.0,CAPT ANDY LAKE,,WDG4759,31,12,26,,,90,A
367539810,2022-01-02T13:24:34,29.70708,-95.04735,0.0,239.0,204.0,CAPT ANDY LAKE,,WDG4759,31,12,26,,,90,A
367539810,2022-01-02T13:22:14,29.70708,-95.04734,0.0,233.9,204.0,CAPT ANDY LAKE,,WDG4759,31,12,26,,,90,A
367539810,2022-01-02T06:15:45,29.70754,-95.04722,0.1,43.1,194.0,CAPT ANDY LAKE,,WDG4759,31,12,26,,,90,A
367539810,2022-01-02T14:07:04,29.70708,-95.04734,0.0,78.2,204.0,CAPT ANDY LAKE,,WDG4759,31,12,26,,,90,A
367539810,2022-01-02T13:34:05,29.70708,-95.04735,0.0,287.0,204.0,CAPT ANDY LAKE,,WDG4759,31,12,26,,,90,A
367539810,2022-01-02T14:11:44,29.70708,-95.04734,0.0,166.1,204.0,CAPT ANDY LAKE,,WDG4759,31,12,26,,,90,A
367539810,2022-01-02T13:38:05,29.70709,-95.04734,0.0,355.0,203.0,CAPT ANDY LAKE,,WDG4759,31,12,26,,,90,A
367539810,2022-01-02T14:10:34,29.70708,-95.04734,0.0,20.6,204.0,CAPT ANDY LAKE,,WDG4759,31,12,26,,,90,A
367539810,2022-01-02T13:39:16,29.70708,-95.04735,0.0,272.0,204.0,CAPT ANDY LAKE,,WDG4759,31,12,26,,,90,A
367539810,2022-01-02T13:42:44,29.70709,-95.04734,0.0,55.6,205.0,CAPT ANDY LAKE,,WDG4759,31,12,26,,,90,A
367539810,2022-01-02T13:40:25,29.70708,-95.04734,0.0,229.1,204.0,CAPT ANDY LAKE,,WDG4759,31,12,26,,,90,A
367539810,2022-01-02T13:32:46,29.70708,-95.04734,0.0,57.9,205.0,CAPT ANDY LAKE,,WDG4759,31,12,26,,,90,A
367539810,2022-01-02T14:02:35,29.70708,-95.04733,0.0,345.1,203.0,CAPT ANDY LAKE,,WDG4759,31,12,26,,,90,A
367539810,2022-01-02T14:18:34,29.70710,-95.04734,0.0,299.2,204.0,CAPT ANDY LAKE,,WDG4759,31,12,26,,,90,A
367539810,2022-01-02T14:15:04,29.70709,-95.04734,0.0,48.1,204.0,CAPT ANDY LAKE,,WDG4759,31,12,26,,,90,A
367539810,2022-01-02T13:46:16,29.70709,-95.04733,0.0,35.2,204.0,CAPT ANDY LAKE,,WDG4759,31,12,26,,,90,A
367539810,2022-01-02T14:19:45,29.70709,-95.04733,0.0,316.7,203.0,CAPT ANDY LAKE,,WDG4759,31,12,26,,,90,A
367539810,2022-01-02T13:36:54,29.70709,-95.04734,0.0,279.6,204.0,CAPT ANDY LAKE,,WDG4759,31,12,26,,,90,A
367539810,2022-01-02T06:20:15,29.70755,-95.04716,0.2,197.4,191.0,CAPT ANDY LAKE,,WDG4759,31,12,26,,,90,A
367539810,2022-01-02T14:05:55,29.70708,-95.04734,0.0,309.1,204.0,CAPT ANDY LAKE,,WDG4759,31,12,26,,,90,A
367539810,2022-01-02T06:21:25,29.70748,-95.04717,0.2,192.6,193.0,CAPT ANDY LAKE,,WDG4759,31,12,26,,,90,A
367539810,2022-01-02T13:49:44,29.70710,-95.04734,0.0,125.3,203.0,CAPT ANDY LAKE,,WDG4759,31,12,26,,,90,A
367539810,2022-01-02T13:41:35,29.70708,-95.04734,0.0,169.4,204.0,CAPT ANDY LAKE,,WDG4759,31,12,26,,,90,A
367539810,2022-01-02T14:13:54,29.70709,-95.04734,0.0,345.5,203.0,CAPT ANDY LAKE,,WDG4759,31,12,26,,,90,A
367539810,2022-01-02T14:23:14,29.70707,-95.04732,0.0,269.5,204.0,CAPT ANDY LAKE,,WDG4759,31,12,26,,,90,A
367539810,2022-01-02T13:55:35,29.70708,-95.04733,0.0,168.5,204.0,CAPT ANDY LAKE,,WDG4759,31,12,26,,,90,A
367539810,2022-01-02T13:48:34,29.70709,-95.04733,0.0,241.4,204.0,CAPT ANDY LAKE,,WDG4759,31,12,26,,,90,A
367539810,2022-01-02T14:00:14,29.70708,-95.04734,0.0,352.5,203.0,CAPT ANDY LAKE,,WDG4759,31,12,26,,,90,A
367539810,2022-01-02T06:27:04,29.70721,-95.04706,0.2,182.3,191.0,CAPT ANDY LAKE,,WDG4759,31,12,26,,,90,A
367539810,2022-01-02T14:22:04,29.70710,-95.04733,0.0,332.2,204.0,CAPT ANDY LAKE,,WDG4759,31,12,26,,,90,A
367539810,2022-01-02T13:54:26,29.70709,-95.04733,0.0,341.3,204.0,CAPT ANDY LAKE,,WDG4759,31,12,26,,,90,A
367539810,2022-01-02T13:56:44,29.70709,-95.04734,0.0,215.5,203.0,CAPT ANDY LAKE,,WDG4759,31,12,26,,,90,A
367539810,2022-01-02T13:57:54,29.70709,-95.04734,0.0,40.6,204.0,CAPT ANDY LAKE,,WDG4759,31,12,26,,,90,A
367539810,2022-01-02T14:09:25,29.70708,-95.04735,0.0,249.2,204.0,CAPT ANDY LAKE,,WDG4759,31,12,26,,,90,A
367539810,2022-01-02T14:36:15,29.70708,-95.04733,0.0,282.8,205.0,CAPT ANDY LAKE,,WDG4759,31,12,26,,,90,A
367539810,2022-01-02T14:43:05,29.70708,-95.04735,0.0,11.5,204.0,CAPT ANDY LAKE,,WDG4759,31,12,26,,,90,A
367539810,2022-01-02T14:31:24,29.70707,-95.04734,0.0,230.7,204.0,CAPT ANDY LAKE,,WDG4759,31,12,26,,,90,A
367539810,2022-01-02T14:12:45,29.70708,-95.04734,0.0,55.5,204.0,CAPT ANDY LAKE,,WDG4759,31,12,26,,,90,A
367539810,2022-01-02T06:32:55,29.70710,-95.04734,0.1,278.7,202.0,CAPT ANDY LAKE,,WDG4759,31,12,26,,,90,A
367539810,2022-01-02T14:16:14,29.70709,-95.04733,0.0,248.7,204.0,CAPT ANDY LAKE,,WDG4759,31,12,26,,,90,A
367539810,2022-01-02T14:03:45,29.70708,-95.04734,0.0,284.2,204.0,CAPT ANDY LAKE,,WDG4759,31,12,26,,,90,A
367539810,2022-01-02T14:01:26,29.70708,-95.04734,0.0,271.5,203.0,CAPT ANDY LAKE,,WDG4759,31,12,26,,,90,A
367539810,2022-01-02T14:51:15,29.70709,-95.04733,0.0,235.2,204.0,CAPT ANDY LAKE,,WDG4759,31,12,26,,,90,A
367539810,2022-01-02T14:08:16,29.70708,-95.04734,0.0,26.8,204.0,CAPT ANDY LAKE,,WDG4759,31,12,26,,,90,A
367539810,2022-01-02T14:46:34,29.70707,-95.04733,0.0,226.3,204.0,CAPT ANDY LAKE,,WDG4759,31,12,26,,,90,A
367539810,2022-01-02T14:04:54,29.70709,-95.04734,0.0,243.4,204.0,CAPT ANDY LAKE,,WDG4759,31,12,26,,,90,A
367539810,2022-01-02T14:54:34,29.70709,-95.04733,0.0,231.2,204.0,CAPT ANDY LAKE,,WDG4759,31,12,26,,,90,A
367539810,2022-01-02T14:48:54,29.70708,-95.04734,0.0,251.9,204.0,CAPT ANDY LAKE,,WDG4759,31,12,26,,,90,A
367539810,2022-01-02T14:50:05,29.70711,-95.04732,0.0,235.4,204.0,CAPT ANDY LAKE,,WDG4759,31,12,26,,,90,A
367539810,2022-01-02T14:53:25,29.70709,-95.04734,0.0,233.7,203.0,CAPT ANDY LAKE,,WDG4759,31,12,26,,,90,A
367539810,2022-01-02T14:24:25,29.70708,-95.04733,0.0,272.8,203.0,CAPT ANDY LAKE,,WDG4759,31,12,26,,,90,A
367539810,2022-01-02T14:30:14,29.70708,-95.04734,0.0,272.5,203.0,CAPT ANDY LAKE,,WDG4759,31,12,26,,,90,A
367539810,2022-01-02T14:32:34,29.70708,-95.04734,0.0,237.2,204.0,CAPT ANDY LAKE,,WDG4759,31,12,26,,,90,A
367539810,2022-01-02T14:33:35,29.70708,-95.04734,0.0,296.5,204.0,CAPT ANDY LAKE,,WDG4759,31,12,26,,,90,A
367539810,2022-01-02T14:35:04,29.70708,-95.04734,0.0,206.0,205.0,CAPT ANDY LAKE,,WDG4759,31,12,26,,,90,A
367539810,2022-01-02T14:59:05,29.70710,-95.04733,0.0,216.0,205.0,CAPT ANDY LAKE,,WDG4759,31,12,26,,,90,A
367539810,2022-01-02T06:40:56,29.70709,-95.04734,0.1,141.7,204.0,CAPT ANDY LAKE,,WDG4759,31,12,26,,,90,A
367539810,2022-01-02T15:13:06,29.70708,-95.04734,0.0,231.2,204.0,CAPT ANDY LAKE,,WDG4759,31,12,26,,,90,A
367539810,2022-01-02T15:08:15,29.70709,-95.04733,0.0,259.4,204.0,CAPT ANDY LAKE,,WDG4759,31,12,26,,,90,A
367539810,2022-01-02T14:25:34,29.70708,-95.04734,0.0,228.4,204.0,CAPT ANDY LAKE,,WDG4759,31,12,26,,,90,A
367539810,2022-01-02T14:26:45,29.70708,-95.04734,0.0,203.2,204.0,CAPT ANDY LAKE,,WDG4759,31,12,26,,,90,A
367539810,2022-01-02T06:42:05,29.70709,-95.04734,0.1,274.9,204.0,CAPT ANDY LAKE,,WDG4759,31,12,26,,,90,A
367539810,2022-01-02T15:16:35,29.70708,-95.04734,0.0,227.4,204.0,CAPT ANDY LAKE,,WDG4759,31,12,26,,,90,A
367539810,2022-01-02T14:29:04,29.70708,-95.04735,0.0,237.7,203.0,CAPT ANDY LAKE,,WDG4759,31,12,26,,,90,A
367539810,2022-01-02T14:44:15,29.70709,-95.04734,0.0,9.1,205.0,CAPT ANDY LAKE,,WDG4759,31,12,26,,,90,A
367539810,2022-01-02T14:45:24,29.70708,-95.04735,0.0,232.0,204.0,CAPT ANDY LAKE,,WDG4759,31,12,26,,,90,A
367539810,2022-01-02T14:47:45,29.70707,-95.04734,0.0,353.0,204.0,CAPT ANDY LAKE,,WDG4759,31,12,26,,,90,A
367539810,2022-01-02T14:38:35,29.70708,-95.04734,0.0,279.8,204.0,CAPT ANDY LAKE,,WDG4759,31,12,26,,,90,A
367539810,2022-01-02T06:43:15,29.70710,-95.04735,0.1,309.6,201.0,CAPT ANDY LAKE,,WDG4759,31,12,26,,,90,A
367539810,2022-01-02T15:18:45,29.70707,-95.04734,0.0,291.9,205.0,CAPT ANDY LAKE,,WDG4759,31,12,26,,,90,A
367539810,2022-01-02T15:26:35,29.70709,-95.04733,0.0,231.5,205.0,CAPT ANDY LAKE,,WDG4759,31,12,26,,,90,A
367539810,2022-01-02T14:55:35,29.70709,-95.04733,0.0,209.1,204.0,CAPT ANDY LAKE,,WDG4759,31,12,26,,,90,A
367539810,2022-01-02T14:39:45,29.70708,-95.04734,0.0,253.9,204.0,CAPT ANDY LAKE,,WDG4759,31,12,26,,,90,A
367539810,2022-01-02T15:32:25,29.70707,-95.04734,0.0,236.8,203.0,CAPT ANDY LAKE,,WDG4759,31,12,26,,,90,A
367539810,2022-01-02T14:40:54,29.70708,-95.04734,0.0,206.6,204.0,CAPT ANDY LAKE,,WDG4759,31,12,26,,,90,A
367539810,2022-01-02T14:41:55,29.70709,-95.04734,0.0,273.3,204.0,CAPT ANDY LAKE,,WDG4759,31,12,26,,,90,A
367539810,2022-01-02T15:03:35,29.70709,-95.04733,0.0,247.0,204.0,CAPT ANDY LAKE,,WDG4759,31,12,26,,,90,A
367539810,2022-01-02T15:36:15,29.70709,-95.04733,0.0,213.8,204.0,CAPT ANDY LAKE,,WDG4759,31,12,26,,,90,A
367539810,2022-01-02T15:02:25,29.70711,-95.04732,0.0,44.0,204.0,CAPT ANDY LAKE,,WDG4759,31,12,26,,,90,A
367539810,2022-01-02T15:04:46,29.70709,-95.04733,0.0,279.9,204.0,CAPT ANDY LAKE,,WDG4759,31,12,26,,,90,A
367539810,2022-01-02T14:52:24,29.70709,-95.04734,0.0,228.0,203.0,CAPT ANDY LAKE,,WDG4759,31,12,26,,,90,A
367539810,2022-01-02T15:33:35,29.70708,-95.04733,0.0,265.1,204.0,CAPT ANDY LAKE,,WDG4759,31,12,26,,,90,A
367539810,2022-01-02T15:05:55,29.70710,-95.04732,0.0,220.9,204.0,CAPT ANDY LAKE,,WDG4759,31,12,26,,,90,A
367539810,2022-01-02T15:35:04,29.70708,-95.04733,0.0,254.0,204.0,CAPT ANDY LAKE,,WDG4759,31,12,26,,,90,A
367539810,2022-01-02T15:09:25,29.70709,-95.04734,0.0,221.3,204.0,CAPT ANDY LAKE,,WDG4759,31,12,26,,,90,A
367539810,2022-01-02T15:11:54,29.70708,-95.04734,0.0,241.8,205.0,CAPT ANDY LAKE,,WDG4759,31,12,26,,,90,A
367539810,2022-01-02T15:14:15,29.70708,-95.04733,0.0,232.8,204.0,CAPT ANDY LAKE,,WDG4759,31,12,26,,,90,A
367539810,2022-01-02T15:51:15,29.70707,-95.04733,0.0,293.2,203.0,CAPT ANDY LAKE,,WDG4759,31,12,26,,,90,A
367539810,2022-01-02T14:56:44,29.70709,-95.04733,0.0,221.4,204.0,CAPT ANDY LAKE,,WDG4759,31,12,26,,,90,A
367539810,2022-01-02T15:15:24,29.70708,-95.04734,0.0,246.8,204.0,CAPT ANDY LAKE,,WDG4759,31,12,26,,,90,A
367539810,2022-01-02T15:39:44,29.70709,-95.04732,0.0,303.2,203.0,CAPT ANDY LAKE,,WDG4759,31,12,26,,,90,A
367539810,2022-01-02T15:07:05,29.70710,-95.04733,0.0,239.6,204.0,CAPT ANDY LAKE,,WDG4759,31,12,26,,,90,A
367539810,2022-01-02T14:57:54,29.70711,-95.04733,0.0,233.3,204.0,CAPT ANDY LAKE,,WDG4759,31,12,26,,,90,A
367539810,2022-01-02T15:17:44,29.70708,-95.04733,0.0,240.4,205.0,CAPT ANDY LAKE,,WDG4759,31,12,26,,,90,A
367539810,2022-01-02T15:19:55,29.70708,-95.04733,0.0,266.4,204.0,CAPT ANDY LAKE,,WDG4759,31,12,26,,,90,A
367539810,2022-01-02T15:59:15,29.70708,-95.04733,0.0,246.3,204.0,CAPT ANDY LAKE,,WDG4759,31,12,26,,,90,A
367539810,2022-01-02T15:53:34,29.70708,-95.04732,0.0,234.8,203.0,CAPT ANDY LAKE,,WDG4759,31,12,26,,,90,A
367539810,2022-01-02T15:25:25,29.70709,-95.04733,0.0,257.7,205.0,CAPT ANDY LAKE,,WDG4759,31,12,26,,,90,A
367539810,2022-01-02T15:50:05,29.70708,-95.04733,0.0,243.2,204.0,CAPT ANDY LAKE,,WDG4759,31,12,26,,,90,A
367539810,2022-01-02T15:28:54,29.70709,-95.04733,0.0,226.6,204.0,CAPT ANDY LAKE,,WDG4759,31,12,26,,,90,A
367539810,2022-01-02T16:08:34,29.70709,-95.04733,0.0,18.9,204.0,CAPT ANDY LAKE,,WDG4759,31,12,26,,,90,A
367539810,2022-01-02T15:31:15,29.70709,-95.04733,0.0,225.5,204.0,CAPT ANDY LAKE,,WDG4759,31,12,26,,,90,A
367539810,2022-01-02T16:02:45,29.70708,-95.04732,0.0,32.6,204.0,CAPT ANDY LAKE,,WDG4759,31,12,26,,,90,A
367539810,2022-01-02T16:03:54,29.70708,-95.04731,0.0,266.8,203.0,CAPT ANDY LAKE,,WDG4759,31,12,26,,,90,A
367539810,2022-01-02T15:22:14,29.70709,-95.04733,0.0,307.8,204.0,CAPT ANDY LAKE,,WDG4759,31,12,26,,,90,A
367539810,2022-01-02T16:05:05,29.70709,-95.04732,0.0,282.0,203.0,CAPT ANDY LAKE,,WDG4759,31,12,26,,,90,A
367539810,2022-01-02T15:23:15,29.70710,-95.04733,0.0,262.6,204.0,CAPT ANDY LAKE,,WDG4759,31,12,26,,,90,A
367539810,2022-01-02T15:37:25,29.70708,-95.04733,0.0,234.2,203.0,CAPT ANDY LAKE,,WDG4759,31,12,26,,,90,A
367539810,2022-01-02T06:58:14,29.70709,-95.04735,0.0,225.0,203.0,CAPT ANDY LAKE,,WDG4759,31,12,26,,,90,A
367539810,2022-01-02T15:24:24,29.70709,-95.04733,0.0,230.3,204.0,CAPT ANDY LAKE,,WDG4759,31,12,26,,,90,A
367539810,2022-01-02T15:38:35,29.70708,-95.04733,0.0,256.6,203.0,CAPT ANDY LAKE,,WDG4759,31,12,26,,,90,A
367539810,2022-01-02T15:21:06,29.70708,-95.04734,0.0,250.4,204.0,CAPT ANDY LAKE,,WDG4759,31,12,26,,,90,A
367539810,2022-01-02T15:27:45,29.70708,-95.04733,0.0,222.5,204.0,CAPT ANDY LAKE,,WDG4759,31,12,26,,,90,A
367539810,2022-01-02T16:06:15,29.70709,-95.04732,0.0,246.2,204.0,CAPT ANDY LAKE,,WDG4759,31,12,26,,,90,A
367539810,2022-01-02T15:30:04,29.70709,-95.04733,0.0,234.8,204.0,CAPT ANDY LAKE,,WDG4759,31,12,26,,,90,A
367539810,2022-01-02T15:52:25,29.70707,-95.04732,0.0,315.2,203.0,CAPT ANDY LAKE,,WDG4759,31,12,26,,,90,A
367539810,2022-01-02T16:14:15,29.70709,-95.04733,0.0,308.4,204.0,CAPT ANDY LAKE,,WDG4759,31,12,26,,,90,A
367539810,2022-01-02T16:16:26,29.70708,-95.04733,0.0,350.1,204.0,CAPT ANDY LAKE,,WDG4759,31,12,26,,,90,A
367539810,2022-01-02T15:54:44,29.70708,-95.04732,0.0,241.5,203.0,CAPT ANDY LAKE,,WDG4759,31,12,26,,,90,A
367539810,2022-01-02T15:55:54,29.70708,-95.04732,0.0,306.1,203.0,CAPT ANDY LAKE,,WDG4759,31,12,26,,,90,A
367539810,2022-01-02T15:58:04,29.70708,-95.04733,0.0,266.1,203.0,CAPT ANDY LAKE,,WDG4759,31,12,26,,,90,A
367539810,2022-01-02T15:45:25,29.70708,-95.04732,0.0,321.0,201.0,CAPT ANDY LAKE,,WDG4759,31,12,26,,,90,A
367539810,2022-01-02T16:22:14,29.70709,-95.04732,0.0,258.4,204.0,CAPT ANDY LAKE,,WDG4759,31,12,26,,,90,A
367539810,2022-01-02T15:46:34,29.70707,-95.04732,0.0,5.3,203.0,CAPT ANDY LAKE,,WDG4759,31,12,26,,,90,A
367539810,2022-01-02T15:47:45,29.70707,-95.04733,0.0,227.0,203.0,CAPT ANDY LAKE,,WDG4759,31,12,26,,,90,A
367539810,2022-01-02T16:24:36,29.70709,-95.04732,0.0,237.8,204.0,CAPT ANDY LAKE,,WDG4759,31,12,26,,,90,A
367539810,2022-01-02T15:40:55,29.70709,-95.04733,0.0,301.0,203.0,CAPT ANDY LAKE,,WDG4759,31,12,26,,,90,A
367539810,2022-01-02T15:48:55,29.70708,-95.04734,0.0,331.9,203.0,CAPT ANDY LAKE,,WDG4759,31,12,26,,,90,A
367539810,2022-01-02T16:00:15,29.70708,-95.04733,0.0,301.5,203.0,CAPT ANDY LAKE,,WDG4759,31,12,26,,,90,A
367539810,2022-01-02T15:43:05,29.70709,-95.04733,0.0,340.7,202.0,CAPT ANDY LAKE,,WDG4759,31,12,26,,,90,A
367539810,2022-01-02T16:31:54,29.70709,-95.04733,0.0,227.3,204.0,CAPT ANDY LAKE,,WDG4759,31,12,26,,,90,A
367539810,2022-01-02T15:44:15,29.70708,-95.04733,0.0,255.7,201.0,CAPT ANDY LAKE,,WDG4759,31,12,26,,,90,A
367539810,2022-01-02T16:12:05,29.70709,-95.04733,0.0,58.6,204.0,CAPT ANDY LAKE,,WDG4759,31,12,26,,,90,A
367539810,2022-01-02T07:11:04,29.70709,-95.04736,0.0,276.7,204.0,CAPT ANDY LAKE,,WDG4759,31,12,26,,,90,A
367539810,2022-01-02T16:34:25,29.70708,-95.04733,0.0,237.5,205.0,CAPT ANDY LAKE,,WDG4759,31,12,26,,,90,A
367539810,2022-01-02T16:13:14,29.70708,-95.04733,0.0,312.3,204.0,CAPT ANDY LAKE,,WDG4759,31,12,26,,,90,A
367539810,2022-01-02T16:15:25,29.70709,-95.04732,0.0,82.3,204.0,CAPT ANDY LAKE,,WDG4759,31,12,26,,,90,A
367539810,2022-01-02T16:01:35,29.70709,-95.04732,0.0,230.9,204.0,CAPT ANDY LAKE,,WDG4759,31,12,26,,,90,A
367539810,2022-01-02T16:38:24,29.70708,-95.04734,0.0,302.9,204.0,CAPT ANDY LAKE,,WDG4759,31,12,26,,,90,A
367539810,2022-01-02T16:46:25,29.70707,-95.04734,0.0,241.9,205.0,CAPT ANDY LAKE,,WDG4759,31,12,26,,,90,A
367539810,2022-01-02T16:17:35,29.70707,-95.04732,0.0,246.2,204.0,CAPT ANDY LAKE,,WDG4759,31,12,26,,,90,A
367539810,2022-01-02T07:13:34,29.70708,-95.04734,0.0,206.8,203.0,CAPT ANDY LAKE,,WDG4759,31,12,26,,,90,A
367539810,2022-01-02T16:48:34,29.70708,-95.04733,0.0,325.9,204.0,CAPT ANDY LAKE,,WDG4759,31,12,26,,,90,A
367539810,2022-01-02T15:56:55,29.70708,-95.04733,0.0,316.9,203.0,CAPT ANDY LAKE,,WDG4759,31,12,26,,,90,A
367539810,2022-01-02T16:49:44,29.70708,-95.04733,0.0,254.2,205.0,CAPT ANDY LAKE,,WDG4759,31,12,26,,,90,A
367539810,2022-01-02T16:19:55,29.70708,-95.04733,0.0,314.8,204.0,CAPT ANDY LAKE,,WDG4759,31,12,26,,,90,A
367539810,2022-01-02T16:18:45,29.70708,-95.04732,0.0,280.8,204.0,CAPT ANDY LAKE,,WDG4759,31,12,26,,,90,A
367539810,2022-01-02T16:53:14,29.70708,-95.04732,0.0,243.1,204.0,CAPT ANDY LAKE,,WDG4759,31,12,26,,,90,A
367539810,2022-01-02T16:21:05,29.70708,-95.04732,0.0,271.3,204.0,CAPT ANDY LAKE,,WDG4759,31,12,26,,,90,A
367539810,2022-01-02T16:23:25,29.70710,-95.04732,0.0,231.4,204.0,CAPT ANDY LAKE,,WDG4759,31,12,26,,,90,A
367539810,2022-01-02T07:19:15,29.70709,-95.04734,0.0,257.0,203.0,CAPT ANDY LAKE,,WDG4759,31,12,26,,,90,A
367539810,2022-01-02T16:54:15,29.70708,-95.04732,0.0,309.4,204.0,CAPT ANDY LAKE,,WDG4759,31,12,26,,,90,A
367539810,2022-01-02T16:55:25,29.70707,-95.04733,0.0,237.4,205.0,CAPT ANDY LAKE,,WDG4759,31,12,26,,,90,A
367539810,2022-01-02T16:07:25,29.70708,-95.04732,0.0,335.2,204.0,CAPT ANDY LAKE,,WDG4759,31,12,26,,,90,A
367539810,2022-01-02T16:28:04,29.70709,-95.04733,0.0,310.7,205.0,CAPT ANDY LAKE,,WDG4759,31,12,26,,,90,A
367539810,2022-01-02T16:09:45,29.70709,-95.04733,0.0,13.9,204.0,CAPT ANDY LAKE,,WDG4759,31,12,26,,,90,A
367539810,2022-01-02T16:10:54,29.70709,-95.04733,0.0,238.9,204.0,CAPT ANDY LAKE,,WDG4759,31,12,26,,,90,A
367539810,2022-01-02T16:35:34,29.70707,-95.04732,0.0,135.8,204.0,CAPT ANDY LAKE,,WDG4759,31,12,26,,,90,A
367539810,2022-01-02T17:07:35,29.70708,-95.04733,0.0,195.5,203.0,CAPT ANDY LAKE,,WDG4759,31,12,26,,,90,A
367539810,2022-01-02T16:59:55,29.70708,-95.04733,0.0,256.0,204.0,CAPT ANDY LAKE,,WDG4759,31,12,26,,,90,A
367539810,2022-01-02T16:42:55,29.70708,-95.04733,0.0,231.6,205.0,CAPT ANDY LAKE,,WDG4759,31,12,26,,,90,A
367539810,2022-01-02T16:40:35,29.70708,-95.04733,0.0,273.3,204.0,CAPT ANDY LAKE,,WDG4759,31,12,26,,,90,A
367539810,2022-01-02T17:15:54,29.70708,-95.04734,0.0,229.8,204.0,CAPT ANDY LAKE,,WDG4759,31,12,26,,,90,A
367539810,2022-01-02T16:44:05,29.70707,-95.04733,0.0,287.0,204.0,CAPT ANDY LAKE,,WDG4759,31,12,26,,,90,A
367539810,2022-01-02T16:45:14,29.70708,-95.04733,0.0,265.1,205.0,CAPT ANDY LAKE,,WDG4759,31,12,26,,,90,A
367539810,2022-01-02T17:11:04,29.70709,-95.04733,0.0,58.0,204.0,CAPT ANDY LAKE,,WDG4759,31,12,26,,,90,A
367539810,2022-01-02T07:27:45,29.70707,-95.04733,0.0,48.3,203.0,CAPT ANDY LAKE,,WDG4759,31,12,26,,,90,A
367539810,2022-01-02T16:25:45,29.70709,-95.04733,0.0,253.2,205.0,CAPT ANDY LAKE,,WDG4759,31,12,26,,,90,A
367539810,2022-01-02T16:26:54,29.70709,-95.04733,0.0,179.3,205.0,CAPT ANDY LAKE,,WDG4759,31,12,26,,,90,A
367539810,2022-01-02T17:13:25,29.70708,-95.04733,0.0,19.8,204.0,CAPT ANDY LAKE,,WDG4759,31,12,26,,,90,A
367539810,2022-01-02T16:29:14,29.70709,-95.04734,0.0,239.4,205.0,CAPT ANDY LAKE,,WDG4759,31,12,26,,,90,A
367539810,2022-01-02T16:30:45,29.70709,-95.04733,0.0,280.8,204.0,CAPT ANDY LAKE,,WDG4759,31,12,26,,,90,A
367539810,2022-01-02T17:16:56,29.70708,-95.04733,0.0,255.3,204.0,CAPT ANDY LAKE,,WDG4759,31,12,26,,,90,A
367539810,2022-01-02T16:52:05,29.70708,-95.04732,0.0,275.9,204.0,CAPT ANDY LAKE,,WDG4759,31,12,26,,,90,A
367539810,2022-01-02T16:33:04,29.70708,-95.04733,0.0,251.9,205.0,CAPT ANDY LAKE,,WDG4759,31,12,26,,,90,A
367539810,2022-01-02T17:12:14,29.70708,-95.04733,0.0,66.5,204.0,CAPT ANDY LAKE,,WDG4759,31,12,26,,,90,A
367539810,2022-01-02T17:20:26,29.70708,-95.04734,0.0,241.4,205.0,CAPT ANDY LAKE,,WDG4759,31,12,26,,,90,A
367539810,2022-01-02T16:36:44,29.70709,-95.04733,0.0,302.0,204.0,CAPT ANDY LAKE,,WDG4759,31,12,26,,,90,A
367539810,2022-01-02T17:18:06,29.70708,-95.04734,0.0,184.8,204.0,CAPT ANDY LAKE,,WDG4759,31,12,26,,,90,A
367539810,2022-01-02T17:19:15,29.70708,-95.04733,0.0,38.2,204.0,CAPT ANDY LAKE,,WDG4759,31,12,26,,,90,A
367539810,2022-01-02T16:39:34,29.70710,-95.04733,0.0,281.4,204.0,CAPT ANDY LAKE,,WDG4759,31,12,26,,,90,A
367539810,2022-01-02T16:41:44,29.70708,-95.04732,0.0,243.3,204.0,CAPT ANDY LAKE,,WDG4759,31,12,26,,,90,A
367539810,2022-01-02T17:29:55,29.70709,-95.04733,0.0,265.2,203.0,CAPT ANDY LAKE,,WDG4759,31,12,26,,,90,A
367539810,2022-01-02T17:25:15,29.70708,-95.04733,0.0,245.6,203.0,CAPT ANDY LAKE,,WDG4759,31,12,26,,,90,A
367539810,2022-01-02T07:33:34,29.70708,-95.04734,0.0,133.6,203.0,CAPT ANDY LAKE,,WDG4759,31,12,26,,,90,A
367539810,2022-01-02T17:26:25,29.70708,-95.04733,0.0,29.5,203.0,CAPT ANDY LAKE,,WDG4759,31,12,26,,,90,A
367539810,2022-01-02T17:27:35,29.70709,-95.04732,0.0,270.8,203.0,CAPT ANDY LAKE,,WDG4759,31,12,26,,,90,A
367539810,2022-01-02T17:44:25,29.70708,-95.04733,0.0,260.3,205.0,CAPT ANDY LAKE,,WDG4759,31,12,26,,,90,A
367539810,2022-01-02T17:08:46,29.70708,-95.04733,0.0,177.1,204.0,CAPT ANDY LAKE,,WDG4759,31,12,26,,,90,A
367539810,2022-01-02T16:50:54,29.70708,-95.04733,0.0,240.7,205.0,CAPT ANDY LAKE,,WDG4759,31,12,26,,,90,A
367539810,2022-01-02T17:42:05,29.70708,-95.04733,0.0,68.1,204.0,CAPT ANDY LAKE,,WDG4759,31,12,26,,,90,A
367539810,2022-01-02T17:14:35,29.70708,-95.04733,0.0,219.6,203.0,CAPT ANDY LAKE,,WDG4759,31,12,26,,,90,A
367539810,2022-01-02T16:56:35,29.70707,-95.04733,0.0,270.1,205.0,CAPT ANDY LAKE,,WDG4759,31,12,26,,,90,A
367539810,2022-01-02T16:57:44,29.70708,-95.04734,0.0,316.7,204.0,CAPT ANDY LAKE,,WDG4759,31,12,26,,,90,A
367539810,2022-01-02T17:46:46,29.70708,-95.04733,0.0,351.8,204.0,CAPT ANDY LAKE,,WDG4759,31,12,26,,,90,A
367539810,2022-01-02T17:43:15,29.70708,-95.04734,0.0,261.7,204.0,CAPT ANDY LAKE,,WDG4759,31,12,26,,,90,A
367539810,2022-01-02T17:21:34,29.70708,-95.04733,0.0,288.1,204.0,CAPT ANDY LAKE,,WDG4759,31,12,26,,,90,A
367539810,2022-01-02T17:04:04,29.70708,-95.04733,0.0,268.8,203.0,CAPT ANDY LAKE,,WDG4759,31,12,26,,,90,A
367539810,2022-01-02T17:05:15,29.70708,-95.04734,0.0,229.5,203.0,CAPT ANDY LAKE,,WDG4759,31,12,26,,,90,A
367539810,2022-01-02T18:00:15,29.70708,-95.04733,0.0,319.8,203.0,CAPT ANDY LAKE,,WDG4759,31,12,26,,,90,A
367539810,2022-01-02T17:09:54,29.70708,-95.04734,0.0,234.6,204.0,CAPT ANDY LAKE,,WDG4759,31,12,26,,,90,A
367539810,2022-01-02T18:02:34,29.70708,-95.04733,0.0,313.2,204.0,CAPT ANDY LAKE,,WDG4759,31,12,26,,,90,A
367539810,2022-01-02T17:49:06,29.70709,-95.04733,0.0,48.9,204.0,CAPT ANDY LAKE,,WDG4759,31,12,26,,,90,A
367539810,2022-01-02T17:28:44,29.70708,-95.04731,0.0,178.7,204.0,CAPT ANDY LAKE,,WDG4759,31,12,26,,,90,A
367539810,2022-01-02T17:33:35,29.70709,-95.04733,0.0,274.5,203.0,CAPT ANDY LAKE,,WDG4759,31,12,26,,,90,A
367539810,2022-01-02T17:52:35,29.70709,-95.04733,0.0,308.8,204.0,CAPT ANDY LAKE,,WDG4759,31,12,26,,,90,A
367539810,2022-01-02T17:32:14,29.70709,-95.04734,0.0,272.7,203.0,CAPT ANDY LAKE,,WDG4759,31,12,26,,,90,A
367539810,2022-01-02T17:22:35,29.70708,-95.04733,0.0,255.7,204.0,CAPT ANDY LAKE,,WDG4759,31,12,26,,,90,A
367539810,2022-01-02T18:13:24,29.70709,-95.04732,0.0,59.6,203.0,CAPT ANDY LAKE,,WDG4759,31,12,26,,,90,A
367539810,2022-01-02T18:16:35,29.70708,-95.04731,0.0,46.7,203.0,CAPT ANDY LAKE,,WDG4759,31,12,26,,,90,A
367539810,2022-01-02T17:45:35,29.70709,-95.04733,0.0,237.0,204.0,CAPT ANDY LAKE,,WDG4759,31,12,26,,,90,A
367539810,2022-01-02T18:08:55,29.70708,-95.04733,0.0,224.7,204.0,CAPT ANDY LAKE,,WDG4759,31,12,26,,,90,A
367539810,2022-01-02T07:54:45,29.70707,-95.04735,0.0,119.9,203.0,CAPT ANDY LAKE,,WDG4759,31,12,26,,,90,A
367539810,2022-01-02T17:36:14,29.70709,-95.04732,0.0,121.1,204.0,CAPT ANDY LAKE,,WDG4759,31,12,26,,,90,A
367539810,2022-01-02T18:25:34,29.70708,-95.04732,0.0,238.9,203.0,CAPT ANDY LAKE,,WDG4759,31,12,26,,,90,A
367539810,2022-01-02T17:38:34,29.70709,-95.04731,0.0,15.7,204.0,CAPT ANDY LAKE,,WDG4759,31,12,26,,,90,A
367539810,2022-01-02T18:26:46,29.70708,-95.04731,0.0,266.3,202.0,CAPT ANDY LAKE,,WDG4759,31,12,26,,,90,A
367539810,2022-01-02T17:50:15,29.70708,-95.04733,0.0,248.8,204.0,CAPT ANDY LAKE,,WDG4759,31,12,26,,,90,A
367539810,2022-01-02T17:51:24,29.70709,-95.04734,0.0,221.8,204.0,CAPT ANDY LAKE,,WDG4759,31,12,26,,,90,A
367539810,2022-01-02T17:39:44,29.70708,-95.04733,0.0,204.2,204.0,CAPT ANDY LAKE,,WDG4759,31,12,26,,,90,A
367539810,2022-01-02T17:56:05,29.70709,-95.04732,0.0,218.4,203.0,CAPT ANDY LAKE,,WDG4759,31,12,26,,,90,A
367539810,2022-01-02T17:57:15,29.70710,-95.04733,0.0,302.5,203.0,CAPT ANDY LAKE,,WDG4759,31,12,26,,,90,A
367539810,2022-01-02T17:37:25,29.70709,-95.04730,0.0,31.5,204.0,CAPT ANDY LAKE,,WDG4759,31,12,26,,,90,A
367539810,2022-01-02T17:40:54,29.70708,-95.04733,0.0,224.5,204.0,CAPT ANDY LAKE,,WDG4759,31,12,26,,,90,A
367539810,2022-01-02T18:31:24,29.70709,-95.04731,0.0,254.6,203.0,CAPT ANDY LAKE,,WDG4759,31,12,26,,,90,A
367539810,2022-01-02T18:33:55,29.70709,-95.04730,0.0,251.0,203.0,CAPT ANDY LAKE,,WDG4759,31,12,26,,,90,A
367539810,2022-01-02T17:58:25,29.70709,-95.04733,0.0,303.6,204.0,CAPT ANDY LAKE,,WDG4759,31,12,26,,,90,A
367539810,2022-01-02T18:19:55,29.70709,-95.04731,0.0,292.6,204.0,CAPT ANDY LAKE,,WDG4759,31,12,26,,,90,A
367539810,2022-01-02T18:22:06,29.70708,-95.04732,0.0,243.5,204.0,CAPT ANDY LAKE,,WDG4759,31,12,26,,,90,A
367539810,2022-01-02T18:01:25,29.70709,-95.04733,0.0,269.8,203.0,CAPT ANDY LAKE,,WDG4759,31,12,26,,,90,A
367539810,2022-01-02T18:38:35,29.70708,-95.04731,0.0,225.9,203.0,CAPT ANDY LAKE,,WDG4759,31,12,26,,,90,A
367539810,2022-01-02T07:58:16,29.70708,-95.04734,0.0,15.2,202.0,CAPT ANDY LAKE,,WDG4759,31,12,26,,,90,A
367539810,2022-01-02T17:47:55,29.70708,-95.04733,0.0,308.7,204.0,CAPT ANDY LAKE,,WDG4759,31,12,26,,,90,A
367539810,2022-01-02T18:03:45,29.70709,-95.04732,0.0,15.9,203.0,CAPT ANDY LAKE,,WDG4759,31,12,26,,,90,A
367539810,2022-01-02T18:04:55,29.70709,-95.04733,0.0,171.1,203.0,CAPT ANDY LAKE,,WDG4759,31,12,26,,,90,A
367539810,2022-01-02T18:44:15,29.70709,-95.04732,0.0,321.2,204.0,CAPT ANDY LAKE,,WDG4759,31,12,26,,,90,A
367539810,2022-01-02T18:45:26,29.70709,-95.04731,0.0,171.7,204.0,CAPT ANDY LAKE,,WDG4759,31,12,26,,,90,A
367539810,2022-01-02T18:30:14,29.70709,-95.04731,0.0,298.9,203.0,CAPT ANDY LAKE,,WDG4759,31,12,26,,,90,A
367539810,2022-01-02T18:11:06,29.70709,-95.04733,0.0,227.0,204.0,CAPT ANDY LAKE,,WDG4759,31,12,26,,,90,A
367539810,2022-01-02T18:14:25,29.70709,-95.04732,0.0,172.9,204.0,CAPT ANDY LAKE,,WDG4759,31,12,26,,,90,A
367539810,2022-01-02T18:10:05,29.70708,-95.04734,0.0,308.6,205.0,CAPT ANDY LAKE,,WDG4759,31,12,26,,,90,A
367539810,2022-01-02T18:52:26,29.70709,-95.04733,0.0,192.9,204.0,CAPT ANDY LAKE,,WDG4759,31,12,26,,,90,A
367539810,2022-01-02T18:59:24,29.70708,-95.04730,0.0,234.5,204.0,CAPT ANDY LAKE,,WDG4759,31,12,26,,,90,A
367539810,2022-01-02T18:42:05,29.70709,-95.04732,0.0,191.6,204.0,CAPT ANDY LAKE,,WDG4759,31,12,26,,,90,A
367539810,2022-01-02T18:43:14,29.70710,-95.04733,0.0,205.4,204.0,CAPT ANDY LAKE,,WDG4759,31,12,26,,,90,A
367539810,2022-01-02T18:17:44,29.70710,-95.04731,0.0,211.6,204.0,CAPT ANDY LAKE,,WDG4759,31,12,26,,,90,A
367539810,2022-01-02T18:23:15,29.70708,-95.04732,0.0,250.7,204.0,CAPT ANDY LAKE,,WDG4759,31,12,26,,,90,A
367539810,2022-01-02T18:07:14,29.70709,-95.04733,0.0,194.5,203.0,CAPT ANDY LAKE,,WDG4759,31,12,26,,,90,A
367539810,2022-01-02T18:06:05,29.70708,-95.04733,0.0,159.9,203.0,CAPT ANDY LAKE,,WDG4759,31,12,26,,,90,A
367539810,2022-01-02T18:12:14,29.70708,-95.04733,0.0,88.8,205.0,CAPT ANDY LAKE,,WDG4759,31,12,26,,,90,A
367539810,2022-01-02T18:15:34,29.70710,-95.04732,0.0,320.8,204.0,CAPT ANDY LAKE,,WDG4759,31,12,26,,,90,A
367539810,2022-01-02T18:53:45,29.70708,-95.04732,0.0,66.5,204.0,CAPT ANDY LAKE,,WDG4759,31,12,26,,,90,A
367539810,2022-01-02T19:12:05,29.70708,-95.04732,0.0,222.3,204.0,CAPT ANDY LAKE,,WDG4759,31,12,26,,,90,A
367539810,2022-01-02T18:20:56,29.70710,-95.04731,0.0,225.4,203.0,CAPT ANDY LAKE,,WDG4759,31,12,26,,,90,A
367539810,2022-01-02T18:32:36,29.70709,-95.04731,0.0,257.8,204.0,CAPT ANDY LAKE,,WDG4759,31,12,26,,,90,A
367539810,2022-01-02T18:55:55,29.70708,-95.04733,0.0,219.7,204.0,CAPT ANDY LAKE,,WDG4759,31,12,26,,,90,A
367539810,2022-01-02T18:27:55,29.70709,-95.04732,0.0,243.8,202.0,CAPT ANDY LAKE,,WDG4759,31,12,26,,,90,A
367539810,2022-01-02T18:37:26,29.70709,-95.04731,0.0,160.7,203.0,CAPT ANDY LAKE,,WDG4759,31,12,26,,,90,A
367539810,2022-01-02T18:24:25,29.70708,-95.04731,0.0,265.0,204.0,CAPT ANDY LAKE,,WDG4759,31,12,26,,,90,A
367539810,2022-01-02T18:46:34,29.70709,-95.04731,0.0,220.9,204.0,CAPT ANDY LAKE,,WDG4759,31,12,26,,,90,A
367539810,2022-01-02T18:50:06,29.70709,-95.04732,0.0,198.3,205.0,CAPT ANDY LAKE,,WDG4759,31,12,26,,,90,A
367539810,2022-01-02T18:29:05,29.70709,-95.04732,0.0,242.8,203.0,CAPT ANDY LAKE,,WDG4759,31,12,26,,,90,A
367539810,2022-01-02T08:12:24,29.70708,-95.04735,0.0,286.4,203.0,CAPT ANDY LAKE,,WDG4759,31,12,26,,,90,A
367539810,2022-01-02T19:11:04,29.70709,-95.04731,0.0,215.7,204.0,CAPT ANDY LAKE,,WDG4759,31,12,26,,,90,A
367539810,2022-01-02T19:30:05,29.70709,-95.04732,0.0,246.2,204.0,CAPT ANDY LAKE,,WDG4759,31,12,26,,,90,A
367539810,2022-01-02T19:08:45,29.70709,-95.04731,0.0,2.6,204.0,CAPT ANDY LAKE,,WDG4759,31,12,26,,,90,A
367539810,2022-01-02T08:14:35,29.70708,-95.04734,0.0,355.6,204.0,CAPT ANDY LAKE,,WDG4759,31,12,26,,,90,A
367539810,2022-01-02T18:48:56,29.70709,-95.04732,0.0,204.4,204.0,CAPT ANDY LAKE,,WDG4759,31,12,26,,,90,A
367539810,2022-01-02T18:57:06,29.70708,-95.04731,0.0,226.0,204.0,CAPT ANDY LAKE,,WDG4759,31,12,26,,,90,A
367539810,2022-01-02T19:21:15,29.70707,-95.04731,0.0,218.9,203.0,CAPT ANDY LAKE,,WDG4759,31,12,26,,,90,A
367539810,2022-01-02T18:58:14,29.70709,-95.04731,0.0,248.7,204.0,CAPT ANDY LAKE,,WDG4759,31,12,26,,,90,A
367539810,2022-01-02T19:40:35,29.70708,-95.04732,0.0,224.3,204.0,CAPT ANDY LAKE,,WDG4759,31,12,26,,,90,A
367539810,2022-01-02T08:16:45,29.70708,-95.04734,0.0,108.2,204.0,CAPT ANDY LAKE,,WDG4759,31,12,26,,,90,A
367539810,2022-01-02T19:01:45,29.70708,-95.04732,0.0,190.3,203.0,CAPT ANDY LAKE,,WDG4759,31,12,26,,,90,A
367539810,2022-01-02T19:44:05,29.70707,-95.04733,0.0,228.2,205.0,CAPT ANDY LAKE,,WDG4759,31,12,26,,,90,A
367539810,2022-01-02T19:22:24,29.70707,-95.04732,0.0,202.4,203.0,CAPT ANDY LAKE,,WDG4759,31,12,26,,,90,A
367539810,2022-01-02T18:47:35,29.70709,-95.04733,0.0,205.0,204.0,CAPT ANDY LAKE,,WDG4759,31,12,26,,,90,A
367539810,2022-01-02T19:23:25,29.70707,-95.04732,0.0,229.2,203.0,CAPT ANDY LAKE,,WDG4759,31,12,26,,,90,A
367539810,2022-01-02T19:49:04,29.70708,-95.04732,0.0,117.9,204.0,CAPT ANDY LAKE,,WDG4759,31,12,26,,,90,A
367539810,2022-01-02T19:25:44,29.70708,-95.04732,0.0,211.0,203.0,CAPT ANDY LAKE,,WDG4759,31,12,26,,,90,A
367539810,2022-01-02T19:09:55,29.70708,-95.04730,0.0,182.2,204.0,CAPT ANDY LAKE,,WDG4759,31,12,26,,,90,A
367539810,2022-01-02T19:33:35,29.70708,-95.04733,0.0,278.9,204.0,CAPT ANDY LAKE,,WDG4759,31,12,26,,,90,A
367539810,2022-01-02T19:31:14,29.70708,-95.04731,0.0,172.1,204.0,CAPT ANDY LAKE,,WDG4759,31,12,26,,,90,A
367539810,2022-01-02T19:32:25,29.70708,-95.04731,0.0,241.4,203.0,CAPT ANDY LAKE,,WDG4759,31,12,26,,,90,A
367539810,2022-01-02T19:57:14,29.70708,-95.04733,0.0,286.0,204.0,CAPT ANDY LAKE,,WDG4759,31,12,26,,,90,A
367539810,2022-01-02T19:17:54,29.70708,-95.04731,0.0,232.3,204.0,CAPT ANDY LAKE,,WDG4759,31,12,26,,,90,A
367539810,2022-01-02T19:35:55,29.70708,-95.04732,0.0,261.5,203.0,CAPT ANDY LAKE,,WDG4759,31,12,26,,,90,A
367539810,2022-01-02T19:02:54,29.70709,-95.04731,0.0,239.7,204.0,CAPT ANDY LAKE,,WDG4759,31,12,26,,,90,A
367539810,2022-01-02T08:26:05,29.70708,-95.04734,0.0,249.3,204.0,CAPT ANDY LAKE,,WDG4759,31,12,26,,,90,A
367539810,2022-01-02T20:02:45,29.70707,-95.04732,0.0,193.7,203.0,CAPT ANDY LAKE,,WDG4759,31,12,26,,,90,A
367539810,2022-01-02T19:04:04,29.70708,-95.04731,0.0,214.2,203.0,CAPT ANDY LAKE,,WDG4759,31,12,26,,,90,A
367539810,2022-01-02T19:24:35,29.70707,-95.04733,0.0,227.4,203.0,CAPT ANDY LAKE,,WDG4759,31,12,26,,,90,A
367539810,2022-01-02T19:13:15,29.70708,-95.04732,0.0,201.8,204.0,CAPT ANDY LAKE,,WDG4759,31,12,26,,,90,A
367539810,2022-01-02T19:27:54,29.70708,-95.04731,0.0,233.9,203.0,CAPT ANDY LAKE,,WDG4759,31,12,26,,,90,A
367539810,2022-01-02T08:30:45,29.70708,-95.04735,0.0,69.5,205.0,CAPT ANDY LAKE,,WDG4759,31,12,26,,,90,A
367539810,2022-01-02T19:29:04,29.70708,-95.04732,0.0,255.0,204.0,CAPT ANDY LAKE,,WDG4759,31,12,26,,,90,A
367539810,2022-01-02T19:52:35,29.70707,-95.04732,0.0,253.5,204.0,CAPT ANDY LAKE,,WDG4759,31,12,26,,,90,A
367539810,2022-01-02T08:31:55,29.70708,-95.04735,0.0,201.9,205.0,CAPT ANDY LAKE,,WDG4759,31,12,26,,,90,A
367539810,2022-01-02T19:14:26,29.70709,-95.04732,0.0,255.5,203.0,CAPT ANDY LAKE,,WDG4759,31,12,26,,,90,A
367539810,2022-01-02T19:20:05,29.70708,-95.04731,0.0,189.9,203.0,CAPT ANDY LAKE,,WDG4759,31,12,26,,,90,A
367539810,2022-01-02T19:15:35,29.70709,-95.04731,0.0,223.8,203.0,CAPT ANDY LAKE,,WDG4759,31,12,26,,,90,A
367539810,2022-01-02T19:16:45,29.70708,-95.04731,0.0,207.6,203.0,CAPT ANDY LAKE,,WDG4759,31,12,26,,,90,A
367539810,2022-01-02T20:20:25,29.70708,-95.04733,0.0,81.7,205.0,CAPT ANDY LAKE,,WDG4759,31,12,26,,,90,A
367539810,2022-01-02T20:22:45,29.70708,-95.04732,0.0,206.8,204.0,CAPT ANDY LAKE,,WDG4759,31,12,26,,,90,A
367539810,2022-01-02T19:38:14,29.70708,-95.04733,0.0,230.9,204.0,CAPT ANDY LAKE,,WDG4759,31,12,26,,,90,A
367539810,2022-01-02T20:03:54,29.70706,-95.04731,0.0,79.1,204.0,CAPT ANDY LAKE,,WDG4759,31,12,26,,,90,A
367539810,2022-01-02T19:39:24,29.70708,-95.04732,0.0,105.7,204.0,CAPT ANDY LAKE,,WDG4759,31,12,26,,,90,A
367539810,2022-01-02T19:42:55,29.70708,-95.04732,0.0,216.1,203.0,CAPT ANDY LAKE,,WDG4759,31,12,26,,,90,A
367539810,2022-01-02T20:05:06,29.70707,-95.04731,0.0,130.9,204.0,CAPT ANDY LAKE,,WDG4759,31,12,26,,,90,A
367539810,2022-01-02T19:26:45,29.70708,-95.04731,0.0,141.3,203.0,CAPT ANDY LAKE,,WDG4759,31,12,26,,,90,A
367539810,2022-01-02T08:39:44,29.70708,-95.04735,0.0,293.1,204.0,CAPT ANDY LAKE,,WDG4759,31,12,26,,,90,A
367539810,2022-01-02T19:47:25,29.70708,-95.04731,0.0,227.6,203.0,CAPT ANDY LAKE,,WDG4759,31,12,26,,,90,A
367539810,2022-01-02T19:50:15,29.70707,-95.04732,0.0,104.2,205.0,CAPT ANDY LAKE,,WDG4759,31,12,26,,,90,A
367539810,2022-01-02T20:34:05,29.70708,-95.04732,0.0,205.6,204.0,CAPT ANDY LAKE,,WDG4759,31,12,26,,,90,A
367539810,2022-01-02T19:37:04,29.70708,-95.04731,0.0,202.8,203.0,CAPT ANDY LAKE,,WDG4759,31,12,26,,,90,A
367539810,2022-01-02T19:56:04,29.70707,-95.04733,0.0,232.2,204.0,CAPT ANDY LAKE,,WDG4759,31,12,26,,,90,A
367539810,2022-01-02T20:19:15,29.70708,-95.04733,0.0,81.4,204.0,CAPT ANDY LAKE,,WDG4759,31,12,26,,,90,A
367539810,2022-01-02T20:37:44,29.70708,-95.04733,0.0,214.3,205.0,CAPT ANDY LAKE,,WDG4759,31,12,26,,,90,A
367539810,2022-01-02T19:58:15,29.70708,-95.04733,0.0,247.0,204.0,CAPT ANDY LAKE,,WDG4759,31,12,26,,,90,A
367539810,2022-01-02T20:38:55,29.70706,-95.04734,0.0,239.4,204.0,CAPT ANDY LAKE,,WDG4759,31,12,26,,,90,A
367539810,2022-01-02T20:12:25,29.70708,-95.04732,0.0,263.2,204.0,CAPT ANDY LAKE,,WDG4759,31,12,26,,,90,A
367539810,2022-01-02T20:21:34,29.70708,-95.04733,0.0,76.9,205.0,CAPT ANDY LAKE,,WDG4759,31,12,26,,,90,A
367539810,2022-01-02T08:44:34,29.70708,-95.04734,0.0,296.7,203.0,CAPT ANDY LAKE,,WDG4759,31,12,26,,,90,A
367539810,2022-01-02T19:59:24,29.70707,-95.04732,0.0,227.5,206.0,CAPT ANDY LAKE,,WDG4759,31,12,26,,,90,A
367539810,2022-01-02T19:45:15,29.70708,-95.04732,0.0,245.5,203.0,CAPT ANDY LAKE,,WDG4759,31,12,26,,,90,A
367539810,2022-01-02T19:41:44,29.70708,-95.04733,0.0,224.2,204.0,CAPT ANDY LAKE,,WDG4759,31,12,26,,,90,A
367539810,2022-01-02T20:42:24,29.70708,-95.04733,0.0,296.5,204.0,CAPT ANDY LAKE,,WDG4759,31,12,26,,,90,A
367539810,2022-01-02T20:25:24,29.70707,-95.04733,0.0,251.7,205.0,CAPT ANDY LAKE,,WDG4759,31,12,26,,,90,A
367539810,2022-01-02T20:06:15,29.70709,-95.04733,0.0,220.5,204.0,CAPT ANDY LAKE,,WDG4759,31,12,26,,,90,A
367539810,2022-01-02T19:51:25,29.70708,-95.04732,0.0,194.8,204.0,CAPT ANDY LAKE,,WDG4759,31,12,26,,,90,A
367539810,2022-01-02T19:53:45,29.70708,-95.04731,0.0,159.7,203.0,CAPT ANDY LAKE,,WDG4759,31,12,26,,,90,A
367539810,2022-01-02T20:31:14,29.70707,-95.04733,0.0,273.2,204.0,CAPT ANDY LAKE,,WDG4759,31,12,26,,,90,A
367539810,2022-01-02T20:07:25,29.70708,-95.04732,0.0,180.4,203.0,CAPT ANDY LAKE,,WDG4759,31,12,26,,,90,A
367539810,2022-01-02T20:11:14,29.70709,-95.04733,0.0,229.3,205.0,CAPT ANDY LAKE,,WDG4759,31,12,26,,,90,A
367539810,2022-01-02T20:08:35,29.70708,-95.04731,0.0,42.8,203.0,CAPT ANDY LAKE,,WDG4759,31,12,26,,,90,A
367539810,2022-01-02T20:16:54,29.70707,-95.04733,0.0,78.6,204.0,CAPT ANDY LAKE,,WDG4759,31,12,26,,,90,A
367539810,2022-01-02T20:13:34,29.70708,-95.04732,0.0,217.9,204.0,CAPT ANDY LAKE,,WDG4759,31,12,26,,,90,A
367539810,2022-01-02T20:14:35,29.70708,-95.04732,0.0,72.8,204.0,CAPT ANDY LAKE,,WDG4759,31,12,26,,,90,A
367539810,2022-01-02T20:32:24,29.70708,-95.04733,0.0,221.5,204.0,CAPT ANDY LAKE,,WDG4759,31,12,26,,,90,A
367539810,2022-01-02T20:23:55,29.70708,-95.04734,0.0,37.3,204.0,CAPT ANDY LAKE,,WDG4759,31,12,26,,,90,A
367539810,2022-01-02T21:01:25,29.70708,-95.04732,0.0,9.3,204.0,CAPT ANDY LAKE,,WDG4759,31,12,26,,,90,A
367539810,2022-01-02T20:47:05,29.70707,-95.04733,0.0,303.7,204.0,CAPT ANDY LAKE,,WDG4759,31,12,26,,,90,A
367539810,2022-01-02T20:15:45,29.70707,-95.04733,0.0,177.6,204.0,CAPT ANDY LAKE,,WDG4759,31,12,26,,,90,A
367539810,2022-01-02T08:55:04,29.70709,-95.04734,0.0,328.9,203.0,CAPT ANDY LAKE,,WDG4759,31,12,26,,,90,A
367539810,2022-01-02T20:27:45,29.70705,-95.04735,0.0,197.9,205.0,CAPT ANDY LAKE,,WDG4759,31,12,26,,,90,A
367539810,2022-01-02T20:35:24,29.70707,-95.04732,0.0,287.3,205.0,CAPT ANDY LAKE,,WDG4759,31,12,26,,,90,A
367539810,2022-01-02T21:14:05,29.70708,-95.04732,0.0,280.5,204.0,CAPT ANDY LAKE,,WDG4759,31,12,26,,,90,A
367539810,2022-01-02T20:58:44,29.70707,-95.04733,0.0,261.7,204.0,CAPT ANDY LAKE,,WDG4759,31,12,26,,,90,A
367539810,2022-01-02T20:26:34,29.70707,-95.04733,0.0,293.4,205.0,CAPT ANDY LAKE,,WDG4759,31,12,26,,,90,A
367539810,2022-01-02T21:20:06,29.70708,-95.04734,0.0,183.9,204.0,CAPT ANDY LAKE,,WDG4759,31,12,26,,,90,A
367539810,2022-01-02T20:56:25,29.70708,-95.04732,0.0,351.7,203.0,CAPT ANDY LAKE,,WDG4759,31,12,26,,,90,A
367539810,2022-01-02T21:21:16,29.70708,-95.04734,0.0,214.4,204.0,CAPT ANDY LAKE,,WDG4759,31,12,26,,,90,A
367539810,2022-01-02T20:30:05,29.70707,-95.04734,0.0,69.9,205.0,CAPT ANDY LAKE,,WDG4759,31,12,26,,,90,A
367539810,2022-01-02T20:45:55,29.70708,-95.04733,0.0,359.6,204.0,CAPT ANDY LAKE,,WDG4759,31,12,26,,,90,A
367539810,2022-01-02T21:22:24,29.70708,-95.04734,0.0,235.5,204.0,CAPT ANDY LAKE,,WDG4759,31,12,26,,,90,A
367539810,2022-01-02T20:49:15,29.70708,-95.04733,0.0,7.7,204.0,CAPT ANDY LAKE,,WDG4759,31,12,26,,,90,A
367539810,2022-01-02T20:44:45,29.70708,-95.04733,0.0,321.3,204.0,CAPT ANDY LAKE,,WDG4759,31,12,26,,,90,A
367539810,2022-01-02T21:09:34,29.70708,-95.04733,0.0,269.1,205.0,CAPT ANDY LAKE,,WDG4759,31,12,26,,,90,A
367539810,2022-01-02T21:10:45,29.70707,-95.04733,0.0,20.5,204.0,CAPT ANDY LAKE,,WDG4759,31,12,26,,,90,A
367539810,2022-01-02T21:04:55,29.70710,-95.04731,0.0,352.0,203.0,CAPT ANDY LAKE,,WDG4759,31,12,26,,,90,A
367539810,2022-01-02T21:11:55,29.70707,-95.04733,0.0,241.8,204.0,CAPT ANDY LAKE,,WDG4759,31,12,26,,,90,A
367539810,2022-01-02T21:30:46,29.70709,-95.04735,0.0,92.1,204.0,CAPT ANDY LAKE,,WDG4759,31,12,26,,,90,A
367539810,2022-01-02T21:15:14,29.70710,-95.04733,0.0,207.8,204.0,CAPT ANDY LAKE,,WDG4759,31,12,26,,,90,A
367539810,2022-01-02T20:41:14,29.70708,-95.04733,0.0,298.0,205.0,CAPT ANDY LAKE,,WDG4759,31,12,26,,,90,A
367539810,2022-01-02T21:16:24,29.70709,-95.04733,0.0,199.7,204.0,CAPT ANDY LAKE,,WDG4759,31,12,26,,,90,A
367539810,2022-01-02T21:00:14,29.70709,-95.04732,0.0,336.5,204.0,CAPT ANDY LAKE,,WDG4759,31,12,26,,,90,A
367539810,2022-01-02T09:04:44,29.70709,-95.04734,0.0,57.4,203.0,CAPT ANDY LAKE,,WDG4759,31,12,26,,,90,A
367539810,2022-01-02T20:57:35,29.70708,-95.04733,0.0,266.4,204.0,CAPT ANDY LAKE,,WDG4759,31,12,26,,,90,A
367539810,2022-01-02T21:02:36,29.70706,-95.04732,0.0,58.9,203.0,CAPT ANDY LAKE,,WDG4759,31,12,26,,,90,A
367539810,2022-01-02T21:35:55,29.70708,-95.04734,0.0,265.4,204.0,CAPT ANDY LAKE,,WDG4759,31,12,26,,,90,A
367539810,2022-01-02T20:59:56,29.70710,-95.04732,0.0,6.2,204.0,CAPT ANDY LAKE,,WDG4759,31,12,26,,,90,A
367539810,2022-01-02T21:25:55,29.70708,-95.04734,0.0,34.6,204.0,CAPT ANDY LAKE,,WDG4759,31,12,26,,,90,A
367539810,2022-01-02T21:03:44,29.70707,-95.04732,0.0,31.8,203.0,CAPT ANDY LAKE,,WDG4759,31,12,26,,,90,A
367539810,2022-01-02T21:43:25,29.70707,-95.04734,0.0,253.6,203.0,CAPT ANDY LAKE,,WDG4759,31,12,26,,,90,A
367539810,2022-01-02T20:40:05,29.70707,-95.04733,0.0,23.4,205.0,CAPT ANDY LAKE,,WDG4759,31,12,26,,,90,A
367539810,2022-01-02T21:27:05,29.70708,-95.04735,0.0,236.8,204.0,CAPT ANDY LAKE,,WDG4759,31,12,26,,,90,A
367539810,2022-01-02T21:28:16,29.70708,-95.04734,0.0,228.0,204.0,CAPT ANDY LAKE,,WDG4759,31,12,26,,,90,A
367539810,2022-01-02T20:55:15,29.70708,-95.04733,0.0,330.3,204.0,CAPT ANDY LAKE,,WDG4759,31,12,26,,,90,A
367539810,2022-01-02T21:23:35,29.70709,-95.04734,0.0,39.9,204.0,CAPT ANDY LAKE,,WDG4759,31,12,26,,,90,A
367539810,2022-01-02T21:24:46,29.70708,-95.04735,0.0,267.8,204.0,CAPT ANDY LAKE,,WDG4759,31,12,26,,,90,A
367539810,2022-01-02T21:29:24,29.70708,-95.04734,0.0,242.4,204.0,CAPT ANDY LAKE,,WDG4759,31,12,26,,,90,A
367539810,2022-01-02T09:15:34,29.70709,-95.04735,0.0,187.9,204.0,CAPT ANDY LAKE,,WDG4759,31,12,26,,,90,A
367539810,2022-01-02T20:51:35,29.70708,-95.04734,0.0,300.8,203.0,CAPT ANDY LAKE,,WDG4759,31,12,26,,,90,A
367539810,2022-01-02T21:19:05,29.70707,-95.04734,0.0,207.5,204.0,CAPT ANDY LAKE,,WDG4759,31,12,26,,,90,A
367539810,2022-01-02T21:56:24,29.70709,-95.04734,0.0,292.5,203.0,CAPT ANDY LAKE,,WDG4759,31,12,26,,,90,A
367539810,2022-01-02T21:08:25,29.70709,-95.04732,0.0,245.4,204.0,CAPT ANDY LAKE,,WDG4759,31,12,26,,,90,A
367539810,2022-01-02T09:20:14,29.70708,-95.04735,0.0,181.4,204.0,CAPT ANDY LAKE,,WDG4759,31,12,26,,,90,A
367539810,2022-01-02T21:13:04,29.70708,-95.04733,0.0,209.5,204.0,CAPT ANDY LAKE,,WDG4759,31,12,26,,,90,A
367539810,2022-01-02T21:17:34,29.70710,-95.04733,0.0,268.6,204.0,CAPT ANDY LAKE,,WDG4759,31,12,26,,,90,A
367539810,2022-01-02T21:42:14,29.70709,-95.04734,0.0,315.8,203.0,CAPT ANDY LAKE,,WDG4759,31,12,26,,,90,A
367539810,2022-01-02T21:07:15,29.70709,-95.04733,0.0,335.2,204.0,CAPT ANDY LAKE,,WDG4759,31,12,26,,,90,A
367539810,2022-01-02T21:34:26,29.70708,-95.04733,0.0,237.5,202.0,CAPT ANDY LAKE,,WDG4759,31,12,26,,,90,A
367539810,2022-01-02T22:10:55,29.70709,-95.04733,0.0,239.0,205.0,CAPT ANDY LAKE,,WDG4759,31,12,26,,,90,A
367539810,2022-01-02T21:57:25,29.70708,-95.04734,0.0,283.3,204.0,CAPT ANDY LAKE,,WDG4759,31,12,26,,,90,A
367539810,2022-01-02T21:36:56,29.70708,-95.04734,0.0,214.8,203.0,CAPT ANDY LAKE,,WDG4759,31,12,26,,,90,A
367539810,2022-01-02T09:23:46,29.70708,-95.04734,0.1,234.8,205.0,CAPT ANDY LAKE,,WDG4759,31,12,26,,,90,A
367539810,2022-01-02T21:55:16,29.70709,-95.04733,0.0,294.3,203.0,CAPT ANDY LAKE,,WDG4759,31,12,26,,,90,A
367539810,2022-01-02T22:17:44,29.70709,-95.04734,0.0,260.5,204.0,CAPT ANDY LAKE,,WDG4759,31,12,26,,,90,A
367539810,2022-01-02T21:58:45,29.70708,-95.04734,0.0,230.5,203.0,CAPT ANDY LAKE,,WDG4759,31,12,26,,,90,A
367539810,2022-01-02T22:01:46,29.70708,-95.04734,0.0,205.5,203.0,CAPT ANDY LAKE,,WDG4759,31,12,26,,,90,A
367539810,2022-01-02T22:03:55,29.70709,-95.04734,0.0,240.4,203.0,CAPT ANDY LAKE,,WDG4759,31,12,26,,,90,A
367539810,2022-01-02T22:21:15,29.70708,-95.04733,0.0,281.1,204.0,CAPT ANDY LAKE,,WDG4759,31,12,26,,,90,A
367539810,2022-01-02T21:48:05,29.70708,-95.04734,0.0,264.6,205.0,CAPT ANDY LAKE,,WDG4759,31,12,26,,,90,A
367539810,2022-01-02T21:50:24,29.70707,-95.04733,0.0,271.8,205.0,CAPT ANDY LAKE,,WDG4759,31,12,26,,,90,A
367539810,2022-01-02T21:41:04,29.70708,-95.04734,0.0,309.9,203.0,CAPT ANDY LAKE,,WDG4759,31,12,26,,,90,A
367539810,2022-01-02T21:49:14,29.70707,-95.04733,0.0,241.7,205.0,CAPT ANDY LAKE,,WDG4759,31,12,26,,,90,A
367539810,2022-01-02T21:51:35,29.70708,-95.04734,0.0,210.3,204.0,CAPT ANDY LAKE,,WDG4759,31,12,26,,,90,A
367539810,2022-01-02T22:09:44,29.70710,-95.04734,0.0,236.1,204.0,CAPT ANDY LAKE,,WDG4759,31,12,26,,,90,A
367539810,2022-01-02T21:52:46,29.70708,-95.04733,0.0,245.7,203.0,CAPT ANDY LAKE,,WDG4759,31,12,26,,,90,A
367539810,2022-01-02T21:53:55,29.70707,-95.04735,0.0,298.9,204.0,CAPT ANDY LAKE,,WDG4759,31,12,26,,,90,A
367539810,2022-01-02T22:31:55,29.70708,-95.04733,0.0,332.8,204.0,CAPT ANDY LAKE,,WDG4759,31,12,26,,,90,A
367539810,2022-01-02T22:20:05,29.70708,-95.04735,0.0,288.9,205.0,CAPT ANDY LAKE,,WDG4759,31,12,26,,,90,A
367539810,2022-01-02T22:33:04,29.70708,-95.04734,0.0,250.2,204.0,CAPT ANDY LAKE,,WDG4759,31,12,26,,,90,A
367539810,2022-01-02T21:33:05,29.70708,-95.04735,0.0,304.8,203.0,CAPT ANDY LAKE,,WDG4759,31,12,26,,,90,A
367539810,2022-01-02T22:34:25,29.70706,-95.04735,0.0,125.4,203.0,CAPT ANDY LAKE,,WDG4759,31,12,26,,,90,A
367539810,2022-01-02T22:18:54,29.70708,-95.04735,0.0,252.9,204.0,CAPT ANDY LAKE,,WDG4759,31,12,26,,,90,A
367539810,2022-01-02T22:37:15,29.70708,-95.04733,0.0,193.7,203.0,CAPT ANDY LAKE,,WDG4759,31,12,26,,,90,A
367539810,2022-01-02T22:27:05,29.70707,-95.04735,0.0,280.1,205.0,CAPT ANDY LAKE,,WDG4759,31,12,26,,,90,A
367539810,2022-01-02T21:38:15,29.70708,-95.04733,0.0,294.1,203.0,CAPT ANDY LAKE,,WDG4759,31,12,26,,,90,A
367539810,2022-01-02T22:06:15,29.70708,-95.04733,0.0,255.2,204.0,CAPT ANDY LAKE,,WDG4759,31,12,26,,,90,A
367539810,2022-01-02T21:59:46,29.70709,-95.04733,0.0,227.0,203.0,CAPT ANDY LAKE,,WDG4759,31,12,26,,,90,A
367539810,2022-01-02T22:05:05,29.70708,-95.04734,0.0,235.0,204.0,CAPT ANDY LAKE,,WDG4759,31,12,26,,,90,A
367539810,2022-01-02T22:13:05,29.70708,-95.04733,0.0,334.5,204.0,CAPT ANDY LAKE,,WDG4759,31,12,26,,,90,A
367539810,2022-01-02T21:44:34,29.70708,-95.04734,0.0,274.3,204.0,CAPT ANDY LAKE,,WDG4759,31,12,26,,,90,A
367539810,2022-01-02T22:14:14,29.70708,-95.04733,0.0,258.4,205.0,CAPT ANDY LAKE,,WDG4759,31,12,26,,,90,A
367539810,2022-01-02T21:45:45,29.70708,-95.04734,0.0,237.2,204.0,CAPT ANDY LAKE,,WDG4759,31,12,26,,,90,A
367539810,2022-01-02T09:37:04,29.70709,-95.04735,0.0,242.9,204.0,CAPT ANDY LAKE,,WDG4759,31,12,26,,,90,A
367539810,2022-01-02T21:46:55,29.70707,-95.04733,0.0,206.3,205.0,CAPT ANDY LAKE,,WDG4759,31,12,26,,,90,A
367539810,2022-01-02T22:39:35,29.70709,-95.04734,0.0,298.5,204.0,CAPT ANDY LAKE,,WDG4759,31,12,26,,,90,A
367539810,2022-01-02T22:16:34,29.70709,-95.04734,0.0,236.5,204.0,CAPT ANDY LAKE,,WDG4759,31,12,26,,,90,A
367539810,2022-01-02T22:41:55,29.70708,-95.04733,0.0,26.3,203.0,CAPT ANDY LAKE,,WDG4759,31,12,26,,,90,A
367539810,2022-01-02T22:24:44,29.70708,-95.04734,0.0,274.4,204.0,CAPT ANDY LAKE,,WDG4759,31,12,26,,,90,A
367539810,2022-01-02T22:02:54,29.70708,-95.04733,0.0,266.0,203.0,CAPT ANDY LAKE,,WDG4759,31,12,26,,,90,A
367539810,2022-01-02T23:08:05,29.70709,-95.04734,0.0,349.0,203.0,CAPT ANDY LAKE,,WDG4759,31,12,26,,,90,A
367539810,2022-01-02T22:55:45,29.70708,-95.04734,0.0,288.7,203.0,CAPT ANDY LAKE,,WDG4759,31,12,26,,,90,A
367539810,2022-01-02T22:30:45,29.70709,-95.04732,0.0,32.5,205.0,CAPT ANDY LAKE,,WDG4759,31,12,26,,,90,A
367539810,2022-01-02T22:07:25,29.70709,-95.04733,0.0,253.0,204.0,CAPT ANDY LAKE,,WDG4759,31,12,26,,,90,A
367539810,2022-01-02T22:28:14,29.70708,-95.04734,0.0,251.0,206.0,CAPT ANDY LAKE,,WDG4759,31,12,26,,,90,A
367539810,2022-01-02T22:08:34,29.70709,-95.04735,0.0,270.9,204.0,CAPT ANDY LAKE,,WDG4759,31,12,26,,,90,A
367539810,2022-01-02T22:29:24,29.70709,-95.04735,0.0,262.6,205.0,CAPT ANDY LAKE,,WDG4759,31,12,26,,,90,A
367539810,2022-01-02T22:54:34,29.70708,-95.04734,0.0,268.2,203.0,CAPT ANDY LAKE,,WDG4759,31,12,26,,,90,A
367539810,2022-01-02T22:15:24,29.70709,-95.04733,0.0,253.3,204.0,CAPT ANDY LAKE,,WDG4759,31,12,26,,,90,A
367539810,2022-01-02T22:36:04,29.70708,-95.04733,0.0,338.3,204.0,CAPT ANDY LAKE,,WDG4759,31,12,26,,,90,A
367539810,2022-01-02T22:38:25,29.70708,-95.04734,0.0,247.0,203.0,CAPT ANDY LAKE,,WDG4759,31,12,26,,,90,A
367539810,2022-01-02T22:44:05,29.70708,-95.04734,0.0,287.8,203.0,CAPT ANDY LAKE,,WDG4759,31,12,26,,,90,A
367539810,2022-01-02T22:25:55,29.70709,-95.04734,0.0,66.1,205.0,CAPT ANDY LAKE,,WDG4759,31,12,26,,,90,A
367539810,2022-01-02T22:50:56,29.70708,-95.04733,0.0,265.5,203.0,CAPT ANDY LAKE,,WDG4759,31,12,26,,,90,A
367539810,2022-01-02T23:10:25,29.70709,-95.04733,0.0,257.6,203.0,CAPT ANDY LAKE,,WDG4759,31,12,26,,,90,A
367539810,2022-01-02T22:48:45,29.70708,-95.04734,0.0,226.7,203.0,CAPT ANDY LAKE,,WDG4759,31,12,26,,,90,A
367539810,2022-01-02T22:52:04,29.70709,-95.04733,0.0,238.1,203.0,CAPT ANDY LAKE,,WDG4759,31,12,26,,,90,A
367539810,2022-01-02T22:53:26,29.70709,-95.04733,0.0,249.3,203.0,CAPT ANDY LAKE,,WDG4759,31,12,26,,,90,A
367539810,2022-01-02T22:56:55,29.70708,-95.04734,0.0,241.1,204.0,CAPT ANDY LAKE,,WDG4759,31,12,26,,,90,A
367539810,2022-01-02T23:18:16,29.70708,-95.04733,0.0,247.8,205.0,CAPT ANDY LAKE,,WDG4759,31,12,26,,,90,A
367539810,2022-01-02T23:02:15,29.70708,-95.04734,0.0,286.5,203.0,CAPT ANDY LAKE,,WDG4759,31,12,26,,,90,A
367539810,2022-01-02T23:20:35,29.70709,-95.04733,0.0,273.8,204.0,CAPT ANDY LAKE,,WDG4759,31,12,26,,,90,A
367539810,2022-01-02T23:25:14,29.70708,-95.04733,0.0,186.0,204.0,CAPT ANDY LAKE,,WDG4759,31,12,26,,,90,A
367539810,2022-01-02T23:38:34,29.70709,-95.04733,0.0,249.5,204.0,CAPT ANDY LAKE,,WDG4759,31,12,26,,,90,A
367539810,2022-01-02T22:59:15,29.70708,-95.04733,0.0,63.5,204.0,CAPT ANDY LAKE,,WDG4759,31,12,26,,,90,A
367539810,2022-01-02T22:40:46,29.70709,-95.04734,0.0,264.6,203.0,CAPT ANDY LAKE,,WDG4759,31,12,26,,,90,A
367539810,2022-01-02T23:05:44,29.70708,-95.04734,0.0,261.8,203.0,CAPT ANDY LAKE,,WDG4759,31,12,26,,,90,A
367539810,2022-01-02T23:06:54,29.70709,-95.04735,0.0,312.3,203.0,CAPT ANDY LAKE,,WDG4759,31,12,26,,,90,A
367539810,2022-01-02T23:26:24,29.70708,-95.04734,0.0,217.7,204.0,CAPT ANDY LAKE,,WDG4759,31,12,26,,,90,A
367539810,2022-01-02T22:43:04,29.70708,-95.04733,0.0,339.3,203.0,CAPT ANDY LAKE,,WDG4759,31,12,26,,,90,A
367539810,2022-01-02T23:03:25,29.70707,-95.04734,0.0,293.7,203.0,CAPT ANDY LAKE,,WDG4759,31,12,26,,,90,A
367539810,2022-01-02T22:45:06,29.70708,-95.04733,0.0,254.1,203.0,CAPT ANDY LAKE,,WDG4759,31,12,26,,,90,A
367539810,2022-01-02T23:11:26,29.70708,-95.04733,0.0,317.3,203.0,CAPT ANDY LAKE,,WDG4759,31,12,26,,,90,A
367539810,2022-01-02T23:12:35,29.70708,-95.04733,0.0,245.9,203.0,CAPT ANDY LAKE,,WDG4759,31,12,26,,,90,A
367539810,2022-01-02T22:47:26,29.70709,-95.04733,0.0,41.4,203.0,CAPT ANDY LAKE,,WDG4759,31,12,26,,,90,A
367539810,2022-01-02T23:36:15,29.70709,-95.04734,0.0,240.4,204.0,CAPT ANDY LAKE,,WDG4759,31,12,26,,,90,A
367539810,2022-01-02T22:49:55,29.70708,-95.04734,0.0,281.0,204.0,CAPT ANDY LAKE,,WDG4759,31,12,26,,,90,A
367539810,2022-01-02T23:14:56,29.70709,-95.04733,0.0,233.5,204.0,CAPT ANDY LAKE,,WDG4759,31,12,26,,,90,A
367539810,2022-01-02T23:17:14,29.70709,-95.04734,0.0,260.9,204.0,CAPT ANDY LAKE,,WDG4759,31,12,26,,,90,A
367539810,2022-01-02T09:59:05,29.70711,-95.04734,0.0,181.8,203.0,CAPT ANDY LAKE,,WDG4759,31,12,26,,,90,A
367539810,2022-01-02T23:19:25,29.70708,-95.04734,0.0,270.2,204.0,CAPT ANDY LAKE,,WDG4759,31,12,26,,,90,A
367539810,2022-01-02T23:24:04,29.70709,-95.04734,0.0,252.6,204.0,CAPT ANDY LAKE,,WDG4759,31,12,26,,,90,A
367539810,2022-01-02T23:16:05,29.70708,-95.04734,0.0,240.8,204.0,CAPT ANDY LAKE,,WDG4759,31,12,26,,,90,A
367539810,2022-01-02T10:01:25,29.70710,-95.04734,0.0,240.6,204.0,CAPT ANDY LAKE,,WDG4759,31,12,26,,,90,A
367539810,2022-01-02T23:28:55,29.70709,-95.04734,0.0,247.5,205.0,CAPT ANDY LAKE,,WDG4759,31,12,26,,,90,A
367539810,2022-01-02T23:04:36,29.70708,-95.04734,0.0,281.9,204.0,CAPT ANDY LAKE,,WDG4759,31,12,26,,,90,A
367539810,2022-01-02T23:49:05,29.70708,-95.04734,0.0,264.2,205.0,CAPT ANDY LAKE,,WDG4759,31,12,26,,,90,A
367539810,2022-01-02T23:54:46,29.70708,-95.04734,0.0,253.9,204.0,CAPT ANDY LAKE,,WDG4759,31,12,26,,,90,A
367539810,2022-01-02T23:21:44,29.70708,-95.04733,0.0,265.5,203.0,CAPT ANDY LAKE,,WDG4759,31,12,26,,,90,A
367539810,2022-01-02T23:58:14,29.70708,-95.04734,0.0,229.3,204.0,CAPT ANDY LAKE,,WDG4759,31,12,26,,,90,A
367539810,2022-01-02T23:59:15,29.70709,-95.04734,0.0,256.1,204.0,CAPT ANDY LAKE,,WDG4759,31,12,26,,,90,A
367539810,2022-01-02T23:09:15,29.70709,-95.04734,0.0,23.7,203.0,CAPT ANDY LAKE,,WDG4759,31,12,26,,,90,A
367539810,2022-01-02T23:35:05,29.70709,-95.04733,0.0,52.2,203.0,CAPT ANDY LAKE,,WDG4759,31,12,26,,,90,A
367539810,2022-01-02T23:27:35,29.70708,-95.04733,0.0,273.7,205.0,CAPT ANDY LAKE,,WDG4759,31,12,26,,,90,A
367539810,2022-01-02T23:39:45,29.70709,-95.04733,0.0,310.3,204.0,CAPT ANDY LAKE,,WDG4759,31,12,26,,,90,A
367539810,2022-01-02T23:42:05,29.70709,-95.04733,0.0,254.9,204.0,CAPT ANDY LAKE,,WDG4759,31,12,26,,,90,A
367539810,2022-01-02T23:43:15,29.70709,-95.04733,0.0,245.6,204.0,CAPT ANDY LAKE,,WDG4759,31,12,26,,,90,A
367539810,2022-01-02T23:44:24,29.70709,-95.04733,0.0,238.8,204.0,CAPT ANDY LAKE,,WDG4759,31,12,26,,,90,A
367539810,2022-01-02T23:46:44,29.70709,-95.04734,0.0,234.0,204.0,CAPT ANDY LAKE,,WDG4759,31,12,26,,,90,A
367539810,2022-01-02T23:33:54,29.70710,-95.04732,0.0,243.9,203.0,CAPT ANDY LAKE,,WDG4759,31,12,26,,,90,A
367539810,2022-01-02T23:47:55,29.70709,-95.04734,0.0,283.2,204.0,CAPT ANDY LAKE,,WDG4759,31,12,26,,,90,A
367539810,2022-01-02T23:37:25,29.70709,-95.04733,0.0,272.9,204.0,CAPT ANDY LAKE,,WDG4759,31,12,26,,,90,A
367539810,2022-01-02T23:52:25,29.70709,-95.04733,0.0,253.1,204.0,CAPT ANDY LAKE,,WDG4759,31,12,26,,,90,A
367539810,2022-01-02T23:30:04,29.70709,-95.04734,0.0,231.4,205.0,CAPT ANDY LAKE,,WDG4759,31,12,26,,,90,A
367539810,2022-01-02T23:45:35,29.70708,-95.04734,0.0,234.4,203.0,CAPT ANDY LAKE,,WDG4759,31,12,26,,,90,A
367539810,2022-01-02T23:57:04,29.70710,-95.04735,0.0,249.4,204.0,CAPT ANDY LAKE,,WDG4759,31,12,26,,,90,A
367539810,2022-01-02T23:51:15,29.70708,-95.04734,0.0,289.0,205.0,CAPT ANDY LAKE,,WDG4759,31,12,26,,,90,A
367539810,2022-01-02T23:40:55,29.70709,-95.04733,0.0,241.3,205.0,CAPT ANDY LAKE,,WDG4759,31,12,26,,,90,A
367539810,2022-01-02T10:23:14,29.70708,-95.04734,0.0,314.0,204.0,CAPT ANDY LAKE,,WDG4759,31,12,26,,,90,A
367539810,2022-01-02T23:55:55,29.70709,-95.04735,0.0,301.3,204.0,CAPT ANDY LAKE,,WDG4759,31,12,26,,,90,A
367539810,2022-01-02T23:50:14,29.70708,-95.04734,0.0,251.3,205.0,CAPT ANDY LAKE,,WDG4759,31,12,26,,,90,A
367539810,2022-01-02T10:42:54,29.70708,-95.04731,0.0,258.2,203.0,CAPT ANDY LAKE,,WDG4759,31,12,26,,,90,A
367539810,2022-01-02T10:46:25,29.70710,-95.04733,0.0,252.6,203.0,CAPT ANDY LAKE,,WDG4759,31,12,26,,,90,A
367539810,2022-01-02T10:54:34,29.70708,-95.04734,0.0,295.9,203.0,CAPT ANDY LAKE,,WDG4759,31,12,26,,,90,A
367539810,2022-01-02T11:23:45,29.70709,-95.04734,0.0,278.2,203.0,CAPT ANDY LAKE,,WDG4759,31,12,26,,,90,A
367539810,2022-01-02T11:28:25,29.70709,-95.04733,0.0,248.2,203.0,CAPT ANDY LAKE,,WDG4759,31,12,26,,,90,A
367539810,2022-01-02T11:29:35,29.70708,-95.04733,0.0,298.1,203.0,CAPT ANDY LAKE,,WDG4759,31,12,26,,,90,A
367539810,2022-01-02T11:43:25,29.70707,-95.04733,0.0,232.4,203.0,CAPT ANDY LAKE,,WDG4759,31,12,26,,,90,A
367539810,2022-01-02T12:58:45,29.70709,-95.04733,0.0,229.1,204.0,CAPT ANDY LAKE,,WDG4759,31,12,26,,,90,A
367539810,2022-01-02T13:04:44,29.70710,-95.04734,0.0,215.8,204.0,CAPT ANDY LAKE,,WDG4759,31,12,26,,,90,A
367539810,2022-01-02T13:05:54,29.70710,-95.04733,0.0,129.1,205.0,CAPT ANDY LAKE,,WDG4759,31,12,26,,,90,A
367539810,2022-01-02T13:28:14,29.70708,-95.04734,0.0,255.1,205.0,CAPT ANDY LAKE,,WDG4759,31,12,26,,,90,A
367539810,2022-01-02T13:31:45,29.70709,-95.04735,0.0,319.0,204.0,CAPT ANDY LAKE,,WDG4759,31,12,26,,,90,A
367539810,2022-01-02T13:59:04,29.70708,-95.04734,0.0,56.6,203.0,CAPT ANDY LAKE,,WDG4759,31,12,26,,,90,A
367539810,2022-01-02T14:17:24,29.70709,-95.04735,0.0,6.0,203.0,CAPT ANDY LAKE,,WDG4759,31,12,26,,,90,A
367539810,2022-01-02T14:20:55,29.70709,-95.04734,0.0,347.1,203.0,CAPT ANDY LAKE,,WDG4759,31,12,26,,,90,A
367539810,2022-01-02T14:27:55,29.70707,-95.04735,0.0,235.1,203.0,CAPT ANDY LAKE,,WDG4759,31,12,26,,,90,A
367539810,2022-01-02T14:37:24,29.70708,-95.04734,0.0,241.1,204.0,CAPT ANDY LAKE,,WDG4759,31,12,26,,,90,A
367539810,2022-01-02T15:10:35,29.70708,-95.04734,0.0,268.0,204.0,CAPT ANDY LAKE,,WDG4759,31,12,26,,,90,A
367539810,2022-01-02T15:41:56,29.70708,-95.04733,0.0,314.6,203.0,CAPT ANDY LAKE,,WDG4759,31,12,26,,,90,A
367539810,2022-01-02T16:47:26,29.70708,-95.04733,0.0,258.3,204.0,CAPT ANDY LAKE,,WDG4759,31,12,26,,,90,A
367539810,2022-01-02T16:58:54,29.70707,-95.04734,0.0,256.5,204.0,CAPT ANDY LAKE,,WDG4759,31,12,26,,,90,A
367539810,2022-01-02T17:06:24,29.70708,-95.04733,0.0,206.8,204.0,CAPT ANDY LAKE,,WDG4759,31,12,26,,,90,A
367539810,2022-01-02T17:23:45,29.70708,-95.04733,0.0,100.1,204.0,CAPT ANDY LAKE,,WDG4759,31,12,26,,,90,A
367539810,2022-01-02T17:31:04,29.70708,-95.04733,0.0,228.2,203.0,CAPT ANDY LAKE,,WDG4759,31,12,26,,,90,A
367539810,2022-01-02T17:35:05,29.70709,-95.04732,0.0,309.7,203.0,CAPT ANDY LAKE,,WDG4759,31,12,26,,,90,A
367539810,2022-01-02T17:53:45,29.70709,-95.04734,0.0,150.4,204.0,CAPT ANDY LAKE,,WDG4759,31,12,26,,,90,A
367539810,2022-01-02T17:54:56,29.70709,-95.04733,0.0,280.9,204.0,CAPT ANDY LAKE,,WDG4759,31,12,26,,,90,A
367539810,2022-01-02T17:59:34,29.70708,-95.04732,0.0,320.2,204.0,CAPT ANDY LAKE,,WDG4759,31,12,26,,,90,A
367539810,2022-01-02T18:18:45,29.70710,-95.04732,0.0,233.1,204.0,CAPT ANDY LAKE,,WDG4759,31,12,26,,,90,A
367539810,2022-01-02T18:35:04,29.70709,-95.04730,0.0,222.9,203.0,CAPT ANDY LAKE,,WDG4759,31,12,26,,,90,A
367539810,2022-01-02T18:36:14,29.70709,-95.04731,0.0,231.6,203.0,CAPT ANDY LAKE,,WDG4759,31,12,26,,,90,A
367539810,2022-01-02T18:39:44,29.70709,-95.04731,0.0,203.6,203.0,CAPT ANDY LAKE,,WDG4759,31,12,26,,,90,A
367539810,2022-01-02T18:40:55,29.70708,-95.04730,0.0,216.3,203.0,CAPT ANDY LAKE,,WDG4759,31,12,26,,,90,A
367539810,2022-01-02T18:51:15,29.70708,-95.04733,0.0,250.6,204.0,CAPT ANDY LAKE,,WDG4759,31,12,26,,,90,A
367539810,2022-01-02T18:54:46,29.70707,-95.04732,0.0,233.9,204.0,CAPT ANDY LAKE,,WDG4759,31,12,26,,,90,A
367539810,2022-01-02T19:05:15,29.70709,-95.04731,0.0,200.4,204.0,CAPT ANDY LAKE,,WDG4759,31,12,26,,,90,A
367539810,2022-01-02T19:06:25,29.70708,-95.04731,0.0,227.3,204.0,CAPT ANDY LAKE,,WDG4759,31,12,26,,,90,A
367539810,2022-01-02T19:07:36,29.70709,-95.04731,0.0,229.1,205.0,CAPT ANDY LAKE,,WDG4759,31,12,26,,,90,A
367539810,2022-01-02T19:18:55,29.70708,-95.04731,0.0,248.4,203.0,CAPT ANDY LAKE,,WDG4759,31,12,26,,,90,A
367539810,2022-01-02T19:34:54,29.70707,-95.04730,0.0,242.6,204.0,CAPT ANDY LAKE,,WDG4759,31,12,26,,,90,A
367539810,2022-01-02T19:46:24,29.70707,-95.04732,0.0,180.6,204.0,CAPT ANDY LAKE,,WDG4759,31,12,26,,,90,A
367539810,2022-01-02T19:54:55,29.70708,-95.04731,0.0,166.8,203.0,CAPT ANDY LAKE,,WDG4759,31,12,26,,,90,A
367539810,2022-01-02T20:01:35,29.70708,-95.04733,0.0,285.2,204.0,CAPT ANDY LAKE,,WDG4759,31,12,26,,,90,A
367539810,2022-01-02T20:10:04,29.70708,-95.04733,0.0,225.9,204.0,CAPT ANDY LAKE,,WDG4759,31,12,26,,,90,A
367539810,2022-01-02T20:18:05,29.70707,-95.04733,0.0,146.2,204.0,CAPT ANDY LAKE,,WDG4759,31,12,26,,,90,A
367539810,2022-01-02T20:28:56,29.70707,-95.04733,0.0,47.2,205.0,CAPT ANDY LAKE,,WDG4759,31,12,26,,,90,A
367539810,2022-01-02T20:36:34,29.70708,-95.04733,0.0,276.8,204.0,CAPT ANDY LAKE,,WDG4759,31,12,26,,,90,A
367539810,2022-01-02T20:43:34,29.70707,-95.04733,0.0,46.6,204.0,CAPT ANDY LAKE,,WDG4759,31,12,26,,,90,A
367539810,2022-01-02T20:48:14,29.70709,-95.04733,0.0,273.3,204.0,CAPT ANDY LAKE,,WDG4759,31,12,26,,,90,A
367539810,2022-01-02T20:50:25,29.70708,-95.04734,0.0,332.0,204.0,CAPT ANDY LAKE,,WDG4759,31,12,26,,,90,A
367539810,2022-01-02T20:52:46,29.70708,-95.04734,0.0,350.1,203.0,CAPT ANDY LAKE,,WDG4759,31,12,26,,,90,A
367539810,2022-01-02T20:53:54,29.70708,-95.04733,0.0,309.4,204.0,CAPT ANDY LAKE,,WDG4759,31,12,26,,,90,A
367539810,2022-01-02T21:06:05,29.70709,-95.04732,0.0,321.6,203.0,CAPT ANDY LAKE,,WDG4759,31,12,26,,,90,A
367539810,2022-01-02T21:31:55,29.70708,-95.04733,0.0,221.9,204.0,CAPT ANDY LAKE,,WDG4759,31,12,26,,,90,A
367539810,2022-01-02T21:39:56,29.70708,-95.04734,0.0,261.7,204.0,CAPT ANDY LAKE,,WDG4759,31,12,26,,,90,A
367539810,2022-01-02T22:11:56,29.70708,-95.04733,0.0,231.8,204.0,CAPT ANDY LAKE,,WDG4759,31,12,26,,,90,A
367539810,2022-01-02T22:22:25,29.70709,-95.04733,0.0,267.3,204.0,CAPT ANDY LAKE,,WDG4759,31,12,26,,,90,A
367539810,2022-01-02T22:23:35,29.70709,-95.04733,0.0,44.0,204.0,CAPT ANDY LAKE,,WDG4759,31,12,26,,,90,A
367539810,2022-01-02T22:46:15,29.70708,-95.04733,0.0,294.3,203.0,CAPT ANDY LAKE,,WDG4759,31,12,26,,,90,A
367539810,2022-01-02T22:58:04,29.70708,-95.04734,0.0,241.9,204.0,CAPT ANDY LAKE,,WDG4759,31,12,26,,,90,A
367539810,2022-01-02T23:13:45,29.70708,-95.04733,0.0,271.1,204.0,CAPT ANDY LAKE,,WDG4759,31,12,26,,,90,A
367539810,2022-01-02T23:22:55,29.70709,-95.04734,0.0,39.3,203.0,CAPT ANDY LAKE,,WDG4759,31,12,26,,,90,A
367539810,2022-01-02T23:31:15,29.70708,-95.04733,0.0,217.6,204.0,CAPT ANDY LAKE,,WDG4759,31,12,26,,,90,A
367539810,2022-01-02T23:32:25,29.70709,-95.04733,0.0,281.5,204.0,CAPT ANDY LAKE,,WDG4759,31,12,26,,,90,A
367539810,2022-01-02T23:53:35,29.70709,-95.04733,0.0,294.1,204.0,CAPT ANDY LAKE,,WDG4759,31,12,26,,,90,A
367539810,2022-01-03T00:00:15,29.70709,-95.04734,0.0,277.0,204.0,CAPT ANDY LAKE,,WDG4759,31,12,26,,,90,A
367539810,2022-01-03T00:01:25,29.70709,-95.04734,0.0,333.0,204.0,CAPT ANDY LAKE,,WDG4759,31,12,26,,,90,A
367539810,2022-01-03T00:03:44,29.70710,-95.04734,0.0,248.1,204.0,CAPT ANDY LAKE,,WDG4759,31,12,26,,,90,A
367539810,2022-01-03T00:02:36,29.70709,-95.04734,0.0,263.8,204.0,CAPT ANDY LAKE,,WDG4759,31,12,26,,,90,A
367539810,2022-01-03T00:04:55,29.70708,-95.04734,0.0,283.0,204.0,CAPT ANDY LAKE,,WDG4759,31,12,26,,,90,A
367539810,2022-01-03T00:07:15,29.70708,-95.04735,0.0,258.9,205.0,CAPT ANDY LAKE,,WDG4759,31,12,26,,,90,A
367539810,2022-01-03T00:06:04,29.70708,-95.04734,0.0,290.1,204.0,CAPT ANDY LAKE,,WDG4759,31,12,26,,,90,A
367539810,2022-01-03T00:08:24,29.70709,-95.04734,0.0,294.5,204.0,CAPT ANDY LAKE,,WDG4759,31,12,26,,,90,A
367539810,2022-01-03T00:09:36,29.70708,-95.04733,0.0,231.9,205.0,CAPT ANDY LAKE,,WDG4759,31,12,26,,,90,A
367539810,2022-01-03T00:11:54,29.70709,-95.04734,0.0,258.1,204.0,CAPT ANDY LAKE,,WDG4759,31,12,26,,,90,A
367539810,2022-01-03T00:13:05,29.70709,-95.04733,0.0,317.7,204.0,CAPT ANDY LAKE,,WDG4759,31,12,26,,,90,A
367539810,2022-01-03T00:15:25,29.70708,-95.04733,0.0,299.4,204.0,CAPT ANDY LAKE,,WDG4759,31,12,26,,,90,A
367539810,2022-01-03T00:14:15,29.70709,-95.04733,0.0,294.6,204.0,CAPT ANDY LAKE,,WDG4759,31,12,26,,,90,A
367539810,2022-01-03T00:18:54,29.70708,-95.04733,0.0,244.1,204.0,CAPT ANDY LAKE,,WDG4759,31,12,26,,,90,A
367539810,2022-01-03T00:17:44,29.70709,-95.04734,0.0,32.1,204.0,CAPT ANDY LAKE,,WDG4759,31,12,26,,,90,A
367539810,2022-01-03T00:21:14,29.70708,-95.04734,0.0,174.0,204.0,CAPT ANDY LAKE,,WDG4759,31,12,26,,,90,A
367539810,2022-01-03T00:20:04,29.70707,-95.04733,0.0,235.1,204.0,CAPT ANDY LAKE,,WDG4759,31,12,26,,,90,A
367539810,2022-01-03T00:10:44,29.70709,-95.04734,0.0,228.9,205.0,CAPT ANDY LAKE,,WDG4759,31,12,26,,,90,A
367539810,2022-01-03T00:22:25,29.70707,-95.04734,0.0,252.2,204.0,CAPT ANDY LAKE,,WDG4759,31,12,26,,,90,A
367539810,2022-01-03T00:27:14,29.70708,-95.04732,0.0,230.6,203.0,CAPT ANDY LAKE,,WDG4759,31,12,26,,,90,A
367539810,2022-01-03T00:28:24,29.70708,-95.04733,0.0,277.4,204.0,CAPT ANDY LAKE,,WDG4759,31,12,26,,,90,A
367539810,2022-01-03T00:29:34,29.70709,-95.04734,0.0,8.5,204.0,CAPT ANDY LAKE,,WDG4759,31,12,26,,,90,A
367539810,2022-01-03T00:30:54,29.70709,-95.04734,0.0,228.0,204.0,CAPT ANDY LAKE,,WDG4759,31,12,26,,,90,A
367539810,2022-01-03T00:32:04,29.70709,-95.04734,0.0,277.4,204.0,CAPT ANDY LAKE,,WDG4759,31,12,26,,,90,A
367539810,2022-01-03T00:35:44,29.70708,-95.04734,0.0,223.8,204.0,CAPT ANDY LAKE,,WDG4759,31,12,26,,,90,A
367539810,2022-01-03T00:33:15,29.70709,-95.04734,0.0,302.4,204.0,CAPT ANDY LAKE,,WDG4759,31,12,26,,,90,A
367539810,2022-01-03T00:38:05,29.70708,-95.04733,0.0,233.5,204.0,CAPT ANDY LAKE,,WDG4759,31,12,26,,,90,A
367539810,2022-01-03T00:16:36,29.70709,-95.04734,0.0,306.3,204.0,CAPT ANDY LAKE,,WDG4759,31,12,26,,,90,A
367539810,2022-01-03T00:34:34,29.70708,-95.04733,0.0,48.7,204.0,CAPT ANDY LAKE,,WDG4759,31,12,26,,,90,A
367539810,2022-01-03T00:36:54,29.70709,-95.04734,0.0,221.7,204.0,CAPT ANDY LAKE,,WDG4759,31,12,26,,,90,A
367539810,2022-01-03T00:39:14,29.70708,-95.04734,0.0,252.4,204.0,CAPT ANDY LAKE,,WDG4759,31,12,26,,,90,A
367539810,2022-01-03T00:40:25,29.70708,-95.04734,0.0,219.3,204.0,CAPT ANDY LAKE,,WDG4759,31,12,26,,,90,A
367539810,2022-01-03T00:41:35,29.70709,-95.04734,0.0,220.1,204.0,CAPT ANDY LAKE,,WDG4759,31,12,26,,,90,A
367539810,2022-01-03T00:42:45,29.70708,-95.04734,0.0,348.9,204.0,CAPT ANDY LAKE,,WDG4759,31,12,26,,,90,A
367539810,2022-01-03T00:48:34,29.70708,-95.04733,0.0,345.7,204.0,CAPT ANDY LAKE,,WDG4759,31,12,26,,,90,A
367539810,2022-01-03T00:43:55,29.70708,-95.04734,0.0,335.0,205.0,CAPT ANDY LAKE,,WDG4759,31,12,26,,,90,A
367539810,2022-01-03T00:45:06,29.70708,-95.04734,0.0,65.8,204.0,CAPT ANDY LAKE,,WDG4759,31,12,26,,,90,A
367539810,2022-01-03T00:47:26,29.70708,-95.04735,0.0,221.8,204.0,CAPT ANDY LAKE,,WDG4759,31,12,26,,,90,A
367539810,2022-01-03T00:46:15,29.70708,-95.04735,0.0,302.8,204.0,CAPT ANDY LAKE,,WDG4759,31,12,26,,,90,A
367539810,2022-01-03T00:49:45,29.70708,-95.04734,0.0,238.8,204.0,CAPT ANDY LAKE,,WDG4759,31,12,26,,,90,A
367539810,2022-01-03T00:50:54,29.70707,-95.04734,0.0,208.2,204.0,CAPT ANDY LAKE,,WDG4759,31,12,26,,,90,A
367539810,2022-01-03T00:55:25,29.70707,-95.04734,0.0,257.3,205.0,CAPT ANDY LAKE,,WDG4759,31,12,26,,,90,A
367539810,2022-01-03T01:00:14,29.70707,-95.04733,0.0,247.2,204.0,CAPT ANDY LAKE,,WDG4759,31,12,26,,,90,A
367539810,2022-01-03T00:51:55,29.70707,-95.04733,0.0,222.1,204.0,CAPT ANDY LAKE,,WDG4759,31,12,26,,,90,A
367539810,2022-01-03T00:23:34,29.70708,-95.04733,0.0,223.8,203.0,CAPT ANDY LAKE,,WDG4759,31,12,26,,,90,A
367539810,2022-01-03T01:01:24,29.70708,-95.04734,0.0,230.9,204.0,CAPT ANDY LAKE,,WDG4759,31,12,26,,,90,A
367539810,2022-01-03T00:53:04,29.70707,-95.04733,0.0,237.6,204.0,CAPT ANDY LAKE,,WDG4759,31,12,26,,,90,A
367539810,2022-01-03T00:54:15,29.70707,-95.04733,0.0,119.3,204.0,CAPT ANDY LAKE,,WDG4759,31,12,26,,,90,A
367539810,2022-01-03T00:24:54,29.70708,-95.04734,0.0,263.3,203.0,CAPT ANDY LAKE,,WDG4759,31,12,26,,,90,A
367539810,2022-01-03T00:26:05,29.70708,-95.04733,0.0,194.1,203.0,CAPT ANDY LAKE,,WDG4759,31,12,26,,,90,A
367539810,2022-01-03T00:56:34,29.70707,-95.04734,0.0,245.1,204.0,CAPT ANDY LAKE,,WDG4759,31,12,26,,,90,A
367539810,2022-01-03T00:59:14,29.70707,-95.04732,0.0,236.0,204.0,CAPT ANDY LAKE,,WDG4759,31,12,26,,,90,A
367539810,2022-01-03T00:57:45,29.70707,-95.04734,0.0,261.3,204.0,CAPT ANDY LAKE,,WDG4759,31,12,26,,,90,A
367539810,2022-01-03T01:02:35,29.70707,-95.04734,0.0,289.0,204.0,CAPT ANDY LAKE,,WDG4759,31,12,26,,,90,A
367539810,2022-01-03T01:06:16,29.70708,-95.04733,0.0,240.7,204.0,CAPT ANDY LAKE,,WDG4759,31,12,26,,,90,A
367539810,2022-01-03T01:05:06,29.70708,-95.04733,0.0,273.3,204.0,CAPT ANDY LAKE,,WDG4759,31,12,26,,,90,A
367539810,2022-01-03T01:03:45,29.70707,-95.04734,0.0,228.4,204.0,CAPT ANDY LAKE,,WDG4759,31,12,26,,,90,A
367539810,2022-01-03T01:08:34,29.70708,-95.04734,0.0,245.2,204.0,CAPT ANDY LAKE,,WDG4759,31,12,26,,,90,A
367539810,2022-01-03T01:12:34,29.70707,-95.04733,0.0,237.9,205.0,CAPT ANDY LAKE,,WDG4759,31,12,26,,,90,A
367539810,2022-01-03T01:11:25,29.70707,-95.04732,0.0,222.2,204.0,CAPT ANDY LAKE,,WDG4759,31,12,26,,,90,A
367539810,2022-01-03T01:07:24,29.70708,-95.04733,0.0,264.0,204.0,CAPT ANDY LAKE,,WDG4759,31,12,26,,,90,A
367539810,2022-01-03T01:14:55,29.70708,-95.04734,0.0,228.6,203.0,CAPT ANDY LAKE,,WDG4759,31,12,26,,,90,A
367539810,2022-01-03T01:10:06,29.70708,-95.04733,0.0,328.3,204.0,CAPT ANDY LAKE,,WDG4759,31,12,26,,,90,A
367539810,2022-01-03T01:17:15,29.70708,-95.04734,0.0,222.0,204.0,CAPT ANDY LAKE,,WDG4759,31,12,26,,,90,A
367539810,2022-01-03T01:19:35,29.70708,-95.04733,0.0,225.0,203.0,CAPT ANDY LAKE,,WDG4759,31,12,26,,,90,A
367539810,2022-01-03T01:16:05,29.70709,-95.04735,0.0,204.8,204.0,CAPT ANDY LAKE,,WDG4759,31,12,26,,,90,A
367539810,2022-01-03T01:13:45,29.70708,-95.04734,0.0,250.2,204.0,CAPT ANDY LAKE,,WDG4759,31,12,26,,,90,A
367539810,2022-01-03T01:23:06,29.70709,-95.04734,0.0,256.1,202.0,CAPT ANDY LAKE,,WDG4759,31,12,26,,,90,A
367539810,2022-01-03T01:22:05,29.70709,-95.04734,0.0,254.1,202.0,CAPT ANDY LAKE,,WDG4759,31,12,26,,,90,A
367539810,2022-01-03T01:31:14,29.70708,-95.04733,0.0,295.7,203.0,CAPT ANDY LAKE,,WDG4759,31,12,26,,,90,A
367539810,2022-01-03T01:20:45,29.70708,-95.04734,0.0,285.3,203.0,CAPT ANDY LAKE,,WDG4759,31,12,26,,,90,A
367539810,2022-01-03T01:18:25,29.70708,-95.04733,0.0,165.7,203.0,CAPT ANDY LAKE,,WDG4759,31,12,26,,,90,A
367539810,2022-01-03T01:30:06,29.70708,-95.04733,0.0,332.7,203.0,CAPT ANDY LAKE,,WDG4759,31,12,26,,,90,A
367539810,2022-01-03T01:25:24,29.70709,-95.04734,0.0,272.9,202.0,CAPT ANDY LAKE,,WDG4759,31,12,26,,,90,A
367539810,2022-01-03T01:38:05,29.70709,-95.04735,0.0,241.4,203.0,CAPT ANDY LAKE,,WDG4759,31,12,26,,,90,A
367539810,2022-01-03T01:26:35,29.70709,-95.04735,0.0,69.8,202.0,CAPT ANDY LAKE,,WDG4759,31,12,26,,,90,A
367539810,2022-01-03T01:32:25,29.70707,-95.04733,0.0,255.2,203.0,CAPT ANDY LAKE,,WDG4759,31,12,26,,,90,A
367539810,2022-01-03T01:39:15,29.70708,-95.04734,0.0,245.4,203.0,CAPT ANDY LAKE,,WDG4759,31,12,26,,,90,A
367539810,2022-01-03T01:27:44,29.70708,-95.04734,0.0,236.0,203.0,CAPT ANDY LAKE,,WDG4759,31,12,26,,,90,A
367539810,2022-01-03T01:28:55,29.70708,-95.04734,0.0,292.9,203.0,CAPT ANDY LAKE,,WDG4759,31,12,26,,,90,A
367539810,2022-01-03T01:37:04,29.70709,-95.04734,0.0,209.5,204.0,CAPT ANDY LAKE,,WDG4759,31,12,26,,,90,A
367539810,2022-01-03T01:40:25,29.70709,-95.04734,0.0,217.2,204.0,CAPT ANDY LAKE,,WDG4759,31,12,26,,,90,A
367539810,2022-01-03T01:33:34,29.70707,-95.04733,0.0,253.8,204.0,CAPT ANDY LAKE,,WDG4759,31,12,26,,,90,A
367539810,2022-01-03T01:45:06,29.70709,-95.04733,0.0,263.6,203.0,CAPT ANDY LAKE,,WDG4759,31,12,26,,,90,A
367539810,2022-01-03T01:48:35,29.70708,-95.04735,0.0,228.7,204.0,CAPT ANDY LAKE,,WDG4759,31,12,26,,,90,A
367539810,2022-01-03T01:34:45,29.70707,-95.04733,0.0,206.8,203.0,CAPT ANDY LAKE,,WDG4759,31,12,26,,,90,A
367539810,2022-01-03T01:35:54,29.70708,-95.04735,0.0,270.7,203.0,CAPT ANDY LAKE,,WDG4759,31,12,26,,,90,A
367539810,2022-01-03T01:49:45,29.70708,-95.04734,0.0,251.0,204.0,CAPT ANDY LAKE,,WDG4759,31,12,26,,,90,A
367539810,2022-01-03T01:43:56,29.70709,-95.04733,0.0,279.9,202.0,CAPT ANDY LAKE,,WDG4759,31,12,26,,,90,A
367539810,2022-01-03T01:41:35,29.70709,-95.04734,0.0,241.5,203.0,CAPT ANDY LAKE,,WDG4759,31,12,26,,,90,A
367539810,2022-01-03T01:42:45,29.70709,-95.04734,0.0,237.5,203.0,CAPT ANDY LAKE,,WDG4759,31,12,26,,,90,A
367539810,2022-01-03T01:52:05,29.70708,-95.04733,0.0,317.3,204.0,CAPT ANDY LAKE,,WDG4759,31,12,26,,,90,A
367539810,2022-01-03T01:46:15,29.70709,-95.04734,0.0,27.0,204.0,CAPT ANDY LAKE,,WDG4759,31,12,26,,,90,A
367539810,2022-01-03T02:01:45,29.70710,-95.04733,0.0,317.9,203.0,CAPT ANDY LAKE,,WDG4759,31,12,26,,,90,A
367539810,2022-01-03T01:56:45,29.70707,-95.04733,0.0,281.7,203.0,CAPT ANDY LAKE,,WDG4759,31,12,26,,,90,A
367539810,2022-01-03T01:57:54,29.70709,-95.04732,0.0,260.0,204.0,CAPT ANDY LAKE,,WDG4759,31,12,26,,,90,A
367539810,2022-01-03T01:50:56,29.70709,-95.04734,0.0,37.8,204.0,CAPT ANDY LAKE,,WDG4759,31,12,26,,,90,A
367539810,2022-01-03T01:55:36,29.70709,-95.04734,0.0,5.3,203.0,CAPT ANDY LAKE,,WDG4759,31,12,26,,,90,A
367539810,2022-01-03T01:54:25,29.70708,-95.04733,0.0,286.5,204.0,CAPT ANDY LAKE,,WDG4759,31,12,26,,,90,A
367539810,2022-01-03T01:53:16,29.70708,-95.04733,0.0,339.4,203.0,CAPT ANDY LAKE,,WDG4759,31,12,26,,,90,A
367539810,2022-01-03T02:08:36,29.70709,-95.04733,0.0,282.8,203.0,CAPT ANDY LAKE,,WDG4759,31,12,26,,,90,A
367539810,2022-01-03T02:09:44,29.70708,-95.04733,0.0,293.2,203.0,CAPT ANDY LAKE,,WDG4759,31,12,26,,,90,A
367539810,2022-01-03T02:10:55,29.70709,-95.04732,0.0,294.5,203.0,CAPT ANDY LAKE,,WDG4759,31,12,26,,,90,A
367539810,2022-01-03T02:02:55,29.70709,-95.04734,0.0,0.1,204.0,CAPT ANDY LAKE,,WDG4759,31,12,26,,,90,A
367539810,2022-01-03T02:18:55,29.70707,-95.04732,0.0,246.4,203.0,CAPT ANDY LAKE,,WDG4759,31,12,26,,,90,A
367539810,2022-01-03T02:04:04,29.70709,-95.04734,0.0,311.6,205.0,CAPT ANDY LAKE,,WDG4759,31,12,26,,,90,A
367539810,2022-01-03T02:05:05,29.70708,-95.04732,0.0,330.5,204.0,CAPT ANDY LAKE,,WDG4759,31,12,26,,,90,A
367539810,2022-01-03T02:06:14,29.70708,-95.04732,0.0,288.0,203.0,CAPT ANDY LAKE,,WDG4759,31,12,26,,,90,A
367539810,2022-01-03T02:12:04,29.70709,-95.04732,0.0,301.1,203.0,CAPT ANDY LAKE,,WDG4759,31,12,26,,,90,A
367539810,2022-01-03T02:26:05,29.70708,-95.04733,0.0,266.8,203.0,CAPT ANDY LAKE,,WDG4759,31,12,26,,,90,A
367539810,2022-01-03T02:14:24,29.70708,-95.04734,0.0,335.4,203.0,CAPT ANDY LAKE,,WDG4759,31,12,26,,,90,A
367539810,2022-01-03T02:15:25,29.70707,-95.04732,0.0,254.3,203.0,CAPT ANDY LAKE,,WDG4759,31,12,26,,,90,A
367539810,2022-01-03T02:24:55,29.70709,-95.04733,0.0,318.4,203.0,CAPT ANDY LAKE,,WDG4759,31,12,26,,,90,A
367539810,2022-01-03T02:32:05,29.70708,-95.04732,0.0,12.8,203.0,CAPT ANDY LAKE,,WDG4759,31,12,26,,,90,A
367539810,2022-01-03T02:16:35,29.70707,-95.04733,0.0,256.1,203.0,CAPT ANDY LAKE,,WDG4759,31,12,26,,,90,A
367539810,2022-01-03T02:17:45,29.70707,-95.04733,0.0,280.8,203.0,CAPT ANDY LAKE,,WDG4759,31,12,26,,,90,A
367539810,2022-01-03T02:21:15,29.70708,-95.04733,0.0,289.5,204.0,CAPT ANDY LAKE,,WDG4759,31,12,26,,,90,A
367539810,2022-01-03T02:28:25,29.70708,-95.04732,0.0,314.8,204.0,CAPT ANDY LAKE,,WDG4759,31,12,26,,,90,A
367539810,2022-01-03T02:20:05,29.70708,-95.04732,0.0,249.4,203.0,CAPT ANDY LAKE,,WDG4759,31,12,26,,,90,A
367539810,2022-01-03T02:27:15,29.70708,-95.04733,0.0,332.0,204.0,CAPT ANDY LAKE,,WDG4759,31,12,26,,,90,A
367539810,2022-01-03T02:39:55,29.70708,-95.04734,0.0,231.6,205.0,CAPT ANDY LAKE,,WDG4759,31,12,26,,,90,A
367539810,2022-01-03T02:23:35,29.70708,-95.04733,0.0,282.7,204.0,CAPT ANDY LAKE,,WDG4759,31,12,26,,,90,A
367539810,2022-01-03T02:44:26,29.70709,-95.04734,0.0,264.1,204.0,CAPT ANDY LAKE,,WDG4759,31,12,26,,,90,A
367539810,2022-01-03T02:42:15,29.70708,-95.04732,0.0,305.4,205.0,CAPT ANDY LAKE,,WDG4759,31,12,26,,,90,A
367539810,2022-01-03T02:33:15,29.70708,-95.04732,0.0,274.6,203.0,CAPT ANDY LAKE,,WDG4759,31,12,26,,,90,A
367539810,2022-01-03T02:37:15,29.70708,-95.04734,0.0,286.8,204.0,CAPT ANDY LAKE,,WDG4759,31,12,26,,,90,A
367539810,2022-01-03T02:34:55,29.70708,-95.04732,0.0,278.0,203.0,CAPT ANDY LAKE,,WDG4759,31,12,26,,,90,A
367539810,2022-01-03T02:43:24,29.70709,-95.04733,0.0,277.3,205.0,CAPT ANDY LAKE,,WDG4759,31,12,26,,,90,A
367539810,2022-01-03T02:56:15,29.70709,-95.04733,0.0,263.5,204.0,CAPT ANDY LAKE,,WDG4759,31,12,26,,,90,A
367539810,2022-01-03T02:36:05,29.70707,-95.04732,0.0,221.1,203.0,CAPT ANDY LAKE,,WDG4759,31,12,26,,,90,A
367539810,2022-01-03T02:47:54,29.70709,-95.04732,0.0,316.6,205.0,CAPT ANDY LAKE,,WDG4759,31,12,26,,,90,A
367539810,2022-01-03T01:24:14,29.70708,-95.04734,0.0,277.1,202.0,CAPT ANDY LAKE,,WDG4759,31,12,26,,,90,A
367539810,2022-01-03T02:45:34,29.70709,-95.04734,0.0,295.4,204.0,CAPT ANDY LAKE,,WDG4759,31,12,26,,,90,A
367539810,2022-01-03T02:46:46,29.70709,-95.04734,0.1,215.1,205.0,CAPT ANDY LAKE,,WDG4759,31,12,26,,,90,A
367539810,2022-01-03T02:50:14,29.70709,-95.04733,0.0,305.2,205.0,CAPT ANDY LAKE,,WDG4759,31,12,26,,,90,A
367539810,2022-01-03T02:49:05,29.70708,-95.04732,0.0,269.2,205.0,CAPT ANDY LAKE,,WDG4759,31,12,26,,,90,A
367539810,2022-01-03T02:51:25,29.70708,-95.04731,0.0,339.6,202.0,CAPT ANDY LAKE,,WDG4759,31,12,26,,,90,A
367539810,2022-01-03T02:41:05,29.70708,-95.04732,0.0,241.3,205.0,CAPT ANDY LAKE,,WDG4759,31,12,26,,,90,A
367539810,2022-01-03T02:52:34,29.70709,-95.04732,0.0,345.2,205.0,CAPT ANDY LAKE,,WDG4759,31,12,26,,,90,A
367539810,2022-01-03T02:57:24,29.70709,-95.04733,0.1,250.0,204.0,CAPT ANDY LAKE,,WDG4759,31,12,26,,,90,A
367539810,2022-01-03T02:58:35,29.70709,-95.04733,0.0,293.0,204.0,CAPT ANDY LAKE,,WDG4759,31,12,26,,,90,A
367539810,2022-01-03T02:59:55,29.70709,-95.04733,0.0,291.1,205.0,CAPT ANDY LAKE,,WDG4759,31,12,26,,,90,A
367539810,2022-01-03T03:02:05,29.70709,-95.04733,0.0,7.7,205.0,CAPT ANDY LAKE,,WDG4759,31,12,26,,,90,A
367539810,2022-01-03T03:03:14,29.70708,-95.04733,0.0,15.9,205.0,CAPT ANDY LAKE,,WDG4759,31,12,26,,,90,A
367539810,2022-01-03T03:06:45,29.70709,-95.04734,0.0,273.6,204.0,CAPT ANDY LAKE,,WDG4759,31,12,26,,,90,A
367539810,2022-01-03T02:55:05,29.70709,-95.04733,0.0,262.8,204.0,CAPT ANDY LAKE,,WDG4759,31,12,26,,,90,A
367539810,2022-01-03T03:11:24,29.70709,-95.04733,0.0,279.1,205.0,CAPT ANDY LAKE,,WDG4759,31,12,26,,,90,A
367539810,2022-01-03T03:04:24,29.70708,-95.04732,0.0,272.8,205.0,CAPT ANDY LAKE,,WDG4759,31,12,26,,,90,A
367539810,2022-01-03T03:05:34,29.70709,-95.04733,0.0,337.1,205.0,CAPT ANDY LAKE,,WDG4759,31,12,26,,,90,A
367539810,2022-01-03T02:53:44,29.70708,-95.04732,0.0,297.2,205.0,CAPT ANDY LAKE,,WDG4759,31,12,26,,,90,A
367539810,2022-01-03T03:25:05,29.70708,-95.04733,0.0,228.9,203.0,CAPT ANDY LAKE,,WDG4759,31,12,26,,,90,A
367539810,2022-01-03T03:13:44,29.70709,-95.04733,0.0,290.4,204.0,CAPT ANDY LAKE,,WDG4759,31,12,26,,,90,A
367539810,2022-01-03T03:18:35,29.70708,-95.04733,0.0,242.9,204.0,CAPT ANDY LAKE,,WDG4759,31,12,26,,,90,A
367539810,2022-01-03T01:47:24,29.70709,-95.04735,0.0,284.3,204.0,CAPT ANDY LAKE,,WDG4759,31,12,26,,,90,A
367539810,2022-01-03T03:16:14,29.70708,-95.04733,0.0,277.7,205.0,CAPT ANDY LAKE,,WDG4759,31,12,26,,,90,A
367539810,2022-01-03T03:00:55,29.70709,-95.04733,0.0,289.9,205.0,CAPT ANDY LAKE,,WDG4759,31,12,26,,,90,A
367539810,2022-01-03T03:15:04,29.70709,-95.04733,0.0,307.7,204.0,CAPT ANDY LAKE,,WDG4759,31,12,26,,,90,A
367539810,2022-01-03T03:12:34,29.70709,-95.04734,0.0,302.7,204.0,CAPT ANDY LAKE,,WDG4759,31,12,26,,,90,A
367539810,2022-01-03T03:40:55,29.70709,-95.04733,0.0,280.2,204.0,CAPT ANDY LAKE,,WDG4759,31,12,26,,,90,A
367539810,2022-01-03T03:23:34,29.70708,-95.04733,0.0,263.5,201.0,CAPT ANDY LAKE,,WDG4759,31,12,26,,,90,A
367539810,2022-01-03T03:28:36,29.70707,-95.04733,0.0,286.4,204.0,CAPT ANDY LAKE,,WDG4759,31,12,26,,,90,A
367539810,2022-01-03T03:50:04,29.70709,-95.04733,0.0,247.3,203.0,CAPT ANDY LAKE,,WDG4759,31,12,26,,,90,A
367539810,2022-01-03T03:31:15,29.70708,-95.04733,0.0,228.7,203.0,CAPT ANDY LAKE,,WDG4759,31,12,26,,,90,A
367539810,2022-01-03T03:30:05,29.70708,-95.04734,0.0,243.6,203.0,CAPT ANDY LAKE,,WDG4759,31,12,26,,,90,A
367539810,2022-01-03T03:26:14,29.70708,-95.04734,0.0,275.2,204.0,CAPT ANDY LAKE,,WDG4759,31,12,26,,,90,A
367539810,2022-01-03T01:59:04,29.70709,-95.04732,0.0,1.1,204.0,CAPT ANDY LAKE,,WDG4759,31,12,26,,,90,A
367539810,2022-01-03T03:32:26,29.70708,-95.04732,0.0,208.1,204.0,CAPT ANDY LAKE,,WDG4759,31,12,26,,,90,A
367539810,2022-01-03T03:35:05,29.70709,-95.04734,0.0,238.4,203.0,CAPT ANDY LAKE,,WDG4759,31,12,26,,,90,A
367539810,2022-01-03T03:36:15,29.70708,-95.04733,0.0,243.3,203.0,CAPT ANDY LAKE,,WDG4759,31,12,26,,,90,A
367539810,2022-01-03T03:21:14,29.70707,-95.04732,0.0,250.9,204.0,CAPT ANDY LAKE,,WDG4759,31,12,26,,,90,A
367539810,2022-01-03T03:38:34,29.70708,-95.04734,0.0,241.6,204.0,CAPT ANDY LAKE,,WDG4759,31,12,26,,,90,A
367539810,2022-01-03T03:44:25,29.70708,-95.04733,0.0,257.7,204.0,CAPT ANDY LAKE,,WDG4759,31,12,26,,,90,A
367539810,2022-01-03T03:39:45,29.70708,-95.04733,0.0,255.6,204.0,CAPT ANDY LAKE,,WDG4759,31,12,26,,,90,A
367539810,2022-01-03T03:42:06,29.70710,-95.04733,0.0,248.3,203.0,CAPT ANDY LAKE,,WDG4759,31,12,26,,,90,A
367539810,2022-01-03T04:03:55,29.70708,-95.04734,0.0,256.6,204.0,CAPT ANDY LAKE,,WDG4759,31,12,26,,,90,A
367539810,2022-01-03T03:45:34,29.70709,-95.04734,0.0,251.4,204.0,CAPT ANDY LAKE,,WDG4759,31,12,26,,,90,A
367539810,2022-01-03T03:46:44,29.70708,-95.04734,0.0,218.5,204.0,CAPT ANDY LAKE,,WDG4759,31,12,26,,,90,A
367539810,2022-01-03T03:54:35,29.70707,-95.04734,0.0,271.8,204.0,CAPT ANDY LAKE,,WDG4759,31,12,26,,,90,A
367539810,2022-01-03T03:48:54,29.70708,-95.04732,0.0,219.3,203.0,CAPT ANDY LAKE,,WDG4759,31,12,26,,,90,A
367539810,2022-01-03T03:55:46,29.70708,-95.04734,0.0,248.0,204.0,CAPT ANDY LAKE,,WDG4759,31,12,26,,,90,A
367539810,2022-01-03T03:58:04,29.70707,-95.04734,0.0,237.5,203.0,CAPT ANDY LAKE,,WDG4759,31,12,26,,,90,A
367539810,2022-01-03T03:37:26,29.70708,-95.04732,0.0,227.6,204.0,CAPT ANDY LAKE,,WDG4759,31,12,26,,,90,A
367539810,2022-01-03T03:52:26,29.70708,-95.04734,0.0,244.1,204.0,CAPT ANDY LAKE,,WDG4759,31,12,26,,,90,A
367539810,2022-01-03T03:53:34,29.70709,-95.04734,0.0,242.7,204.0,CAPT ANDY LAKE,,WDG4759,31,12,26,,,90,A
367539810,2022-01-03T04:13:34,29.70709,-95.04734,0.0,269.5,204.0,CAPT ANDY LAKE,,WDG4759,31,12,26,,,90,A
367539810,2022-01-03T03:59:15,29.70708,-95.04733,0.0,244.4,202.0,CAPT ANDY LAKE,,WDG4759,31,12,26,,,90,A
367539810,2022-01-03T03:56:56,29.70706,-95.04735,0.0,237.4,203.0,CAPT ANDY LAKE,,WDG4759,31,12,26,,,90,A
367539810,2022-01-03T04:08:35,29.70708,-95.04734,0.0,8.5,203.0,CAPT ANDY LAKE,,WDG4759,31,12,26,,,90,A
367539810,2022-01-03T04:05:05,29.70708,-95.04733,0.0,294.3,204.0,CAPT ANDY LAKE,,WDG4759,31,12,26,,,90,A
367539810,2022-01-03T04:20:35,29.70709,-95.04733,0.0,259.8,203.0,CAPT ANDY LAKE,,WDG4759,31,12,26,,,90,A
367539810,2022-01-03T02:07:24,29.70709,-95.04733,0.0,300.9,203.0,CAPT ANDY LAKE,,WDG4759,31,12,26,,,90,A
367539810,2022-01-03T04:21:44,29.70709,-95.04733,0.0,234.1,203.0,CAPT ANDY LAKE,,WDG4759,31,12,26,,,90,A
367539810,2022-01-03T04:01:35,29.70708,-95.04733,0.0,237.2,203.0,CAPT ANDY LAKE,,WDG4759,31,12,26,,,90,A
367539810,2022-01-03T04:07:25,29.70709,-95.04733,0.0,356.4,203.0,CAPT ANDY LAKE,,WDG4759,31,12,26,,,90,A
367539810,2022-01-03T03:51:15,29.70708,-95.04733,0.0,238.3,204.0,CAPT ANDY LAKE,,WDG4759,31,12,26,,,90,A
367539810,2022-01-03T04:12:24,29.70709,-95.04733,0.0,298.1,203.0,CAPT ANDY LAKE,,WDG4759,31,12,26,,,90,A
367539810,2022-01-03T04:25:24,29.70708,-95.04733,0.0,235.9,204.0,CAPT ANDY LAKE,,WDG4759,31,12,26,,,90,A
367539810,2022-01-03T04:15:54,29.70709,-95.04733,0.0,246.2,203.0,CAPT ANDY LAKE,,WDG4759,31,12,26,,,90,A
367539810,2022-01-03T04:17:05,29.70709,-95.04733,0.0,266.5,203.0,CAPT ANDY LAKE,,WDG4759,31,12,26,,,90,A
367539810,2022-01-03T04:26:44,29.70709,-95.04733,0.0,21.3,204.0,CAPT ANDY LAKE,,WDG4759,31,12,26,,,90,A
367539810,2022-01-03T04:18:15,29.70709,-95.04733,0.0,203.1,202.0,CAPT ANDY LAKE,,WDG4759,31,12,26,,,90,A
367539810,2022-01-03T02:13:14,29.70708,-95.04733,0.0,310.1,202.0,CAPT ANDY LAKE,,WDG4759,31,12,26,,,90,A
367539810,2022-01-03T04:02:45,29.70708,-95.04734,0.0,224.9,204.0,CAPT ANDY LAKE,,WDG4759,31,12,26,,,90,A
367539810,2022-01-03T04:19:25,29.70708,-95.04733,0.0,261.4,203.0,CAPT ANDY LAKE,,WDG4759,31,12,26,,,90,A
367539810,2022-01-03T04:31:55,29.70709,-95.04733,0.0,248.2,205.0,CAPT ANDY LAKE,,WDG4759,31,12,26,,,90,A
367539810,2022-01-03T04:24:05,29.70708,-95.04732,0.0,255.8,204.0,CAPT ANDY LAKE,,WDG4759,31,12,26,,,90,A
367539810,2022-01-03T04:40:44,29.70709,-95.04735,0.0,278.8,205.0,CAPT ANDY LAKE,,WDG4759,31,12,26,,,90,A
367539810,2022-01-03T04:22:55,29.70708,-95.04733,0.0,32.3,203.0,CAPT ANDY LAKE,,WDG4759,31,12,26,,,90,A
367539810,2022-01-03T04:29:04,29.70708,-95.04733,0.0,239.3,205.0,CAPT ANDY LAKE,,WDG4759,31,12,26,,,90,A
367539810,2022-01-03T04:45:16,29.70709,-95.04733,0.0,354.5,205.0,CAPT ANDY LAKE,,WDG4759,31,12,26,,,90,A
367539810,2022-01-03T04:10:05,29.70708,-95.04734,0.0,273.6,203.0,CAPT ANDY LAKE,,WDG4759,31,12,26,,,90,A
367539810,2022-01-03T04:36:04,29.70709,-95.04732,0.0,197.0,203.0,CAPT ANDY LAKE,,WDG4759,31,12,26,,,90,A
367539810,2022-01-03T04:11:14,29.70709,-95.04733,0.0,317.8,203.0,CAPT ANDY LAKE,,WDG4759,31,12,26,,,90,A
367539810,2022-01-03T04:51:55,29.70709,-95.04733,0.0,290.2,204.0,CAPT ANDY LAKE,,WDG4759,31,12,26,,,90,A
367539810,2022-01-03T04:38:25,29.70710,-95.04734,0.0,221.6,204.0,CAPT ANDY LAKE,,WDG4759,31,12,26,,,90,A
367539810,2022-01-03T04:52:56,29.70709,-95.04734,0.0,313.2,204.0,CAPT ANDY LAKE,,WDG4759,31,12,26,,,90,A
367539810,2022-01-03T04:30:24,29.70709,-95.04733,0.0,236.7,204.0,CAPT ANDY LAKE,,WDG4759,31,12,26,,,90,A
367539810,2022-01-03T04:33:04,29.70709,-95.04733,0.0,242.6,204.0,CAPT ANDY LAKE,,WDG4759,31,12,26,,,90,A
367539810,2022-01-03T04:56:34,29.70709,-95.04734,0.0,316.7,204.0,CAPT ANDY LAKE,,WDG4759,31,12,26,,,90,A
367539810,2022-01-03T04:43:04,29.70709,-95.04734,0.0,269.5,205.0,CAPT ANDY LAKE,,WDG4759,31,12,26,,,90,A
367539810,2022-01-03T02:22:24,29.70708,-95.04733,0.0,246.9,204.0,CAPT ANDY LAKE,,WDG4759,31,12,26,,,90,A
367539810,2022-01-03T04:50:54,29.70708,-95.04734,0.0,325.9,204.0,CAPT ANDY LAKE,,WDG4759,31,12,26,,,90,A
367539810,2022-01-03T04:37:15,29.70709,-95.04733,0.0,252.6,203.0,CAPT ANDY LAKE,,WDG4759,31,12,26,,,90,A
367539810,2022-01-03T04:57:45,29.70707,-95.04734,0.0,317.1,204.0,CAPT ANDY LAKE,,WDG4759,31,12,26,,,90,A
367539810,2022-01-03T04:27:55,29.70708,-95.04732,0.0,283.0,204.0,CAPT ANDY LAKE,,WDG4759,31,12,26,,,90,A
367539810,2022-01-03T04:47:25,29.70708,-95.04733,0.0,282.5,205.0,CAPT ANDY LAKE,,WDG4759,31,12,26,,,90,A
367539810,2022-01-03T04:46:24,29.70709,-95.04733,0.0,270.1,205.0,CAPT ANDY LAKE,,WDG4759,31,12,26,,,90,A
367539810,2022-01-03T04:55:25,29.70710,-95.04733,0.0,320.1,203.0,CAPT ANDY LAKE,,WDG4759,31,12,26,,,90,A
367539810,2022-01-03T02:29:45,29.70708,-95.04733,0.0,267.7,204.0,CAPT ANDY LAKE,,WDG4759,31,12,26,,,90,A
367539810,2022-01-03T04:54:05,29.70710,-95.04733,0.0,318.3,203.0,CAPT ANDY LAKE,,WDG4759,31,12,26,,,90,A
367539810,2022-01-03T04:39:34,29.70708,-95.04733,0.0,318.8,204.0,CAPT ANDY LAKE,,WDG4759,31,12,26,,,90,A
367539810,2022-01-03T02:30:55,29.70708,-95.04733,0.0,266.1,203.0,CAPT ANDY LAKE,,WDG4759,31,12,26,,,90,A
367539810,2022-01-03T05:10:54,29.70708,-95.04733,0.0,212.9,205.0,CAPT ANDY LAKE,,WDG4759,31,12,26,,,90,A
367539810,2022-01-03T05:01:24,29.70709,-95.04732,0.0,225.1,204.0,CAPT ANDY LAKE,,WDG4759,31,12,26,,,90,A
367539810,2022-01-03T04:44:15,29.70709,-95.04734,0.0,330.6,205.0,CAPT ANDY LAKE,,WDG4759,31,12,26,,,90,A
367539810,2022-01-03T05:02:34,29.70708,-95.04733,0.0,157.2,202.0,CAPT ANDY LAKE,,WDG4759,31,12,26,,,90,A
367539810,2022-01-03T04:48:34,29.70708,-95.04733,0.0,263.8,204.0,CAPT ANDY LAKE,,WDG4759,31,12,26,,,90,A
367539810,2022-01-03T05:00:16,29.70709,-95.04734,0.0,231.4,203.0,CAPT ANDY LAKE,,WDG4759,31,12,26,,,90,A
367539810,2022-01-03T04:49:44,29.70709,-95.04734,0.0,297.3,204.0,CAPT ANDY LAKE,,WDG4759,31,12,26,,,90,A
367539810,2022-01-03T05:19:25,29.70708,-95.04735,0.0,177.0,204.0,CAPT ANDY LAKE,,WDG4759,31,12,26,,,90,A
367539810,2022-01-03T05:04:55,29.70707,-95.04733,0.0,258.0,204.0,CAPT ANDY LAKE,,WDG4759,31,12,26,,,90,A
367539810,2022-01-03T05:22:55,29.70707,-95.04734,0.0,319.7,204.0,CAPT ANDY LAKE,,WDG4759,31,12,26,,,90,A
367539810,2022-01-03T05:15:54,29.70707,-95.04734,0.0,321.8,204.0,CAPT ANDY LAKE,,WDG4759,31,12,26,,,90,A
367539810,2022-01-03T05:12:05,29.70708,-95.04734,0.0,231.9,204.0,CAPT ANDY LAKE,,WDG4759,31,12,26,,,90,A
367539810,2022-01-03T04:58:55,29.70708,-95.04733,0.0,341.5,204.0,CAPT ANDY LAKE,,WDG4759,31,12,26,,,90,A
367539810,2022-01-03T05:18:15,29.70708,-95.04734,0.0,348.6,204.0,CAPT ANDY LAKE,,WDG4759,31,12,26,,,90,A
367539810,2022-01-03T04:59:56,29.70709,-95.04734,0.0,289.8,203.0,CAPT ANDY LAKE,,WDG4759,31,12,26,,,90,A
367539810,2022-01-03T02:38:25,29.70708,-95.04733,0.0,251.4,205.0,CAPT ANDY LAKE,,WDG4759,31,12,26,,,90,A
367539810,2022-01-03T05:40:44,29.70708,-95.04733,0.0,311.7,204.0,CAPT ANDY LAKE,,WDG4759,31,12,26,,,90,A
367539810,2022-01-03T05:29:14,29.70709,-95.04734,0.0,280.2,205.0,CAPT ANDY LAKE,,WDG4759,31,12,26,,,90,A
367539810,2022-01-03T05:17:05,29.70707,-95.04734,0.0,249.8,204.0,CAPT ANDY LAKE,,WDG4759,31,12,26,,,90,A
367539810,2022-01-03T05:44:05,29.70709,-95.04734,0.0,283.1,203.0,CAPT ANDY LAKE,,WDG4759,31,12,26,,,90,A
367539810,2022-01-03T05:03:44,29.70709,-95.04734,0.0,259.2,203.0,CAPT ANDY LAKE,,WDG4759,31,12,26,,,90,A
367539810,2022-01-03T05:47:35,29.70709,-95.04734,0.0,289.3,204.0,CAPT ANDY LAKE,,WDG4759,31,12,26,,,90,A
367539810,2022-01-03T05:07:25,29.70708,-95.04734,0.0,255.6,204.0,CAPT ANDY LAKE,,WDG4759,31,12,26,,,90,A
367539810,2022-01-03T05:09:46,29.70708,-95.04733,0.0,240.6,204.0,CAPT ANDY LAKE,,WDG4759,31,12,26,,,90,A
367539810,2022-01-03T05:25:45,29.70708,-95.04735,0.0,249.0,205.0,CAPT ANDY LAKE,,WDG4759,31,12,26,,,90,A
367539810,2022-01-03T05:21:46,29.70708,-95.04733,0.0,250.0,204.0,CAPT ANDY LAKE,,WDG4759,31,12,26,,,90,A
367539810,2022-01-03T05:13:15,29.70708,-95.04734,0.0,355.2,204.0,CAPT ANDY LAKE,,WDG4759,31,12,26,,,90,A
367539810,2022-01-03T05:14:25,29.70708,-95.04734,0.0,222.6,204.0,CAPT ANDY LAKE,,WDG4759,31,12,26,,,90,A
367539810,2022-01-03T05:24:04,29.70708,-95.04735,0.0,276.5,204.0,CAPT ANDY LAKE,,WDG4759,31,12,26,,,90,A
367539810,2022-01-03T05:31:25,29.70708,-95.04734,0.0,203.8,205.0,CAPT ANDY LAKE,,WDG4759,31,12,26,,,90,A
367539810,2022-01-03T05:32:36,29.70708,-95.04734,0.0,331.8,205.0,CAPT ANDY LAKE,,WDG4759,31,12,26,,,90,A
367539810,2022-01-03T05:28:05,29.70708,-95.04734,0.0,22.0,205.0,CAPT ANDY LAKE,,WDG4759,31,12,26,,,90,A
367539810,2022-01-03T05:33:45,29.70708,-95.04734,0.0,248.2,204.0,CAPT ANDY LAKE,,WDG4759,31,12,26,,,90,A
367539810,2022-01-03T05:34:55,29.70708,-95.04734,0.0,281.7,204.0,CAPT ANDY LAKE,,WDG4759,31,12,26,,,90,A
367539810,2022-01-03T05:36:06,29.70709,-95.04734,0.0,217.4,204.0,CAPT ANDY LAKE,,WDG4759,31,12,26,,,90,A
367539810,2022-01-03T05:37:15,29.70708,-95.04733,0.0,302.3,204.0,CAPT ANDY LAKE,,WDG4759,31,12,26,,,90,A
367539810,2022-01-03T05:41:45,29.70708,-95.04733,0.0,299.8,204.0,CAPT ANDY LAKE,,WDG4759,31,12,26,,,90,A
367539810,2022-01-03T05:53:24,29.70707,-95.04733,0.0,4.7,204.0,CAPT ANDY LAKE,,WDG4759,31,12,26,,,90,A
367539810,2022-01-03T06:07:35,29.70708,-95.04733,0.0,223.2,204.0,CAPT ANDY LAKE,,WDG4759,31,12,26,,,90,A
367539810,2022-01-03T05:54:35,29.70708,-95.04734,0.0,309.0,204.0,CAPT ANDY LAKE,,WDG4759,31,12,26,,,90,A
367539810,2022-01-03T05:42:54,29.70708,-95.04733,0.0,301.4,204.0,CAPT ANDY LAKE,,WDG4759,31,12,26,,,90,A
367539810,2022-01-03T05:38:25,29.70708,-95.04733,0.0,262.6,204.0,CAPT ANDY LAKE,,WDG4759,31,12,26,,,90,A
367539810,2022-01-03T05:26:54,29.70708,-95.04735,0.0,250.5,205.0,CAPT ANDY LAKE,,WDG4759,31,12,26,,,90,A
367539810,2022-01-03T05:48:46,29.70708,-95.04734,0.0,295.7,204.0,CAPT ANDY LAKE,,WDG4759,31,12,26,,,90,A
367539810,2022-01-03T05:46:25,29.70709,-95.04733,0.0,300.0,205.0,CAPT ANDY LAKE,,WDG4759,31,12,26,,,90,A
367539810,2022-01-03T06:04:04,29.70708,-95.04734,0.0,230.6,204.0,CAPT ANDY LAKE,,WDG4759,31,12,26,,,90,A
367539810,2022-01-03T05:52:15,29.70707,-95.04733,0.0,299.4,204.0,CAPT ANDY LAKE,,WDG4759,31,12,26,,,90,A
367539810,2022-01-03T06:21:16,29.70709,-95.04734,0.0,267.1,203.0,CAPT ANDY LAKE,,WDG4759,31,12,26,,,90,A
367539810,2022-01-03T05:56:56,29.70708,-95.04733,0.0,324.2,204.0,CAPT ANDY LAKE,,WDG4759,31,12,26,,,90,A
367539810,2022-01-03T06:22:24,29.70707,-95.04735,0.0,228.3,203.0,CAPT ANDY LAKE,,WDG4759,31,12,26,,,90,A
367539810,2022-01-03T05:39:35,29.70707,-95.04733,0.0,331.1,205.0,CAPT ANDY LAKE,,WDG4759,31,12,26,,,90,A
367539810,2022-01-03T05:49:55,29.70709,-95.04733,0.0,285.2,204.0,CAPT ANDY LAKE,,WDG4759,31,12,26,,,90,A
367539810,2022-01-03T05:51:04,29.70708,-95.04731,0.0,316.6,204.0,CAPT ANDY LAKE,,WDG4759,31,12,26,,,90,A
367539810,2022-01-03T06:01:44,29.70708,-95.04735,0.0,278.3,204.0,CAPT ANDY LAKE,,WDG4759,31,12,26,,,90,A
367539810,2022-01-03T06:02:55,29.70709,-95.04734,0.0,271.5,204.0,CAPT ANDY LAKE,,WDG4759,31,12,26,,,90,A
367539810,2022-01-03T05:45:14,29.70708,-95.04732,0.0,355.8,204.0,CAPT ANDY LAKE,,WDG4759,31,12,26,,,90,A
367539810,2022-01-03T05:55:45,29.70708,-95.04733,0.0,344.9,204.0,CAPT ANDY LAKE,,WDG4759,31,12,26,,,90,A
367539810,2022-01-03T06:15:34,29.70709,-95.04734,0.0,247.7,203.0,CAPT ANDY LAKE,,WDG4759,31,12,26,,,90,A
367539810,2022-01-03T06:32:54,29.70708,-95.04735,0.0,222.2,204.0,CAPT ANDY LAKE,,WDG4759,31,12,26,,,90,A
367539810,2022-01-03T06:08:45,29.70708,-95.04734,0.0,249.8,204.0,CAPT ANDY LAKE,,WDG4759,31,12,26,,,90,A
367539810,2022-01-03T06:09:46,29.70708,-95.04734,0.0,276.7,204.0,CAPT ANDY LAKE,,WDG4759,31,12,26,,,90,A
367539810,2022-01-03T06:36:25,29.70708,-95.04734,0.0,232.5,204.0,CAPT ANDY LAKE,,WDG4759,31,12,26,,,90,A
367539810,2022-01-03T06:05:15,29.70707,-95.04734,0.0,247.3,204.0,CAPT ANDY LAKE,,WDG4759,31,12,26,,,90,A
367539810,2022-01-03T06:14:24,29.70710,-95.04734,0.0,271.1,203.0,CAPT ANDY LAKE,,WDG4759,31,12,26,,,90,A
367539810,2022-01-03T06:16:45,29.70708,-95.04734,0.0,269.2,204.0,CAPT ANDY LAKE,,WDG4759,31,12,26,,,90,A
367539810,2022-01-03T06:10:56,29.70709,-95.04735,0.0,239.6,204.0,CAPT ANDY LAKE,,WDG4759,31,12,26,,,90,A
367539810,2022-01-03T06:44:26,29.70708,-95.04733,0.0,234.4,203.0,CAPT ANDY LAKE,,WDG4759,31,12,26,,,90,A
367539810,2022-01-03T06:12:05,29.70709,-95.04734,0.0,301.5,204.0,CAPT ANDY LAKE,,WDG4759,31,12,26,,,90,A
367539810,2022-01-03T03:07:55,29.70709,-95.04733,0.0,293.7,205.0,CAPT ANDY LAKE,,WDG4759,31,12,26,,,90,A
367539810,2022-01-03T06:17:46,29.70708,-95.04735,0.0,306.4,204.0,CAPT ANDY LAKE,,WDG4759,31,12,26,,,90,A
367539810,2022-01-03T06:50:06,29.70708,-95.04735,0.0,229.7,203.0,CAPT ANDY LAKE,,WDG4759,31,12,26,,,90,A
367539810,2022-01-03T06:20:04,29.70709,-95.04734,0.0,269.5,203.0,CAPT ANDY LAKE,,WDG4759,31,12,26,,,90,A
367539810,2022-01-03T06:34:06,29.70710,-95.04734,0.0,232.1,204.0,CAPT ANDY LAKE,,WDG4759,31,12,26,,,90,A
367539810,2022-01-03T06:06:24,29.70708,-95.04733,0.0,271.0,204.0,CAPT ANDY LAKE,,WDG4759,31,12,26,,,90,A
367539810,2022-01-03T06:28:16,29.70709,-95.04735,0.0,269.5,204.0,CAPT ANDY LAKE,,WDG4759,31,12,26,,,90,A
367539810,2022-01-03T06:37:35,29.70709,-95.04733,0.0,233.2,205.0,CAPT ANDY LAKE,,WDG4759,31,12,26,,,90,A
367539810,2022-01-03T06:30:35,29.70711,-95.04734,0.0,217.1,203.0,CAPT ANDY LAKE,,WDG4759,31,12,26,,,90,A
367539810,2022-01-03T03:09:04,29.70708,-95.04732,0.0,309.3,205.0,CAPT ANDY LAKE,,WDG4759,31,12,26,,,90,A
367539810,2022-01-03T03:10:15,29.70708,-95.04733,0.0,323.6,205.0,CAPT ANDY LAKE,,WDG4759,31,12,26,,,90,A
367539810,2022-01-03T06:25:55,29.70708,-95.04734,0.0,227.4,204.0,CAPT ANDY LAKE,,WDG4759,31,12,26,,,90,A
367539810,2022-01-03T06:29:24,29.70710,-95.04734,0.0,228.6,203.0,CAPT ANDY LAKE,,WDG4759,31,12,26,,,90,A
367539810,2022-01-03T06:13:15,29.70708,-95.04735,0.0,279.2,203.0,CAPT ANDY LAKE,,WDG4759,31,12,26,,,90,A
367539810,2022-01-03T06:31:45,29.70709,-95.04734,0.0,197.5,204.0,CAPT ANDY LAKE,,WDG4759,31,12,26,,,90,A
367539810,2022-01-03T06:39:55,29.70708,-95.04733,0.0,246.7,205.0,CAPT ANDY LAKE,,WDG4759,31,12,26,,,90,A
367539810,2022-01-03T06:35:15,29.70708,-95.04734,0.0,229.1,204.0,CAPT ANDY LAKE,,WDG4759,31,12,26,,,90,A
367539810,2022-01-03T07:07:35,29.70708,-95.04735,0.0,245.4,203.0,CAPT ANDY LAKE,,WDG4759,31,12,26,,,90,A
367539810,2022-01-03T07:09:55,29.70707,-95.04734,0.0,259.3,204.0,CAPT ANDY LAKE,,WDG4759,31,12,26,,,90,A
367539810,2022-01-03T06:43:15,29.70708,-95.04733,0.0,264.7,204.0,CAPT ANDY LAKE,,WDG4759,31,12,26,,,90,A
367539810,2022-01-03T03:17:26,29.70710,-95.04734,0.1,310.4,204.0,CAPT ANDY LAKE,,WDG4759,31,12,26,,,90,A
367539810,2022-01-03T06:23:34,29.70708,-95.04734,0.0,283.5,203.0,CAPT ANDY LAKE,,WDG4759,31,12,26,,,90,A
367539810,2022-01-03T06:38:45,29.70708,-95.04733,0.0,234.1,205.0,CAPT ANDY LAKE,,WDG4759,31,12,26,,,90,A
367539810,2022-01-03T06:41:04,29.70708,-95.04734,0.0,253.4,204.0,CAPT ANDY LAKE,,WDG4759,31,12,26,,,90,A
367539810,2022-01-03T03:20:04,29.70707,-95.04733,0.0,266.9,204.0,CAPT ANDY LAKE,,WDG4759,31,12,26,,,90,A
367539810,2022-01-03T06:42:05,29.70709,-95.04733,0.0,253.3,204.0,CAPT ANDY LAKE,,WDG4759,31,12,26,,,90,A
367539810,2022-01-03T06:48:56,29.70708,-95.04734,0.0,221.4,204.0,CAPT ANDY LAKE,,WDG4759,31,12,26,,,90,A
367539810,2022-01-03T07:16:05,29.70708,-95.04734,0.0,273.3,204.0,CAPT ANDY LAKE,,WDG4759,31,12,26,,,90,A
367539810,2022-01-03T06:45:34,29.70708,-95.04733,0.0,228.1,204.0,CAPT ANDY LAKE,,WDG4759,31,12,26,,,90,A
367539810,2022-01-03T03:22:25,29.70707,-95.04732,0.1,240.4,203.0,CAPT ANDY LAKE,,WDG4759,31,12,26,,,90,A
367539810,2022-01-03T06:52:24,29.70708,-95.04733,0.0,224.6,203.0,CAPT ANDY LAKE,,WDG4759,31,12,26,,,90,A
367539810,2022-01-03T06:51:14,29.70708,-95.04734,0.0,236.2,203.0,CAPT ANDY LAKE,,WDG4759,31,12,26,,,90,A
367539810,2022-01-03T06:55:44,29.70709,-95.04734,0.0,242.2,204.0,CAPT ANDY LAKE,,WDG4759,31,12,26,,,90,A
367539810,2022-01-03T06:54:35,29.70708,-95.04734,0.0,236.2,204.0,CAPT ANDY LAKE,,WDG4759,31,12,26,,,90,A
367539810,2022-01-03T07:01:35,29.70706,-95.04734,0.0,171.9,204.0,CAPT ANDY LAKE,,WDG4759,31,12,26,,,90,A
367539810,2022-01-03T07:30:05,29.70708,-95.04733,0.0,193.9,204.0,CAPT ANDY LAKE,,WDG4759,31,12,26,,,90,A
367539810,2022-01-03T06:56:54,29.70708,-95.04733,0.0,211.5,204.0,CAPT ANDY LAKE,,WDG4759,31,12,26,,,90,A
367539810,2022-01-03T03:27:24,29.70708,-95.04733,0.0,257.3,204.0,CAPT ANDY LAKE,,WDG4759,31,12,26,,,90,A
367539810,2022-01-03T07:13:25,29.70706,-95.04733,0.0,227.4,203.0,CAPT ANDY LAKE,,WDG4759,31,12,26,,,90,A
367539810,2022-01-03T06:57:55,29.70708,-95.04735,0.0,204.2,204.0,CAPT ANDY LAKE,,WDG4759,31,12,26,,,90,A
367539810,2022-01-03T07:32:25,29.70708,-95.04734,0.0,221.2,203.0,CAPT ANDY LAKE,,WDG4759,31,12,26,,,90,A
367539810,2022-01-03T07:34:44,29.70703,-95.04730,0.0,226.8,204.0,CAPT ANDY LAKE,,WDG4759,31,12,26,,,90,A
367539810,2022-01-03T07:05:15,29.70708,-95.04733,0.0,238.6,204.0,CAPT ANDY LAKE,,WDG4759,31,12,26,,,90,A
367539810,2022-01-03T06:59:05,29.70708,-95.04733,0.0,154.0,204.0,CAPT ANDY LAKE,,WDG4759,31,12,26,,,90,A
367539810,2022-01-03T06:46:35,29.70708,-95.04733,0.0,246.9,204.0,CAPT ANDY LAKE,,WDG4759,31,12,26,,,90,A
367539810,2022-01-03T07:08:44,29.70709,-95.04734,0.0,240.4,204.0,CAPT ANDY LAKE,,WDG4759,31,12,26,,,90,A
367539810,2022-01-03T07:02:44,29.70708,-95.04734,0.0,80.3,204.0,CAPT ANDY LAKE,,WDG4759,31,12,26,,,90,A
367539810,2022-01-03T07:37:34,29.70707,-95.04732,0.0,83.8,204.0,CAPT ANDY LAKE,,WDG4759,31,12,26,,,90,A
367539810,2022-01-03T07:12:14,29.70707,-95.04733,0.0,178.7,203.0,CAPT ANDY LAKE,,WDG4759,31,12,26,,,90,A
367539810,2022-01-03T03:33:45,29.70709,-95.04733,0.0,249.0,203.0,CAPT ANDY LAKE,,WDG4759,31,12,26,,,90,A
367539810,2022-01-03T07:46:05,29.70707,-95.04734,0.0,227.9,204.0,CAPT ANDY LAKE,,WDG4759,31,12,26,,,90,A
367539810,2022-01-03T07:19:44,29.70708,-95.04735,0.0,190.5,204.0,CAPT ANDY LAKE,,WDG4759,31,12,26,,,90,A
367539810,2022-01-03T07:49:34,29.70708,-95.04733,0.0,242.6,204.0,CAPT ANDY LAKE,,WDG4759,31,12,26,,,90,A
367539810,2022-01-03T07:04:05,29.70708,-95.04734,0.0,258.5,204.0,CAPT ANDY LAKE,,WDG4759,31,12,26,,,90,A
367539810,2022-01-03T07:55:15,29.70708,-95.04735,0.0,193.2,203.0,CAPT ANDY LAKE,,WDG4759,31,12,26,,,90,A
367539810,2022-01-03T03:43:15,29.70707,-95.04732,0.0,231.3,204.0,CAPT ANDY LAKE,,WDG4759,31,12,26,,,90,A
367539810,2022-01-03T07:18:36,29.70707,-95.04735,0.0,255.6,204.0,CAPT ANDY LAKE,,WDG4759,31,12,26,,,90,A
367539810,2022-01-03T07:06:26,29.70709,-95.04734,0.0,238.6,204.0,CAPT ANDY LAKE,,WDG4759,31,12,26,,,90,A
367539810,2022-01-03T07:58:45,29.70708,-95.04734,0.0,181.7,204.0,CAPT ANDY LAKE,,WDG4759,31,12,26,,,90,A
367539810,2022-01-03T07:24:16,29.70706,-95.04733,0.0,72.8,204.0,CAPT ANDY LAKE,,WDG4759,31,12,26,,,90,A
367539810,2022-01-03T07:20:56,29.70708,-95.04734,0.0,170.1,203.0,CAPT ANDY LAKE,,WDG4759,31,12,26,,,90,A
367539810,2022-01-03T07:25:25,29.70708,-95.04733,0.0,216.5,205.0,CAPT ANDY LAKE,,WDG4759,31,12,26,,,90,A
367539810,2022-01-03T07:39:56,29.70708,-95.04734,0.0,185.0,203.0,CAPT ANDY LAKE,,WDG4759,31,12,26,,,90,A
367539810,2022-01-03T07:27:55,29.70708,-95.04734,0.0,158.1,204.0,CAPT ANDY LAKE,,WDG4759,31,12,26,,,90,A
367539810,2022-01-03T07:29:04,29.70708,-95.04733,0.0,50.5,204.0,CAPT ANDY LAKE,,WDG4759,31,12,26,,,90,A
367539810,2022-01-03T07:31:15,29.70708,-95.04734,0.0,297.2,203.0,CAPT ANDY LAKE,,WDG4759,31,12,26,,,90,A
367539810,2022-01-03T07:26:34,29.70707,-95.04733,0.0,168.8,205.0,CAPT ANDY LAKE,,WDG4759,31,12,26,,,90,A
367539810,2022-01-03T07:14:35,29.70708,-95.04735,0.0,202.6,204.0,CAPT ANDY LAKE,,WDG4759,31,12,26,,,90,A
367539810,2022-01-03T03:47:45,29.70708,-95.04733,0.0,38.0,203.0,CAPT ANDY LAKE,,WDG4759,31,12,26,,,90,A
367539810,2022-01-03T07:17:26,29.70707,-95.04734,0.0,212.2,204.0,CAPT ANDY LAKE,,WDG4759,31,12,26,,,90,A
367539810,2022-01-03T07:50:44,29.70707,-95.04733,0.0,186.5,204.0,CAPT ANDY LAKE,,WDG4759,31,12,26,,,90,A
367539810,2022-01-03T07:38:44,29.70708,-95.04733,0.0,148.9,203.0,CAPT ANDY LAKE,,WDG4759,31,12,26,,,90,A
367539810,2022-01-03T07:23:15,29.70708,-95.04733,0.0,67.2,204.0,CAPT ANDY LAKE,,WDG4759,31,12,26,,,90,A
367539810,2022-01-03T07:57:35,29.70708,-95.04734,0.0,241.6,203.0,CAPT ANDY LAKE,,WDG4759,31,12,26,,,90,A
367539810,2022-01-03T08:20:24,29.70709,-95.04734,0.0,206.9,205.0,CAPT ANDY LAKE,,WDG4759,31,12,26,,,90,A
367539810,2022-01-03T08:00:16,29.70707,-95.04734,0.0,210.3,204.0,CAPT ANDY LAKE,,WDG4759,31,12,26,,,90,A
367539810,2022-01-03T07:44:56,29.70706,-95.04733,0.0,194.8,205.0,CAPT ANDY LAKE,,WDG4759,31,12,26,,,90,A
367539810,2022-01-03T08:04:56,29.70708,-95.04733,0.0,192.9,203.0,CAPT ANDY LAKE,,WDG4759,31,12,26,,,90,A
367539810,2022-01-03T07:33:35,29.70707,-95.04733,0.0,113.6,203.0,CAPT ANDY LAKE,,WDG4759,31,12,26,,,90,A
367539810,2022-01-03T08:07:14,29.70708,-95.04733,0.0,189.0,204.0,CAPT ANDY LAKE,,WDG4759,31,12,26,,,90,A
367539810,2022-01-03T07:36:25,29.70708,-95.04733,0.0,129.6,205.0,CAPT ANDY LAKE,,WDG4759,31,12,26,,,90,A
367539810,2022-01-03T07:52:55,29.70707,-95.04734,0.0,202.7,203.0,CAPT ANDY LAKE,,WDG4759,31,12,26,,,90,A
367539810,2022-01-03T08:33:05,29.70708,-95.04734,0.0,235.6,205.0,CAPT ANDY LAKE,,WDG4759,31,12,26,,,90,A
367539810,2022-01-03T07:56:25,29.70708,-95.04735,0.0,136.9,203.0,CAPT ANDY LAKE,,WDG4759,31,12,26,,,90,A
367539810,2022-01-03T07:43:44,29.70707,-95.04733,0.0,152.2,204.0,CAPT ANDY LAKE,,WDG4759,31,12,26,,,90,A
367539810,2022-01-03T08:35:34,29.70708,-95.04735,0.0,284.3,205.0,CAPT ANDY LAKE,,WDG4759,31,12,26,,,90,A
367539810,2022-01-03T08:15:46,29.70708,-95.04733,0.0,212.0,204.0,CAPT ANDY LAKE,,WDG4759,31,12,26,,,90,A
367539810,2022-01-03T07:59:55,29.70708,-95.04734,0.0,56.9,204.0,CAPT ANDY LAKE,,WDG4759,31,12,26,,,90,A
367539810,2022-01-03T08:01:26,29.70706,-95.04734,0.0,170.2,204.0,CAPT ANDY LAKE,,WDG4759,31,12,26,,,90,A
367539810,2022-01-03T08:39:16,29.70707,-95.04734,0.0,289.3,204.0,CAPT ANDY LAKE,,WDG4759,31,12,26,,,90,A
367539810,2022-01-03T08:02:35,29.70707,-95.04734,0.0,185.2,204.0,CAPT ANDY LAKE,,WDG4759,31,12,26,,,90,A
367539810,2022-01-03T08:40:25,29.70708,-95.04734,0.0,230.5,204.0,CAPT ANDY LAKE,,WDG4759,31,12,26,,,90,A
367539810,2022-01-03T08:03:46,29.70707,-95.04734,0.0,197.0,204.0,CAPT ANDY LAKE,,WDG4759,31,12,26,,,90,A
367539810,2022-01-03T08:45:04,29.70708,-95.04734,0.0,317.0,205.0,CAPT ANDY LAKE,,WDG4759,31,12,26,,,90,A
367539810,2022-01-03T08:06:04,29.70708,-95.04734,0.0,251.2,204.0,CAPT ANDY LAKE,,WDG4759,31,12,26,,,90,A
367539810,2022-01-03T08:23:54,29.70708,-95.04733,0.0,276.3,205.0,CAPT ANDY LAKE,,WDG4759,31,12,26,,,90,A
367539810,2022-01-03T08:08:25,29.70708,-95.04732,0.0,203.5,204.0,CAPT ANDY LAKE,,WDG4759,31,12,26,,,90,A
367539810,2022-01-03T08:12:15,29.70708,-95.04733,0.0,173.8,204.0,CAPT ANDY LAKE,,WDG4759,31,12,26,,,90,A
367539810,2022-01-03T08:48:35,29.70708,-95.04734,0.0,259.0,204.0,CAPT ANDY LAKE,,WDG4759,31,12,26,,,90,A
367539810,2022-01-03T08:16:54,29.70708,-95.04734,0.0,34.3,204.0,CAPT ANDY LAKE,,WDG4759,31,12,26,,,90,A
367539810,2022-01-03T08:31:55,29.70708,-95.04734,0.0,305.9,205.0,CAPT ANDY LAKE,,WDG4759,31,12,26,,,90,A
367539810,2022-01-03T08:57:15,29.70708,-95.04733,0.0,264.3,203.0,CAPT ANDY LAKE,,WDG4759,31,12,26,,,90,A
367539810,2022-01-03T08:18:04,29.70708,-95.04734,0.0,149.6,205.0,CAPT ANDY LAKE,,WDG4759,31,12,26,,,90,A
367539810,2022-01-03T04:06:15,29.70708,-95.04733,0.0,209.5,204.0,CAPT ANDY LAKE,,WDG4759,31,12,26,,,90,A
367539810,2022-01-03T08:22:45,29.70706,-95.04735,0.0,301.6,205.0,CAPT ANDY LAKE,,WDG4759,31,12,26,,,90,A
367539810,2022-01-03T09:01:25,29.70706,-95.04734,0.0,210.0,204.0,CAPT ANDY LAKE,,WDG4759,31,12,26,,,90,A
367539810,2022-01-03T09:02:36,29.70708,-95.04734,0.0,271.6,204.0,CAPT ANDY LAKE,,WDG4759,31,12,26,,,90,A
367539810,2022-01-03T09:03:44,29.70707,-95.04733,0.0,172.0,204.0,CAPT ANDY LAKE,,WDG4759,31,12,26,,,90,A
367539810,2022-01-03T08:24:55,29.70708,-95.04734,0.0,256.8,205.0,CAPT ANDY LAKE,,WDG4759,31,12,26,,,90,A
367539810,2022-01-03T08:09:36,29.70708,-95.04733,0.0,214.1,204.0,CAPT ANDY LAKE,,WDG4759,31,12,26,,,90,A
367539810,2022-01-03T09:09:35,29.70707,-95.04732,0.0,285.0,204.0,CAPT ANDY LAKE,,WDG4759,31,12,26,,,90,A
367539810,2022-01-03T08:27:16,29.70707,-95.04734,0.0,237.9,205.0,CAPT ANDY LAKE,,WDG4759,31,12,26,,,90,A
367539810,2022-01-03T08:13:24,29.70708,-95.04733,0.0,183.3,204.0,CAPT ANDY LAKE,,WDG4759,31,12,26,,,90,A
367539810,2022-01-03T08:46:14,29.70709,-95.04734,0.0,277.9,205.0,CAPT ANDY LAKE,,WDG4759,31,12,26,,,90,A
367539810,2022-01-03T08:36:54,29.70708,-95.04734,0.0,251.3,205.0,CAPT ANDY LAKE,,WDG4759,31,12,26,,,90,A
367539810,2022-01-03T08:19:15,29.70709,-95.04733,0.0,222.7,205.0,CAPT ANDY LAKE,,WDG4759,31,12,26,,,90,A
367539810,2022-01-03T08:41:36,29.70708,-95.04734,0.0,224.6,204.0,CAPT ANDY LAKE,,WDG4759,31,12,26,,,90,A
367539810,2022-01-03T08:21:34,29.70708,-95.04733,0.0,322.5,205.0,CAPT ANDY LAKE,,WDG4759,31,12,26,,,90,A
367539810,2022-01-03T08:42:45,29.70709,-95.04733,0.0,264.2,205.0,CAPT ANDY LAKE,,WDG4759,31,12,26,,,90,A
367539810,2022-01-03T08:38:04,29.70707,-95.04734,0.0,255.2,204.0,CAPT ANDY LAKE,,WDG4759,31,12,26,,,90,A
367539810,2022-01-03T04:14:44,29.70710,-95.04733,0.0,295.5,204.0,CAPT ANDY LAKE,,WDG4759,31,12,26,,,90,A
367539810,2022-01-03T08:54:24,29.70708,-95.04732,0.0,198.8,204.0,CAPT ANDY LAKE,,WDG4759,31,12,26,,,90,A
367539810,2022-01-03T08:43:55,29.70708,-95.04733,0.0,316.2,205.0,CAPT ANDY LAKE,,WDG4759,31,12,26,,,90,A
367539810,2022-01-03T09:25:45,29.70709,-95.04734,0.0,214.4,205.0,CAPT ANDY LAKE,,WDG4759,31,12,26,,,90,A
367539810,2022-01-03T08:26:04,29.70707,-95.04734,0.0,353.6,205.0,CAPT ANDY LAKE,,WDG4759,31,12,26,,,90,A
367539810,2022-01-03T08:56:04,29.70709,-95.04734,0.0,263.1,204.0,CAPT ANDY LAKE,,WDG4759,31,12,26,,,90,A
367539810,2022-01-03T08:58:25,29.70709,-95.04734,0.0,245.6,204.0,CAPT ANDY LAKE,,WDG4759,31,12,26,,,90,A
367539810,2022-01-03T08:28:26,29.70708,-95.04734,0.0,271.9,205.0,CAPT ANDY LAKE,,WDG4759,31,12,26,,,90,A
367539810,2022-01-03T08:29:36,29.70708,-95.04734,0.0,218.1,205.0,CAPT ANDY LAKE,,WDG4759,31,12,26,,,90,A
367539810,2022-01-03T08:47:25,29.70709,-95.04734,0.0,306.7,204.0,CAPT ANDY LAKE,,WDG4759,31,12,26,,,90,A
367539810,2022-01-03T08:52:04,29.70709,-95.04734,0.0,278.0,204.0,CAPT ANDY LAKE,,WDG4759,31,12,26,,,90,A
367539810,2022-01-03T08:30:45,29.70708,-95.04735,0.0,297.1,205.0,CAPT ANDY LAKE,,WDG4759,31,12,26,,,90,A
367539810,2022-01-03T08:34:24,29.70708,-95.04734,0.0,315.9,204.0,CAPT ANDY LAKE,,WDG4759,31,12,26,,,90,A
367539810,2022-01-03T09:34:25,29.70708,-95.04732,0.0,240.3,205.0,CAPT ANDY LAKE,,WDG4759,31,12,26,,,90,A
367539810,2022-01-03T09:35:55,29.70710,-95.04735,0.0,154.2,204.0,CAPT ANDY LAKE,,WDG4759,31,12,26,,,90,A
367539810,2022-01-03T09:06:05,29.70708,-95.04734,0.0,236.3,203.0,CAPT ANDY LAKE,,WDG4759,31,12,26,,,90,A
367539810,2022-01-03T09:38:34,29.70709,-95.04734,0.0,296.2,204.0,CAPT ANDY LAKE,,WDG4759,31,12,26,,,90,A
367539810,2022-01-03T08:50:55,29.70709,-95.04734,0.0,355.3,204.0,CAPT ANDY LAKE,,WDG4759,31,12,26,,,90,A
367539810,2022-01-03T09:39:44,29.70713,-95.04736,0.0,222.0,204.0,CAPT ANDY LAKE,,WDG4759,31,12,26,,,90,A
367539810,2022-01-03T08:53:14,29.70709,-95.04734,0.0,266.5,204.0,CAPT ANDY LAKE,,WDG4759,31,12,26,,,90,A
367539810,2022-01-03T08:59:36,29.70708,-95.04734,0.0,50.2,204.0,CAPT ANDY LAKE,,WDG4759,31,12,26,,,90,A
367539810,2022-01-03T09:47:55,29.70709,-95.04733,0.0,228.6,204.0,CAPT ANDY LAKE,,WDG4759,31,12,26,,,90,A
367539810,2022-01-03T09:14:14,29.70708,-95.04734,0.0,277.2,204.0,CAPT ANDY LAKE,,WDG4759,31,12,26,,,90,A
367539810,2022-01-03T08:49:44,29.70708,-95.04734,0.0,212.9,204.0,CAPT ANDY LAKE,,WDG4759,31,12,26,,,90,A
367539810,2022-01-03T09:55:55,29.70708,-95.04733,0.0,243.5,204.0,CAPT ANDY LAKE,,WDG4759,31,12,26,,,90,A
367539810,2022-01-03T09:59:24,29.70709,-95.04735,0.0,307.7,204.0,CAPT ANDY LAKE,,WDG4759,31,12,26,,,90,A
367539810,2022-01-03T09:23:36,29.70708,-95.04734,0.0,203.8,205.0,CAPT ANDY LAKE,,WDG4759,31,12,26,,,90,A
367539810,2022-01-03T04:34:15,29.70709,-95.04733,0.0,286.1,205.0,CAPT ANDY LAKE,,WDG4759,31,12,26,,,90,A
367539810,2022-01-03T09:11:55,29.70707,-95.04732,0.0,255.7,204.0,CAPT ANDY LAKE,,WDG4759,31,12,26,,,90,A
367539810,2022-01-03T10:00:55,29.70710,-95.04734,0.0,305.4,203.0,CAPT ANDY LAKE,,WDG4759,31,12,26,,,90,A
367539810,2022-01-03T09:13:04,29.70709,-95.04734,0.0,248.9,205.0,CAPT ANDY LAKE,,WDG4759,31,12,26,,,90,A
367539810,2022-01-03T09:20:05,29.70708,-95.04735,0.0,255.8,206.0,CAPT ANDY LAKE,,WDG4759,31,12,26,,,90,A
367539810,2022-01-03T10:04:25,29.70709,-95.04735,0.0,283.4,203.0,CAPT ANDY LAKE,,WDG4759,31,12,26,,,90,A
367539810,2022-01-03T09:16:35,29.70707,-95.04733,0.0,252.7,205.0,CAPT ANDY LAKE,,WDG4759,31,12,26,,,90,A
367539810,2022-01-03T09:31:35,29.70710,-95.04733,0.0,207.9,205.0,CAPT ANDY LAKE,,WDG4759,31,12,26,,,90,A
367539810,2022-01-03T09:18:55,29.70709,-95.04734,0.0,268.3,206.0,CAPT ANDY LAKE,,WDG4759,31,12,26,,,90,A
367539810,2022-01-03T09:22:24,29.70709,-95.04734,0.0,150.4,205.0,CAPT ANDY LAKE,,WDG4759,31,12,26,,,90,A
367539810,2022-01-03T09:17:45,29.70707,-95.04733,0.0,182.7,205.0,CAPT ANDY LAKE,,WDG4759,31,12,26,,,90,A
367539810,2022-01-03T10:11:26,29.70709,-95.04735,0.0,276.8,203.0,CAPT ANDY LAKE,,WDG4759,31,12,26,,,90,A
367539810,2022-01-03T09:07:15,29.70709,-95.04734,0.0,235.5,204.0,CAPT ANDY LAKE,,WDG4759,31,12,26,,,90,A
367539810,2022-01-03T09:28:04,29.70708,-95.04735,0.0,280.1,204.0,CAPT ANDY LAKE,,WDG4759,31,12,26,,,90,A
367539810,2022-01-03T09:08:26,29.70708,-95.04733,0.0,181.8,204.0,CAPT ANDY LAKE,,WDG4759,31,12,26,,,90,A
367539810,2022-01-03T09:26:55,29.70709,-95.04734,0.0,234.1,204.0,CAPT ANDY LAKE,,WDG4759,31,12,26,,,90,A
367539810,2022-01-03T04:41:55,29.70708,-95.04734,0.0,285.1,204.0,CAPT ANDY LAKE,,WDG4759,31,12,26,,,90,A
367539810,2022-01-03T09:30:25,29.70709,-95.04734,0.0,257.1,204.0,CAPT ANDY LAKE,,WDG4759,31,12,26,,,90,A
367539810,2022-01-03T09:42:05,29.70710,-95.04735,0.0,275.4,204.0,CAPT ANDY LAKE,,WDG4759,31,12,26,,,90,A
367539810,2022-01-03T09:15:25,29.70707,-95.04734,0.0,233.4,205.0,CAPT ANDY LAKE,,WDG4759,31,12,26,,,90,A
367539810,2022-01-03T09:40:55,29.70710,-95.04735,0.0,265.6,204.0,CAPT ANDY LAKE,,WDG4759,31,12,26,,,90,A
367539810,2022-01-03T09:21:15,29.70709,-95.04735,0.0,245.4,205.0,CAPT ANDY LAKE,,WDG4759,31,12,26,,,90,A
367539810,2022-01-03T09:37:25,29.70710,-95.04734,0.0,292.1,204.0,CAPT ANDY LAKE,,WDG4759,31,12,26,,,90,A
367539810,2022-01-03T09:45:35,29.70708,-95.04735,0.0,250.8,204.0,CAPT ANDY LAKE,,WDG4759,31,12,26,,,90,A
367539810,2022-01-03T09:24:44,29.70710,-95.04734,0.0,242.6,205.0,CAPT ANDY LAKE,,WDG4759,31,12,26,,,90,A
367539810,2022-01-03T10:30:04,29.70710,-95.04734,0.0,252.0,204.0,CAPT ANDY LAKE,,WDG4759,31,12,26,,,90,A
367539810,2022-01-03T09:46:44,29.70710,-95.04735,0.0,164.5,204.0,CAPT ANDY LAKE,,WDG4759,31,12,26,,,90,A
367539810,2022-01-03T09:43:15,29.70710,-95.04734,0.0,232.5,204.0,CAPT ANDY LAKE,,WDG4759,31,12,26,,,90,A
367539810,2022-01-03T09:29:14,29.70709,-95.04734,0.0,248.5,204.0,CAPT ANDY LAKE,,WDG4759,31,12,26,,,90,A
367539810,2022-01-03T10:35:34,29.70710,-95.04734,0.0,194.8,204.0,CAPT ANDY LAKE,,WDG4759,31,12,26,,,90,A
367539810,2022-01-03T09:32:44,29.70709,-95.04734,0.0,244.0,205.0,CAPT ANDY LAKE,,WDG4759,31,12,26,,,90,A
367539810,2022-01-03T09:54:46,29.70710,-95.04734,0.0,296.3,204.0,CAPT ANDY LAKE,,WDG4759,31,12,26,,,90,A
367539810,2022-01-03T09:50:14,29.70710,-95.04734,0.0,284.6,204.0,CAPT ANDY LAKE,,WDG4759,31,12,26,,,90,A
367539810,2022-01-03T09:51:16,29.70709,-95.04733,0.0,222.3,204.0,CAPT ANDY LAKE,,WDG4759,31,12,26,,,90,A
367539810,2022-01-03T09:52:26,29.70710,-95.04734,0.0,287.6,204.0,CAPT ANDY LAKE,,WDG4759,31,12,26,,,90,A
367539810,2022-01-03T09:53:36,29.70710,-95.04734,0.0,235.6,204.0,CAPT ANDY LAKE,,WDG4759,31,12,26,,,90,A
367539810,2022-01-03T10:42:16,29.70710,-95.04733,0.0,250.4,203.0,CAPT ANDY LAKE,,WDG4759,31,12,26,,,90,A
367539810,2022-01-03T09:57:04,29.70710,-95.04735,0.0,290.2,204.0,CAPT ANDY LAKE,,WDG4759,31,12,26,,,90,A
367539810,2022-01-03T10:44:35,29.70710,-95.04734,0.0,277.6,203.0,CAPT ANDY LAKE,,WDG4759,31,12,26,,,90,A
367539810,2022-01-03T10:45:46,29.70709,-95.04735,0.0,277.9,203.0,CAPT ANDY LAKE,,WDG4759,31,12,26,,,90,A
367539810,2022-01-03T10:12:36,29.70708,-95.04734,0.0,224.7,203.0,CAPT ANDY LAKE,,WDG4759,31,12,26,,,90,A
367539810,2022-01-03T09:44:25,29.70708,-95.04734,0.0,236.1,204.0,CAPT ANDY LAKE,,WDG4759,31,12,26,,,90,A
367539810,2022-01-03T10:09:06,29.70709,-95.04734,0.0,214.7,203.0,CAPT ANDY LAKE,,WDG4759,31,12,26,,,90,A
367539810,2022-01-03T09:49:05,29.70711,-95.04734,0.0,235.5,204.0,CAPT ANDY LAKE,,WDG4759,31,12,26,,,90,A
367539810,2022-01-03T10:05:35,29.70708,-95.04734,0.0,298.8,203.0,CAPT ANDY LAKE,,WDG4759,31,12,26,,,90,A
367539810,2022-01-03T10:07:55,29.70709,-95.04735,0.0,261.6,202.0,CAPT ANDY LAKE,,WDG4759,31,12,26,,,90,A
367539810,2022-01-03T05:06:05,29.70708,-95.04733,0.0,14.9,202.0,CAPT ANDY LAKE,,WDG4759,31,12,26,,,90,A
367539810,2022-01-03T10:13:44,29.70709,-95.04734,0.0,215.4,203.0,CAPT ANDY LAKE,,WDG4759,31,12,26,,,90,A
367539810,2022-01-03T05:08:35,29.70709,-95.04734,0.0,238.4,205.0,CAPT ANDY LAKE,,WDG4759,31,12,26,,,90,A
367539810,2022-01-03T10:18:14,29.70709,-95.04734,0.0,181.4,204.0,CAPT ANDY LAKE,,WDG4759,31,12,26,,,90,A
367539810,2022-01-03T10:19:36,29.70708,-95.04734,0.0,302.3,204.0,CAPT ANDY LAKE,,WDG4759,31,12,26,,,90,A
367539810,2022-01-03T10:02:06,29.70711,-95.04734,0.0,256.4,203.0,CAPT ANDY LAKE,,WDG4759,31,12,26,,,90,A
367539810,2022-01-03T10:15:56,29.70710,-95.04733,0.0,227.2,203.0,CAPT ANDY LAKE,,WDG4759,31,12,26,,,90,A
367539810,2022-01-03T10:06:44,29.70708,-95.04734,0.0,320.4,203.0,CAPT ANDY LAKE,,WDG4759,31,12,26,,,90,A
367539810,2022-01-03T10:20:46,29.70708,-95.04734,0.0,185.4,204.0,CAPT ANDY LAKE,,WDG4759,31,12,26,,,90,A
367539810,2022-01-03T10:23:04,29.70711,-95.04734,0.0,248.8,204.0,CAPT ANDY LAKE,,WDG4759,31,12,26,,,90,A
367539810,2022-01-03T11:09:05,29.70708,-95.04735,0.0,284.7,204.0,CAPT ANDY LAKE,,WDG4759,31,12,26,,,90,A
367539810,2022-01-03T10:14:55,29.70709,-95.04733,0.0,300.2,203.0,CAPT ANDY LAKE,,WDG4759,31,12,26,,,90,A
367539810,2022-01-03T05:20:35,29.70708,-95.04734,0.0,302.9,204.0,CAPT ANDY LAKE,,WDG4759,31,12,26,,,90,A
367539810,2022-01-03T10:17:04,29.70709,-95.04733,0.0,226.7,203.0,CAPT ANDY LAKE,,WDG4759,31,12,26,,,90,A
367539810,2022-01-03T10:36:44,29.70709,-95.04735,0.0,236.8,203.0,CAPT ANDY LAKE,,WDG4759,31,12,26,,,90,A
367539810,2022-01-03T10:26:34,29.70711,-95.04734,0.0,196.3,204.0,CAPT ANDY LAKE,,WDG4759,31,12,26,,,90,A
367539810,2022-01-03T10:27:44,29.70710,-95.04733,0.0,199.0,204.0,CAPT ANDY LAKE,,WDG4759,31,12,26,,,90,A
367539810,2022-01-03T10:21:55,29.70710,-95.04735,0.0,233.0,204.0,CAPT ANDY LAKE,,WDG4759,31,12,26,,,90,A
367539810,2022-01-03T11:19:15,29.70710,-95.04731,0.0,269.6,203.0,CAPT ANDY LAKE,,WDG4759,31,12,26,,,90,A
367539810,2022-01-03T10:24:14,29.70709,-95.04734,0.0,239.8,203.0,CAPT ANDY LAKE,,WDG4759,31,12,26,,,90,A
367539810,2022-01-03T10:31:16,29.70709,-95.04735,0.0,278.1,204.0,CAPT ANDY LAKE,,WDG4759,31,12,26,,,90,A
367539810,2022-01-03T10:32:25,29.70709,-95.04734,0.0,244.4,204.0,CAPT ANDY LAKE,,WDG4759,31,12,26,,,90,A
367539810,2022-01-03T10:51:35,29.70709,-95.04733,0.0,260.1,203.0,CAPT ANDY LAKE,,WDG4759,31,12,26,,,90,A
367539810,2022-01-03T10:28:56,29.70710,-95.04734,0.0,228.4,204.0,CAPT ANDY LAKE,,WDG4759,31,12,26,,,90,A
367539810,2022-01-03T10:39:55,29.70710,-95.04733,0.0,292.4,202.0,CAPT ANDY LAKE,,WDG4759,31,12,26,,,90,A
367539810,2022-01-03T10:49:24,29.70708,-95.04734,0.0,265.2,203.0,CAPT ANDY LAKE,,WDG4759,31,12,26,,,90,A
367539810,2022-01-03T10:50:34,29.70708,-95.04733,0.0,311.8,204.0,CAPT ANDY LAKE,,WDG4759,31,12,26,,,90,A
367539810,2022-01-03T10:37:45,29.70709,-95.04734,0.0,246.5,203.0,CAPT ANDY LAKE,,WDG4759,31,12,26,,,90,A
367539810,2022-01-03T10:38:54,29.70708,-95.04734,0.0,298.8,202.0,CAPT ANDY LAKE,,WDG4759,31,12,26,,,90,A
367539810,2022-01-03T10:57:14,29.70708,-95.04735,0.0,250.2,204.0,CAPT ANDY LAKE,,WDG4759,31,12,26,,,90,A
367539810,2022-01-03T11:29:44,29.70709,-95.04734,0.0,294.7,204.0,CAPT ANDY LAKE,,WDG4759,31,12,26,,,90,A
367539810,2022-01-03T05:30:15,29.70709,-95.04734,0.0,268.6,205.0,CAPT ANDY LAKE,,WDG4759,31,12,26,,,90,A
367539810,2022-01-03T10:41:05,29.70711,-95.04733,0.0,273.4,203.0,CAPT ANDY LAKE,,WDG4759,31,12,26,,,90,A
367539810,2022-01-03T10:33:34,29.70709,-95.04734,0.0,219.2,204.0,CAPT ANDY LAKE,,WDG4759,31,12,26,,,90,A
367539810,2022-01-03T10:46:55,29.70709,-95.04733,0.0,294.0,203.0,CAPT ANDY LAKE,,WDG4759,31,12,26,,,90,A
367539810,2022-01-03T11:37:15,29.70708,-95.04733,0.0,303.0,204.0,CAPT ANDY LAKE,,WDG4759,31,12,26,,,90,A
367539810,2022-01-03T10:43:25,29.70709,-95.04734,0.0,268.1,203.0,CAPT ANDY LAKE,,WDG4759,31,12,26,,,90,A
367539810,2022-01-03T11:03:16,29.70710,-95.04732,0.0,234.8,204.0,CAPT ANDY LAKE,,WDG4759,31,12,26,,,90,A
367539810,2022-01-03T10:48:15,29.70709,-95.04734,0.0,263.5,203.0,CAPT ANDY LAKE,,WDG4759,31,12,26,,,90,A
367539810,2022-01-03T10:52:44,29.70709,-95.04734,0.0,255.5,204.0,CAPT ANDY LAKE,,WDG4759,31,12,26,,,90,A
367539810,2022-01-03T11:04:24,29.70710,-95.04733,0.0,240.7,204.0,CAPT ANDY LAKE,,WDG4759,31,12,26,,,90,A
367539810,2022-01-03T11:05:35,29.70707,-95.04733,0.0,286.4,204.0,CAPT ANDY LAKE,,WDG4759,31,12,26,,,90,A
367539810,2022-01-03T11:10:14,29.70708,-95.04732,0.0,273.9,204.0,CAPT ANDY LAKE,,WDG4759,31,12,26,,,90,A
367539810,2022-01-03T11:11:26,29.70709,-95.04734,0.0,257.4,204.0,CAPT ANDY LAKE,,WDG4759,31,12,26,,,90,A
367539810,2022-01-03T11:47:34,29.70709,-95.04735,0.0,304.8,204.0,CAPT ANDY LAKE,,WDG4759,31,12,26,,,90,A
367539810,2022-01-03T11:07:54,29.70709,-95.04733,0.0,249.4,204.0,CAPT ANDY LAKE,,WDG4759,31,12,26,,,90,A
367539810,2022-01-03T10:56:05,29.70709,-95.04734,0.0,263.5,204.0,CAPT ANDY LAKE,,WDG4759,31,12,26,,,90,A
367539810,2022-01-03T11:48:45,29.70711,-95.04735,0.0,304.2,205.0,CAPT ANDY LAKE,,WDG4759,31,12,26,,,90,A
367539810,2022-01-03T10:54:55,29.70708,-95.04735,0.0,266.7,204.0,CAPT ANDY LAKE,,WDG4759,31,12,26,,,90,A
367539810,2022-01-03T11:06:44,29.70709,-95.04733,0.0,267.1,204.0,CAPT ANDY LAKE,,WDG4759,31,12,26,,,90,A
367539810,2022-01-03T10:59:24,29.70709,-95.04735,0.0,248.4,204.0,CAPT ANDY LAKE,,WDG4759,31,12,26,,,90,A
367539810,2022-01-03T10:53:54,29.70708,-95.04735,0.0,265.5,204.0,CAPT ANDY LAKE,,WDG4759,31,12,26,,,90,A
367539810,2022-01-03T11:53:14,29.70709,-95.04735,0.0,316.6,205.0,CAPT ANDY LAKE,,WDG4759,31,12,26,,,90,A
367539810,2022-01-03T11:00:55,29.70710,-95.04735,0.0,261.1,204.0,CAPT ANDY LAKE,,WDG4759,31,12,26,,,90,A
367539810,2022-01-03T11:02:04,29.70709,-95.04734,0.0,280.6,204.0,CAPT ANDY LAKE,,WDG4759,31,12,26,,,90,A
367539810,2022-01-03T11:18:14,29.70707,-95.04735,0.0,267.7,205.0,CAPT ANDY LAKE,,WDG4759,31,12,26,,,90,A
367539810,2022-01-03T11:12:35,29.70709,-95.04733,0.0,266.3,204.0,CAPT ANDY LAKE,,WDG4759,31,12,26,,,90,A
367539810,2022-01-03T11:21:35,29.70709,-95.04734,0.0,255.7,204.0,CAPT ANDY LAKE,,WDG4759,31,12,26,,,90,A
367539810,2022-01-03T11:13:45,29.70710,-95.04733,0.0,268.6,204.0,CAPT ANDY LAKE,,WDG4759,31,12,26,,,90,A
367539810,2022-01-03T11:22:45,29.70708,-95.04734,0.0,268.4,204.0,CAPT ANDY LAKE,,WDG4759,31,12,26,,,90,A
367539810,2022-01-03T11:14:54,29.70709,-95.04733,0.0,256.1,204.0,CAPT ANDY LAKE,,WDG4759,31,12,26,,,90,A
367539810,2022-01-03T11:32:05,29.70706,-95.04734,0.0,282.5,204.0,CAPT ANDY LAKE,,WDG4759,31,12,26,,,90,A
367539810,2022-01-03T11:17:05,29.70708,-95.04734,0.0,256.8,204.0,CAPT ANDY LAKE,,WDG4759,31,12,26,,,90,A
367539810,2022-01-03T11:26:16,29.70709,-95.04733,0.0,298.6,204.0,CAPT ANDY LAKE,,WDG4759,31,12,26,,,90,A
367539810,2022-01-03T11:16:04,29.70709,-95.04734,0.0,279.7,204.0,CAPT ANDY LAKE,,WDG4759,31,12,26,,,90,A
367539810,2022-01-03T12:14:55,29.70708,-95.04735,0.0,261.6,204.0,CAPT ANDY LAKE,,WDG4759,31,12,26,,,90,A
367539810,2022-01-03T11:41:54,29.70708,-95.04733,0.0,303.1,204.0,CAPT ANDY LAKE,,WDG4759,31,12,26,,,90,A
367539810,2022-01-03T11:36:04,29.70707,-95.04733,0.0,279.6,204.0,CAPT ANDY LAKE,,WDG4759,31,12,26,,,90,A
367539810,2022-01-03T11:20:25,29.70708,-95.04735,0.0,270.2,204.0,CAPT ANDY LAKE,,WDG4759,31,12,26,,,90,A
367539810,2022-01-03T11:23:56,29.70709,-95.04733,0.0,262.4,204.0,CAPT ANDY LAKE,,WDG4759,31,12,26,,,90,A
367539810,2022-01-03T11:45:15,29.70710,-95.04731,0.0,294.1,205.0,CAPT ANDY LAKE,,WDG4759,31,12,26,,,90,A
367539810,2022-01-03T11:46:24,29.70711,-95.04734,0.0,297.9,205.0,CAPT ANDY LAKE,,WDG4759,31,12,26,,,90,A
367539810,2022-01-03T11:28:34,29.70708,-95.04733,0.0,272.0,204.0,CAPT ANDY LAKE,,WDG4759,31,12,26,,,90,A
367539810,2022-01-03T12:23:15,29.70708,-95.04732,0.0,217.5,203.0,CAPT ANDY LAKE,,WDG4759,31,12,26,,,90,A
367539810,2022-01-03T11:25:06,29.70706,-95.04735,0.0,265.3,203.0,CAPT ANDY LAKE,,WDG4759,31,12,26,,,90,A
367539810,2022-01-03T11:39:34,29.70709,-95.04734,0.0,306.0,204.0,CAPT ANDY LAKE,,WDG4759,31,12,26,,,90,A
367539810,2022-01-03T12:28:25,29.70708,-95.04733,0.0,261.6,204.0,CAPT ANDY LAKE,,WDG4759,31,12,26,,,90,A
367539810,2022-01-03T11:30:55,29.70708,-95.04734,0.0,230.3,204.0,CAPT ANDY LAKE,,WDG4759,31,12,26,,,90,A
367539810,2022-01-03T11:51:04,29.70710,-95.04735,0.0,300.9,205.0,CAPT ANDY LAKE,,WDG4759,31,12,26,,,90,A
367539810,2022-01-03T05:58:05,29.70708,-95.04733,0.0,305.1,204.0,CAPT ANDY LAKE,,WDG4759,31,12,26,,,90,A
367539810,2022-01-03T11:34:25,29.70708,-95.04734,0.0,319.0,204.0,CAPT ANDY LAKE,,WDG4759,31,12,26,,,90,A
367539810,2022-01-03T12:31:55,29.70708,-95.04733,0.0,285.4,204.0,CAPT ANDY LAKE,,WDG4759,31,12,26,,,90,A
367539810,2022-01-03T11:40:45,29.70709,-95.04734,0.0,311.6,204.0,CAPT ANDY LAKE,,WDG4759,31,12,26,,,90,A
367539810,2022-01-03T05:59:14,29.70708,-95.04732,0.0,352.3,204.0,CAPT ANDY LAKE,,WDG4759,31,12,26,,,90,A
367539810,2022-01-03T11:38:24,29.70707,-95.04735,0.0,279.7,204.0,CAPT ANDY LAKE,,WDG4759,31,12,26,,,90,A
367539810,2022-01-03T11:55:34,29.70708,-95.04733,0.0,226.0,205.0,CAPT ANDY LAKE,,WDG4759,31,12,26,,,90,A
367539810,2022-01-03T11:56:45,29.70708,-95.04733,0.0,243.7,204.0,CAPT ANDY LAKE,,WDG4759,31,12,26,,,90,A
367539810,2022-01-03T12:39:25,29.70709,-95.04734,0.0,230.7,204.0,CAPT ANDY LAKE,,WDG4759,31,12,26,,,90,A
367539810,2022-01-03T12:40:35,29.70709,-95.04734,0.0,258.5,204.0,CAPT ANDY LAKE,,WDG4759,31,12,26,,,90,A
367539810,2022-01-03T11:59:05,29.70707,-95.04735,0.0,245.5,204.0,CAPT ANDY LAKE,,WDG4759,31,12,26,,,90,A
367539810,2022-01-03T11:52:05,29.70709,-95.04734,0.0,306.7,205.0,CAPT ANDY LAKE,,WDG4759,31,12,26,,,90,A
367539810,2022-01-03T11:44:05,29.70709,-95.04733,0.0,320.1,205.0,CAPT ANDY LAKE,,WDG4759,31,12,26,,,90,A
367539810,2022-01-03T12:08:55,29.70708,-95.04733,0.0,264.4,204.0,CAPT ANDY LAKE,,WDG4759,31,12,26,,,90,A
367539810,2022-01-03T12:10:04,29.70708,-95.04733,0.0,325.1,204.0,CAPT ANDY LAKE,,WDG4759,31,12,26,,,90,A
367539810,2022-01-03T12:45:14,29.70709,-95.04734,0.0,5.7,203.0,CAPT ANDY LAKE,,WDG4759,31,12,26,,,90,A
367539810,2022-01-03T12:02:04,29.70708,-95.04733,0.0,249.5,204.0,CAPT ANDY LAKE,,WDG4759,31,12,26,,,90,A
367539810,2022-01-03T12:04:25,29.70708,-95.04733,0.0,260.7,204.0,CAPT ANDY LAKE,,WDG4759,31,12,26,,,90,A
367539810,2022-01-03T11:49:54,29.70710,-95.04736,0.0,305.9,205.0,CAPT ANDY LAKE,,WDG4759,31,12,26,,,90,A
367539810,2022-01-03T12:05:36,29.70708,-95.04733,0.0,252.7,204.0,CAPT ANDY LAKE,,WDG4759,31,12,26,,,90,A
367539810,2022-01-03T12:00:55,29.70708,-95.04733,0.0,263.5,204.0,CAPT ANDY LAKE,,WDG4759,31,12,26,,,90,A
367539810,2022-01-03T11:54:25,29.70710,-95.04733,0.0,310.4,205.0,CAPT ANDY LAKE,,WDG4759,31,12,26,,,90,A
367539810,2022-01-03T11:57:55,29.70707,-95.04735,0.0,242.3,204.0,CAPT ANDY LAKE,,WDG4759,31,12,26,,,90,A
367539810,2022-01-03T12:06:45,29.70708,-95.04733,0.0,274.9,204.0,CAPT ANDY LAKE,,WDG4759,31,12,26,,,90,A
367539810,2022-01-03T12:07:54,29.70708,-95.04734,0.0,247.7,204.0,CAPT ANDY LAKE,,WDG4759,31,12,26,,,90,A
367539810,2022-01-03T12:21:54,29.70709,-95.04733,0.0,232.1,202.0,CAPT ANDY LAKE,,WDG4759,31,12,26,,,90,A
367539810,2022-01-03T12:59:25,29.70709,-95.04733,0.0,228.5,205.0,CAPT ANDY LAKE,,WDG4759,31,12,26,,,90,A
367539810,2022-01-03T12:17:15,29.70708,-95.04733,0.0,220.8,205.0,CAPT ANDY LAKE,,WDG4759,31,12,26,,,90,A
367539810,2022-01-03T13:04:54,29.70710,-95.04734,0.0,334.4,205.0,CAPT ANDY LAKE,,WDG4759,31,12,26,,,90,A
367539810,2022-01-03T12:11:15,29.70708,-95.04734,0.0,252.9,204.0,CAPT ANDY LAKE,,WDG4759,31,12,26,,,90,A
367539810,2022-01-03T12:25:54,29.70708,-95.04733,0.0,248.2,203.0,CAPT ANDY LAKE,,WDG4759,31,12,26,,,90,A
367539810,2022-01-03T12:27:15,29.70708,-95.04732,0.0,244.6,204.0,CAPT ANDY LAKE,,WDG4759,31,12,26,,,90,A
367539810,2022-01-03T06:18:56,29.70708,-95.04734,0.0,260.8,204.0,CAPT ANDY LAKE,,WDG4759,31,12,26,,,90,A
367539810,2022-01-03T12:24:45,29.70708,-95.04733,0.0,215.2,203.0,CAPT ANDY LAKE,,WDG4759,31,12,26,,,90,A
367539810,2022-01-03T12:16:06,29.70708,-95.04733,0.0,266.1,204.0,CAPT ANDY LAKE,,WDG4759,31,12,26,,,90,A
367539810,2022-01-03T12:19:35,29.70708,-95.04733,0.0,23.5,201.0,CAPT ANDY LAKE,,WDG4759,31,12,26,,,90,A
367539810,2022-01-03T13:18:45,29.70709,-95.04735,0.0,216.0,205.0,CAPT ANDY LAKE,,WDG4759,31,12,26,,,90,A
367539810,2022-01-03T12:42:55,29.70708,-95.04734,0.0,310.7,204.0,CAPT ANDY LAKE,,WDG4759,31,12,26,,,90,A
367539810,2022-01-03T12:35:55,29.70708,-95.04734,0.0,266.9,203.0,CAPT ANDY LAKE,,WDG4759,31,12,26,,,90,A
367539810,2022-01-03T12:30:45,29.70709,-95.04733,0.0,260.0,204.0,CAPT ANDY LAKE,,WDG4759,31,12,26,,,90,A
367539810,2022-01-03T12:20:45,29.70709,-95.04734,0.0,234.7,202.0,CAPT ANDY LAKE,,WDG4759,31,12,26,,,90,A
367539810,2022-01-03T12:34:35,29.70708,-95.04734,0.0,275.9,204.0,CAPT ANDY LAKE,,WDG4759,31,12,26,,,90,A
367539810,2022-01-03T12:50:06,29.70710,-95.04734,0.0,7.9,202.0,CAPT ANDY LAKE,,WDG4759,31,12,26,,,90,A
367539810,2022-01-03T12:41:44,29.70708,-95.04734,0.0,274.6,204.0,CAPT ANDY LAKE,,WDG4759,31,12,26,,,90,A
367539810,2022-01-03T12:29:35,29.70708,-95.04734,0.0,272.8,204.0,CAPT ANDY LAKE,,WDG4759,31,12,26,,,90,A
367539810,2022-01-03T06:24:44,29.70708,-95.04734,0.0,248.2,204.0,CAPT ANDY LAKE,,WDG4759,31,12,26,,,90,A
367539810,2022-01-03T12:46:25,29.70709,-95.04734,0.0,229.4,202.0,CAPT ANDY LAKE,,WDG4759,31,12,26,,,90,A
367539810,2022-01-03T12:44:05,29.70709,-95.04734,0.0,296.5,204.0,CAPT ANDY LAKE,,WDG4759,31,12,26,,,90,A
367539810,2022-01-03T12:38:24,29.70708,-95.04735,0.0,251.2,204.0,CAPT ANDY LAKE,,WDG4759,31,12,26,,,90,A
367539810,2022-01-03T13:37:14,29.70709,-95.04734,0.0,227.0,204.0,CAPT ANDY LAKE,,WDG4759,31,12,26,,,90,A
367539810,2022-01-03T06:27:04,29.70709,-95.04735,0.0,231.3,204.0,CAPT ANDY LAKE,,WDG4759,31,12,26,,,90,A
367539810,2022-01-03T12:54:55,29.70711,-95.04734,0.0,215.1,204.0,CAPT ANDY LAKE,,WDG4759,31,12,26,,,90,A
367539810,2022-01-03T12:51:14,29.70709,-95.04733,0.0,215.3,203.0,CAPT ANDY LAKE,,WDG4759,31,12,26,,,90,A
367539810,2022-01-03T12:57:14,29.70710,-95.04732,0.0,228.3,203.0,CAPT ANDY LAKE,,WDG4759,31,12,26,,,90,A
367539810,2022-01-03T12:58:15,29.70709,-95.04733,0.0,240.7,205.0,CAPT ANDY LAKE,,WDG4759,31,12,26,,,90,A
367539810,2022-01-03T13:08:25,29.70710,-95.04732,0.0,10.0,202.0,CAPT ANDY LAKE,,WDG4759,31,12,26,,,90,A
367539810,2022-01-03T13:47:35,29.70709,-95.04734,0.0,3.0,204.0,CAPT ANDY LAKE,,WDG4759,31,12,26,,,90,A
367539810,2022-01-03T13:48:44,29.70709,-95.04734,0.0,32.8,203.0,CAPT ANDY LAKE,,WDG4759,31,12,26,,,90,A
367539810,2022-01-03T13:02:36,29.70710,-95.04733,0.0,270.5,204.0,CAPT ANDY LAKE,,WDG4759,31,12,26,,,90,A
367539810,2022-01-03T12:48:55,29.70711,-95.04734,0.0,219.7,203.0,CAPT ANDY LAKE,,WDG4759,31,12,26,,,90,A
367539810,2022-01-03T12:52:34,29.70710,-95.04733,0.0,23.0,202.0,CAPT ANDY LAKE,,WDG4759,31,12,26,,,90,A
367539810,2022-01-03T13:52:14,29.70708,-95.04734,0.0,287.3,202.0,CAPT ANDY LAKE,,WDG4759,31,12,26,,,90,A
367539810,2022-01-03T12:53:45,29.70713,-95.04734,0.0,278.2,202.0,CAPT ANDY LAKE,,WDG4759,31,12,26,,,90,A
367539810,2022-01-03T13:54:34,29.70708,-95.04734,0.0,291.0,203.0,CAPT ANDY LAKE,,WDG4759,31,12,26,,,90,A
367539810,2022-01-03T12:56:05,29.70712,-95.04734,0.0,170.4,204.0,CAPT ANDY LAKE,,WDG4759,31,12,26,,,90,A
367539810,2022-01-03T13:09:34,29.70710,-95.04733,0.0,214.7,203.0,CAPT ANDY LAKE,,WDG4759,31,12,26,,,90,A
367539810,2022-01-03T13:11:55,29.70709,-95.04733,0.0,216.7,202.0,CAPT ANDY LAKE,,WDG4759,31,12,26,,,90,A
367539810,2022-01-03T13:07:14,29.70708,-95.04732,0.0,200.6,203.0,CAPT ANDY LAKE,,WDG4759,31,12,26,,,90,A
367539810,2022-01-03T13:13:05,29.70708,-95.04733,0.0,224.4,205.0,CAPT ANDY LAKE,,WDG4759,31,12,26,,,90,A
367539810,2022-01-03T14:01:16,29.70709,-95.04734,0.0,249.3,204.0,CAPT ANDY LAKE,,WDG4759,31,12,26,,,90,A
367539810,2022-01-03T13:00:25,29.70710,-95.04733,0.0,224.7,204.0,CAPT ANDY LAKE,,WDG4759,31,12,26,,,90,A
367539810,2022-01-03T13:03:45,29.70709,-95.04732,0.0,221.0,204.0,CAPT ANDY LAKE,,WDG4759,31,12,26,,,90,A
367539810,2022-01-03T13:14:14,29.70708,-95.04733,0.0,279.7,205.0,CAPT ANDY LAKE,,WDG4759,31,12,26,,,90,A
367539810,2022-01-03T14:09:26,29.70710,-95.04733,0.0,75.3,203.0,CAPT ANDY LAKE,,WDG4759,31,12,26,,,90,A
367539810,2022-01-03T13:22:06,29.70710,-95.04734,0.0,275.6,202.0,CAPT ANDY LAKE,,WDG4759,31,12,26,,,90,A
367539810,2022-01-03T14:10:35,29.70709,-95.04733,0.0,181.1,204.0,CAPT ANDY LAKE,,WDG4759,31,12,26,,,90,A
367539810,2022-01-03T13:23:14,29.70708,-95.04735,0.0,209.0,203.0,CAPT ANDY LAKE,,WDG4759,31,12,26,,,90,A
367539810,2022-01-03T13:06:05,29.70708,-95.04733,0.0,309.3,204.0,CAPT ANDY LAKE,,WDG4759,31,12,26,,,90,A
367539810,2022-01-03T14:12:56,29.70708,-95.04734,0.0,18.2,204.0,CAPT ANDY LAKE,,WDG4759,31,12,26,,,90,A
367539810,2022-01-03T13:20:55,29.70710,-95.04735,0.0,341.3,202.0,CAPT ANDY LAKE,,WDG4759,31,12,26,,,90,A
367539810,2022-01-03T13:30:05,29.70708,-95.04733,0.0,212.3,202.0,CAPT ANDY LAKE,,WDG4759,31,12,26,,,90,A
367539810,2022-01-03T13:17:35,29.70710,-95.04735,0.0,271.5,204.0,CAPT ANDY LAKE,,WDG4759,31,12,26,,,90,A
367539810,2022-01-03T13:15:25,29.70708,-95.04734,0.0,247.6,205.0,CAPT ANDY LAKE,,WDG4759,31,12,26,,,90,A
367539810,2022-01-03T13:25:34,29.70709,-95.04734,0.0,139.2,202.0,CAPT ANDY LAKE,,WDG4759,31,12,26,,,90,A
367539810,2022-01-03T13:19:54,29.70710,-95.04735,0.0,302.4,204.0,CAPT ANDY LAKE,,WDG4759,31,12,26,,,90,A
367539810,2022-01-03T13:27:45,29.70709,-95.04734,0.0,237.3,202.0,CAPT ANDY LAKE,,WDG4759,31,12,26,,,90,A
367539810,2022-01-03T14:26:54,29.70708,-95.04734,0.0,199.5,205.0,CAPT ANDY LAKE,,WDG4759,31,12,26,,,90,A
367539810,2022-01-03T13:24:26,29.70710,-95.04734,0.0,335.5,202.0,CAPT ANDY LAKE,,WDG4759,31,12,26,,,90,A
367539810,2022-01-03T13:40:45,29.70709,-95.04735,0.0,273.2,205.0,CAPT ANDY LAKE,,WDG4759,31,12,26,,,90,A
367539810,2022-01-03T13:26:44,29.70709,-95.04734,0.0,249.4,202.0,CAPT ANDY LAKE,,WDG4759,31,12,26,,,90,A
367539810,2022-01-03T14:32:46,29.70708,-95.04735,0.0,273.8,203.0,CAPT ANDY LAKE,,WDG4759,31,12,26,,,90,A
367539810,2022-01-03T13:28:55,29.70708,-95.04735,0.0,295.5,202.0,CAPT ANDY LAKE,,WDG4759,31,12,26,,,90,A
367539810,2022-01-03T13:45:15,29.70710,-95.04734,0.0,307.9,204.0,CAPT ANDY LAKE,,WDG4759,31,12,26,,,90,A
367539810,2022-01-03T13:35:56,29.70709,-95.04733,0.0,64.1,201.0,CAPT ANDY LAKE,,WDG4759,31,12,26,,,90,A
367539810,2022-01-03T13:31:15,29.70710,-95.04733,0.0,307.6,201.0,CAPT ANDY LAKE,,WDG4759,31,12,26,,,90,A
367539810,2022-01-03T13:38:26,29.70709,-95.04734,0.0,204.7,204.0,CAPT ANDY LAKE,,WDG4759,31,12,26,,,90,A
367539810,2022-01-03T06:47:44,29.70709,-95.04733,0.0,235.3,203.0,CAPT ANDY LAKE,,WDG4759,31,12,26,,,90,A
367539810,2022-01-03T13:33:34,29.70710,-95.04733,0.0,156.3,200.0,CAPT ANDY LAKE,,WDG4759,31,12,26,,,90,A
367539810,2022-01-03T14:39:34,29.70709,-95.04733,0.0,255.0,205.0,CAPT ANDY LAKE,,WDG4759,31,12,26,,,90,A
367539810,2022-01-03T13:53:25,29.70708,-95.04735,0.0,196.6,204.0,CAPT ANDY LAKE,,WDG4759,31,12,26,,,90,A
367539810,2022-01-03T13:41:56,29.70709,-95.04735,0.0,256.1,205.0,CAPT ANDY LAKE,,WDG4759,31,12,26,,,90,A
367539810,2022-01-03T14:07:05,29.70709,-95.04734,0.0,85.1,204.0,CAPT ANDY LAKE,,WDG4759,31,12,26,,,90,A
367539810,2022-01-03T13:56:55,29.70708,-95.04734,0.0,208.5,204.0,CAPT ANDY LAKE,,WDG4759,31,12,26,,,90,A
367539810,2022-01-03T13:59:16,29.70710,-95.04734,0.0,230.6,204.0,CAPT ANDY LAKE,,WDG4759,31,12,26,,,90,A
367539810,2022-01-03T13:44:05,29.70709,-95.04734,0.0,311.2,204.0,CAPT ANDY LAKE,,WDG4759,31,12,26,,,90,A
367539810,2022-01-03T13:46:24,29.70709,-95.04735,0.0,289.9,204.0,CAPT ANDY LAKE,,WDG4759,31,12,26,,,90,A
367539810,2022-01-03T06:53:25,29.70708,-95.04734,0.0,251.5,204.0,CAPT ANDY LAKE,,WDG4759,31,12,26,,,90,A
367539810,2022-01-03T14:04:45,29.70709,-95.04735,0.0,358.8,204.0,CAPT ANDY LAKE,,WDG4759,31,12,26,,,90,A
367539810,2022-01-03T14:19:56,29.70708,-95.04734,0.1,213.5,203.0,CAPT ANDY LAKE,,WDG4759,31,12,26,,,90,A
367539810,2022-01-03T13:49:55,29.70709,-95.04735,0.0,42.8,204.0,CAPT ANDY LAKE,,WDG4759,31,12,26,,,90,A
367539810,2022-01-03T13:51:05,29.70709,-95.04734,0.0,265.4,202.0,CAPT ANDY LAKE,,WDG4759,31,12,26,,,90,A
367539810,2022-01-03T14:00:05,29.70709,-95.04734,0.0,269.5,204.0,CAPT ANDY LAKE,,WDG4759,31,12,26,,,90,A
367539810,2022-01-03T14:24:35,29.70708,-95.04734,0.0,225.6,204.0,CAPT ANDY LAKE,,WDG4759,31,12,26,,,90,A
367539810,2022-01-03T14:03:34,29.70709,-95.04735,0.0,354.6,204.0,CAPT ANDY LAKE,,WDG4759,31,12,26,,,90,A
367539810,2022-01-03T14:05:55,29.70709,-95.04734,0.0,19.1,204.0,CAPT ANDY LAKE,,WDG4759,31,12,26,,,90,A
367539810,2022-01-03T15:00:55,29.70710,-95.04732,0.0,267.9,203.0,CAPT ANDY LAKE,,WDG4759,31,12,26,,,90,A
367539810,2022-01-03T15:05:26,29.70709,-95.04733,0.0,219.9,205.0,CAPT ANDY LAKE,,WDG4759,31,12,26,,,90,A
367539810,2022-01-03T14:34:25,29.70707,-95.04736,0.0,234.9,204.0,CAPT ANDY LAKE,,WDG4759,31,12,26,,,90,A
367539810,2022-01-03T14:22:16,29.70708,-95.04733,0.0,26.6,203.0,CAPT ANDY LAKE,,WDG4759,31,12,26,,,90,A
367539810,2022-01-03T14:15:16,29.70709,-95.04734,0.0,337.6,203.0,CAPT ANDY LAKE,,WDG4759,31,12,26,,,90,A
367539810,2022-01-03T14:08:16,29.70709,-95.04734,0.0,175.0,204.0,CAPT ANDY LAKE,,WDG4759,31,12,26,,,90,A
367539810,2022-01-03T14:21:05,29.70709,-95.04734,0.0,230.5,204.0,CAPT ANDY LAKE,,WDG4759,31,12,26,,,90,A
367539810,2022-01-03T14:11:46,29.70708,-95.04733,0.0,256.5,202.0,CAPT ANDY LAKE,,WDG4759,31,12,26,,,90,A
367539810,2022-01-03T14:46:34,29.70712,-95.04734,0.0,254.1,204.0,CAPT ANDY LAKE,,WDG4759,31,12,26,,,90,A
367539810,2022-01-03T14:29:16,29.70709,-95.04733,0.0,223.0,204.0,CAPT ANDY LAKE,,WDG4759,31,12,26,,,90,A
367539810,2022-01-03T14:14:05,29.70709,-95.04733,0.0,5.7,203.0,CAPT ANDY LAKE,,WDG4759,31,12,26,,,90,A
367539810,2022-01-03T14:23:25,29.70708,-95.04734,0.0,228.1,204.0,CAPT ANDY LAKE,,WDG4759,31,12,26,,,90,A
367539810,2022-01-03T14:16:25,29.70710,-95.04734,0.1,34.5,203.0,CAPT ANDY LAKE,,WDG4759,31,12,26,,,90,A
367539810,2022-01-03T15:19:24,29.70709,-95.04733,0.0,269.0,203.0,CAPT ANDY LAKE,,WDG4759,31,12,26,,,90,A
367539810,2022-01-03T14:55:44,29.70711,-95.04733,0.0,246.7,205.0,CAPT ANDY LAKE,,WDG4759,31,12,26,,,90,A
367539810,2022-01-03T14:25:46,29.70708,-95.04735,0.0,337.5,204.0,CAPT ANDY LAKE,,WDG4759,31,12,26,,,90,A
367539810,2022-01-03T14:37:05,29.70709,-95.04735,0.0,258.3,204.0,CAPT ANDY LAKE,,WDG4759,31,12,26,,,90,A
367539810,2022-01-03T14:30:25,29.70709,-95.04734,0.0,9.6,204.0,CAPT ANDY LAKE,,WDG4759,31,12,26,,,90,A
367539810,2022-01-03T14:31:36,29.70708,-95.04735,0.0,233.6,203.0,CAPT ANDY LAKE,,WDG4759,31,12,26,,,90,A
367539810,2022-01-03T14:48:45,29.70711,-95.04732,0.0,239.3,204.0,CAPT ANDY LAKE,,WDG4759,31,12,26,,,90,A
367539810,2022-01-03T14:49:55,29.70708,-95.04733,0.0,267.0,204.0,CAPT ANDY LAKE,,WDG4759,31,12,26,,,90,A
367539810,2022-01-03T15:11:15,29.70708,-95.04734,0.0,225.7,205.0,CAPT ANDY LAKE,,WDG4759,31,12,26,,,90,A
367539810,2022-01-03T14:53:26,29.70708,-95.04734,0.0,309.0,205.0,CAPT ANDY LAKE,,WDG4759,31,12,26,,,90,A
367539810,2022-01-03T14:45:25,29.70712,-95.04732,0.0,220.5,204.0,CAPT ANDY LAKE,,WDG4759,31,12,26,,,90,A
367539810,2022-01-03T14:38:14,29.70708,-95.04734,0.0,280.3,205.0,CAPT ANDY LAKE,,WDG4759,31,12,26,,,90,A
367539810,2022-01-03T07:11:05,29.70707,-95.04733,0.0,222.4,204.0,CAPT ANDY LAKE,,WDG4759,31,12,26,,,90,A
367539810,2022-01-03T14:41:56,29.70708,-95.04733,0.0,256.2,205.0,CAPT ANDY LAKE,,WDG4759,31,12,26,,,90,A
367539810,2022-01-03T14:43:05,29.70709,-95.04734,0.0,246.6,205.0,CAPT ANDY LAKE,,WDG4759,31,12,26,,,90,A
367539810,2022-01-03T14:52:14,29.70712,-95.04731,0.0,253.9,203.0,CAPT ANDY LAKE,,WDG4759,31,12,26,,,90,A
367539810,2022-01-03T14:56:55,29.70710,-95.04733,0.0,284.1,204.0,CAPT ANDY LAKE,,WDG4759,31,12,26,,,90,A
367539810,2022-01-03T15:04:25,29.70709,-95.04733,0.0,241.0,204.0,CAPT ANDY LAKE,,WDG4759,31,12,26,,,90,A
367539810,2022-01-03T14:47:36,29.70711,-95.04732,0.0,223.3,204.0,CAPT ANDY LAKE,,WDG4759,31,12,26,,,90,A
367539810,2022-01-03T14:51:05,29.70710,-95.04732,0.0,267.8,205.0,CAPT ANDY LAKE,,WDG4759,31,12,26,,,90,A
367539810,2022-01-03T15:07:54,29.70709,-95.04733,0.0,258.2,204.0,CAPT ANDY LAKE,,WDG4759,31,12,26,,,90,A
367539810,2022-01-03T14:54:34,29.70709,-95.04733,0.0,244.1,205.0,CAPT ANDY LAKE,,WDG4759,31,12,26,,,90,A
367539810,2022-01-03T14:58:05,29.70710,-95.04733,0.0,232.4,204.0,CAPT ANDY LAKE,,WDG4759,31,12,26,,,90,A
367539810,2022-01-03T14:59:14,29.70709,-95.04734,0.0,238.8,204.0,CAPT ANDY LAKE,,WDG4759,31,12,26,,,90,A
367539810,2022-01-03T15:58:55,29.70708,-95.04733,0.0,171.9,204.0,CAPT ANDY LAKE,,WDG4759,31,12,26,,,90,A
367539810,2022-01-03T15:02:04,29.70710,-95.04733,0.1,223.7,204.0,CAPT ANDY LAKE,,WDG4759,31,12,26,,,90,A
367539810,2022-01-03T15:18:05,29.70709,-95.04733,0.0,291.3,205.0,CAPT ANDY LAKE,,WDG4759,31,12,26,,,90,A
367539810,2022-01-03T15:12:24,29.70709,-95.04733,0.0,210.5,205.0,CAPT ANDY LAKE,,WDG4759,31,12,26,,,90,A
367539810,2022-01-03T15:03:15,29.70709,-95.04733,0.0,232.2,205.0,CAPT ANDY LAKE,,WDG4759,31,12,26,,,90,A
367539810,2022-01-03T15:21:46,29.70709,-95.04733,0.0,319.3,203.0,CAPT ANDY LAKE,,WDG4759,31,12,26,,,90,A
367539810,2022-01-03T15:37:24,29.70708,-95.04734,0.0,291.9,204.0,CAPT ANDY LAKE,,WDG4759,31,12,26,,,90,A
367539810,2022-01-03T15:39:45,29.70709,-95.04734,0.0,322.8,203.0,CAPT ANDY LAKE,,WDG4759,31,12,26,,,90,A
367539810,2022-01-03T15:24:05,29.70709,-95.04733,0.0,228.1,204.0,CAPT ANDY LAKE,,WDG4759,31,12,26,,,90,A
367539810,2022-01-03T15:16:55,29.70708,-95.04734,0.0,239.8,205.0,CAPT ANDY LAKE,,WDG4759,31,12,26,,,90,A
367539810,2022-01-03T15:06:45,29.70709,-95.04733,0.0,1.4,205.0,CAPT ANDY LAKE,,WDG4759,31,12,26,,,90,A
367539810,2022-01-03T16:05:05,29.70710,-95.04733,0.0,356.3,201.0,CAPT ANDY LAKE,,WDG4759,31,12,26,,,90,A
367539810,2022-01-03T15:25:15,29.70710,-95.04733,0.0,244.4,204.0,CAPT ANDY LAKE,,WDG4759,31,12,26,,,90,A
367539810,2022-01-03T16:06:06,29.70709,-95.04733,0.0,25.0,201.0,CAPT ANDY LAKE,,WDG4759,31,12,26,,,90,A
367539810,2022-01-03T15:26:24,29.70709,-95.04733,0.0,230.5,204.0,CAPT ANDY LAKE,,WDG4759,31,12,26,,,90,A
367539810,2022-01-03T15:27:25,29.70708,-95.04733,0.0,288.0,205.0,CAPT ANDY LAKE,,WDG4759,31,12,26,,,90,A
367539810,2022-01-03T15:43:04,29.70709,-95.04733,0.0,312.7,201.0,CAPT ANDY LAKE,,WDG4759,31,12,26,,,90,A
367539810,2022-01-03T15:29:45,29.70708,-95.04733,0.0,266.4,204.0,CAPT ANDY LAKE,,WDG4759,31,12,26,,,90,A
367539810,2022-01-03T15:13:35,29.70709,-95.04734,0.0,239.3,203.0,CAPT ANDY LAKE,,WDG4759,31,12,26,,,90,A
367539810,2022-01-03T15:32:15,29.70708,-95.04733,0.0,258.1,203.0,CAPT ANDY LAKE,,WDG4759,31,12,26,,,90,A
367539810,2022-01-03T15:10:14,29.70708,-95.04734,0.0,240.4,205.0,CAPT ANDY LAKE,,WDG4759,31,12,26,,,90,A
367539810,2022-01-03T15:47:36,29.70708,-95.04734,0.0,197.3,204.0,CAPT ANDY LAKE,,WDG4759,31,12,26,,,90,A
367539810,2022-01-03T15:48:45,29.70709,-95.04733,0.0,33.2,204.0,CAPT ANDY LAKE,,WDG4759,31,12,26,,,90,A
367539810,2022-01-03T15:51:05,29.70708,-95.04732,0.0,182.8,204.0,CAPT ANDY LAKE,,WDG4759,31,12,26,,,90,A
367539810,2022-01-03T15:14:45,29.70710,-95.04733,0.0,195.7,205.0,CAPT ANDY LAKE,,WDG4759,31,12,26,,,90,A
367539810,2022-01-03T15:15:46,29.70709,-95.04734,0.0,55.0,204.0,CAPT ANDY LAKE,,WDG4759,31,12,26,,,90,A
367539810,2022-01-03T15:36:15,29.70709,-95.04733,0.0,261.5,204.0,CAPT ANDY LAKE,,WDG4759,31,12,26,,,90,A
367539810,2022-01-03T15:54:35,29.70708,-95.04732,0.0,213.5,203.0,CAPT ANDY LAKE,,WDG4759,31,12,26,,,90,A
367539810,2022-01-03T16:20:14,29.70710,-95.04734,0.0,239.6,204.0,CAPT ANDY LAKE,,WDG4759,31,12,26,,,90,A
367539810,2022-01-03T15:40:55,29.70709,-95.04733,0.0,298.4,204.0,CAPT ANDY LAKE,,WDG4759,31,12,26,,,90,A
367539810,2022-01-03T07:22:05,29.70708,-95.04733,0.0,87.1,203.0,CAPT ANDY LAKE,,WDG4759,31,12,26,,,90,A
367539810,2022-01-03T15:20:36,29.70710,-95.04733,0.0,168.1,205.0,CAPT ANDY LAKE,,WDG4759,31,12,26,,,90,A
367539810,2022-01-03T15:28:35,29.70707,-95.04733,0.0,248.7,205.0,CAPT ANDY LAKE,,WDG4759,31,12,26,,,90,A
367539810,2022-01-03T15:38:35,29.70708,-95.04733,0.0,315.7,203.0,CAPT ANDY LAKE,,WDG4759,31,12,26,,,90,A
367539810,2022-01-03T15:22:56,29.70709,-95.04733,0.0,237.9,204.0,CAPT ANDY LAKE,,WDG4759,31,12,26,,,90,A
367539810,2022-01-03T15:45:25,29.70710,-95.04733,0.1,223.7,201.0,CAPT ANDY LAKE,,WDG4759,31,12,26,,,90,A
367539810,2022-01-03T16:27:14,29.70709,-95.04733,0.0,251.6,205.0,CAPT ANDY LAKE,,WDG4759,31,12,26,,,90,A
367539810,2022-01-03T15:35:04,29.70709,-95.04732,0.0,246.8,202.0,CAPT ANDY LAKE,,WDG4759,31,12,26,,,90,A
367539810,2022-01-03T15:49:56,29.70709,-95.04733,0.0,230.2,203.0,CAPT ANDY LAKE,,WDG4759,31,12,26,,,90,A
367539810,2022-01-03T16:07:16,29.70709,-95.04733,0.0,230.9,204.0,CAPT ANDY LAKE,,WDG4759,31,12,26,,,90,A
367539810,2022-01-03T15:41:56,29.70710,-95.04733,0.0,289.7,203.0,CAPT ANDY LAKE,,WDG4759,31,12,26,,,90,A
367539810,2022-01-03T15:55:45,29.70708,-95.04732,0.0,324.5,204.0,CAPT ANDY LAKE,,WDG4759,31,12,26,,,90,A
367539810,2022-01-03T15:46:26,29.70709,-95.04733,0.0,231.2,204.0,CAPT ANDY LAKE,,WDG4759,31,12,26,,,90,A
367539810,2022-01-03T16:41:14,29.70709,-95.04734,0.0,174.7,205.0,CAPT ANDY LAKE,,WDG4759,31,12,26,,,90,A
367539810,2022-01-03T16:12:04,29.70709,-95.04733,0.0,42.9,203.0,CAPT ANDY LAKE,,WDG4759,31,12,26,,,90,A
367539810,2022-01-03T16:44:54,29.70708,-95.04733,0.0,233.6,204.0,CAPT ANDY LAKE,,WDG4759,31,12,26,,,90,A
367539810,2022-01-03T15:56:46,29.70709,-95.04733,0.0,253.8,203.0,CAPT ANDY LAKE,,WDG4759,31,12,26,,,90,A
367539810,2022-01-03T16:03:54,29.70710,-95.04733,0.0,258.1,204.0,CAPT ANDY LAKE,,WDG4759,31,12,26,,,90,A
367539810,2022-01-03T16:52:56,29.70709,-95.04732,0.0,247.8,205.0,CAPT ANDY LAKE,,WDG4759,31,12,26,,,90,A
367539810,2022-01-03T16:00:25,29.70708,-95.04733,0.0,347.5,203.0,CAPT ANDY LAKE,,WDG4759,31,12,26,,,90,A
367539810,2022-01-03T15:44:15,29.70708,-95.04733,0.0,222.0,203.0,CAPT ANDY LAKE,,WDG4759,31,12,26,,,90,A
367539810,2022-01-03T16:02:45,29.70710,-95.04732,0.0,188.1,202.0,CAPT ANDY LAKE,,WDG4759,31,12,26,,,90,A
367539810,2022-01-03T16:58:45,29.70707,-95.04732,0.0,272.5,204.0,CAPT ANDY LAKE,,WDG4759,31,12,26,,,90,A
367539810,2022-01-03T16:13:16,29.70709,-95.04733,0.0,324.6,204.0,CAPT ANDY LAKE,,WDG4759,31,12,26,,,90,A
367539810,2022-01-03T16:16:54,29.70708,-95.04734,0.0,236.4,205.0,CAPT ANDY LAKE,,WDG4759,31,12,26,,,90,A
367539810,2022-01-03T15:53:24,29.70707,-95.04733,0.0,279.6,204.0,CAPT ANDY LAKE,,WDG4759,31,12,26,,,90,A
367539810,2022-01-03T15:57:54,29.70710,-95.04733,0.0,239.0,204.0,CAPT ANDY LAKE,,WDG4759,31,12,26,,,90,A
367539810,2022-01-03T16:19:04,29.70710,-95.04733,0.1,231.8,203.0,CAPT ANDY LAKE,,WDG4759,31,12,26,,,90,A
367539810,2022-01-03T16:09:34,29.70710,-95.04733,0.1,211.6,204.0,CAPT ANDY LAKE,,WDG4759,31,12,26,,,90,A
367539810,2022-01-03T16:01:34,29.70709,-95.04732,0.0,4.5,203.0,CAPT ANDY LAKE,,WDG4759,31,12,26,,,90,A
367539810,2022-01-03T07:41:24,29.70707,-95.04733,0.0,73.8,204.0,CAPT ANDY LAKE,,WDG4759,31,12,26,,,90,A
367539810,2022-01-03T16:47:06,29.70709,-95.04733,0.0,269.9,204.0,CAPT ANDY LAKE,,WDG4759,31,12,26,,,90,A
367539810,2022-01-03T16:26:04,29.70709,-95.04733,0.0,352.2,205.0,CAPT ANDY LAKE,,WDG4759,31,12,26,,,90,A
367539810,2022-01-03T16:28:24,29.70708,-95.04733,0.0,232.6,205.0,CAPT ANDY LAKE,,WDG4759,31,12,26,,,90,A
367539810,2022-01-03T16:22:35,29.70709,-95.04733,0.0,227.7,204.0,CAPT ANDY LAKE,,WDG4759,31,12,26,,,90,A
367539810,2022-01-03T17:16:35,29.70709,-95.04733,0.1,221.2,203.0,CAPT ANDY LAKE,,WDG4759,31,12,26,,,90,A
367539810,2022-01-03T16:24:55,29.70710,-95.04734,0.0,297.4,205.0,CAPT ANDY LAKE,,WDG4759,31,12,26,,,90,A
367539810,2022-01-03T16:17:55,29.70708,-95.04734,0.0,26.6,204.0,CAPT ANDY LAKE,,WDG4759,31,12,26,,,90,A
367539810,2022-01-03T16:10:55,29.70710,-95.04733,0.0,218.2,204.0,CAPT ANDY LAKE,,WDG4759,31,12,26,,,90,A
367539810,2022-01-03T07:42:34,29.70707,-95.04733,0.0,173.2,204.0,CAPT ANDY LAKE,,WDG4759,31,12,26,,,90,A
367539810,2022-01-03T16:56:25,29.70708,-95.04733,0.0,282.2,204.0,CAPT ANDY LAKE,,WDG4759,31,12,26,,,90,A
367539810,2022-01-03T16:57:35,29.70707,-95.04733,0.0,309.5,204.0,CAPT ANDY LAKE,,WDG4759,31,12,26,,,90,A
367539810,2022-01-03T16:36:36,29.70709,-95.04733,0.0,349.3,204.0,CAPT ANDY LAKE,,WDG4759,31,12,26,,,90,A
367539810,2022-01-03T16:21:25,29.70709,-95.04733,0.0,177.4,203.0,CAPT ANDY LAKE,,WDG4759,31,12,26,,,90,A
367539810,2022-01-03T07:47:14,29.70708,-95.04732,0.0,201.6,204.0,CAPT ANDY LAKE,,WDG4759,31,12,26,,,90,A
367539810,2022-01-03T16:14:24,29.70708,-95.04733,0.0,220.7,204.0,CAPT ANDY LAKE,,WDG4759,31,12,26,,,90,A
367539810,2022-01-03T07:48:24,29.70708,-95.04733,0.0,179.6,204.0,CAPT ANDY LAKE,,WDG4759,31,12,26,,,90,A
367539810,2022-01-03T16:23:44,29.70710,-95.04734,0.0,265.9,204.0,CAPT ANDY LAKE,,WDG4759,31,12,26,,,90,A
367539810,2022-01-03T16:40:05,29.70710,-95.04735,0.0,297.1,205.0,CAPT ANDY LAKE,,WDG4759,31,12,26,,,90,A
367539810,2022-01-03T16:15:44,29.70709,-95.04733,0.0,247.7,205.0,CAPT ANDY LAKE,,WDG4759,31,12,26,,,90,A
367539810,2022-01-03T17:01:34,29.70710,-95.04734,0.0,307.2,203.0,CAPT ANDY LAKE,,WDG4759,31,12,26,,,90,A
367539810,2022-01-03T16:37:46,29.70710,-95.04734,0.0,226.5,205.0,CAPT ANDY LAKE,,WDG4759,31,12,26,,,90,A
367539810,2022-01-03T07:51:45,29.70707,-95.04734,0.0,202.5,204.0,CAPT ANDY LAKE,,WDG4759,31,12,26,,,90,A
367539810,2022-01-03T17:30:46,29.70709,-95.04733,0.0,52.1,203.0,CAPT ANDY LAKE,,WDG4759,31,12,26,,,90,A
367539810,2022-01-03T07:54:05,29.70707,-95.04734,0.0,179.5,203.0,CAPT ANDY LAKE,,WDG4759,31,12,26,,,90,A
367539810,2022-01-03T16:49:25,29.70709,-95.04734,0.0,169.1,204.0,CAPT ANDY LAKE,,WDG4759,31,12,26,,,90,A
367539810,2022-01-03T17:35:46,29.70708,-95.04733,0.0,246.0,204.0,CAPT ANDY LAKE,,WDG4759,31,12,26,,,90,A
367539810,2022-01-03T16:32:04,29.70708,-95.04733,0.0,281.4,205.0,CAPT ANDY LAKE,,WDG4759,31,12,26,,,90,A
367539810,2022-01-03T16:33:15,29.70708,-95.04733,0.0,328.4,205.0,CAPT ANDY LAKE,,WDG4759,31,12,26,,,90,A
367539810,2022-01-03T17:08:34,29.70708,-95.04733,0.0,36.4,204.0,CAPT ANDY LAKE,,WDG4759,31,12,26,,,90,A
367539810,2022-01-03T16:48:14,29.70708,-95.04733,0.0,234.6,205.0,CAPT ANDY LAKE,,WDG4759,31,12,26,,,90,A
367539810,2022-01-03T16:34:24,29.70708,-95.04733,0.0,276.9,205.0,CAPT ANDY LAKE,,WDG4759,31,12,26,,,90,A
367539810,2022-01-03T16:50:35,29.70710,-95.04735,0.0,241.0,205.0,CAPT ANDY LAKE,,WDG4759,31,12,26,,,90,A
367539810,2022-01-03T16:55:14,29.70707,-95.04733,0.0,274.7,204.0,CAPT ANDY LAKE,,WDG4759,31,12,26,,,90,A
367539810,2022-01-03T17:41:36,29.70709,-95.04732,0.0,325.3,204.0,CAPT ANDY LAKE,,WDG4759,31,12,26,,,90,A
367539810,2022-01-03T16:29:36,29.70709,-95.04733,0.0,196.9,204.0,CAPT ANDY LAKE,,WDG4759,31,12,26,,,90,A
367539810,2022-01-03T16:30:55,29.70709,-95.04732,0.0,266.2,204.0,CAPT ANDY LAKE,,WDG4759,31,12,26,,,90,A
367539810,2022-01-03T17:46:15,29.70710,-95.04733,0.0,265.9,205.0,CAPT ANDY LAKE,,WDG4759,31,12,26,,,90,A
367539810,2022-01-03T16:51:46,29.70709,-95.04734,0.0,282.2,205.0,CAPT ANDY LAKE,,WDG4759,31,12,26,,,90,A
367539810,2022-01-03T16:35:35,29.70709,-95.04732,0.0,48.2,205.0,CAPT ANDY LAKE,,WDG4759,31,12,26,,,90,A
367539810,2022-01-03T17:00:25,29.70708,-95.04734,0.0,330.0,204.0,CAPT ANDY LAKE,,WDG4759,31,12,26,,,90,A
367539810,2022-01-03T16:42:24,29.70709,-95.04733,0.0,321.2,204.0,CAPT ANDY LAKE,,WDG4759,31,12,26,,,90,A
367539810,2022-01-03T16:54:06,29.70708,-95.04733,0.0,258.3,204.0,CAPT ANDY LAKE,,WDG4759,31,12,26,,,90,A
367539810,2022-01-03T17:50:55,29.70710,-95.04733,0.0,12.0,201.0,CAPT ANDY LAKE,,WDG4759,31,12,26,,,90,A
367539810,2022-01-03T17:04:06,29.70709,-95.04733,0.0,224.9,204.0,CAPT ANDY LAKE,,WDG4759,31,12,26,,,90,A
367539810,2022-01-03T16:43:44,29.70709,-95.04732,0.0,284.2,205.0,CAPT ANDY LAKE,,WDG4759,31,12,26,,,90,A
367539810,2022-01-03T17:54:25,29.70709,-95.04733,0.0,298.9,201.0,CAPT ANDY LAKE,,WDG4759,31,12,26,,,90,A
367539810,2022-01-03T17:07:25,29.70708,-95.04733,0.0,340.7,205.0,CAPT ANDY LAKE,,WDG4759,31,12,26,,,90,A
367539810,2022-01-03T17:05:15,29.70708,-95.04734,0.0,249.8,204.0,CAPT ANDY LAKE,,WDG4759,31,12,26,,,90,A
367539810,2022-01-03T17:09:35,29.70709,-95.04733,0.0,296.3,203.0,CAPT ANDY LAKE,,WDG4759,31,12,26,,,90,A
367539810,2022-01-03T17:06:16,29.70709,-95.04733,0.1,26.5,203.0,CAPT ANDY LAKE,,WDG4759,31,12,26,,,90,A
367539810,2022-01-03T16:45:56,29.70708,-95.04733,0.0,276.2,204.0,CAPT ANDY LAKE,,WDG4759,31,12,26,,,90,A
367539810,2022-01-03T17:13:04,29.70708,-95.04734,0.0,238.5,204.0,CAPT ANDY LAKE,,WDG4759,31,12,26,,,90,A
367539810,2022-01-03T17:14:14,29.70708,-95.04734,0.0,297.0,204.0,CAPT ANDY LAKE,,WDG4759,31,12,26,,,90,A
367539810,2022-01-03T17:20:05,29.70708,-95.04734,0.0,288.6,204.0,CAPT ANDY LAKE,,WDG4759,31,12,26,,,90,A
367539810,2022-01-03T17:21:14,29.70708,-95.04734,0.0,228.4,203.0,CAPT ANDY LAKE,,WDG4759,31,12,26,,,90,A
367539810,2022-01-03T16:59:55,29.70708,-95.04733,0.0,276.1,204.0,CAPT ANDY LAKE,,WDG4759,31,12,26,,,90,A
367539810,2022-01-03T18:12:25,29.70709,-95.04732,0.0,287.5,204.0,CAPT ANDY LAKE,,WDG4759,31,12,26,,,90,A
367539810,2022-01-03T17:02:35,29.70709,-95.04733,0.0,221.4,204.0,CAPT ANDY LAKE,,WDG4759,31,12,26,,,90,A
367539810,2022-01-03T17:36:56,29.70709,-95.04734,0.0,251.8,204.0,CAPT ANDY LAKE,,WDG4759,31,12,26,,,90,A
367539810,2022-01-03T17:18:54,29.70709,-95.04733,0.0,120.8,204.0,CAPT ANDY LAKE,,WDG4759,31,12,26,,,90,A
367539810,2022-01-03T17:25:55,29.70709,-95.04732,0.0,233.5,203.0,CAPT ANDY LAKE,,WDG4759,31,12,26,,,90,A
367539810,2022-01-03T18:17:05,29.70710,-95.04731,0.0,243.3,203.0,CAPT ANDY LAKE,,WDG4759,31,12,26,,,90,A
367539810,2022-01-03T17:10:45,29.70708,-95.04733,0.0,347.7,203.0,CAPT ANDY LAKE,,WDG4759,31,12,26,,,90,A
367539810,2022-01-03T17:11:56,29.70708,-95.04733,0.0,200.7,204.0,CAPT ANDY LAKE,,WDG4759,31,12,26,,,90,A
367539810,2022-01-03T17:33:04,29.70709,-95.04731,0.0,49.9,204.0,CAPT ANDY LAKE,,WDG4759,31,12,26,,,90,A
367539810,2022-01-03T08:11:04,29.70707,-95.04733,0.0,221.1,205.0,CAPT ANDY LAKE,,WDG4759,31,12,26,,,90,A
367539810,2022-01-03T17:38:04,29.70709,-95.04733,0.0,18.3,204.0,CAPT ANDY LAKE,,WDG4759,31,12,26,,,90,A
367539810,2022-01-03T17:17:45,29.70709,-95.04734,0.0,338.5,205.0,CAPT ANDY LAKE,,WDG4759,31,12,26,,,90,A
367539810,2022-01-03T17:28:15,29.70709,-95.04733,0.0,213.2,203.0,CAPT ANDY LAKE,,WDG4759,31,12,26,,,90,A
367539810,2022-01-03T17:22:24,29.70708,-95.04734,0.0,354.9,203.0,CAPT ANDY LAKE,,WDG4759,31,12,26,,,90,A
367539810,2022-01-03T08:14:36,29.70707,-95.04733,0.0,196.5,204.0,CAPT ANDY LAKE,,WDG4759,31,12,26,,,90,A
367539810,2022-01-03T17:47:25,29.70709,-95.04733,0.0,286.8,204.0,CAPT ANDY LAKE,,WDG4759,31,12,26,,,90,A
367539810,2022-01-03T17:43:55,29.70710,-95.04733,0.0,336.4,205.0,CAPT ANDY LAKE,,WDG4759,31,12,26,,,90,A
367539810,2022-01-03T17:48:34,29.70709,-95.04733,0.0,81.8,204.0,CAPT ANDY LAKE,,WDG4759,31,12,26,,,90,A
367539810,2022-01-03T17:49:44,29.70710,-95.04733,0.0,196.6,204.0,CAPT ANDY LAKE,,WDG4759,31,12,26,,,90,A
367539810,2022-01-03T18:03:04,29.70709,-95.04732,0.0,197.4,203.0,CAPT ANDY LAKE,,WDG4759,31,12,26,,,90,A
367539810,2022-01-03T17:57:45,29.70708,-95.04732,0.0,359.6,205.0,CAPT ANDY LAKE,,WDG4759,31,12,26,,,90,A
367539810,2022-01-03T17:56:44,29.70709,-95.04732,0.0,243.1,204.0,CAPT ANDY LAKE,,WDG4759,31,12,26,,,90,A
367539810,2022-01-03T18:48:34,29.70711,-95.04732,0.0,184.8,205.0,CAPT ANDY LAKE,,WDG4759,31,12,26,,,90,A
367539810,2022-01-03T17:29:25,29.70708,-95.04733,0.0,17.6,203.0,CAPT ANDY LAKE,,WDG4759,31,12,26,,,90,A
367539810,2022-01-03T17:58:54,29.70708,-95.04732,0.0,290.5,204.0,CAPT ANDY LAKE,,WDG4759,31,12,26,,,90,A
367539810,2022-01-03T18:10:05,29.70709,-95.04733,0.0,189.2,204.0,CAPT ANDY LAKE,,WDG4759,31,12,26,,,90,A
367539810,2022-01-03T18:00:54,29.70709,-95.04732,0.0,207.7,203.0,CAPT ANDY LAKE,,WDG4759,31,12,26,,,90,A
367539810,2022-01-03T17:42:46,29.70710,-95.04732,0.0,314.4,204.0,CAPT ANDY LAKE,,WDG4759,31,12,26,,,90,A
367539810,2022-01-03T17:45:04,29.70709,-95.04732,0.0,264.3,204.0,CAPT ANDY LAKE,,WDG4759,31,12,26,,,90,A
367539810,2022-01-03T18:55:34,29.70710,-95.04732,0.0,218.4,204.0,CAPT ANDY LAKE,,WDG4759,31,12,26,,,90,A
367539810,2022-01-03T17:39:15,29.70709,-95.04733,0.0,340.3,204.0,CAPT ANDY LAKE,,WDG4759,31,12,26,,,90,A
367539810,2022-01-03T18:18:15,29.70709,-95.04732,0.0,242.3,204.0,CAPT ANDY LAKE,,WDG4759,31,12,26,,,90,A
367539810,2022-01-03T17:55:35,29.70709,-95.04732,0.0,272.5,204.0,CAPT ANDY LAKE,,WDG4759,31,12,26,,,90,A
367539810,2022-01-03T18:08:54,29.70708,-95.04733,0.0,111.9,204.0,CAPT ANDY LAKE,,WDG4759,31,12,26,,,90,A
367539810,2022-01-03T18:20:26,29.70710,-95.04732,0.0,244.9,204.0,CAPT ANDY LAKE,,WDG4759,31,12,26,,,90,A
367539810,2022-01-03T18:01:56,29.70708,-95.04733,0.0,217.8,203.0,CAPT ANDY LAKE,,WDG4759,31,12,26,,,90,A
367539810,2022-01-03T18:05:25,29.70709,-95.04732,0.0,185.8,204.0,CAPT ANDY LAKE,,WDG4759,31,12,26,,,90,A
367539810,2022-01-03T18:25:04,29.70709,-95.04732,0.0,247.3,203.0,CAPT ANDY LAKE,,WDG4759,31,12,26,,,90,A
367539810,2022-01-03T17:52:06,29.70708,-95.04733,0.0,218.9,204.0,CAPT ANDY LAKE,,WDG4759,31,12,26,,,90,A
367539810,2022-01-03T19:08:24,29.70711,-95.04731,0.0,200.1,204.0,CAPT ANDY LAKE,,WDG4759,31,12,26,,,90,A
367539810,2022-01-03T18:07:45,29.70710,-95.04734,0.0,119.4,204.0,CAPT ANDY LAKE,,WDG4759,31,12,26,,,90,A
367539810,2022-01-03T19:09:34,29.70710,-95.04731,0.0,250.2,204.0,CAPT ANDY LAKE,,WDG4759,31,12,26,,,90,A
367539810,2022-01-03T18:23:54,29.70709,-95.04732,0.0,264.0,203.0,CAPT ANDY LAKE,,WDG4759,31,12,26,,,90,A
367539810,2022-01-03T18:30:56,29.70709,-95.04731,0.0,301.9,203.0,CAPT ANDY LAKE,,WDG4759,31,12,26,,,90,A
367539810,2022-01-03T18:32:05,29.70709,-95.04731,0.0,194.8,202.0,CAPT ANDY LAKE,,WDG4759,31,12,26,,,90,A
367539810,2022-01-03T18:11:14,29.70709,-95.04732,0.0,183.0,204.0,CAPT ANDY LAKE,,WDG4759,31,12,26,,,90,A
367539810,2022-01-03T18:22:46,29.70710,-95.04731,0.0,265.9,203.0,CAPT ANDY LAKE,,WDG4759,31,12,26,,,90,A
367539810,2022-01-03T18:06:35,29.70710,-95.04732,0.0,203.5,204.0,CAPT ANDY LAKE,,WDG4759,31,12,26,,,90,A
367539810,2022-01-03T18:26:16,29.70709,-95.04731,0.0,252.3,203.0,CAPT ANDY LAKE,,WDG4759,31,12,26,,,90,A
367539810,2022-01-03T19:18:36,29.70708,-95.04731,0.0,211.2,204.0,CAPT ANDY LAKE,,WDG4759,31,12,26,,,90,A
367539810,2022-01-03T19:20:56,29.70710,-95.04732,0.0,223.2,203.0,CAPT ANDY LAKE,,WDG4759,31,12,26,,,90,A
367539810,2022-01-03T18:33:15,29.70708,-95.04730,0.0,251.7,203.0,CAPT ANDY LAKE,,WDG4759,31,12,26,,,90,A
367539810,2022-01-03T18:42:46,29.70709,-95.04733,0.0,200.3,205.0,CAPT ANDY LAKE,,WDG4759,31,12,26,,,90,A
367539810,2022-01-03T19:24:25,29.70710,-95.04732,0.1,12.6,201.0,CAPT ANDY LAKE,,WDG4759,31,12,26,,,90,A
367539810,2022-01-03T18:13:34,29.70711,-95.04731,0.0,218.5,204.0,CAPT ANDY LAKE,,WDG4759,31,12,26,,,90,A
367539810,2022-01-03T18:46:15,29.70708,-95.04733,0.0,194.6,204.0,CAPT ANDY LAKE,,WDG4759,31,12,26,,,90,A
367539810,2022-01-03T18:36:25,29.70709,-95.04731,0.0,238.3,204.0,CAPT ANDY LAKE,,WDG4759,31,12,26,,,90,A
367539810,2022-01-03T18:19:25,29.70710,-95.04731,0.0,243.8,205.0,CAPT ANDY LAKE,,WDG4759,31,12,26,,,90,A
367539810,2022-01-03T18:40:24,29.70709,-95.04733,0.0,341.5,202.0,CAPT ANDY LAKE,,WDG4759,31,12,26,,,90,A
367539810,2022-01-03T18:39:14,29.70709,-95.04733,0.0,209.4,204.0,CAPT ANDY LAKE,,WDG4759,31,12,26,,,90,A
367539810,2022-01-03T19:35:05,29.70710,-95.04733,0.0,27.5,202.0,CAPT ANDY LAKE,,WDG4759,31,12,26,,,90,A
367539810,2022-01-03T18:21:35,29.70710,-95.04732,0.0,246.8,204.0,CAPT ANDY LAKE,,WDG4759,31,12,26,,,90,A
367539810,2022-01-03T19:37:25,29.70710,-95.04734,0.0,125.2,204.0,CAPT ANDY LAKE,,WDG4759,31,12,26,,,90,A
367539810,2022-01-03T18:27:25,29.70710,-95.04731,0.0,246.3,204.0,CAPT ANDY LAKE,,WDG4759,31,12,26,,,90,A
367539810,2022-01-03T18:29:44,29.70711,-95.04732,0.0,305.2,204.0,CAPT ANDY LAKE,,WDG4759,31,12,26,,,90,A
367539810,2022-01-03T18:57:56,29.70709,-95.04732,0.0,205.6,202.0,CAPT ANDY LAKE,,WDG4759,31,12,26,,,90,A
367539810,2022-01-03T18:28:34,29.70710,-95.04732,0.0,272.3,204.0,CAPT ANDY LAKE,,WDG4759,31,12,26,,,90,A
367539810,2022-01-03T19:44:24,29.70710,-95.04732,0.0,198.3,202.0,CAPT ANDY LAKE,,WDG4759,31,12,26,,,90,A
367539810,2022-01-03T19:02:45,29.70711,-95.04732,0.0,265.6,204.0,CAPT ANDY LAKE,,WDG4759,31,12,26,,,90,A
367539810,2022-01-03T18:53:15,29.70709,-95.04733,0.0,235.4,204.0,CAPT ANDY LAKE,,WDG4759,31,12,26,,,90,A
367539810,2022-01-03T18:34:45,29.70709,-95.04732,0.0,242.0,203.0,CAPT ANDY LAKE,,WDG4759,31,12,26,,,90,A
367539810,2022-01-03T18:38:05,29.70708,-95.04732,0.0,229.0,205.0,CAPT ANDY LAKE,,WDG4759,31,12,26,,,90,A
367539810,2022-01-03T18:43:56,29.70710,-95.04731,0.0,198.5,205.0,CAPT ANDY LAKE,,WDG4759,31,12,26,,,90,A
367539810,2022-01-03T19:54:56,29.70710,-95.04733,0.0,49.3,205.0,CAPT ANDY LAKE,,WDG4759,31,12,26,,,90,A
367539810,2022-01-03T19:03:55,29.70710,-95.04731,0.0,226.4,204.0,CAPT ANDY LAKE,,WDG4759,31,12,26,,,90,A
367539810,2022-01-03T19:01:36,29.70709,-95.04733,0.0,211.5,205.0,CAPT ANDY LAKE,,WDG4759,31,12,26,,,90,A
367539810,2022-01-03T18:49:46,29.70710,-95.04733,0.0,307.4,204.0,CAPT ANDY LAKE,,WDG4759,31,12,26,,,90,A
367539810,2022-01-03T19:59:36,29.70708,-95.04734,0.0,227.3,204.0,CAPT ANDY LAKE,,WDG4759,31,12,26,,,90,A
367539810,2022-01-03T19:06:05,29.70711,-95.04732,0.0,199.3,205.0,CAPT ANDY LAKE,,WDG4759,31,12,26,,,90,A
367539810,2022-01-03T19:05:04,29.70710,-95.04732,0.0,222.8,205.0,CAPT ANDY LAKE,,WDG4759,31,12,26,,,90,A
367539810,2022-01-03T18:50:56,29.70710,-95.04731,0.0,189.7,205.0,CAPT ANDY LAKE,,WDG4759,31,12,26,,,90,A
367539810,2022-01-03T20:04:26,29.70710,-95.04733,0.0,38.8,203.0,CAPT ANDY LAKE,,WDG4759,31,12,26,,,90,A
367539810,2022-01-03T19:10:35,29.70710,-95.04731,0.0,211.2,204.0,CAPT ANDY LAKE,,WDG4759,31,12,26,,,90,A
367539810,2022-01-03T18:54:26,29.70710,-95.04732,0.0,230.2,204.0,CAPT ANDY LAKE,,WDG4759,31,12,26,,,90,A
367539810,2022-01-03T18:56:45,29.70709,-95.04733,0.0,237.6,203.0,CAPT ANDY LAKE,,WDG4759,31,12,26,,,90,A
367539810,2022-01-03T19:16:24,29.70711,-95.04731,0.0,266.7,201.0,CAPT ANDY LAKE,,WDG4759,31,12,26,,,90,A
367539810,2022-01-03T18:52:05,29.70712,-95.04732,0.0,221.2,205.0,CAPT ANDY LAKE,,WDG4759,31,12,26,,,90,A
367539810,2022-01-03T19:15:15,29.70711,-95.04732,0.0,264.3,201.0,CAPT ANDY LAKE,,WDG4759,31,12,26,,,90,A
367539810,2022-01-03T19:27:55,29.70710,-95.04730,0.1,9.0,201.0,CAPT ANDY LAKE,,WDG4759,31,12,26,,,90,A
367539810,2022-01-03T19:17:35,29.70710,-95.04731,0.0,227.9,204.0,CAPT ANDY LAKE,,WDG4759,31,12,26,,,90,A
367539810,2022-01-03T19:30:14,29.70709,-95.04731,0.0,198.9,204.0,CAPT ANDY LAKE,,WDG4759,31,12,26,,,90,A
367539810,2022-01-03T18:59:05,29.70710,-95.04733,0.0,215.6,203.0,CAPT ANDY LAKE,,WDG4759,31,12,26,,,90,A
367539810,2022-01-03T19:32:25,29.70710,-95.04731,0.0,207.5,202.0,CAPT ANDY LAKE,,WDG4759,31,12,26,,,90,A
367539810,2022-01-03T19:00:26,29.70710,-95.04732,0.0,235.4,203.0,CAPT ANDY LAKE,,WDG4759,31,12,26,,,90,A
367539810,2022-01-03T19:33:35,29.70709,-95.04733,0.0,237.0,204.0,CAPT ANDY LAKE,,WDG4759,31,12,26,,,90,A
367539810,2022-01-03T20:18:14,29.70710,-95.04733,0.0,324.3,203.0,CAPT ANDY LAKE,,WDG4759,31,12,26,,,90,A
367539810,2022-01-03T19:31:15,29.70710,-95.04730,0.1,15.5,202.0,CAPT ANDY LAKE,,WDG4759,31,12,26,,,90,A
367539810,2022-01-03T19:07:15,29.70711,-95.04731,0.0,247.9,205.0,CAPT ANDY LAKE,,WDG4759,31,12,26,,,90,A
367539810,2022-01-03T19:42:06,29.70709,-95.04733,0.0,162.3,205.0,CAPT ANDY LAKE,,WDG4759,31,12,26,,,90,A
367539810,2022-01-03T19:14:06,29.70709,-95.04733,0.0,270.4,204.0,CAPT ANDY LAKE,,WDG4759,31,12,26,,,90,A
367539810,2022-01-03T19:11:46,29.70711,-95.04732,0.0,259.7,203.0,CAPT ANDY LAKE,,WDG4759,31,12,26,,,90,A
367539810,2022-01-03T19:12:55,29.70710,-95.04732,0.0,225.7,204.0,CAPT ANDY LAKE,,WDG4759,31,12,26,,,90,A
367539810,2022-01-03T20:27:34,29.70710,-95.04733,0.0,268.5,202.0,CAPT ANDY LAKE,,WDG4759,31,12,26,,,90,A
367539810,2022-01-03T19:46:45,29.70710,-95.04733,0.0,90.6,201.0,CAPT ANDY LAKE,,WDG4759,31,12,26,,,90,A
367539810,2022-01-03T19:47:54,29.70710,-95.04733,0.0,125.1,202.0,CAPT ANDY LAKE,,WDG4759,31,12,26,,,90,A
367539810,2022-01-03T20:33:26,29.70709,-95.04734,0.0,156.5,205.0,CAPT ANDY LAKE,,WDG4759,31,12,26,,,90,A
367539810,2022-01-03T19:25:36,29.70710,-95.04732,0.0,251.0,202.0,CAPT ANDY LAKE,,WDG4759,31,12,26,,,90,A
367539810,2022-01-03T19:45:35,29.70710,-95.04732,0.0,259.9,204.0,CAPT ANDY LAKE,,WDG4759,31,12,26,,,90,A
367539810,2022-01-03T09:00:15,29.70709,-95.04734,0.0,206.2,204.0,CAPT ANDY LAKE,,WDG4759,31,12,26,,,90,A
367539810,2022-01-03T19:26:45,29.70710,-95.04732,0.0,187.7,204.0,CAPT ANDY LAKE,,WDG4759,31,12,26,,,90,A
367539810,2022-01-03T20:43:46,29.70708,-95.04734,0.0,332.9,205.0,CAPT ANDY LAKE,,WDG4759,31,12,26,,,90,A
367539810,2022-01-03T19:29:05,29.70710,-95.04731,0.0,191.8,203.0,CAPT ANDY LAKE,,WDG4759,31,12,26,,,90,A
367539810,2022-01-03T19:50:15,29.70708,-95.04732,0.0,38.8,204.0,CAPT ANDY LAKE,,WDG4759,31,12,26,,,90,A
367539810,2022-01-03T09:04:54,29.70708,-95.04734,0.0,317.3,203.0,CAPT ANDY LAKE,,WDG4759,31,12,26,,,90,A
367539810,2022-01-03T20:05:34,29.70709,-95.04734,0.0,233.5,204.0,CAPT ANDY LAKE,,WDG4759,31,12,26,,,90,A
367539810,2022-01-03T20:06:35,29.70710,-95.04734,0.0,39.3,204.0,CAPT ANDY LAKE,,WDG4759,31,12,26,,,90,A
367539810,2022-01-03T20:48:25,29.70712,-95.04733,0.0,330.8,204.0,CAPT ANDY LAKE,,WDG4759,31,12,26,,,90,A
367539810,2022-01-03T19:39:45,29.70710,-95.04733,0.0,96.8,204.0,CAPT ANDY LAKE,,WDG4759,31,12,26,,,90,A
367539810,2022-01-03T19:40:55,29.70710,-95.04732,0.1,198.6,202.0,CAPT ANDY LAKE,,WDG4759,31,12,26,,,90,A
367539810,2022-01-03T19:36:15,29.70709,-95.04733,0.1,195.7,204.0,CAPT ANDY LAKE,,WDG4759,31,12,26,,,90,A
367539810,2022-01-03T19:57:15,29.70710,-95.04733,0.0,351.8,203.0,CAPT ANDY LAKE,,WDG4759,31,12,26,,,90,A
367539810,2022-01-03T19:38:36,29.70710,-95.04733,0.0,166.3,200.0,CAPT ANDY LAKE,,WDG4759,31,12,26,,,90,A
367539810,2022-01-03T20:12:25,29.70709,-95.04733,0.0,336.9,204.0,CAPT ANDY LAKE,,WDG4759,31,12,26,,,90,A
367539810,2022-01-03T20:54:14,29.70713,-95.04734,0.0,327.6,204.0,CAPT ANDY LAKE,,WDG4759,31,12,26,,,90,A
367539810,2022-01-03T20:56:26,29.70711,-95.04734,0.0,313.8,204.0,CAPT ANDY LAKE,,WDG4759,31,12,26,,,90,A
367539810,2022-01-03T20:17:05,29.70709,-95.04734,0.0,264.1,205.0,CAPT ANDY LAKE,,WDG4759,31,12,26,,,90,A
367539810,2022-01-03T21:00:54,29.70707,-95.04734,0.0,306.8,204.0,CAPT ANDY LAKE,,WDG4759,31,12,26,,,90,A
367539810,2022-01-03T19:43:14,29.70709,-95.04733,0.0,50.7,203.0,CAPT ANDY LAKE,,WDG4759,31,12,26,,,90,A
367539810,2022-01-03T19:51:26,29.70709,-95.04733,0.0,230.1,204.0,CAPT ANDY LAKE,,WDG4759,31,12,26,,,90,A
367539810,2022-01-03T09:10:45,29.70708,-95.04733,0.0,216.8,205.0,CAPT ANDY LAKE,,WDG4759,31,12,26,,,90,A
367539810,2022-01-03T20:21:46,29.70709,-95.04734,0.0,245.6,205.0,CAPT ANDY LAKE,,WDG4759,31,12,26,,,90,A
367539810,2022-01-03T19:58:24,29.70709,-95.04734,0.0,126.7,204.0,CAPT ANDY LAKE,,WDG4759,31,12,26,,,90,A
367539810,2022-01-03T20:11:16,29.70710,-95.04733,0.0,6.9,204.0,CAPT ANDY LAKE,,WDG4759,31,12,26,,,90,A
367539810,2022-01-03T20:15:56,29.70710,-95.04733,0.0,307.0,205.0,CAPT ANDY LAKE,,WDG4759,31,12,26,,,90,A
367539810,2022-01-03T20:02:04,29.70708,-95.04734,0.0,264.5,204.0,CAPT ANDY LAKE,,WDG4759,31,12,26,,,90,A
367539810,2022-01-03T19:56:04,29.70710,-95.04732,0.0,239.4,205.0,CAPT ANDY LAKE,,WDG4759,31,12,26,,,90,A
367539810,2022-01-03T20:03:15,29.70710,-95.04733,0.0,5.0,204.0,CAPT ANDY LAKE,,WDG4759,31,12,26,,,90,A
367539810,2022-01-03T19:53:44,29.70710,-95.04734,0.0,188.6,202.0,CAPT ANDY LAKE,,WDG4759,31,12,26,,,90,A
367539810,2022-01-03T21:13:35,29.70708,-95.04734,0.0,237.4,204.0,CAPT ANDY LAKE,,WDG4759,31,12,26,,,90,A
367539810,2022-01-03T21:15:56,29.70708,-95.04736,0.0,218.9,205.0,CAPT ANDY LAKE,,WDG4759,31,12,26,,,90,A
367539810,2022-01-03T20:24:05,29.70708,-95.04734,0.0,184.8,204.0,CAPT ANDY LAKE,,WDG4759,31,12,26,,,90,A
367539810,2022-01-03T20:20:35,29.70709,-95.04734,0.0,224.0,205.0,CAPT ANDY LAKE,,WDG4759,31,12,26,,,90,A
367539810,2022-01-03T20:07:44,29.70710,-95.04733,0.0,249.0,204.0,CAPT ANDY LAKE,,WDG4759,31,12,26,,,90,A
367539810,2022-01-03T20:14:44,29.70710,-95.04734,0.0,226.5,204.0,CAPT ANDY LAKE,,WDG4759,31,12,26,,,90,A
367539810,2022-01-03T20:46:05,29.70709,-95.04734,0.0,292.1,204.0,CAPT ANDY LAKE,,WDG4759,31,12,26,,,90,A
367539810,2022-01-03T20:29:55,29.70709,-95.04734,0.0,227.4,205.0,CAPT ANDY LAKE,,WDG4759,31,12,26,,,90,A
367539810,2022-01-03T20:08:56,29.70709,-95.04733,0.0,42.2,203.0,CAPT ANDY LAKE,,WDG4759,31,12,26,,,90,A
367539810,2022-01-03T21:30:56,29.70709,-95.04735,0.0,230.7,204.0,CAPT ANDY LAKE,,WDG4759,31,12,26,,,90,A
367539810,2022-01-03T20:22:55,29.70709,-95.04735,0.0,214.3,205.0,CAPT ANDY LAKE,,WDG4759,31,12,26,,,90,A
367539810,2022-01-03T21:34:15,29.70710,-95.04735,0.0,275.4,202.0,CAPT ANDY LAKE,,WDG4759,31,12,26,,,90,A
367539810,2022-01-03T20:25:15,29.70709,-95.04733,0.0,247.5,205.0,CAPT ANDY LAKE,,WDG4759,31,12,26,,,90,A
367539810,2022-01-03T20:26:25,29.70708,-95.04734,0.0,28.3,202.0,CAPT ANDY LAKE,,WDG4759,31,12,26,,,90,A
367539810,2022-01-03T20:57:36,29.70711,-95.04733,0.0,341.6,203.0,CAPT ANDY LAKE,,WDG4759,31,12,26,,,90,A
367539810,2022-01-03T20:58:45,29.70716,-95.04733,0.0,295.9,204.0,CAPT ANDY LAKE,,WDG4759,31,12,26,,,90,A
367539810,2022-01-03T20:19:26,29.70709,-95.04734,0.0,231.3,204.0,CAPT ANDY LAKE,,WDG4759,31,12,26,,,90,A
367539810,2022-01-03T20:31:05,29.70708,-95.04734,0.0,283.6,205.0,CAPT ANDY LAKE,,WDG4759,31,12,26,,,90,A
367539810,2022-01-03T20:50:45,29.70712,-95.04734,0.0,324.0,203.0,CAPT ANDY LAKE,,WDG4759,31,12,26,,,90,A
367539810,2022-01-03T20:36:56,29.70710,-95.04734,0.0,341.0,205.0,CAPT ANDY LAKE,,WDG4759,31,12,26,,,90,A
367539810,2022-01-03T20:51:56,29.70710,-95.04734,0.0,266.5,204.0,CAPT ANDY LAKE,,WDG4759,31,12,26,,,90,A
367539810,2022-01-03T20:53:05,29.70710,-95.04734,0.0,354.0,204.0,CAPT ANDY LAKE,,WDG4759,31,12,26,,,90,A
367539810,2022-01-03T20:38:05,29.70710,-95.04733,0.0,219.6,205.0,CAPT ANDY LAKE,,WDG4759,31,12,26,,,90,A
367539810,2022-01-03T20:40:16,29.70710,-95.04734,0.0,346.4,203.0,CAPT ANDY LAKE,,WDG4759,31,12,26,,,90,A
367539810,2022-01-03T21:09:05,29.70708,-95.04734,0.0,230.9,204.0,CAPT ANDY LAKE,,WDG4759,31,12,26,,,90,A
367539810,2022-01-03T20:55:15,29.70710,-95.04734,0.0,267.2,204.0,CAPT ANDY LAKE,,WDG4759,31,12,26,,,90,A
367539810,2022-01-03T21:50:34,29.70709,-95.04733,0.0,280.6,203.0,CAPT ANDY LAKE,,WDG4759,31,12,26,,,90,A
367539810,2022-01-03T20:32:15,29.70710,-95.04734,0.0,52.5,202.0,CAPT ANDY LAKE,,WDG4759,31,12,26,,,90,A
367539810,2022-01-03T21:14:45,29.70707,-95.04734,0.1,198.4,205.0,CAPT ANDY LAKE,,WDG4759,31,12,26,,,90,A
367539810,2022-01-03T20:35:46,29.70708,-95.04734,0.0,247.8,205.0,CAPT ANDY LAKE,,WDG4759,31,12,26,,,90,A
367539810,2022-01-03T20:47:14,29.70710,-95.04734,0.0,305.2,204.0,CAPT ANDY LAKE,,WDG4759,31,12,26,,,90,A
367539810,2022-01-03T21:02:04,29.70713,-95.04734,0.0,358.1,203.0,CAPT ANDY LAKE,,WDG4759,31,12,26,,,90,A
367539810,2022-01-03T21:05:34,29.70708,-95.04734,0.0,229.4,205.0,CAPT ANDY LAKE,,WDG4759,31,12,26,,,90,A
367539810,2022-01-03T20:39:15,29.70709,-95.04734,0.0,206.8,204.0,CAPT ANDY LAKE,,WDG4759,31,12,26,,,90,A
367539810,2022-01-03T22:01:34,29.70708,-95.04733,0.0,259.4,204.0,CAPT ANDY LAKE,,WDG4759,31,12,26,,,90,A
367539810,2022-01-03T20:41:24,29.70709,-95.04733,0.0,336.3,203.0,CAPT ANDY LAKE,,WDG4759,31,12,26,,,90,A
367539810,2022-01-03T21:24:05,29.70708,-95.04735,0.0,260.0,204.0,CAPT ANDY LAKE,,WDG4759,31,12,26,,,90,A
367539810,2022-01-03T20:42:36,29.70708,-95.04734,0.1,231.6,204.0,CAPT ANDY LAKE,,WDG4759,31,12,26,,,90,A
367539810,2022-01-03T21:07:55,29.70707,-95.04734,0.0,228.8,204.0,CAPT ANDY LAKE,,WDG4759,31,12,26,,,90,A
367539810,2022-01-03T21:12:34,29.70708,-95.04735,0.0,176.2,204.0,CAPT ANDY LAKE,,WDG4759,31,12,26,,,90,A
367539810,2022-01-03T20:59:54,29.70710,-95.04734,0.0,288.0,204.0,CAPT ANDY LAKE,,WDG4759,31,12,26,,,90,A
367539810,2022-01-03T21:33:14,29.70708,-95.04733,0.0,297.8,201.0,CAPT ANDY LAKE,,WDG4759,31,12,26,,,90,A
367539810,2022-01-03T21:21:44,29.70709,-95.04735,0.0,316.1,204.0,CAPT ANDY LAKE,,WDG4759,31,12,26,,,90,A
367539810,2022-01-03T22:16:05,29.70709,-95.04735,0.0,262.1,204.0,CAPT ANDY LAKE,,WDG4759,31,12,26,,,90,A
367539810,2022-01-03T21:06:45,29.70708,-95.04735,0.0,243.7,205.0,CAPT ANDY LAKE,,WDG4759,31,12,26,,,90,A
367539810,2022-01-03T21:26:24,29.70710,-95.04736,0.0,270.1,204.0,CAPT ANDY LAKE,,WDG4759,31,12,26,,,90,A
367539810,2022-01-03T22:19:35,29.70709,-95.04734,0.0,319.6,204.0,CAPT ANDY LAKE,,WDG4759,31,12,26,,,90,A
367539810,2022-01-03T21:28:44,29.70708,-95.04735,0.0,172.6,203.0,CAPT ANDY LAKE,,WDG4759,31,12,26,,,90,A
367539810,2022-01-03T21:47:05,29.70708,-95.04735,0.0,249.2,205.0,CAPT ANDY LAKE,,WDG4759,31,12,26,,,90,A
367539810,2022-01-03T21:03:16,29.70714,-95.04734,0.0,19.5,202.0,CAPT ANDY LAKE,,WDG4759,31,12,26,,,90,A
367539810,2022-01-03T21:48:15,29.70708,-95.04733,0.0,330.4,204.0,CAPT ANDY LAKE,,WDG4759,31,12,26,,,90,A
367539810,2022-01-03T21:04:25,29.70709,-95.04734,0.0,231.9,202.0,CAPT ANDY LAKE,,WDG4759,31,12,26,,,90,A
367539810,2022-01-03T21:18:15,29.70709,-95.04734,0.0,222.1,204.0,CAPT ANDY LAKE,,WDG4759,31,12,26,,,90,A
367539810,2022-01-03T21:20:35,29.70708,-95.04735,0.0,226.4,203.0,CAPT ANDY LAKE,,WDG4759,31,12,26,,,90,A
367539810,2022-01-03T21:36:44,29.70708,-95.04734,0.0,261.8,204.0,CAPT ANDY LAKE,,WDG4759,31,12,26,,,90,A
367539810,2022-01-03T21:11:25,29.70708,-95.04735,0.0,266.8,204.0,CAPT ANDY LAKE,,WDG4759,31,12,26,,,90,A
367539810,2022-01-03T21:19:26,29.70710,-95.04735,0.0,274.6,201.0,CAPT ANDY LAKE,,WDG4759,31,12,26,,,90,A
367539810,2022-01-03T22:34:35,29.70708,-95.04734,0.0,128.3,203.0,CAPT ANDY LAKE,,WDG4759,31,12,26,,,90,A
367539810,2022-01-03T21:25:14,29.70708,-95.04735,0.0,158.7,205.0,CAPT ANDY LAKE,,WDG4759,31,12,26,,,90,A
367539810,2022-01-03T21:17:05,29.70708,-95.04735,0.0,245.9,202.0,CAPT ANDY LAKE,,WDG4759,31,12,26,,,90,A
367539810,2022-01-03T09:58:16,29.70710,-95.04735,0.0,267.0,204.0,CAPT ANDY LAKE,,WDG4759,31,12,26,,,90,A
367539810,2022-01-03T10:03:14,29.70710,-95.04734,0.0,267.0,203.0,CAPT ANDY LAKE,,WDG4759,31,12,26,,,90,A
367539810,2022-01-03T21:35:35,29.70709,-95.04734,0.0,265.7,203.0,CAPT ANDY LAKE,,WDG4759,31,12,26,,,90,A
367539810,2022-01-03T21:43:44,29.70708,-95.04735,0.0,249.5,204.0,CAPT ANDY LAKE,,WDG4759,31,12,26,,,90,A
367539810,2022-01-03T21:58:34,29.70708,-95.04734,0.0,207.9,203.0,CAPT ANDY LAKE,,WDG4759,31,12,26,,,90,A
367539810,2022-01-03T21:44:45,29.70708,-95.04733,0.0,257.3,205.0,CAPT ANDY LAKE,,WDG4759,31,12,26,,,90,A
367539810,2022-01-03T21:45:55,29.70708,-95.04735,0.0,294.7,205.0,CAPT ANDY LAKE,,WDG4759,31,12,26,,,90,A
367539810,2022-01-03T21:39:05,29.70710,-95.04734,0.0,242.5,204.0,CAPT ANDY LAKE,,WDG4759,31,12,26,,,90,A
367539810,2022-01-03T21:32:04,29.70708,-95.04734,0.0,224.7,204.0,CAPT ANDY LAKE,,WDG4759,31,12,26,,,90,A
367539810,2022-01-03T21:59:45,29.70708,-95.04735,0.0,10.6,203.0,CAPT ANDY LAKE,,WDG4759,31,12,26,,,90,A
367539810,2022-01-03T22:58:26,29.70708,-95.04732,0.0,3.4,201.0,CAPT ANDY LAKE,,WDG4759,31,12,26,,,90,A
367539810,2022-01-03T21:37:54,29.70709,-95.04735,0.0,6.6,203.0,CAPT ANDY LAKE,,WDG4759,31,12,26,,,90,A
367539810,2022-01-03T23:00:55,29.70708,-95.04733,0.0,241.0,203.0,CAPT ANDY LAKE,,WDG4759,31,12,26,,,90,A
367539810,2022-01-03T22:08:35,29.70708,-95.04735,0.0,357.8,204.0,CAPT ANDY LAKE,,WDG4759,31,12,26,,,90,A
367539810,2022-01-03T23:03:14,29.70709,-95.04734,0.0,5.9,202.0,CAPT ANDY LAKE,,WDG4759,31,12,26,,,90,A
367539810,2022-01-03T10:10:14,29.70707,-95.04735,0.0,265.5,203.0,CAPT ANDY LAKE,,WDG4759,31,12,26,,,90,A
367539810,2022-01-03T21:53:55,29.70708,-95.04734,0.0,196.8,203.0,CAPT ANDY LAKE,,WDG4759,31,12,26,,,90,A
367539810,2022-01-03T21:42:36,29.70707,-95.04734,0.0,357.9,205.0,CAPT ANDY LAKE,,WDG4759,31,12,26,,,90,A
367539810,2022-01-03T21:57:26,29.70708,-95.04735,0.0,126.2,203.0,CAPT ANDY LAKE,,WDG4759,31,12,26,,,90,A
367539810,2022-01-03T22:12:36,29.70710,-95.04734,0.0,346.9,204.0,CAPT ANDY LAKE,,WDG4759,31,12,26,,,90,A
367539810,2022-01-03T21:49:24,29.70709,-95.04733,0.0,277.2,202.0,CAPT ANDY LAKE,,WDG4759,31,12,26,,,90,A
367539810,2022-01-03T22:05:05,29.70709,-95.04734,0.0,21.8,204.0,CAPT ANDY LAKE,,WDG4759,31,12,26,,,90,A
367539810,2022-01-03T21:52:45,29.70711,-95.04733,0.0,332.9,202.0,CAPT ANDY LAKE,,WDG4759,31,12,26,,,90,A
367539810,2022-01-03T22:21:44,29.70709,-95.04735,0.0,221.7,205.0,CAPT ANDY LAKE,,WDG4759,31,12,26,,,90,A
367539810,2022-01-03T21:56:15,29.70708,-95.04735,0.0,247.5,203.0,CAPT ANDY LAKE,,WDG4759,31,12,26,,,90,A
367539810,2022-01-03T22:33:24,29.70709,-95.04734,0.1,224.5,202.0,CAPT ANDY LAKE,,WDG4759,31,12,26,,,90,A
367539810,2022-01-03T23:18:14,29.70708,-95.04734,0.0,60.6,203.0,CAPT ANDY LAKE,,WDG4759,31,12,26,,,90,A
367539810,2022-01-03T22:24:04,29.70709,-95.04735,0.0,236.5,206.0,CAPT ANDY LAKE,,WDG4759,31,12,26,,,90,A
367539810,2022-01-03T22:00:26,29.70708,-95.04734,0.0,149.5,203.0,CAPT ANDY LAKE,,WDG4759,31,12,26,,,90,A
367539810,2022-01-03T22:03:56,29.70709,-95.04734,0.0,269.0,204.0,CAPT ANDY LAKE,,WDG4759,31,12,26,,,90,A
367539810,2022-01-03T22:32:15,29.70709,-95.04734,0.0,12.5,202.0,CAPT ANDY LAKE,,WDG4759,31,12,26,,,90,A
367539810,2022-01-03T22:06:14,29.70709,-95.04734,0.0,25.1,204.0,CAPT ANDY LAKE,,WDG4759,31,12,26,,,90,A
367539810,2022-01-03T22:07:26,29.70708,-95.04734,0.0,254.4,204.0,CAPT ANDY LAKE,,WDG4759,31,12,26,,,90,A
367539810,2022-01-03T10:25:25,29.70710,-95.04735,0.0,197.4,203.0,CAPT ANDY LAKE,,WDG4759,31,12,26,,,90,A
367539810,2022-01-03T22:18:25,29.70709,-95.04733,0.0,227.9,204.0,CAPT ANDY LAKE,,WDG4759,31,12,26,,,90,A
367539810,2022-01-03T23:30:55,29.70708,-95.04734,0.0,234.8,204.0,CAPT ANDY LAKE,,WDG4759,31,12,26,,,90,A
367539810,2022-01-03T22:20:36,29.70710,-95.04734,0.0,299.7,204.0,CAPT ANDY LAKE,,WDG4759,31,12,26,,,90,A
367539810,2022-01-03T22:11:26,29.70709,-95.04734,0.0,268.5,205.0,CAPT ANDY LAKE,,WDG4759,31,12,26,,,90,A
367539810,2022-01-03T22:38:05,29.70708,-95.04734,0.0,173.1,203.0,CAPT ANDY LAKE,,WDG4759,31,12,26,,,90,A
367539810,2022-01-03T22:25:15,29.70709,-95.04734,0.0,283.7,205.0,CAPT ANDY LAKE,,WDG4759,31,12,26,,,90,A
367539810,2022-01-03T22:13:45,29.70709,-95.04734,0.0,290.5,205.0,CAPT ANDY LAKE,,WDG4759,31,12,26,,,90,A
367539810,2022-01-03T22:14:56,29.70710,-95.04735,0.0,243.5,205.0,CAPT ANDY LAKE,,WDG4759,31,12,26,,,90,A
367539810,2022-01-03T22:29:54,29.70708,-95.04734,0.0,279.5,204.0,CAPT ANDY LAKE,,WDG4759,31,12,26,,,90,A
367539810,2022-01-03T22:56:04,29.70708,-95.04734,0.0,242.9,205.0,CAPT ANDY LAKE,,WDG4759,31,12,26,,,90,A
367539810,2022-01-03T22:41:25,29.70709,-95.04734,0.0,247.1,203.0,CAPT ANDY LAKE,,WDG4759,31,12,26,,,90,A
367539810,2022-01-03T22:57:16,29.70709,-95.04733,0.0,256.9,202.0,CAPT ANDY LAKE,,WDG4759,31,12,26,,,90,A
367539810,2022-01-03T22:22:54,29.70710,-95.04734,0.0,257.3,203.0,CAPT ANDY LAKE,,WDG4759,31,12,26,,,90,A
367539810,2022-01-03T22:49:25,29.70710,-95.04734,0.0,260.9,204.0,CAPT ANDY LAKE,,WDG4759,31,12,26,,,90,A
367539810,2022-01-03T22:48:24,29.70709,-95.04734,0.0,235.8,204.0,CAPT ANDY LAKE,,WDG4759,31,12,26,,,90,A
367539810,2022-01-03T22:26:26,29.70709,-95.04733,0.0,340.8,204.0,CAPT ANDY LAKE,,WDG4759,31,12,26,,,90,A
367539810,2022-01-03T22:54:54,29.70709,-95.04734,0.0,333.0,204.0,CAPT ANDY LAKE,,WDG4759,31,12,26,,,90,A
367539810,2022-01-03T22:27:35,29.70710,-95.04734,0.0,240.9,204.0,CAPT ANDY LAKE,,WDG4759,31,12,26,,,90,A
367539810,2022-01-03T22:50:35,29.70709,-95.04734,0.0,265.5,203.0,CAPT ANDY LAKE,,WDG4759,31,12,26,,,90,A
367539810,2022-01-03T22:39:15,29.70709,-95.04734,0.1,222.1,204.0,CAPT ANDY LAKE,,WDG4759,31,12,26,,,90,A
367539810,2022-01-03T22:28:46,29.70709,-95.04733,0.0,35.0,203.0,CAPT ANDY LAKE,,WDG4759,31,12,26,,,90,A
367539810,2022-01-03T22:40:24,29.70709,-95.04734,0.0,250.8,201.0,CAPT ANDY LAKE,,WDG4759,31,12,26,,,90,A
367539810,2022-01-03T22:31:04,29.70708,-95.04733,0.0,249.4,203.0,CAPT ANDY LAKE,,WDG4759,31,12,26,,,90,A
367539810,2022-01-03T22:59:35,29.70708,-95.04732,0.0,237.2,204.0,CAPT ANDY LAKE,,WDG4759,31,12,26,,,90,A
367539810,2022-01-03T23:02:05,29.70709,-95.04733,0.0,328.5,201.0,CAPT ANDY LAKE,,WDG4759,31,12,26,,,90,A
367539810,2022-01-03T22:47:14,29.70709,-95.04734,0.0,285.7,203.0,CAPT ANDY LAKE,,WDG4759,31,12,26,,,90,A
367539810,2022-01-03T22:35:45,29.70709,-95.04734,0.0,222.2,200.0,CAPT ANDY LAKE,,WDG4759,31,12,26,,,90,A
367539810,2022-01-03T22:36:54,29.70709,-95.04734,0.0,309.9,204.0,CAPT ANDY LAKE,,WDG4759,31,12,26,,,90,A
367539810,2022-01-03T23:07:55,29.70708,-95.04734,0.0,275.7,204.0,CAPT ANDY LAKE,,WDG4759,31,12,26,,,90,A
367539810,2022-01-03T22:53:46,29.70708,-95.04734,0.0,248.7,204.0,CAPT ANDY LAKE,,WDG4759,31,12,26,,,90,A
367539810,2022-01-03T23:11:15,29.70709,-95.04733,0.0,222.8,203.0,CAPT ANDY LAKE,,WDG4759,31,12,26,,,90,A
367539810,2022-01-03T22:42:35,29.70709,-95.04735,0.0,259.5,203.0,CAPT ANDY LAKE,,WDG4759,31,12,26,,,90,A
367539810,2022-01-03T22:44:56,29.70708,-95.04734,0.0,285.3,203.0,CAPT ANDY LAKE,,WDG4759,31,12,26,,,90,A
367539810,2022-01-03T23:13:36,29.70710,-95.04734,0.0,269.9,204.0,CAPT ANDY LAKE,,WDG4759,31,12,26,,,90,A
367539810,2022-01-03T22:46:05,29.70709,-95.04734,0.0,343.4,203.0,CAPT ANDY LAKE,,WDG4759,31,12,26,,,90,A
367539810,2022-01-03T23:28:25,29.70708,-95.04733,0.0,330.4,203.0,CAPT ANDY LAKE,,WDG4759,31,12,26,,,90,A
367539810,2022-01-03T23:19:25,29.70709,-95.04734,0.1,227.3,201.0,CAPT ANDY LAKE,,WDG4759,31,12,26,,,90,A
367539810,2022-01-03T23:20:36,29.70708,-95.04733,0.0,225.7,201.0,CAPT ANDY LAKE,,WDG4759,31,12,26,,,90,A
367539810,2022-01-03T23:32:04,29.70709,-95.04733,0.0,231.3,202.0,CAPT ANDY LAKE,,WDG4759,31,12,26,,,90,A
367539810,2022-01-03T23:05:34,29.70709,-95.04733,0.0,0.0,201.0,CAPT ANDY LAKE,,WDG4759,31,12,26,,,90,A
367539810,2022-01-03T23:22:55,29.70708,-95.04734,0.0,299.6,204.0,CAPT ANDY LAKE,,WDG4759,31,12,26,,,90,A
367539810,2022-01-03T23:25:04,29.70710,-95.04733,0.0,358.2,202.0,CAPT ANDY LAKE,,WDG4759,31,12,26,,,90,A
367539810,2022-01-03T23:26:16,29.70707,-95.04732,0.0,234.9,203.0,CAPT ANDY LAKE,,WDG4759,31,12,26,,,90,A
367539810,2022-01-03T23:33:05,29.70707,-95.04731,0.1,227.3,203.0,CAPT ANDY LAKE,,WDG4759,31,12,26,,,90,A
367539810,2022-01-03T23:17:04,29.70709,-95.04733,0.0,24.7,203.0,CAPT ANDY LAKE,,WDG4759,31,12,26,,,90,A
367539810,2022-01-03T23:04:25,29.70708,-95.04733,0.0,251.0,202.0,CAPT ANDY LAKE,,WDG4759,31,12,26,,,90,A
367539810,2022-01-03T23:48:34,29.70709,-95.04734,0.0,250.0,204.0,CAPT ANDY LAKE,,WDG4759,31,12,26,,,90,A
367539810,2022-01-03T23:36:25,29.70709,-95.04733,0.0,337.1,202.0,CAPT ANDY LAKE,,WDG4759,31,12,26,,,90,A
367539810,2022-01-03T23:06:45,29.70710,-95.04733,0.0,250.0,202.0,CAPT ANDY LAKE,,WDG4759,31,12,26,,,90,A
367539810,2022-01-03T23:38:45,29.70709,-95.04733,0.0,228.0,202.0,CAPT ANDY LAKE,,WDG4759,31,12,26,,,90,A
367539810,2022-01-03T23:39:54,29.70709,-95.04733,0.0,262.7,202.0,CAPT ANDY LAKE,,WDG4759,31,12,26,,,90,A
367539810,2022-01-03T23:08:56,29.70709,-95.04735,0.0,262.1,205.0,CAPT ANDY LAKE,,WDG4759,31,12,26,,,90,A
367539810,2022-01-03T23:45:05,29.70708,-95.04734,0.0,202.4,204.0,CAPT ANDY LAKE,,WDG4759,31,12,26,,,90,A
367539810,2022-01-03T23:14:45,29.70709,-95.04733,0.0,253.1,205.0,CAPT ANDY LAKE,,WDG4759,31,12,26,,,90,A
367539810,2022-01-03T23:47:15,29.70710,-95.04733,0.0,277.5,204.0,CAPT ANDY LAKE,,WDG4759,31,12,26,,,90,A
367539810,2022-01-03T23:15:54,29.70709,-95.04733,0.0,246.0,204.0,CAPT ANDY LAKE,,WDG4759,31,12,26,,,90,A
367539810,2022-01-03T23:29:26,29.70709,-95.04734,0.1,233.4,204.0,CAPT ANDY LAKE,,WDG4759,31,12,26,,,90,A
367539810,2022-01-03T23:50:54,29.70709,-95.04733,0.0,212.4,201.0,CAPT ANDY LAKE,,WDG4759,31,12,26,,,90,A
367539810,2022-01-03T23:56:35,29.70708,-95.04733,0.0,269.3,204.0,CAPT ANDY LAKE,,WDG4759,31,12,26,,,90,A
367539810,2022-01-03T23:37:34,29.70709,-95.04733,0.0,272.3,202.0,CAPT ANDY LAKE,,WDG4759,31,12,26,,,90,A
367539810,2022-01-03T10:58:16,29.70709,-95.04734,0.0,278.0,204.0,CAPT ANDY LAKE,,WDG4759,31,12,26,,,90,A
367539810,2022-01-03T23:41:05,29.70709,-95.04733,0.1,231.4,202.0,CAPT ANDY LAKE,,WDG4759,31,12,26,,,90,A
367539810,2022-01-03T23:54:15,29.70708,-95.04735,0.0,255.9,205.0,CAPT ANDY LAKE,,WDG4759,31,12,26,,,90,A
367539810,2022-01-03T23:42:14,29.70709,-95.04734,0.0,250.9,204.0,CAPT ANDY LAKE,,WDG4759,31,12,26,,,90,A
367539810,2022-01-03T23:43:54,29.70709,-95.04734,0.0,284.1,204.0,CAPT ANDY LAKE,,WDG4759,31,12,26,,,90,A
367539810,2022-01-03T23:49:45,29.70711,-95.04734,0.0,317.3,205.0,CAPT ANDY LAKE,,WDG4759,31,12,26,,,90,A
367539810,2022-01-03T23:51:55,29.70709,-95.04734,0.0,271.3,204.0,CAPT ANDY LAKE,,WDG4759,31,12,26,,,90,A
367539810,2022-01-03T23:53:05,29.70710,-95.04734,0.0,238.7,205.0,CAPT ANDY LAKE,,WDG4759,31,12,26,,,90,A
367539810,2022-01-03T23:57:45,29.70708,-95.04735,0.0,241.8,204.0,CAPT ANDY LAKE,,WDG4759,31,12,26,,,90,A
367539810,2022-01-03T23:55:25,29.70708,-95.04734,0.0,320.9,204.0,CAPT ANDY LAKE,,WDG4759,31,12,26,,,90,A
367539810,2022-01-03T11:27:26,29.70710,-95.04732,0.0,307.4,204.0,CAPT ANDY LAKE,,WDG4759,31,12,26,,,90,A
367539810,2022-01-03T11:33:15,29.70707,-95.04735,0.0,282.7,204.0,CAPT ANDY LAKE,,WDG4759,31,12,26,,,90,A
367539810,2022-01-03T11:42:55,29.70707,-95.04733,0.0,263.4,205.0,CAPT ANDY LAKE,,WDG4759,31,12,26,,,90,A
367539810,2022-01-03T12:03:14,29.70707,-95.04734,0.0,216.7,204.0,CAPT ANDY LAKE,,WDG4759,31,12,26,,,90,A
367539810,2022-01-03T12:12:34,29.70708,-95.04733,0.0,273.6,204.0,CAPT ANDY LAKE,,WDG4759,31,12,26,,,90,A
367539810,2022-01-03T12:13:44,29.70708,-95.04734,0.0,280.0,204.0,CAPT ANDY LAKE,,WDG4759,31,12,26,,,90,A
367539810,2022-01-03T12:18:26,29.70708,-95.04734,0.0,234.1,205.0,CAPT ANDY LAKE,,WDG4759,31,12,26,,,90,A
367539810,2022-01-03T12:33:05,29.70708,-95.04734,0.0,279.5,204.0,CAPT ANDY LAKE,,WDG4759,31,12,26,,,90,A
367539810,2022-01-03T12:37:14,29.70709,-95.04734,0.0,277.1,204.0,CAPT ANDY LAKE,,WDG4759,31,12,26,,,90,A
367539810,2022-01-03T12:47:46,29.70709,-95.04734,0.0,287.8,203.0,CAPT ANDY LAKE,,WDG4759,31,12,26,,,90,A
367539810,2022-01-03T13:01:35,29.70710,-95.04734,0.0,278.1,205.0,CAPT ANDY LAKE,,WDG4759,31,12,26,,,90,A
367539810,2022-01-03T13:10:45,29.70709,-95.04733,0.0,29.2,202.0,CAPT ANDY LAKE,,WDG4759,31,12,26,,,90,A
367539810,2022-01-03T13:16:34,29.70712,-95.04736,0.0,225.0,205.0,CAPT ANDY LAKE,,WDG4759,31,12,26,,,90,A
367539810,2022-01-03T13:32:26,29.70709,-95.04734,0.0,35.2,201.0,CAPT ANDY LAKE,,WDG4759,31,12,26,,,90,A
367539810,2022-01-03T13:34:44,29.70711,-95.04734,0.0,274.6,202.0,CAPT ANDY LAKE,,WDG4759,31,12,26,,,90,A
367539810,2022-01-03T13:39:35,29.70709,-95.04734,0.0,235.4,204.0,CAPT ANDY LAKE,,WDG4759,31,12,26,,,90,A
367539810,2022-01-03T13:43:04,29.70709,-95.04735,0.0,190.1,204.0,CAPT ANDY LAKE,,WDG4759,31,12,26,,,90,A
367539810,2022-01-03T13:55:44,29.70708,-95.04734,0.0,10.1,204.0,CAPT ANDY LAKE,,WDG4759,31,12,26,,,90,A
367539810,2022-01-03T13:58:05,29.70709,-95.04733,0.0,97.5,203.0,CAPT ANDY LAKE,,WDG4759,31,12,26,,,90,A
367539810,2022-01-03T14:02:25,29.70709,-95.04734,0.0,352.3,204.0,CAPT ANDY LAKE,,WDG4759,31,12,26,,,90,A
367539810,2022-01-03T14:17:34,29.70711,-95.04732,0.1,12.7,201.0,CAPT ANDY LAKE,,WDG4759,31,12,26,,,90,A
367539810,2022-01-03T14:18:45,29.70709,-95.04733,0.0,247.4,202.0,CAPT ANDY LAKE,,WDG4759,31,12,26,,,90,A
367539810,2022-01-03T14:28:04,29.70708,-95.04733,0.0,247.5,205.0,CAPT ANDY LAKE,,WDG4759,31,12,26,,,90,A
367539810,2022-01-03T14:35:45,29.70708,-95.04735,0.0,213.3,204.0,CAPT ANDY LAKE,,WDG4759,31,12,26,,,90,A
367539810,2022-01-03T14:40:45,29.70710,-95.04734,0.0,295.0,205.0,CAPT ANDY LAKE,,WDG4759,31,12,26,,,90,A
367539810,2022-01-03T14:44:14,29.70709,-95.04734,0.0,275.7,204.0,CAPT ANDY LAKE,,WDG4759,31,12,26,,,90,A
367539810,2022-01-03T15:09:04,29.70710,-95.04733,0.0,35.1,205.0,CAPT ANDY LAKE,,WDG4759,31,12,26,,,90,A
367539810,2022-01-03T15:30:55,29.70708,-95.04733,0.0,226.8,204.0,CAPT ANDY LAKE,,WDG4759,31,12,26,,,90,A
367539810,2022-01-03T15:33:45,29.70708,-95.04734,0.0,205.0,203.0,CAPT ANDY LAKE,,WDG4759,31,12,26,,,90,A
367539810,2022-01-03T15:52:15,29.70709,-95.04733,0.0,233.1,203.0,CAPT ANDY LAKE,,WDG4759,31,12,26,,,90,A
367539810,2022-01-03T16:08:24,29.70710,-95.04733,0.0,213.9,204.0,CAPT ANDY LAKE,,WDG4759,31,12,26,,,90,A
367539810,2022-01-03T16:38:55,29.70709,-95.04734,0.0,263.4,205.0,CAPT ANDY LAKE,,WDG4759,31,12,26,,,90,A
367539810,2022-01-03T17:15:25,29.70708,-95.04734,0.0,71.6,205.0,CAPT ANDY LAKE,,WDG4759,31,12,26,,,90,A
367539810,2022-01-03T17:23:34,29.70709,-95.04733,0.0,145.1,203.0,CAPT ANDY LAKE,,WDG4759,31,12,26,,,90,A
367539810,2022-01-03T17:24:45,29.70709,-95.04733,0.0,77.8,204.0,CAPT ANDY LAKE,,WDG4759,31,12,26,,,90,A
367539810,2022-01-03T17:27:05,29.70709,-95.04732,0.0,305.3,203.0,CAPT ANDY LAKE,,WDG4759,31,12,26,,,90,A
367539810,2022-01-03T17:31:56,29.70709,-95.04732,0.0,264.7,203.0,CAPT ANDY LAKE,,WDG4759,31,12,26,,,90,A
367539810,2022-01-03T17:34:15,29.70709,-95.04733,0.0,358.2,205.0,CAPT ANDY LAKE,,WDG4759,31,12,26,,,90,A
367539810,2022-01-03T17:40:25,29.70709,-95.04733,0.0,332.0,204.0,CAPT ANDY LAKE,,WDG4759,31,12,26,,,90,A
367539810,2022-01-03T17:53:16,29.70709,-95.04733,0.0,324.2,201.0,CAPT ANDY LAKE,,WDG4759,31,12,26,,,90,A
367539810,2022-01-03T18:04:15,29.70710,-95.04732,0.0,282.4,203.0,CAPT ANDY LAKE,,WDG4759,31,12,26,,,90,A
367539810,2022-01-03T18:14:45,29.70709,-95.04730,0.0,257.5,203.0,CAPT ANDY LAKE,,WDG4759,31,12,26,,,90,A
367539810,2022-01-03T18:15:55,29.70709,-95.04731,0.0,260.0,204.0,CAPT ANDY LAKE,,WDG4759,31,12,26,,,90,A
367539810,2022-01-03T18:41:35,29.70708,-95.04733,0.0,193.1,205.0,CAPT ANDY LAKE,,WDG4759,31,12,26,,,90,A
367539810,2022-01-03T18:45:05,29.70710,-95.04732,0.0,222.8,204.0,CAPT ANDY LAKE,,WDG4759,31,12,26,,,90,A
367539810,2022-01-03T18:47:25,29.70711,-95.04732,0.0,212.4,205.0,CAPT ANDY LAKE,,WDG4759,31,12,26,,,90,A
367539810,2022-01-03T19:19:45,29.70711,-95.04732,0.0,260.8,203.0,CAPT ANDY LAKE,,WDG4759,31,12,26,,,90,A
367539810,2022-01-03T19:22:04,29.70709,-95.04730,0.0,231.3,203.0,CAPT ANDY LAKE,,WDG4759,31,12,26,,,90,A
367539810,2022-01-03T19:23:14,29.70709,-95.04732,0.0,237.1,204.0,CAPT ANDY LAKE,,WDG4759,31,12,26,,,90,A
367539810,2022-01-03T19:49:05,29.70710,-95.04733,0.0,231.1,203.0,CAPT ANDY LAKE,,WDG4759,31,12,26,,,90,A
367539810,2022-01-03T19:52:34,29.70710,-95.04733,0.0,19.1,201.0,CAPT ANDY LAKE,,WDG4759,31,12,26,,,90,A
367539810,2022-01-03T20:00:56,29.70709,-95.04733,0.0,262.8,203.0,CAPT ANDY LAKE,,WDG4759,31,12,26,,,90,A
367539810,2022-01-03T20:10:04,29.70711,-95.04733,0.0,163.1,203.0,CAPT ANDY LAKE,,WDG4759,31,12,26,,,90,A
367539810,2022-01-03T20:13:34,29.70709,-95.04734,0.0,43.4,204.0,CAPT ANDY LAKE,,WDG4759,31,12,26,,,90,A
367539810,2022-01-03T20:28:45,29.70709,-95.04734,0.0,219.5,204.0,CAPT ANDY LAKE,,WDG4759,31,12,26,,,90,A
367539810,2022-01-03T20:34:36,29.70708,-95.04734,0.0,193.5,205.0,CAPT ANDY LAKE,,WDG4759,31,12,26,,,90,A
367539810,2022-01-03T20:44:56,29.70709,-95.04733,0.0,294.8,205.0,CAPT ANDY LAKE,,WDG4759,31,12,26,,,90,A
367539810,2022-01-03T20:49:35,29.70716,-95.04734,0.0,259.4,205.0,CAPT ANDY LAKE,,WDG4759,31,12,26,,,90,A
367539810,2022-01-03T21:10:15,29.70708,-95.04735,0.0,232.7,204.0,CAPT ANDY LAKE,,WDG4759,31,12,26,,,90,A
367539810,2022-01-03T21:22:54,29.70708,-95.04735,0.0,236.4,204.0,CAPT ANDY LAKE,,WDG4759,31,12,26,,,90,A
367539810,2022-01-03T21:27:34,29.70708,-95.04735,0.0,203.8,204.0,CAPT ANDY LAKE,,WDG4759,31,12,26,,,90,A
367539810,2022-01-03T21:29:55,29.70709,-95.04734,0.0,252.4,204.0,CAPT ANDY LAKE,,WDG4759,31,12,26,,,90,A
367539810,2022-01-03T21:40:14,29.70709,-95.04735,0.0,220.4,204.0,CAPT ANDY LAKE,,WDG4759,31,12,26,,,90,A
367539810,2022-01-03T21:41:25,29.70708,-95.04734,0.0,258.8,204.0,CAPT ANDY LAKE,,WDG4759,31,12,26,,,90,A
367539810,2022-01-03T21:51:44,29.70709,-95.04733,0.0,253.5,203.0,CAPT ANDY LAKE,,WDG4759,31,12,26,,,90,A
367539810,2022-01-03T21:55:04,29.70708,-95.04734,0.0,267.1,203.0,CAPT ANDY LAKE,,WDG4759,31,12,26,,,90,A
367539810,2022-01-03T22:02:45,29.70709,-95.04734,0.0,273.9,204.0,CAPT ANDY LAKE,,WDG4759,31,12,26,,,90,A
367539810,2022-01-03T22:09:45,29.70708,-95.04735,0.0,13.9,204.0,CAPT ANDY LAKE,,WDG4759,31,12,26,,,90,A
367539810,2022-01-03T22:17:15,29.70709,-95.04734,0.0,4.0,204.0,CAPT ANDY LAKE,,WDG4759,31,12,26,,,90,A
367539810,2022-01-03T22:43:44,29.70709,-95.04734,0.0,310.4,203.0,CAPT ANDY LAKE,,WDG4759,31,12,26,,,90,A
367539810,2022-01-03T23:12:25,29.70709,-95.04734,0.0,255.8,204.0,CAPT ANDY LAKE,,WDG4759,31,12,26,,,90,A
367539810,2022-01-03T23:21:45,29.70708,-95.04734,0.0,303.5,202.0,CAPT ANDY LAKE,,WDG4759,31,12,26,,,90,A
367539810,2022-01-03T23:23:56,29.70708,-95.04733,0.0,264.5,203.0,CAPT ANDY LAKE,,WDG4759,31,12,26,,,90,A
367539810,2022-01-03T23:34:14,29.70708,-95.04733,0.0,286.9,205.0,CAPT ANDY LAKE,,WDG4759,31,12,26,,,90,A
367539810,2022-01-03T23:46:14,29.70709,-95.04734,0.0,223.9,204.0,CAPT ANDY LAKE,,WDG4759,31,12,26,,,90,A
367539810,2022-01-03T23:58:56,29.70708,-95.04735,0.0,291.0,204.0,CAPT ANDY LAKE,,WDG4759,31,12,26,,,90,A
367539810,2022-01-04T00:00:15,29.70708,-95.04735,0.0,316.7,204.0,CAPT ANDY LAKE,,WDG4759,31,12,26,,,90,A
367539810,2022-01-04T00:01:24,29.70709,-95.04735,0.0,235.6,205.0,CAPT ANDY LAKE,,WDG4759,31,12,26,,,90,A
367539810,2022-01-04T00:02:34,29.70708,-95.04734,0.0,272.1,205.0,CAPT ANDY LAKE,,WDG4759,31,12,26,,,90,A
367539810,2022-01-04T00:03:45,29.70709,-95.04734,0.0,245.3,205.0,CAPT ANDY LAKE,,WDG4759,31,12,26,,,90,A
367539810,2022-01-04T00:04:54,29.70709,-95.04735,0.0,239.5,204.0,CAPT ANDY LAKE,,WDG4759,31,12,26,,,90,A
367539810,2022-01-04T00:06:05,29.70709,-95.04735,0.0,249.8,204.0,CAPT ANDY LAKE,,WDG4759,31,12,26,,,90,A
367539810,2022-01-04T00:07:15,29.70710,-95.04734,0.0,271.1,204.0,CAPT ANDY LAKE,,WDG4759,31,12,26,,,90,A
367539810,2022-01-04T00:08:25,29.70708,-95.04734,0.0,288.7,204.0,CAPT ANDY LAKE,,WDG4759,31,12,26,,,90,A
367539810,2022-01-04T00:11:56,29.70708,-95.04734,0.0,270.3,204.0,CAPT ANDY LAKE,,WDG4759,31,12,26,,,90,A
367539810,2022-01-04T00:10:46,29.70708,-95.04734,0.0,308.7,204.0,CAPT ANDY LAKE,,WDG4759,31,12,26,,,90,A
367539810,2022-01-04T00:09:35,29.70708,-95.04734,0.0,302.4,204.0,CAPT ANDY LAKE,,WDG4759,31,12,26,,,90,A
367539810,2022-01-04T00:14:15,29.70708,-95.04734,0.1,219.8,202.0,CAPT ANDY LAKE,,WDG4759,31,12,26,,,90,A
367539810,2022-01-04T00:13:06,29.70708,-95.04735,0.0,286.8,204.0,CAPT ANDY LAKE,,WDG4759,31,12,26,,,90,A
367539810,2022-01-04T00:16:26,29.70708,-95.04734,0.0,1.5,202.0,CAPT ANDY LAKE,,WDG4759,31,12,26,,,90,A
367539810,2022-01-04T00:15:25,29.70708,-95.04734,0.0,258.7,204.0,CAPT ANDY LAKE,,WDG4759,31,12,26,,,90,A
367539810,2022-01-04T00:17:35,29.70708,-95.04733,0.1,218.5,204.0,CAPT ANDY LAKE,,WDG4759,31,12,26,,,90,A
367539810,2022-01-04T00:18:45,29.70708,-95.04734,0.0,246.6,204.0,CAPT ANDY LAKE,,WDG4759,31,12,26,,,90,A
367539810,2022-01-04T00:28:04,29.70709,-95.04733,0.0,264.4,203.0,CAPT ANDY LAKE,,WDG4759,31,12,26,,,90,A
367539810,2022-01-04T00:22:14,29.70708,-95.04734,0.0,268.5,204.0,CAPT ANDY LAKE,,WDG4759,31,12,26,,,90,A
367539810,2022-01-04T00:19:55,29.70708,-95.04734,0.0,213.0,204.0,CAPT ANDY LAKE,,WDG4759,31,12,26,,,90,A
367539810,2022-01-04T00:30:45,29.70709,-95.04734,0.0,287.9,203.0,CAPT ANDY LAKE,,WDG4759,31,12,26,,,90,A
367539810,2022-01-04T00:21:05,29.70709,-95.04734,0.0,217.4,203.0,CAPT ANDY LAKE,,WDG4759,31,12,26,,,90,A
367539810,2022-01-04T00:31:54,29.70710,-95.04734,0.0,183.8,202.0,CAPT ANDY LAKE,,WDG4759,31,12,26,,,90,A
367539810,2022-01-04T00:25:45,29.70709,-95.04733,0.0,218.3,201.0,CAPT ANDY LAKE,,WDG4759,31,12,26,,,90,A
367539810,2022-01-04T00:23:26,29.70708,-95.04734,0.0,214.8,204.0,CAPT ANDY LAKE,,WDG4759,31,12,26,,,90,A
367539810,2022-01-04T00:33:04,29.70710,-95.04734,0.0,198.9,202.0,CAPT ANDY LAKE,,WDG4759,31,12,26,,,90,A
367539810,2022-01-04T00:24:35,29.70708,-95.04733,0.0,287.1,203.0,CAPT ANDY LAKE,,WDG4759,31,12,26,,,90,A
367539810,2022-01-04T00:29:15,29.70709,-95.04734,0.0,246.9,202.0,CAPT ANDY LAKE,,WDG4759,31,12,26,,,90,A
367539810,2022-01-04T00:26:56,29.70709,-95.04733,0.0,216.6,202.0,CAPT ANDY LAKE,,WDG4759,31,12,26,,,90,A
367539810,2022-01-04T00:34:14,29.70709,-95.04734,0.0,218.2,202.0,CAPT ANDY LAKE,,WDG4759,31,12,26,,,90,A
367539810,2022-01-04T00:37:04,29.70708,-95.04734,0.0,208.1,202.0,CAPT ANDY LAKE,,WDG4759,31,12,26,,,90,A
367539810,2022-01-04T00:39:26,29.70709,-95.04734,0.0,19.4,204.0,CAPT ANDY LAKE,,WDG4759,31,12,26,,,90,A
367539810,2022-01-04T00:40:35,29.70709,-95.04734,0.0,231.2,202.0,CAPT ANDY LAKE,,WDG4759,31,12,26,,,90,A
367539810,2022-01-04T00:41:44,29.70708,-95.04734,0.0,199.3,205.0,CAPT ANDY LAKE,,WDG4759,31,12,26,,,90,A
367539810,2022-01-04T00:45:15,29.70708,-95.04733,0.0,268.6,203.0,CAPT ANDY LAKE,,WDG4759,31,12,26,,,90,A
367539810,2022-01-04T00:53:25,29.70708,-95.04732,0.0,194.4,202.0,CAPT ANDY LAKE,,WDG4759,31,12,26,,,90,A
367539810,2022-01-04T00:44:05,29.70708,-95.04733,0.0,207.2,204.0,CAPT ANDY LAKE,,WDG4759,31,12,26,,,90,A
367539810,2022-01-04T00:38:14,29.70708,-95.04734,0.0,213.3,204.0,CAPT ANDY LAKE,,WDG4759,31,12,26,,,90,A
367539810,2022-01-04T00:42:55,29.70710,-95.04735,0.0,240.2,205.0,CAPT ANDY LAKE,,WDG4759,31,12,26,,,90,A
367539810,2022-01-04T00:35:35,29.70710,-95.04734,0.0,206.5,202.0,CAPT ANDY LAKE,,WDG4759,31,12,26,,,90,A
367539810,2022-01-04T00:51:06,29.70708,-95.04733,0.0,268.4,204.0,CAPT ANDY LAKE,,WDG4759,31,12,26,,,90,A
367539810,2022-01-04T00:47:34,29.70708,-95.04734,0.0,214.8,204.0,CAPT ANDY LAKE,,WDG4759,31,12,26,,,90,A
367539810,2022-01-04T00:46:24,29.70709,-95.04733,0.0,232.5,203.0,CAPT ANDY LAKE,,WDG4759,31,12,26,,,90,A
367539810,2022-01-04T00:52:15,29.70709,-95.04734,0.0,335.3,203.0,CAPT ANDY LAKE,,WDG4759,31,12,26,,,90,A
367539810,2022-01-04T00:49:56,29.70705,-95.04730,0.0,234.0,205.0,CAPT ANDY LAKE,,WDG4759,31,12,26,,,90,A
367539810,2022-01-04T00:54:34,29.70701,-95.04724,0.0,228.0,202.0,CAPT ANDY LAKE,,WDG4759,31,12,26,,,90,A
367539810,2022-01-04T00:58:06,29.70708,-95.04733,0.0,238.6,203.0,CAPT ANDY LAKE,,WDG4759,31,12,26,,,90,A
367539810,2022-01-04T00:48:45,29.70708,-95.04734,0.0,255.0,205.0,CAPT ANDY LAKE,,WDG4759,31,12,26,,,90,A
367539810,2022-01-04T00:56:55,29.70707,-95.04731,0.0,224.5,203.0,CAPT ANDY LAKE,,WDG4759,31,12,26,,,90,A
367539810,2022-01-04T00:55:46,29.70706,-95.04729,0.0,269.5,202.0,CAPT ANDY LAKE,,WDG4759,31,12,26,,,90,A
367539810,2022-01-04T01:00:14,29.70708,-95.04734,0.0,242.0,203.0,CAPT ANDY LAKE,,WDG4759,31,12,26,,,90,A
367539810,2022-01-04T00:59:14,29.70708,-95.04733,0.0,223.9,203.0,CAPT ANDY LAKE,,WDG4759,31,12,26,,,90,A
367539810,2022-01-04T01:01:24,29.70708,-95.04734,0.0,236.7,203.0,CAPT ANDY LAKE,,WDG4759,31,12,26,,,90,A
367539810,2022-01-04T01:03:45,29.70708,-95.04735,0.0,227.8,204.0,CAPT ANDY LAKE,,WDG4759,31,12,26,,,90,A
367539810,2022-01-04T01:04:56,29.70709,-95.04735,0.0,266.7,204.0,CAPT ANDY LAKE,,WDG4759,31,12,26,,,90,A
367539810,2022-01-04T01:07:24,29.70709,-95.04733,0.0,231.6,202.0,CAPT ANDY LAKE,,WDG4759,31,12,26,,,90,A
367539810,2022-01-04T01:09:44,29.70709,-95.04734,0.0,234.8,203.0,CAPT ANDY LAKE,,WDG4759,31,12,26,,,90,A
367539810,2022-01-04T01:22:05,29.70709,-95.04734,0.0,217.1,201.0,CAPT ANDY LAKE,,WDG4759,31,12,26,,,90,A
367539810,2022-01-04T01:10:45,29.70709,-95.04733,0.0,245.4,202.0,CAPT ANDY LAKE,,WDG4759,31,12,26,,,90,A
367539810,2022-01-04T01:15:04,29.70709,-95.04733,0.0,52.2,201.0,CAPT ANDY LAKE,,WDG4759,31,12,26,,,90,A
367539810,2022-01-04T01:16:14,29.70709,-95.04734,0.0,193.2,201.0,CAPT ANDY LAKE,,WDG4759,31,12,26,,,90,A
367539810,2022-01-04T01:08:36,29.70708,-95.04733,0.0,238.5,203.0,CAPT ANDY LAKE,,WDG4759,31,12,26,,,90,A
367539810,2022-01-04T01:18:36,29.70709,-95.04733,0.0,230.0,201.0,CAPT ANDY LAKE,,WDG4759,31,12,26,,,90,A
367539810,2022-01-04T01:17:25,29.70710,-95.04735,0.0,266.1,202.0,CAPT ANDY LAKE,,WDG4759,31,12,26,,,90,A
367539810,2022-01-04T01:11:54,29.70710,-95.04734,0.0,266.7,202.0,CAPT ANDY LAKE,,WDG4759,31,12,26,,,90,A
367539810,2022-01-04T01:12:55,29.70709,-95.04734,0.0,261.6,202.0,CAPT ANDY LAKE,,WDG4759,31,12,26,,,90,A
367539810,2022-01-04T01:23:15,29.70709,-95.04735,0.0,208.1,201.0,CAPT ANDY LAKE,,WDG4759,31,12,26,,,90,A
367539810,2022-01-04T01:02:35,29.70709,-95.04734,0.0,273.7,204.0,CAPT ANDY LAKE,,WDG4759,31,12,26,,,90,A
367539810,2022-01-04T01:24:25,29.70709,-95.04734,0.0,326.7,201.0,CAPT ANDY LAKE,,WDG4759,31,12,26,,,90,A
367539810,2022-01-04T01:26:46,29.70708,-95.04735,0.0,232.4,202.0,CAPT ANDY LAKE,,WDG4759,31,12,26,,,90,A
367539810,2022-01-04T01:27:56,29.70708,-95.04734,0.0,228.3,204.0,CAPT ANDY LAKE,,WDG4759,31,12,26,,,90,A
367539810,2022-01-04T01:06:05,29.70709,-95.04733,0.0,348.2,202.0,CAPT ANDY LAKE,,WDG4759,31,12,26,,,90,A
367539810,2022-01-04T01:30:16,29.70710,-95.04735,0.0,346.9,200.0,CAPT ANDY LAKE,,WDG4759,31,12,26,,,90,A
367539810,2022-01-04T01:34:55,29.70710,-95.04733,0.0,233.3,201.0,CAPT ANDY LAKE,,WDG4759,31,12,26,,,90,A
367539810,2022-01-04T01:46:26,29.70710,-95.04733,0.0,286.9,202.0,CAPT ANDY LAKE,,WDG4759,31,12,26,,,90,A
367539810,2022-01-04T01:29:06,29.70708,-95.04734,0.0,257.6,203.0,CAPT ANDY LAKE,,WDG4759,31,12,26,,,90,A
367539810,2022-01-04T01:49:54,29.70709,-95.04733,0.0,291.3,202.0,CAPT ANDY LAKE,,WDG4759,31,12,26,,,90,A
367539810,2022-01-04T01:31:26,29.70710,-95.04736,0.0,246.9,200.0,CAPT ANDY LAKE,,WDG4759,31,12,26,,,90,A
367539810,2022-01-04T01:52:04,29.70711,-95.04734,0.0,249.8,203.0,CAPT ANDY LAKE,,WDG4759,31,12,26,,,90,A
367539810,2022-01-04T01:41:56,29.70709,-95.04735,0.0,1.4,204.0,CAPT ANDY LAKE,,WDG4759,31,12,26,,,90,A
367539810,2022-01-04T01:13:56,29.70706,-95.04729,0.0,191.6,202.0,CAPT ANDY LAKE,,WDG4759,31,12,26,,,90,A
367539810,2022-01-04T01:32:35,29.70710,-95.04734,0.0,230.7,199.0,CAPT ANDY LAKE,,WDG4759,31,12,26,,,90,A
367539810,2022-01-04T01:33:46,29.70710,-95.04734,0.0,223.9,201.0,CAPT ANDY LAKE,,WDG4759,31,12,26,,,90,A
367539810,2022-01-04T01:44:15,29.70709,-95.04734,0.0,258.3,204.0,CAPT ANDY LAKE,,WDG4759,31,12,26,,,90,A
367539810,2022-01-04T01:45:25,29.70710,-95.04734,0.0,9.3,204.0,CAPT ANDY LAKE,,WDG4759,31,12,26,,,90,A
367539810,2022-01-04T01:37:26,29.70710,-95.04733,0.0,231.2,201.0,CAPT ANDY LAKE,,WDG4759,31,12,26,,,90,A
367539810,2022-01-04T01:39:46,29.70709,-95.04733,0.0,345.1,201.0,CAPT ANDY LAKE,,WDG4759,31,12,26,,,90,A
367539810,2022-01-04T01:38:35,29.70709,-95.04734,0.0,208.0,201.0,CAPT ANDY LAKE,,WDG4759,31,12,26,,,90,A
367539810,2022-01-04T01:48:44,29.70709,-95.04733,0.0,276.0,201.0,CAPT ANDY LAKE,,WDG4759,31,12,26,,,90,A
367539810,2022-01-04T01:19:44,29.70709,-95.04734,0.0,224.8,201.0,CAPT ANDY LAKE,,WDG4759,31,12,26,,,90,A
367539810,2022-01-04T02:02:36,29.70710,-95.04732,0.0,257.9,200.0,CAPT ANDY LAKE,,WDG4759,31,12,26,,,90,A
367539810,2022-01-04T01:20:56,29.70709,-95.04734,0.0,240.2,201.0,CAPT ANDY LAKE,,WDG4759,31,12,26,,,90,A
367539810,2022-01-04T01:43:06,29.70709,-95.04733,0.0,255.4,202.0,CAPT ANDY LAKE,,WDG4759,31,12,26,,,90,A
367539810,2022-01-04T02:07:15,29.70710,-95.04733,0.0,320.1,203.0,CAPT ANDY LAKE,,WDG4759,31,12,26,,,90,A
367539810,2022-01-04T01:54:14,29.70709,-95.04734,0.0,291.2,204.0,CAPT ANDY LAKE,,WDG4759,31,12,26,,,90,A
367539810,2022-01-04T01:53:05,29.70709,-95.04734,0.0,301.0,202.0,CAPT ANDY LAKE,,WDG4759,31,12,26,,,90,A
367539810,2022-01-04T01:50:55,29.70709,-95.04734,0.0,279.9,203.0,CAPT ANDY LAKE,,WDG4759,31,12,26,,,90,A
367539810,2022-01-04T01:47:34,29.70709,-95.04734,0.0,278.5,201.0,CAPT ANDY LAKE,,WDG4759,31,12,26,,,90,A
367539810,2022-01-04T01:55:26,29.70710,-95.04734,0.0,250.5,204.0,CAPT ANDY LAKE,,WDG4759,31,12,26,,,90,A
367539810,2022-01-04T01:25:34,29.70710,-95.04735,0.0,244.0,201.0,CAPT ANDY LAKE,,WDG4759,31,12,26,,,90,A
367539810,2022-01-04T01:56:34,29.70710,-95.04732,0.0,337.6,202.0,CAPT ANDY LAKE,,WDG4759,31,12,26,,,90,A
367539810,2022-01-04T01:57:44,29.70709,-95.04732,0.0,303.6,201.0,CAPT ANDY LAKE,,WDG4759,31,12,26,,,90,A
367539810,2022-01-04T02:00:15,29.70710,-95.04733,0.0,281.5,201.0,CAPT ANDY LAKE,,WDG4759,31,12,26,,,90,A
367539810,2022-01-04T02:04:56,29.70709,-95.04733,0.0,247.7,201.0,CAPT ANDY LAKE,,WDG4759,31,12,26,,,90,A
367539810,2022-01-04T01:58:45,29.70710,-95.04732,0.0,266.7,202.0,CAPT ANDY LAKE,,WDG4759,31,12,26,,,90,A
367539810,2022-01-04T02:03:45,29.70710,-95.04733,0.0,265.7,201.0,CAPT ANDY LAKE,,WDG4759,31,12,26,,,90,A
367539810,2022-01-04T02:01:24,29.70710,-95.04734,0.0,290.2,201.0,CAPT ANDY LAKE,,WDG4759,31,12,26,,,90,A
367539810,2022-01-04T01:36:15,29.70710,-95.04734,0.0,255.7,202.0,CAPT ANDY LAKE,,WDG4759,31,12,26,,,90,A
367539810,2022-01-04T02:16:25,29.70709,-95.04734,0.0,259.2,201.0,CAPT ANDY LAKE,,WDG4759,31,12,26,,,90,A
367539810,2022-01-04T02:11:46,29.70710,-95.04735,0.0,301.3,203.0,CAPT ANDY LAKE,,WDG4759,31,12,26,,,90,A
367539810,2022-01-04T02:12:55,29.70709,-95.04734,0.0,313.3,203.0,CAPT ANDY LAKE,,WDG4759,31,12,26,,,90,A
367539810,2022-01-04T02:15:15,29.70709,-95.04733,0.0,187.4,201.0,CAPT ANDY LAKE,,WDG4759,31,12,26,,,90,A
367539810,2022-01-04T02:30:16,29.70710,-95.04734,0.0,224.8,201.0,CAPT ANDY LAKE,,WDG4759,31,12,26,,,90,A
367539810,2022-01-04T02:10:45,29.70709,-95.04734,0.0,239.6,203.0,CAPT ANDY LAKE,,WDG4759,31,12,26,,,90,A
367539810,2022-01-04T02:23:24,29.70710,-95.04733,0.0,346.4,200.0,CAPT ANDY LAKE,,WDG4759,31,12,26,,,90,A
367539810,2022-01-04T02:21:04,29.70708,-95.04730,0.0,246.2,201.0,CAPT ANDY LAKE,,WDG4759,31,12,26,,,90,A
367539810,2022-01-04T02:34:04,29.70709,-95.04733,0.0,271.1,205.0,CAPT ANDY LAKE,,WDG4759,31,12,26,,,90,A
367539810,2022-01-04T02:09:35,29.70709,-95.04732,0.0,299.5,201.0,CAPT ANDY LAKE,,WDG4759,31,12,26,,,90,A
367539810,2022-01-04T02:24:36,29.70710,-95.04734,0.1,236.3,200.0,CAPT ANDY LAKE,,WDG4759,31,12,26,,,90,A
367539810,2022-01-04T02:25:46,29.70709,-95.04734,0.0,227.1,200.0,CAPT ANDY LAKE,,WDG4759,31,12,26,,,90,A
367539810,2022-01-04T02:26:54,29.70709,-95.04733,0.0,312.8,200.0,CAPT ANDY LAKE,,WDG4759,31,12,26,,,90,A
367539810,2022-01-04T02:28:04,29.70709,-95.04733,0.0,283.0,201.0,CAPT ANDY LAKE,,WDG4759,31,12,26,,,90,A
367539810,2022-01-04T01:40:54,29.70710,-95.04734,0.1,243.3,201.0,CAPT ANDY LAKE,,WDG4759,31,12,26,,,90,A
367539810,2022-01-04T02:14:06,29.70709,-95.04734,0.0,275.0,201.0,CAPT ANDY LAKE,,WDG4759,31,12,26,,,90,A
367539810,2022-01-04T02:36:16,29.70710,-95.04733,0.0,253.9,202.0,CAPT ANDY LAKE,,WDG4759,31,12,26,,,90,A
367539810,2022-01-04T02:32:36,29.70710,-95.04733,0.1,224.4,202.0,CAPT ANDY LAKE,,WDG4759,31,12,26,,,90,A
367539810,2022-01-04T02:19:55,29.70709,-95.04732,0.0,7.4,200.0,CAPT ANDY LAKE,,WDG4759,31,12,26,,,90,A
367539810,2022-01-04T02:39:06,29.70710,-95.04733,0.0,251.3,202.0,CAPT ANDY LAKE,,WDG4759,31,12,26,,,90,A
367539810,2022-01-04T02:22:14,29.70708,-95.04731,0.0,227.7,202.0,CAPT ANDY LAKE,,WDG4759,31,12,26,,,90,A
367539810,2022-01-04T02:37:26,29.70710,-95.04734,0.0,308.0,206.0,CAPT ANDY LAKE,,WDG4759,31,12,26,,,90,A
367539810,2022-01-04T02:31:25,29.70710,-95.04733,0.0,318.8,202.0,CAPT ANDY LAKE,,WDG4759,31,12,26,,,90,A
367539810,2022-01-04T02:43:45,29.70710,-95.04733,0.0,331.2,204.0,CAPT ANDY LAKE,,WDG4759,31,12,26,,,90,A
367539810,2022-01-04T02:50:45,29.70710,-95.04734,0.0,285.4,202.0,CAPT ANDY LAKE,,WDG4759,31,12,26,,,90,A
367539810,2022-01-04T02:41:25,29.70711,-95.04733,0.0,346.0,202.0,CAPT ANDY LAKE,,WDG4759,31,12,26,,,90,A
367539810,2022-01-04T02:47:15,29.70710,-95.04733,0.0,335.9,202.0,CAPT ANDY LAKE,,WDG4759,31,12,26,,,90,A
367539810,2022-01-04T02:55:24,29.70710,-95.04733,0.0,302.0,204.0,CAPT ANDY LAKE,,WDG4759,31,12,26,,,90,A
367539810,2022-01-04T02:56:36,29.70710,-95.04734,0.0,313.6,204.0,CAPT ANDY LAKE,,WDG4759,31,12,26,,,90,A
367539810,2022-01-04T02:48:25,29.70710,-95.04733,0.0,272.1,202.0,CAPT ANDY LAKE,,WDG4759,31,12,26,,,90,A
367539810,2022-01-04T03:01:45,29.70710,-95.04733,0.0,320.3,204.0,CAPT ANDY LAKE,,WDG4759,31,12,26,,,90,A
367539810,2022-01-04T02:40:16,29.70710,-95.04733,0.1,223.5,203.0,CAPT ANDY LAKE,,WDG4759,31,12,26,,,90,A
367539810,2022-01-04T03:05:05,29.70710,-95.04734,0.0,319.4,202.0,CAPT ANDY LAKE,,WDG4759,31,12,26,,,90,A
367539810,2022-01-04T02:53:05,29.70710,-95.04732,0.0,261.2,203.0,CAPT ANDY LAKE,,WDG4759,31,12,26,,,90,A
367539810,2022-01-04T03:07:25,29.70709,-95.04734,0.0,263.1,205.0,CAPT ANDY LAKE,,WDG4759,31,12,26,,,90,A
367539810,2022-01-04T02:57:45,29.70710,-95.04734,0.0,321.0,203.0,CAPT ANDY LAKE,,WDG4759,31,12,26,,,90,A
367539810,2022-01-04T02:54:16,29.70709,-95.04733,0.0,244.9,203.0,CAPT ANDY LAKE,,WDG4759,31,12,26,,,90,A
367539810,2022-01-04T02:35:05,29.70710,-95.04733,0.0,2.1,201.0,CAPT ANDY LAKE,,WDG4759,31,12,26,,,90,A
367539810,2022-01-04T03:09:45,29.70709,-95.04733,0.0,274.5,203.0,CAPT ANDY LAKE,,WDG4759,31,12,26,,,90,A
367539810,2022-01-04T02:42:35,29.70711,-95.04733,0.0,254.6,203.0,CAPT ANDY LAKE,,WDG4759,31,12,26,,,90,A
367539810,2022-01-04T03:12:06,29.70710,-95.04733,0.0,315.7,203.0,CAPT ANDY LAKE,,WDG4759,31,12,26,,,90,A
367539810,2022-01-04T03:04:04,29.70709,-95.04734,0.0,226.6,205.0,CAPT ANDY LAKE,,WDG4759,31,12,26,,,90,A
367539810,2022-01-04T02:49:35,29.70710,-95.04732,0.0,244.0,202.0,CAPT ANDY LAKE,,WDG4759,31,12,26,,,90,A
367539810,2022-01-04T01:59:56,29.70711,-95.04733,0.1,4.5,202.0,CAPT ANDY LAKE,,WDG4759,31,12,26,,,90,A
367539810,2022-01-04T02:06:05,29.70708,-95.04733,0.0,325.1,204.0,CAPT ANDY LAKE,,WDG4759,31,12,26,,,90,A
367539810,2022-01-04T02:51:55,29.70710,-95.04733,0.0,278.8,202.0,CAPT ANDY LAKE,,WDG4759,31,12,26,,,90,A
367539810,2022-01-04T02:08:25,29.70710,-95.04733,0.0,351.4,201.0,CAPT ANDY LAKE,,WDG4759,31,12,26,,,90,A
367539810,2022-01-04T03:15:36,29.70709,-95.04733,0.0,338.3,202.0,CAPT ANDY LAKE,,WDG4759,31,12,26,,,90,A
367539810,2022-01-04T03:18:04,29.70709,-95.04734,0.0,317.7,204.0,CAPT ANDY LAKE,,WDG4759,31,12,26,,,90,A
367539810,2022-01-04T03:19:15,29.70710,-95.04733,0.0,330.0,202.0,CAPT ANDY LAKE,,WDG4759,31,12,26,,,90,A
367539810,2022-01-04T03:33:14,29.70710,-95.04734,0.0,285.0,203.0,CAPT ANDY LAKE,,WDG4759,31,12,26,,,90,A
367539810,2022-01-04T03:00:35,29.70710,-95.04734,0.0,271.1,204.0,CAPT ANDY LAKE,,WDG4759,31,12,26,,,90,A
367539810,2022-01-04T03:13:15,29.70710,-95.04733,0.0,298.5,202.0,CAPT ANDY LAKE,,WDG4759,31,12,26,,,90,A
367539810,2022-01-04T03:38:16,29.70710,-95.04734,0.0,171.6,202.0,CAPT ANDY LAKE,,WDG4759,31,12,26,,,90,A
367539810,2022-01-04T03:22:34,29.70711,-95.04733,0.0,266.8,202.0,CAPT ANDY LAKE,,WDG4759,31,12,26,,,90,A
367539810,2022-01-04T03:23:46,29.70713,-95.04734,0.0,325.3,202.0,CAPT ANDY LAKE,,WDG4759,31,12,26,,,90,A
367539810,2022-01-04T03:39:25,29.70711,-95.04734,0.0,240.4,203.0,CAPT ANDY LAKE,,WDG4759,31,12,26,,,90,A
367539810,2022-01-04T03:08:34,29.70710,-95.04734,0.0,16.5,203.0,CAPT ANDY LAKE,,WDG4759,31,12,26,,,90,A
367539810,2022-01-04T03:10:55,29.70710,-95.04733,0.1,298.3,202.0,CAPT ANDY LAKE,,WDG4759,31,12,26,,,90,A
367539810,2022-01-04T02:17:36,29.70708,-95.04733,0.0,166.9,201.0,CAPT ANDY LAKE,,WDG4759,31,12,26,,,90,A
367539810,2022-01-04T02:18:44,29.70709,-95.04731,0.0,324.0,201.0,CAPT ANDY LAKE,,WDG4759,31,12,26,,,90,A
367539810,2022-01-04T03:26:04,29.70715,-95.04734,0.0,271.6,203.0,CAPT ANDY LAKE,,WDG4759,31,12,26,,,90,A
367539810,2022-01-04T03:28:25,29.70709,-95.04733,0.0,228.0,202.0,CAPT ANDY LAKE,,WDG4759,31,12,26,,,90,A
367539810,2022-01-04T03:29:35,29.70709,-95.04733,0.0,237.0,202.0,CAPT ANDY LAKE,,WDG4759,31,12,26,,,90,A
367539810,2022-01-04T03:06:16,29.70709,-95.04734,0.0,276.9,203.0,CAPT ANDY LAKE,,WDG4759,31,12,26,,,90,A
367539810,2022-01-04T03:14:25,29.70709,-95.04733,0.0,305.6,203.0,CAPT ANDY LAKE,,WDG4759,31,12,26,,,90,A
367539810,2022-01-04T03:32:06,29.70710,-95.04733,0.0,234.5,202.0,CAPT ANDY LAKE,,WDG4759,31,12,26,,,90,A
367539810,2022-01-04T03:45:04,29.70708,-95.04733,0.0,258.2,205.0,CAPT ANDY LAKE,,WDG4759,31,12,26,,,90,A
367539810,2022-01-04T03:30:54,29.70710,-95.04733,0.0,214.4,202.0,CAPT ANDY LAKE,,WDG4759,31,12,26,,,90,A
367539810,2022-01-04T03:51:54,29.70709,-95.04733,0.0,207.2,204.0,CAPT ANDY LAKE,,WDG4759,31,12,26,,,90,A
367539810,2022-01-04T03:21:26,29.70712,-95.04733,0.0,276.1,203.0,CAPT ANDY LAKE,,WDG4759,31,12,26,,,90,A
367539810,2022-01-04T03:40:35,29.70711,-95.04734,0.0,326.5,202.0,CAPT ANDY LAKE,,WDG4759,31,12,26,,,90,A
367539810,2022-01-04T03:41:45,29.70710,-95.04733,0.0,238.8,203.0,CAPT ANDY LAKE,,WDG4759,31,12,26,,,90,A
367539810,2022-01-04T02:29:15,29.70710,-95.04734,0.0,305.9,202.0,CAPT ANDY LAKE,,WDG4759,31,12,26,,,90,A
367539810,2022-01-04T03:59:46,29.70708,-95.04733,0.0,268.3,206.0,CAPT ANDY LAKE,,WDG4759,31,12,26,,,90,A
367539810,2022-01-04T03:46:14,29.70708,-95.04732,0.0,255.3,205.0,CAPT ANDY LAKE,,WDG4759,31,12,26,,,90,A
367539810,2022-01-04T03:49:35,29.70709,-95.04733,0.0,291.5,204.0,CAPT ANDY LAKE,,WDG4759,31,12,26,,,90,A
367539810,2022-01-04T03:50:44,29.70709,-95.04733,0.0,244.5,204.0,CAPT ANDY LAKE,,WDG4759,31,12,26,,,90,A
367539810,2022-01-04T03:27:16,29.70709,-95.04733,0.1,304.6,203.0,CAPT ANDY LAKE,,WDG4759,31,12,26,,,90,A
367539810,2022-01-04T04:07:44,29.70709,-95.04735,0.0,183.1,203.0,CAPT ANDY LAKE,,WDG4759,31,12,26,,,90,A
367539810,2022-01-04T03:34:24,29.70709,-95.04734,0.0,302.7,202.0,CAPT ANDY LAKE,,WDG4759,31,12,26,,,90,A
367539810,2022-01-04T03:35:35,29.70710,-95.04734,0.0,295.4,201.0,CAPT ANDY LAKE,,WDG4759,31,12,26,,,90,A
367539810,2022-01-04T03:54:15,29.70708,-95.04734,0.0,230.2,203.0,CAPT ANDY LAKE,,WDG4759,31,12,26,,,90,A
367539810,2022-01-04T03:55:24,29.70708,-95.04734,0.0,288.0,204.0,CAPT ANDY LAKE,,WDG4759,31,12,26,,,90,A
367539810,2022-01-04T03:57:34,29.70709,-95.04733,0.0,219.9,204.0,CAPT ANDY LAKE,,WDG4759,31,12,26,,,90,A
367539810,2022-01-04T04:17:25,29.70708,-95.04733,0.0,247.4,206.0,CAPT ANDY LAKE,,WDG4759,31,12,26,,,90,A
367539810,2022-01-04T03:47:25,29.70709,-95.04733,0.0,236.9,205.0,CAPT ANDY LAKE,,WDG4759,31,12,26,,,90,A
367539810,2022-01-04T03:58:35,29.70709,-95.04733,0.0,220.9,204.0,CAPT ANDY LAKE,,WDG4759,31,12,26,,,90,A
367539810,2022-01-04T04:19:45,29.70709,-95.04732,0.0,194.0,205.0,CAPT ANDY LAKE,,WDG4759,31,12,26,,,90,A
367539810,2022-01-04T02:44:55,29.70710,-95.04733,0.0,332.0,204.0,CAPT ANDY LAKE,,WDG4759,31,12,26,,,90,A
367539810,2022-01-04T02:46:04,29.70710,-95.04733,0.0,260.6,203.0,CAPT ANDY LAKE,,WDG4759,31,12,26,,,90,A
367539810,2022-01-04T03:42:54,29.70709,-95.04733,0.0,230.4,204.0,CAPT ANDY LAKE,,WDG4759,31,12,26,,,90,A
367539810,2022-01-04T03:56:25,29.70708,-95.04734,0.0,232.0,204.0,CAPT ANDY LAKE,,WDG4759,31,12,26,,,90,A
367539810,2022-01-04T04:26:45,29.70711,-95.04733,0.1,322.4,201.0,CAPT ANDY LAKE,,WDG4759,31,12,26,,,90,A
367539810,2022-01-04T04:01:44,29.70708,-95.04734,0.0,231.5,205.0,CAPT ANDY LAKE,,WDG4759,31,12,26,,,90,A
367539810,2022-01-04T04:12:45,29.70709,-95.04734,0.0,169.3,205.0,CAPT ANDY LAKE,,WDG4759,31,12,26,,,90,A
367539810,2022-01-04T02:59:04,29.70709,-95.04734,0.0,249.5,203.0,CAPT ANDY LAKE,,WDG4759,31,12,26,,,90,A
367539810,2022-01-04T03:48:34,29.70709,-95.04733,0.0,256.6,206.0,CAPT ANDY LAKE,,WDG4759,31,12,26,,,90,A
367539810,2022-01-04T03:53:06,29.70709,-95.04734,0.0,241.9,204.0,CAPT ANDY LAKE,,WDG4759,31,12,26,,,90,A
367539810,2022-01-04T04:09:24,29.70708,-95.04733,0.0,316.9,204.0,CAPT ANDY LAKE,,WDG4759,31,12,26,,,90,A
367539810,2022-01-04T03:02:55,29.70710,-95.04733,0.0,43.7,203.0,CAPT ANDY LAKE,,WDG4759,31,12,26,,,90,A
367539810,2022-01-04T04:15:05,29.70709,-95.04734,0.0,277.7,204.0,CAPT ANDY LAKE,,WDG4759,31,12,26,,,90,A
367539810,2022-01-04T04:27:56,29.70710,-95.04733,0.0,88.2,202.0,CAPT ANDY LAKE,,WDG4759,31,12,26,,,90,A
367539810,2022-01-04T04:23:15,29.70710,-95.04732,0.0,288.8,205.0,CAPT ANDY LAKE,,WDG4759,31,12,26,,,90,A
367539810,2022-01-04T04:45:35,29.70711,-95.04735,0.1,325.0,201.0,CAPT ANDY LAKE,,WDG4759,31,12,26,,,90,A
367539810,2022-01-04T04:20:54,29.70708,-95.04733,0.0,195.9,204.0,CAPT ANDY LAKE,,WDG4759,31,12,26,,,90,A
367539810,2022-01-04T04:29:04,29.70711,-95.04734,0.1,250.3,203.0,CAPT ANDY LAKE,,WDG4759,31,12,26,,,90,A
367539810,2022-01-04T04:00:34,29.70708,-95.04734,0.0,283.2,206.0,CAPT ANDY LAKE,,WDG4759,31,12,26,,,90,A
367539810,2022-01-04T04:30:15,29.70711,-95.04734,0.0,167.3,202.0,CAPT ANDY LAKE,,WDG4759,31,12,26,,,90,A
367539810,2022-01-04T04:04:16,29.70708,-95.04734,0.0,196.3,204.0,CAPT ANDY LAKE,,WDG4759,31,12,26,,,90,A
367539810,2022-01-04T04:32:45,29.70711,-95.04734,0.0,211.1,202.0,CAPT ANDY LAKE,,WDG4759,31,12,26,,,90,A
367539810,2022-01-04T04:54:54,29.70712,-95.04735,0.1,314.0,200.0,CAPT ANDY LAKE,,WDG4759,31,12,26,,,90,A
367539810,2022-01-04T04:33:55,29.70709,-95.04734,0.0,194.7,202.0,CAPT ANDY LAKE,,WDG4759,31,12,26,,,90,A
367539810,2022-01-04T04:06:34,29.70709,-95.04734,0.0,10.6,203.0,CAPT ANDY LAKE,,WDG4759,31,12,26,,,90,A
367539810,2022-01-04T04:36:16,29.70711,-95.04735,0.0,284.7,202.0,CAPT ANDY LAKE,,WDG4759,31,12,26,,,90,A
367539810,2022-01-04T04:10:34,29.70709,-95.04733,0.0,276.3,203.0,CAPT ANDY LAKE,,WDG4759,31,12,26,,,90,A
367539810,2022-01-04T04:59:26,29.70711,-95.04734,0.0,275.3,200.0,CAPT ANDY LAKE,,WDG4759,31,12,26,,,90,A
367539810,2022-01-04T03:16:55,29.70709,-95.04733,0.0,242.7,204.0,CAPT ANDY LAKE,,WDG4759,31,12,26,,,90,A
367539810,2022-01-04T04:11:44,29.70709,-95.04734,0.0,258.8,204.0,CAPT ANDY LAKE,,WDG4759,31,12,26,,,90,A
367539810,2022-01-04T04:13:55,29.70709,-95.04734,0.0,330.1,204.0,CAPT ANDY LAKE,,WDG4759,31,12,26,,,90,A
367539810,2022-01-04T03:20:16,29.70710,-95.04733,0.0,294.9,202.0,CAPT ANDY LAKE,,WDG4759,31,12,26,,,90,A
367539810,2022-01-04T04:52:36,29.70711,-95.04735,0.1,227.0,200.0,CAPT ANDY LAKE,,WDG4759,31,12,26,,,90,A
367539810,2022-01-04T04:39:44,29.70708,-95.04733,0.0,224.6,203.0,CAPT ANDY LAKE,,WDG4759,31,12,26,,,90,A
367539810,2022-01-04T04:40:55,29.70709,-95.04734,0.1,304.5,204.0,CAPT ANDY LAKE,,WDG4759,31,12,26,,,90,A
367539810,2022-01-04T04:50:14,29.70709,-95.04733,0.0,297.1,202.0,CAPT ANDY LAKE,,WDG4759,31,12,26,,,90,A
367539810,2022-01-04T03:24:56,29.70710,-95.04734,0.0,195.1,200.0,CAPT ANDY LAKE,,WDG4759,31,12,26,,,90,A
367539810,2022-01-04T04:25:35,29.70710,-95.04733,0.0,339.2,203.0,CAPT ANDY LAKE,,WDG4759,31,12,26,,,90,A
367539810,2022-01-04T04:46:45,29.70711,-95.04735,0.0,170.9,200.0,CAPT ANDY LAKE,,WDG4759,31,12,26,,,90,A
367539810,2022-01-04T04:49:04,29.70711,-95.04734,0.0,162.1,202.0,CAPT ANDY LAKE,,WDG4759,31,12,26,,,90,A
367539810,2022-01-04T04:43:14,29.70712,-95.04736,0.1,205.9,200.0,CAPT ANDY LAKE,,WDG4759,31,12,26,,,90,A
367539810,2022-01-04T05:17:55,29.70708,-95.04734,0.0,283.8,205.0,CAPT ANDY LAKE,,WDG4759,31,12,26,,,90,A
367539810,2022-01-04T04:57:05,29.70709,-95.04734,0.0,127.3,201.0,CAPT ANDY LAKE,,WDG4759,31,12,26,,,90,A
367539810,2022-01-04T04:44:24,29.70710,-95.04735,0.0,166.9,201.0,CAPT ANDY LAKE,,WDG4759,31,12,26,,,90,A
367539810,2022-01-04T04:58:15,29.70710,-95.04734,0.0,28.4,199.0,CAPT ANDY LAKE,,WDG4759,31,12,26,,,90,A
367539810,2022-01-04T04:31:25,29.70711,-95.04734,0.0,353.2,202.0,CAPT ANDY LAKE,,WDG4759,31,12,26,,,90,A
367539810,2022-01-04T04:55:55,29.70711,-95.04735,0.0,264.0,200.0,CAPT ANDY LAKE,,WDG4759,31,12,26,,,90,A
367539810,2022-01-04T05:00:55,29.70710,-95.04735,0.0,210.2,200.0,CAPT ANDY LAKE,,WDG4759,31,12,26,,,90,A
367539810,2022-01-04T04:35:05,29.70710,-95.04734,0.0,259.7,202.0,CAPT ANDY LAKE,,WDG4759,31,12,26,,,90,A
367539810,2022-01-04T05:04:15,29.70710,-95.04734,0.0,162.7,201.0,CAPT ANDY LAKE,,WDG4759,31,12,26,,,90,A
367539810,2022-01-04T03:37:05,29.70710,-95.04734,0.0,264.6,202.0,CAPT ANDY LAKE,,WDG4759,31,12,26,,,90,A
367539810,2022-01-04T04:37:25,29.70708,-95.04734,0.0,270.3,202.0,CAPT ANDY LAKE,,WDG4759,31,12,26,,,90,A
367539810,2022-01-04T05:19:05,29.70709,-95.04735,0.0,284.1,202.0,CAPT ANDY LAKE,,WDG4759,31,12,26,,,90,A
367539810,2022-01-04T05:03:06,29.70712,-95.04735,0.0,46.8,201.0,CAPT ANDY LAKE,,WDG4759,31,12,26,,,90,A
367539810,2022-01-04T05:05:26,29.70708,-95.04734,0.0,215.2,203.0,CAPT ANDY LAKE,,WDG4759,31,12,26,,,90,A
367539810,2022-01-04T05:12:14,29.70709,-95.04735,0.0,172.2,204.0,CAPT ANDY LAKE,,WDG4759,31,12,26,,,90,A
367539810,2022-01-04T03:43:55,29.70709,-95.04733,0.0,206.7,204.0,CAPT ANDY LAKE,,WDG4759,31,12,26,,,90,A
367539810,2022-01-04T05:14:35,29.70711,-95.04734,0.0,148.3,201.0,CAPT ANDY LAKE,,WDG4759,31,12,26,,,90,A
367539810,2022-01-04T05:35:34,29.70710,-95.04735,0.0,193.7,199.0,CAPT ANDY LAKE,,WDG4759,31,12,26,,,90,A
367539810,2022-01-04T05:09:56,29.70711,-95.04739,0.0,310.8,200.0,CAPT ANDY LAKE,,WDG4759,31,12,26,,,90,A
367539810,2022-01-04T04:47:54,29.70710,-95.04735,0.0,72.7,204.0,CAPT ANDY LAKE,,WDG4759,31,12,26,,,90,A
367539810,2022-01-04T05:41:26,29.70710,-95.04735,0.0,344.4,203.0,CAPT ANDY LAKE,,WDG4759,31,12,26,,,90,A
367539810,2022-01-04T05:08:45,29.70711,-95.04735,0.0,241.2,200.0,CAPT ANDY LAKE,,WDG4759,31,12,26,,,90,A
367539810,2022-01-04T04:53:44,29.70710,-95.04736,0.0,327.6,202.0,CAPT ANDY LAKE,,WDG4759,31,12,26,,,90,A
367539810,2022-01-04T05:43:44,29.70711,-95.04735,0.0,129.0,199.0,CAPT ANDY LAKE,,WDG4759,31,12,26,,,90,A
367539810,2022-01-04T05:22:36,29.70711,-95.04736,0.0,358.1,200.0,CAPT ANDY LAKE,,WDG4759,31,12,26,,,90,A
367539810,2022-01-04T05:47:15,29.70711,-95.04735,0.1,325.3,200.0,CAPT ANDY LAKE,,WDG4759,31,12,26,,,90,A
367539810,2022-01-04T05:27:15,29.70709,-95.04735,0.0,199.9,201.0,CAPT ANDY LAKE,,WDG4759,31,12,26,,,90,A
367539810,2022-01-04T05:44:56,29.70710,-95.04735,0.0,243.1,201.0,CAPT ANDY LAKE,,WDG4759,31,12,26,,,90,A
367539810,2022-01-04T05:26:05,29.70710,-95.04735,0.0,9.3,200.0,CAPT ANDY LAKE,,WDG4759,31,12,26,,,90,A
367539810,2022-01-04T05:16:45,29.70709,-95.04734,0.0,183.6,201.0,CAPT ANDY LAKE,,WDG4759,31,12,26,,,90,A
367539810,2022-01-04T05:48:25,29.70710,-95.04735,0.0,188.3,202.0,CAPT ANDY LAKE,,WDG4759,31,12,26,,,90,A
367539810,2022-01-04T05:20:15,29.70709,-95.04735,0.0,321.9,200.0,CAPT ANDY LAKE,,WDG4759,31,12,26,,,90,A
367539810,2022-01-04T05:55:26,29.70710,-95.04734,0.0,276.7,201.0,CAPT ANDY LAKE,,WDG4759,31,12,26,,,90,A
367539810,2022-01-04T05:30:45,29.70709,-95.04734,0.0,149.0,203.0,CAPT ANDY LAKE,,WDG4759,31,12,26,,,90,A
367539810,2022-01-04T05:50:44,29.70709,-95.04734,0.1,176.6,202.0,CAPT ANDY LAKE,,WDG4759,31,12,26,,,90,A
367539810,2022-01-04T05:02:05,29.70711,-95.04736,0.0,257.1,202.0,CAPT ANDY LAKE,,WDG4759,31,12,26,,,90,A
367539810,2022-01-04T05:34:25,29.70712,-95.04737,0.1,7.6,199.0,CAPT ANDY LAKE,,WDG4759,31,12,26,,,90,A
367539810,2022-01-04T05:06:35,29.70708,-95.04734,0.0,270.2,204.0,CAPT ANDY LAKE,,WDG4759,31,12,26,,,90,A
367539810,2022-01-04T06:00:15,29.70710,-95.04735,0.1,192.6,203.0,CAPT ANDY LAKE,,WDG4759,31,12,26,,,90,A
367539810,2022-01-04T06:01:25,29.70709,-95.04734,0.0,171.6,203.0,CAPT ANDY LAKE,,WDG4759,31,12,26,,,90,A
367539810,2022-01-04T04:02:55,29.70708,-95.04734,0.0,220.1,205.0,CAPT ANDY LAKE,,WDG4759,31,12,26,,,90,A
367539810,2022-01-04T05:42:34,29.70711,-95.04736,0.0,354.2,199.0,CAPT ANDY LAKE,,WDG4759,31,12,26,,,90,A
367539810,2022-01-04T05:29:35,29.70710,-95.04735,0.1,209.6,201.0,CAPT ANDY LAKE,,WDG4759,31,12,26,,,90,A
367539810,2022-01-04T06:02:26,29.70709,-95.04734,0.0,128.6,203.0,CAPT ANDY LAKE,,WDG4759,31,12,26,,,90,A
367539810,2022-01-04T04:05:24,29.70709,-95.04734,0.0,275.3,205.0,CAPT ANDY LAKE,,WDG4759,31,12,26,,,90,A
367539810,2022-01-04T05:33:15,29.70710,-95.04735,0.0,332.6,203.0,CAPT ANDY LAKE,,WDG4759,31,12,26,,,90,A
367539810,2022-01-04T06:04:45,29.70708,-95.04736,0.0,250.2,203.0,CAPT ANDY LAKE,,WDG4759,31,12,26,,,90,A
367539810,2022-01-04T06:05:55,29.70709,-95.04735,0.0,241.4,204.0,CAPT ANDY LAKE,,WDG4759,31,12,26,,,90,A
367539810,2022-01-04T05:36:45,29.70709,-95.04735,0.0,164.6,204.0,CAPT ANDY LAKE,,WDG4759,31,12,26,,,90,A
367539810,2022-01-04T05:21:24,29.70711,-95.04735,0.0,278.0,199.0,CAPT ANDY LAKE,,WDG4759,31,12,26,,,90,A
367539810,2022-01-04T05:37:54,29.70710,-95.04734,0.0,31.6,200.0,CAPT ANDY LAKE,,WDG4759,31,12,26,,,90,A
367539810,2022-01-04T06:07:06,29.70710,-95.04735,0.0,219.2,203.0,CAPT ANDY LAKE,,WDG4759,31,12,26,,,90,A
367539810,2022-01-04T05:40:15,29.70708,-95.04734,0.0,295.0,204.0,CAPT ANDY LAKE,,WDG4759,31,12,26,,,90,A
367539810,2022-01-04T05:24:54,29.70709,-95.04736,0.0,157.2,202.0,CAPT ANDY LAKE,,WDG4759,31,12,26,,,90,A
367539810,2022-01-04T06:08:16,29.70710,-95.04734,0.0,317.3,204.0,CAPT ANDY LAKE,,WDG4759,31,12,26,,,90,A
367539810,2022-01-04T05:49:35,29.70710,-95.04735,0.1,8.8,201.0,CAPT ANDY LAKE,,WDG4759,31,12,26,,,90,A
367539810,2022-01-04T05:31:54,29.70709,-95.04734,0.0,302.6,201.0,CAPT ANDY LAKE,,WDG4759,31,12,26,,,90,A
367539810,2022-01-04T04:16:14,29.70708,-95.04733,0.0,199.6,205.0,CAPT ANDY LAKE,,WDG4759,31,12,26,,,90,A
367539810,2022-01-04T05:28:25,29.70711,-95.04735,0.0,264.7,200.0,CAPT ANDY LAKE,,WDG4759,31,12,26,,,90,A
367539810,2022-01-04T06:16:25,29.70711,-95.04733,0.0,150.1,200.0,CAPT ANDY LAKE,,WDG4759,31,12,26,,,90,A
367539810,2022-01-04T05:39:06,29.70709,-95.04735,0.1,193.3,201.0,CAPT ANDY LAKE,,WDG4759,31,12,26,,,90,A
367539810,2022-01-04T06:21:04,29.70710,-95.04734,0.0,268.8,202.0,CAPT ANDY LAKE,,WDG4759,31,12,26,,,90,A
367539810,2022-01-04T04:18:35,29.70709,-95.04733,0.0,304.2,206.0,CAPT ANDY LAKE,,WDG4759,31,12,26,,,90,A
367539810,2022-01-04T06:09:25,29.70712,-95.04734,0.0,312.6,202.0,CAPT ANDY LAKE,,WDG4759,31,12,26,,,90,A
367539810,2022-01-04T06:10:35,29.70711,-95.04733,0.0,351.4,200.0,CAPT ANDY LAKE,,WDG4759,31,12,26,,,90,A
367539810,2022-01-04T04:22:04,29.70708,-95.04733,0.0,156.2,205.0,CAPT ANDY LAKE,,WDG4759,31,12,26,,,90,A
367539810,2022-01-04T06:15:14,29.70712,-95.04735,0.0,218.5,199.0,CAPT ANDY LAKE,,WDG4759,31,12,26,,,90,A
367539810,2022-01-04T06:30:26,29.70712,-95.04734,0.0,226.9,199.0,CAPT ANDY LAKE,,WDG4759,31,12,26,,,90,A
367539810,2022-01-04T04:24:26,29.70709,-95.04733,0.1,172.6,205.0,CAPT ANDY LAKE,,WDG4759,31,12,26,,,90,A
367539810,2022-01-04T06:38:55,29.70710,-95.04734,0.1,294.4,202.0,CAPT ANDY LAKE,,WDG4759,31,12,26,,,90,A
367539810,2022-01-04T06:11:45,29.70710,-95.04733,0.1,258.8,201.0,CAPT ANDY LAKE,,WDG4759,31,12,26,,,90,A
367539810,2022-01-04T06:42:45,29.70711,-95.04736,0.0,339.9,201.0,CAPT ANDY LAKE,,WDG4759,31,12,26,,,90,A
367539810,2022-01-04T05:53:05,29.70709,-95.04733,0.0,318.3,204.0,CAPT ANDY LAKE,,WDG4759,31,12,26,,,90,A
367539810,2022-01-04T05:54:15,29.70710,-95.04734,0.0,320.4,202.0,CAPT ANDY LAKE,,WDG4759,31,12,26,,,90,A
367539810,2022-01-04T06:14:04,29.70712,-95.04735,0.0,354.1,201.0,CAPT ANDY LAKE,,WDG4759,31,12,26,,,90,A
367539810,2022-01-04T06:45:04,29.70712,-95.04735,0.0,194.9,200.0,CAPT ANDY LAKE,,WDG4759,31,12,26,,,90,A
367539810,2022-01-04T06:46:15,29.70712,-95.04734,0.0,31.1,200.0,CAPT ANDY LAKE,,WDG4759,31,12,26,,,90,A
367539810,2022-01-04T05:57:46,29.70710,-95.04735,0.1,330.2,202.0,CAPT ANDY LAKE,,WDG4759,31,12,26,,,90,A
367539810,2022-01-04T06:50:55,29.70710,-95.04735,0.0,304.2,204.0,CAPT ANDY LAKE,,WDG4759,31,12,26,,,90,A
367539810,2022-01-04T06:33:54,29.70713,-95.04735,0.0,29.5,199.0,CAPT ANDY LAKE,,WDG4759,31,12,26,,,90,A
367539810,2022-01-04T04:38:35,29.70708,-95.04733,0.0,124.3,202.0,CAPT ANDY LAKE,,WDG4759,31,12,26,,,90,A
367539810,2022-01-04T06:49:46,29.70709,-95.04735,0.1,193.3,202.0,CAPT ANDY LAKE,,WDG4759,31,12,26,,,90,A
367539810,2022-01-04T06:56:35,29.70710,-95.04734,0.0,350.2,203.0,CAPT ANDY LAKE,,WDG4759,31,12,26,,,90,A
367539810,2022-01-04T06:32:45,29.70712,-95.04735,0.0,268.6,200.0,CAPT ANDY LAKE,,WDG4759,31,12,26,,,90,A
367539810,2022-01-04T06:25:46,29.70709,-95.04734,0.1,195.4,201.0,CAPT ANDY LAKE,,WDG4759,31,12,26,,,90,A
367539810,2022-01-04T04:42:05,29.70712,-95.04735,0.1,0.1,201.0,CAPT ANDY LAKE,,WDG4759,31,12,26,,,90,A
367539810,2022-01-04T07:00:45,29.70709,-95.04734,0.0,267.3,200.0,CAPT ANDY LAKE,,WDG4759,31,12,26,,,90,A
367539810,2022-01-04T06:37:25,29.70709,-95.04733,0.0,225.8,204.0,CAPT ANDY LAKE,,WDG4759,31,12,26,,,90,A
367539810,2022-01-04T07:03:04,29.70712,-95.04734,0.0,177.8,200.0,CAPT ANDY LAKE,,WDG4759,31,12,26,,,90,A
367539810,2022-01-04T07:04:05,29.70710,-95.04734,0.0,142.2,200.0,CAPT ANDY LAKE,,WDG4759,31,12,26,,,90,A
367539810,2022-01-04T07:05:15,29.70710,-95.04734,0.0,157.1,200.0,CAPT ANDY LAKE,,WDG4759,31,12,26,,,90,A
367539810,2022-01-04T06:41:35,29.70710,-95.04734,0.0,241.4,199.0,CAPT ANDY LAKE,,WDG4759,31,12,26,,,90,A
367539810,2022-01-04T07:06:16,29.70710,-95.04734,0.0,307.6,202.0,CAPT ANDY LAKE,,WDG4759,31,12,26,,,90,A
367539810,2022-01-04T06:48:35,29.70710,-95.04736,0.0,156.1,201.0,CAPT ANDY LAKE,,WDG4759,31,12,26,,,90,A
367539810,2022-01-04T06:35:04,29.70711,-95.04735,0.0,183.4,200.0,CAPT ANDY LAKE,,WDG4759,31,12,26,,,90,A
367539810,2022-01-04T07:07:24,29.70712,-95.04734,0.0,276.2,200.0,CAPT ANDY LAKE,,WDG4759,31,12,26,,,90,A
367539810,2022-01-04T06:53:06,29.70711,-95.04735,0.0,228.5,200.0,CAPT ANDY LAKE,,WDG4759,31,12,26,,,90,A
367539810,2022-01-04T06:18:46,29.70710,-95.04733,0.0,343.4,201.0,CAPT ANDY LAKE,,WDG4759,31,12,26,,,90,A
367539810,2022-01-04T06:55:25,29.70709,-95.04734,0.1,191.1,202.0,CAPT ANDY LAKE,,WDG4759,31,12,26,,,90,A
367539810,2022-01-04T06:57:45,29.70710,-95.04735,0.1,227.3,202.0,CAPT ANDY LAKE,,WDG4759,31,12,26,,,90,A
367539810,2022-01-04T06:43:55,29.70712,-95.04735,0.0,122.1,197.0,CAPT ANDY LAKE,,WDG4759,31,12,26,,,90,A
367539810,2022-01-04T06:17:35,29.70710,-95.04733,0.0,256.3,201.0,CAPT ANDY LAKE,,WDG4759,31,12,26,,,90,A
367539810,2022-01-04T04:51:24,29.70709,-95.04734,0.1,338.1,201.0,CAPT ANDY LAKE,,WDG4759,31,12,26,,,90,A
367539810,2022-01-04T07:13:05,29.70709,-95.04732,0.0,195.7,201.0,CAPT ANDY LAKE,,WDG4759,31,12,26,,,90,A
367539810,2022-01-04T06:24:35,29.70712,-95.04734,0.0,138.7,200.0,CAPT ANDY LAKE,,WDG4759,31,12,26,,,90,A
367539810,2022-01-04T06:28:04,29.70712,-95.04734,0.0,326.2,199.0,CAPT ANDY LAKE,,WDG4759,31,12,26,,,90,A
367539810,2022-01-04T07:23:36,29.70707,-95.04733,0.0,183.1,205.0,CAPT ANDY LAKE,,WDG4759,31,12,26,,,90,A
367539810,2022-01-04T06:29:15,29.70711,-95.04734,0.0,298.9,200.0,CAPT ANDY LAKE,,WDG4759,31,12,26,,,90,A
367539810,2022-01-04T06:31:35,29.70711,-95.04734,0.0,259.5,199.0,CAPT ANDY LAKE,,WDG4759,31,12,26,,,90,A
367539810,2022-01-04T07:18:54,29.70710,-95.04736,0.1,212.8,200.0,CAPT ANDY LAKE,,WDG4759,31,12,26,,,90,A
367539810,2022-01-04T07:30:35,29.70708,-95.04733,0.0,140.0,204.0,CAPT ANDY LAKE,,WDG4759,31,12,26,,,90,A
367539810,2022-01-04T07:31:36,29.70707,-95.04732,0.0,9.5,204.0,CAPT ANDY LAKE,,WDG4759,31,12,26,,,90,A
367539810,2022-01-04T07:32:44,29.70708,-95.04734,0.0,147.7,204.0,CAPT ANDY LAKE,,WDG4759,31,12,26,,,90,A
367539810,2022-01-04T07:22:26,29.70708,-95.04735,0.1,144.8,205.0,CAPT ANDY LAKE,,WDG4759,31,12,26,,,90,A
367539810,2022-01-04T07:27:06,29.70708,-95.04734,0.0,8.5,204.0,CAPT ANDY LAKE,,WDG4759,31,12,26,,,90,A
367539810,2022-01-04T07:37:14,29.70707,-95.04734,0.1,221.6,202.0,CAPT ANDY LAKE,,WDG4759,31,12,26,,,90,A
367539810,2022-01-04T07:29:25,29.70708,-95.04733,0.1,190.0,202.0,CAPT ANDY LAKE,,WDG4759,31,12,26,,,90,A
367539810,2022-01-04T05:07:44,29.70710,-95.04735,0.1,344.7,201.0,CAPT ANDY LAKE,,WDG4759,31,12,26,,,90,A
367539810,2022-01-04T06:40:25,29.70711,-95.04735,0.0,302.9,198.0,CAPT ANDY LAKE,,WDG4759,31,12,26,,,90,A
367539810,2022-01-04T07:10:46,29.70708,-95.04735,0.0,358.5,204.0,CAPT ANDY LAKE,,WDG4759,31,12,26,,,90,A
367539810,2022-01-04T06:47:25,29.70710,-95.04735,0.0,180.7,201.0,CAPT ANDY LAKE,,WDG4759,31,12,26,,,90,A
367539810,2022-01-04T05:11:05,29.70711,-95.04736,0.0,174.7,200.0,CAPT ANDY LAKE,,WDG4759,31,12,26,,,90,A
367539810,2022-01-04T06:51:56,29.70710,-95.04734,0.1,328.1,201.0,CAPT ANDY LAKE,,WDG4759,31,12,26,,,90,A
367539810,2022-01-04T07:16:34,29.70709,-95.04735,0.0,293.0,202.0,CAPT ANDY LAKE,,WDG4759,31,12,26,,,90,A
367539810,2022-01-04T07:33:45,29.70708,-95.04735,0.0,169.0,205.0,CAPT ANDY LAKE,,WDG4759,31,12,26,,,90,A
367539810,2022-01-04T05:13:24,29.70711,-95.04735,0.1,14.0,201.0,CAPT ANDY LAKE,,WDG4759,31,12,26,,,90,A
367539810,2022-01-04T07:40:46,29.70708,-95.04735,0.0,62.6,200.0,CAPT ANDY LAKE,,WDG4759,31,12,26,,,90,A
367539810,2022-01-04T07:15:25,29.70708,-95.04734,0.0,281.8,203.0,CAPT ANDY LAKE,,WDG4759,31,12,26,,,90,A
367539810,2022-01-04T07:48:56,29.70708,-95.04734,0.0,255.3,203.0,CAPT ANDY LAKE,,WDG4759,31,12,26,,,90,A
367539810,2022-01-04T06:58:54,29.70709,-95.04734,0.0,256.1,203.0,CAPT ANDY LAKE,,WDG4759,31,12,26,,,90,A
367539810,2022-01-04T05:15:36,29.70710,-95.04735,0.0,159.1,201.0,CAPT ANDY LAKE,,WDG4759,31,12,26,,,90,A
367539810,2022-01-04T07:50:05,29.70708,-95.04735,0.0,321.1,202.0,CAPT ANDY LAKE,,WDG4759,31,12,26,,,90,A
367539810,2022-01-04T07:20:05,29.70710,-95.04737,0.0,164.4,202.0,CAPT ANDY LAKE,,WDG4759,31,12,26,,,90,A
367539810,2022-01-04T07:24:45,29.70708,-95.04734,0.0,327.1,204.0,CAPT ANDY LAKE,,WDG4759,31,12,26,,,90,A
367539810,2022-01-04T07:01:55,29.70713,-95.04735,0.0,278.7,200.0,CAPT ANDY LAKE,,WDG4759,31,12,26,,,90,A
367539810,2022-01-04T07:45:25,29.70709,-95.04735,0.0,344.2,204.0,CAPT ANDY LAKE,,WDG4759,31,12,26,,,90,A
367539810,2022-01-04T07:51:06,29.70708,-95.04736,0.0,192.1,202.0,CAPT ANDY LAKE,,WDG4759,31,12,26,,,90,A
367539810,2022-01-04T07:25:54,29.70708,-95.04735,0.0,288.0,204.0,CAPT ANDY LAKE,,WDG4759,31,12,26,,,90,A
367539810,2022-01-04T07:52:14,29.70708,-95.04735,0.0,156.9,203.0,CAPT ANDY LAKE,,WDG4759,31,12,26,,,90,A
367539810,2022-01-04T07:47:45,29.70708,-95.04734,0.0,128.0,202.0,CAPT ANDY LAKE,,WDG4759,31,12,26,,,90,A
367539810,2022-01-04T06:54:15,29.70712,-95.04735,0.0,55.1,199.0,CAPT ANDY LAKE,,WDG4759,31,12,26,,,90,A
367539810,2022-01-04T07:28:15,29.70707,-95.04733,0.0,120.0,204.0,CAPT ANDY LAKE,,WDG4759,31,12,26,,,90,A
367539810,2022-01-04T05:23:45,29.70711,-95.04737,0.0,175.0,200.0,CAPT ANDY LAKE,,WDG4759,31,12,26,,,90,A
367539810,2022-01-04T07:44:15,29.70709,-95.04735,0.0,181.3,204.0,CAPT ANDY LAKE,,WDG4759,31,12,26,,,90,A
367539810,2022-01-04T07:38:24,29.70708,-95.04735,0.0,90.9,203.0,CAPT ANDY LAKE,,WDG4759,31,12,26,,,90,A
367539810,2022-01-04T07:41:56,29.70709,-95.04735,0.0,180.8,201.0,CAPT ANDY LAKE,,WDG4759,31,12,26,,,90,A
367539810,2022-01-04T07:08:25,29.70711,-95.04735,0.0,192.5,202.0,CAPT ANDY LAKE,,WDG4759,31,12,26,,,90,A
367539810,2022-01-04T07:09:35,29.70708,-95.04734,0.0,146.9,203.0,CAPT ANDY LAKE,,WDG4759,31,12,26,,,90,A
367539810,2022-01-04T07:43:05,29.70708,-95.04735,0.0,230.3,204.0,CAPT ANDY LAKE,,WDG4759,31,12,26,,,90,A
367539810,2022-01-04T07:11:55,29.70708,-95.04732,0.0,285.0,201.0,CAPT ANDY LAKE,,WDG4759,31,12,26,,,90,A
367539810,2022-01-04T07:46:34,29.70709,-95.04735,0.0,87.9,202.0,CAPT ANDY LAKE,,WDG4759,31,12,26,,,90,A
367539810,2022-01-04T07:36:05,29.70708,-95.04733,0.0,2.5,201.0,CAPT ANDY LAKE,,WDG4759,31,12,26,,,90,A
367539810,2022-01-04T09:33:26,29.70710,-95.04735,0.0,301.9,199.0,CAPT ANDY LAKE,,WDG4759,31,12,26,,,90,A
367539810,2022-01-04T09:37:55,29.70710,-95.04734,0.1,210.2,202.0,CAPT ANDY LAKE,,WDG4759,31,12,26,,,90,A
367539810,2022-01-04T07:39:35,29.70708,-95.04735,0.0,98.8,202.0,CAPT ANDY LAKE,,WDG4759,31,12,26,,,90,A
367539810,2022-01-04T09:47:25,29.70710,-95.04735,0.0,234.4,202.0,CAPT ANDY LAKE,,WDG4759,31,12,26,,,90,A
367539810,2022-01-04T09:35:36,29.70711,-95.04734,0.0,186.7,200.0,CAPT ANDY LAKE,,WDG4759,31,12,26,,,90,A
367539810,2022-01-04T09:50:55,29.70712,-95.04735,0.0,8.6,198.0,CAPT ANDY LAKE,,WDG4759,31,12,26,,,90,A
367539810,2022-01-04T05:46:05,29.70710,-95.04735,0.0,295.0,204.0,CAPT ANDY LAKE,,WDG4759,31,12,26,,,90,A
367539810,2022-01-04T07:53:24,29.70708,-95.04734,0.0,147.6,204.0,CAPT ANDY LAKE,,WDG4759,31,12,26,,,90,A
367539810,2022-01-04T09:40:24,29.70710,-95.04735,0.0,205.6,201.0,CAPT ANDY LAKE,,WDG4759,31,12,26,,,90,A
367539810,2022-01-04T07:54:34,29.70707,-95.04735,0.0,257.1,205.0,CAPT ANDY LAKE,,WDG4759,31,12,26,,,90,A
367539810,2022-01-04T09:32:14,29.70710,-95.04735,0.1,324.5,203.0,CAPT ANDY LAKE,,WDG4759,31,12,26,,,90,A
367539810,2022-01-04T05:51:56,29.70708,-95.04733,0.0,312.5,205.0,CAPT ANDY LAKE,,WDG4759,31,12,26,,,90,A
367539810,2022-01-04T10:01:25,29.70711,-95.04736,0.0,359.9,201.0,CAPT ANDY LAKE,,WDG4759,31,12,26,,,90,A
367539810,2022-01-04T05:56:36,29.70710,-95.04735,0.0,253.0,204.0,CAPT ANDY LAKE,,WDG4759,31,12,26,,,90,A
367539810,2022-01-04T09:36:46,29.70711,-95.04734,0.0,161.8,200.0,CAPT ANDY LAKE,,WDG4759,31,12,26,,,90,A
367539810,2022-01-04T05:58:54,29.70711,-95.04736,0.0,263.6,200.0,CAPT ANDY LAKE,,WDG4759,31,12,26,,,90,A
367539810,2022-01-04T09:49:45,29.70713,-95.04734,0.0,185.4,199.0,CAPT ANDY LAKE,,WDG4759,31,12,26,,,90,A
367539810,2022-01-04T10:04:55,29.70711,-95.04735,0.0,52.3,200.0,CAPT ANDY LAKE,,WDG4759,31,12,26,,,90,A
367539810,2022-01-04T09:34:34,29.70712,-95.04736,0.0,59.4,199.0,CAPT ANDY LAKE,,WDG4759,31,12,26,,,90,A
367539810,2022-01-04T05:59:55,29.70710,-95.04735,0.0,197.8,203.0,CAPT ANDY LAKE,,WDG4759,31,12,26,,,90,A
367539810,2022-01-04T09:43:55,29.70709,-95.04734,0.1,198.0,200.0,CAPT ANDY LAKE,,WDG4759,31,12,26,,,90,A
367539810,2022-01-04T10:07:14,29.70711,-95.04734,0.0,181.8,200.0,CAPT ANDY LAKE,,WDG4759,31,12,26,,,90,A
367539810,2022-01-04T09:39:15,29.70710,-95.04735,0.1,21.0,202.0,CAPT ANDY LAKE,,WDG4759,31,12,26,,,90,A
367539810,2022-01-04T06:03:35,29.70709,-95.04734,0.0,295.1,201.0,CAPT ANDY LAKE,,WDG4759,31,12,26,,,90,A
367539810,2022-01-04T10:11:46,29.70713,-95.04735,0.0,275.7,199.0,CAPT ANDY LAKE,,WDG4759,31,12,26,,,90,A
367539810,2022-01-04T09:45:06,29.70709,-95.04734,0.0,179.2,203.0,CAPT ANDY LAKE,,WDG4759,31,12,26,,,90,A
367539810,2022-01-04T10:15:14,29.70711,-95.04737,0.1,217.5,200.0,CAPT ANDY LAKE,,WDG4759,31,12,26,,,90,A
367539810,2022-01-04T10:14:05,29.70712,-95.04735,0.0,197.7,198.0,CAPT ANDY LAKE,,WDG4759,31,12,26,,,90,A
367539810,2022-01-04T09:46:14,29.70710,-95.04734,0.0,354.6,201.0,CAPT ANDY LAKE,,WDG4759,31,12,26,,,90,A
367539810,2022-01-04T07:56:56,29.70708,-95.04735,0.0,271.5,205.0,CAPT ANDY LAKE,,WDG4759,31,12,26,,,90,A
367539810,2022-01-04T07:59:14,29.70708,-95.04735,0.0,197.8,204.0,CAPT ANDY LAKE,,WDG4759,31,12,26,,,90,A
367539810,2022-01-04T09:56:46,29.70713,-95.04736,0.1,3.0,199.0,CAPT ANDY LAKE,,WDG4759,31,12,26,,,90,A
367539810,2022-01-04T10:25:36,29.70712,-95.04734,0.0,250.7,198.0,CAPT ANDY LAKE,,WDG4759,31,12,26,,,90,A
367539810,2022-01-04T10:29:06,29.70710,-95.04734,0.0,229.6,199.0,CAPT ANDY LAKE,,WDG4759,31,12,26,,,90,A
367539810,2022-01-04T09:59:05,29.70713,-95.04737,0.0,294.1,201.0,CAPT ANDY LAKE,,WDG4759,31,12,26,,,90,A
367539810,2022-01-04T10:06:05,29.70710,-95.04735,0.0,278.1,200.0,CAPT ANDY LAKE,,WDG4759,31,12,26,,,90,A
367539810,2022-01-04T10:18:45,29.70710,-95.04734,0.1,155.4,201.0,CAPT ANDY LAKE,,WDG4759,31,12,26,,,90,A
367539810,2022-01-04T10:33:44,29.70710,-95.04733,0.0,303.7,201.0,CAPT ANDY LAKE,,WDG4759,31,12,26,,,90,A
367539810,2022-01-04T06:12:56,29.70710,-95.04735,0.0,285.2,201.0,CAPT ANDY LAKE,,WDG4759,31,12,26,,,90,A
367539810,2022-01-04T10:24:35,29.70712,-95.04734,0.0,222.5,199.0,CAPT ANDY LAKE,,WDG4759,31,12,26,,,90,A
367539810,2022-01-04T09:52:04,29.70714,-95.04736,0.0,208.1,199.0,CAPT ANDY LAKE,,WDG4759,31,12,26,,,90,A
367539810,2022-01-04T09:53:14,29.70712,-95.04735,0.0,188.6,198.0,CAPT ANDY LAKE,,WDG4759,31,12,26,,,90,A
367539810,2022-01-04T10:37:15,29.70711,-95.04734,0.0,304.9,201.0,CAPT ANDY LAKE,,WDG4759,31,12,26,,,90,A
367539810,2022-01-04T10:40:44,29.70709,-95.04735,0.0,273.5,199.0,CAPT ANDY LAKE,,WDG4759,31,12,26,,,90,A
367539810,2022-01-04T09:55:36,29.70712,-95.04736,0.0,291.6,203.0,CAPT ANDY LAKE,,WDG4759,31,12,26,,,90,A
367539810,2022-01-04T10:26:44,29.70712,-95.04734,0.0,174.1,200.0,CAPT ANDY LAKE,,WDG4759,31,12,26,,,90,A
367539810,2022-01-04T10:08:25,29.70710,-95.04734,0.0,234.7,200.0,CAPT ANDY LAKE,,WDG4759,31,12,26,,,90,A
367539810,2022-01-04T10:43:05,29.70710,-95.04735,0.0,203.8,200.0,CAPT ANDY LAKE,,WDG4759,31,12,26,,,90,A
367539810,2022-01-04T10:44:15,29.70709,-95.04734,0.0,264.3,201.0,CAPT ANDY LAKE,,WDG4759,31,12,26,,,90,A
367539810,2022-01-04T10:31:24,29.70712,-95.04733,0.0,93.3,200.0,CAPT ANDY LAKE,,WDG4759,31,12,26,,,90,A
367539810,2022-01-04T10:32:35,29.70710,-95.04734,0.0,190.1,200.0,CAPT ANDY LAKE,,WDG4759,31,12,26,,,90,A
367539810,2022-01-04T10:02:35,29.70711,-95.04734,0.1,29.4,199.0,CAPT ANDY LAKE,,WDG4759,31,12,26,,,90,A
367539810,2022-01-04T06:19:54,29.70711,-95.04733,0.0,235.3,201.0,CAPT ANDY LAKE,,WDG4759,31,12,26,,,90,A
367539810,2022-01-04T10:34:55,29.70710,-95.04734,0.0,322.9,201.0,CAPT ANDY LAKE,,WDG4759,31,12,26,,,90,A
367539810,2022-01-04T10:23:25,29.70712,-95.04735,0.0,117.6,198.0,CAPT ANDY LAKE,,WDG4759,31,12,26,,,90,A
367539810,2022-01-04T10:03:45,29.70711,-95.04735,0.0,217.8,199.0,CAPT ANDY LAKE,,WDG4759,31,12,26,,,90,A
367539810,2022-01-04T06:22:14,29.70712,-95.04735,0.0,320.2,203.0,CAPT ANDY LAKE,,WDG4759,31,12,26,,,90,A
367539810,2022-01-04T10:45:26,29.70710,-95.04734,0.0,317.4,200.0,CAPT ANDY LAKE,,WDG4759,31,12,26,,,90,A
367539810,2022-01-04T10:36:05,29.70709,-95.04734,0.0,240.1,201.0,CAPT ANDY LAKE,,WDG4759,31,12,26,,,90,A
367539810,2022-01-04T06:23:25,29.70711,-95.04735,0.1,221.4,199.0,CAPT ANDY LAKE,,WDG4759,31,12,26,,,90,A
367539810,2022-01-04T09:41:34,29.70709,-95.04735,0.0,310.9,203.0,CAPT ANDY LAKE,,WDG4759,31,12,26,,,90,A
367539810,2022-01-04T09:42:44,29.70712,-95.04735,0.1,11.5,201.0,CAPT ANDY LAKE,,WDG4759,31,12,26,,,90,A
367539810,2022-01-04T10:21:05,29.70711,-95.04735,0.0,304.9,199.0,CAPT ANDY LAKE,,WDG4759,31,12,26,,,90,A
367539810,2022-01-04T10:41:56,29.70709,-95.04735,0.0,216.8,199.0,CAPT ANDY LAKE,,WDG4759,31,12,26,,,90,A
367539810,2022-01-04T10:12:55,29.70711,-95.04735,0.0,263.8,199.0,CAPT ANDY LAKE,,WDG4759,31,12,26,,,90,A
367539810,2022-01-04T06:26:55,29.70710,-95.04735,0.0,277.6,201.0,CAPT ANDY LAKE,,WDG4759,31,12,26,,,90,A
367539810,2022-01-04T09:48:34,29.70712,-95.04735,0.0,320.6,202.0,CAPT ANDY LAKE,,WDG4759,31,12,26,,,90,A
367539810,2022-01-04T10:27:55,29.70710,-95.04734,0.0,64.9,200.0,CAPT ANDY LAKE,,WDG4759,31,12,26,,,90,A
367539810,2022-01-04T10:30:15,29.70710,-95.04734,0.0,270.4,201.0,CAPT ANDY LAKE,,WDG4759,31,12,26,,,90,A
367539810,2022-01-04T11:11:54,29.70711,-95.04735,0.1,313.7,199.0,CAPT ANDY LAKE,,WDG4759,31,12,26,,,90,A
367539810,2022-01-04T09:54:25,29.70711,-95.04735,0.0,227.2,200.0,CAPT ANDY LAKE,,WDG4759,31,12,26,,,90,A
367539810,2022-01-04T06:36:14,29.70710,-95.04733,0.1,138.8,200.0,CAPT ANDY LAKE,,WDG4759,31,12,26,,,90,A
367539810,2022-01-04T10:47:36,29.70710,-95.04734,0.0,276.8,200.0,CAPT ANDY LAKE,,WDG4759,31,12,26,,,90,A
367539810,2022-01-04T10:56:56,29.70711,-95.04735,0.0,266.3,200.0,CAPT ANDY LAKE,,WDG4759,31,12,26,,,90,A
367539810,2022-01-04T10:59:16,29.70712,-95.04736,0.0,1.6,202.0,CAPT ANDY LAKE,,WDG4759,31,12,26,,,90,A
367539810,2022-01-04T10:49:56,29.70710,-95.04736,0.0,291.7,200.0,CAPT ANDY LAKE,,WDG4759,31,12,26,,,90,A
367539810,2022-01-04T11:20:04,29.70710,-95.04736,0.0,225.7,200.0,CAPT ANDY LAKE,,WDG4759,31,12,26,,,90,A
367539810,2022-01-04T10:51:05,29.70711,-95.04734,0.0,21.3,200.0,CAPT ANDY LAKE,,WDG4759,31,12,26,,,90,A
367539810,2022-01-04T10:46:35,29.70710,-95.04734,0.0,314.7,200.0,CAPT ANDY LAKE,,WDG4759,31,12,26,,,90,A
367539810,2022-01-04T11:00:16,29.70712,-95.04735,0.0,186.3,200.0,CAPT ANDY LAKE,,WDG4759,31,12,26,,,90,A
367539810,2022-01-04T10:38:26,29.70710,-95.04734,0.0,219.8,201.0,CAPT ANDY LAKE,,WDG4759,31,12,26,,,90,A
367539810,2022-01-04T11:25:56,29.70710,-95.04735,0.0,163.5,199.0,CAPT ANDY LAKE,,WDG4759,31,12,26,,,90,A
367539810,2022-01-04T11:35:56,29.70711,-95.04735,0.0,281.6,201.0,CAPT ANDY LAKE,,WDG4759,31,12,26,,,90,A
367539810,2022-01-04T10:16:24,29.70711,-95.04735,0.1,49.3,200.0,CAPT ANDY LAKE,,WDG4759,31,12,26,,,90,A
367539810,2022-01-04T11:13:06,29.70710,-95.04736,0.0,253.8,199.0,CAPT ANDY LAKE,,WDG4759,31,12,26,,,90,A
367539810,2022-01-04T11:06:04,29.70710,-95.04733,0.0,345.6,202.0,CAPT ANDY LAKE,,WDG4759,31,12,26,,,90,A
367539810,2022-01-04T11:15:26,29.70710,-95.04735,0.1,177.7,200.0,CAPT ANDY LAKE,,WDG4759,31,12,26,,,90,A
367539810,2022-01-04T10:53:25,29.70710,-95.04734,0.0,280.6,201.0,CAPT ANDY LAKE,,WDG4759,31,12,26,,,90,A
367539810,2022-01-04T10:17:36,29.70711,-95.04736,0.0,157.7,199.0,CAPT ANDY LAKE,,WDG4759,31,12,26,,,90,A
367539810,2022-01-04T10:19:56,29.70710,-95.04734,0.0,309.7,201.0,CAPT ANDY LAKE,,WDG4759,31,12,26,,,90,A
367539810,2022-01-04T10:22:16,29.70711,-95.04735,0.0,329.9,198.0,CAPT ANDY LAKE,,WDG4759,31,12,26,,,90,A
367539810,2022-01-04T11:43:46,29.70712,-95.04735,0.0,356.8,202.0,CAPT ANDY LAKE,,WDG4759,31,12,26,,,90,A
367539810,2022-01-04T11:14:16,29.70712,-95.04736,0.0,109.3,199.0,CAPT ANDY LAKE,,WDG4759,31,12,26,,,90,A
367539810,2022-01-04T11:46:05,29.70711,-95.04736,0.1,300.0,204.0,CAPT ANDY LAKE,,WDG4759,31,12,26,,,90,A
367539810,2022-01-04T11:49:34,29.70712,-95.04737,0.0,166.6,200.0,CAPT ANDY LAKE,,WDG4759,31,12,26,,,90,A
367539810,2022-01-04T11:54:04,29.70710,-95.04735,0.0,334.0,200.0,CAPT ANDY LAKE,,WDG4759,31,12,26,,,90,A
367539810,2022-01-04T11:50:35,29.70711,-95.04735,0.0,102.7,202.0,CAPT ANDY LAKE,,WDG4759,31,12,26,,,90,A
367539810,2022-01-04T11:51:45,29.70708,-95.04733,0.1,206.1,203.0,CAPT ANDY LAKE,,WDG4759,31,12,26,,,90,A
367539810,2022-01-04T11:07:16,29.70711,-95.04734,0.0,176.0,201.0,CAPT ANDY LAKE,,WDG4759,31,12,26,,,90,A
367539810,2022-01-04T12:00:04,29.70710,-95.04735,0.0,38.3,200.0,CAPT ANDY LAKE,,WDG4759,31,12,26,,,90,A
367539810,2022-01-04T11:34:55,29.70712,-95.04735,0.0,226.1,201.0,CAPT ANDY LAKE,,WDG4759,31,12,26,,,90,A
367539810,2022-01-04T11:22:25,29.70711,-95.04735,0.0,298.9,201.0,CAPT ANDY LAKE,,WDG4759,31,12,26,,,90,A
367539810,2022-01-04T11:23:34,29.70711,-95.04736,0.1,347.2,201.0,CAPT ANDY LAKE,,WDG4759,31,12,26,,,90,A
367539810,2022-01-04T11:24:45,29.70713,-95.04736,0.0,156.6,199.0,CAPT ANDY LAKE,,WDG4759,31,12,26,,,90,A
367539810,2022-01-04T11:29:25,29.70711,-95.04735,0.0,176.4,201.0,CAPT ANDY LAKE,,WDG4759,31,12,26,,,90,A
367539810,2022-01-04T11:17:44,29.70709,-95.04734,0.0,334.2,203.0,CAPT ANDY LAKE,,WDG4759,31,12,26,,,90,A
367539810,2022-01-04T11:42:45,29.70709,-95.04735,0.0,285.6,203.0,CAPT ANDY LAKE,,WDG4759,31,12,26,,,90,A
367539810,2022-01-04T11:32:45,29.70711,-95.04736,0.1,321.6,202.0,CAPT ANDY LAKE,,WDG4759,31,12,26,,,90,A
367539810,2022-01-04T12:05:56,29.70710,-95.04735,0.0,244.2,200.0,CAPT ANDY LAKE,,WDG4759,31,12,26,,,90,A
367539810,2022-01-04T10:48:46,29.70710,-95.04734,0.0,245.8,201.0,CAPT ANDY LAKE,,WDG4759,31,12,26,,,90,A
367539810,2022-01-04T11:33:46,29.70712,-95.04735,0.0,355.9,201.0,CAPT ANDY LAKE,,WDG4759,31,12,26,,,90,A
367539810,2022-01-04T07:14:15,29.70709,-95.04734,0.0,194.4,202.0,CAPT ANDY LAKE,,WDG4759,31,12,26,,,90,A
367539810,2022-01-04T10:52:15,29.70711,-95.04734,0.0,203.2,201.0,CAPT ANDY LAKE,,WDG4759,31,12,26,,,90,A
367539810,2022-01-04T10:55:45,29.70711,-95.04736,0.0,304.7,202.0,CAPT ANDY LAKE,,WDG4759,31,12,26,,,90,A
367539810,2022-01-04T07:17:44,29.70710,-95.04735,0.0,1.1,201.0,CAPT ANDY LAKE,,WDG4759,31,12,26,,,90,A
367539810,2022-01-04T11:39:26,29.70711,-95.04734,0.1,166.1,202.0,CAPT ANDY LAKE,,WDG4759,31,12,26,,,90,A
367539810,2022-01-04T10:58:04,29.70711,-95.04737,0.0,246.1,200.0,CAPT ANDY LAKE,,WDG4759,31,12,26,,,90,A
367539810,2022-01-04T12:18:34,29.70709,-95.04735,0.1,320.6,203.0,CAPT ANDY LAKE,,WDG4759,31,12,26,,,90,A
367539810,2022-01-04T12:24:24,29.70710,-95.04734,0.0,208.5,200.0,CAPT ANDY LAKE,,WDG4759,31,12,26,,,90,A
367539810,2022-01-04T07:21:16,29.70709,-95.04736,0.0,158.5,202.0,CAPT ANDY LAKE,,WDG4759,31,12,26,,,90,A
367539810,2022-01-04T11:01:25,29.70710,-95.04734,0.0,198.3,202.0,CAPT ANDY LAKE,,WDG4759,31,12,26,,,90,A
367539810,2022-01-04T12:20:55,29.70710,-95.04737,0.0,254.0,202.0,CAPT ANDY LAKE,,WDG4759,31,12,26,,,90,A
367539810,2022-01-04T11:44:55,29.70710,-95.04735,0.0,254.1,204.0,CAPT ANDY LAKE,,WDG4759,31,12,26,,,90,A
367539810,2022-01-04T11:02:35,29.70708,-95.04734,0.0,233.5,203.0,CAPT ANDY LAKE,,WDG4759,31,12,26,,,90,A
367539810,2022-01-04T12:23:15,29.70711,-95.04735,0.0,57.9,200.0,CAPT ANDY LAKE,,WDG4759,31,12,26,,,90,A
367539810,2022-01-04T11:03:46,29.70708,-95.04734,0.0,239.5,203.0,CAPT ANDY LAKE,,WDG4759,31,12,26,,,90,A
367539810,2022-01-04T12:02:25,29.70710,-95.04736,0.0,288.8,199.0,CAPT ANDY LAKE,,WDG4759,31,12,26,,,90,A
367539810,2022-01-04T11:57:35,29.70711,-95.04736,0.0,272.0,198.0,CAPT ANDY LAKE,,WDG4759,31,12,26,,,90,A
367539810,2022-01-04T11:09:35,29.70709,-95.04734,0.0,309.2,204.0,CAPT ANDY LAKE,,WDG4759,31,12,26,,,90,A
367539810,2022-01-04T11:52:55,29.70708,-95.04734,0.1,298.8,204.0,CAPT ANDY LAKE,,WDG4759,31,12,26,,,90,A
367539810,2022-01-04T11:10:44,29.70709,-95.04734,0.0,307.1,202.0,CAPT ANDY LAKE,,WDG4759,31,12,26,,,90,A
367539810,2022-01-04T12:33:46,29.70709,-95.04735,0.0,227.6,200.0,CAPT ANDY LAKE,,WDG4759,31,12,26,,,90,A
367539810,2022-01-04T11:40:34,29.70711,-95.04735,0.0,264.8,202.0,CAPT ANDY LAKE,,WDG4759,31,12,26,,,90,A
367539810,2022-01-04T11:41:44,29.70711,-95.04735,0.0,285.8,203.0,CAPT ANDY LAKE,,WDG4759,31,12,26,,,90,A
367539810,2022-01-04T12:09:26,29.70711,-95.04735,0.1,215.2,200.0,CAPT ANDY LAKE,,WDG4759,31,12,26,,,90,A
367539810,2022-01-04T11:56:25,29.70711,-95.04736,0.0,301.2,199.0,CAPT ANDY LAKE,,WDG4759,31,12,26,,,90,A
367539810,2022-01-04T12:38:06,29.70708,-95.04734,0.0,310.1,203.0,CAPT ANDY LAKE,,WDG4759,31,12,26,,,90,A
367539810,2022-01-04T11:58:44,29.70710,-95.04736,0.1,194.5,199.0,CAPT ANDY LAKE,,WDG4759,31,12,26,,,90,A
367539810,2022-01-04T11:16:36,29.70708,-95.04734,0.0,188.3,204.0,CAPT ANDY LAKE,,WDG4759,31,12,26,,,90,A
367539810,2022-01-04T11:59:55,29.70710,-95.04735,0.1,36.5,200.0,CAPT ANDY LAKE,,WDG4759,31,12,26,,,90,A
367539810,2022-01-04T11:18:55,29.70711,-95.04735,0.1,338.9,200.0,CAPT ANDY LAKE,,WDG4759,31,12,26,,,90,A
367539810,2022-01-04T12:01:16,29.70709,-95.04735,0.1,263.0,201.0,CAPT ANDY LAKE,,WDG4759,31,12,26,,,90,A
367539810,2022-01-04T07:34:55,29.70706,-95.04732,0.0,64.5,205.0,CAPT ANDY LAKE,,WDG4759,31,12,26,,,90,A
367539810,2022-01-04T12:03:36,29.70710,-95.04735,0.0,85.1,199.0,CAPT ANDY LAKE,,WDG4759,31,12,26,,,90,A
367539810,2022-01-04T12:17:25,29.70708,-95.04734,0.1,312.4,203.0,CAPT ANDY LAKE,,WDG4759,31,12,26,,,90,A
367539810,2022-01-04T12:04:46,29.70710,-95.04735,0.0,280.2,199.0,CAPT ANDY LAKE,,WDG4759,31,12,26,,,90,A
367539810,2022-01-04T12:42:44,29.70711,-95.04736,0.0,173.7,199.0,CAPT ANDY LAKE,,WDG4759,31,12,26,,,90,A
367539810,2022-01-04T12:47:25,29.70711,-95.04735,0.0,234.3,200.0,CAPT ANDY LAKE,,WDG4759,31,12,26,,,90,A
367539810,2022-01-04T11:55:15,29.70710,-95.04736,0.0,303.3,200.0,CAPT ANDY LAKE,,WDG4759,31,12,26,,,90,A
367539810,2022-01-04T12:08:15,29.70710,-95.04736,0.0,328.6,201.0,CAPT ANDY LAKE,,WDG4759,31,12,26,,,90,A
367539810,2022-01-04T11:28:15,29.70711,-95.04736,0.1,346.1,200.0,CAPT ANDY LAKE,,WDG4759,31,12,26,,,90,A
367539810,2022-01-04T12:10:35,29.70710,-95.04736,0.0,224.7,201.0,CAPT ANDY LAKE,,WDG4759,31,12,26,,,90,A
367539810,2022-01-04T12:25:35,29.70709,-95.04734,0.1,222.0,201.0,CAPT ANDY LAKE,,WDG4759,31,12,26,,,90,A
367539810,2022-01-04T12:26:45,29.70708,-95.04733,0.0,210.0,203.0,CAPT ANDY LAKE,,WDG4759,31,12,26,,,90,A
367539810,2022-01-04T12:54:14,29.70712,-95.04737,0.0,353.3,199.0,CAPT ANDY LAKE,,WDG4759,31,12,26,,,90,A
367539810,2022-01-04T11:37:05,29.70711,-95.04736,0.1,293.6,201.0,CAPT ANDY LAKE,,WDG4759,31,12,26,,,90,A
367539810,2022-01-04T12:27:56,29.70708,-95.04733,0.0,242.7,204.0,CAPT ANDY LAKE,,WDG4759,31,12,26,,,90,A
367539810,2022-01-04T13:03:36,29.70711,-95.04735,0.1,322.6,201.0,CAPT ANDY LAKE,,WDG4759,31,12,26,,,90,A
367539810,2022-01-04T11:47:16,29.70712,-95.04737,0.1,312.5,201.0,CAPT ANDY LAKE,,WDG4759,31,12,26,,,90,A
367539810,2022-01-04T13:07:04,29.70710,-95.04736,0.0,257.9,202.0,CAPT ANDY LAKE,,WDG4759,31,12,26,,,90,A
367539810,2022-01-04T12:15:14,29.70710,-95.04734,0.1,143.9,200.0,CAPT ANDY LAKE,,WDG4759,31,12,26,,,90,A
367539810,2022-01-04T12:35:54,29.70710,-95.04734,0.0,60.4,202.0,CAPT ANDY LAKE,,WDG4759,31,12,26,,,90,A
367539810,2022-01-04T11:48:26,29.70713,-95.04737,0.1,355.4,200.0,CAPT ANDY LAKE,,WDG4759,31,12,26,,,90,A
367539810,2022-01-04T12:16:15,29.70707,-95.04733,0.1,201.0,204.0,CAPT ANDY LAKE,,WDG4759,31,12,26,,,90,A
367539810,2022-01-04T12:40:25,29.70709,-95.04735,0.1,341.6,202.0,CAPT ANDY LAKE,,WDG4759,31,12,26,,,90,A
367539810,2022-01-04T13:10:24,29.70712,-95.04735,0.0,59.4,200.0,CAPT ANDY LAKE,,WDG4759,31,12,26,,,90,A
367539810,2022-01-04T12:19:44,29.70710,-95.04736,0.1,274.0,202.0,CAPT ANDY LAKE,,WDG4759,31,12,26,,,90,A
367539810,2022-01-04T12:43:55,29.70710,-95.04735,0.0,204.0,200.0,CAPT ANDY LAKE,,WDG4759,31,12,26,,,90,A
367539810,2022-01-04T12:22:04,29.70710,-95.04737,0.0,196.7,202.0,CAPT ANDY LAKE,,WDG4759,31,12,26,,,90,A
367539810,2022-01-04T13:16:26,29.70709,-95.04735,0.0,292.5,201.0,CAPT ANDY LAKE,,WDG4759,31,12,26,,,90,A
367539810,2022-01-04T12:39:16,29.70709,-95.04735,0.0,291.8,202.0,CAPT ANDY LAKE,,WDG4759,31,12,26,,,90,A
367539810,2022-01-04T13:17:35,29.70710,-95.04735,0.0,301.8,200.0,CAPT ANDY LAKE,,WDG4759,31,12,26,,,90,A
367539810,2022-01-04T12:29:05,29.70708,-95.04734,0.1,293.7,204.0,CAPT ANDY LAKE,,WDG4759,31,12,26,,,90,A
367539810,2022-01-04T12:30:16,29.70710,-95.04736,0.1,310.0,201.0,CAPT ANDY LAKE,,WDG4759,31,12,26,,,90,A
367539810,2022-01-04T13:21:06,29.70710,-95.04735,0.0,157.1,200.0,CAPT ANDY LAKE,,WDG4759,31,12,26,,,90,A
367539810,2022-01-04T12:49:35,29.70711,-95.04736,0.0,260.0,200.0,CAPT ANDY LAKE,,WDG4759,31,12,26,,,90,A
367539810,2022-01-04T07:55:44,29.70708,-95.04735,0.0,139.0,204.0,CAPT ANDY LAKE,,WDG4759,31,12,26,,,90,A
367539810,2022-01-04T07:58:05,29.70708,-95.04734,0.0,178.8,205.0,CAPT ANDY LAKE,,WDG4759,31,12,26,,,90,A
367539810,2022-01-04T12:58:55,29.70708,-95.04733,0.0,205.4,204.0,CAPT ANDY LAKE,,WDG4759,31,12,26,,,90,A
367539810,2022-01-04T12:51:54,29.70711,-95.04736,0.0,227.7,201.0,CAPT ANDY LAKE,,WDG4759,31,12,26,,,90,A
367539810,2022-01-04T13:00:15,29.70709,-95.04733,0.0,292.3,203.0,CAPT ANDY LAKE,,WDG4759,31,12,26,,,90,A
367539810,2022-01-04T12:41:35,29.70711,-95.04735,0.0,309.3,198.0,CAPT ANDY LAKE,,WDG4759,31,12,26,,,90,A
367539810,2022-01-04T13:01:26,29.70710,-95.04734,0.0,294.7,203.0,CAPT ANDY LAKE,,WDG4759,31,12,26,,,90,A
367539810,2022-01-04T12:53:04,29.70712,-95.04737,0.0,254.7,200.0,CAPT ANDY LAKE,,WDG4759,31,12,26,,,90,A
367539810,2022-01-04T13:30:05,29.70709,-95.04735,0.0,167.5,200.0,CAPT ANDY LAKE,,WDG4759,31,12,26,,,90,A
367539810,2022-01-04T13:31:16,29.70709,-95.04733,0.0,209.0,201.0,CAPT ANDY LAKE,,WDG4759,31,12,26,,,90,A
367539810,2022-01-04T12:07:05,29.70710,-95.04736,0.0,214.8,201.0,CAPT ANDY LAKE,,WDG4759,31,12,26,,,90,A
367539810,2022-01-04T13:35:54,29.70711,-95.04736,0.1,306.9,200.0,CAPT ANDY LAKE,,WDG4759,31,12,26,,,90,A
367539810,2022-01-04T12:48:34,29.70712,-95.04736,0.0,260.7,200.0,CAPT ANDY LAKE,,WDG4759,31,12,26,,,90,A
367539810,2022-01-04T13:02:34,29.70710,-95.04735,0.0,295.7,203.0,CAPT ANDY LAKE,,WDG4759,31,12,26,,,90,A
367539810,2022-01-04T12:11:44,29.70710,-95.04735,0.0,262.9,201.0,CAPT ANDY LAKE,,WDG4759,31,12,26,,,90,A
367539810,2022-01-04T13:40:25,29.70710,-95.04735,0.0,177.3,200.0,CAPT ANDY LAKE,,WDG4759,31,12,26,,,90,A
367539810,2022-01-04T13:39:16,29.70711,-95.04735,0.0,134.4,200.0,CAPT ANDY LAKE,,WDG4759,31,12,26,,,90,A
367539810,2022-01-04T13:04:45,29.70710,-95.04736,0.0,267.5,199.0,CAPT ANDY LAKE,,WDG4759,31,12,26,,,90,A
367539810,2022-01-04T12:14:06,29.70711,-95.04736,0.0,106.0,201.0,CAPT ANDY LAKE,,WDG4759,31,12,26,,,90,A
367539810,2022-01-04T13:05:56,29.70710,-95.04736,0.0,217.0,200.0,CAPT ANDY LAKE,,WDG4759,31,12,26,,,90,A
367539810,2022-01-04T13:13:56,29.70708,-95.04734,0.0,210.9,202.0,CAPT ANDY LAKE,,WDG4759,31,12,26,,,90,A
367539810,2022-01-04T12:55:15,29.70711,-95.04736,0.0,158.1,201.0,CAPT ANDY LAKE,,WDG4759,31,12,26,,,90,A
367539810,2022-01-04T13:18:46,29.70710,-95.04735,0.0,311.3,199.0,CAPT ANDY LAKE,,WDG4759,31,12,26,,,90,A
367539810,2022-01-04T12:57:45,29.70709,-95.04733,0.1,179.8,202.0,CAPT ANDY LAKE,,WDG4759,31,12,26,,,90,A
367539810,2022-01-04T13:47:25,29.70711,-95.04735,0.0,272.9,200.0,CAPT ANDY LAKE,,WDG4759,31,12,26,,,90,A
367539810,2022-01-04T13:12:46,29.70708,-95.04735,0.0,180.9,201.0,CAPT ANDY LAKE,,WDG4759,31,12,26,,,90,A
367539810,2022-01-04T13:26:46,29.70710,-95.04736,0.0,331.9,199.0,CAPT ANDY LAKE,,WDG4759,31,12,26,,,90,A
367539810,2022-01-04T13:15:06,29.70710,-95.04734,0.0,292.8,201.0,CAPT ANDY LAKE,,WDG4759,31,12,26,,,90,A
367539810,2022-01-04T13:23:25,29.70709,-95.04735,0.0,344.2,201.0,CAPT ANDY LAKE,,WDG4759,31,12,26,,,90,A
367539810,2022-01-04T13:50:46,29.70710,-95.04736,0.0,127.8,200.0,CAPT ANDY LAKE,,WDG4759,31,12,26,,,90,A
367539810,2022-01-04T13:24:26,29.70711,-95.04735,0.0,191.0,201.0,CAPT ANDY LAKE,,WDG4759,31,12,26,,,90,A
367539810,2022-01-04T13:51:54,29.70711,-95.04735,0.0,206.6,200.0,CAPT ANDY LAKE,,WDG4759,31,12,26,,,90,A
367539810,2022-01-04T13:53:05,29.70710,-95.04734,0.0,304.6,202.0,CAPT ANDY LAKE,,WDG4759,31,12,26,,,90,A
367539810,2022-01-04T13:25:35,29.70710,-95.04735,0.0,233.5,200.0,CAPT ANDY LAKE,,WDG4759,31,12,26,,,90,A
367539810,2022-01-04T13:19:56,29.70712,-95.04736,0.0,184.8,199.0,CAPT ANDY LAKE,,WDG4759,31,12,26,,,90,A
367539810,2022-01-04T13:08:05,29.70712,-95.04735,0.0,46.0,199.0,CAPT ANDY LAKE,,WDG4759,31,12,26,,,90,A
367539810,2022-01-04T14:02:36,29.70712,-95.04736,0.0,84.4,200.0,CAPT ANDY LAKE,,WDG4759,31,12,26,,,90,A
367539810,2022-01-04T13:38:06,29.70712,-95.04735,0.0,169.4,199.0,CAPT ANDY LAKE,,WDG4759,31,12,26,,,90,A
367539810,2022-01-04T13:27:55,29.70711,-95.04735,0.0,125.8,199.0,CAPT ANDY LAKE,,WDG4759,31,12,26,,,90,A
367539810,2022-01-04T13:29:04,29.70711,-95.04734,0.0,132.2,200.0,CAPT ANDY LAKE,,WDG4759,31,12,26,,,90,A
367539810,2022-01-04T12:46:14,29.70711,-95.04735,0.0,7.3,200.0,CAPT ANDY LAKE,,WDG4759,31,12,26,,,90,A
367539810,2022-01-04T13:22:16,29.70709,-95.04735,0.0,187.2,201.0,CAPT ANDY LAKE,,WDG4759,31,12,26,,,90,A
367539810,2022-01-04T13:48:26,29.70712,-95.04738,0.0,340.2,199.0,CAPT ANDY LAKE,,WDG4759,31,12,26,,,90,A
367539810,2022-01-04T14:21:55,29.70711,-95.04736,0.0,223.2,199.0,CAPT ANDY LAKE,,WDG4759,31,12,26,,,90,A
367539810,2022-01-04T13:41:34,29.70711,-95.04734,0.0,105.0,201.0,CAPT ANDY LAKE,,WDG4759,31,12,26,,,90,A
367539810,2022-01-04T13:42:44,29.70709,-95.04734,0.1,170.8,202.0,CAPT ANDY LAKE,,WDG4759,31,12,26,,,90,A
367539810,2022-01-04T13:54:15,29.70709,-95.04734,0.0,142.6,202.0,CAPT ANDY LAKE,,WDG4759,31,12,26,,,90,A
367539810,2022-01-04T13:43:55,29.70708,-95.04734,0.0,287.7,202.0,CAPT ANDY LAKE,,WDG4759,31,12,26,,,90,A
367539810,2022-01-04T12:50:44,29.70711,-95.04736,0.0,269.0,200.0,CAPT ANDY LAKE,,WDG4759,31,12,26,,,90,A
367539810,2022-01-04T14:23:06,29.70710,-95.04736,0.0,308.9,203.0,CAPT ANDY LAKE,,WDG4759,31,12,26,,,90,A
367539810,2022-01-04T13:55:26,29.70709,-95.04733,0.0,173.4,203.0,CAPT ANDY LAKE,,WDG4759,31,12,26,,,90,A
367539810,2022-01-04T14:25:24,29.70711,-95.04734,0.1,214.3,201.0,CAPT ANDY LAKE,,WDG4759,31,12,26,,,90,A
367539810,2022-01-04T09:57:55,29.70713,-95.04736,0.0,171.5,199.0,CAPT ANDY LAKE,,WDG4759,31,12,26,,,90,A
367539810,2022-01-04T14:26:25,29.70710,-95.04734,0.0,76.2,204.0,CAPT ANDY LAKE,,WDG4759,31,12,26,,,90,A
367539810,2022-01-04T13:49:34,29.70712,-95.04737,0.0,127.1,199.0,CAPT ANDY LAKE,,WDG4759,31,12,26,,,90,A
367539810,2022-01-04T13:58:54,29.70712,-95.04735,0.1,313.2,200.0,CAPT ANDY LAKE,,WDG4759,31,12,26,,,90,A
367539810,2022-01-04T10:00:14,29.70712,-95.04737,0.0,143.2,201.0,CAPT ANDY LAKE,,WDG4759,31,12,26,,,90,A
367539810,2022-01-04T14:32:24,29.70710,-95.04735,0.0,270.2,201.0,CAPT ANDY LAKE,,WDG4759,31,12,26,,,90,A
367539810,2022-01-04T14:36:55,29.70708,-95.04732,0.1,175.7,206.0,CAPT ANDY LAKE,,WDG4759,31,12,26,,,90,A
367539810,2022-01-04T14:06:45,29.70711,-95.04735,0.0,5.5,200.0,CAPT ANDY LAKE,,WDG4759,31,12,26,,,90,A
367539810,2022-01-04T13:56:36,29.70709,-95.04733,0.0,191.0,204.0,CAPT ANDY LAKE,,WDG4759,31,12,26,,,90,A
367539810,2022-01-04T14:03:56,29.70711,-95.04734,0.0,119.0,200.0,CAPT ANDY LAKE,,WDG4759,31,12,26,,,90,A
367539810,2022-01-04T14:10:25,29.70709,-95.04735,0.0,174.0,201.0,CAPT ANDY LAKE,,WDG4759,31,12,26,,,90,A
367539810,2022-01-04T14:40:25,29.70712,-95.04736,0.1,305.0,199.0,CAPT ANDY LAKE,,WDG4759,31,12,26,,,90,A
367539810,2022-01-04T14:38:05,29.70708,-95.04733,0.1,302.8,205.0,CAPT ANDY LAKE,,WDG4759,31,12,26,,,90,A
367539810,2022-01-04T14:41:36,29.70711,-95.04736,0.0,208.4,198.0,CAPT ANDY LAKE,,WDG4759,31,12,26,,,90,A
367539810,2022-01-04T10:09:35,29.70710,-95.04734,0.0,221.9,202.0,CAPT ANDY LAKE,,WDG4759,31,12,26,,,90,A
367539810,2022-01-04T10:10:36,29.70711,-95.04735,0.1,340.6,201.0,CAPT ANDY LAKE,,WDG4759,31,12,26,,,90,A
367539810,2022-01-04T13:45:06,29.70709,-95.04734,0.0,265.5,201.0,CAPT ANDY LAKE,,WDG4759,31,12,26,,,90,A
367539810,2022-01-04T14:45:05,29.70713,-95.04731,0.1,166.1,201.0,CAPT ANDY LAKE,,WDG4759,31,12,26,,,90,A
367539810,2022-01-04T14:47:25,29.70711,-95.04732,0.1,191.1,202.0,CAPT ANDY LAKE,,WDG4759,31,12,26,,,90,A
367539810,2022-01-04T14:09:05,29.70709,-95.04735,0.0,349.8,200.0,CAPT ANDY LAKE,,WDG4759,31,12,26,,,90,A
367539810,2022-01-04T14:17:25,29.70711,-95.04735,0.1,350.3,200.0,CAPT ANDY LAKE,,WDG4759,31,12,26,,,90,A
367539810,2022-01-04T14:24:14,29.70712,-95.04735,0.0,166.6,200.0,CAPT ANDY LAKE,,WDG4759,31,12,26,,,90,A
367539810,2022-01-04T14:12:06,29.70708,-95.04733,0.0,106.2,202.0,CAPT ANDY LAKE,,WDG4759,31,12,26,,,90,A
367539810,2022-01-04T14:13:25,29.70709,-95.04733,0.0,344.9,204.0,CAPT ANDY LAKE,,WDG4759,31,12,26,,,90,A
367539810,2022-01-04T14:14:45,29.70709,-95.04734,0.0,245.1,202.0,CAPT ANDY LAKE,,WDG4759,31,12,26,,,90,A
367539810,2022-01-04T13:57:46,29.70710,-95.04733,0.1,333.9,202.0,CAPT ANDY LAKE,,WDG4759,31,12,26,,,90,A
367539810,2022-01-04T14:33:25,29.70711,-95.04735,0.0,235.1,200.0,CAPT ANDY LAKE,,WDG4759,31,12,26,,,90,A
367539810,2022-01-04T14:34:36,29.70710,-95.04735,0.0,160.7,199.0,CAPT ANDY LAKE,,WDG4759,31,12,26,,,90,A
367539810,2022-01-04T15:02:35,29.70714,-95.04734,0.0,21.8,200.0,CAPT ANDY LAKE,,WDG4759,31,12,26,,,90,A
367539810,2022-01-04T14:27:36,29.70709,-95.04733,0.0,190.1,203.0,CAPT ANDY LAKE,,WDG4759,31,12,26,,,90,A
367539810,2022-01-04T15:04:55,29.70711,-95.04733,0.0,167.4,202.0,CAPT ANDY LAKE,,WDG4759,31,12,26,,,90,A
367539810,2022-01-04T14:07:54,29.70711,-95.04734,0.0,192.5,200.0,CAPT ANDY LAKE,,WDG4759,31,12,26,,,90,A
367539810,2022-01-04T14:31:14,29.70711,-95.04734,0.0,300.1,201.0,CAPT ANDY LAKE,,WDG4759,31,12,26,,,90,A
367539810,2022-01-04T14:35:45,29.70710,-95.04734,0.1,107.0,200.0,CAPT ANDY LAKE,,WDG4759,31,12,26,,,90,A
367539810,2022-01-04T14:46:15,29.70712,-95.04731,0.0,171.9,202.0,CAPT ANDY LAKE,,WDG4759,31,12,26,,,90,A
367539810,2022-01-04T14:48:35,29.70711,-95.04733,0.1,298.7,204.0,CAPT ANDY LAKE,,WDG4759,31,12,26,,,90,A
367539810,2022-01-04T14:20:15,29.70711,-95.04735,0.0,100.8,200.0,CAPT ANDY LAKE,,WDG4759,31,12,26,,,90,A
367539810,2022-01-04T10:39:35,29.70710,-95.04734,0.0,286.1,200.0,CAPT ANDY LAKE,,WDG4759,31,12,26,,,90,A
367539810,2022-01-04T15:18:44,29.70712,-95.04737,0.1,189.4,200.0,CAPT ANDY LAKE,,WDG4759,31,12,26,,,90,A
367539810,2022-01-04T14:54:25,29.70713,-95.04734,0.0,259.9,199.0,CAPT ANDY LAKE,,WDG4759,31,12,26,,,90,A
367539810,2022-01-04T15:22:16,29.70710,-95.04733,0.1,139.2,202.0,CAPT ANDY LAKE,,WDG4759,31,12,26,,,90,A
367539810,2022-01-04T15:23:24,29.70710,-95.04732,0.1,319.9,205.0,CAPT ANDY LAKE,,WDG4759,31,12,26,,,90,A
367539810,2022-01-04T15:24:35,29.70709,-95.04734,0.1,305.9,204.0,CAPT ANDY LAKE,,WDG4759,31,12,26,,,90,A
367539810,2022-01-04T14:56:45,29.70711,-95.04733,0.0,34.9,204.0,CAPT ANDY LAKE,,WDG4759,31,12,26,,,90,A
367539810,2022-01-04T14:55:36,29.70713,-95.04733,0.1,184.1,201.0,CAPT ANDY LAKE,,WDG4759,31,12,26,,,90,A
367539810,2022-01-04T14:50:54,29.70712,-95.04734,0.0,276.8,202.0,CAPT ANDY LAKE,,WDG4759,31,12,26,,,90,A
367539810,2022-01-04T14:58:55,29.70711,-95.04733,0.0,243.6,204.0,CAPT ANDY LAKE,,WDG4759,31,12,26,,,90,A
367539810,2022-01-04T14:29:56,29.70710,-95.04734,0.1,310.2,204.0,CAPT ANDY LAKE,,WDG4759,31,12,26,,,90,A
367539810,2022-01-04T15:29:15,29.70710,-95.04737,0.0,320.0,200.0,CAPT ANDY LAKE,,WDG4759,31,12,26,,,90,A
367539810,2022-01-04T14:57:54,29.70713,-95.04732,0.1,219.6,201.0,CAPT ANDY LAKE,,WDG4759,31,12,26,,,90,A
367539810,2022-01-04T10:54:35,29.70710,-95.04736,0.0,284.5,202.0,CAPT ANDY LAKE,,WDG4759,31,12,26,,,90,A
367539810,2022-01-04T15:35:26,29.70707,-95.04728,0.1,78.4,203.0,CAPT ANDY LAKE,,WDG4759,31,12,26,,,90,A
367539810,2022-01-04T15:01:25,29.70713,-95.04734,0.0,218.8,199.0,CAPT ANDY LAKE,,WDG4759,31,12,26,,,90,A
367539810,2022-01-04T15:10:46,29.70712,-95.04734,0.0,3.9,201.0,CAPT ANDY LAKE,,WDG4759,31,12,26,,,90,A
367539810,2022-01-04T15:41:24,29.70688,-95.04714,0.4,194.9,193.0,CAPT ANDY LAKE,,WDG4759,31,12,26,,,90,A
367539810,2022-01-04T15:38:55,29.70709,-95.04714,0.1,121.3,195.0,CAPT ANDY LAKE,,WDG4759,31,12,26,,,90,A
367539810,2022-01-04T15:06:05,29.70711,-95.04733,0.0,16.1,201.0,CAPT ANDY LAKE,,WDG4759,31,12,26,,,90,A
367539810,2022-01-04T15:08:26,29.70710,-95.04734,0.0,301.4,203.0,CAPT ANDY LAKE,,WDG4759,31,12,26,,,90,A
367539810,2022-01-04T15:16:25,29.70712,-95.04736,0.1,326.2,200.0,CAPT ANDY LAKE,,WDG4759,31,12,26,,,90,A
367539810,2022-01-04T14:00:06,29.70712,-95.04736,0.0,275.3,198.0,CAPT ANDY LAKE,,WDG4759,31,12,26,,,90,A
367539810,2022-01-04T14:52:05,29.70714,-95.04735,0.1,339.5,199.0,CAPT ANDY LAKE,,WDG4759,31,12,26,,,90,A
367539810,2022-01-04T15:14:15,29.70710,-95.04736,0.0,244.9,201.0,CAPT ANDY LAKE,,WDG4759,31,12,26,,,90,A
367539810,2022-01-04T15:13:04,29.70710,-95.04736,0.0,197.8,201.0,CAPT ANDY LAKE,,WDG4759,31,12,26,,,90,A
367539810,2022-01-04T15:54:16,29.70681,-95.04745,0.2,243.3,198.0,CAPT ANDY LAKE,,WDG4759,31,12,26,,,90,A
367539810,2022-01-04T15:47:14,29.70684,-95.04730,0.2,273.9,196.0,CAPT ANDY LAKE,,WDG4759,31,12,26,,,90,A
367539810,2022-01-04T15:17:35,29.70712,-95.04736,0.0,319.6,199.0,CAPT ANDY LAKE,,WDG4759,31,12,26,,,90,A
367539810,2022-01-04T11:04:56,29.70709,-95.04733,0.0,313.0,203.0,CAPT ANDY LAKE,,WDG4759,31,12,26,,,90,A
367539810,2022-01-04T14:15:56,29.70710,-95.04735,0.0,348.7,202.0,CAPT ANDY LAKE,,WDG4759,31,12,26,,,90,A
367539810,2022-01-04T11:08:24,29.70709,-95.04732,0.0,224.2,203.0,CAPT ANDY LAKE,,WDG4759,31,12,26,,,90,A
367539810,2022-01-04T15:00:15,29.70712,-95.04734,0.1,336.1,200.0,CAPT ANDY LAKE,,WDG4759,31,12,26,,,90,A
367539810,2022-01-04T14:19:06,29.70712,-95.04736,0.0,145.8,200.0,CAPT ANDY LAKE,,WDG4759,31,12,26,,,90,A
367539810,2022-01-04T16:06:54,29.70683,-95.04745,0.0,151.9,199.0,CAPT ANDY LAKE,,WDG4759,31,12,26,,,90,A
367539810,2022-01-04T15:28:05,29.70708,-95.04737,0.0,318.0,201.0,CAPT ANDY LAKE,,WDG4759,31,12,26,,,90,A
367539810,2022-01-04T15:32:05,29.70712,-95.04734,0.0,58.5,198.0,CAPT ANDY LAKE,,WDG4759,31,12,26,,,90,A
367539810,2022-01-04T15:33:15,29.70714,-95.04732,0.0,102.2,196.0,CAPT ANDY LAKE,,WDG4759,31,12,26,,,90,A
367539810,2022-01-04T15:36:34,29.70708,-95.04724,0.1,70.9,200.0,CAPT ANDY LAKE,,WDG4759,31,12,26,,,90,A
367539810,2022-01-04T15:07:15,29.70712,-95.04734,0.0,233.8,202.0,CAPT ANDY LAKE,,WDG4759,31,12,26,,,90,A
367539810,2022-01-04T15:34:25,29.70709,-95.04732,0.1,137.1,202.0,CAPT ANDY LAKE,,WDG4759,31,12,26,,,90,A
367539810,2022-01-04T11:21:15,29.70711,-95.04736,0.0,282.5,201.0,CAPT ANDY LAKE,,WDG4759,31,12,26,,,90,A
367539810,2022-01-04T16:14:56,29.70682,-95.04745,0.0,211.4,201.0,CAPT ANDY LAKE,,WDG4759,31,12,26,,,90,A
367539810,2022-01-04T15:53:06,29.70682,-95.04741,0.1,4.6,200.0,CAPT ANDY LAKE,,WDG4759,31,12,26,,,90,A
367539810,2022-01-04T15:49:36,29.70680,-95.04743,0.0,110.8,203.0,CAPT ANDY LAKE,,WDG4759,31,12,26,,,90,A
367539810,2022-01-04T11:27:05,29.70712,-95.04735,0.0,258.4,201.0,CAPT ANDY LAKE,,WDG4759,31,12,26,,,90,A
367539810,2022-01-04T16:29:56,29.70682,-95.04745,0.1,203.7,202.0,CAPT ANDY LAKE,,WDG4759,31,12,26,,,90,A
367539810,2022-01-04T16:31:05,29.70681,-95.04746,0.0,352.5,204.0,CAPT ANDY LAKE,,WDG4759,31,12,26,,,90,A
367539810,2022-01-04T11:30:35,29.70710,-95.04734,0.1,153.9,202.0,CAPT ANDY LAKE,,WDG4759,31,12,26,,,90,A
367539810,2022-01-04T11:31:44,29.70709,-95.04734,0.1,313.9,204.0,CAPT ANDY LAKE,,WDG4759,31,12,26,,,90,A
367539810,2022-01-04T15:57:36,29.70682,-95.04747,0.0,354.1,201.0,CAPT ANDY LAKE,,WDG4759,31,12,26,,,90,A
367539810,2022-01-04T16:04:34,29.70683,-95.04746,0.0,0.9,199.0,CAPT ANDY LAKE,,WDG4759,31,12,26,,,90,A
367539810,2022-01-04T14:42:45,29.70710,-95.04736,0.0,8.0,199.0,CAPT ANDY LAKE,,WDG4759,31,12,26,,,90,A
367539810,2022-01-04T16:03:26,29.70682,-95.04745,0.0,18.8,199.0,CAPT ANDY LAKE,,WDG4759,31,12,26,,,90,A
367539810,2022-01-04T11:38:16,29.70712,-95.04736,0.1,21.7,201.0,CAPT ANDY LAKE,,WDG4759,31,12,26,,,90,A
367539810,2022-01-04T15:37:44,29.70709,-95.04718,0.1,104.3,198.0,CAPT ANDY LAKE,,WDG4759,31,12,26,,,90,A
367539810,2022-01-04T16:11:36,29.70683,-95.04745,0.0,211.8,200.0,CAPT ANDY LAKE,,WDG4759,31,12,26,,,90,A
367539810,2022-01-04T16:42:46,29.70682,-95.04746,0.0,338.3,200.0,CAPT ANDY LAKE,,WDG4759,31,12,26,,,90,A
367539810,2022-01-04T15:40:04,29.70702,-95.04710,0.3,172.8,192.0,CAPT ANDY LAKE,,WDG4759,31,12,26,,,90,A
367539810,2022-01-04T16:10:24,29.70681,-95.04745,0.0,34.8,200.0,CAPT ANDY LAKE,,WDG4759,31,12,26,,,90,A
367539810,2022-01-04T14:53:14,29.70712,-95.04736,0.0,141.3,200.0,CAPT ANDY LAKE,,WDG4759,31,12,26,,,90,A
367539810,2022-01-04T16:19:25,29.70682,-95.04746,0.0,335.6,199.0,CAPT ANDY LAKE,,WDG4759,31,12,26,,,90,A
367539810,2022-01-04T16:17:06,29.70681,-95.04746,0.0,229.6,203.0,CAPT ANDY LAKE,,WDG4759,31,12,26,,,90,A
367539810,2022-01-04T16:18:15,29.70682,-95.04746,0.0,342.2,202.0,CAPT ANDY LAKE,,WDG4759,31,12,26,,,90,A
367539810,2022-01-04T15:50:45,29.70682,-95.04742,0.1,264.3,199.0,CAPT ANDY LAKE,,WDG4759,31,12,26,,,90,A
367539810,2022-01-04T16:46:14,29.70683,-95.04748,0.0,210.2,199.0,CAPT ANDY LAKE,,WDG4759,31,12,26,,,90,A
367539810,2022-01-04T16:26:24,29.70682,-95.04745,0.1,156.6,201.0,CAPT ANDY LAKE,,WDG4759,31,12,26,,,90,A
367539810,2022-01-04T16:32:16,29.70681,-95.04746,0.0,275.4,204.0,CAPT ANDY LAKE,,WDG4759,31,12,26,,,90,A
367539810,2022-01-04T15:56:35,29.70682,-95.04747,0.0,201.9,199.0,CAPT ANDY LAKE,,WDG4759,31,12,26,,,90,A
367539810,2022-01-04T15:03:45,29.70712,-95.04733,0.0,161.2,200.0,CAPT ANDY LAKE,,WDG4759,31,12,26,,,90,A
367539810,2022-01-04T16:58:45,29.70683,-95.04747,0.0,359.0,200.0,CAPT ANDY LAKE,,WDG4759,31,12,26,,,90,A
367539810,2022-01-04T16:27:35,29.70680,-95.04744,0.0,318.8,204.0,CAPT ANDY LAKE,,WDG4759,31,12,26,,,90,A
367539810,2022-01-04T16:28:46,29.70681,-95.04744,0.0,328.8,203.0,CAPT ANDY LAKE,,WDG4759,31,12,26,,,90,A
367539810,2022-01-04T15:58:44,29.70682,-95.04747,0.0,337.5,198.0,CAPT ANDY LAKE,,WDG4759,31,12,26,,,90,A
367539810,2022-01-04T16:01:06,29.70682,-95.04747,0.0,215.0,200.0,CAPT ANDY LAKE,,WDG4759,31,12,26,,,90,A
367539810,2022-01-04T15:09:35,29.70711,-95.04735,0.0,357.9,201.0,CAPT ANDY LAKE,,WDG4759,31,12,26,,,90,A
367539810,2022-01-04T16:54:14,29.70682,-95.04747,0.0,261.5,199.0,CAPT ANDY LAKE,,WDG4759,31,12,26,,,90,A
367539810,2022-01-04T17:05:45,29.70681,-95.04746,0.0,170.7,201.0,CAPT ANDY LAKE,,WDG4759,31,12,26,,,90,A
367539810,2022-01-04T16:34:35,29.70682,-95.04747,0.0,252.2,201.0,CAPT ANDY LAKE,,WDG4759,31,12,26,,,90,A
367539810,2022-01-04T15:11:55,29.70710,-95.04735,0.0,236.9,201.0,CAPT ANDY LAKE,,WDG4759,31,12,26,,,90,A
367539810,2022-01-04T16:05:45,29.70682,-95.04747,0.0,190.3,199.0,CAPT ANDY LAKE,,WDG4759,31,12,26,,,90,A
367539810,2022-01-04T16:41:35,29.70680,-95.04746,0.0,329.5,201.0,CAPT ANDY LAKE,,WDG4759,31,12,26,,,90,A
367539810,2022-01-04T17:03:25,29.70682,-95.04747,0.0,332.7,201.0,CAPT ANDY LAKE,,WDG4759,31,12,26,,,90,A
367539810,2022-01-04T17:04:34,29.70681,-95.04745,0.0,164.4,199.0,CAPT ANDY LAKE,,WDG4759,31,12,26,,,90,A
367539810,2022-01-04T16:12:44,29.70682,-95.04745,0.0,22.9,200.0,CAPT ANDY LAKE,,WDG4759,31,12,26,,,90,A
367539810,2022-01-04T16:47:26,29.70682,-95.04747,0.0,184.8,199.0,CAPT ANDY LAKE,,WDG4759,31,12,26,,,90,A
367539810,2022-01-04T17:18:35,29.70681,-95.04746,0.0,167.4,200.0,CAPT ANDY LAKE,,WDG4759,31,12,26,,,90,A
367539810,2022-01-04T17:19:46,29.70681,-95.04746,0.0,30.9,200.0,CAPT ANDY LAKE,,WDG4759,31,12,26,,,90,A
367539810,2022-01-04T17:08:05,29.70683,-95.04747,0.0,354.3,199.0,CAPT ANDY LAKE,,WDG4759,31,12,26,,,90,A
367539810,2022-01-04T16:45:04,29.70683,-95.04747,0.0,338.8,199.0,CAPT ANDY LAKE,,WDG4759,31,12,26,,,90,A
367539810,2022-01-04T16:16:05,29.70681,-95.04745,0.0,169.4,203.0,CAPT ANDY LAKE,,WDG4759,31,12,26,,,90,A
367539810,2022-01-04T16:51:54,29.70683,-95.04747,0.0,346.0,199.0,CAPT ANDY LAKE,,WDG4759,31,12,26,,,90,A
367539810,2022-01-04T16:48:34,29.70681,-95.04746,0.0,50.2,199.0,CAPT ANDY LAKE,,WDG4759,31,12,26,,,90,A
367539810,2022-01-04T16:49:35,29.70682,-95.04746,0.0,256.7,200.0,CAPT ANDY LAKE,,WDG4759,31,12,26,,,90,A
367539810,2022-01-04T12:12:56,29.70710,-95.04736,0.1,310.4,202.0,CAPT ANDY LAKE,,WDG4759,31,12,26,,,90,A
367539810,2022-01-04T16:56:26,29.70681,-95.04747,0.0,315.2,200.0,CAPT ANDY LAKE,,WDG4759,31,12,26,,,90,A
367539810,2022-01-04T16:20:34,29.70682,-95.04745,0.0,144.2,200.0,CAPT ANDY LAKE,,WDG4759,31,12,26,,,90,A
367539810,2022-01-04T17:30:04,29.70682,-95.04746,0.0,218.0,202.0,CAPT ANDY LAKE,,WDG4759,31,12,26,,,90,A
367539810,2022-01-04T15:25:46,29.70709,-95.04737,0.1,252.0,203.0,CAPT ANDY LAKE,,WDG4759,31,12,26,,,90,A
367539810,2022-01-04T16:57:35,29.70682,-95.04747,0.0,339.6,199.0,CAPT ANDY LAKE,,WDG4759,31,12,26,,,90,A
367539810,2022-01-04T16:53:04,29.70682,-95.04746,0.0,252.6,199.0,CAPT ANDY LAKE,,WDG4759,31,12,26,,,90,A
367539810,2022-01-04T16:22:46,29.70681,-95.04745,0.0,245.6,201.0,CAPT ANDY LAKE,,WDG4759,31,12,26,,,90,A
367539810,2022-01-04T16:23:55,29.70682,-95.04745,0.0,280.0,200.0,CAPT ANDY LAKE,,WDG4759,31,12,26,,,90,A
367539810,2022-01-04T17:20:54,29.70681,-95.04745,0.0,314.5,200.0,CAPT ANDY LAKE,,WDG4759,31,12,26,,,90,A
367539810,2022-01-04T15:30:56,29.70713,-95.04735,0.0,56.3,201.0,CAPT ANDY LAKE,,WDG4759,31,12,26,,,90,A
367539810,2022-01-04T17:02:16,29.70682,-95.04746,0.0,186.1,200.0,CAPT ANDY LAKE,,WDG4759,31,12,26,,,90,A
367539810,2022-01-04T17:24:15,29.70683,-95.04747,0.0,353.9,199.0,CAPT ANDY LAKE,,WDG4759,31,12,26,,,90,A
367539810,2022-01-04T17:38:15,29.70683,-95.04747,0.0,40.8,201.0,CAPT ANDY LAKE,,WDG4759,31,12,26,,,90,A
367539810,2022-01-04T17:40:35,29.70684,-95.04745,0.0,193.4,202.0,CAPT ANDY LAKE,,WDG4759,31,12,26,,,90,A
367539810,2022-01-04T17:27:45,29.70682,-95.04745,0.0,109.1,198.0,CAPT ANDY LAKE,,WDG4759,31,12,26,,,90,A
367539810,2022-01-04T12:31:25,29.70712,-95.04736,0.1,305.7,199.0,CAPT ANDY LAKE,,WDG4759,31,12,26,,,90,A
367539810,2022-01-04T12:32:35,29.70710,-95.04735,0.0,232.3,199.0,CAPT ANDY LAKE,,WDG4759,31,12,26,,,90,A
367539810,2022-01-04T17:46:25,29.70681,-95.04746,0.0,303.3,198.0,CAPT ANDY LAKE,,WDG4759,31,12,26,,,90,A
367539810,2022-01-04T12:36:55,29.70709,-95.04733,0.0,189.8,201.0,CAPT ANDY LAKE,,WDG4759,31,12,26,,,90,A
367539810,2022-01-04T17:31:15,29.70682,-95.04747,0.0,93.8,202.0,CAPT ANDY LAKE,,WDG4759,31,12,26,,,90,A
367539810,2022-01-04T17:11:34,29.70681,-95.04747,0.0,347.4,199.0,CAPT ANDY LAKE,,WDG4759,31,12,26,,,90,A
367539810,2022-01-04T17:10:25,29.70681,-95.04746,0.0,184.9,197.0,CAPT ANDY LAKE,,WDG4759,31,12,26,,,90,A
367539810,2022-01-04T17:12:46,29.70682,-95.04746,0.0,138.0,198.0,CAPT ANDY LAKE,,WDG4759,31,12,26,,,90,A
367539810,2022-01-04T16:39:15,29.70681,-95.04746,0.0,285.7,200.0,CAPT ANDY LAKE,,WDG4759,31,12,26,,,90,A
367539810,2022-01-04T17:39:26,29.70683,-95.04747,0.0,322.4,199.0,CAPT ANDY LAKE,,WDG4759,31,12,26,,,90,A
367539810,2022-01-04T17:17:25,29.70682,-95.04747,0.0,197.2,198.0,CAPT ANDY LAKE,,WDG4759,31,12,26,,,90,A
367539810,2022-01-04T15:43:45,29.70675,-95.04721,0.1,28.1,199.0,CAPT ANDY LAKE,,WDG4759,31,12,26,,,90,A
367539810,2022-01-04T17:58:15,29.70681,-95.04746,0.0,189.6,199.0,CAPT ANDY LAKE,,WDG4759,31,12,26,,,90,A
367539810,2022-01-04T12:45:04,29.70711,-95.04736,0.0,356.6,200.0,CAPT ANDY LAKE,,WDG4759,31,12,26,,,90,A
367539810,2022-01-04T17:41:46,29.70682,-95.04748,0.0,2.2,200.0,CAPT ANDY LAKE,,WDG4759,31,12,26,,,90,A
367539810,2022-01-04T15:46:05,29.70683,-95.04723,0.1,323.1,194.0,CAPT ANDY LAKE,,WDG4759,31,12,26,,,90,A
367539810,2022-01-04T17:45:15,29.70681,-95.04745,0.0,322.3,199.0,CAPT ANDY LAKE,,WDG4759,31,12,26,,,90,A
367539810,2022-01-04T17:49:54,29.70681,-95.04747,0.0,341.6,198.0,CAPT ANDY LAKE,,WDG4759,31,12,26,,,90,A
367539810,2022-01-04T15:48:25,29.70685,-95.04738,0.2,242.2,196.0,CAPT ANDY LAKE,,WDG4759,31,12,26,,,90,A
367539810,2022-01-04T16:50:46,29.70682,-95.04746,0.0,284.4,201.0,CAPT ANDY LAKE,,WDG4759,31,12,26,,,90,A
367539810,2022-01-04T18:11:35,29.70681,-95.04744,0.0,236.1,199.0,CAPT ANDY LAKE,,WDG4759,31,12,26,,,90,A
367539810,2022-01-04T12:56:24,29.70710,-95.04734,0.0,150.3,201.0,CAPT ANDY LAKE,,WDG4759,31,12,26,,,90,A
367539810,2022-01-04T17:57:04,29.70682,-95.04745,0.0,28.4,199.0,CAPT ANDY LAKE,,WDG4759,31,12,26,,,90,A
367539810,2022-01-04T15:55:25,29.70683,-95.04747,0.0,29.9,198.0,CAPT ANDY LAKE,,WDG4759,31,12,26,,,90,A
367539810,2022-01-04T17:33:35,29.70682,-95.04746,0.0,42.9,199.0,CAPT ANDY LAKE,,WDG4759,31,12,26,,,90,A
367539810,2022-01-04T17:37:06,29.70682,-95.04746,0.0,204.7,198.0,CAPT ANDY LAKE,,WDG4759,31,12,26,,,90,A
367539810,2022-01-04T17:01:05,29.70682,-95.04746,0.0,197.2,200.0,CAPT ANDY LAKE,,WDG4759,31,12,26,,,90,A
367539810,2022-01-04T17:42:55,29.70682,-95.04745,0.0,74.2,197.0,CAPT ANDY LAKE,,WDG4759,31,12,26,,,90,A
367539810,2022-01-04T18:04:45,29.70682,-95.04744,0.0,154.8,201.0,CAPT ANDY LAKE,,WDG4759,31,12,26,,,90,A
367539810,2022-01-04T16:08:04,29.70681,-95.04746,0.0,314.1,199.0,CAPT ANDY LAKE,,WDG4759,31,12,26,,,90,A
367539810,2022-01-04T13:09:14,29.70710,-95.04735,0.0,68.3,203.0,CAPT ANDY LAKE,,WDG4759,31,12,26,,,90,A
367539810,2022-01-04T17:44:06,29.70681,-95.04745,0.0,205.9,199.0,CAPT ANDY LAKE,,WDG4759,31,12,26,,,90,A
367539810,2022-01-04T18:08:16,29.70682,-95.04745,0.0,200.4,200.0,CAPT ANDY LAKE,,WDG4759,31,12,26,,,90,A
367539810,2022-01-04T17:47:36,29.70681,-95.04747,0.0,356.7,198.0,CAPT ANDY LAKE,,WDG4759,31,12,26,,,90,A
367539810,2022-01-04T17:09:14,29.70682,-95.04747,0.0,290.9,198.0,CAPT ANDY LAKE,,WDG4759,31,12,26,,,90,A
367539810,2022-01-04T17:48:44,29.70682,-95.04746,0.0,347.4,199.0,CAPT ANDY LAKE,,WDG4759,31,12,26,,,90,A
367539810,2022-01-04T18:27:56,29.70684,-95.04745,0.0,230.5,199.0,CAPT ANDY LAKE,,WDG4759,31,12,26,,,90,A
367539810,2022-01-04T16:13:55,29.70681,-95.04745,0.0,249.0,201.0,CAPT ANDY LAKE,,WDG4759,31,12,26,,,90,A
367539810,2022-01-04T17:51:04,29.70683,-95.04746,0.0,141.2,198.0,CAPT ANDY LAKE,,WDG4759,31,12,26,,,90,A
367539810,2022-01-04T17:52:16,29.70683,-95.04745,0.0,217.6,199.0,CAPT ANDY LAKE,,WDG4759,31,12,26,,,90,A
367539810,2022-01-04T18:16:15,29.70683,-95.04744,0.0,307.5,199.0,CAPT ANDY LAKE,,WDG4759,31,12,26,,,90,A
367539810,2022-01-04T18:33:44,29.70683,-95.04745,0.0,290.8,199.0,CAPT ANDY LAKE,,WDG4759,31,12,26,,,90,A
367539810,2022-01-04T13:11:35,29.70709,-95.04734,0.0,183.2,201.0,CAPT ANDY LAKE,,WDG4759,31,12,26,,,90,A
367539810,2022-01-04T17:13:55,29.70682,-95.04746,0.0,38.5,199.0,CAPT ANDY LAKE,,WDG4759,31,12,26,,,90,A
367539810,2022-01-04T17:53:24,29.70682,-95.04745,0.0,54.5,200.0,CAPT ANDY LAKE,,WDG4759,31,12,26,,,90,A
367539810,2022-01-04T17:16:16,29.70682,-95.04747,0.0,240.6,199.0,CAPT ANDY LAKE,,WDG4759,31,12,26,,,90,A
367539810,2022-01-04T17:54:35,29.70682,-95.04746,0.0,184.6,201.0,CAPT ANDY LAKE,,WDG4759,31,12,26,,,90,A
367539810,2022-01-04T18:39:25,29.70684,-95.04744,0.0,192.3,199.0,CAPT ANDY LAKE,,WDG4759,31,12,26,,,90,A
367539810,2022-01-04T18:24:25,29.70684,-95.04744,0.0,288.3,199.0,CAPT ANDY LAKE,,WDG4759,31,12,26,,,90,A
367539810,2022-01-04T17:59:24,29.70682,-95.04746,0.0,5.7,201.0,CAPT ANDY LAKE,,WDG4759,31,12,26,,,90,A
367539810,2022-01-04T16:25:05,29.70682,-95.04745,0.0,322.0,200.0,CAPT ANDY LAKE,,WDG4759,31,12,26,,,90,A
367539810,2022-01-04T18:00:15,29.70682,-95.04746,0.0,1.5,200.0,CAPT ANDY LAKE,,WDG4759,31,12,26,,,90,A
367539810,2022-01-04T18:02:26,29.70682,-95.04747,0.1,194.5,199.0,CAPT ANDY LAKE,,WDG4759,31,12,26,,,90,A
367539810,2022-01-04T18:29:05,29.70683,-95.04745,0.1,205.6,199.0,CAPT ANDY LAKE,,WDG4759,31,12,26,,,90,A
367539810,2022-01-04T17:25:24,29.70683,-95.04746,0.0,198.7,198.0,CAPT ANDY LAKE,,WDG4759,31,12,26,,,90,A
367539810,2022-01-04T18:03:35,29.70682,-95.04745,0.0,102.5,201.0,CAPT ANDY LAKE,,WDG4759,31,12,26,,,90,A
367539810,2022-01-04T18:05:54,29.70681,-95.04746,0.0,40.3,204.0,CAPT ANDY LAKE,,WDG4759,31,12,26,,,90,A
367539810,2022-01-04T16:33:24,29.70681,-95.04746,0.0,266.3,203.0,CAPT ANDY LAKE,,WDG4759,31,12,26,,,90,A
367539810,2022-01-04T18:54:35,29.70684,-95.04745,0.0,346.0,199.0,CAPT ANDY LAKE,,WDG4759,31,12,26,,,90,A
367539810,2022-01-04T18:09:24,29.70683,-95.04744,0.0,203.7,200.0,CAPT ANDY LAKE,,WDG4759,31,12,26,,,90,A
367539810,2022-01-04T18:12:45,29.70681,-95.04745,0.1,227.1,199.0,CAPT ANDY LAKE,,WDG4759,31,12,26,,,90,A
367539810,2022-01-04T17:32:25,29.70682,-95.04746,0.0,354.2,199.0,CAPT ANDY LAKE,,WDG4759,31,12,26,,,90,A
367539810,2022-01-04T18:56:56,29.70683,-95.04744,0.0,14.3,200.0,CAPT ANDY LAKE,,WDG4759,31,12,26,,,90,A
367539810,2022-01-04T16:35:45,29.70681,-95.04746,0.0,327.9,202.0,CAPT ANDY LAKE,,WDG4759,31,12,26,,,90,A
367539810,2022-01-04T16:36:56,29.70681,-95.04746,0.0,246.8,201.0,CAPT ANDY LAKE,,WDG4759,31,12,26,,,90,A
367539810,2022-01-04T18:13:55,29.70680,-95.04746,0.0,256.1,201.0,CAPT ANDY LAKE,,WDG4759,31,12,26,,,90,A
367539810,2022-01-04T13:32:25,29.70709,-95.04733,0.0,319.5,202.0,CAPT ANDY LAKE,,WDG4759,31,12,26,,,90,A
367539810,2022-01-04T16:40:24,29.70681,-95.04747,0.0,216.6,202.0,CAPT ANDY LAKE,,WDG4759,31,12,26,,,90,A
367539810,2022-01-04T13:33:34,29.70710,-95.04735,0.0,291.1,201.0,CAPT ANDY LAKE,,WDG4759,31,12,26,,,90,A
367539810,2022-01-04T18:20:54,29.70683,-95.04745,0.0,280.9,199.0,CAPT ANDY LAKE,,WDG4759,31,12,26,,,90,A
367539810,2022-01-04T13:34:46,29.70710,-95.04735,0.1,307.4,201.0,CAPT ANDY LAKE,,WDG4759,31,12,26,,,90,A
367539810,2022-01-04T19:04:56,29.70683,-95.04744,0.0,264.0,200.0,CAPT ANDY LAKE,,WDG4759,31,12,26,,,90,A
367539810,2022-01-04T13:37:05,29.70712,-95.04735,0.0,227.4,200.0,CAPT ANDY LAKE,,WDG4759,31,12,26,,,90,A
367539810,2022-01-04T18:30:16,29.70682,-95.04745,0.0,204.5,199.0,CAPT ANDY LAKE,,WDG4759,31,12,26,,,90,A
367539810,2022-01-04T13:46:15,29.70709,-95.04735,0.1,281.4,201.0,CAPT ANDY LAKE,,WDG4759,31,12,26,,,90,A
367539810,2022-01-04T18:58:05,29.70682,-95.04744,0.0,217.4,199.0,CAPT ANDY LAKE,,WDG4759,31,12,26,,,90,A
367539810,2022-01-04T18:59:16,29.70681,-95.04744,0.0,219.8,200.0,CAPT ANDY LAKE,,WDG4759,31,12,26,,,90,A
367539810,2022-01-04T19:16:55,29.70682,-95.04745,0.0,277.5,200.0,CAPT ANDY LAKE,,WDG4759,31,12,26,,,90,A
367539810,2022-01-04T18:34:55,29.70684,-95.04745,0.0,204.5,198.0,CAPT ANDY LAKE,,WDG4759,31,12,26,,,90,A
367539810,2022-01-04T18:36:04,29.70683,-95.04746,0.0,168.0,199.0,CAPT ANDY LAKE,,WDG4759,31,12,26,,,90,A
367539810,2022-01-04T19:18:05,29.70683,-95.04745,0.0,262.0,200.0,CAPT ANDY LAKE,,WDG4759,31,12,26,,,90,A
367539810,2022-01-04T18:32:35,29.70682,-95.04745,0.0,270.1,199.0,CAPT ANDY LAKE,,WDG4759,31,12,26,,,90,A
367539810,2022-01-04T18:42:55,29.70684,-95.04744,0.0,29.4,200.0,CAPT ANDY LAKE,,WDG4759,31,12,26,,,90,A
367539810,2022-01-04T19:21:25,29.70682,-95.04746,0.0,301.4,199.0,CAPT ANDY LAKE,,WDG4759,31,12,26,,,90,A
367539810,2022-01-04T18:40:34,29.70684,-95.04744,0.0,172.0,199.0,CAPT ANDY LAKE,,WDG4759,31,12,26,,,90,A
367539810,2022-01-04T19:10:45,29.70681,-95.04745,0.0,218.2,200.0,CAPT ANDY LAKE,,WDG4759,31,12,26,,,90,A
367539810,2022-01-04T18:46:24,29.70682,-95.04744,0.0,267.7,201.0,CAPT ANDY LAKE,,WDG4759,31,12,26,,,90,A
367539810,2022-01-04T18:01:25,29.70681,-95.04747,0.0,147.0,198.0,CAPT ANDY LAKE,,WDG4759,31,12,26,,,90,A
367539810,2022-01-04T19:30:45,29.70683,-95.04745,0.1,184.8,199.0,CAPT ANDY LAKE,,WDG4759,31,12,26,,,90,A
367539810,2022-01-04T13:59:56,29.70712,-95.04736,0.0,298.3,199.0,CAPT ANDY LAKE,,WDG4759,31,12,26,,,90,A
367539810,2022-01-04T19:34:15,29.70682,-95.04745,0.0,206.3,199.0,CAPT ANDY LAKE,,WDG4759,31,12,26,,,90,A
367539810,2022-01-04T14:01:25,29.70711,-95.04736,0.0,231.2,200.0,CAPT ANDY LAKE,,WDG4759,31,12,26,,,90,A
367539810,2022-01-04T18:51:04,29.70682,-95.04744,0.0,234.5,200.0,CAPT ANDY LAKE,,WDG4759,31,12,26,,,90,A
367539810,2022-01-04T18:52:15,29.70682,-95.04744,0.0,233.6,200.0,CAPT ANDY LAKE,,WDG4759,31,12,26,,,90,A
367539810,2022-01-04T14:05:16,29.70709,-95.04735,0.0,253.5,201.0,CAPT ANDY LAKE,,WDG4759,31,12,26,,,90,A
367539810,2022-01-04T18:55:46,29.70683,-95.04745,0.0,205.4,199.0,CAPT ANDY LAKE,,WDG4759,31,12,26,,,90,A
367539810,2022-01-04T18:17:25,29.70683,-95.04745,0.1,229.0,199.0,CAPT ANDY LAKE,,WDG4759,31,12,26,,,90,A
367539810,2022-01-04T19:00:16,29.70682,-95.04743,0.0,324.6,200.0,CAPT ANDY LAKE,,WDG4759,31,12,26,,,90,A
367539810,2022-01-04T19:03:46,29.70682,-95.04744,0.0,233.6,199.0,CAPT ANDY LAKE,,WDG4759,31,12,26,,,90,A
367539810,2022-01-04T19:02:35,29.70683,-95.04746,0.0,211.1,199.0,CAPT ANDY LAKE,,WDG4759,31,12,26,,,90,A
367539810,2022-01-04T18:22:05,29.70682,-95.04745,0.0,208.8,199.0,CAPT ANDY LAKE,,WDG4759,31,12,26,,,90,A
367539810,2022-01-04T19:06:16,29.70682,-95.04744,0.0,218.8,200.0,CAPT ANDY LAKE,,WDG4759,31,12,26,,,90,A
367539810,2022-01-04T17:15:05,29.70683,-95.04746,0.0,168.9,199.0,CAPT ANDY LAKE,,WDG4759,31,12,26,,,90,A
367539810,2022-01-04T19:09:36,29.70682,-95.04745,0.0,276.3,200.0,CAPT ANDY LAKE,,WDG4759,31,12,26,,,90,A
367539810,2022-01-04T19:13:06,29.70681,-95.04742,0.0,240.7,200.0,CAPT ANDY LAKE,,WDG4759,31,12,26,,,90,A
367539810,2022-01-04T17:21:56,29.70682,-95.04744,0.0,328.8,199.0,CAPT ANDY LAKE,,WDG4759,31,12,26,,,90,A
367539810,2022-01-04T19:44:35,29.70684,-95.04743,0.0,283.3,199.0,CAPT ANDY LAKE,,WDG4759,31,12,26,,,90,A
367539810,2022-01-04T19:57:15,29.70682,-95.04745,0.0,40.2,199.0,CAPT ANDY LAKE,,WDG4759,31,12,26,,,90,A
367539810,2022-01-04T19:45:45,29.70683,-95.04745,0.0,148.8,199.0,CAPT ANDY LAKE,,WDG4759,31,12,26,,,90,A
367539810,2022-01-04T14:28:45,29.70709,-95.04734,0.0,283.9,204.0,CAPT ANDY LAKE,,WDG4759,31,12,26,,,90,A
367539810,2022-01-04T17:26:34,29.70683,-95.04746,0.0,14.8,198.0,CAPT ANDY LAKE,,WDG4759,31,12,26,,,90,A
367539810,2022-01-04T20:05:46,29.70682,-95.04746,0.0,343.3,200.0,CAPT ANDY LAKE,,WDG4759,31,12,26,,,90,A
367539810,2022-01-04T19:23:45,29.70682,-95.04745,0.0,202.7,199.0,CAPT ANDY LAKE,,WDG4759,31,12,26,,,90,A
367539810,2022-01-04T20:10:16,29.70682,-95.04746,0.0,243.6,200.0,CAPT ANDY LAKE,,WDG4759,31,12,26,,,90,A
367539810,2022-01-04T20:12:35,29.70683,-95.04745,0.0,35.3,200.0,CAPT ANDY LAKE,,WDG4759,31,12,26,,,90,A
367539810,2022-01-04T18:45:15,29.70684,-95.04746,0.1,185.2,201.0,CAPT ANDY LAKE,,WDG4759,31,12,26,,,90,A
367539810,2022-01-04T19:33:04,29.70682,-95.04746,0.0,26.7,199.0,CAPT ANDY LAKE,,WDG4759,31,12,26,,,90,A
367539810,2022-01-04T14:39:15,29.70710,-95.04734,0.1,325.7,202.0,CAPT ANDY LAKE,,WDG4759,31,12,26,,,90,A
367539810,2022-01-04T19:28:25,29.70683,-95.04744,0.0,256.4,199.0,CAPT ANDY LAKE,,WDG4759,31,12,26,,,90,A
367539810,2022-01-04T17:35:56,29.70682,-95.04747,0.0,67.7,199.0,CAPT ANDY LAKE,,WDG4759,31,12,26,,,90,A
367539810,2022-01-04T20:17:16,29.70683,-95.04745,0.0,318.1,199.0,CAPT ANDY LAKE,,WDG4759,31,12,26,,,90,A
367539810,2022-01-04T19:35:25,29.70683,-95.04742,0.0,201.5,200.0,CAPT ANDY LAKE,,WDG4759,31,12,26,,,90,A
367539810,2022-01-04T14:43:56,29.70715,-95.04734,0.1,162.4,199.0,CAPT ANDY LAKE,,WDG4759,31,12,26,,,90,A
367539810,2022-01-04T19:37:45,29.70682,-95.04745,0.0,159.1,199.0,CAPT ANDY LAKE,,WDG4759,31,12,26,,,90,A
367539810,2022-01-04T19:38:55,29.70682,-95.04745,0.0,149.9,199.0,CAPT ANDY LAKE,,WDG4759,31,12,26,,,90,A
367539810,2022-01-04T19:40:04,29.70683,-95.04745,0.0,47.3,199.0,CAPT ANDY LAKE,,WDG4759,31,12,26,,,90,A
367539810,2022-01-04T20:11:24,29.70682,-95.04746,0.0,258.8,200.0,CAPT ANDY LAKE,,WDG4759,31,12,26,,,90,A
367539810,2022-01-04T19:41:15,29.70683,-95.04745,0.0,228.4,199.0,CAPT ANDY LAKE,,WDG4759,31,12,26,,,90,A
367539810,2022-01-04T14:49:45,29.70712,-95.04733,0.0,259.9,201.0,CAPT ANDY LAKE,,WDG4759,31,12,26,,,90,A
367539810,2022-01-04T20:18:26,29.70684,-95.04746,0.0,247.1,200.0,CAPT ANDY LAKE,,WDG4759,31,12,26,,,90,A
367539810,2022-01-04T19:49:14,29.70682,-95.04745,0.0,56.4,199.0,CAPT ANDY LAKE,,WDG4759,31,12,26,,,90,A
367539810,2022-01-04T19:43:25,29.70682,-95.04744,0.0,178.2,200.0,CAPT ANDY LAKE,,WDG4759,31,12,26,,,90,A
367539810,2022-01-04T20:33:35,29.70682,-95.04744,0.0,320.2,200.0,CAPT ANDY LAKE,,WDG4759,31,12,26,,,90,A
367539810,2022-01-04T20:23:04,29.70682,-95.04746,0.0,263.2,199.0,CAPT ANDY LAKE,,WDG4759,31,12,26,,,90,A
367539810,2022-01-04T19:50:15,29.70683,-95.04744,0.0,169.1,200.0,CAPT ANDY LAKE,,WDG4759,31,12,26,,,90,A
367539810,2022-01-04T20:24:16,29.70682,-95.04746,0.0,262.6,200.0,CAPT ANDY LAKE,,WDG4759,31,12,26,,,90,A
367539810,2022-01-04T19:51:25,29.70682,-95.04745,0.0,349.8,199.0,CAPT ANDY LAKE,,WDG4759,31,12,26,,,90,A
367539810,2022-01-04T19:54:55,29.70682,-95.04745,0.0,280.6,199.0,CAPT ANDY LAKE,,WDG4759,31,12,26,,,90,A
367539810,2022-01-04T19:53:45,29.70682,-95.04746,0.0,92.7,199.0,CAPT ANDY LAKE,,WDG4759,31,12,26,,,90,A
367539810,2022-01-04T17:55:46,29.70683,-95.04746,0.0,182.6,200.0,CAPT ANDY LAKE,,WDG4759,31,12,26,,,90,A
367539810,2022-01-04T19:52:35,29.70681,-95.04744,0.0,209.0,199.0,CAPT ANDY LAKE,,WDG4759,31,12,26,,,90,A
367539810,2022-01-04T19:11:55,29.70681,-95.04744,0.0,211.8,199.0,CAPT ANDY LAKE,,WDG4759,31,12,26,,,90,A
367539810,2022-01-04T20:41:45,29.70682,-95.04745,0.0,327.3,199.0,CAPT ANDY LAKE,,WDG4759,31,12,26,,,90,A
367539810,2022-01-04T20:00:15,29.70683,-95.04744,0.0,128.4,200.0,CAPT ANDY LAKE,,WDG4759,31,12,26,,,90,A
367539810,2022-01-04T20:32:25,29.70682,-95.04744,0.0,327.2,200.0,CAPT ANDY LAKE,,WDG4759,31,12,26,,,90,A
367539810,2022-01-04T20:45:15,29.70682,-95.04745,0.0,312.9,200.0,CAPT ANDY LAKE,,WDG4759,31,12,26,,,90,A
367539810,2022-01-04T19:56:04,29.70682,-95.04745,0.0,216.2,200.0,CAPT ANDY LAKE,,WDG4759,31,12,26,,,90,A
367539810,2022-01-04T19:59:35,29.70682,-95.04745,0.0,214.6,200.0,CAPT ANDY LAKE,,WDG4759,31,12,26,,,90,A
367539810,2022-01-04T19:15:45,29.70682,-95.04744,0.0,269.8,200.0,CAPT ANDY LAKE,,WDG4759,31,12,26,,,90,A
367539810,2022-01-04T20:03:35,29.70681,-95.04747,0.0,234.4,200.0,CAPT ANDY LAKE,,WDG4759,31,12,26,,,90,A
367539810,2022-01-04T20:09:15,29.70682,-95.04745,0.0,248.4,200.0,CAPT ANDY LAKE,,WDG4759,31,12,26,,,90,A
367539810,2022-01-04T19:20:24,29.70682,-95.04745,0.0,286.9,199.0,CAPT ANDY LAKE,,WDG4759,31,12,26,,,90,A
367539810,2022-01-04T20:14:55,29.70683,-95.04745,0.0,307.9,200.0,CAPT ANDY LAKE,,WDG4759,31,12,26,,,90,A
367539810,2022-01-04T20:46:25,29.70682,-95.04746,0.0,259.9,200.0,CAPT ANDY LAKE,,WDG4759,31,12,26,,,90,A
367539810,2022-01-04T21:01:24,29.70684,-95.04746,0.0,253.3,199.0,CAPT ANDY LAKE,,WDG4759,31,12,26,,,90,A
367539810,2022-01-04T15:15:16,29.70709,-95.04735,0.0,312.6,201.0,CAPT ANDY LAKE,,WDG4759,31,12,26,,,90,A
367539810,2022-01-04T19:26:05,29.70681,-95.04747,0.0,226.1,200.0,CAPT ANDY LAKE,,WDG4759,31,12,26,,,90,A
367539810,2022-01-04T18:18:34,29.70681,-95.04743,0.0,176.4,199.0,CAPT ANDY LAKE,,WDG4759,31,12,26,,,90,A
367539810,2022-01-04T20:13:45,29.70682,-95.04745,0.0,248.1,200.0,CAPT ANDY LAKE,,WDG4759,31,12,26,,,90,A
367539810,2022-01-04T20:19:34,29.70683,-95.04746,0.0,220.6,200.0,CAPT ANDY LAKE,,WDG4759,31,12,26,,,90,A
367539810,2022-01-04T20:52:15,29.70683,-95.04745,0.0,315.0,199.0,CAPT ANDY LAKE,,WDG4759,31,12,26,,,90,A
367539810,2022-01-04T20:16:05,29.70682,-95.04745,0.0,243.4,200.0,CAPT ANDY LAKE,,WDG4759,31,12,26,,,90,A
367539810,2022-01-04T20:25:25,29.70683,-95.04745,0.0,305.6,199.0,CAPT ANDY LAKE,,WDG4759,31,12,26,,,90,A
367539810,2022-01-04T20:59:04,29.70682,-95.04745,0.0,352.0,199.0,CAPT ANDY LAKE,,WDG4759,31,12,26,,,90,A
367539810,2022-01-04T18:23:14,29.70683,-95.04745,0.0,230.0,199.0,CAPT ANDY LAKE,,WDG4759,31,12,26,,,90,A
367539810,2022-01-04T15:19:56,29.70709,-95.04736,0.0,131.8,203.0,CAPT ANDY LAKE,,WDG4759,31,12,26,,,90,A
367539810,2022-01-04T15:21:04,29.70711,-95.04735,0.1,76.1,203.0,CAPT ANDY LAKE,,WDG4759,31,12,26,,,90,A
367539810,2022-01-04T21:03:46,29.70681,-95.04745,0.0,232.4,200.0,CAPT ANDY LAKE,,WDG4759,31,12,26,,,90,A
367539810,2022-01-04T20:27:44,29.70683,-95.04746,0.0,265.0,200.0,CAPT ANDY LAKE,,WDG4759,31,12,26,,,90,A
367539810,2022-01-04T20:28:56,29.70683,-95.04744,0.0,268.5,200.0,CAPT ANDY LAKE,,WDG4759,31,12,26,,,90,A
367539810,2022-01-04T20:30:04,29.70683,-95.04744,0.0,255.0,200.0,CAPT ANDY LAKE,,WDG4759,31,12,26,,,90,A
367539810,2022-01-04T19:42:16,29.70682,-95.04744,0.0,58.4,200.0,CAPT ANDY LAKE,,WDG4759,31,12,26,,,90,A
367539810,2022-01-04T21:18:55,29.70685,-95.04747,0.0,237.1,199.0,CAPT ANDY LAKE,,WDG4759,31,12,26,,,90,A
367539810,2022-01-04T20:39:25,29.70683,-95.04745,0.0,53.4,199.0,CAPT ANDY LAKE,,WDG4759,31,12,26,,,90,A
367539810,2022-01-04T15:26:54,29.70710,-95.04736,0.0,227.5,202.0,CAPT ANDY LAKE,,WDG4759,31,12,26,,,90,A
367539810,2022-01-04T21:09:34,29.70684,-95.04746,0.0,242.1,199.0,CAPT ANDY LAKE,,WDG4759,31,12,26,,,90,A
367539810,2022-01-04T18:31:26,29.70682,-95.04743,0.0,203.6,199.0,CAPT ANDY LAKE,,WDG4759,31,12,26,,,90,A
367539810,2022-01-04T21:22:36,29.70684,-95.04746,0.0,220.8,199.0,CAPT ANDY LAKE,,WDG4759,31,12,26,,,90,A
367539810,2022-01-04T19:48:05,29.70682,-95.04745,0.0,223.5,199.0,CAPT ANDY LAKE,,WDG4759,31,12,26,,,90,A
367539810,2022-01-04T20:37:05,29.70684,-95.04746,0.0,78.1,199.0,CAPT ANDY LAKE,,WDG4759,31,12,26,,,90,A
367539810,2022-01-04T21:23:44,29.70683,-95.04746,0.0,75.7,199.0,CAPT ANDY LAKE,,WDG4759,31,12,26,,,90,A
367539810,2022-01-04T21:24:45,29.70683,-95.04745,0.0,233.1,200.0,CAPT ANDY LAKE,,WDG4759,31,12,26,,,90,A
367539810,2022-01-04T18:38:16,29.70683,-95.04743,0.0,346.1,199.0,CAPT ANDY LAKE,,WDG4759,31,12,26,,,90,A
367539810,2022-01-04T20:42:56,29.70683,-95.04744,0.0,328.1,199.0,CAPT ANDY LAKE,,WDG4759,31,12,26,,,90,A
367539810,2022-01-04T20:48:45,29.70684,-95.04746,0.0,317.8,200.0,CAPT ANDY LAKE,,WDG4759,31,12,26,,,90,A
367539810,2022-01-04T18:41:46,29.70684,-95.04744,0.0,255.4,199.0,CAPT ANDY LAKE,,WDG4759,31,12,26,,,90,A
367539810,2022-01-04T15:42:35,29.70674,-95.04721,0.4,216.6,201.0,CAPT ANDY LAKE,,WDG4759,31,12,26,,,90,A
367539810,2022-01-04T20:49:56,29.70685,-95.04746,0.0,343.0,200.0,CAPT ANDY LAKE,,WDG4759,31,12,26,,,90,A
367539810,2022-01-04T15:44:56,29.70679,-95.04722,0.1,1.8,195.0,CAPT ANDY LAKE,,WDG4759,31,12,26,,,90,A
367539810,2022-01-04T21:36:46,29.70682,-95.04745,0.0,259.1,200.0,CAPT ANDY LAKE,,WDG4759,31,12,26,,,90,A
367539810,2022-01-04T18:47:36,29.70682,-95.04745,0.0,221.6,201.0,CAPT ANDY LAKE,,WDG4759,31,12,26,,,90,A
367539810,2022-01-04T20:53:24,29.70685,-95.04745,0.0,309.1,199.0,CAPT ANDY LAKE,,WDG4759,31,12,26,,,90,A
367539810,2022-01-04T20:51:05,29.70684,-95.04746,0.0,222.9,200.0,CAPT ANDY LAKE,,WDG4759,31,12,26,,,90,A
367539810,2022-01-04T20:04:45,29.70682,-95.04746,0.0,227.3,201.0,CAPT ANDY LAKE,,WDG4759,31,12,26,,,90,A
367539810,2022-01-04T21:28:15,29.70682,-95.04744,0.0,287.9,199.0,CAPT ANDY LAKE,,WDG4759,31,12,26,,,90,A
367539810,2022-01-04T20:55:36,29.70683,-95.04745,0.0,334.0,200.0,CAPT ANDY LAKE,,WDG4759,31,12,26,,,90,A
367539810,2022-01-04T20:54:35,29.70682,-95.04744,0.0,226.5,200.0,CAPT ANDY LAKE,,WDG4759,31,12,26,,,90,A
367539810,2022-01-04T18:53:25,29.70684,-95.04745,0.0,257.6,200.0,CAPT ANDY LAKE,,WDG4759,31,12,26,,,90,A
367539810,2022-01-04T21:04:56,29.70681,-95.04746,0.0,244.6,200.0,CAPT ANDY LAKE,,WDG4759,31,12,26,,,90,A
367539810,2022-01-04T21:32:05,29.70682,-95.04745,0.0,268.6,199.0,CAPT ANDY LAKE,,WDG4759,31,12,26,,,90,A
367539810,2022-01-04T21:00:15,29.70684,-95.04746,0.0,267.9,199.0,CAPT ANDY LAKE,,WDG4759,31,12,26,,,90,A
367539810,2022-01-04T15:51:54,29.70681,-95.04742,0.0,263.3,200.0,CAPT ANDY LAKE,,WDG4759,31,12,26,,,90,A
367539810,2022-01-04T21:02:36,29.70684,-95.04744,0.0,231.8,199.0,CAPT ANDY LAKE,,WDG4759,31,12,26,,,90,A
367539810,2022-01-04T21:53:15,29.70682,-95.04746,0.0,219.4,198.0,CAPT ANDY LAKE,,WDG4759,31,12,26,,,90,A
367539810,2022-01-04T21:15:15,29.70682,-95.04746,0.0,234.5,199.0,CAPT ANDY LAKE,,WDG4759,31,12,26,,,90,A
367539810,2022-01-04T20:20:45,29.70682,-95.04747,0.0,254.0,200.0,CAPT ANDY LAKE,,WDG4759,31,12,26,,,90,A
367539810,2022-01-04T20:21:55,29.70682,-95.04747,0.0,266.6,200.0,CAPT ANDY LAKE,,WDG4759,31,12,26,,,90,A
367539810,2022-01-04T21:08:24,29.70683,-95.04746,0.0,169.1,199.0,CAPT ANDY LAKE,,WDG4759,31,12,26,,,90,A
367539810,2022-01-04T16:02:14,29.70682,-95.04746,0.0,340.2,200.0,CAPT ANDY LAKE,,WDG4759,31,12,26,,,90,A
367539810,2022-01-04T21:20:05,29.70683,-95.04745,0.0,293.1,199.0,CAPT ANDY LAKE,,WDG4759,31,12,26,,,90,A
367539810,2022-01-04T21:12:55,29.70683,-95.04747,0.0,226.8,199.0,CAPT ANDY LAKE,,WDG4759,31,12,26,,,90,A
367539810,2022-01-04T21:14:05,29.70682,-95.04747,0.0,219.6,199.0,CAPT ANDY LAKE,,WDG4759,31,12,26,,,90,A
367539810,2022-01-04T19:07:24,29.70682,-95.04745,0.0,225.0,199.0,CAPT ANDY LAKE,,WDG4759,31,12,26,,,90,A
367539810,2022-01-04T16:09:14,29.70683,-95.04746,0.0,197.0,201.0,CAPT ANDY LAKE,,WDG4759,31,12,26,,,90,A
367539810,2022-01-04T21:16:26,29.70682,-95.04745,0.0,200.3,199.0,CAPT ANDY LAKE,,WDG4759,31,12,26,,,90,A
367539810,2022-01-04T22:04:46,29.70682,-95.04745,0.0,28.9,199.0,CAPT ANDY LAKE,,WDG4759,31,12,26,,,90,A
367539810,2022-01-04T19:08:35,29.70682,-95.04745,0.0,235.6,199.0,CAPT ANDY LAKE,,WDG4759,31,12,26,,,90,A
367539810,2022-01-04T21:29:25,29.70683,-95.04745,0.0,257.1,199.0,CAPT ANDY LAKE,,WDG4759,31,12,26,,,90,A
367539810,2022-01-04T21:33:15,29.70682,-95.04745,0.0,196.5,199.0,CAPT ANDY LAKE,,WDG4759,31,12,26,,,90,A
367539810,2022-01-04T21:21:26,29.70683,-95.04747,0.0,215.0,199.0,CAPT ANDY LAKE,,WDG4759,31,12,26,,,90,A
367539810,2022-01-04T22:13:56,29.70683,-95.04745,0.0,266.5,200.0,CAPT ANDY LAKE,,WDG4759,31,12,26,,,90,A
367539810,2022-01-04T22:16:16,29.70683,-95.04744,0.0,246.5,200.0,CAPT ANDY LAKE,,WDG4759,31,12,26,,,90,A
367539810,2022-01-04T21:25:56,29.70682,-95.04745,0.0,249.0,200.0,CAPT ANDY LAKE,,WDG4759,31,12,26,,,90,A
367539810,2022-01-04T16:21:45,29.70681,-95.04745,0.0,62.6,203.0,CAPT ANDY LAKE,,WDG4759,31,12,26,,,90,A
367539810,2022-01-04T20:47:34,29.70682,-95.04745,0.0,327.2,200.0,CAPT ANDY LAKE,,WDG4759,31,12,26,,,90,A
367539810,2022-01-04T22:26:46,29.70682,-95.04746,0.0,280.7,199.0,CAPT ANDY LAKE,,WDG4759,31,12,26,,,90,A
367539810,2022-01-04T21:50:54,29.70681,-95.04747,0.0,311.6,199.0,CAPT ANDY LAKE,,WDG4759,31,12,26,,,90,A
367539810,2022-01-04T22:18:35,29.70682,-95.04746,0.0,273.8,200.0,CAPT ANDY LAKE,,WDG4759,31,12,26,,,90,A
367539810,2022-01-04T21:37:55,29.70683,-95.04746,0.0,299.9,199.0,CAPT ANDY LAKE,,WDG4759,31,12,26,,,90,A
367539810,2022-01-04T21:35:34,29.70682,-95.04745,0.0,257.8,199.0,CAPT ANDY LAKE,,WDG4759,31,12,26,,,90,A
367539810,2022-01-04T22:23:15,29.70682,-95.04744,0.0,263.9,199.0,CAPT ANDY LAKE,,WDG4759,31,12,26,,,90,A
367539810,2022-01-04T20:57:54,29.70682,-95.04744,0.0,319.5,199.0,CAPT ANDY LAKE,,WDG4759,31,12,26,,,90,A
367539810,2022-01-04T21:38:56,29.70683,-95.04746,0.0,317.7,200.0,CAPT ANDY LAKE,,WDG4759,31,12,26,,,90,A
367539810,2022-01-04T22:25:35,29.70682,-95.04746,0.0,209.3,199.0,CAPT ANDY LAKE,,WDG4759,31,12,26,,,90,A
367539810,2022-01-04T21:57:46,29.70684,-95.04746,0.0,250.5,199.0,CAPT ANDY LAKE,,WDG4759,31,12,26,,,90,A
367539810,2022-01-04T22:27:55,29.70683,-95.04745,0.0,310.6,200.0,CAPT ANDY LAKE,,WDG4759,31,12,26,,,90,A
367539810,2022-01-04T22:30:46,29.70683,-95.04745,0.0,217.9,200.0,CAPT ANDY LAKE,,WDG4759,31,12,26,,,90,A
367539810,2022-01-04T21:44:56,29.70682,-95.04745,0.0,260.5,199.0,CAPT ANDY LAKE,,WDG4759,31,12,26,,,90,A
367539810,2022-01-04T16:38:04,29.70680,-95.04745,0.0,169.2,201.0,CAPT ANDY LAKE,,WDG4759,31,12,26,,,90,A
367539810,2022-01-04T22:05:55,29.70683,-95.04746,0.0,324.8,199.0,CAPT ANDY LAKE,,WDG4759,31,12,26,,,90,A
367539810,2022-01-04T22:43:55,29.70683,-95.04745,0.0,186.1,199.0,CAPT ANDY LAKE,,WDG4759,31,12,26,,,90,A
367539810,2022-01-04T22:35:36,29.70682,-95.04746,0.0,232.4,199.0,CAPT ANDY LAKE,,WDG4759,31,12,26,,,90,A
367539810,2022-01-04T21:47:26,29.70683,-95.04745,0.0,268.0,198.0,CAPT ANDY LAKE,,WDG4759,31,12,26,,,90,A
367539810,2022-01-04T22:08:15,29.70683,-95.04745,0.0,232.4,199.0,CAPT ANDY LAKE,,WDG4759,31,12,26,,,90,A
367539810,2022-01-04T21:52:06,29.70682,-95.04746,0.0,241.4,199.0,CAPT ANDY LAKE,,WDG4759,31,12,26,,,90,A
367539810,2022-01-04T22:09:24,29.70683,-95.04744,0.0,5.0,199.0,CAPT ANDY LAKE,,WDG4759,31,12,26,,,90,A
367539810,2022-01-04T22:48:25,29.70683,-95.04745,0.0,236.4,199.0,CAPT ANDY LAKE,,WDG4759,31,12,26,,,90,A
367539810,2022-01-04T21:10:44,29.70682,-95.04746,0.0,228.6,199.0,CAPT ANDY LAKE,,WDG4759,31,12,26,,,90,A
367539810,2022-01-04T22:10:25,29.70683,-95.04745,0.0,262.4,199.0,CAPT ANDY LAKE,,WDG4759,31,12,26,,,90,A
367539810,2022-01-04T21:11:54,29.70682,-95.04745,0.0,227.2,199.0,CAPT ANDY LAKE,,WDG4759,31,12,26,,,90,A
367539810,2022-01-04T22:50:45,29.70682,-95.04744,0.0,152.5,199.0,CAPT ANDY LAKE,,WDG4759,31,12,26,,,90,A
367539810,2022-01-04T21:56:35,29.70682,-95.04745,0.0,231.9,199.0,CAPT ANDY LAKE,,WDG4759,31,12,26,,,90,A
367539810,2022-01-04T16:43:54,29.70682,-95.04747,0.0,325.0,200.0,CAPT ANDY LAKE,,WDG4759,31,12,26,,,90,A
367539810,2022-01-04T21:17:44,29.70682,-95.04745,0.0,214.8,199.0,CAPT ANDY LAKE,,WDG4759,31,12,26,,,90,A
367539810,2022-01-04T22:58:54,29.70682,-95.04744,0.0,250.6,199.0,CAPT ANDY LAKE,,WDG4759,31,12,26,,,90,A
367539810,2022-01-04T23:07:04,29.70682,-95.04744,0.0,214.6,199.0,CAPT ANDY LAKE,,WDG4759,31,12,26,,,90,A
367539810,2022-01-04T21:30:54,29.70682,-95.04745,0.0,133.8,199.0,CAPT ANDY LAKE,,WDG4759,31,12,26,,,90,A
367539810,2022-01-04T22:12:45,29.70683,-95.04744,0.0,268.6,200.0,CAPT ANDY LAKE,,WDG4759,31,12,26,,,90,A
367539810,2022-01-04T16:55:15,29.70681,-95.04746,0.0,287.1,200.0,CAPT ANDY LAKE,,WDG4759,31,12,26,,,90,A
367539810,2022-01-04T23:13:56,29.70682,-95.04745,0.0,308.2,199.0,CAPT ANDY LAKE,,WDG4759,31,12,26,,,90,A
367539810,2022-01-04T19:58:25,29.70682,-95.04745,0.0,123.9,200.0,CAPT ANDY LAKE,,WDG4759,31,12,26,,,90,A
367539810,2022-01-04T23:16:24,29.70682,-95.04745,0.0,211.7,199.0,CAPT ANDY LAKE,,WDG4759,31,12,26,,,90,A
367539810,2022-01-04T22:15:05,29.70682,-95.04744,0.0,283.6,200.0,CAPT ANDY LAKE,,WDG4759,31,12,26,,,90,A
367539810,2022-01-04T22:22:06,29.70682,-95.04745,0.0,50.1,200.0,CAPT ANDY LAKE,,WDG4759,31,12,26,,,90,A
367539810,2022-01-04T23:09:16,29.70683,-95.04744,0.0,279.8,198.0,CAPT ANDY LAKE,,WDG4759,31,12,26,,,90,A
367539810,2022-01-04T22:39:05,29.70681,-95.04745,0.0,222.1,199.0,CAPT ANDY LAKE,,WDG4759,31,12,26,,,90,A
367539810,2022-01-04T16:59:46,29.70682,-95.04748,0.0,306.5,200.0,CAPT ANDY LAKE,,WDG4759,31,12,26,,,90,A
367539810,2022-01-04T20:01:24,29.70682,-95.04745,0.0,200.3,200.0,CAPT ANDY LAKE,,WDG4759,31,12,26,,,90,A
367539810,2022-01-04T17:00:04,29.70682,-95.04748,0.0,287.6,200.0,CAPT ANDY LAKE,,WDG4759,31,12,26,,,90,A
367539810,2022-01-04T20:02:25,29.70681,-95.04746,0.0,346.6,200.0,CAPT ANDY LAKE,,WDG4759,31,12,26,,,90,A
367539810,2022-01-04T21:43:44,29.70681,-95.04745,0.0,237.2,198.0,CAPT ANDY LAKE,,WDG4759,31,12,26,,,90,A
367539810,2022-01-04T23:23:24,29.70682,-95.04745,0.0,259.2,200.0,CAPT ANDY LAKE,,WDG4759,31,12,26,,,90,A
367539810,2022-01-04T21:46:15,29.70682,-95.04745,0.0,292.8,198.0,CAPT ANDY LAKE,,WDG4759,31,12,26,,,90,A
367539810,2022-01-04T22:45:05,29.70683,-95.04745,0.0,341.1,199.0,CAPT ANDY LAKE,,WDG4759,31,12,26,,,90,A
367539810,2022-01-04T22:31:55,29.70684,-95.04747,0.0,254.0,199.0,CAPT ANDY LAKE,,WDG4759,31,12,26,,,90,A
367539810,2022-01-04T22:24:24,29.70682,-95.04745,0.0,55.7,199.0,CAPT ANDY LAKE,,WDG4759,31,12,26,,,90,A
367539810,2022-01-04T21:48:35,29.70682,-95.04746,0.0,241.5,198.0,CAPT ANDY LAKE,,WDG4759,31,12,26,,,90,A
367539810,2022-01-04T20:08:05,29.70683,-95.04745,0.0,315.9,200.0,CAPT ANDY LAKE,,WDG4759,31,12,26,,,90,A
367539810,2022-01-04T22:34:15,29.70683,-95.04747,0.0,314.2,199.0,CAPT ANDY LAKE,,WDG4759,31,12,26,,,90,A
367539810,2022-01-04T23:33:45,29.70682,-95.04745,0.0,235.0,200.0,CAPT ANDY LAKE,,WDG4759,31,12,26,,,90,A
367539810,2022-01-04T23:34:54,29.70684,-95.04746,0.0,299.8,200.0,CAPT ANDY LAKE,,WDG4759,31,12,26,,,90,A
367539810,2022-01-04T23:39:26,29.70680,-95.04746,0.0,257.4,200.0,CAPT ANDY LAKE,,WDG4759,31,12,26,,,90,A
367539810,2022-01-04T22:32:56,29.70683,-95.04746,0.0,202.1,199.0,CAPT ANDY LAKE,,WDG4759,31,12,26,,,90,A
367539810,2022-01-04T17:06:56,29.70681,-95.04745,0.0,325.7,201.0,CAPT ANDY LAKE,,WDG4759,31,12,26,,,90,A
367539810,2022-01-04T21:58:55,29.70683,-95.04746,0.0,245.6,199.0,CAPT ANDY LAKE,,WDG4759,31,12,26,,,90,A
367539810,2022-01-04T23:01:16,29.70683,-95.04745,0.0,10.5,199.0,CAPT ANDY LAKE,,WDG4759,31,12,26,,,90,A
367539810,2022-01-04T22:40:16,29.70682,-95.04746,0.0,17.3,200.0,CAPT ANDY LAKE,,WDG4759,31,12,26,,,90,A
367539810,2022-01-04T23:03:34,29.70682,-95.04744,0.0,311.1,198.0,CAPT ANDY LAKE,,WDG4759,31,12,26,,,90,A
367539810,2022-01-04T23:35:56,29.70683,-95.04746,0.0,301.6,200.0,CAPT ANDY LAKE,,WDG4759,31,12,26,,,90,A
367539810,2022-01-04T22:49:35,29.70683,-95.04745,0.0,246.3,199.0,CAPT ANDY LAKE,,WDG4759,31,12,26,,,90,A
367539810,2022-01-04T22:42:34,29.70683,-95.04745,0.0,5.0,199.0,CAPT ANDY LAKE,,WDG4759,31,12,26,,,90,A
367539810,2022-01-04T22:53:05,29.70683,-95.04745,0.0,319.5,199.0,CAPT ANDY LAKE,,WDG4759,31,12,26,,,90,A
367539810,2022-01-04T23:53:05,29.70681,-95.04745,0.1,218.4,201.0,CAPT ANDY LAKE,,WDG4759,31,12,26,,,90,A
367539810,2022-01-04T20:31:16,29.70682,-95.04745,0.0,239.3,200.0,CAPT ANDY LAKE,,WDG4759,31,12,26,,,90,A
367539810,2022-01-04T22:57:46,29.70681,-95.04745,0.0,267.6,198.0,CAPT ANDY LAKE,,WDG4759,31,12,26,,,90,A
367539810,2022-01-04T23:57:45,29.70683,-95.04746,0.0,288.2,200.0,CAPT ANDY LAKE,,WDG4759,31,12,26,,,90,A
367539810,2022-01-04T23:45:06,29.70683,-95.04745,0.0,353.9,199.0,CAPT ANDY LAKE,,WDG4759,31,12,26,,,90,A
367539810,2022-01-04T22:17:26,29.70683,-95.04746,0.0,276.0,200.0,CAPT ANDY LAKE,,WDG4759,31,12,26,,,90,A
367539810,2022-01-04T20:34:46,29.70682,-95.04744,0.0,300.6,200.0,CAPT ANDY LAKE,,WDG4759,31,12,26,,,90,A
367539810,2022-01-04T23:47:24,29.70682,-95.04746,0.0,321.6,200.0,CAPT ANDY LAKE,,WDG4759,31,12,26,,,90,A
367539810,2022-01-04T23:00:15,29.70683,-95.04744,0.0,59.7,199.0,CAPT ANDY LAKE,,WDG4759,31,12,26,,,90,A
367539810,2022-01-04T23:15:16,29.70682,-95.04745,0.0,161.3,199.0,CAPT ANDY LAKE,,WDG4759,31,12,26,,,90,A
367539810,2022-01-04T20:35:55,29.70682,-95.04745,0.0,201.4,199.0,CAPT ANDY LAKE,,WDG4759,31,12,26,,,90,A
367539810,2022-01-04T17:23:05,29.70683,-95.04746,0.0,242.5,199.0,CAPT ANDY LAKE,,WDG4759,31,12,26,,,90,A
367539810,2022-01-04T23:05:54,29.70683,-95.04744,0.0,231.2,198.0,CAPT ANDY LAKE,,WDG4759,31,12,26,,,90,A
367539810,2022-01-04T20:38:14,29.70684,-95.04744,0.0,214.5,199.0,CAPT ANDY LAKE,,WDG4759,31,12,26,,,90,A
367539810,2022-01-04T23:54:14,29.70682,-95.04745,0.0,261.0,200.0,CAPT ANDY LAKE,,WDG4759,31,12,26,,,90,A
367539810,2022-01-04T23:08:15,29.70682,-95.04744,0.1,230.5,199.0,CAPT ANDY LAKE,,WDG4759,31,12,26,,,90,A
367539810,2022-01-04T17:28:55,29.70683,-95.04745,0.0,311.9,199.0,CAPT ANDY LAKE,,WDG4759,31,12,26,,,90,A
367539810,2022-01-04T23:26:54,29.70682,-95.04745,0.0,251.0,200.0,CAPT ANDY LAKE,,WDG4759,31,12,26,,,90,A
367539810,2022-01-04T20:44:05,29.70683,-95.04744,0.0,13.2,199.0,CAPT ANDY LAKE,,WDG4759,31,12,26,,,90,A
367539810,2022-01-04T23:31:26,29.70682,-95.04745,0.0,285.8,200.0,CAPT ANDY LAKE,,WDG4759,31,12,26,,,90,A
367539810,2022-01-04T23:32:34,29.70683,-95.04745,0.0,277.2,200.0,CAPT ANDY LAKE,,WDG4759,31,12,26,,,90,A
367539810,2022-01-04T17:34:45,29.70682,-95.04746,0.0,1.8,199.0,CAPT ANDY LAKE,,WDG4759,31,12,26,,,90,A
367539810,2022-01-04T22:41:25,29.70682,-95.04745,0.0,269.0,199.0,CAPT ANDY LAKE,,WDG4759,31,12,26,,,90,A
367539810,2022-01-04T23:42:56,29.70682,-95.04744,0.0,271.1,200.0,CAPT ANDY LAKE,,WDG4759,31,12,26,,,90,A
367539810,2022-01-04T23:17:36,29.70683,-95.04745,0.0,336.4,199.0,CAPT ANDY LAKE,,WDG4759,31,12,26,,,90,A
367539810,2022-01-04T22:46:06,29.70682,-95.04745,0.0,204.7,200.0,CAPT ANDY LAKE,,WDG4759,31,12,26,,,90,A
367539810,2022-01-04T22:47:16,29.70682,-95.04745,0.0,266.1,200.0,CAPT ANDY LAKE,,WDG4759,31,12,26,,,90,A
367539810,2022-01-04T23:46:14,29.70683,-95.04745,0.0,215.8,199.0,CAPT ANDY LAKE,,WDG4759,31,12,26,,,90,A
367539810,2022-01-04T20:56:44,29.70683,-95.04745,0.0,323.4,199.0,CAPT ANDY LAKE,,WDG4759,31,12,26,,,90,A
367539810,2022-01-04T23:49:46,29.70682,-95.04746,0.0,238.7,200.0,CAPT ANDY LAKE,,WDG4759,31,12,26,,,90,A
367539810,2022-01-04T23:24:34,29.70683,-95.04745,0.0,296.1,200.0,CAPT ANDY LAKE,,WDG4759,31,12,26,,,90,A
367539810,2022-01-04T22:51:55,29.70682,-95.04745,0.0,237.2,198.0,CAPT ANDY LAKE,,WDG4759,31,12,26,,,90,A
367539810,2022-01-04T23:29:14,29.70682,-95.04746,0.0,325.0,201.0,CAPT ANDY LAKE,,WDG4759,31,12,26,,,90,A
367539810,2022-01-04T23:40:36,29.70681,-95.04745,0.0,300.3,200.0,CAPT ANDY LAKE,,WDG4759,31,12,26,,,90,A
367539810,2022-01-04T23:30:15,29.70682,-95.04746,0.0,294.2,201.0,CAPT ANDY LAKE,,WDG4759,31,12,26,,,90,A
367539810,2022-01-04T23:44:04,29.70683,-95.04744,0.0,223.0,200.0,CAPT ANDY LAKE,,WDG4759,31,12,26,,,90,A
367539810,2022-01-04T23:58:54,29.70682,-95.04745,0.0,304.7,200.0,CAPT ANDY LAKE,,WDG4759,31,12,26,,,90,A
367539810,2022-01-04T21:06:05,29.70681,-95.04745,0.0,241.5,200.0,CAPT ANDY LAKE,,WDG4759,31,12,26,,,90,A
367539810,2022-01-04T23:37:05,29.70682,-95.04745,0.0,215.7,199.0,CAPT ANDY LAKE,,WDG4759,31,12,26,,,90,A
367539810,2022-01-04T21:07:15,29.70684,-95.04746,0.0,227.1,199.0,CAPT ANDY LAKE,,WDG4759,31,12,26,,,90,A
367539810,2022-01-04T23:55:24,29.70683,-95.04745,0.0,325.5,200.0,CAPT ANDY LAKE,,WDG4759,31,12,26,,,90,A
367539810,2022-01-04T18:07:05,29.70682,-95.04745,0.0,2.1,202.0,CAPT ANDY LAKE,,WDG4759,31,12,26,,,90,A
367539810,2022-01-04T23:48:34,29.70683,-95.04746,0.0,295.4,200.0,CAPT ANDY LAKE,,WDG4759,31,12,26,,,90,A
367539810,2022-01-04T18:10:34,29.70681,-95.04744,0.0,230.0,200.0,CAPT ANDY LAKE,,WDG4759,31,12,26,,,90,A
367539810,2022-01-04T23:56:34,29.70684,-95.04745,0.0,300.0,200.0,CAPT ANDY LAKE,,WDG4759,31,12,26,,,90,A
367539810,2022-01-04T21:27:04,29.70682,-95.04746,0.0,265.2,200.0,CAPT ANDY LAKE,,WDG4759,31,12,26,,,90,A
367539810,2022-01-04T18:15:05,29.70682,-95.04744,0.0,328.9,199.0,CAPT ANDY LAKE,,WDG4759,31,12,26,,,90,A
367539810,2022-01-04T23:25:44,29.70682,-95.04746,0.0,278.3,200.0,CAPT ANDY LAKE,,WDG4759,31,12,26,,,90,A
367539810,2022-01-04T18:19:46,29.70682,-95.04745,0.0,273.3,199.0,CAPT ANDY LAKE,,WDG4759,31,12,26,,,90,A
367539810,2022-01-04T18:25:34,29.70683,-95.04746,0.0,246.6,199.0,CAPT ANDY LAKE,,WDG4759,31,12,26,,,90,A
367539810,2022-01-04T18:26:44,29.70684,-95.04744,0.0,340.5,199.0,CAPT ANDY LAKE,,WDG4759,31,12,26,,,90,A
367539810,2022-01-04T23:41:46,29.70681,-95.04745,0.0,279.8,200.0,CAPT ANDY LAKE,,WDG4759,31,12,26,,,90,A
367539810,2022-01-04T18:37:05,29.70684,-95.04745,0.0,15.4,199.0,CAPT ANDY LAKE,,WDG4759,31,12,26,,,90,A
367539810,2022-01-04T18:44:05,29.70684,-95.04745,0.0,252.0,200.0,CAPT ANDY LAKE,,WDG4759,31,12,26,,,90,A
367539810,2022-01-04T21:54:16,29.70682,-95.04745,0.0,237.4,198.0,CAPT ANDY LAKE,,WDG4759,31,12,26,,,90,A
367539810,2022-01-04T21:55:24,29.70682,-95.04746,0.0,233.1,198.0,CAPT ANDY LAKE,,WDG4759,31,12,26,,,90,A
367539810,2022-01-04T18:48:45,29.70683,-95.04743,0.0,238.8,200.0,CAPT ANDY LAKE,,WDG4759,31,12,26,,,90,A
367539810,2022-01-04T18:49:55,29.70683,-95.04745,0.0,250.4,201.0,CAPT ANDY LAKE,,WDG4759,31,12,26,,,90,A
367539810,2022-01-04T19:01:25,29.70683,-95.04745,0.0,242.1,200.0,CAPT ANDY LAKE,,WDG4759,31,12,26,,,90,A
367539810,2022-01-04T19:14:25,29.70682,-95.04744,0.0,277.3,200.0,CAPT ANDY LAKE,,WDG4759,31,12,26,,,90,A
367539810,2022-01-04T22:19:45,29.70683,-95.04745,0.0,250.5,200.0,CAPT ANDY LAKE,,WDG4759,31,12,26,,,90,A
367539810,2022-01-04T19:19:15,29.70682,-95.04745,0.0,219.8,199.0,CAPT ANDY LAKE,,WDG4759,31,12,26,,,90,A
367539810,2022-01-04T19:22:35,29.70682,-95.04747,0.0,275.9,198.0,CAPT ANDY LAKE,,WDG4759,31,12,26,,,90,A
367539810,2022-01-04T19:24:55,29.70681,-95.04745,0.0,193.3,199.0,CAPT ANDY LAKE,,WDG4759,31,12,26,,,90,A
367539810,2022-01-04T22:29:05,29.70683,-95.04746,0.0,210.2,200.0,CAPT ANDY LAKE,,WDG4759,31,12,26,,,90,A
367539810,2022-01-04T19:27:14,29.70682,-95.04746,0.0,191.7,199.0,CAPT ANDY LAKE,,WDG4759,31,12,26,,,90,A
367539810,2022-01-04T19:29:34,29.70683,-95.04744,0.0,214.7,199.0,CAPT ANDY LAKE,,WDG4759,31,12,26,,,90,A
367539810,2022-01-04T19:31:56,29.70683,-95.04745,0.0,34.2,200.0,CAPT ANDY LAKE,,WDG4759,31,12,26,,,90,A
367539810,2022-01-04T22:36:46,29.70681,-95.04745,0.0,290.2,199.0,CAPT ANDY LAKE,,WDG4759,31,12,26,,,90,A
367539810,2022-01-04T22:37:55,29.70681,-95.04745,0.0,257.9,199.0,CAPT ANDY LAKE,,WDG4759,31,12,26,,,90,A
367539810,2022-01-04T19:36:36,29.70682,-95.04743,0.0,135.4,199.0,CAPT ANDY LAKE,,WDG4759,31,12,26,,,90,A
367539810,2022-01-04T19:46:56,29.70683,-95.04746,0.0,90.5,198.0,CAPT ANDY LAKE,,WDG4759,31,12,26,,,90,A
367539810,2022-01-04T22:55:26,29.70681,-95.04744,0.0,288.1,199.0,CAPT ANDY LAKE,,WDG4759,31,12,26,,,90,A
367539810,2022-01-04T23:02:25,29.70684,-95.04745,0.0,116.6,198.0,CAPT ANDY LAKE,,WDG4759,31,12,26,,,90,A
367539810,2022-01-04T23:04:45,29.70684,-95.04743,0.0,277.4,198.0,CAPT ANDY LAKE,,WDG4759,31,12,26,,,90,A
367539810,2022-01-04T20:06:55,29.70681,-95.04745,0.0,349.3,201.0,CAPT ANDY LAKE,,WDG4759,31,12,26,,,90,A
367539810,2022-01-04T23:10:25,29.70682,-95.04745,0.0,352.5,199.0,CAPT ANDY LAKE,,WDG4759,31,12,26,,,90,A
367539810,2022-01-04T23:11:35,29.70682,-95.04746,0.0,241.2,199.0,CAPT ANDY LAKE,,WDG4759,31,12,26,,,90,A
367539810,2022-01-04T23:18:45,29.70683,-95.04745,0.0,254.8,200.0,CAPT ANDY LAKE,,WDG4759,31,12,26,,,90,A
367539810,2022-01-04T23:19:55,29.70682,-95.04745,0.0,261.6,200.0,CAPT ANDY LAKE,,WDG4759,31,12,26,,,90,A
367539810,2022-01-04T20:26:35,29.70684,-95.04744,0.0,259.0,199.0,CAPT ANDY LAKE,,WDG4759,31,12,26,,,90,A
367539810,2022-01-04T23:28:06,29.70682,-95.04746,0.0,209.3,200.0,CAPT ANDY LAKE,,WDG4759,31,12,26,,,90,A
367539810,2022-01-04T23:38:15,29.70681,-95.04745,0.0,241.8,199.0,CAPT ANDY LAKE,,WDG4759,31,12,26,,,90,A
367539810,2022-01-04T20:40:35,29.70682,-95.04744,0.0,321.0,199.0,CAPT ANDY LAKE,,WDG4759,31,12,26,,,90,A
367539810,2022-01-04T23:50:55,29.70681,-95.04745,0.0,216.8,200.0,CAPT ANDY LAKE,,WDG4759,31,12,26,,,90,A
367539810,2022-01-04T23:51:56,29.70682,-95.04745,0.0,256.0,200.0,CAPT ANDY LAKE,,WDG4759,31,12,26,,,90,A
367539810,2022-01-04T21:34:25,29.70682,-95.04744,0.0,58.3,199.0,CAPT ANDY LAKE,,WDG4759,31,12,26,,,90,A
367539810,2022-01-04T21:40:05,29.70683,-95.04746,0.0,311.6,199.0,CAPT ANDY LAKE,,WDG4759,31,12,26,,,90,A
367539810,2022-01-04T21:41:15,29.70683,-95.04745,0.0,24.7,199.0,CAPT ANDY LAKE,,WDG4759,31,12,26,,,90,A
367539810,2022-01-04T21:42:35,29.70683,-95.04745,0.0,289.4,199.0,CAPT ANDY LAKE,,WDG4759,31,12,26,,,90,A
367539810,2022-01-04T21:49:44,29.70683,-95.04746,0.0,272.3,199.0,CAPT ANDY LAKE,,WDG4759,31,12,26,,,90,A
367539810,2022-01-04T22:03:44,29.70682,-95.04745,0.0,303.2,198.0,CAPT ANDY LAKE,,WDG4759,31,12,26,,,90,A
367539810,2022-01-04T22:07:06,29.70683,-95.04745,0.0,82.1,199.0,CAPT ANDY LAKE,,WDG4759,31,12,26,,,90,A
367539810,2022-01-04T22:11:34,29.70683,-95.04745,0.0,269.8,199.0,CAPT ANDY LAKE,,WDG4759,31,12,26,,,90,A
367539810,2022-01-04T22:20:54,29.70683,-95.04745,0.0,291.3,200.0,CAPT ANDY LAKE,,WDG4759,31,12,26,,,90,A
367539810,2022-01-04T22:54:15,29.70681,-95.04745,0.0,329.0,199.0,CAPT ANDY LAKE,,WDG4759,31,12,26,,,90,A
367539810,2022-01-04T22:56:34,29.70681,-95.04744,0.0,283.1,199.0,CAPT ANDY LAKE,,WDG4759,31,12,26,,,90,A
367539810,2022-01-04T23:12:45,29.70682,-95.04746,0.0,216.0,199.0,CAPT ANDY LAKE,,WDG4759,31,12,26,,,90,A
367539810,2022-01-04T23:21:06,29.70682,-95.04744,0.0,203.0,200.0,CAPT ANDY LAKE,,WDG4759,31,12,26,,,90,A
367539810,2022-01-04T23:22:14,29.70682,-95.04746,0.0,234.6,200.0,CAPT ANDY LAKE,,WDG4759,31,12,26,,,90,A
367539810,2022-01-05T00:04:24,29.70682,-95.04744,0.0,350.6,200.0,CAPT ANDY LAKE,,WDG4759,31,12,26,,,90,A
367539810,2022-01-05T00:05:34,29.70684,-95.04745,0.0,271.9,199.0,CAPT ANDY LAKE,,WDG4759,31,12,26,,,90,A
367539810,2022-01-05T00:06:45,29.70682,-95.04746,0.0,271.8,200.0,CAPT ANDY LAKE,,WDG4759,31,12,26,,,90,A
367539810,2022-01-05T00:07:54,29.70681,-95.04746,0.0,262.1,200.0,CAPT ANDY LAKE,,WDG4759,31,12,26,,,90,A
367539810,2022-01-05T00:11:24,29.70680,-95.04745,0.0,264.4,200.0,CAPT ANDY LAKE,,WDG4759,31,12,26,,,90,A
367539810,2022-01-05T00:09:05,29.70682,-95.04745,0.0,233.4,200.0,CAPT ANDY LAKE,,WDG4759,31,12,26,,,90,A
367539810,2022-01-05T00:13:34,29.70682,-95.04745,0.0,256.4,200.0,CAPT ANDY LAKE,,WDG4759,31,12,26,,,90,A
367539810,2022-01-05T00:14:44,29.70681,-95.04746,0.0,231.8,200.0,CAPT ANDY LAKE,,WDG4759,31,12,26,,,90,A
367539810,2022-01-05T00:12:25,29.70681,-95.04746,0.0,220.1,200.0,CAPT ANDY LAKE,,WDG4759,31,12,26,,,90,A
367539810,2022-01-05T00:10:15,29.70682,-95.04745,0.0,221.7,200.0,CAPT ANDY LAKE,,WDG4759,31,12,26,,,90,A
367539810,2022-01-05T00:17:04,29.70682,-95.04745,0.0,228.6,199.0,CAPT ANDY LAKE,,WDG4759,31,12,26,,,90,A
367539810,2022-01-05T00:18:15,29.70681,-95.04744,0.0,294.6,199.0,CAPT ANDY LAKE,,WDG4759,31,12,26,,,90,A
367539810,2022-01-05T00:15:55,29.70681,-95.04746,0.0,172.9,199.0,CAPT ANDY LAKE,,WDG4759,31,12,26,,,90,A
367539810,2022-01-05T00:19:25,29.70680,-95.04745,0.0,259.7,201.0,CAPT ANDY LAKE,,WDG4759,31,12,26,,,90,A
367539810,2022-01-05T00:20:26,29.70681,-95.04745,0.0,270.9,200.0,CAPT ANDY LAKE,,WDG4759,31,12,26,,,90,A
367539810,2022-01-05T00:21:36,29.70682,-95.04745,0.0,220.9,200.0,CAPT ANDY LAKE,,WDG4759,31,12,26,,,90,A
367539810,2022-01-05T00:24:55,29.70682,-95.04746,0.0,243.8,199.0,CAPT ANDY LAKE,,WDG4759,31,12,26,,,90,A
367539810,2022-01-05T00:26:06,29.70681,-95.04746,0.0,229.2,199.0,CAPT ANDY LAKE,,WDG4759,31,12,26,,,90,A
367539810,2022-01-05T00:23:54,29.70682,-95.04745,0.0,245.3,199.0,CAPT ANDY LAKE,,WDG4759,31,12,26,,,90,A
367539810,2022-01-05T00:22:45,29.70683,-95.04745,0.0,227.4,199.0,CAPT ANDY LAKE,,WDG4759,31,12,26,,,90,A
367539810,2022-01-05T00:29:24,29.70683,-95.04745,0.0,269.4,200.0,CAPT ANDY LAKE,,WDG4759,31,12,26,,,90,A
367539810,2022-01-05T00:32:16,29.70684,-95.04746,0.0,219.1,199.0,CAPT ANDY LAKE,,WDG4759,31,12,26,,,90,A
367539810,2022-01-05T00:34:35,29.70682,-95.04745,0.0,249.0,200.0,CAPT ANDY LAKE,,WDG4759,31,12,26,,,90,A
367539810,2022-01-05T00:33:25,29.70683,-95.04745,0.0,211.4,199.0,CAPT ANDY LAKE,,WDG4759,31,12,26,,,90,A
367539810,2022-01-05T00:36:55,29.70683,-95.04745,0.0,213.1,200.0,CAPT ANDY LAKE,,WDG4759,31,12,26,,,90,A
367539810,2022-01-05T00:35:45,29.70682,-95.04746,0.0,223.0,199.0,CAPT ANDY LAKE,,WDG4759,31,12,26,,,90,A
367539810,2022-01-05T00:30:55,29.70682,-95.04746,0.0,224.4,200.0,CAPT ANDY LAKE,,WDG4759,31,12,26,,,90,A
367539810,2022-01-05T00:39:15,29.70685,-95.04745,0.0,214.4,200.0,CAPT ANDY LAKE,,WDG4759,31,12,26,,,90,A
367539810,2022-01-05T00:38:05,29.70683,-95.04745,0.0,243.1,200.0,CAPT ANDY LAKE,,WDG4759,31,12,26,,,90,A
367539810,2022-01-05T00:41:34,29.70683,-95.04745,0.0,235.4,200.0,CAPT ANDY LAKE,,WDG4759,31,12,26,,,90,A
367539810,2022-01-05T00:42:44,29.70683,-95.04745,0.0,343.2,199.0,CAPT ANDY LAKE,,WDG4759,31,12,26,,,90,A
367539810,2022-01-05T00:40:25,29.70684,-95.04746,0.0,191.1,200.0,CAPT ANDY LAKE,,WDG4759,31,12,26,,,90,A
367539810,2022-01-05T00:43:55,29.70684,-95.04745,0.0,236.3,200.0,CAPT ANDY LAKE,,WDG4759,31,12,26,,,90,A
367539810,2022-01-05T00:48:35,29.70682,-95.04745,0.0,258.5,199.0,CAPT ANDY LAKE,,WDG4759,31,12,26,,,90,A
367539810,2022-01-05T00:45:06,29.70683,-95.04745,0.0,318.0,200.0,CAPT ANDY LAKE,,WDG4759,31,12,26,,,90,A
367539810,2022-01-05T00:46:14,29.70683,-95.04745,0.0,240.2,200.0,CAPT ANDY LAKE,,WDG4759,31,12,26,,,90,A
367539810,2022-01-05T00:50:55,29.70682,-95.04745,0.0,207.1,200.0,CAPT ANDY LAKE,,WDG4759,31,12,26,,,90,A
367539810,2022-01-05T00:47:26,29.70682,-95.04745,0.0,244.4,200.0,CAPT ANDY LAKE,,WDG4759,31,12,26,,,90,A
367539810,2022-01-05T00:52:05,29.70683,-95.04745,0.0,344.7,199.0,CAPT ANDY LAKE,,WDG4759,31,12,26,,,90,A
367539810,2022-01-05T00:53:16,29.70682,-95.04745,0.0,213.1,199.0,CAPT ANDY LAKE,,WDG4759,31,12,26,,,90,A
367539810,2022-01-05T00:49:46,29.70682,-95.04745,0.0,226.1,199.0,CAPT ANDY LAKE,,WDG4759,31,12,26,,,90,A
367539810,2022-01-05T00:54:25,29.70682,-95.04745,0.0,259.0,199.0,CAPT ANDY LAKE,,WDG4759,31,12,26,,,90,A
367539810,2022-01-05T00:58:15,29.70682,-95.04745,0.0,264.1,199.0,CAPT ANDY LAKE,,WDG4759,31,12,26,,,90,A
367539810,2022-01-05T01:02:44,29.70682,-95.04744,0.0,236.9,199.0,CAPT ANDY LAKE,,WDG4759,31,12,26,,,90,A
367539810,2022-01-05T00:59:24,29.70682,-95.04745,0.0,257.7,199.0,CAPT ANDY LAKE,,WDG4759,31,12,26,,,90,A
367539810,2022-01-05T00:55:35,29.70682,-95.04746,0.0,259.9,199.0,CAPT ANDY LAKE,,WDG4759,31,12,26,,,90,A
367539810,2022-01-05T01:06:16,29.70682,-95.04746,0.0,235.5,199.0,CAPT ANDY LAKE,,WDG4759,31,12,26,,,90,A
367539810,2022-01-05T01:01:36,29.70682,-95.04747,0.0,264.1,199.0,CAPT ANDY LAKE,,WDG4759,31,12,26,,,90,A
367539810,2022-01-05T00:27:14,29.70681,-95.04746,0.0,270.4,199.0,CAPT ANDY LAKE,,WDG4759,31,12,26,,,90,A
367539810,2022-01-05T01:10:45,29.70682,-95.04745,0.0,185.0,198.0,CAPT ANDY LAKE,,WDG4759,31,12,26,,,90,A
367539810,2022-01-05T00:28:16,29.70683,-95.04746,0.0,222.9,200.0,CAPT ANDY LAKE,,WDG4759,31,12,26,,,90,A
367539810,2022-01-05T01:05:05,29.70682,-95.04745,0.0,239.6,198.0,CAPT ANDY LAKE,,WDG4759,31,12,26,,,90,A
367539810,2022-01-05T01:13:16,29.70682,-95.04745,0.0,283.7,199.0,CAPT ANDY LAKE,,WDG4759,31,12,26,,,90,A
367539810,2022-01-05T01:07:24,29.70682,-95.04746,0.0,240.4,199.0,CAPT ANDY LAKE,,WDG4759,31,12,26,,,90,A
367539810,2022-01-05T01:03:54,29.70682,-95.04745,0.0,232.7,199.0,CAPT ANDY LAKE,,WDG4759,31,12,26,,,90,A
367539810,2022-01-05T01:09:44,29.70682,-95.04745,0.0,196.5,198.0,CAPT ANDY LAKE,,WDG4759,31,12,26,,,90,A
367539810,2022-01-05T01:12:05,29.70681,-95.04746,0.0,281.6,199.0,CAPT ANDY LAKE,,WDG4759,31,12,26,,,90,A
367539810,2022-01-05T01:08:34,29.70683,-95.04747,0.0,205.1,199.0,CAPT ANDY LAKE,,WDG4759,31,12,26,,,90,A
367539810,2022-01-05T01:17:15,29.70683,-95.04745,0.0,207.4,200.0,CAPT ANDY LAKE,,WDG4759,31,12,26,,,90,A
367539810,2022-01-05T01:14:26,29.70683,-95.04745,0.0,270.9,199.0,CAPT ANDY LAKE,,WDG4759,31,12,26,,,90,A
367539810,2022-01-05T01:19:35,29.70682,-95.04744,0.0,255.0,200.0,CAPT ANDY LAKE,,WDG4759,31,12,26,,,90,A
367539810,2022-01-05T01:15:45,29.70683,-95.04745,0.0,217.9,200.0,CAPT ANDY LAKE,,WDG4759,31,12,26,,,90,A
367539810,2022-01-05T01:20:45,29.70682,-95.04745,0.0,300.0,199.0,CAPT ANDY LAKE,,WDG4759,31,12,26,,,90,A
367539810,2022-01-05T01:24:16,29.70682,-95.04744,0.0,215.3,198.0,CAPT ANDY LAKE,,WDG4759,31,12,26,,,90,A
367539810,2022-01-05T01:18:26,29.70682,-95.04745,0.0,238.2,200.0,CAPT ANDY LAKE,,WDG4759,31,12,26,,,90,A
367539810,2022-01-05T01:23:05,29.70684,-95.04746,0.0,290.1,198.0,CAPT ANDY LAKE,,WDG4759,31,12,26,,,90,A
367539810,2022-01-05T01:27:46,29.70682,-95.04744,0.0,259.7,198.0,CAPT ANDY LAKE,,WDG4759,31,12,26,,,90,A
367539810,2022-01-05T01:21:55,29.70683,-95.04745,0.0,291.1,198.0,CAPT ANDY LAKE,,WDG4759,31,12,26,,,90,A
367539810,2022-01-05T01:25:25,29.70682,-95.04744,0.0,224.3,198.0,CAPT ANDY LAKE,,WDG4759,31,12,26,,,90,A
367539810,2022-01-05T01:26:35,29.70682,-95.04745,0.0,222.7,199.0,CAPT ANDY LAKE,,WDG4759,31,12,26,,,90,A
367539810,2022-01-05T01:29:56,29.70681,-95.04745,0.0,165.7,198.0,CAPT ANDY LAKE,,WDG4759,31,12,26,,,90,A
367539810,2022-01-05T01:34:45,29.70681,-95.04744,0.0,323.0,199.0,CAPT ANDY LAKE,,WDG4759,31,12,26,,,90,A
367539810,2022-01-05T01:35:56,29.70682,-95.04745,0.0,311.5,200.0,CAPT ANDY LAKE,,WDG4759,31,12,26,,,90,A
367539810,2022-01-05T01:40:34,29.70683,-95.04747,0.0,358.5,199.0,CAPT ANDY LAKE,,WDG4759,31,12,26,,,90,A
367539810,2022-01-05T01:41:46,29.70682,-95.04745,0.0,215.2,199.0,CAPT ANDY LAKE,,WDG4759,31,12,26,,,90,A
367539810,2022-01-05T01:28:55,29.70681,-95.04744,0.0,224.4,198.0,CAPT ANDY LAKE,,WDG4759,31,12,26,,,90,A
367539810,2022-01-05T01:38:14,29.70682,-95.04745,0.0,260.6,199.0,CAPT ANDY LAKE,,WDG4759,31,12,26,,,90,A
367539810,2022-01-05T01:32:16,29.70681,-95.04744,0.0,186.0,199.0,CAPT ANDY LAKE,,WDG4759,31,12,26,,,90,A
367539810,2022-01-05T01:33:26,29.70681,-95.04745,0.0,328.4,200.0,CAPT ANDY LAKE,,WDG4759,31,12,26,,,90,A
367539810,2022-01-05T01:37:04,29.70682,-95.04744,0.0,180.4,200.0,CAPT ANDY LAKE,,WDG4759,31,12,26,,,90,A
367539810,2022-01-05T01:44:04,29.70681,-95.04746,0.0,290.6,199.0,CAPT ANDY LAKE,,WDG4759,31,12,26,,,90,A
367539810,2022-01-05T01:42:56,29.70681,-95.04747,0.0,226.1,199.0,CAPT ANDY LAKE,,WDG4759,31,12,26,,,90,A
367539810,2022-01-05T01:47:45,29.70682,-95.04746,0.0,303.4,199.0,CAPT ANDY LAKE,,WDG4759,31,12,26,,,90,A
367539810,2022-01-05T01:46:25,29.70682,-95.04745,0.0,309.4,199.0,CAPT ANDY LAKE,,WDG4759,31,12,26,,,90,A
367539810,2022-01-05T01:39:26,29.70683,-95.04745,0.0,287.1,200.0,CAPT ANDY LAKE,,WDG4759,31,12,26,,,90,A
367539810,2022-01-05T01:48:55,29.70683,-95.04745,0.0,243.8,198.0,CAPT ANDY LAKE,,WDG4759,31,12,26,,,90,A
367539810,2022-01-05T01:58:05,29.70682,-95.04745,0.0,269.2,198.0,CAPT ANDY LAKE,,WDG4759,31,12,26,,,90,A
367539810,2022-01-05T01:55:46,29.70682,-95.04745,0.1,324.2,199.0,CAPT ANDY LAKE,,WDG4759,31,12,26,,,90,A
367539810,2022-01-05T01:50:05,29.70683,-95.04745,0.0,106.1,198.0,CAPT ANDY LAKE,,WDG4759,31,12,26,,,90,A
367539810,2022-01-05T01:59:16,29.70684,-95.04744,0.0,320.0,199.0,CAPT ANDY LAKE,,WDG4759,31,12,26,,,90,A
367539810,2022-01-05T01:53:34,29.70682,-95.04745,0.0,330.0,199.0,CAPT ANDY LAKE,,WDG4759,31,12,26,,,90,A
367539810,2022-01-05T02:08:34,29.70683,-95.04746,0.0,349.7,197.0,CAPT ANDY LAKE,,WDG4759,31,12,26,,,90,A
367539810,2022-01-05T01:56:55,29.70682,-95.04745,0.0,253.9,199.0,CAPT ANDY LAKE,,WDG4759,31,12,26,,,90,A
367539810,2022-01-05T02:09:35,29.70683,-95.04745,0.0,223.8,198.0,CAPT ANDY LAKE,,WDG4759,31,12,26,,,90,A
367539810,2022-01-05T02:11:54,29.70681,-95.04745,0.0,227.8,199.0,CAPT ANDY LAKE,,WDG4759,31,12,26,,,90,A
367539810,2022-01-05T02:05:04,29.70682,-95.04745,0.1,5.2,197.0,CAPT ANDY LAKE,,WDG4759,31,12,26,,,90,A
367539810,2022-01-05T02:15:24,29.70683,-95.04745,0.0,258.3,198.0,CAPT ANDY LAKE,,WDG4759,31,12,26,,,90,A
367539810,2022-01-05T02:16:34,29.70683,-95.04746,0.0,312.2,198.0,CAPT ANDY LAKE,,WDG4759,31,12,26,,,90,A
367539810,2022-01-05T02:13:05,29.70682,-95.04745,0.0,302.4,199.0,CAPT ANDY LAKE,,WDG4759,31,12,26,,,90,A
367539810,2022-01-05T02:06:16,29.70682,-95.04745,0.0,267.2,197.0,CAPT ANDY LAKE,,WDG4759,31,12,26,,,90,A
367539810,2022-01-05T02:10:44,29.70682,-95.04745,0.0,209.9,198.0,CAPT ANDY LAKE,,WDG4759,31,12,26,,,90,A
367539810,2022-01-05T02:19:54,29.70683,-95.04745,0.0,285.2,198.0,CAPT ANDY LAKE,,WDG4759,31,12,26,,,90,A
367539810,2022-01-05T02:14:14,29.70683,-95.04745,0.0,316.7,198.0,CAPT ANDY LAKE,,WDG4759,31,12,26,,,90,A
367539810,2022-01-05T02:21:05,29.70682,-95.04745,0.0,203.3,199.0,CAPT ANDY LAKE,,WDG4759,31,12,26,,,90,A
367539810,2022-01-05T02:25:45,29.70683,-95.04743,0.0,312.4,200.0,CAPT ANDY LAKE,,WDG4759,31,12,26,,,90,A
367539810,2022-01-05T02:17:44,29.70683,-95.04745,0.0,25.2,196.0,CAPT ANDY LAKE,,WDG4759,31,12,26,,,90,A
367539810,2022-01-05T02:18:45,29.70683,-95.04745,0.0,223.4,198.0,CAPT ANDY LAKE,,WDG4759,31,12,26,,,90,A
367539810,2022-01-05T00:57:04,29.70681,-95.04745,0.0,247.5,200.0,CAPT ANDY LAKE,,WDG4759,31,12,26,,,90,A
367539810,2022-01-05T02:32:35,29.70682,-95.04745,0.0,280.2,201.0,CAPT ANDY LAKE,,WDG4759,31,12,26,,,90,A
367539810,2022-01-05T02:27:55,29.70683,-95.04744,0.0,309.1,198.0,CAPT ANDY LAKE,,WDG4759,31,12,26,,,90,A
367539810,2022-01-05T02:23:24,29.70682,-95.04745,0.0,281.9,199.0,CAPT ANDY LAKE,,WDG4759,31,12,26,,,90,A
367539810,2022-01-05T02:30:15,29.70683,-95.04744,0.0,205.0,199.0,CAPT ANDY LAKE,,WDG4759,31,12,26,,,90,A
367539810,2022-01-05T02:22:14,29.70682,-95.04744,0.0,223.1,199.0,CAPT ANDY LAKE,,WDG4759,31,12,26,,,90,A
367539810,2022-01-05T02:24:36,29.70683,-95.04744,0.0,293.6,200.0,CAPT ANDY LAKE,,WDG4759,31,12,26,,,90,A
367539810,2022-01-05T02:29:05,29.70684,-95.04744,0.0,234.1,198.0,CAPT ANDY LAKE,,WDG4759,31,12,26,,,90,A
367539810,2022-01-05T02:33:45,29.70683,-95.04745,0.1,328.2,199.0,CAPT ANDY LAKE,,WDG4759,31,12,26,,,90,A
367539810,2022-01-05T02:37:05,29.70683,-95.04745,0.0,198.7,199.0,CAPT ANDY LAKE,,WDG4759,31,12,26,,,90,A
367539810,2022-01-05T02:38:15,29.70682,-95.04745,0.1,241.3,201.0,CAPT ANDY LAKE,,WDG4759,31,12,26,,,90,A
367539810,2022-01-05T02:39:25,29.70682,-95.04744,0.0,309.8,200.0,CAPT ANDY LAKE,,WDG4759,31,12,26,,,90,A
367539810,2022-01-05T02:31:25,29.70682,-95.04744,0.1,187.2,201.0,CAPT ANDY LAKE,,WDG4759,31,12,26,,,90,A
367539810,2022-01-05T02:40:26,29.70682,-95.04745,0.0,294.9,201.0,CAPT ANDY LAKE,,WDG4759,31,12,26,,,90,A
367539810,2022-01-05T02:42:45,29.70682,-95.04745,0.1,263.7,201.0,CAPT ANDY LAKE,,WDG4759,31,12,26,,,90,A
367539810,2022-01-05T02:45:06,29.70682,-95.04746,0.0,242.8,200.0,CAPT ANDY LAKE,,WDG4759,31,12,26,,,90,A
367539810,2022-01-05T02:43:56,29.70683,-95.04745,0.1,355.0,200.0,CAPT ANDY LAKE,,WDG4759,31,12,26,,,90,A
367539810,2022-01-05T02:47:26,29.70681,-95.04744,0.0,173.3,200.0,CAPT ANDY LAKE,,WDG4759,31,12,26,,,90,A
367539810,2022-01-05T02:46:15,29.70683,-95.04745,0.0,75.9,199.0,CAPT ANDY LAKE,,WDG4759,31,12,26,,,90,A
367539810,2022-01-05T02:49:46,29.70682,-95.04744,0.0,330.6,200.0,CAPT ANDY LAKE,,WDG4759,31,12,26,,,90,A
367539810,2022-01-05T02:41:35,29.70682,-95.04746,0.0,337.2,201.0,CAPT ANDY LAKE,,WDG4759,31,12,26,,,90,A
367539810,2022-01-05T02:50:56,29.70682,-95.04745,0.0,224.5,201.0,CAPT ANDY LAKE,,WDG4759,31,12,26,,,90,A
367539810,2022-01-05T02:52:05,29.70682,-95.04745,0.0,14.5,200.0,CAPT ANDY LAKE,,WDG4759,31,12,26,,,90,A
367539810,2022-01-05T02:48:36,29.70682,-95.04744,0.0,312.6,201.0,CAPT ANDY LAKE,,WDG4759,31,12,26,,,90,A
367539810,2022-01-05T02:55:35,29.70683,-95.04745,0.0,262.2,199.0,CAPT ANDY LAKE,,WDG4759,31,12,26,,,90,A
367539810,2022-01-05T02:54:26,29.70683,-95.04746,0.1,354.5,199.0,CAPT ANDY LAKE,,WDG4759,31,12,26,,,90,A
367539810,2022-01-05T02:56:46,29.70682,-95.04745,0.0,227.4,200.0,CAPT ANDY LAKE,,WDG4759,31,12,26,,,90,A
367539810,2022-01-05T03:03:15,29.70683,-95.04746,0.0,332.0,199.0,CAPT ANDY LAKE,,WDG4759,31,12,26,,,90,A
367539810,2022-01-05T02:59:06,29.70681,-95.04745,0.1,306.4,200.0,CAPT ANDY LAKE,,WDG4759,31,12,26,,,90,A
367539810,2022-01-05T03:02:06,29.70684,-95.04746,0.0,272.6,200.0,CAPT ANDY LAKE,,WDG4759,31,12,26,,,90,A
367539810,2022-01-05T02:53:15,29.70683,-95.04745,0.0,298.2,201.0,CAPT ANDY LAKE,,WDG4759,31,12,26,,,90,A
367539810,2022-01-05T03:00:55,29.70683,-95.04744,0.0,291.0,200.0,CAPT ANDY LAKE,,WDG4759,31,12,26,,,90,A
367539810,2022-01-05T02:57:55,29.70681,-95.04745,0.0,340.8,200.0,CAPT ANDY LAKE,,WDG4759,31,12,26,,,90,A
367539810,2022-01-05T03:04:24,29.70684,-95.04746,0.0,298.3,200.0,CAPT ANDY LAKE,,WDG4759,31,12,26,,,90,A
367539810,2022-01-05T03:13:26,29.70684,-95.04745,0.1,351.8,198.0,CAPT ANDY LAKE,,WDG4759,31,12,26,,,90,A
367539810,2022-01-05T03:07:55,29.70682,-95.04744,0.1,323.6,201.0,CAPT ANDY LAKE,,WDG4759,31,12,26,,,90,A
367539810,2022-01-05T03:05:35,29.70685,-95.04746,0.0,345.4,200.0,CAPT ANDY LAKE,,WDG4759,31,12,26,,,90,A
367539810,2022-01-05T03:06:44,29.70684,-95.04746,0.0,238.6,200.0,CAPT ANDY LAKE,,WDG4759,31,12,26,,,90,A
367539810,2022-01-05T03:15:45,29.70685,-95.04745,0.0,196.5,199.0,CAPT ANDY LAKE,,WDG4759,31,12,26,,,90,A
367539810,2022-01-05T03:09:05,29.70682,-95.04744,0.0,272.0,200.0,CAPT ANDY LAKE,,WDG4759,31,12,26,,,90,A
367539810,2022-01-05T03:12:16,29.70683,-95.04745,0.0,273.9,199.0,CAPT ANDY LAKE,,WDG4759,31,12,26,,,90,A
367539810,2022-01-05T03:20:15,29.70682,-95.04744,0.0,266.6,199.0,CAPT ANDY LAKE,,WDG4759,31,12,26,,,90,A
367539810,2022-01-05T03:11:15,29.70682,-95.04745,0.0,275.6,199.0,CAPT ANDY LAKE,,WDG4759,31,12,26,,,90,A
367539810,2022-01-05T03:23:44,29.70682,-95.04744,0.0,226.5,198.0,CAPT ANDY LAKE,,WDG4759,31,12,26,,,90,A
367539810,2022-01-05T03:10:06,29.70683,-95.04745,0.0,306.2,200.0,CAPT ANDY LAKE,,WDG4759,31,12,26,,,90,A
367539810,2022-01-05T03:16:55,29.70683,-95.04745,0.0,215.8,200.0,CAPT ANDY LAKE,,WDG4759,31,12,26,,,90,A
367539810,2022-01-05T03:21:26,29.70681,-95.04745,0.0,274.8,199.0,CAPT ANDY LAKE,,WDG4759,31,12,26,,,90,A
367539810,2022-01-05T03:22:35,29.70684,-95.04745,0.0,269.4,199.0,CAPT ANDY LAKE,,WDG4759,31,12,26,,,90,A
367539810,2022-01-05T03:19:04,29.70684,-95.04745,0.0,232.1,199.0,CAPT ANDY LAKE,,WDG4759,31,12,26,,,90,A
367539810,2022-01-05T03:25:55,29.70684,-95.04746,0.0,292.0,199.0,CAPT ANDY LAKE,,WDG4759,31,12,26,,,90,A
367539810,2022-01-05T03:29:24,29.70683,-95.04744,0.0,212.2,199.0,CAPT ANDY LAKE,,WDG4759,31,12,26,,,90,A
367539810,2022-01-05T03:30:46,29.70682,-95.04745,0.0,259.9,200.0,CAPT ANDY LAKE,,WDG4759,31,12,26,,,90,A
367539810,2022-01-05T03:28:15,29.70683,-95.04745,0.0,19.8,199.0,CAPT ANDY LAKE,,WDG4759,31,12,26,,,90,A
367539810,2022-01-05T03:31:55,29.70683,-95.04745,0.0,247.0,199.0,CAPT ANDY LAKE,,WDG4759,31,12,26,,,90,A
367539810,2022-01-05T03:39:05,29.70681,-95.04744,0.0,61.6,200.0,CAPT ANDY LAKE,,WDG4759,31,12,26,,,90,A
367539810,2022-01-05T03:27:06,29.70684,-95.04746,0.1,211.4,198.0,CAPT ANDY LAKE,,WDG4759,31,12,26,,,90,A
367539810,2022-01-05T03:42:35,29.70683,-95.04745,0.0,247.6,198.0,CAPT ANDY LAKE,,WDG4759,31,12,26,,,90,A
367539810,2022-01-05T03:47:15,29.70683,-95.04745,0.1,232.3,197.0,CAPT ANDY LAKE,,WDG4759,31,12,26,,,90,A
367539810,2022-01-05T03:35:35,29.70682,-95.04744,0.0,209.2,199.0,CAPT ANDY LAKE,,WDG4759,31,12,26,,,90,A
367539810,2022-01-05T03:33:05,29.70684,-95.04745,0.1,350.0,198.0,CAPT ANDY LAKE,,WDG4759,31,12,26,,,90,A
367539810,2022-01-05T03:37:55,29.70682,-95.04745,0.1,200.3,199.0,CAPT ANDY LAKE,,WDG4759,31,12,26,,,90,A
367539810,2022-01-05T01:31:05,29.70681,-95.04743,0.0,162.6,198.0,CAPT ANDY LAKE,,WDG4759,31,12,26,,,90,A
367539810,2022-01-05T03:34:14,29.70683,-95.04745,0.0,242.6,198.0,CAPT ANDY LAKE,,WDG4759,31,12,26,,,90,A
367539810,2022-01-05T03:49:34,29.70681,-95.04744,0.1,206.9,200.0,CAPT ANDY LAKE,,WDG4759,31,12,26,,,90,A
367539810,2022-01-05T03:36:45,29.70682,-95.04745,0.0,1.5,199.0,CAPT ANDY LAKE,,WDG4759,31,12,26,,,90,A
367539810,2022-01-05T03:54:04,29.70683,-95.04746,0.0,210.5,198.0,CAPT ANDY LAKE,,WDG4759,31,12,26,,,90,A
367539810,2022-01-05T03:44:55,29.70684,-95.04745,0.0,328.5,199.0,CAPT ANDY LAKE,,WDG4759,31,12,26,,,90,A
367539810,2022-01-05T03:41:26,29.70683,-95.04745,0.0,30.1,199.0,CAPT ANDY LAKE,,WDG4759,31,12,26,,,90,A
367539810,2022-01-05T03:51:46,29.70682,-95.04745,0.0,236.0,198.0,CAPT ANDY LAKE,,WDG4759,31,12,26,,,90,A
367539810,2022-01-05T03:55:15,29.70682,-95.04746,0.1,228.9,197.0,CAPT ANDY LAKE,,WDG4759,31,12,26,,,90,A
367539810,2022-01-05T03:43:44,29.70683,-95.04745,0.0,209.9,198.0,CAPT ANDY LAKE,,WDG4759,31,12,26,,,90,A
367539810,2022-01-05T03:50:35,29.70681,-95.04745,0.0,295.5,200.0,CAPT ANDY LAKE,,WDG4759,31,12,26,,,90,A
367539810,2022-01-05T03:59:46,29.70681,-95.04744,0.0,134.0,199.0,CAPT ANDY LAKE,,WDG4759,31,12,26,,,90,A
367539810,2022-01-05T03:46:05,29.70682,-95.04745,0.0,237.2,199.0,CAPT ANDY LAKE,,WDG4759,31,12,26,,,90,A
367539810,2022-01-05T03:48:16,29.70684,-95.04745,0.0,111.4,197.0,CAPT ANDY LAKE,,WDG4759,31,12,26,,,90,A
367539810,2022-01-05T03:56:25,29.70683,-95.04745,0.0,335.9,198.0,CAPT ANDY LAKE,,WDG4759,31,12,26,,,90,A
367539810,2022-01-05T03:57:34,29.70682,-95.04745,0.0,9.2,198.0,CAPT ANDY LAKE,,WDG4759,31,12,26,,,90,A
367539810,2022-01-05T03:52:55,29.70683,-95.04746,0.0,272.8,197.0,CAPT ANDY LAKE,,WDG4759,31,12,26,,,90,A
367539810,2022-01-05T04:11:05,29.70684,-95.04746,0.0,269.0,198.0,CAPT ANDY LAKE,,WDG4759,31,12,26,,,90,A
367539810,2022-01-05T04:04:55,29.70683,-95.04745,0.0,324.4,198.0,CAPT ANDY LAKE,,WDG4759,31,12,26,,,90,A
367539810,2022-01-05T03:58:35,29.70683,-95.04745,0.0,228.5,198.0,CAPT ANDY LAKE,,WDG4759,31,12,26,,,90,A
367539810,2022-01-05T04:12:16,29.70684,-95.04745,0.0,116.8,198.0,CAPT ANDY LAKE,,WDG4759,31,12,26,,,90,A
367539810,2022-01-05T04:20:36,29.70683,-95.04745,0.0,231.3,200.0,CAPT ANDY LAKE,,WDG4759,31,12,26,,,90,A
367539810,2022-01-05T04:08:45,29.70684,-95.04745,0.0,30.9,199.0,CAPT ANDY LAKE,,WDG4759,31,12,26,,,90,A
367539810,2022-01-05T04:13:25,29.70682,-95.04745,0.0,193.6,198.0,CAPT ANDY LAKE,,WDG4759,31,12,26,,,90,A
367539810,2022-01-05T04:14:36,29.70682,-95.04744,0.0,175.6,200.0,CAPT ANDY LAKE,,WDG4759,31,12,26,,,90,A
367539810,2022-01-05T04:15:45,29.70682,-95.04743,0.0,249.0,200.0,CAPT ANDY LAKE,,WDG4759,31,12,26,,,90,A
367539810,2022-01-05T04:25:25,29.70682,-95.04744,0.0,230.3,201.0,CAPT ANDY LAKE,,WDG4759,31,12,26,,,90,A
367539810,2022-01-05T04:18:05,29.70683,-95.04744,0.0,199.2,199.0,CAPT ANDY LAKE,,WDG4759,31,12,26,,,90,A
367539810,2022-01-05T04:26:35,29.70682,-95.04744,0.0,309.9,201.0,CAPT ANDY LAKE,,WDG4759,31,12,26,,,90,A
367539810,2022-01-05T04:09:54,29.70683,-95.04745,0.0,288.4,198.0,CAPT ANDY LAKE,,WDG4759,31,12,26,,,90,A
367539810,2022-01-05T04:28:55,29.70682,-95.04744,0.0,248.2,202.0,CAPT ANDY LAKE,,WDG4759,31,12,26,,,90,A
367539810,2022-01-05T04:19:15,29.70682,-95.04744,0.0,135.0,200.0,CAPT ANDY LAKE,,WDG4759,31,12,26,,,90,A
367539810,2022-01-05T01:45:16,29.70682,-95.04746,0.0,339.3,199.0,CAPT ANDY LAKE,,WDG4759,31,12,26,,,90,A
367539810,2022-01-05T04:21:45,29.70683,-95.04746,0.1,191.8,200.0,CAPT ANDY LAKE,,WDG4759,31,12,26,,,90,A
367539810,2022-01-05T04:16:55,29.70683,-95.04744,0.0,238.8,200.0,CAPT ANDY LAKE,,WDG4759,31,12,26,,,90,A
367539810,2022-01-05T04:37:05,29.70683,-95.04746,0.0,220.7,199.0,CAPT ANDY LAKE,,WDG4759,31,12,26,,,90,A
367539810,2022-01-05T04:30:04,29.70683,-95.04743,0.1,213.1,201.0,CAPT ANDY LAKE,,WDG4759,31,12,26,,,90,A
367539810,2022-01-05T04:24:05,29.70683,-95.04744,0.0,17.9,201.0,CAPT ANDY LAKE,,WDG4759,31,12,26,,,90,A
367539810,2022-01-05T04:38:16,29.70684,-95.04745,0.0,324.2,198.0,CAPT ANDY LAKE,,WDG4759,31,12,26,,,90,A
367539810,2022-01-05T04:31:16,29.70683,-95.04745,0.0,348.1,200.0,CAPT ANDY LAKE,,WDG4759,31,12,26,,,90,A
367539810,2022-01-05T04:33:35,29.70684,-95.04745,0.1,0.7,200.0,CAPT ANDY LAKE,,WDG4759,31,12,26,,,90,A
367539810,2022-01-05T04:27:44,29.70681,-95.04744,0.0,221.7,202.0,CAPT ANDY LAKE,,WDG4759,31,12,26,,,90,A
367539810,2022-01-05T04:32:25,29.70684,-95.04745,0.0,228.3,200.0,CAPT ANDY LAKE,,WDG4759,31,12,26,,,90,A
367539810,2022-01-05T04:35:55,29.70684,-95.04746,0.1,229.1,199.0,CAPT ANDY LAKE,,WDG4759,31,12,26,,,90,A
367539810,2022-01-05T04:39:26,29.70681,-95.04744,0.1,180.3,200.0,CAPT ANDY LAKE,,WDG4759,31,12,26,,,90,A
367539810,2022-01-05T04:43:56,29.70682,-95.04744,0.0,201.4,200.0,CAPT ANDY LAKE,,WDG4759,31,12,26,,,90,A
367539810,2022-01-05T04:45:05,29.70680,-95.04744,0.0,305.4,202.0,CAPT ANDY LAKE,,WDG4759,31,12,26,,,90,A
367539810,2022-01-05T01:51:14,29.70682,-95.04745,0.0,205.1,200.0,CAPT ANDY LAKE,,WDG4759,31,12,26,,,90,A
367539810,2022-01-05T04:52:05,29.70681,-95.04744,0.1,253.2,198.0,CAPT ANDY LAKE,,WDG4759,31,12,26,,,90,A
367539810,2022-01-05T04:34:45,29.70684,-95.04746,0.0,347.3,199.0,CAPT ANDY LAKE,,WDG4759,31,12,26,,,90,A
367539810,2022-01-05T01:52:25,29.70682,-95.04743,0.0,298.9,199.0,CAPT ANDY LAKE,,WDG4759,31,12,26,,,90,A
367539810,2022-01-05T04:40:34,29.70681,-95.04744,0.0,279.5,201.0,CAPT ANDY LAKE,,WDG4759,31,12,26,,,90,A
367539810,2022-01-05T04:55:34,29.70682,-95.04747,0.0,163.7,199.0,CAPT ANDY LAKE,,WDG4759,31,12,26,,,90,A
367539810,2022-01-05T04:41:44,29.70682,-95.04744,0.0,328.9,200.0,CAPT ANDY LAKE,,WDG4759,31,12,26,,,90,A
367539810,2022-01-05T04:49:45,29.70681,-95.04745,0.0,267.1,200.0,CAPT ANDY LAKE,,WDG4759,31,12,26,,,90,A
367539810,2022-01-05T04:54:25,29.70682,-95.04746,0.0,187.9,198.0,CAPT ANDY LAKE,,WDG4759,31,12,26,,,90,A
367539810,2022-01-05T01:54:35,29.70683,-95.04745,0.0,288.0,199.0,CAPT ANDY LAKE,,WDG4759,31,12,26,,,90,A
367539810,2022-01-05T04:46:15,29.70682,-95.04744,0.0,322.9,200.0,CAPT ANDY LAKE,,WDG4759,31,12,26,,,90,A
367539810,2022-01-05T05:02:25,29.70682,-95.04747,0.0,214.3,198.0,CAPT ANDY LAKE,,WDG4759,31,12,26,,,90,A
367539810,2022-01-05T04:48:35,29.70681,-95.04745,0.0,288.0,200.0,CAPT ANDY LAKE,,WDG4759,31,12,26,,,90,A
367539810,2022-01-05T05:01:14,29.70681,-95.04746,0.0,303.9,200.0,CAPT ANDY LAKE,,WDG4759,31,12,26,,,90,A
367539810,2022-01-05T04:56:35,29.70682,-95.04745,0.0,8.9,199.0,CAPT ANDY LAKE,,WDG4759,31,12,26,,,90,A
367539810,2022-01-05T05:04:46,29.70681,-95.04745,0.0,205.7,200.0,CAPT ANDY LAKE,,WDG4759,31,12,26,,,90,A
367539810,2022-01-05T04:50:55,29.70682,-95.04745,0.1,283.3,200.0,CAPT ANDY LAKE,,WDG4759,31,12,26,,,90,A
367539810,2022-01-05T05:08:16,29.70681,-95.04745,0.0,298.5,201.0,CAPT ANDY LAKE,,WDG4759,31,12,26,,,90,A
367539810,2022-01-05T05:00:05,29.70681,-95.04745,0.0,281.9,200.0,CAPT ANDY LAKE,,WDG4759,31,12,26,,,90,A
367539810,2022-01-05T05:05:56,29.70681,-95.04745,0.0,325.8,201.0,CAPT ANDY LAKE,,WDG4759,31,12,26,,,90,A
367539810,2022-01-05T04:57:46,29.70681,-95.04745,0.0,193.7,199.0,CAPT ANDY LAKE,,WDG4759,31,12,26,,,90,A
367539810,2022-01-05T05:07:05,29.70681,-95.04745,0.0,310.1,201.0,CAPT ANDY LAKE,,WDG4759,31,12,26,,,90,A
367539810,2022-01-05T04:58:55,29.70681,-95.04745,0.0,211.6,200.0,CAPT ANDY LAKE,,WDG4759,31,12,26,,,90,A
367539810,2022-01-05T05:03:36,29.70682,-95.04745,0.0,163.8,200.0,CAPT ANDY LAKE,,WDG4759,31,12,26,,,90,A
367539810,2022-01-05T05:09:26,29.70682,-95.04746,0.0,349.5,200.0,CAPT ANDY LAKE,,WDG4759,31,12,26,,,90,A
367539810,2022-01-05T05:19:55,29.70683,-95.04746,0.0,16.9,198.0,CAPT ANDY LAKE,,WDG4759,31,12,26,,,90,A
367539810,2022-01-05T05:10:35,29.70682,-95.04746,0.0,113.8,199.0,CAPT ANDY LAKE,,WDG4759,31,12,26,,,90,A
367539810,2022-01-05T05:11:44,29.70681,-95.04745,0.0,181.8,200.0,CAPT ANDY LAKE,,WDG4759,31,12,26,,,90,A
367539810,2022-01-05T05:12:54,29.70682,-95.04745,0.0,117.8,200.0,CAPT ANDY LAKE,,WDG4759,31,12,26,,,90,A
367539810,2022-01-05T05:23:26,29.70683,-95.04745,0.0,233.7,199.0,CAPT ANDY LAKE,,WDG4759,31,12,26,,,90,A
367539810,2022-01-05T05:21:04,29.70682,-95.04746,0.0,236.2,198.0,CAPT ANDY LAKE,,WDG4759,31,12,26,,,90,A
367539810,2022-01-05T05:25:45,29.70683,-95.04746,0.0,245.2,199.0,CAPT ANDY LAKE,,WDG4759,31,12,26,,,90,A
367539810,2022-01-05T05:15:16,29.70681,-95.04746,0.0,294.9,199.0,CAPT ANDY LAKE,,WDG4759,31,12,26,,,90,A
367539810,2022-01-05T05:30:14,29.70682,-95.04745,0.0,18.9,198.0,CAPT ANDY LAKE,,WDG4759,31,12,26,,,90,A
367539810,2022-01-05T05:17:34,29.70682,-95.04746,0.0,285.2,199.0,CAPT ANDY LAKE,,WDG4759,31,12,26,,,90,A
367539810,2022-01-05T05:16:24,29.70681,-95.04746,0.0,313.8,199.0,CAPT ANDY LAKE,,WDG4759,31,12,26,,,90,A
367539810,2022-01-05T05:14:04,29.70681,-95.04745,0.0,320.0,200.0,CAPT ANDY LAKE,,WDG4759,31,12,26,,,90,A
367539810,2022-01-05T02:07:25,29.70682,-95.04746,0.0,297.5,198.0,CAPT ANDY LAKE,,WDG4759,31,12,26,,,90,A
367539810,2022-01-05T05:18:45,29.70682,-95.04745,0.0,222.0,198.0,CAPT ANDY LAKE,,WDG4759,31,12,26,,,90,A
367539810,2022-01-05T05:34:56,29.70684,-95.04745,0.0,339.7,197.0,CAPT ANDY LAKE,,WDG4759,31,12,26,,,90,A
367539810,2022-01-05T05:36:04,29.70683,-95.04745,0.0,276.6,198.0,CAPT ANDY LAKE,,WDG4759,31,12,26,,,90,A
367539810,2022-01-05T05:22:14,29.70682,-95.04745,0.0,256.1,199.0,CAPT ANDY LAKE,,WDG4759,31,12,26,,,90,A
367539810,2022-01-05T05:26:46,29.70682,-95.04745,0.0,174.9,199.0,CAPT ANDY LAKE,,WDG4759,31,12,26,,,90,A
367539810,2022-01-05T05:29:04,29.70681,-95.04745,0.0,231.9,199.0,CAPT ANDY LAKE,,WDG4759,31,12,26,,,90,A
367539810,2022-01-05T05:27:55,29.70683,-95.04746,0.0,334.0,199.0,CAPT ANDY LAKE,,WDG4759,31,12,26,,,90,A
367539810,2022-01-05T05:24:34,29.70683,-95.04746,0.0,339.0,198.0,CAPT ANDY LAKE,,WDG4759,31,12,26,,,90,A
367539810,2022-01-05T05:32:35,29.70682,-95.04745,0.0,323.6,198.0,CAPT ANDY LAKE,,WDG4759,31,12,26,,,90,A
367539810,2022-01-05T05:33:45,29.70684,-95.04744,0.0,43.0,196.0,CAPT ANDY LAKE,,WDG4759,31,12,26,,,90,A
367539810,2022-01-05T05:31:25,29.70681,-95.04747,0.0,225.9,198.0,CAPT ANDY LAKE,,WDG4759,31,12,26,,,90,A
367539810,2022-01-05T05:39:25,29.70682,-95.04745,0.0,166.2,199.0,CAPT ANDY LAKE,,WDG4759,31,12,26,,,90,A
367539810,2022-01-05T05:40:35,29.70681,-95.04745,0.0,210.9,201.0,CAPT ANDY LAKE,,WDG4759,31,12,26,,,90,A
367539810,2022-01-05T05:41:45,29.70682,-95.04744,0.1,10.2,200.0,CAPT ANDY LAKE,,WDG4759,31,12,26,,,90,A
367539810,2022-01-05T05:53:26,29.70682,-95.04745,0.0,304.7,199.0,CAPT ANDY LAKE,,WDG4759,31,12,26,,,90,A
367539810,2022-01-05T05:56:54,29.70682,-95.04747,0.0,238.4,199.0,CAPT ANDY LAKE,,WDG4759,31,12,26,,,90,A
367539810,2022-01-05T05:44:05,29.70681,-95.04744,0.0,349.8,201.0,CAPT ANDY LAKE,,WDG4759,31,12,26,,,90,A
367539810,2022-01-05T05:59:06,29.70682,-95.04745,0.1,218.8,199.0,CAPT ANDY LAKE,,WDG4759,31,12,26,,,90,A
367539810,2022-01-05T05:57:55,29.70682,-95.04746,0.0,8.9,200.0,CAPT ANDY LAKE,,WDG4759,31,12,26,,,90,A
367539810,2022-01-05T05:42:56,29.70682,-95.04744,0.0,322.2,201.0,CAPT ANDY LAKE,,WDG4759,31,12,26,,,90,A
367539810,2022-01-05T05:51:15,29.70682,-95.04744,0.0,294.0,198.0,CAPT ANDY LAKE,,WDG4759,31,12,26,,,90,A
367539810,2022-01-05T05:37:05,29.70683,-95.04746,0.0,7.8,197.0,CAPT ANDY LAKE,,WDG4759,31,12,26,,,90,A
367539810,2022-01-05T06:04:55,29.70681,-95.04745,0.1,245.5,200.0,CAPT ANDY LAKE,,WDG4759,31,12,26,,,90,A
367539810,2022-01-05T05:48:54,29.70682,-95.04744,0.0,294.7,199.0,CAPT ANDY LAKE,,WDG4759,31,12,26,,,90,A
367539810,2022-01-05T05:50:04,29.70681,-95.04745,0.0,350.1,198.0,CAPT ANDY LAKE,,WDG4759,31,12,26,,,90,A
367539810,2022-01-05T06:09:35,29.70682,-95.04746,0.0,205.8,199.0,CAPT ANDY LAKE,,WDG4759,31,12,26,,,90,A
367539810,2022-01-05T05:54:35,29.70683,-95.04745,0.0,260.3,198.0,CAPT ANDY LAKE,,WDG4759,31,12,26,,,90,A
367539810,2022-01-05T05:46:44,29.70681,-95.04746,0.0,317.3,201.0,CAPT ANDY LAKE,,WDG4759,31,12,26,,,90,A
367539810,2022-01-05T05:47:45,29.70683,-95.04745,0.0,11.1,199.0,CAPT ANDY LAKE,,WDG4759,31,12,26,,,90,A
367539810,2022-01-05T06:11:54,29.70684,-95.04746,0.0,235.5,198.0,CAPT ANDY LAKE,,WDG4759,31,12,26,,,90,A
367539810,2022-01-05T06:03:45,29.70681,-95.04746,0.0,310.8,200.0,CAPT ANDY LAKE,,WDG4759,31,12,26,,,90,A
367539810,2022-01-05T02:26:54,29.70683,-95.04743,0.0,239.2,199.0,CAPT ANDY LAKE,,WDG4759,31,12,26,,,90,A
367539810,2022-01-05T06:10:46,29.70683,-95.04746,0.1,342.6,199.0,CAPT ANDY LAKE,,WDG4759,31,12,26,,,90,A
367539810,2022-01-05T06:08:25,29.70682,-95.04745,0.0,257.2,198.0,CAPT ANDY LAKE,,WDG4759,31,12,26,,,90,A
367539810,2022-01-05T06:06:06,29.70682,-95.04745,0.1,349.8,197.0,CAPT ANDY LAKE,,WDG4759,31,12,26,,,90,A
367539810,2022-01-05T06:16:35,29.70682,-95.04745,0.0,307.5,199.0,CAPT ANDY LAKE,,WDG4759,31,12,26,,,90,A
367539810,2022-01-05T06:14:16,29.70681,-95.04745,0.0,223.6,200.0,CAPT ANDY LAKE,,WDG4759,31,12,26,,,90,A
367539810,2022-01-05T06:17:44,29.70681,-95.04745,0.0,208.2,199.0,CAPT ANDY LAKE,,WDG4759,31,12,26,,,90,A
367539810,2022-01-05T06:32:54,29.70682,-95.04745,0.0,269.3,199.0,CAPT ANDY LAKE,,WDG4759,31,12,26,,,90,A
367539810,2022-01-05T06:20:05,29.70681,-95.04745,0.0,98.5,200.0,CAPT ANDY LAKE,,WDG4759,31,12,26,,,90,A
367539810,2022-01-05T06:23:35,29.70682,-95.04744,0.0,230.6,200.0,CAPT ANDY LAKE,,WDG4759,31,12,26,,,90,A
367539810,2022-01-05T06:15:26,29.70681,-95.04744,0.0,280.5,199.0,CAPT ANDY LAKE,,WDG4759,31,12,26,,,90,A
367539810,2022-01-05T06:37:34,29.70682,-95.04746,0.0,240.6,198.0,CAPT ANDY LAKE,,WDG4759,31,12,26,,,90,A
367539810,2022-01-05T06:27:06,29.70682,-95.04745,0.0,263.9,200.0,CAPT ANDY LAKE,,WDG4759,31,12,26,,,90,A
367539810,2022-01-05T06:22:25,29.70682,-95.04744,0.0,234.0,199.0,CAPT ANDY LAKE,,WDG4759,31,12,26,,,90,A
367539810,2022-01-05T02:34:56,29.70684,-95.04745,0.0,301.7,198.0,CAPT ANDY LAKE,,WDG4759,31,12,26,,,90,A
367539810,2022-01-05T06:30:35,29.70683,-95.04745,0.0,237.9,199.0,CAPT ANDY LAKE,,WDG4759,31,12,26,,,90,A
367539810,2022-01-05T06:24:46,29.70682,-95.04744,0.0,270.8,200.0,CAPT ANDY LAKE,,WDG4759,31,12,26,,,90,A
367539810,2022-01-05T06:21:15,29.70681,-95.04744,0.0,261.0,199.0,CAPT ANDY LAKE,,WDG4759,31,12,26,,,90,A
367539810,2022-01-05T06:43:15,29.70682,-95.04747,0.0,310.8,200.0,CAPT ANDY LAKE,,WDG4759,31,12,26,,,90,A
367539810,2022-01-05T02:36:04,29.70683,-95.04747,0.0,188.6,198.0,CAPT ANDY LAKE,,WDG4759,31,12,26,,,90,A
367539810,2022-01-05T06:28:15,29.70683,-95.04745,0.0,189.8,198.0,CAPT ANDY LAKE,,WDG4759,31,12,26,,,90,A
367539810,2022-01-05T06:34:06,29.70683,-95.04745,0.0,320.9,198.0,CAPT ANDY LAKE,,WDG4759,31,12,26,,,90,A
367539810,2022-01-05T06:25:54,29.70683,-95.04745,0.0,49.3,199.0,CAPT ANDY LAKE,,WDG4759,31,12,26,,,90,A
367539810,2022-01-05T06:47:56,29.70681,-95.04746,0.0,263.2,200.0,CAPT ANDY LAKE,,WDG4759,31,12,26,,,90,A
367539810,2022-01-05T06:29:25,29.70682,-95.04745,0.0,226.3,198.0,CAPT ANDY LAKE,,WDG4759,31,12,26,,,90,A
367539810,2022-01-05T06:40:56,29.70682,-95.04745,0.0,299.2,200.0,CAPT ANDY LAKE,,WDG4759,31,12,26,,,90,A
367539810,2022-01-05T06:36:25,29.70685,-95.04745,0.0,352.7,197.0,CAPT ANDY LAKE,,WDG4759,31,12,26,,,90,A
367539810,2022-01-05T06:31:45,29.70682,-95.04745,0.0,21.8,199.0,CAPT ANDY LAKE,,WDG4759,31,12,26,,,90,A
367539810,2022-01-05T06:35:16,29.70683,-95.04745,0.0,230.4,197.0,CAPT ANDY LAKE,,WDG4759,31,12,26,,,90,A
367539810,2022-01-05T06:39:55,29.70682,-95.04746,0.0,208.3,198.0,CAPT ANDY LAKE,,WDG4759,31,12,26,,,90,A
367539810,2022-01-05T06:53:45,29.70682,-95.04746,0.0,154.4,200.0,CAPT ANDY LAKE,,WDG4759,31,12,26,,,90,A
367539810,2022-01-05T06:57:05,29.70681,-95.04745,0.0,226.5,200.0,CAPT ANDY LAKE,,WDG4759,31,12,26,,,90,A
367539810,2022-01-05T06:38:45,29.70683,-95.04745,0.0,213.5,198.0,CAPT ANDY LAKE,,WDG4759,31,12,26,,,90,A
367539810,2022-01-05T06:49:05,29.70681,-95.04746,0.0,272.5,199.0,CAPT ANDY LAKE,,WDG4759,31,12,26,,,90,A
367539810,2022-01-05T06:46:45,29.70682,-95.04746,0.0,219.5,201.0,CAPT ANDY LAKE,,WDG4759,31,12,26,,,90,A
367539810,2022-01-05T06:42:06,29.70682,-95.04746,0.1,202.0,200.0,CAPT ANDY LAKE,,WDG4759,31,12,26,,,90,A
367539810,2022-01-05T07:00:56,29.70682,-95.04746,0.0,335.0,200.0,CAPT ANDY LAKE,,WDG4759,31,12,26,,,90,A
367539810,2022-01-05T06:44:25,29.70683,-95.04747,0.0,283.6,199.0,CAPT ANDY LAKE,,WDG4759,31,12,26,,,90,A
367539810,2022-01-05T06:54:55,29.70682,-95.04746,0.0,195.5,200.0,CAPT ANDY LAKE,,WDG4759,31,12,26,,,90,A
367539810,2022-01-05T06:59:25,29.70681,-95.04746,0.0,228.1,200.0,CAPT ANDY LAKE,,WDG4759,31,12,26,,,90,A
367539810,2022-01-05T06:51:25,29.70682,-95.04746,0.0,316.8,199.0,CAPT ANDY LAKE,,WDG4759,31,12,26,,,90,A
367539810,2022-01-05T07:10:15,29.70681,-95.04746,0.0,69.2,200.0,CAPT ANDY LAKE,,WDG4759,31,12,26,,,90,A
367539810,2022-01-05T06:52:36,29.70683,-95.04746,0.0,266.2,197.0,CAPT ANDY LAKE,,WDG4759,31,12,26,,,90,A
367539810,2022-01-05T07:13:45,29.70682,-95.04745,0.0,53.0,200.0,CAPT ANDY LAKE,,WDG4759,31,12,26,,,90,A
367539810,2022-01-05T07:03:14,29.70683,-95.04745,0.0,319.9,199.0,CAPT ANDY LAKE,,WDG4759,31,12,26,,,90,A
367539810,2022-01-05T07:07:56,29.70681,-95.04745,0.0,243.5,199.0,CAPT ANDY LAKE,,WDG4759,31,12,26,,,90,A
367539810,2022-01-05T06:55:56,29.70681,-95.04746,0.0,209.8,200.0,CAPT ANDY LAKE,,WDG4759,31,12,26,,,90,A
367539810,2022-01-05T07:04:25,29.70683,-95.04745,0.0,212.4,199.0,CAPT ANDY LAKE,,WDG4759,31,12,26,,,90,A
367539810,2022-01-05T06:58:14,29.70682,-95.04745,0.0,26.7,199.0,CAPT ANDY LAKE,,WDG4759,31,12,26,,,90,A
367539810,2022-01-05T07:14:56,29.70680,-95.04745,0.0,187.3,201.0,CAPT ANDY LAKE,,WDG4759,31,12,26,,,90,A
367539810,2022-01-05T07:06:45,29.70683,-95.04746,0.0,90.7,198.0,CAPT ANDY LAKE,,WDG4759,31,12,26,,,90,A
367539810,2022-01-05T07:18:24,29.70682,-95.04747,0.0,2.3,199.0,CAPT ANDY LAKE,,WDG4759,31,12,26,,,90,A
367539810,2022-01-05T07:02:06,29.70684,-95.04745,0.0,304.3,200.0,CAPT ANDY LAKE,,WDG4759,31,12,26,,,90,A
367539810,2022-01-05T07:05:36,29.70681,-95.04746,0.0,227.9,200.0,CAPT ANDY LAKE,,WDG4759,31,12,26,,,90,A
367539810,2022-01-05T07:26:35,29.70681,-95.04746,0.0,304.1,199.0,CAPT ANDY LAKE,,WDG4759,31,12,26,,,90,A
367539810,2022-01-05T07:27:44,29.70681,-95.04746,0.0,295.2,199.0,CAPT ANDY LAKE,,WDG4759,31,12,26,,,90,A
367539810,2022-01-05T07:19:35,29.70682,-95.04746,0.0,143.2,198.0,CAPT ANDY LAKE,,WDG4759,31,12,26,,,90,A
367539810,2022-01-05T07:11:25,29.70682,-95.04748,0.0,179.0,199.0,CAPT ANDY LAKE,,WDG4759,31,12,26,,,90,A
367539810,2022-01-05T07:21:54,29.70682,-95.04746,0.0,99.1,199.0,CAPT ANDY LAKE,,WDG4759,31,12,26,,,90,A
367539810,2022-01-05T07:12:36,29.70679,-95.04743,0.0,167.4,200.0,CAPT ANDY LAKE,,WDG4759,31,12,26,,,90,A
367539810,2022-01-05T07:36:44,29.70680,-95.04746,0.0,155.1,200.0,CAPT ANDY LAKE,,WDG4759,31,12,26,,,90,A
367539810,2022-01-05T07:28:54,29.70681,-95.04745,0.0,19.7,198.0,CAPT ANDY LAKE,,WDG4759,31,12,26,,,90,A
367539810,2022-01-05T07:20:45,29.70682,-95.04746,0.0,243.8,198.0,CAPT ANDY LAKE,,WDG4759,31,12,26,,,90,A
367539810,2022-01-05T07:38:55,29.70681,-95.04745,0.0,130.0,199.0,CAPT ANDY LAKE,,WDG4759,31,12,26,,,90,A
367539810,2022-01-05T07:40:04,29.70682,-95.04746,0.0,117.4,199.0,CAPT ANDY LAKE,,WDG4759,31,12,26,,,90,A
367539810,2022-01-05T07:33:25,29.70681,-95.04744,0.0,119.6,199.0,CAPT ANDY LAKE,,WDG4759,31,12,26,,,90,A
367539810,2022-01-05T07:24:15,29.70682,-95.04746,0.0,220.9,199.0,CAPT ANDY LAKE,,WDG4759,31,12,26,,,90,A
367539810,2022-01-05T07:29:55,29.70680,-95.04744,0.0,125.0,198.0,CAPT ANDY LAKE,,WDG4759,31,12,26,,,90,A
367539810,2022-01-05T07:31:06,29.70681,-95.04746,0.0,220.8,199.0,CAPT ANDY LAKE,,WDG4759,31,12,26,,,90,A
367539810,2022-01-05T07:48:15,29.70680,-95.04746,0.0,38.1,200.0,CAPT ANDY LAKE,,WDG4759,31,12,26,,,90,A
367539810,2022-01-05T07:32:15,29.70682,-95.04746,0.0,80.2,198.0,CAPT ANDY LAKE,,WDG4759,31,12,26,,,90,A
367539810,2022-01-05T07:34:26,29.70681,-95.04745,0.0,178.5,199.0,CAPT ANDY LAKE,,WDG4759,31,12,26,,,90,A
367539810,2022-01-05T07:44:45,29.70679,-95.04746,0.0,220.0,200.0,CAPT ANDY LAKE,,WDG4759,31,12,26,,,90,A
367539810,2022-01-05T07:49:26,29.70681,-95.04746,0.0,358.6,198.0,CAPT ANDY LAKE,,WDG4759,31,12,26,,,90,A
367539810,2022-01-05T07:51:45,29.70681,-95.04746,0.0,346.9,198.0,CAPT ANDY LAKE,,WDG4759,31,12,26,,,90,A
367539810,2022-01-05T07:41:15,29.70681,-95.04746,0.0,234.1,200.0,CAPT ANDY LAKE,,WDG4759,31,12,26,,,90,A
367539810,2022-01-05T07:50:34,29.70681,-95.04746,0.0,210.9,199.0,CAPT ANDY LAKE,,WDG4759,31,12,26,,,90,A
367539810,2022-01-05T07:52:55,29.70682,-95.04748,0.0,301.9,198.0,CAPT ANDY LAKE,,WDG4759,31,12,26,,,90,A
367539810,2022-01-05T07:42:25,29.70680,-95.04746,0.0,203.6,200.0,CAPT ANDY LAKE,,WDG4759,31,12,26,,,90,A
367539810,2022-01-05T07:47:06,29.70680,-95.04745,0.0,228.7,200.0,CAPT ANDY LAKE,,WDG4759,31,12,26,,,90,A
367539810,2022-01-05T07:54:04,29.70683,-95.04747,0.0,170.1,198.0,CAPT ANDY LAKE,,WDG4759,31,12,26,,,90,A
367539810,2022-01-05T07:43:35,29.70681,-95.04746,0.0,159.0,199.0,CAPT ANDY LAKE,,WDG4759,31,12,26,,,90,A
367539810,2022-01-05T08:05:15,29.70682,-95.04745,0.0,32.8,200.0,CAPT ANDY LAKE,,WDG4759,31,12,26,,,90,A
367539810,2022-01-05T08:06:25,29.70682,-95.04745,0.0,325.0,201.0,CAPT ANDY LAKE,,WDG4759,31,12,26,,,90,A
367539810,2022-01-05T03:14:35,29.70685,-95.04746,0.0,172.1,198.0,CAPT ANDY LAKE,,WDG4759,31,12,26,,,90,A
367539810,2022-01-05T08:11:05,29.70681,-95.04746,0.0,208.6,200.0,CAPT ANDY LAKE,,WDG4759,31,12,26,,,90,A
367539810,2022-01-05T07:58:46,29.70682,-95.04745,0.0,165.8,200.0,CAPT ANDY LAKE,,WDG4759,31,12,26,,,90,A
367539810,2022-01-05T07:56:25,29.70682,-95.04747,0.0,129.2,200.0,CAPT ANDY LAKE,,WDG4759,31,12,26,,,90,A
367539810,2022-01-05T08:12:15,29.70680,-95.04746,0.0,329.7,200.0,CAPT ANDY LAKE,,WDG4759,31,12,26,,,90,A
367539810,2022-01-05T08:04:14,29.70681,-95.04746,0.0,244.3,201.0,CAPT ANDY LAKE,,WDG4759,31,12,26,,,90,A
367539810,2022-01-05T08:08:44,29.70680,-95.04745,0.0,166.4,201.0,CAPT ANDY LAKE,,WDG4759,31,12,26,,,90,A
367539810,2022-01-05T07:57:35,29.70682,-95.04746,0.0,156.8,200.0,CAPT ANDY LAKE,,WDG4759,31,12,26,,,90,A
367539810,2022-01-05T03:17:56,29.70684,-95.04745,0.0,336.8,200.0,CAPT ANDY LAKE,,WDG4759,31,12,26,,,90,A
367539810,2022-01-05T08:00:04,29.70681,-95.04745,0.0,190.9,200.0,CAPT ANDY LAKE,,WDG4759,31,12,26,,,90,A
367539810,2022-01-05T08:03:04,29.70682,-95.04745,0.0,212.9,200.0,CAPT ANDY LAKE,,WDG4759,31,12,26,,,90,A
367539810,2022-01-05T08:09:55,29.70681,-95.04745,0.0,79.8,200.0,CAPT ANDY LAKE,,WDG4759,31,12,26,,,90,A
367539810,2022-01-05T08:07:34,29.70682,-95.04745,0.0,215.8,200.0,CAPT ANDY LAKE,,WDG4759,31,12,26,,,90,A
367539810,2022-01-05T08:13:16,29.70680,-95.04746,0.0,240.8,200.0,CAPT ANDY LAKE,,WDG4759,31,12,26,,,90,A
367539810,2022-01-05T08:17:54,29.70682,-95.04747,0.0,316.3,199.0,CAPT ANDY LAKE,,WDG4759,31,12,26,,,90,A
367539810,2022-01-05T08:27:15,29.70683,-95.04746,0.0,165.7,199.0,CAPT ANDY LAKE,,WDG4759,31,12,26,,,90,A
367539810,2022-01-05T08:16:44,29.70681,-95.04747,0.0,354.0,200.0,CAPT ANDY LAKE,,WDG4759,31,12,26,,,90,A
367539810,2022-01-05T03:24:46,29.70684,-95.04745,0.0,310.1,198.0,CAPT ANDY LAKE,,WDG4759,31,12,26,,,90,A
367539810,2022-01-05T08:15:35,29.70681,-95.04746,0.0,194.1,200.0,CAPT ANDY LAKE,,WDG4759,31,12,26,,,90,A
367539810,2022-01-05T08:20:16,29.70682,-95.04747,0.0,311.4,198.0,CAPT ANDY LAKE,,WDG4759,31,12,26,,,90,A
367539810,2022-01-05T08:34:15,29.70682,-95.04746,0.0,336.9,200.0,CAPT ANDY LAKE,,WDG4759,31,12,26,,,90,A
367539810,2022-01-05T08:23:44,29.70682,-95.04746,0.0,191.4,199.0,CAPT ANDY LAKE,,WDG4759,31,12,26,,,90,A
367539810,2022-01-05T08:19:04,29.70681,-95.04747,0.0,278.9,199.0,CAPT ANDY LAKE,,WDG4759,31,12,26,,,90,A
367539810,2022-01-05T08:22:34,29.70682,-95.04746,0.0,315.5,199.0,CAPT ANDY LAKE,,WDG4759,31,12,26,,,90,A
367539810,2022-01-05T08:24:56,29.70681,-95.04747,0.0,303.1,200.0,CAPT ANDY LAKE,,WDG4759,31,12,26,,,90,A
367539810,2022-01-05T08:43:35,29.70682,-95.04746,0.0,297.2,200.0,CAPT ANDY LAKE,,WDG4759,31,12,26,,,90,A
367539810,2022-01-05T08:30:45,29.70681,-95.04745,0.0,333.8,200.0,CAPT ANDY LAKE,,WDG4759,31,12,26,,,90,A
367539810,2022-01-05T08:45:54,29.70681,-95.04746,0.0,237.3,201.0,CAPT ANDY LAKE,,WDG4759,31,12,26,,,90,A
367539810,2022-01-05T08:28:26,29.70681,-95.04745,0.0,81.1,200.0,CAPT ANDY LAKE,,WDG4759,31,12,26,,,90,A
367539810,2022-01-05T08:50:34,29.70682,-95.04745,0.0,236.7,200.0,CAPT ANDY LAKE,,WDG4759,31,12,26,,,90,A
367539810,2022-01-05T08:29:35,29.70681,-95.04745,0.0,185.5,200.0,CAPT ANDY LAKE,,WDG4759,31,12,26,,,90,A
367539810,2022-01-05T08:31:55,29.70682,-95.04745,0.0,14.1,199.0,CAPT ANDY LAKE,,WDG4759,31,12,26,,,90,A
367539810,2022-01-05T08:38:55,29.70681,-95.04747,0.0,290.5,200.0,CAPT ANDY LAKE,,WDG4759,31,12,26,,,90,A
367539810,2022-01-05T08:52:54,29.70684,-95.04746,0.0,21.9,200.0,CAPT ANDY LAKE,,WDG4759,31,12,26,,,90,A
367539810,2022-01-05T08:33:05,29.70682,-95.04746,0.0,356.6,199.0,CAPT ANDY LAKE,,WDG4759,31,12,26,,,90,A
367539810,2022-01-05T08:40:06,29.70682,-95.04746,0.0,268.6,200.0,CAPT ANDY LAKE,,WDG4759,31,12,26,,,90,A
367539810,2022-01-05T08:41:15,29.70682,-95.04747,0.0,339.1,200.0,CAPT ANDY LAKE,,WDG4759,31,12,26,,,90,A
367539810,2022-01-05T08:35:26,29.70682,-95.04746,0.0,231.8,199.0,CAPT ANDY LAKE,,WDG4759,31,12,26,,,90,A
367539810,2022-01-05T08:55:16,29.70683,-95.04746,0.0,345.6,199.0,CAPT ANDY LAKE,,WDG4759,31,12,26,,,90,A
367539810,2022-01-05T08:42:24,29.70683,-95.04746,0.0,351.9,199.0,CAPT ANDY LAKE,,WDG4759,31,12,26,,,90,A
367539810,2022-01-05T08:57:34,29.70682,-95.04746,0.0,12.5,199.0,CAPT ANDY LAKE,,WDG4759,31,12,26,,,90,A
367539810,2022-01-05T08:44:45,29.70681,-95.04745,0.0,254.2,199.0,CAPT ANDY LAKE,,WDG4759,31,12,26,,,90,A
367539810,2022-01-05T08:48:24,29.70683,-95.04746,0.0,258.3,200.0,CAPT ANDY LAKE,,WDG4759,31,12,26,,,90,A
367539810,2022-01-05T08:47:06,29.70682,-95.04745,0.0,333.0,200.0,CAPT ANDY LAKE,,WDG4759,31,12,26,,,90,A
367539810,2022-01-05T08:51:45,29.70682,-95.04747,0.0,254.3,201.0,CAPT ANDY LAKE,,WDG4759,31,12,26,,,90,A
367539810,2022-01-05T09:06:34,29.70683,-95.04747,0.0,244.8,200.0,CAPT ANDY LAKE,,WDG4759,31,12,26,,,90,A
367539810,2022-01-05T09:07:45,29.70682,-95.04746,0.0,166.8,200.0,CAPT ANDY LAKE,,WDG4759,31,12,26,,,90,A
367539810,2022-01-05T08:49:25,29.70681,-95.04745,0.0,208.4,201.0,CAPT ANDY LAKE,,WDG4759,31,12,26,,,90,A
367539810,2022-01-05T03:40:14,29.70683,-95.04745,0.0,309.7,200.0,CAPT ANDY LAKE,,WDG4759,31,12,26,,,90,A
367539810,2022-01-05T09:00:05,29.70683,-95.04746,0.0,194.2,199.0,CAPT ANDY LAKE,,WDG4759,31,12,26,,,90,A
367539810,2022-01-05T08:58:45,29.70683,-95.04746,0.0,182.1,198.0,CAPT ANDY LAKE,,WDG4759,31,12,26,,,90,A
367539810,2022-01-05T08:59:54,29.70683,-95.04746,0.0,214.1,199.0,CAPT ANDY LAKE,,WDG4759,31,12,26,,,90,A
367539810,2022-01-05T09:04:16,29.70684,-95.04745,0.0,238.4,200.0,CAPT ANDY LAKE,,WDG4759,31,12,26,,,90,A
367539810,2022-01-05T08:54:05,29.70683,-95.04746,0.0,208.4,200.0,CAPT ANDY LAKE,,WDG4759,31,12,26,,,90,A
367539810,2022-01-05T09:16:55,29.70682,-95.04745,0.0,327.2,200.0,CAPT ANDY LAKE,,WDG4759,31,12,26,,,90,A
367539810,2022-01-05T08:56:25,29.70683,-95.04746,0.0,194.7,199.0,CAPT ANDY LAKE,,WDG4759,31,12,26,,,90,A
367539810,2022-01-05T09:08:55,29.70682,-95.04746,0.0,21.2,200.0,CAPT ANDY LAKE,,WDG4759,31,12,26,,,90,A
367539810,2022-01-05T09:03:04,29.70682,-95.04746,0.0,211.7,200.0,CAPT ANDY LAKE,,WDG4759,31,12,26,,,90,A
367539810,2022-01-05T09:10:04,29.70684,-95.04746,0.0,208.7,201.0,CAPT ANDY LAKE,,WDG4759,31,12,26,,,90,A
367539810,2022-01-05T09:26:06,29.70684,-95.04746,0.0,67.0,198.0,CAPT ANDY LAKE,,WDG4759,31,12,26,,,90,A
367539810,2022-01-05T09:12:15,29.70682,-95.04745,0.0,301.1,201.0,CAPT ANDY LAKE,,WDG4759,31,12,26,,,90,A
367539810,2022-01-05T09:20:26,29.70681,-95.04747,0.0,216.8,201.0,CAPT ANDY LAKE,,WDG4759,31,12,26,,,90,A
367539810,2022-01-05T09:28:24,29.70682,-95.04746,0.0,120.4,200.0,CAPT ANDY LAKE,,WDG4759,31,12,26,,,90,A
367539810,2022-01-05T09:14:34,29.70682,-95.04746,0.1,337.8,200.0,CAPT ANDY LAKE,,WDG4759,31,12,26,,,90,A
367539810,2022-01-05T09:18:05,29.70682,-95.04745,0.0,187.1,200.0,CAPT ANDY LAKE,,WDG4759,31,12,26,,,90,A
367539810,2022-01-05T09:19:15,29.70682,-95.04746,0.0,156.0,201.0,CAPT ANDY LAKE,,WDG4759,31,12,26,,,90,A
367539810,2022-01-05T09:21:34,29.70682,-95.04746,0.0,12.9,200.0,CAPT ANDY LAKE,,WDG4759,31,12,26,,,90,A
367539810,2022-01-05T09:22:45,29.70683,-95.04747,0.0,298.8,199.0,CAPT ANDY LAKE,,WDG4759,31,12,26,,,90,A
367539810,2022-01-05T09:31:54,29.70684,-95.04746,0.0,8.8,200.0,CAPT ANDY LAKE,,WDG4759,31,12,26,,,90,A
367539810,2022-01-05T09:13:25,29.70683,-95.04746,0.0,232.6,201.0,CAPT ANDY LAKE,,WDG4759,31,12,26,,,90,A
367539810,2022-01-05T09:43:36,29.70684,-95.04747,0.0,290.3,197.0,CAPT ANDY LAKE,,WDG4759,31,12,26,,,90,A
367539810,2022-01-05T09:15:46,29.70682,-95.04747,0.1,205.6,200.0,CAPT ANDY LAKE,,WDG4759,31,12,26,,,90,A
367539810,2022-01-05T09:24:55,29.70684,-95.04746,0.0,288.9,199.0,CAPT ANDY LAKE,,WDG4759,31,12,26,,,90,A
367539810,2022-01-05T09:29:36,29.70681,-95.04747,0.0,237.9,201.0,CAPT ANDY LAKE,,WDG4759,31,12,26,,,90,A
367539810,2022-01-05T09:30:46,29.70682,-95.04747,0.0,226.3,200.0,CAPT ANDY LAKE,,WDG4759,31,12,26,,,90,A
367539810,2022-01-05T09:33:05,29.70682,-95.04746,0.0,203.4,199.0,CAPT ANDY LAKE,,WDG4759,31,12,26,,,90,A
367539810,2022-01-05T09:42:26,29.70684,-95.04747,0.0,248.3,197.0,CAPT ANDY LAKE,,WDG4759,31,12,26,,,90,A
367539810,2022-01-05T09:34:14,29.70682,-95.04745,0.1,214.1,200.0,CAPT ANDY LAKE,,WDG4759,31,12,26,,,90,A
367539810,2022-01-05T09:38:56,29.70682,-95.04745,0.1,2.9,198.0,CAPT ANDY LAKE,,WDG4759,31,12,26,,,90,A
367539810,2022-01-05T09:53:55,29.70681,-95.04745,0.0,290.5,198.0,CAPT ANDY LAKE,,WDG4759,31,12,26,,,90,A
367539810,2022-01-05T09:35:25,29.70682,-95.04745,0.0,127.9,200.0,CAPT ANDY LAKE,,WDG4759,31,12,26,,,90,A
367539810,2022-01-05T09:36:35,29.70682,-95.04745,0.0,335.6,199.0,CAPT ANDY LAKE,,WDG4759,31,12,26,,,90,A
367539810,2022-01-05T09:48:04,29.70682,-95.04747,0.0,188.2,199.0,CAPT ANDY LAKE,,WDG4759,31,12,26,,,90,A
367539810,2022-01-05T09:37:46,29.70682,-95.04746,0.0,300.6,199.0,CAPT ANDY LAKE,,WDG4759,31,12,26,,,90,A
367539810,2022-01-05T09:56:14,29.70683,-95.04745,0.0,218.3,198.0,CAPT ANDY LAKE,,WDG4759,31,12,26,,,90,A
367539810,2022-01-05T09:49:14,29.70682,-95.04746,0.0,236.6,200.0,CAPT ANDY LAKE,,WDG4759,31,12,26,,,90,A
367539810,2022-01-05T09:44:45,29.70685,-95.04747,0.0,252.1,196.0,CAPT ANDY LAKE,,WDG4759,31,12,26,,,90,A
367539810,2022-01-05T09:41:15,29.70683,-95.04746,0.0,160.5,197.0,CAPT ANDY LAKE,,WDG4759,31,12,26,,,90,A
367539810,2022-01-05T09:51:34,29.70683,-95.04746,0.0,162.2,199.0,CAPT ANDY LAKE,,WDG4759,31,12,26,,,90,A
367539810,2022-01-05T09:46:56,29.70682,-95.04746,0.0,180.3,197.0,CAPT ANDY LAKE,,WDG4759,31,12,26,,,90,A
367539810,2022-01-05T09:40:05,29.70683,-95.04745,0.0,219.9,197.0,CAPT ANDY LAKE,,WDG4759,31,12,26,,,90,A
367539810,2022-01-05T09:55:05,29.70683,-95.04747,0.0,292.4,198.0,CAPT ANDY LAKE,,WDG4759,31,12,26,,,90,A
367539810,2022-01-05T10:02:25,29.70683,-95.04746,0.0,286.4,198.0,CAPT ANDY LAKE,,WDG4759,31,12,26,,,90,A
367539810,2022-01-05T10:00:04,29.70682,-95.04744,0.0,184.1,198.0,CAPT ANDY LAKE,,WDG4759,31,12,26,,,90,A
367539810,2022-01-05T09:57:25,29.70683,-95.04746,0.0,276.3,198.0,CAPT ANDY LAKE,,WDG4759,31,12,26,,,90,A
367539810,2022-01-05T10:11:55,29.70682,-95.04745,0.0,236.1,198.0,CAPT ANDY LAKE,,WDG4759,31,12,26,,,90,A
367539810,2022-01-05T10:03:35,29.70685,-95.04746,0.0,173.4,198.0,CAPT ANDY LAKE,,WDG4759,31,12,26,,,90,A
367539810,2022-01-05T09:59:46,29.70682,-95.04744,0.0,199.7,198.0,CAPT ANDY LAKE,,WDG4759,31,12,26,,,90,A
367539810,2022-01-05T10:15:25,29.70682,-95.04747,0.0,228.4,198.0,CAPT ANDY LAKE,,WDG4759,31,12,26,,,90,A
367539810,2022-01-05T10:04:45,29.70683,-95.04746,0.0,203.9,198.0,CAPT ANDY LAKE,,WDG4759,31,12,26,,,90,A
367539810,2022-01-05T10:07:06,29.70681,-95.04744,0.0,196.5,199.0,CAPT ANDY LAKE,,WDG4759,31,12,26,,,90,A
367539810,2022-01-05T04:03:45,29.70683,-95.04745,0.0,276.6,198.0,CAPT ANDY LAKE,,WDG4759,31,12,26,,,90,A
367539810,2022-01-05T10:22:35,29.70681,-95.04745,0.0,222.2,199.0,CAPT ANDY LAKE,,WDG4759,31,12,26,,,90,A
367539810,2022-01-05T10:24:54,29.70681,-95.04745,0.0,244.5,198.0,CAPT ANDY LAKE,,WDG4759,31,12,26,,,90,A
367539810,2022-01-05T10:31:46,29.70681,-95.04744,0.0,237.7,199.0,CAPT ANDY LAKE,,WDG4759,31,12,26,,,90,A
367539810,2022-01-05T10:13:05,29.70683,-95.04746,0.0,321.6,198.0,CAPT ANDY LAKE,,WDG4759,31,12,26,,,90,A
367539810,2022-01-05T10:18:55,29.70682,-95.04747,0.0,219.7,197.0,CAPT ANDY LAKE,,WDG4759,31,12,26,,,90,A
367539810,2022-01-05T10:28:25,29.70682,-95.04744,0.0,287.4,199.0,CAPT ANDY LAKE,,WDG4759,31,12,26,,,90,A
367539810,2022-01-05T04:06:26,29.70684,-95.04746,0.0,6.7,198.0,CAPT ANDY LAKE,,WDG4759,31,12,26,,,90,A
367539810,2022-01-05T10:21:16,29.70683,-95.04745,0.0,215.5,197.0,CAPT ANDY LAKE,,WDG4759,31,12,26,,,90,A
367539810,2022-01-05T10:14:16,29.70683,-95.04746,0.0,313.4,198.0,CAPT ANDY LAKE,,WDG4759,31,12,26,,,90,A
367539810,2022-01-05T10:17:44,29.70683,-95.04746,0.0,261.3,197.0,CAPT ANDY LAKE,,WDG4759,31,12,26,,,90,A
367539810,2022-01-05T04:07:35,29.70684,-95.04745,0.0,212.3,199.0,CAPT ANDY LAKE,,WDG4759,31,12,26,,,90,A
367539810,2022-01-05T10:23:44,29.70682,-95.04745,0.0,125.5,199.0,CAPT ANDY LAKE,,WDG4759,31,12,26,,,90,A
367539810,2022-01-05T10:35:14,29.70684,-95.04742,0.0,320.5,197.0,CAPT ANDY LAKE,,WDG4759,31,12,26,,,90,A
367539810,2022-01-05T10:44:24,29.70683,-95.04745,0.0,227.6,198.0,CAPT ANDY LAKE,,WDG4759,31,12,26,,,90,A
367539810,2022-01-05T10:27:16,29.70681,-95.04745,0.0,330.4,199.0,CAPT ANDY LAKE,,WDG4759,31,12,26,,,90,A
367539810,2022-01-05T10:29:35,29.70681,-95.04744,0.0,233.1,199.0,CAPT ANDY LAKE,,WDG4759,31,12,26,,,90,A
367539810,2022-01-05T10:43:14,29.70682,-95.04745,0.0,336.2,200.0,CAPT ANDY LAKE,,WDG4759,31,12,26,,,90,A
367539810,2022-01-05T10:30:36,29.70681,-95.04745,0.0,61.0,199.0,CAPT ANDY LAKE,,WDG4759,31,12,26,,,90,A
367539810,2022-01-05T10:36:25,29.70683,-95.04746,0.0,232.0,197.0,CAPT ANDY LAKE,,WDG4759,31,12,26,,,90,A
367539810,2022-01-05T10:37:34,29.70682,-95.04745,0.0,207.2,199.0,CAPT ANDY LAKE,,WDG4759,31,12,26,,,90,A
367539810,2022-01-05T10:32:55,29.70682,-95.04744,0.0,263.7,198.0,CAPT ANDY LAKE,,WDG4759,31,12,26,,,90,A
367539810,2022-01-05T10:46:44,29.70682,-95.04745,0.0,263.0,198.0,CAPT ANDY LAKE,,WDG4759,31,12,26,,,90,A
367539810,2022-01-05T10:42:06,29.70681,-95.04745,0.0,242.9,200.0,CAPT ANDY LAKE,,WDG4759,31,12,26,,,90,A
367539810,2022-01-05T10:51:25,29.70682,-95.04745,0.0,302.4,199.0,CAPT ANDY LAKE,,WDG4759,31,12,26,,,90,A
367539810,2022-01-05T10:38:45,29.70681,-95.04746,0.0,156.0,200.0,CAPT ANDY LAKE,,WDG4759,31,12,26,,,90,A
367539810,2022-01-05T10:57:04,29.70682,-95.04746,0.0,321.6,200.0,CAPT ANDY LAKE,,WDG4759,31,12,26,,,90,A
367539810,2022-01-05T10:41:05,29.70681,-95.04744,0.0,268.1,199.0,CAPT ANDY LAKE,,WDG4759,31,12,26,,,90,A
367539810,2022-01-05T10:58:14,29.70683,-95.04746,0.1,311.1,197.0,CAPT ANDY LAKE,,WDG4759,31,12,26,,,90,A
367539810,2022-01-05T10:34:05,29.70682,-95.04744,0.0,278.7,198.0,CAPT ANDY LAKE,,WDG4759,31,12,26,,,90,A
367539810,2022-01-05T11:02:43,29.70598,-95.04779,0.8,186.9,190.0,CAPT ANDY LAKE,,WDG4759,31,12,26,,,90,A
367539810,2022-01-05T10:45:35,29.70682,-95.04745,0.0,232.9,198.0,CAPT ANDY LAKE,,WDG4759,31,12,26,,,90,A
367539810,2022-01-05T10:47:54,29.70682,-95.04746,0.0,250.4,198.0,CAPT ANDY LAKE,,WDG4759,31,12,26,,,90,A
367539810,2022-01-05T10:39:54,29.70682,-95.04744,0.0,244.3,199.0,CAPT ANDY LAKE,,WDG4759,31,12,26,,,90,A
367539810,2022-01-05T10:53:35,29.70682,-95.04746,0.0,235.4,199.0,CAPT ANDY LAKE,,WDG4759,31,12,26,,,90,A
367539810,2022-01-05T10:49:04,29.70682,-95.04746,0.0,269.4,198.0,CAPT ANDY LAKE,,WDG4759,31,12,26,,,90,A
367539810,2022-01-05T10:50:14,29.70683,-95.04745,0.0,277.8,199.0,CAPT ANDY LAKE,,WDG4759,31,12,26,,,90,A
367539810,2022-01-05T11:04:55,29.70591,-95.04777,0.0,271.4,191.0,CAPT ANDY LAKE,,WDG4759,31,12,26,,,90,A
367539810,2022-01-05T10:52:34,29.70680,-95.04745,0.0,216.1,199.0,CAPT ANDY LAKE,,WDG4759,31,12,26,,,90,A
367539810,2022-01-05T10:54:45,29.70682,-95.04745,0.0,56.3,200.0,CAPT ANDY LAKE,,WDG4759,31,12,26,,,90,A
367539810,2022-01-05T11:09:22,29.70652,-95.04743,1.5,4.0,14.0,CAPT ANDY LAKE,,WDG4759,31,12,26,,,90,A
367539810,2022-01-05T10:59:24,29.70684,-95.04746,0.0,285.2,198.0,CAPT ANDY LAKE,,WDG4759,31,12,26,,,90,A
367539810,2022-01-05T11:16:25,29.70696,-95.04746,0.0,286.7,16.0,CAPT ANDY LAKE,,WDG4759,31,12,26,,,90,A
367539810,2022-01-05T11:17:35,29.70695,-95.04746,0.0,304.3,16.0,CAPT ANDY LAKE,,WDG4759,31,12,26,,,90,A
367539810,2022-01-05T04:22:55,29.70683,-95.04745,0.0,226.1,201.0,CAPT ANDY LAKE,,WDG4759,31,12,26,,,90,A
367539810,2022-01-05T10:55:55,29.70683,-95.04745,0.0,247.7,199.0,CAPT ANDY LAKE,,WDG4759,31,12,26,,,90,A
367539810,2022-01-05T11:18:45,29.70697,-95.04744,0.0,283.4,17.0,CAPT ANDY LAKE,,WDG4759,31,12,26,,,90,A
367539810,2022-01-05T11:07:15,29.70598,-95.04774,0.8,15.9,161.0,CAPT ANDY LAKE,,WDG4759,31,12,26,,,90,A
367539810,2022-01-05T11:22:05,29.70696,-95.04744,0.0,7.6,19.0,CAPT ANDY LAKE,,WDG4759,31,12,26,,,90,A
367539810,2022-01-05T11:11:45,29.70696,-95.04745,0.2,13.9,14.0,CAPT ANDY LAKE,,WDG4759,31,12,26,,,90,A
367539810,2022-01-05T11:03:45,29.70591,-95.04779,0.1,250.0,190.0,CAPT ANDY LAKE,,WDG4759,31,12,26,,,90,A
367539810,2022-01-05T11:14:04,29.70696,-95.04745,0.0,249.0,16.0,CAPT ANDY LAKE,,WDG4759,31,12,26,,,90,A
367539810,2022-01-05T11:10:24,29.70689,-95.04744,0.6,340.0,9.0,CAPT ANDY LAKE,,WDG4759,31,12,26,,,90,A
367539810,2022-01-05T11:24:25,29.70695,-95.04744,0.0,314.0,18.0,CAPT ANDY LAKE,,WDG4759,31,12,26,,,90,A
367539810,2022-01-05T11:12:55,29.70697,-95.04745,0.0,283.1,17.0,CAPT ANDY LAKE,,WDG4759,31,12,26,,,90,A
367539810,2022-01-05T11:08:19,29.70623,-95.04759,1.2,57.5,71.0,CAPT ANDY LAKE,,WDG4759,31,12,26,,,90,A
367539810,2022-01-05T11:28:56,29.70697,-95.04744,0.0,322.9,18.0,CAPT ANDY LAKE,,WDG4759,31,12,26,,,90,A
367539810,2022-01-05T11:23:15,29.70695,-95.04744,0.0,257.5,20.0,CAPT ANDY LAKE,,WDG4759,31,12,26,,,90,A
367539810,2022-01-05T11:38:05,29.70697,-95.04744,0.0,333.9,18.0,CAPT ANDY LAKE,,WDG4759,31,12,26,,,90,A
367539810,2022-01-05T11:26:46,29.70695,-95.04744,0.0,305.8,20.0,CAPT ANDY LAKE,,WDG4759,31,12,26,,,90,A
367539810,2022-01-05T11:27:55,29.70697,-95.04743,0.0,304.2,19.0,CAPT ANDY LAKE,,WDG4759,31,12,26,,,90,A
367539810,2022-01-05T11:32:24,29.70697,-95.04744,0.0,328.6,18.0,CAPT ANDY LAKE,,WDG4759,31,12,26,,,90,A
367539810,2022-01-05T11:31:14,29.70696,-95.04744,0.0,272.5,18.0,CAPT ANDY LAKE,,WDG4759,31,12,26,,,90,A
367539810,2022-01-05T11:33:35,29.70696,-95.04745,0.0,289.3,18.0,CAPT ANDY LAKE,,WDG4759,31,12,26,,,90,A
367539810,2022-01-05T11:30:05,29.70696,-95.04744,0.0,295.4,19.0,CAPT ANDY LAKE,,WDG4759,31,12,26,,,90,A
367539810,2022-01-05T11:35:46,29.70695,-95.04745,0.0,309.0,19.0,CAPT ANDY LAKE,,WDG4759,31,12,26,,,90,A
367539810,2022-01-05T11:34:45,29.70695,-95.04744,0.0,286.7,18.0,CAPT ANDY LAKE,,WDG4759,31,12,26,,,90,A
367539810,2022-01-05T11:56:34,29.70697,-95.04745,0.0,299.3,18.0,CAPT ANDY LAKE,,WDG4759,31,12,26,,,90,A
367539810,2022-01-05T11:57:45,29.70697,-95.04745,0.0,240.4,18.0,CAPT ANDY LAKE,,WDG4759,31,12,26,,,90,A
367539810,2022-01-05T11:36:55,29.70697,-95.04746,0.0,274.7,19.0,CAPT ANDY LAKE,,WDG4759,31,12,26,,,90,A
367539810,2022-01-05T11:43:55,29.70696,-95.04744,0.0,316.4,18.0,CAPT ANDY LAKE,,WDG4759,31,12,26,,,90,A
367539810,2022-01-05T11:54:16,29.70696,-95.04745,0.0,273.7,18.0,CAPT ANDY LAKE,,WDG4759,31,12,26,,,90,A
367539810,2022-01-05T11:47:25,29.70694,-95.04744,0.0,227.5,19.0,CAPT ANDY LAKE,,WDG4759,31,12,26,,,90,A
367539810,2022-01-05T11:39:14,29.70695,-95.04745,0.0,281.5,18.0,CAPT ANDY LAKE,,WDG4759,31,12,26,,,90,A
367539810,2022-01-05T11:49:45,29.70697,-95.04744,0.0,221.6,18.0,CAPT ANDY LAKE,,WDG4759,31,12,26,,,90,A
367539810,2022-01-05T12:04:24,29.70695,-95.04743,0.0,264.5,19.0,CAPT ANDY LAKE,,WDG4759,31,12,26,,,90,A
367539810,2022-01-05T11:42:45,29.70696,-95.04745,0.0,278.5,19.0,CAPT ANDY LAKE,,WDG4759,31,12,26,,,90,A
367539810,2022-01-05T11:50:55,29.70695,-95.04744,0.0,195.2,18.0,CAPT ANDY LAKE,,WDG4759,31,12,26,,,90,A
367539810,2022-01-05T11:40:25,29.70695,-95.04744,0.0,332.4,18.0,CAPT ANDY LAKE,,WDG4759,31,12,26,,,90,A
367539810,2022-01-05T11:45:06,29.70695,-95.04744,0.0,304.5,18.0,CAPT ANDY LAKE,,WDG4759,31,12,26,,,90,A
367539810,2022-01-05T11:46:14,29.70696,-95.04745,0.0,314.6,18.0,CAPT ANDY LAKE,,WDG4759,31,12,26,,,90,A
367539810,2022-01-05T04:42:45,29.70682,-95.04744,0.1,3.0,199.0,CAPT ANDY LAKE,,WDG4759,31,12,26,,,90,A
367539810,2022-01-05T12:12:36,29.70695,-95.04744,0.0,93.4,18.0,CAPT ANDY LAKE,,WDG4759,31,12,26,,,90,A
367539810,2022-01-05T11:52:06,29.70696,-95.04745,0.0,238.8,18.0,CAPT ANDY LAKE,,WDG4759,31,12,26,,,90,A
367539810,2022-01-05T12:00:55,29.70696,-95.04745,0.0,269.3,18.0,CAPT ANDY LAKE,,WDG4759,31,12,26,,,90,A
367539810,2022-01-05T11:48:36,29.70695,-95.04743,0.0,259.2,18.0,CAPT ANDY LAKE,,WDG4759,31,12,26,,,90,A
367539810,2022-01-05T12:18:25,29.70696,-95.04744,0.0,289.4,19.0,CAPT ANDY LAKE,,WDG4759,31,12,26,,,90,A
367539810,2022-01-05T12:02:05,29.70697,-95.04744,0.0,184.4,18.0,CAPT ANDY LAKE,,WDG4759,31,12,26,,,90,A
367539810,2022-01-05T12:11:25,29.70695,-95.04745,0.0,226.5,18.0,CAPT ANDY LAKE,,WDG4759,31,12,26,,,90,A
367539810,2022-01-05T12:19:36,29.70697,-95.04746,0.0,303.8,19.0,CAPT ANDY LAKE,,WDG4759,31,12,26,,,90,A
367539810,2022-01-05T12:05:35,29.70695,-95.04744,0.0,273.8,20.0,CAPT ANDY LAKE,,WDG4759,31,12,26,,,90,A
367539810,2022-01-05T11:55:24,29.70697,-95.04746,0.0,237.3,17.0,CAPT ANDY LAKE,,WDG4759,31,12,26,,,90,A
367539810,2022-01-05T12:10:14,29.70696,-95.04744,0.0,314.9,17.0,CAPT ANDY LAKE,,WDG4759,31,12,26,,,90,A
367539810,2022-01-05T12:25:24,29.70697,-95.04745,0.0,314.6,17.0,CAPT ANDY LAKE,,WDG4759,31,12,26,,,90,A
367539810,2022-01-05T12:03:16,29.70695,-95.04743,0.0,211.5,19.0,CAPT ANDY LAKE,,WDG4759,31,12,26,,,90,A
367539810,2022-01-05T12:09:04,29.70696,-95.04745,0.0,276.8,18.0,CAPT ANDY LAKE,,WDG4759,31,12,26,,,90,A
367539810,2022-01-05T12:26:35,29.70696,-95.04744,0.0,18.6,17.0,CAPT ANDY LAKE,,WDG4759,31,12,26,,,90,A
367539810,2022-01-05T12:13:45,29.70696,-95.04744,0.0,278.2,19.0,CAPT ANDY LAKE,,WDG4759,31,12,26,,,90,A
367539810,2022-01-05T12:07:55,29.70696,-95.04744,0.0,293.8,18.0,CAPT ANDY LAKE,,WDG4759,31,12,26,,,90,A
367539810,2022-01-05T12:24:16,29.70697,-95.04745,0.0,234.7,17.0,CAPT ANDY LAKE,,WDG4759,31,12,26,,,90,A
367539810,2022-01-05T04:47:25,29.70682,-95.04745,0.0,242.9,200.0,CAPT ANDY LAKE,,WDG4759,31,12,26,,,90,A
367539810,2022-01-05T12:21:55,29.70697,-95.04744,0.0,259.5,17.0,CAPT ANDY LAKE,,WDG4759,31,12,26,,,90,A
367539810,2022-01-05T12:20:45,29.70697,-95.04745,0.1,327.7,17.0,CAPT ANDY LAKE,,WDG4759,31,12,26,,,90,A
367539810,2022-01-05T12:16:04,29.70695,-95.04743,0.0,343.8,19.0,CAPT ANDY LAKE,,WDG4759,31,12,26,,,90,A
367539810,2022-01-05T12:14:56,29.70696,-95.04743,0.0,189.3,19.0,CAPT ANDY LAKE,,WDG4759,31,12,26,,,90,A
367539810,2022-01-05T12:17:16,29.70695,-95.04744,0.0,238.4,19.0,CAPT ANDY LAKE,,WDG4759,31,12,26,,,90,A
367539810,2022-01-05T12:28:55,29.70695,-95.04744,0.0,238.7,20.0,CAPT ANDY LAKE,,WDG4759,31,12,26,,,90,A
367539810,2022-01-05T12:23:04,29.70697,-95.04745,0.0,343.8,17.0,CAPT ANDY LAKE,,WDG4759,31,12,26,,,90,A
367539810,2022-01-05T12:31:06,29.70695,-95.04744,0.0,299.2,20.0,CAPT ANDY LAKE,,WDG4759,31,12,26,,,90,A
367539810,2022-01-05T12:32:14,29.70695,-95.04744,0.0,272.6,19.0,CAPT ANDY LAKE,,WDG4759,31,12,26,,,90,A
367539810,2022-01-05T12:34:34,29.70695,-95.04745,0.0,353.7,19.0,CAPT ANDY LAKE,,WDG4759,31,12,26,,,90,A
367539810,2022-01-05T12:42:46,29.70698,-95.04746,0.0,38.8,18.0,CAPT ANDY LAKE,,WDG4759,31,12,26,,,90,A
367539810,2022-01-05T12:43:55,29.70698,-95.04745,0.0,221.7,17.0,CAPT ANDY LAKE,,WDG4759,31,12,26,,,90,A
367539810,2022-01-05T12:30:05,29.70695,-95.04743,0.0,302.6,19.0,CAPT ANDY LAKE,,WDG4759,31,12,26,,,90,A
367539810,2022-01-05T12:36:54,29.70695,-95.04744,0.0,242.5,19.0,CAPT ANDY LAKE,,WDG4759,31,12,26,,,90,A
367539810,2022-01-05T04:53:14,29.70682,-95.04746,0.0,296.6,198.0,CAPT ANDY LAKE,,WDG4759,31,12,26,,,90,A
367539810,2022-01-05T12:38:05,29.70696,-95.04744,0.0,337.5,17.0,CAPT ANDY LAKE,,WDG4759,31,12,26,,,90,A
367539810,2022-01-05T12:39:16,29.70697,-95.04742,0.0,280.6,17.0,CAPT ANDY LAKE,,WDG4759,31,12,26,,,90,A
367539810,2022-01-05T13:00:15,29.70696,-95.04745,0.0,261.5,18.0,CAPT ANDY LAKE,,WDG4759,31,12,26,,,90,A
367539810,2022-01-05T12:41:36,29.70698,-95.04746,0.0,238.0,17.0,CAPT ANDY LAKE,,WDG4759,31,12,26,,,90,A
367539810,2022-01-05T12:40:24,29.70698,-95.04743,0.0,267.7,17.0,CAPT ANDY LAKE,,WDG4759,31,12,26,,,90,A
367539810,2022-01-05T12:45:05,29.70698,-95.04744,0.0,105.7,19.0,CAPT ANDY LAKE,,WDG4759,31,12,26,,,90,A
367539810,2022-01-05T12:46:14,29.70697,-95.04744,0.0,265.6,18.0,CAPT ANDY LAKE,,WDG4759,31,12,26,,,90,A
367539810,2022-01-05T12:47:24,29.70697,-95.04745,0.1,211.7,19.0,CAPT ANDY LAKE,,WDG4759,31,12,26,,,90,A
367539810,2022-01-05T12:35:45,29.70696,-95.04745,0.0,220.0,18.0,CAPT ANDY LAKE,,WDG4759,31,12,26,,,90,A
367539810,2022-01-05T12:58:36,29.70695,-95.04743,0.1,344.3,18.0,CAPT ANDY LAKE,,WDG4759,31,12,26,,,90,A
367539810,2022-01-05T12:50:55,29.70696,-95.04745,0.0,256.1,19.0,CAPT ANDY LAKE,,WDG4759,31,12,26,,,90,A
367539810,2022-01-05T12:52:04,29.70696,-95.04746,0.0,194.6,16.0,CAPT ANDY LAKE,,WDG4759,31,12,26,,,90,A
367539810,2022-01-05T12:54:15,29.70696,-95.04744,0.0,125.0,17.0,CAPT ANDY LAKE,,WDG4759,31,12,26,,,90,A
367539810,2022-01-05T12:55:16,29.70696,-95.04745,0.1,186.7,19.0,CAPT ANDY LAKE,,WDG4759,31,12,26,,,90,A
367539810,2022-01-05T12:56:24,29.70696,-95.04744,0.0,346.0,19.0,CAPT ANDY LAKE,,WDG4759,31,12,26,,,90,A
367539810,2022-01-05T12:48:35,29.70695,-95.04744,0.0,291.0,18.0,CAPT ANDY LAKE,,WDG4759,31,12,26,,,90,A
367539810,2022-01-05T13:15:26,29.70697,-95.04748,0.0,245.6,17.0,CAPT ANDY LAKE,,WDG4759,31,12,26,,,90,A
367539810,2022-01-05T12:49:45,29.70696,-95.04745,0.0,325.4,19.0,CAPT ANDY LAKE,,WDG4759,31,12,26,,,90,A
367539810,2022-01-05T13:09:36,29.70693,-95.04743,0.0,298.9,21.0,CAPT ANDY LAKE,,WDG4759,31,12,26,,,90,A
367539810,2022-01-05T12:59:44,29.70696,-95.04744,0.0,222.9,18.0,CAPT ANDY LAKE,,WDG4759,31,12,26,,,90,A
367539810,2022-01-05T13:18:55,29.70698,-95.04746,0.0,262.2,16.0,CAPT ANDY LAKE,,WDG4759,31,12,26,,,90,A
367539810,2022-01-05T13:19:56,29.70696,-95.04744,0.0,348.6,18.0,CAPT ANDY LAKE,,WDG4759,31,12,26,,,90,A
367539810,2022-01-05T13:11:55,29.70695,-95.04745,0.1,306.8,18.0,CAPT ANDY LAKE,,WDG4759,31,12,26,,,90,A
367539810,2022-01-05T13:02:36,29.70695,-95.04746,0.0,304.1,17.0,CAPT ANDY LAKE,,WDG4759,31,12,26,,,90,A
367539810,2022-01-05T13:01:24,29.70695,-95.04745,0.0,278.2,18.0,CAPT ANDY LAKE,,WDG4759,31,12,26,,,90,A
367539810,2022-01-05T13:03:45,29.70696,-95.04745,0.0,355.9,17.0,CAPT ANDY LAKE,,WDG4759,31,12,26,,,90,A
367539810,2022-01-05T13:04:56,29.70694,-95.04744,0.0,170.6,17.0,CAPT ANDY LAKE,,WDG4759,31,12,26,,,90,A
367539810,2022-01-05T13:26:44,29.70697,-95.04746,0.0,221.3,17.0,CAPT ANDY LAKE,,WDG4759,31,12,26,,,90,A
367539810,2022-01-05T13:06:06,29.70695,-95.04744,0.0,350.9,19.0,CAPT ANDY LAKE,,WDG4759,31,12,26,,,90,A
367539810,2022-01-05T13:31:25,29.70697,-95.04747,0.0,178.3,17.0,CAPT ANDY LAKE,,WDG4759,31,12,26,,,90,A
367539810,2022-01-05T13:13:05,29.70696,-95.04746,0.0,190.3,17.0,CAPT ANDY LAKE,,WDG4759,31,12,26,,,90,A
367539810,2022-01-05T13:32:26,29.70697,-95.04746,0.0,263.4,17.0,CAPT ANDY LAKE,,WDG4759,31,12,26,,,90,A
367539810,2022-01-05T13:35:46,29.70696,-95.04745,0.0,216.3,17.0,CAPT ANDY LAKE,,WDG4759,31,12,26,,,90,A
367539810,2022-01-05T13:14:16,29.70697,-95.04745,0.1,334.7,18.0,CAPT ANDY LAKE,,WDG4759,31,12,26,,,90,A
367539810,2022-01-05T13:08:25,29.70694,-95.04743,0.0,341.8,19.0,CAPT ANDY LAKE,,WDG4759,31,12,26,,,90,A
367539810,2022-01-05T13:29:05,29.70697,-95.04746,0.0,170.9,16.0,CAPT ANDY LAKE,,WDG4759,31,12,26,,,90,A
367539810,2022-01-05T13:17:45,29.70699,-95.04746,0.0,252.5,17.0,CAPT ANDY LAKE,,WDG4759,31,12,26,,,90,A
367539810,2022-01-05T13:21:06,29.70695,-95.04743,0.0,194.0,19.0,CAPT ANDY LAKE,,WDG4759,31,12,26,,,90,A
367539810,2022-01-05T13:10:44,29.70694,-95.04743,0.0,263.4,19.0,CAPT ANDY LAKE,,WDG4759,31,12,26,,,90,A
367539810,2022-01-05T13:22:15,29.70695,-95.04744,0.0,90.2,19.0,CAPT ANDY LAKE,,WDG4759,31,12,26,,,90,A
367539810,2022-01-05T13:23:16,29.70695,-95.04744,0.0,211.5,20.0,CAPT ANDY LAKE,,WDG4759,31,12,26,,,90,A
367539810,2022-01-05T13:25:35,29.70696,-95.04745,0.0,307.8,18.0,CAPT ANDY LAKE,,WDG4759,31,12,26,,,90,A
367539810,2022-01-05T13:24:25,29.70695,-95.04744,0.0,339.8,20.0,CAPT ANDY LAKE,,WDG4759,31,12,26,,,90,A
367539810,2022-01-05T13:51:44,29.70696,-95.04745,0.0,277.6,17.0,CAPT ANDY LAKE,,WDG4759,31,12,26,,,90,A
367539810,2022-01-05T13:33:36,29.70697,-95.04746,0.0,349.0,17.0,CAPT ANDY LAKE,,WDG4759,31,12,26,,,90,A
367539810,2022-01-05T13:36:55,29.70697,-95.04744,0.0,336.5,17.0,CAPT ANDY LAKE,,WDG4759,31,12,26,,,90,A
367539810,2022-01-05T13:27:54,29.70696,-95.04746,0.0,320.0,17.0,CAPT ANDY LAKE,,WDG4759,31,12,26,,,90,A
367539810,2022-01-05T13:40:16,29.70696,-95.04744,0.0,160.7,18.0,CAPT ANDY LAKE,,WDG4759,31,12,26,,,90,A
367539810,2022-01-05T13:30:15,29.70697,-95.04746,0.0,72.6,17.0,CAPT ANDY LAKE,,WDG4759,31,12,26,,,90,A
367539810,2022-01-05T13:59:54,29.70696,-95.04744,0.0,126.2,17.0,CAPT ANDY LAKE,,WDG4759,31,12,26,,,90,A
367539810,2022-01-05T13:39:05,29.70697,-95.04746,0.0,35.6,17.0,CAPT ANDY LAKE,,WDG4759,31,12,26,,,90,A
367539810,2022-01-05T13:42:35,29.70696,-95.04744,0.0,196.4,19.0,CAPT ANDY LAKE,,WDG4759,31,12,26,,,90,A
367539810,2022-01-05T13:46:04,29.70695,-95.04744,0.0,297.8,18.0,CAPT ANDY LAKE,,WDG4759,31,12,26,,,90,A
367539810,2022-01-05T13:38:04,29.70695,-95.04746,0.0,196.5,18.0,CAPT ANDY LAKE,,WDG4759,31,12,26,,,90,A
367539810,2022-01-05T13:43:46,29.70696,-95.04744,0.0,344.4,19.0,CAPT ANDY LAKE,,WDG4759,31,12,26,,,90,A
367539810,2022-01-05T13:44:54,29.70697,-95.04744,0.0,296.7,18.0,CAPT ANDY LAKE,,WDG4759,31,12,26,,,90,A
367539810,2022-01-05T13:50:36,29.70696,-95.04744,0.0,296.5,19.0,CAPT ANDY LAKE,,WDG4759,31,12,26,,,90,A
367539810,2022-01-05T13:56:25,29.70697,-95.04746,0.0,205.5,17.0,CAPT ANDY LAKE,,WDG4759,31,12,26,,,90,A
367539810,2022-01-05T13:54:05,29.70697,-95.04746,0.0,282.5,16.0,CAPT ANDY LAKE,,WDG4759,31,12,26,,,90,A
367539810,2022-01-05T13:55:15,29.70697,-95.04745,0.0,14.3,17.0,CAPT ANDY LAKE,,WDG4759,31,12,26,,,90,A
367539810,2022-01-05T13:49:25,29.70696,-95.04745,0.0,357.9,19.0,CAPT ANDY LAKE,,WDG4759,31,12,26,,,90,A
367539810,2022-01-05T13:47:05,29.70696,-95.04745,0.0,130.7,18.0,CAPT ANDY LAKE,,WDG4759,31,12,26,,,90,A
367539810,2022-01-05T14:11:35,29.70695,-95.04745,0.0,243.5,19.0,CAPT ANDY LAKE,,WDG4759,31,12,26,,,90,A
367539810,2022-01-05T14:02:16,29.70696,-95.04745,0.0,188.7,20.0,CAPT ANDY LAKE,,WDG4759,31,12,26,,,90,A
367539810,2022-01-05T14:01:14,29.70698,-95.04744,0.0,152.7,19.0,CAPT ANDY LAKE,,WDG4759,31,12,26,,,90,A
367539810,2022-01-05T14:06:55,29.70696,-95.04745,0.0,333.3,18.0,CAPT ANDY LAKE,,WDG4759,31,12,26,,,90,A
367539810,2022-01-05T14:25:26,29.70696,-95.04746,0.0,50.5,19.0,CAPT ANDY LAKE,,WDG4759,31,12,26,,,90,A
367539810,2022-01-05T14:09:16,29.70698,-95.04747,0.0,320.3,17.0,CAPT ANDY LAKE,,WDG4759,31,12,26,,,90,A
367539810,2022-01-05T14:15:05,29.70696,-95.04745,0.0,216.5,19.0,CAPT ANDY LAKE,,WDG4759,31,12,26,,,90,A
367539810,2022-01-05T14:03:25,29.70696,-95.04745,0.0,342.7,19.0,CAPT ANDY LAKE,,WDG4759,31,12,26,,,90,A
367539810,2022-01-05T14:04:36,29.70696,-95.04744,0.0,279.3,19.0,CAPT ANDY LAKE,,WDG4759,31,12,26,,,90,A
367539810,2022-01-05T14:12:44,29.70696,-95.04745,0.0,92.9,18.0,CAPT ANDY LAKE,,WDG4759,31,12,26,,,90,A
367539810,2022-01-05T14:08:04,29.70697,-95.04746,0.0,336.7,16.0,CAPT ANDY LAKE,,WDG4759,31,12,26,,,90,A
367539810,2022-01-05T14:19:35,29.70696,-95.04746,0.0,234.8,17.0,CAPT ANDY LAKE,,WDG4759,31,12,26,,,90,A
367539810,2022-01-05T14:10:26,29.70698,-95.04747,0.0,234.4,18.0,CAPT ANDY LAKE,,WDG4759,31,12,26,,,90,A
367539810,2022-01-05T14:20:46,29.70696,-95.04747,0.0,310.0,17.0,CAPT ANDY LAKE,,WDG4759,31,12,26,,,90,A
367539810,2022-01-05T14:18:24,29.70697,-95.04745,0.0,265.5,18.0,CAPT ANDY LAKE,,WDG4759,31,12,26,,,90,A
367539810,2022-01-05T14:23:06,29.70696,-95.04745,0.0,175.7,16.0,CAPT ANDY LAKE,,WDG4759,31,12,26,,,90,A
367539810,2022-01-05T14:16:14,29.70696,-95.04745,0.0,258.8,18.0,CAPT ANDY LAKE,,WDG4759,31,12,26,,,90,A
367539810,2022-01-05T14:17:15,29.70695,-95.04745,0.0,244.8,18.0,CAPT ANDY LAKE,,WDG4759,31,12,26,,,90,A
367539810,2022-01-05T14:36:56,29.70697,-95.04745,0.0,181.2,18.0,CAPT ANDY LAKE,,WDG4759,31,12,26,,,90,A
367539810,2022-01-05T14:26:36,29.70694,-95.04745,0.0,166.8,18.0,CAPT ANDY LAKE,,WDG4759,31,12,26,,,90,A
367539810,2022-01-05T14:39:15,29.70697,-95.04743,0.0,202.9,19.0,CAPT ANDY LAKE,,WDG4759,31,12,26,,,90,A
367539810,2022-01-05T14:32:16,29.70696,-95.04745,0.0,175.9,16.0,CAPT ANDY LAKE,,WDG4759,31,12,26,,,90,A
367539810,2022-01-05T14:24:15,29.70695,-95.04744,0.0,193.3,18.0,CAPT ANDY LAKE,,WDG4759,31,12,26,,,90,A
367539810,2022-01-05T14:33:25,29.70697,-95.04746,0.0,230.7,16.0,CAPT ANDY LAKE,,WDG4759,31,12,26,,,90,A
367539810,2022-01-05T14:47:14,29.70698,-95.04744,0.0,220.1,19.0,CAPT ANDY LAKE,,WDG4759,31,12,26,,,90,A
367539810,2022-01-05T14:34:34,29.70696,-95.04746,0.0,209.1,18.0,CAPT ANDY LAKE,,WDG4759,31,12,26,,,90,A
367539810,2022-01-05T14:44:56,29.70696,-95.04744,0.0,289.6,17.0,CAPT ANDY LAKE,,WDG4759,31,12,26,,,90,A
367539810,2022-01-05T14:27:46,29.70694,-95.04744,0.0,212.9,19.0,CAPT ANDY LAKE,,WDG4759,31,12,26,,,90,A
367539810,2022-01-05T14:46:05,29.70698,-95.04744,0.0,240.7,17.0,CAPT ANDY LAKE,,WDG4759,31,12,26,,,90,A
367539810,2022-01-05T05:38:14,29.70682,-95.04746,0.0,162.8,198.0,CAPT ANDY LAKE,,WDG4759,31,12,26,,,90,A
367539810,2022-01-05T14:31:06,29.70697,-95.04747,0.1,335.8,17.0,CAPT ANDY LAKE,,WDG4759,31,12,26,,,90,A
367539810,2022-01-05T14:38:05,29.70696,-95.04744,0.0,177.2,18.0,CAPT ANDY LAKE,,WDG4759,31,12,26,,,90,A
367539810,2022-01-05T14:28:55,29.70694,-95.04745,0.0,294.2,18.0,CAPT ANDY LAKE,,WDG4759,31,12,26,,,90,A
367539810,2022-01-05T14:30:05,29.70695,-95.04746,0.0,293.3,18.0,CAPT ANDY LAKE,,WDG4759,31,12,26,,,90,A
367539810,2022-01-05T14:51:54,29.70696,-95.04743,0.0,227.3,19.0,CAPT ANDY LAKE,,WDG4759,31,12,26,,,90,A
367539810,2022-01-05T14:53:06,29.70696,-95.04746,0.0,281.7,19.0,CAPT ANDY LAKE,,WDG4759,31,12,26,,,90,A
367539810,2022-01-05T14:41:26,29.70697,-95.04744,0.0,309.1,19.0,CAPT ANDY LAKE,,WDG4759,31,12,26,,,90,A
367539810,2022-01-05T14:43:45,29.70698,-95.04742,0.0,277.2,18.0,CAPT ANDY LAKE,,WDG4759,31,12,26,,,90,A
367539810,2022-01-05T14:49:35,29.70700,-95.04742,0.0,245.4,17.0,CAPT ANDY LAKE,,WDG4759,31,12,26,,,90,A
367539810,2022-01-05T14:40:25,29.70695,-95.04743,0.0,283.4,19.0,CAPT ANDY LAKE,,WDG4759,31,12,26,,,90,A
367539810,2022-01-05T14:42:36,29.70699,-95.04743,0.0,291.7,18.0,CAPT ANDY LAKE,,WDG4759,31,12,26,,,90,A
367539810,2022-01-05T15:04:56,29.70697,-95.04745,0.0,285.1,15.0,CAPT ANDY LAKE,,WDG4759,31,12,26,,,90,A
367539810,2022-01-05T05:45:35,29.70681,-95.04745,0.0,345.0,202.0,CAPT ANDY LAKE,,WDG4759,31,12,26,,,90,A
367539810,2022-01-05T14:48:26,29.70699,-95.04743,0.0,208.5,17.0,CAPT ANDY LAKE,,WDG4759,31,12,26,,,90,A
367539810,2022-01-05T15:07:16,29.70698,-95.04745,0.0,206.7,15.0,CAPT ANDY LAKE,,WDG4759,31,12,26,,,90,A
367539810,2022-01-05T14:57:45,29.70698,-95.04746,0.0,189.8,17.0,CAPT ANDY LAKE,,WDG4759,31,12,26,,,90,A
367539810,2022-01-05T14:54:15,29.70697,-95.04746,0.0,261.7,17.0,CAPT ANDY LAKE,,WDG4759,31,12,26,,,90,A
367539810,2022-01-05T14:58:54,29.70697,-95.04745,0.0,117.2,16.0,CAPT ANDY LAKE,,WDG4759,31,12,26,,,90,A
367539810,2022-01-05T14:56:35,29.70698,-95.04747,0.0,201.4,16.0,CAPT ANDY LAKE,,WDG4759,31,12,26,,,90,A
367539810,2022-01-05T15:02:36,29.70699,-95.04744,0.0,261.2,19.0,CAPT ANDY LAKE,,WDG4759,31,12,26,,,90,A
367539810,2022-01-05T14:55:25,29.70698,-95.04746,0.0,304.4,16.0,CAPT ANDY LAKE,,WDG4759,31,12,26,,,90,A
367539810,2022-01-05T15:16:36,29.70697,-95.04745,0.0,272.3,17.0,CAPT ANDY LAKE,,WDG4759,31,12,26,,,90,A
367539810,2022-01-05T14:59:56,29.70697,-95.04744,0.0,188.3,17.0,CAPT ANDY LAKE,,WDG4759,31,12,26,,,90,A
367539810,2022-01-05T15:06:05,29.70697,-95.04747,0.0,290.5,18.0,CAPT ANDY LAKE,,WDG4759,31,12,26,,,90,A
367539810,2022-01-05T15:17:46,29.70698,-95.04745,0.0,272.0,16.0,CAPT ANDY LAKE,,WDG4759,31,12,26,,,90,A
367539810,2022-01-05T15:00:15,29.70696,-95.04744,0.0,181.9,18.0,CAPT ANDY LAKE,,WDG4759,31,12,26,,,90,A
367539810,2022-01-05T05:52:16,29.70683,-95.04743,0.0,5.1,199.0,CAPT ANDY LAKE,,WDG4759,31,12,26,,,90,A
367539810,2022-01-05T15:01:24,29.70697,-95.04744,0.0,252.4,19.0,CAPT ANDY LAKE,,WDG4759,31,12,26,,,90,A
367539810,2022-01-05T15:22:24,29.70696,-95.04744,0.0,174.3,19.0,CAPT ANDY LAKE,,WDG4759,31,12,26,,,90,A
367539810,2022-01-05T15:03:46,29.70698,-95.04744,0.0,290.4,18.0,CAPT ANDY LAKE,,WDG4759,31,12,26,,,90,A
367539810,2022-01-05T15:13:05,29.70696,-95.04744,0.0,280.9,19.0,CAPT ANDY LAKE,,WDG4759,31,12,26,,,90,A
367539810,2022-01-05T15:15:24,29.70697,-95.04744,0.0,296.6,17.0,CAPT ANDY LAKE,,WDG4759,31,12,26,,,90,A
367539810,2022-01-05T15:11:54,29.70697,-95.04744,0.0,178.6,18.0,CAPT ANDY LAKE,,WDG4759,31,12,26,,,90,A
367539810,2022-01-05T15:29:05,29.70697,-95.04745,0.0,310.8,17.0,CAPT ANDY LAKE,,WDG4759,31,12,26,,,90,A
367539810,2022-01-05T15:08:24,29.70697,-95.04744,0.0,194.7,15.0,CAPT ANDY LAKE,,WDG4759,31,12,26,,,90,A
367539810,2022-01-05T15:30:15,29.70696,-95.04746,0.0,332.3,17.0,CAPT ANDY LAKE,,WDG4759,31,12,26,,,90,A
367539810,2022-01-05T15:09:35,29.70697,-95.04745,0.0,188.3,16.0,CAPT ANDY LAKE,,WDG4759,31,12,26,,,90,A
367539810,2022-01-05T15:31:25,29.70697,-95.04746,0.0,296.6,17.0,CAPT ANDY LAKE,,WDG4759,31,12,26,,,90,A
367539810,2022-01-05T15:10:45,29.70698,-95.04744,0.0,178.4,17.0,CAPT ANDY LAKE,,WDG4759,31,12,26,,,90,A
367539810,2022-01-05T15:18:54,29.70698,-95.04744,0.0,240.5,16.0,CAPT ANDY LAKE,,WDG4759,31,12,26,,,90,A
367539810,2022-01-05T15:21:15,29.70696,-95.04745,0.0,165.7,18.0,CAPT ANDY LAKE,,WDG4759,31,12,26,,,90,A
367539810,2022-01-05T05:55:46,29.70682,-95.04746,0.0,203.6,198.0,CAPT ANDY LAKE,,WDG4759,31,12,26,,,90,A
367539810,2022-01-05T15:25:44,29.70696,-95.04744,0.0,284.0,19.0,CAPT ANDY LAKE,,WDG4759,31,12,26,,,90,A
367539810,2022-01-05T15:26:46,29.70698,-95.04744,0.0,315.9,18.0,CAPT ANDY LAKE,,WDG4759,31,12,26,,,90,A
367539810,2022-01-05T15:40:25,29.70695,-95.04745,0.0,211.3,17.0,CAPT ANDY LAKE,,WDG4759,31,12,26,,,90,A
367539810,2022-01-05T15:20:05,29.70697,-95.04745,0.0,160.5,16.0,CAPT ANDY LAKE,,WDG4759,31,12,26,,,90,A
367539810,2022-01-05T15:41:34,29.70697,-95.04746,0.0,339.2,17.0,CAPT ANDY LAKE,,WDG4759,31,12,26,,,90,A
367539810,2022-01-05T15:24:35,29.70696,-95.04744,0.0,321.8,18.0,CAPT ANDY LAKE,,WDG4759,31,12,26,,,90,A
367539810,2022-01-05T15:32:35,29.70697,-95.04745,0.0,354.9,18.0,CAPT ANDY LAKE,,WDG4759,31,12,26,,,90,A
367539810,2022-01-05T15:49:34,29.70696,-95.04744,0.1,307.1,19.0,CAPT ANDY LAKE,,WDG4759,31,12,26,,,90,A
367539810,2022-01-05T15:36:04,29.70693,-95.04742,0.0,312.8,19.0,CAPT ANDY LAKE,,WDG4759,31,12,26,,,90,A
367539810,2022-01-05T15:37:06,29.70696,-95.04743,0.0,326.5,19.0,CAPT ANDY LAKE,,WDG4759,31,12,26,,,90,A
367539810,2022-01-05T15:38:14,29.70696,-95.04743,0.1,323.8,19.0,CAPT ANDY LAKE,,WDG4759,31,12,26,,,90,A
367539810,2022-01-05T15:53:04,29.70697,-95.04745,0.0,131.0,17.0,CAPT ANDY LAKE,,WDG4759,31,12,26,,,90,A
367539810,2022-01-05T15:39:15,29.70697,-95.04744,0.0,207.3,17.0,CAPT ANDY LAKE,,WDG4759,31,12,26,,,90,A
367539810,2022-01-05T06:07:15,29.70681,-95.04746,0.1,253.9,198.0,CAPT ANDY LAKE,,WDG4759,31,12,26,,,90,A
367539810,2022-01-05T15:34:55,29.70694,-95.04744,0.0,165.6,19.0,CAPT ANDY LAKE,,WDG4759,31,12,26,,,90,A
367539810,2022-01-05T15:46:14,29.70695,-95.04743,0.0,157.2,18.0,CAPT ANDY LAKE,,WDG4759,31,12,26,,,90,A
367539810,2022-01-05T15:43:55,29.70697,-95.04744,0.0,219.6,17.0,CAPT ANDY LAKE,,WDG4759,31,12,26,,,90,A
367539810,2022-01-05T15:59:56,29.70696,-95.04743,0.0,227.6,18.0,CAPT ANDY LAKE,,WDG4759,31,12,26,,,90,A
367539810,2022-01-05T16:00:14,29.70696,-95.04743,0.0,204.9,18.0,CAPT ANDY LAKE,,WDG4759,31,12,26,,,90,A
367539810,2022-01-05T15:42:45,29.70697,-95.04745,0.0,6.5,17.0,CAPT ANDY LAKE,,WDG4759,31,12,26,,,90,A
367539810,2022-01-05T16:01:25,29.70697,-95.04744,0.0,316.6,18.0,CAPT ANDY LAKE,,WDG4759,31,12,26,,,90,A
367539810,2022-01-05T15:51:56,29.70697,-95.04745,0.0,17.9,16.0,CAPT ANDY LAKE,,WDG4759,31,12,26,,,90,A
367539810,2022-01-05T15:45:04,29.70697,-95.04745,0.0,74.3,17.0,CAPT ANDY LAKE,,WDG4759,31,12,26,,,90,A
367539810,2022-01-05T06:13:05,29.70683,-95.04745,0.1,198.3,200.0,CAPT ANDY LAKE,,WDG4759,31,12,26,,,90,A
367539810,2022-01-05T15:55:25,29.70697,-95.04743,0.0,196.7,19.0,CAPT ANDY LAKE,,WDG4759,31,12,26,,,90,A
367539810,2022-01-05T15:50:46,29.70696,-95.04745,0.0,298.5,17.0,CAPT ANDY LAKE,,WDG4759,31,12,26,,,90,A
367539810,2022-01-05T15:57:45,29.70696,-95.04743,0.0,311.0,20.0,CAPT ANDY LAKE,,WDG4759,31,12,26,,,90,A
367539810,2022-01-05T15:54:14,29.70696,-95.04743,0.0,169.2,18.0,CAPT ANDY LAKE,,WDG4759,31,12,26,,,90,A
367539810,2022-01-05T15:48:25,29.70694,-95.04744,0.0,208.1,20.0,CAPT ANDY LAKE,,WDG4759,31,12,26,,,90,A
367539810,2022-01-05T16:02:34,29.70697,-95.04744,0.0,247.8,17.0,CAPT ANDY LAKE,,WDG4759,31,12,26,,,90,A
367539810,2022-01-05T15:56:34,29.70695,-95.04743,0.0,236.5,19.0,CAPT ANDY LAKE,,WDG4759,31,12,26,,,90,A
367539810,2022-01-05T16:06:05,29.70699,-95.04745,0.0,173.5,17.0,CAPT ANDY LAKE,,WDG4759,31,12,26,,,90,A
367539810,2022-01-05T16:04:56,29.70698,-95.04745,0.0,172.8,17.0,CAPT ANDY LAKE,,WDG4759,31,12,26,,,90,A
367539810,2022-01-05T16:03:45,29.70699,-95.04745,0.0,346.4,17.0,CAPT ANDY LAKE,,WDG4759,31,12,26,,,90,A
367539810,2022-01-05T15:58:55,29.70696,-95.04743,0.0,263.0,18.0,CAPT ANDY LAKE,,WDG4759,31,12,26,,,90,A
367539810,2022-01-05T16:18:46,29.70697,-95.04744,0.0,326.2,17.0,CAPT ANDY LAKE,,WDG4759,31,12,26,,,90,A
367539810,2022-01-05T16:07:14,29.70696,-95.04744,0.0,8.5,18.0,CAPT ANDY LAKE,,WDG4759,31,12,26,,,90,A
367539810,2022-01-05T16:08:25,29.70697,-95.04743,0.0,130.9,16.0,CAPT ANDY LAKE,,WDG4759,31,12,26,,,90,A
367539810,2022-01-05T16:22:15,29.70696,-95.04743,0.0,171.2,17.0,CAPT ANDY LAKE,,WDG4759,31,12,26,,,90,A
367539810,2022-01-05T16:24:25,29.70696,-95.04743,0.0,319.7,18.0,CAPT ANDY LAKE,,WDG4759,31,12,26,,,90,A
367539810,2022-01-05T16:10:45,29.70696,-95.04743,0.1,175.4,17.0,CAPT ANDY LAKE,,WDG4759,31,12,26,,,90,A
367539810,2022-01-05T16:11:56,29.70697,-95.04743,0.0,205.6,18.0,CAPT ANDY LAKE,,WDG4759,31,12,26,,,90,A
367539810,2022-01-05T16:25:36,29.70695,-95.04743,0.0,271.7,19.0,CAPT ANDY LAKE,,WDG4759,31,12,26,,,90,A
367539810,2022-01-05T16:26:45,29.70696,-95.04744,0.0,342.2,18.0,CAPT ANDY LAKE,,WDG4759,31,12,26,,,90,A
367539810,2022-01-05T16:13:05,29.70696,-95.04744,0.0,203.7,18.0,CAPT ANDY LAKE,,WDG4759,31,12,26,,,90,A
367539810,2022-01-05T16:09:34,29.70696,-95.04744,0.0,143.7,18.0,CAPT ANDY LAKE,,WDG4759,31,12,26,,,90,A
367539810,2022-01-05T16:14:14,29.70697,-95.04744,0.0,275.5,18.0,CAPT ANDY LAKE,,WDG4759,31,12,26,,,90,A
367539810,2022-01-05T16:21:05,29.70695,-95.04744,0.0,84.6,17.0,CAPT ANDY LAKE,,WDG4759,31,12,26,,,90,A
367539810,2022-01-05T16:17:36,29.70697,-95.04744,0.0,189.9,18.0,CAPT ANDY LAKE,,WDG4759,31,12,26,,,90,A
367539810,2022-01-05T06:18:54,29.70682,-95.04745,0.1,198.7,199.0,CAPT ANDY LAKE,,WDG4759,31,12,26,,,90,A
367539810,2022-01-05T16:19:55,29.70696,-95.04744,0.0,224.1,17.0,CAPT ANDY LAKE,,WDG4759,31,12,26,,,90,A
367539810,2022-01-05T16:15:25,29.70697,-95.04744,0.0,304.6,18.0,CAPT ANDY LAKE,,WDG4759,31,12,26,,,90,A
367539810,2022-01-05T16:27:55,29.70697,-95.04744,0.1,306.5,18.0,CAPT ANDY LAKE,,WDG4759,31,12,26,,,90,A
367539810,2022-01-05T16:29:05,29.70696,-95.04744,0.0,258.3,19.0,CAPT ANDY LAKE,,WDG4759,31,12,26,,,90,A
367539810,2022-01-05T16:30:15,29.70696,-95.04745,0.0,165.3,17.0,CAPT ANDY LAKE,,WDG4759,31,12,26,,,90,A
367539810,2022-01-05T16:31:26,29.70695,-95.04744,0.0,201.9,16.0,CAPT ANDY LAKE,,WDG4759,31,12,26,,,90,A
367539810,2022-01-05T16:23:16,29.70696,-95.04744,0.0,174.0,18.0,CAPT ANDY LAKE,,WDG4759,31,12,26,,,90,A
367539810,2022-01-05T16:32:35,29.70695,-95.04744,0.0,326.2,18.0,CAPT ANDY LAKE,,WDG4759,31,12,26,,,90,A
367539810,2022-01-05T16:35:56,29.70696,-95.04745,0.0,110.4,18.0,CAPT ANDY LAKE,,WDG4759,31,12,26,,,90,A
367539810,2022-01-05T16:49:55,29.70693,-95.04745,0.0,202.3,20.0,CAPT ANDY LAKE,,WDG4759,31,12,26,,,90,A
367539810,2022-01-05T16:34:55,29.70697,-95.04744,0.0,228.0,17.0,CAPT ANDY LAKE,,WDG4759,31,12,26,,,90,A
367539810,2022-01-05T16:38:14,29.70697,-95.04746,0.0,328.4,19.0,CAPT ANDY LAKE,,WDG4759,31,12,26,,,90,A
367539810,2022-01-05T16:39:25,29.70696,-95.04744,0.1,199.0,19.0,CAPT ANDY LAKE,,WDG4759,31,12,26,,,90,A
367539810,2022-01-05T16:40:34,29.70697,-95.04746,0.0,302.8,20.0,CAPT ANDY LAKE,,WDG4759,31,12,26,,,90,A
367539810,2022-01-05T16:52:14,29.70696,-95.04744,0.0,321.7,18.0,CAPT ANDY LAKE,,WDG4759,31,12,26,,,90,A
367539810,2022-01-05T16:44:06,29.70698,-95.04746,0.0,277.1,17.0,CAPT ANDY LAKE,,WDG4759,31,12,26,,,90,A
367539810,2022-01-05T16:46:25,29.70697,-95.04745,0.0,61.1,18.0,CAPT ANDY LAKE,,WDG4759,31,12,26,,,90,A
367539810,2022-01-05T16:41:46,29.70695,-95.04745,0.0,341.5,18.0,CAPT ANDY LAKE,,WDG4759,31,12,26,,,90,A
367539810,2022-01-05T16:37:06,29.70697,-95.04744,0.0,122.1,18.0,CAPT ANDY LAKE,,WDG4759,31,12,26,,,90,A
367539810,2022-01-05T16:42:54,29.70698,-95.04746,0.1,305.3,18.0,CAPT ANDY LAKE,,WDG4759,31,12,26,,,90,A
367539810,2022-01-05T16:47:35,29.70696,-95.04744,0.0,73.3,18.0,CAPT ANDY LAKE,,WDG4759,31,12,26,,,90,A
367539810,2022-01-05T16:51:05,29.70694,-95.04744,0.0,283.2,20.0,CAPT ANDY LAKE,,WDG4759,31,12,26,,,90,A
367539810,2022-01-05T16:53:25,29.70694,-95.04744,0.0,279.8,20.0,CAPT ANDY LAKE,,WDG4759,31,12,26,,,90,A
367539810,2022-01-05T17:06:45,29.70696,-95.04745,0.0,341.8,17.0,CAPT ANDY LAKE,,WDG4759,31,12,26,,,90,A
367539810,2022-01-05T16:54:35,29.70694,-95.04744,0.0,269.1,17.0,CAPT ANDY LAKE,,WDG4759,31,12,26,,,90,A
367539810,2022-01-05T16:45:15,29.70696,-95.04746,0.0,333.8,19.0,CAPT ANDY LAKE,,WDG4759,31,12,26,,,90,A
367539810,2022-01-05T16:48:45,29.70695,-95.04744,0.1,150.4,19.0,CAPT ANDY LAKE,,WDG4759,31,12,26,,,90,A
367539810,2022-01-05T16:56:46,29.70695,-95.04745,0.0,345.5,17.0,CAPT ANDY LAKE,,WDG4759,31,12,26,,,90,A
367539810,2022-01-05T17:04:25,29.70696,-95.04744,0.0,193.8,17.0,CAPT ANDY LAKE,,WDG4759,31,12,26,,,90,A
367539810,2022-01-05T16:55:36,29.70694,-95.04744,0.0,222.4,18.0,CAPT ANDY LAKE,,WDG4759,31,12,26,,,90,A
367539810,2022-01-05T17:07:55,29.70697,-95.04745,0.0,242.8,16.0,CAPT ANDY LAKE,,WDG4759,31,12,26,,,90,A
367539810,2022-01-05T17:05:34,29.70696,-95.04744,0.0,304.1,16.0,CAPT ANDY LAKE,,WDG4759,31,12,26,,,90,A
367539810,2022-01-05T17:17:16,29.70696,-95.04744,0.0,333.3,18.0,CAPT ANDY LAKE,,WDG4759,31,12,26,,,90,A
367539810,2022-01-05T16:59:05,29.70695,-95.04744,0.0,206.7,18.0,CAPT ANDY LAKE,,WDG4759,31,12,26,,,90,A
367539810,2022-01-05T17:11:24,29.70696,-95.04743,0.0,66.5,17.0,CAPT ANDY LAKE,,WDG4759,31,12,26,,,90,A
367539810,2022-01-05T17:21:46,29.70696,-95.04744,0.0,318.6,18.0,CAPT ANDY LAKE,,WDG4759,31,12,26,,,90,A
367539810,2022-01-05T17:20:45,29.70696,-95.04746,0.0,163.1,18.0,CAPT ANDY LAKE,,WDG4759,31,12,26,,,90,A
367539810,2022-01-05T17:13:46,29.70695,-95.04743,0.0,187.9,18.0,CAPT ANDY LAKE,,WDG4759,31,12,26,,,90,A
367539810,2022-01-05T17:09:06,29.70697,-95.04744,0.0,126.5,16.0,CAPT ANDY LAKE,,WDG4759,31,12,26,,,90,A
367539810,2022-01-05T17:14:55,29.70695,-95.04742,0.0,6.8,19.0,CAPT ANDY LAKE,,WDG4759,31,12,26,,,90,A
367539810,2022-01-05T17:10:16,29.70695,-95.04743,0.0,198.8,18.0,CAPT ANDY LAKE,,WDG4759,31,12,26,,,90,A
367539810,2022-01-05T17:30:55,29.70643,-95.04759,0.0,18.8,196.0,CAPT ANDY LAKE,,WDG4759,31,12,26,,,90,A
367539810,2022-01-05T17:33:14,29.70643,-95.04759,0.0,46.0,195.0,CAPT ANDY LAKE,,WDG4759,31,12,26,,,90,A
367539810,2022-01-05T17:12:35,29.70694,-95.04742,0.0,206.4,18.0,CAPT ANDY LAKE,,WDG4759,31,12,26,,,90,A
367539810,2022-01-05T17:22:55,29.70695,-95.04743,0.1,121.9,354.0,CAPT ANDY LAKE,,WDG4759,31,12,26,,,90,A
367539810,2022-01-05T17:29:15,29.70640,-95.04759,0.0,180.4,218.0,CAPT ANDY LAKE,,WDG4759,31,12,26,,,90,A
367539810,2022-01-05T17:19:35,29.70696,-95.04745,0.0,304.5,17.0,CAPT ANDY LAKE,,WDG4759,31,12,26,,,90,A
367539810,2022-01-05T17:28:11,29.70639,-95.04757,0.4,309.8,223.0,CAPT ANDY LAKE,,WDG4759,31,12,26,,,90,A
367539810,2022-01-05T17:25:03,29.70591,-95.04670,3.7,176.5,192.0,CAPT ANDY LAKE,,WDG4759,31,12,26,,,90,A
367539810,2022-01-05T17:27:07,29.70627,-95.04714,3.2,295.9,281.0,CAPT ANDY LAKE,,WDG4759,31,12,26,,,90,A
367539810,2022-01-05T17:47:05,29.70643,-95.04760,0.0,314.7,198.0,CAPT ANDY LAKE,,WDG4759,31,12,26,,,90,A
367539810,2022-01-05T06:45:36,29.70682,-95.04747,0.1,189.7,200.0,CAPT ANDY LAKE,,WDG4759,31,12,26,,,90,A
367539810,2022-01-05T17:48:14,29.70641,-95.04760,0.0,357.2,198.0,CAPT ANDY LAKE,,WDG4759,31,12,26,,,90,A
367539810,2022-01-05T17:49:23,29.70638,-95.04754,0.6,93.2,179.0,CAPT ANDY LAKE,,WDG4759,31,12,26,,,90,A
367539810,2022-01-05T17:40:05,29.70642,-95.04759,0.0,6.4,198.0,CAPT ANDY LAKE,,WDG4759,31,12,26,,,90,A
367539810,2022-01-05T17:41:16,29.70641,-95.04760,0.0,205.2,199.0,CAPT ANDY LAKE,,WDG4759,31,12,26,,,90,A
367539810,2022-01-05T17:37:46,29.70643,-95.04759,0.0,341.1,195.0,CAPT ANDY LAKE,,WDG4759,31,12,26,,,90,A
367539810,2022-01-05T17:36:34,29.70643,-95.04758,0.0,24.3,196.0,CAPT ANDY LAKE,,WDG4759,31,12,26,,,90,A
367539810,2022-01-05T17:52:36,29.70574,-95.04676,1.0,172.1,172.0,CAPT ANDY LAKE,,WDG4759,31,12,26,,,90,A
367539810,2022-01-05T17:32:05,29.70642,-95.04759,0.0,321.7,196.0,CAPT ANDY LAKE,,WDG4759,31,12,26,,,90,A
367539810,2022-01-05T17:34:24,29.70644,-95.04758,0.0,279.4,195.0,CAPT ANDY LAKE,,WDG4759,31,12,26,,,90,A
367539810,2022-01-05T17:55:58,29.70608,-95.04674,1.5,353.2,193.0,CAPT ANDY LAKE,,WDG4759,31,12,26,,,90,A
367539810,2022-01-05T17:35:25,29.70643,-95.04758,0.0,233.9,195.0,CAPT ANDY LAKE,,WDG4759,31,12,26,,,90,A
367539810,2022-01-05T17:42:25,29.70644,-95.04756,0.0,288.3,197.0,CAPT ANDY LAKE,,WDG4759,31,12,26,,,90,A
367539810,2022-01-05T17:58:04,29.70583,-95.04726,0.5,197.4,189.0,CAPT ANDY LAKE,,WDG4759,31,12,26,,,90,A
367539810,2022-01-05T06:50:15,29.70683,-95.04745,0.0,223.1,199.0,CAPT ANDY LAKE,,WDG4759,31,12,26,,,90,A
367539810,2022-01-05T17:38:55,29.70642,-95.04759,0.0,231.1,196.0,CAPT ANDY LAKE,,WDG4759,31,12,26,,,90,A
367539810,2022-01-05T17:54:56,29.70564,-95.04674,0.8,8.6,184.0,CAPT ANDY LAKE,,WDG4759,31,12,26,,,90,A
367539810,2022-01-05T17:44:44,29.70642,-95.04759,0.0,319.1,198.0,CAPT ANDY LAKE,,WDG4759,31,12,26,,,90,A
367539810,2022-01-05T18:07:05,29.70582,-95.04727,0.0,246.5,194.0,CAPT ANDY LAKE,,WDG4759,31,12,26,,,90,A
367539810,2022-01-05T18:08:16,29.70581,-95.04726,0.0,243.1,193.0,CAPT ANDY LAKE,,WDG4759,31,12,26,,,90,A
367539810,2022-01-05T17:43:35,29.70642,-95.04758,0.0,321.8,198.0,CAPT ANDY LAKE,,WDG4759,31,12,26,,,90,A
367539810,2022-01-05T18:01:16,29.70581,-95.04726,0.0,204.3,192.0,CAPT ANDY LAKE,,WDG4759,31,12,26,,,90,A
367539810,2022-01-05T17:56:59,29.70612,-95.04713,1.7,253.0,241.0,CAPT ANDY LAKE,,WDG4759,31,12,26,,,90,A
367539810,2022-01-05T17:45:56,29.70642,-95.04760,0.0,352.0,199.0,CAPT ANDY LAKE,,WDG4759,31,12,26,,,90,A
367539810,2022-01-05T18:13:51,29.70657,-95.04743,1.5,313.3,336.0,CAPT ANDY LAKE,,WDG4759,31,12,26,,,90,A
367539810,2022-01-05T18:14:55,29.70686,-95.04740,1.0,7.4,11.0,CAPT ANDY LAKE,,WDG4759,31,12,26,,,90,A
367539810,2022-01-05T18:16:05,29.70699,-95.04743,0.0,331.4,5.0,CAPT ANDY LAKE,,WDG4759,31,12,26,,,90,A
367539810,2022-01-05T17:51:34,29.70610,-95.04690,1.6,135.9,144.0,CAPT ANDY LAKE,,WDG4759,31,12,26,,,90,A
367539810,2022-01-05T18:17:16,29.70697,-95.04744,0.0,255.6,18.0,CAPT ANDY LAKE,,WDG4759,31,12,26,,,90,A
367539810,2022-01-05T18:09:25,29.70580,-95.04727,0.0,232.8,195.0,CAPT ANDY LAKE,,WDG4759,31,12,26,,,90,A
367539810,2022-01-05T18:11:45,29.70582,-95.04725,0.5,9.3,191.0,CAPT ANDY LAKE,,WDG4759,31,12,26,,,90,A
367539810,2022-01-05T18:00:04,29.70581,-95.04726,0.0,138.3,187.0,CAPT ANDY LAKE,,WDG4759,31,12,26,,,90,A
367539810,2022-01-05T18:04:44,29.70581,-95.04725,0.0,153.1,194.0,CAPT ANDY LAKE,,WDG4759,31,12,26,,,90,A
367539810,2022-01-05T18:26:45,29.70695,-95.04742,0.0,170.0,20.0,CAPT ANDY LAKE,,WDG4759,31,12,26,,,90,A
367539810,2022-01-05T18:29:06,29.70694,-95.04743,0.0,325.0,20.0,CAPT ANDY LAKE,,WDG4759,31,12,26,,,90,A
367539810,2022-01-05T18:03:36,29.70580,-95.04726,0.0,144.2,194.0,CAPT ANDY LAKE,,WDG4759,31,12,26,,,90,A
367539810,2022-01-05T18:05:54,29.70581,-95.04728,0.0,236.6,194.0,CAPT ANDY LAKE,,WDG4759,31,12,26,,,90,A
367539810,2022-01-05T18:12:48,29.70622,-95.04715,1.3,2.0,227.0,CAPT ANDY LAKE,,WDG4759,31,12,26,,,90,A
367539810,2022-01-05T18:22:05,29.70694,-95.04744,0.0,198.6,20.0,CAPT ANDY LAKE,,WDG4759,31,12,26,,,90,A
367539810,2022-01-05T18:10:35,29.70579,-95.04725,0.0,247.5,196.0,CAPT ANDY LAKE,,WDG4759,31,12,26,,,90,A
367539810,2022-01-05T18:30:15,29.70694,-95.04743,0.0,190.4,20.0,CAPT ANDY LAKE,,WDG4759,31,12,26,,,90,A
367539810,2022-01-05T18:37:06,29.70695,-95.04745,0.0,160.2,19.0,CAPT ANDY LAKE,,WDG4759,31,12,26,,,90,A
367539810,2022-01-05T18:31:26,29.70694,-95.04742,0.0,183.1,19.0,CAPT ANDY LAKE,,WDG4759,31,12,26,,,90,A
367539810,2022-01-05T18:24:25,29.70694,-95.04744,0.0,226.4,19.0,CAPT ANDY LAKE,,WDG4759,31,12,26,,,90,A
367539810,2022-01-05T18:32:34,29.70695,-95.04742,0.0,239.4,19.0,CAPT ANDY LAKE,,WDG4759,31,12,26,,,90,A
367539810,2022-01-05T18:38:15,29.70695,-95.04745,0.0,246.7,19.0,CAPT ANDY LAKE,,WDG4759,31,12,26,,,90,A
367539810,2022-01-05T18:40:25,29.70694,-95.04744,0.0,212.0,19.0,CAPT ANDY LAKE,,WDG4759,31,12,26,,,90,A
367539810,2022-01-05T18:42:44,29.70695,-95.04743,0.0,229.9,19.0,CAPT ANDY LAKE,,WDG4759,31,12,26,,,90,A
367539810,2022-01-05T18:18:26,29.70696,-95.04744,0.0,257.5,18.0,CAPT ANDY LAKE,,WDG4759,31,12,26,,,90,A
367539810,2022-01-05T18:27:56,29.70694,-95.04742,0.1,197.7,20.0,CAPT ANDY LAKE,,WDG4759,31,12,26,,,90,A
367539810,2022-01-05T18:19:34,29.70695,-95.04744,0.0,228.3,19.0,CAPT ANDY LAKE,,WDG4759,31,12,26,,,90,A
367539810,2022-01-05T18:49:45,29.70694,-95.04742,0.0,136.9,16.0,CAPT ANDY LAKE,,WDG4759,31,12,26,,,90,A
367539810,2022-01-05T18:52:06,29.70687,-95.04744,0.1,358.2,292.0,CAPT ANDY LAKE,,WDG4759,31,12,26,,,90,A
367539810,2022-01-05T18:23:14,29.70695,-95.04745,0.0,231.3,19.0,CAPT ANDY LAKE,,WDG4759,31,12,26,,,90,A
367539810,2022-01-05T18:33:44,29.70696,-95.04744,0.0,328.8,19.0,CAPT ANDY LAKE,,WDG4759,31,12,26,,,90,A
367539810,2022-01-05T18:25:36,29.70694,-95.04745,0.0,268.6,20.0,CAPT ANDY LAKE,,WDG4759,31,12,26,,,90,A
367539810,2022-01-05T18:56:36,29.70686,-95.04743,0.0,243.8,291.0,CAPT ANDY LAKE,,WDG4759,31,12,26,,,90,A
367539810,2022-01-05T19:08:16,29.70686,-95.04746,0.0,329.4,291.0,CAPT ANDY LAKE,,WDG4759,31,12,26,,,90,A
367539810,2022-01-05T18:43:54,29.70695,-95.04743,0.0,199.9,20.0,CAPT ANDY LAKE,,WDG4759,31,12,26,,,90,A
367539810,2022-01-05T18:36:04,29.70695,-95.04744,0.0,216.7,19.0,CAPT ANDY LAKE,,WDG4759,31,12,26,,,90,A
367539810,2022-01-05T18:34:55,29.70696,-95.04744,0.0,215.7,19.0,CAPT ANDY LAKE,,WDG4759,31,12,26,,,90,A
367539810,2022-01-05T07:09:06,29.70681,-95.04746,0.0,210.3,199.0,CAPT ANDY LAKE,,WDG4759,31,12,26,,,90,A
367539810,2022-01-05T18:39:16,29.70694,-95.04744,0.0,144.7,19.0,CAPT ANDY LAKE,,WDG4759,31,12,26,,,90,A
367539810,2022-01-05T18:57:45,29.70686,-95.04743,0.0,193.8,291.0,CAPT ANDY LAKE,,WDG4759,31,12,26,,,90,A
367539810,2022-01-05T18:41:35,29.70695,-95.04743,0.0,226.9,19.0,CAPT ANDY LAKE,,WDG4759,31,12,26,,,90,A
367539810,2022-01-05T19:07:05,29.70687,-95.04744,0.0,251.9,291.0,CAPT ANDY LAKE,,WDG4759,31,12,26,,,90,A
367539810,2022-01-05T18:53:16,29.70686,-95.04744,0.0,227.2,291.0,CAPT ANDY LAKE,,WDG4759,31,12,26,,,90,A
367539810,2022-01-05T19:15:16,29.70685,-95.04744,0.0,226.7,291.0,CAPT ANDY LAKE,,WDG4759,31,12,26,,,90,A
367539810,2022-01-05T18:54:25,29.70685,-95.04744,0.0,253.0,291.0,CAPT ANDY LAKE,,WDG4759,31,12,26,,,90,A
367539810,2022-01-05T19:18:45,29.70686,-95.04744,0.0,223.6,290.0,CAPT ANDY LAKE,,WDG4759,31,12,26,,,90,A
367539810,2022-01-05T18:46:14,29.70695,-95.04743,0.0,201.8,18.0,CAPT ANDY LAKE,,WDG4759,31,12,26,,,90,A
367539810,2022-01-05T18:48:35,29.70694,-95.04743,0.1,200.9,19.0,CAPT ANDY LAKE,,WDG4759,31,12,26,,,90,A
367539810,2022-01-05T18:50:49,29.70686,-95.04745,0.7,190.2,336.0,CAPT ANDY LAKE,,WDG4759,31,12,26,,,90,A
367539810,2022-01-05T19:22:05,29.70686,-95.04744,0.0,185.0,289.0,CAPT ANDY LAKE,,WDG4759,31,12,26,,,90,A
367539810,2022-01-05T19:17:35,29.70685,-95.04744,0.0,264.8,290.0,CAPT ANDY LAKE,,WDG4759,31,12,26,,,90,A
367539810,2022-01-05T07:16:05,29.70682,-95.04745,0.0,45.4,201.0,CAPT ANDY LAKE,,WDG4759,31,12,26,,,90,A
367539810,2022-01-05T07:17:15,29.70681,-95.04744,0.0,114.2,200.0,CAPT ANDY LAKE,,WDG4759,31,12,26,,,90,A
367539810,2022-01-05T18:55:35,29.70685,-95.04743,0.0,221.1,291.0,CAPT ANDY LAKE,,WDG4759,31,12,26,,,90,A
367539810,2022-01-05T18:58:46,29.70686,-95.04743,0.0,235.6,291.0,CAPT ANDY LAKE,,WDG4759,31,12,26,,,90,A
367539810,2022-01-05T18:59:56,29.70686,-95.04745,0.0,204.7,291.0,CAPT ANDY LAKE,,WDG4759,31,12,26,,,90,A
367539810,2022-01-05T19:24:25,29.70685,-95.04744,0.0,188.1,289.0,CAPT ANDY LAKE,,WDG4759,31,12,26,,,90,A
367539810,2022-01-05T19:10:35,29.70685,-95.04744,0.0,158.8,291.0,CAPT ANDY LAKE,,WDG4759,31,12,26,,,90,A
367539810,2022-01-05T19:12:56,29.70685,-95.04744,0.0,224.0,291.0,CAPT ANDY LAKE,,WDG4759,31,12,26,,,90,A
367539810,2022-01-05T19:39:25,29.70685,-95.04743,0.0,155.9,291.0,CAPT ANDY LAKE,,WDG4759,31,12,26,,,90,A
367539810,2022-01-05T19:11:45,29.70684,-95.04744,0.0,227.8,291.0,CAPT ANDY LAKE,,WDG4759,31,12,26,,,90,A
367539810,2022-01-05T19:25:35,29.70686,-95.04744,0.0,236.5,290.0,CAPT ANDY LAKE,,WDG4759,31,12,26,,,90,A
367539810,2022-01-05T19:40:35,29.70685,-95.04743,0.0,160.4,290.0,CAPT ANDY LAKE,,WDG4759,31,12,26,,,90,A
367539810,2022-01-05T19:16:26,29.70685,-95.04745,0.0,255.0,290.0,CAPT ANDY LAKE,,WDG4759,31,12,26,,,90,A
367539810,2022-01-05T19:14:06,29.70685,-95.04746,0.0,259.4,291.0,CAPT ANDY LAKE,,WDG4759,31,12,26,,,90,A
367539810,2022-01-05T19:19:55,29.70686,-95.04745,0.0,228.4,290.0,CAPT ANDY LAKE,,WDG4759,31,12,26,,,90,A
367539810,2022-01-05T19:23:15,29.70686,-95.04744,0.0,231.8,289.0,CAPT ANDY LAKE,,WDG4759,31,12,26,,,90,A
367539810,2022-01-05T19:49:44,29.70669,-95.04713,0.2,137.6,297.0,CAPT ANDY LAKE,,WDG4759,31,12,26,,,90,A
367539810,2022-01-05T19:44:06,29.70687,-95.04744,0.0,26.8,289.0,CAPT ANDY LAKE,,WDG4759,31,12,26,,,90,A
367539810,2022-01-05T19:34:55,29.70686,-95.04744,0.0,145.3,291.0,CAPT ANDY LAKE,,WDG4759,31,12,26,,,90,A
367539810,2022-01-05T19:20:56,29.70686,-95.04744,0.0,243.3,289.0,CAPT ANDY LAKE,,WDG4759,31,12,26,,,90,A
367539810,2022-01-05T19:54:26,29.70644,-95.04714,0.4,238.4,337.0,CAPT ANDY LAKE,,WDG4759,31,12,26,,,90,A
367539810,2022-01-05T19:48:36,29.70672,-95.04717,0.1,119.6,296.0,CAPT ANDY LAKE,,WDG4759,31,12,26,,,90,A
367539810,2022-01-05T19:30:14,29.70686,-95.04745,0.0,136.7,291.0,CAPT ANDY LAKE,,WDG4759,31,12,26,,,90,A
367539810,2022-01-05T07:23:05,29.70683,-95.04746,0.0,49.5,199.0,CAPT ANDY LAKE,,WDG4759,31,12,26,,,90,A
367539810,2022-01-05T19:56:45,29.70637,-95.04730,0.4,272.5,6.0,CAPT ANDY LAKE,,WDG4759,31,12,26,,,90,A
367539810,2022-01-05T20:00:25,29.70682,-95.04713,1.1,45.7,22.0,CAPT ANDY LAKE,,WDG4759,31,12,26,,,90,A
367539810,2022-01-05T07:25:26,29.70681,-95.04747,0.0,143.5,199.0,CAPT ANDY LAKE,,WDG4759,31,12,26,,,90,A
367539810,2022-01-05T19:38:16,29.70686,-95.04744,0.1,175.0,290.0,CAPT ANDY LAKE,,WDG4759,31,12,26,,,90,A
367539810,2022-01-05T19:57:55,29.70642,-95.04744,0.4,325.7,23.0,CAPT ANDY LAKE,,WDG4759,31,12,26,,,90,A
367539810,2022-01-05T19:37:15,29.70686,-95.04744,0.0,127.1,290.0,CAPT ANDY LAKE,,WDG4759,31,12,26,,,90,A
367539810,2022-01-05T20:06:14,29.70795,-95.04669,0.9,19.0,340.0,CAPT ANDY LAKE,,WDG4759,31,12,26,,,90,A
367539810,2022-01-05T19:36:04,29.70687,-95.04744,0.0,4.9,291.0,CAPT ANDY LAKE,,WDG4759,31,12,26,,,90,A
367539810,2022-01-05T19:45:15,29.70684,-95.04741,0.1,80.3,291.0,CAPT ANDY LAKE,,WDG4759,31,12,26,,,90,A
367539810,2022-01-05T20:02:45,29.70710,-95.04676,0.3,40.5,5.0,CAPT ANDY LAKE,,WDG4759,31,12,26,,,90,A
367539810,2022-01-05T20:09:55,29.70842,-95.04632,0.7,29.6,322.0,CAPT ANDY LAKE,,WDG4759,31,12,26,,,90,A
367539810,2022-01-05T20:03:55,29.70737,-95.04673,1.0,0.3,359.0,CAPT ANDY LAKE,,WDG4759,31,12,26,,,90,A
367539810,2022-01-05T20:11:04,29.70860,-95.04615,0.8,32.6,312.0,CAPT ANDY LAKE,,WDG4759,31,12,26,,,90,A
367539810,2022-01-05T19:41:45,29.70685,-95.04744,0.0,142.5,289.0,CAPT ANDY LAKE,,WDG4759,31,12,26,,,90,A
367539810,2022-01-05T19:46:26,29.70681,-95.04733,0.3,116.0,291.0,CAPT ANDY LAKE,,WDG4759,31,12,26,,,90,A
367539810,2022-01-05T19:52:05,29.70656,-95.04703,0.2,128.9,311.0,CAPT ANDY LAKE,,WDG4759,31,12,26,,,90,A
367539810,2022-01-05T19:53:15,29.70652,-95.04702,0.2,208.5,320.0,CAPT ANDY LAKE,,WDG4759,31,12,26,,,90,A
367539810,2022-01-05T19:47:35,29.70676,-95.04723,0.3,126.9,294.0,CAPT ANDY LAKE,,WDG4759,31,12,26,,,90,A
367539810,2022-01-05T20:18:55,29.70928,-95.04535,0.0,240.7,279.0,CAPT ANDY LAKE,,WDG4759,31,12,26,,,90,A
367539810,2022-01-05T19:55:35,29.70637,-95.04720,0.3,243.8,351.0,CAPT ANDY LAKE,,WDG4759,31,12,26,,,90,A
367539810,2022-01-05T19:50:55,29.70662,-95.04707,0.2,147.1,304.0,CAPT ANDY LAKE,,WDG4759,31,12,26,,,90,A
367539810,2022-01-05T20:05:05,29.70769,-95.04677,0.9,348.6,356.0,CAPT ANDY LAKE,,WDG4759,31,12,26,,,90,A
367539810,2022-01-05T20:14:16,29.70887,-95.04579,0.7,111.6,302.0,CAPT ANDY LAKE,,WDG4759,31,12,26,,,90,A
367539810,2022-01-05T20:22:26,29.70929,-95.04536,0.0,290.1,280.0,CAPT ANDY LAKE,,WDG4759,31,12,26,,,90,A
367539810,2022-01-05T20:17:44,29.70922,-95.04539,0.3,17.2,280.0,CAPT ANDY LAKE,,WDG4759,31,12,26,,,90,A
367539810,2022-01-05T20:25:49,29.70912,-95.04515,1.1,199.9,223.0,CAPT ANDY LAKE,,WDG4759,31,12,26,,,90,A
367539810,2022-01-05T20:30:05,29.70892,-95.04648,0.3,312.9,65.0,CAPT ANDY LAKE,,WDG4759,31,12,26,,,90,A
367539810,2022-01-05T07:35:35,29.70681,-95.04746,0.0,180.2,200.0,CAPT ANDY LAKE,,WDG4759,31,12,26,,,90,A
367539810,2022-01-05T20:01:35,29.70708,-95.04684,0.9,47.2,13.0,CAPT ANDY LAKE,,WDG4759,31,12,26,,,90,A
367539810,2022-01-05T20:21:14,29.70928,-95.04535,0.0,201.9,280.0,CAPT ANDY LAKE,,WDG4759,31,12,26,,,90,A
367539810,2022-01-05T20:36:54,29.70870,-95.04543,2.2,101.1,101.0,CAPT ANDY LAKE,,WDG4759,31,12,26,,,90,A
367539810,2022-01-05T20:08:45,29.70827,-95.04646,0.4,88.3,326.0,CAPT ANDY LAKE,,WDG4759,31,12,26,,,90,A
367539810,2022-01-05T20:31:16,29.70900,-95.04655,0.2,294.7,72.0,CAPT ANDY LAKE,,WDG4759,31,12,26,,,90,A
367539810,2022-01-05T20:07:35,29.70821,-95.04662,0.7,31.9,331.0,CAPT ANDY LAKE,,WDG4759,31,12,26,,,90,A
367539810,2022-01-05T20:40:25,29.70807,-95.04263,2.8,105.7,108.0,CAPT ANDY LAKE,,WDG4759,31,12,26,,,90,A
367539810,2022-01-05T07:37:46,29.70681,-95.04745,0.0,9.0,199.0,CAPT ANDY LAKE,,WDG4759,31,12,26,,,90,A
367539810,2022-01-05T20:12:05,29.70867,-95.04597,0.6,75.1,308.0,CAPT ANDY LAKE,,WDG4759,31,12,26,,,90,A
367539810,2022-01-05T20:27:55,29.70887,-95.04646,1.1,65.5,86.0,CAPT ANDY LAKE,,WDG4759,31,12,26,,,90,A
367539810,2022-01-05T20:39:16,29.70821,-95.04364,2.7,99.1,99.0,CAPT ANDY LAKE,,WDG4759,31,12,26,,,90,A
367539810,2022-01-05T20:13:14,29.70888,-95.04591,0.3,335.5,296.0,CAPT ANDY LAKE,,WDG4759,31,12,26,,,90,A
367539810,2022-01-05T20:15:26,29.70892,-95.04552,0.7,45.5,296.0,CAPT ANDY LAKE,,WDG4759,31,12,26,,,90,A
367539810,2022-01-05T20:16:35,29.70910,-95.04543,0.5,16.0,285.0,CAPT ANDY LAKE,,WDG4759,31,12,26,,,90,A
367539810,2022-01-05T20:32:25,29.70900,-95.04666,0.3,283.2,75.0,CAPT ANDY LAKE,,WDG4759,31,12,26,,,90,A
367539810,2022-01-05T20:28:59,29.70889,-95.04638,0.4,269.5,53.0,CAPT ANDY LAKE,,WDG4759,31,12,26,,,90,A
367539810,2022-01-05T20:48:15,29.70614,-95.03575,2.3,115.2,104.0,CAPT ANDY LAKE,,WDG4759,31,12,26,,,90,A
367539810,2022-01-05T20:43:45,29.70720,-95.03964,3.0,112.5,104.0,CAPT ANDY LAKE,,WDG4759,31,12,26,,,90,A
367539810,2022-01-05T20:33:27,29.70910,-95.04667,0.5,17.9,99.0,CAPT ANDY LAKE,,WDG4759,31,12,26,,,90,A
367539810,2022-01-05T20:24:46,29.70930,-95.04529,0.5,142.4,279.0,CAPT ANDY LAKE,,WDG4759,31,12,26,,,90,A
367539810,2022-01-05T20:38:04,29.70850,-95.04454,2.5,119.5,109.0,CAPT ANDY LAKE,,WDG4759,31,12,26,,,90,A
367539810,2022-01-05T20:23:35,29.70929,-95.04536,0.1,28.8,275.0,CAPT ANDY LAKE,,WDG4759,31,12,26,,,90,A
367539810,2022-01-05T07:45:55,29.70681,-95.04745,0.0,57.2,200.0,CAPT ANDY LAKE,,WDG4759,31,12,26,,,90,A
367539810,2022-01-05T20:52:55,29.70545,-95.03307,1.6,106.3,102.0,CAPT ANDY LAKE,,WDG4759,31,12,26,,,90,A
367539810,2022-01-05T20:41:35,29.70776,-95.04161,2.9,106.0,104.0,CAPT ANDY LAKE,,WDG4759,31,12,26,,,90,A
367539810,2022-01-05T20:59:45,29.70437,-95.02927,2.4,108.7,101.0,CAPT ANDY LAKE,,WDG4759,31,12,26,,,90,A
367539810,2022-01-05T20:55:04,29.70525,-95.03207,1.6,110.0,112.0,CAPT ANDY LAKE,,WDG4759,31,12,26,,,90,A
367539810,2022-01-05T21:02:45,29.70397,-95.02758,1.4,131.0,107.0,CAPT ANDY LAKE,,WDG4759,31,12,26,,,90,A
367539810,2022-01-05T20:34:35,29.70909,-95.04652,0.8,138.2,112.0,CAPT ANDY LAKE,,WDG4759,31,12,26,,,90,A
367539810,2022-01-05T20:49:25,29.70596,-95.03498,2.1,96.6,102.0,CAPT ANDY LAKE,,WDG4759,31,12,26,,,90,A
367539810,2022-01-05T20:47:05,29.70642,-95.03666,2.8,100.9,105.0,CAPT ANDY LAKE,,WDG4759,31,12,26,,,90,A
367539810,2022-01-05T20:51:45,29.70565,-95.03364,1.7,115.0,109.0,CAPT ANDY LAKE,,WDG4759,31,12,26,,,90,A
367539810,2022-01-05T21:06:16,29.70347,-95.02499,3.5,96.6,92.0,CAPT ANDY LAKE,,WDG4759,31,12,26,,,90,A
367539810,2022-01-05T20:53:56,29.70536,-95.03261,1.5,99.6,106.0,CAPT ANDY LAKE,,WDG4759,31,12,26,,,90,A
367539810,2022-01-05T20:44:56,29.70698,-95.03853,3.0,103.1,109.0,CAPT ANDY LAKE,,WDG4759,31,12,26,,,90,A
367539810,2022-01-05T21:09:35,29.70424,-95.02138,3.6,28.3,29.0,CAPT ANDY LAKE,,WDG4759,31,12,26,,,90,A
367539810,2022-01-05T20:42:44,29.70751,-95.04055,3.0,107.2,109.0,CAPT ANDY LAKE,,WDG4759,31,12,26,,,90,A
367539810,2022-01-05T20:56:14,29.70499,-95.03150,1.8,116.7,103.0,CAPT ANDY LAKE,,WDG4759,31,12,26,,,90,A
367539810,2022-01-05T21:15:15,29.71140,-95.02015,4.9,355.7,357.0,CAPT ANDY LAKE,,WDG4759,31,12,26,,,90,A
367539810,2022-01-05T20:58:35,29.70468,-95.03009,2.2,116.0,112.0,CAPT ANDY LAKE,,WDG4759,31,12,26,,,90,A
367539810,2022-01-05T07:55:15,29.70683,-95.04747,0.0,192.5,199.0,CAPT ANDY LAKE,,WDG4759,31,12,26,,,90,A
367539810,2022-01-05T21:20:56,29.71925,-95.02001,5.0,359.8,350.0,CAPT ANDY LAKE,,WDG4759,31,12,26,,,90,A
367539810,2022-01-05T07:59:56,29.70681,-95.04744,0.0,188.5,200.0,CAPT ANDY LAKE,,WDG4759,31,12,26,,,90,A
367539810,2022-01-05T21:05:06,29.70363,-95.02614,2.8,93.8,98.0,CAPT ANDY LAKE,,WDG4759,31,12,26,,,90,A
367539810,2022-01-05T21:26:46,29.72679,-95.02341,5.3,318.3,317.0,CAPT ANDY LAKE,,WDG4759,31,12,26,,,90,A
367539810,2022-01-05T20:57:25,29.70490,-95.03084,1.8,93.6,106.0,CAPT ANDY LAKE,,WDG4759,31,12,26,,,90,A
367539810,2022-01-05T21:22:05,29.72087,-95.02017,5.1,352.1,343.0,CAPT ANDY LAKE,,WDG4759,31,12,26,,,90,A
367539810,2022-01-05T21:12:55,29.70826,-95.01970,4.9,359.3,347.0,CAPT ANDY LAKE,,WDG4759,31,12,26,,,90,A
367539810,2022-01-05T21:17:35,29.71459,-95.02016,5.0,2.1,1.0,CAPT ANDY LAKE,,WDG4759,31,12,26,,,90,A
367539810,2022-01-05T21:27:56,29.72804,-95.02469,5.3,317.9,316.0,CAPT ANDY LAKE,,WDG4759,31,12,26,,,90,A
367539810,2022-01-05T21:30:16,29.73034,-95.02738,4.7,297.9,280.0,CAPT ANDY LAKE,,WDG4759,31,12,26,,,90,A
367539810,2022-01-05T21:01:35,29.70421,-95.02808,1.8,102.7,113.0,CAPT ANDY LAKE,,WDG4759,31,12,26,,,90,A
367539810,2022-01-05T21:03:54,29.70374,-95.02706,1.8,110.7,99.0,CAPT ANDY LAKE,,WDG4759,31,12,26,,,90,A
367539810,2022-01-05T21:07:26,29.70351,-95.02357,4.0,83.5,82.0,CAPT ANDY LAKE,,WDG4759,31,12,26,,,90,A
367539810,2022-01-05T21:24:26,29.72399,-95.02130,5.0,334.8,328.0,CAPT ANDY LAKE,,WDG4759,31,12,26,,,90,A
367539810,2022-01-05T21:11:48,29.70672,-95.01996,5.4,23.8,0.0,CAPT ANDY LAKE,,WDG4759,31,12,26,,,90,A
367539810,2022-01-05T21:14:04,29.70980,-95.01998,4.8,347.3,353.0,CAPT ANDY LAKE,,WDG4759,31,12,26,,,90,A
367539810,2022-01-05T21:32:35,29.73103,-95.03081,5.0,276.7,272.0,CAPT ANDY LAKE,,WDG4759,31,12,26,,,90,A
367539810,2022-01-05T21:39:35,29.73174,-95.04251,5.7,276.7,284.0,CAPT ANDY LAKE,,WDG4759,31,12,26,,,90,A
367539810,2022-01-05T21:18:45,29.71624,-95.02009,5.0,0.9,359.0,CAPT ANDY LAKE,,WDG4759,31,12,26,,,90,A
367539810,2022-01-05T21:51:06,29.74052,-95.05879,4.9,330.4,335.0,CAPT ANDY LAKE,,WDG4759,31,12,26,,,90,A
367539810,2022-01-05T21:45:25,29.73515,-95.05157,5.3,306.1,301.0,CAPT ANDY LAKE,,WDG4759,31,12,26,,,90,A
367539810,2022-01-05T21:52:14,29.74198,-95.05952,5.1,338.5,332.0,CAPT ANDY LAKE,,WDG4759,31,12,26,,,90,A
367539810,2022-01-05T21:43:05,29.73337,-95.04826,5.3,293.7,297.0,CAPT ANDY LAKE,,WDG4759,31,12,26,,,90,A
367539810,2022-01-05T21:36:04,29.73154,-95.03655,5.2,276.3,271.0,CAPT ANDY LAKE,,WDG4759,31,12,26,,,90,A
367539810,2022-01-05T21:37:14,29.73168,-95.03843,5.0,272.7,269.0,CAPT ANDY LAKE,,WDG4759,31,12,26,,,90,A
367539810,2022-01-05T21:48:45,29.73802,-95.05630,5.4,306.6,314.0,CAPT ANDY LAKE,,WDG4759,31,12,26,,,90,A
367539810,2022-01-05T21:56:34,29.74734,-95.06245,4.9,334.7,336.0,CAPT ANDY LAKE,,WDG4759,31,12,26,,,90,A
367539810,2022-01-05T21:57:45,29.74887,-95.06315,5.1,337.5,334.0,CAPT ANDY LAKE,,WDG4759,31,12,26,,,90,A
367539810,2022-01-05T21:29:05,29.72937,-95.02594,5.2,319.4,301.0,CAPT ANDY LAKE,,WDG4759,31,12,26,,,90,A
367539810,2022-01-05T21:25:34,29.72542,-95.02221,5.1,327.5,320.0,CAPT ANDY LAKE,,WDG4759,31,12,26,,,90,A
367539810,2022-01-05T21:33:45,29.73117,-95.03272,5.2,274.5,274.0,CAPT ANDY LAKE,,WDG4759,31,12,26,,,90,A
367539810,2022-01-05T22:02:34,29.75500,-95.06641,5.1,333.0,328.0,CAPT ANDY LAKE,,WDG4759,31,12,26,,,90,A
367539810,2022-01-05T21:34:56,29.73134,-95.03467,5.3,277.0,273.0,CAPT ANDY LAKE,,WDG4759,31,12,26,,,90,A
367539810,2022-01-05T21:49:56,29.73919,-95.05773,5.1,316.3,326.0,CAPT ANDY LAKE,,WDG4759,31,12,26,,,90,A
367539810,2022-01-05T08:14:25,29.70681,-95.04746,0.0,241.3,200.0,CAPT ANDY LAKE,,WDG4759,31,12,26,,,90,A
367539810,2022-01-05T21:31:25,29.73080,-95.02903,4.7,281.7,275.0,CAPT ANDY LAKE,,WDG4759,31,12,26,,,90,A
367539810,2022-01-05T21:58:54,29.75034,-95.06390,5.0,333.0,332.0,CAPT ANDY LAKE,,WDG4759,31,12,26,,,90,A
367539810,2022-01-05T21:46:34,29.73613,-95.05321,5.4,303.4,302.0,CAPT ANDY LAKE,,WDG4759,31,12,26,,,90,A
367539810,2022-01-05T22:06:05,29.75889,-95.06963,4.9,310.6,302.0,CAPT ANDY LAKE,,WDG4759,31,12,26,,,90,A
367539810,2022-01-05T21:38:25,29.73167,-95.04041,5.5,267.9,272.0,CAPT ANDY LAKE,,WDG4759,31,12,26,,,90,A
367539810,2022-01-05T22:03:44,29.75648,-95.06726,5.1,334.8,320.0,CAPT ANDY LAKE,,WDG4759,31,12,26,,,90,A
367539810,2022-01-05T22:00:16,29.75204,-95.06486,5.0,336.0,334.0,CAPT ANDY LAKE,,WDG4759,31,12,26,,,90,A
367539810,2022-01-05T21:41:55,29.73277,-95.04641,5.4,289.5,290.0,CAPT ANDY LAKE,,WDG4759,31,12,26,,,90,A
367539810,2022-01-05T21:59:56,29.75162,-95.06464,5.1,334.8,335.0,CAPT ANDY LAKE,,WDG4759,31,12,26,,,90,A
367539810,2022-01-05T22:16:35,29.76413,-95.08549,5.0,257.7,240.0,CAPT ANDY LAKE,,WDG4759,31,12,26,,,90,A
367539810,2022-01-05T21:44:14,29.73420,-95.04995,5.2,303.0,301.0,CAPT ANDY LAKE,,WDG4759,31,12,26,,,90,A
367539810,2022-01-05T22:10:46,29.76234,-95.07612,5.2,296.9,294.0,CAPT ANDY LAKE,,WDG4759,31,12,26,,,90,A
367539810,2022-01-05T22:01:24,29.75350,-95.06562,5.1,336.7,333.0,CAPT ANDY LAKE,,WDG4759,31,12,26,,,90,A
367539810,2022-01-05T08:21:25,29.70682,-95.04747,0.0,283.7,199.0,CAPT ANDY LAKE,,WDG4759,31,12,26,,,90,A
367539810,2022-01-05T21:47:35,29.73703,-95.05468,5.4,306.5,303.0,CAPT ANDY LAKE,,WDG4759,31,12,26,,,90,A
367539810,2022-01-05T22:23:35,29.75739,-95.09282,5.1,207.7,204.0,CAPT ANDY LAKE,,WDG4759,31,12,26,,,90,A
367539810,2022-01-05T22:21:14,29.76027,-95.09112,5.0,211.5,204.0,CAPT ANDY LAKE,,WDG4759,31,12,26,,,90,A
367539810,2022-01-05T22:09:35,29.76156,-95.07440,5.2,298.6,295.0,CAPT ANDY LAKE,,WDG4759,31,12,26,,,90,A
367539810,2022-01-05T21:53:15,29.74323,-95.06020,4.9,334.3,333.0,CAPT ANDY LAKE,,WDG4759,31,12,26,,,90,A
367539810,2022-01-05T21:54:16,29.74448,-95.06084,5.0,335.8,331.0,CAPT ANDY LAKE,,WDG4759,31,12,26,,,90,A
367539810,2022-01-05T22:27:04,29.75302,-95.09579,5.2,216.8,217.0,CAPT ANDY LAKE,,WDG4759,31,12,26,,,90,A
367539810,2022-01-05T22:20:04,29.76154,-95.09003,4.9,222.9,210.0,CAPT ANDY LAKE,,WDG4759,31,12,26,,,90,A
367539810,2022-01-05T22:33:06,29.74644,-95.10262,5.3,223.8,220.0,CAPT ANDY LAKE,,WDG4759,31,12,26,,,90,A
367539810,2022-01-05T22:15:25,29.76425,-95.08355,5.4,274.0,259.0,CAPT ANDY LAKE,,WDG4759,31,12,26,,,90,A
367539810,2022-01-05T22:13:05,29.76372,-95.07967,5.2,285.2,279.0,CAPT ANDY LAKE,,WDG4759,31,12,26,,,90,A
367539810,2022-01-05T22:34:14,29.74522,-95.10395,5.3,225.3,221.0,CAPT ANDY LAKE,,WDG4759,31,12,26,,,90,A
367539810,2022-01-05T08:26:04,29.70683,-95.04745,0.0,329.3,199.0,CAPT ANDY LAKE,,WDG4759,31,12,26,,,90,A
367539810,2022-01-05T22:37:55,29.74185,-95.10867,5.2,237.8,239.0,CAPT ANDY LAKE,,WDG4759,31,12,26,,,90,A
367539810,2022-01-05T22:36:46,29.74270,-95.10706,5.1,238.5,237.0,CAPT ANDY LAKE,,WDG4759,31,12,26,,,90,A
367539810,2022-01-05T22:30:56,29.74878,-95.10007,5.3,221.9,223.0,CAPT ANDY LAKE,,WDG4759,31,12,26,,,90,A
367539810,2022-01-05T22:39:05,29.74102,-95.11036,5.2,243.9,248.0,CAPT ANDY LAKE,,WDG4759,31,12,26,,,90,A
367539810,2022-01-05T22:32:05,29.74752,-95.10145,5.3,223.1,220.0,CAPT ANDY LAKE,,WDG4759,31,12,26,,,90,A
367539810,2022-01-05T22:42:35,29.73948,-95.11575,5.1,250.5,243.0,CAPT ANDY LAKE,,WDG4759,31,12,26,,,90,A
367539810,2022-01-05T22:25:55,29.75443,-95.09471,5.2,211.9,214.0,CAPT ANDY LAKE,,WDG4759,31,12,26,,,90,A
367539810,2022-01-05T22:43:44,29.73886,-95.11750,5.2,245.1,240.0,CAPT ANDY LAKE,,WDG4759,31,12,26,,,90,A
367539810,2022-01-05T22:14:16,29.76406,-95.08159,5.3,280.1,271.0,CAPT ANDY LAKE,,WDG4759,31,12,26,,,90,A
367539810,2022-01-05T22:28:16,29.75169,-95.09703,5.3,220.8,219.0,CAPT ANDY LAKE,,WDG4759,31,12,26,,,90,A
367539810,2022-01-05T22:29:24,29.75043,-95.09831,5.3,223.3,221.0,CAPT ANDY LAKE,,WDG4759,31,12,26,,,90,A
367539810,2022-01-05T22:47:05,29.73648,-95.12251,5.5,238.4,245.0,CAPT ANDY LAKE,,WDG4759,31,12,26,,,90,A
367539810,2022-01-05T22:22:25,29.75883,-95.09202,5.0,207.7,203.0,CAPT ANDY LAKE,,WDG4759,31,12,26,,,90,A
367539810,2022-01-05T22:44:54,29.73811,-95.11926,5.3,241.5,239.0,CAPT ANDY LAKE,,WDG4759,31,12,26,,,90,A
367539810,2022-01-05T22:45:55,29.73739,-95.12079,5.4,239.7,238.0,CAPT ANDY LAKE,,WDG4759,31,12,26,,,90,A
367539810,2022-01-05T22:18:55,29.76263,-95.08868,5.0,233.1,220.0,CAPT ANDY LAKE,,WDG4759,31,12,26,,,90,A
367539810,2022-01-05T08:36:34,29.70682,-95.04746,0.0,359.8,200.0,CAPT ANDY LAKE,,WDG4759,31,12,26,,,90,A
367539810,2022-01-05T22:56:36,29.73545,-95.13793,5.2,276.0,274.0,CAPT ANDY LAKE,,WDG4759,31,12,26,,,90,A
367539810,2022-01-05T22:57:45,29.73567,-95.13980,5.1,278.4,275.0,CAPT ANDY LAKE,,WDG4759,31,12,26,,,90,A
367539810,2022-01-05T22:41:24,29.73993,-95.11391,5.1,258.9,253.0,CAPT ANDY LAKE,,WDG4759,31,12,26,,,90,A
367539810,2022-01-05T23:01:36,29.73610,-95.14611,5.2,275.0,275.0,CAPT ANDY LAKE,,WDG4759,31,12,26,,,90,A
367539810,2022-01-05T23:07:36,29.73875,-95.15540,5.1,306.9,309.0,CAPT ANDY LAKE,,WDG4759,31,12,26,,,90,A
367539810,2022-01-05T22:48:16,29.73568,-95.12434,5.4,246.3,255.0,CAPT ANDY LAKE,,WDG4759,31,12,26,,,90,A
367539810,2022-01-05T22:40:14,29.74036,-95.11208,5.1,251.4,254.0,CAPT ANDY LAKE,,WDG4759,31,12,26,,,90,A
367539810,2022-01-05T22:50:35,29.73502,-95.12798,5.0,274.4,269.0,CAPT ANDY LAKE,,WDG4759,31,12,26,,,90,A
367539810,2022-01-05T08:37:45,29.70681,-95.04745,0.0,159.5,200.0,CAPT ANDY LAKE,,WDG4759,31,12,26,,,90,A
367539810,2022-01-05T23:03:55,29.73668,-95.14990,5.1,283.8,283.0,CAPT ANDY LAKE,,WDG4759,31,12,26,,,90,A
367539810,2022-01-05T22:35:25,29.74390,-95.10531,5.4,221.0,230.0,CAPT ANDY LAKE,,WDG4759,31,12,26,,,90,A
367539810,2022-01-05T23:14:35,29.74525,-95.16400,4.9,299.6,286.0,CAPT ANDY LAKE,,WDG4759,31,12,26,,,90,A
367539810,2022-01-05T22:55:25,29.73525,-95.13602,5.2,278.1,273.0,CAPT ANDY LAKE,,WDG4759,31,12,26,,,90,A
367539810,2022-01-05T23:12:16,29.74331,-95.16101,5.2,313.6,306.0,CAPT ANDY LAKE,,WDG4759,31,12,26,,,90,A
367539810,2022-01-05T22:54:14,29.73505,-95.13408,5.3,274.3,275.0,CAPT ANDY LAKE,,WDG4759,31,12,26,,,90,A
367539810,2022-01-05T22:49:26,29.73509,-95.12614,5.2,254.3,268.0,CAPT ANDY LAKE,,WDG4759,31,12,26,,,90,A
367539810,2022-01-05T22:51:46,29.73510,-95.12991,5.2,270.3,266.0,CAPT ANDY LAKE,,WDG4759,31,12,26,,,90,A
367539810,2022-01-05T23:02:45,29.73629,-95.14804,5.2,280.1,281.0,CAPT ANDY LAKE,,WDG4759,31,12,26,,,90,A
367539810,2022-01-05T23:08:45,29.73979,-95.15684,5.1,310.7,312.0,CAPT ANDY LAKE,,WDG4759,31,12,26,,,90,A
367539810,2022-01-05T23:23:44,29.74636,-95.17824,5.1,261.5,262.0,CAPT ANDY LAKE,,WDG4759,31,12,26,,,90,A
367539810,2022-01-05T23:09:55,29.74095,-95.15824,5.2,315.0,312.0,CAPT ANDY LAKE,,WDG4759,31,12,26,,,90,A
367539810,2022-01-05T22:53:04,29.73502,-95.13211,5.3,267.8,271.0,CAPT ANDY LAKE,,WDG4759,31,12,26,,,90,A
367539810,2022-01-05T22:58:55,29.73593,-95.14172,5.2,276.1,268.0,CAPT ANDY LAKE,,WDG4759,31,12,26,,,90,A
367539810,2022-01-05T23:13:24,29.74436,-95.16244,5.0,306.3,297.0,CAPT ANDY LAKE,,WDG4759,31,12,26,,,90,A
367539810,2022-01-05T23:00:04,29.73600,-95.14364,5.2,271.4,269.0,CAPT ANDY LAKE,,WDG4759,31,12,26,,,90,A
367539810,2022-01-05T23:39:05,29.73947,-95.20170,5.2,229.3,226.0,CAPT ANDY LAKE,,WDG4759,31,12,26,,,90,A
367539810,2022-01-05T23:15:46,29.74584,-95.16565,4.9,292.5,289.0,CAPT ANDY LAKE,,WDG4759,31,12,26,,,90,A
367539810,2022-01-05T23:35:35,29.74211,-95.19680,5.2,248.4,242.0,CAPT ANDY LAKE,,WDG4759,31,12,26,,,90,A
367539810,2022-01-05T23:47:04,29.73033,-95.20889,4.7,203.3,199.0,CAPT ANDY LAKE,,WDG4759,31,12,26,,,90,A
367539810,2022-01-05T23:22:36,29.74662,-95.17639,5.1,259.0,259.0,CAPT ANDY LAKE,,WDG4759,31,12,26,,,90,A
367539810,2022-01-05T23:11:04,29.74213,-95.15960,5.2,313.5,311.0,CAPT ANDY LAKE,,WDG4759,31,12,26,,,90,A
367539810,2022-01-05T23:24:55,29.74617,-95.18012,5.1,263.7,265.0,CAPT ANDY LAKE,,WDG4759,31,12,26,,,90,A
367539810,2022-01-05T23:49:26,29.72753,-95.21049,4.9,216.6,230.0,CAPT ANDY LAKE,,WDG4759,31,12,26,,,90,A
367539810,2022-01-05T23:28:24,29.74577,-95.18590,5.2,262.3,254.0,CAPT ANDY LAKE,,WDG4759,31,12,26,,,90,A
367539810,2022-01-05T23:29:35,29.74541,-95.18781,5.1,254.1,246.0,CAPT ANDY LAKE,,WDG4759,31,12,26,,,90,A
367539810,2022-01-05T23:54:05,29.72454,-95.21677,5.0,257.9,268.0,CAPT ANDY LAKE,,WDG4759,31,12,26,,,90,A
367539810,2022-01-05T23:32:06,29.74403,-95.19156,5.1,246.3,245.0,CAPT ANDY LAKE,,WDG4759,31,12,26,,,90,A
367539810,2022-01-05T23:19:15,29.74707,-95.17100,5.1,273.9,266.0,CAPT ANDY LAKE,,WDG4759,31,12,26,,,90,A
367539810,2022-01-05T23:34:25,29.74270,-95.19504,5.1,248.7,246.0,CAPT ANDY LAKE,,WDG4759,31,12,26,,,90,A
367539810,2022-01-05T23:33:15,29.74336,-95.19326,5.1,246.0,247.0,CAPT ANDY LAKE,,WDG4759,31,12,26,,,90,A
367539810,2022-01-05T23:50:36,29.72651,-95.21181,4.7,235.9,241.0,CAPT ANDY LAKE,,WDG4759,31,12,26,,,90,A
367539810,2022-01-05T23:20:16,29.74707,-95.17262,5.1,267.9,262.0,CAPT ANDY LAKE,,WDG4759,31,12,26,,,90,A
367539810,2022-01-05T23:36:45,29.74141,-95.19855,5.1,243.1,234.0,CAPT ANDY LAKE,,WDG4759,31,12,26,,,90,A
367539810,2022-01-05T23:37:55,29.74053,-95.20018,5.1,235.8,229.0,CAPT ANDY LAKE,,WDG4759,31,12,26,,,90,A
367539810,2022-01-05T23:26:05,29.74604,-95.18206,5.2,267.6,265.0,CAPT ANDY LAKE,,WDG4759,31,12,26,,,90,A
367539810,2022-01-05T23:40:15,29.73835,-95.20318,5.3,228.4,218.0,CAPT ANDY LAKE,,WDG4759,31,12,26,,,90,A
367539810,2022-01-05T23:59:55,29.72554,-95.22592,5.0,268.6,259.0,CAPT ANDY LAKE,,WDG4759,31,12,26,,,90,A
367539810,2022-01-05T23:27:15,29.74597,-95.18397,5.2,266.1,260.0,CAPT ANDY LAKE,,WDG4759,31,12,26,,,90,A
367539810,2022-01-05T09:05:24,29.70683,-95.04747,0.0,307.5,201.0,CAPT ANDY LAKE,,WDG4759,31,12,26,,,90,A
367539810,2022-01-05T23:43:35,29.73458,-95.20634,5.0,209.6,206.0,CAPT ANDY LAKE,,WDG4759,31,12,26,,,90,A
367539810,2022-01-05T23:30:55,29.74475,-95.18981,5.1,246.2,243.0,CAPT ANDY LAKE,,WDG4759,31,12,26,,,90,A
367539810,2022-01-05T23:44:45,29.73314,-95.20728,5.1,208.9,204.0,CAPT ANDY LAKE,,WDG4759,31,12,26,,,90,A
367539810,2022-01-05T23:45:54,29.73175,-95.20815,4.8,205.2,200.0,CAPT ANDY LAKE,,WDG4759,31,12,26,,,90,A
367539810,2022-01-05T23:41:16,29.73730,-95.20431,5.1,220.3,212.0,CAPT ANDY LAKE,,WDG4759,31,12,26,,,90,A
367539810,2022-01-05T23:55:16,29.72444,-95.21859,4.8,275.6,279.0,CAPT ANDY LAKE,,WDG4759,31,12,26,,,90,A
367539810,2022-01-05T09:11:05,29.70682,-95.04745,0.1,204.2,201.0,CAPT ANDY LAKE,,WDG4759,31,12,26,,,90,A
367539810,2022-01-05T23:57:35,29.72505,-95.22222,5.1,284.1,281.0,CAPT ANDY LAKE,,WDG4759,31,12,26,,,90,A
367539810,2022-01-05T23:56:25,29.72467,-95.22036,5.0,280.5,282.0,CAPT ANDY LAKE,,WDG4759,31,12,26,,,90,A
367539810,2022-01-05T23:48:15,29.72891,-95.20957,4.8,204.8,212.0,CAPT ANDY LAKE,,WDG4759,31,12,26,,,90,A
367539810,2022-01-05T23:51:45,29.72570,-95.21334,4.9,243.2,246.0,CAPT ANDY LAKE,,WDG4759,31,12,26,,,90,A
367539810,2022-01-05T23:58:45,29.72544,-95.22408,5.1,280.9,268.0,CAPT ANDY LAKE,,WDG4759,31,12,26,,,90,A
367539810,2022-01-05T09:23:46,29.70683,-95.04747,0.1,209.8,200.0,CAPT ANDY LAKE,,WDG4759,31,12,26,,,90,A
367539810,2022-01-05T09:27:15,29.70681,-95.04747,0.0,205.6,200.0,CAPT ANDY LAKE,,WDG4759,31,12,26,,,90,A
367539810,2022-01-05T09:45:55,29.70684,-95.04747,0.0,184.5,197.0,CAPT ANDY LAKE,,WDG4759,31,12,26,,,90,A
367539810,2022-01-05T09:50:26,29.70681,-95.04745,0.0,289.1,199.0,CAPT ANDY LAKE,,WDG4759,31,12,26,,,90,A
367539810,2022-01-05T09:52:46,29.70683,-95.04746,0.0,249.5,198.0,CAPT ANDY LAKE,,WDG4759,31,12,26,,,90,A
367539810,2022-01-05T09:58:35,29.70683,-95.04745,0.0,109.4,197.0,CAPT ANDY LAKE,,WDG4759,31,12,26,,,90,A
367539810,2022-01-05T10:01:15,29.70682,-95.04745,0.0,259.6,198.0,CAPT ANDY LAKE,,WDG4759,31,12,26,,,90,A
367539810,2022-01-05T10:05:55,29.70682,-95.04745,0.0,19.4,198.0,CAPT ANDY LAKE,,WDG4759,31,12,26,,,90,A
367539810,2022-01-05T10:08:16,29.70681,-95.04745,0.0,227.3,199.0,CAPT ANDY LAKE,,WDG4759,31,12,26,,,90,A
367539810,2022-01-05T10:10:44,29.70681,-95.04745,0.0,256.5,199.0,CAPT ANDY LAKE,,WDG4759,31,12,26,,,90,A
367539810,2022-01-05T10:09:36,29.70681,-95.04745,0.0,256.7,199.0,CAPT ANDY LAKE,,WDG4759,31,12,26,,,90,A
367539810,2022-01-05T10:16:36,29.70682,-95.04746,0.0,3.2,198.0,CAPT ANDY LAKE,,WDG4759,31,12,26,,,90,A
367539810,2022-01-05T10:20:06,29.70683,-95.04746,0.0,37.7,197.0,CAPT ANDY LAKE,,WDG4759,31,12,26,,,90,A
367539810,2022-01-05T10:25:56,29.70681,-95.04745,0.0,288.3,198.0,CAPT ANDY LAKE,,WDG4759,31,12,26,,,90,A
367539810,2022-01-05T11:01:39,29.70639,-95.04752,2.5,200.2,208.0,CAPT ANDY LAKE,,WDG4759,31,12,26,,,90,A
367539810,2022-01-05T11:06:05,29.70592,-95.04778,0.0,342.9,190.0,CAPT ANDY LAKE,,WDG4759,31,12,26,,,90,A
367539810,2022-01-05T11:15:14,29.70697,-95.04745,0.0,289.1,16.0,CAPT ANDY LAKE,,WDG4759,31,12,26,,,90,A
367539810,2022-01-05T11:19:46,29.70695,-95.04745,0.0,260.4,18.0,CAPT ANDY LAKE,,WDG4759,31,12,26,,,90,A
367539810,2022-01-05T11:20:55,29.70696,-95.04743,0.0,209.9,18.0,CAPT ANDY LAKE,,WDG4759,31,12,26,,,90,A
367539810,2022-01-05T11:25:35,29.70695,-95.04744,0.0,317.6,19.0,CAPT ANDY LAKE,,WDG4759,31,12,26,,,90,A
367539810,2022-01-05T11:41:36,29.70694,-95.04744,0.0,270.2,18.0,CAPT ANDY LAKE,,WDG4759,31,12,26,,,90,A
367539810,2022-01-05T11:53:14,29.70695,-95.04744,0.0,281.5,17.0,CAPT ANDY LAKE,,WDG4759,31,12,26,,,90,A
367539810,2022-01-05T11:58:55,29.70697,-95.04746,0.0,263.2,18.0,CAPT ANDY LAKE,,WDG4759,31,12,26,,,90,A
367539810,2022-01-05T12:06:45,29.70695,-95.04744,0.0,260.8,20.0,CAPT ANDY LAKE,,WDG4759,31,12,26,,,90,A
367539810,2022-01-05T12:27:45,29.70695,-95.04744,0.0,197.5,19.0,CAPT ANDY LAKE,,WDG4759,31,12,26,,,90,A
367539810,2022-01-05T12:33:24,29.70695,-95.04745,0.0,18.3,18.0,CAPT ANDY LAKE,,WDG4759,31,12,26,,,90,A
367539810,2022-01-05T12:53:05,29.70697,-95.04744,0.0,269.7,17.0,CAPT ANDY LAKE,,WDG4759,31,12,26,,,90,A
367539810,2022-01-05T12:57:35,29.70696,-95.04744,0.1,336.1,18.0,CAPT ANDY LAKE,,WDG4759,31,12,26,,,90,A
367539810,2022-01-05T13:07:16,29.70693,-95.04743,0.0,193.5,19.0,CAPT ANDY LAKE,,WDG4759,31,12,26,,,90,A
367539810,2022-01-05T13:16:36,29.70697,-95.04745,0.0,8.2,17.0,CAPT ANDY LAKE,,WDG4759,31,12,26,,,90,A
367539810,2022-01-05T13:34:44,29.70697,-95.04745,0.0,159.8,18.0,CAPT ANDY LAKE,,WDG4759,31,12,26,,,90,A
367539810,2022-01-05T13:41:25,29.70696,-95.04744,0.0,42.2,19.0,CAPT ANDY LAKE,,WDG4759,31,12,26,,,90,A
367539810,2022-01-05T13:48:14,29.70696,-95.04746,0.0,232.1,18.0,CAPT ANDY LAKE,,WDG4759,31,12,26,,,90,A
367539810,2022-01-05T13:52:55,29.70698,-95.04744,0.0,323.4,17.0,CAPT ANDY LAKE,,WDG4759,31,12,26,,,90,A
367539810,2022-01-05T13:57:36,29.70696,-95.04744,0.0,20.4,17.0,CAPT ANDY LAKE,,WDG4759,31,12,26,,,90,A
367539810,2022-01-05T13:58:45,29.70697,-95.04745,0.0,153.3,17.0,CAPT ANDY LAKE,,WDG4759,31,12,26,,,90,A
367539810,2022-01-05T14:05:44,29.70696,-95.04745,0.0,342.1,19.0,CAPT ANDY LAKE,,WDG4759,31,12,26,,,90,A
367539810,2022-01-05T14:13:56,29.70697,-95.04745,0.0,220.6,19.0,CAPT ANDY LAKE,,WDG4759,31,12,26,,,90,A
367539810,2022-01-05T14:21:55,29.70696,-95.04748,0.0,298.6,17.0,CAPT ANDY LAKE,,WDG4759,31,12,26,,,90,A
367539810,2022-01-05T14:35:36,29.70696,-95.04747,0.0,25.0,18.0,CAPT ANDY LAKE,,WDG4759,31,12,26,,,90,A
367539810,2022-01-05T14:50:45,29.70696,-95.04743,0.0,199.1,19.0,CAPT ANDY LAKE,,WDG4759,31,12,26,,,90,A
367539810,2022-01-05T15:14:16,29.70695,-95.04744,0.0,279.5,20.0,CAPT ANDY LAKE,,WDG4759,31,12,26,,,90,A
367539810,2022-01-05T15:23:25,29.70696,-95.04744,0.0,217.0,19.0,CAPT ANDY LAKE,,WDG4759,31,12,26,,,90,A
367539810,2022-01-05T15:27:55,29.70696,-95.04744,0.0,284.1,16.0,CAPT ANDY LAKE,,WDG4759,31,12,26,,,90,A
367539810,2022-01-05T15:33:46,29.70696,-95.04745,0.0,169.6,18.0,CAPT ANDY LAKE,,WDG4759,31,12,26,,,90,A
367539810,2022-01-05T15:47:16,29.70695,-95.04743,0.0,156.4,19.0,CAPT ANDY LAKE,,WDG4759,31,12,26,,,90,A
367539810,2022-01-05T16:16:35,29.70696,-95.04744,0.0,240.7,18.0,CAPT ANDY LAKE,,WDG4759,31,12,26,,,90,A
367539810,2022-01-05T16:33:45,29.70697,-95.04745,0.0,215.0,17.0,CAPT ANDY LAKE,,WDG4759,31,12,26,,,90,A
367539810,2022-01-05T16:57:55,29.70696,-95.04744,0.0,123.7,17.0,CAPT ANDY LAKE,,WDG4759,31,12,26,,,90,A
367539810,2022-01-05T17:16:05,29.70696,-95.04743,0.0,318.5,17.0,CAPT ANDY LAKE,,WDG4759,31,12,26,,,90,A
367539810,2022-01-05T17:18:25,29.70696,-95.04746,0.0,278.0,17.0,CAPT ANDY LAKE,,WDG4759,31,12,26,,,90,A
367539810,2022-01-05T17:23:58,29.70671,-95.04717,1.3,100.0,178.0,CAPT ANDY LAKE,,WDG4759,31,12,26,,,90,A
367539810,2022-01-05T17:26:05,29.70565,-95.04679,0.8,336.6,177.0,CAPT ANDY LAKE,,WDG4759,31,12,26,,,90,A
367539810,2022-01-05T17:50:25,29.70630,-95.04729,0.7,129.0,160.0,CAPT ANDY LAKE,,WDG4759,31,12,26,,,90,A
367539810,2022-01-05T17:53:46,29.70562,-95.04674,0.3,160.0,186.0,CAPT ANDY LAKE,,WDG4759,31,12,26,,,90,A
367539810,2022-01-05T17:59:16,29.70581,-95.04728,0.0,177.8,184.0,CAPT ANDY LAKE,,WDG4759,31,12,26,,,90,A
367539810,2022-01-05T18:02:25,29.70580,-95.04726,0.0,203.6,192.0,CAPT ANDY LAKE,,WDG4759,31,12,26,,,90,A
367539810,2022-01-05T18:20:55,29.70694,-95.04743,0.0,234.9,19.0,CAPT ANDY LAKE,,WDG4759,31,12,26,,,90,A
367539810,2022-01-05T18:45:05,29.70694,-95.04744,0.0,229.2,19.0,CAPT ANDY LAKE,,WDG4759,31,12,26,,,90,A
367539810,2022-01-05T18:47:25,29.70695,-95.04743,0.0,214.5,19.0,CAPT ANDY LAKE,,WDG4759,31,12,26,,,90,A
367539810,2022-01-05T19:09:25,29.70686,-95.04743,0.0,240.0,291.0,CAPT ANDY LAKE,,WDG4759,31,12,26,,,90,A
367539810,2022-01-05T19:26:45,29.70686,-95.04744,0.0,231.4,291.0,CAPT ANDY LAKE,,WDG4759,31,12,26,,,90,A
367539810,2022-01-05T19:27:56,29.70686,-95.04744,0.0,192.5,292.0,CAPT ANDY LAKE,,WDG4759,31,12,26,,,90,A
367539810,2022-01-05T19:29:05,29.70687,-95.04744,0.0,30.1,291.0,CAPT ANDY LAKE,,WDG4759,31,12,26,,,90,A
367539810,2022-01-05T19:31:25,29.70686,-95.04744,0.0,140.0,290.0,CAPT ANDY LAKE,,WDG4759,31,12,26,,,90,A
367539810,2022-01-05T19:32:34,29.70685,-95.04744,0.0,207.1,291.0,CAPT ANDY LAKE,,WDG4759,31,12,26,,,90,A
367539810,2022-01-05T19:33:44,29.70686,-95.04745,0.0,259.0,291.0,CAPT ANDY LAKE,,WDG4759,31,12,26,,,90,A
367539810,2022-01-05T19:42:54,29.70686,-95.04745,0.0,318.2,289.0,CAPT ANDY LAKE,,WDG4759,31,12,26,,,90,A
367539810,2022-01-05T19:59:05,29.70657,-95.04739,0.7,28.1,28.0,CAPT ANDY LAKE,,WDG4759,31,12,26,,,90,A
367539810,2022-01-05T20:20:05,29.70928,-95.04536,0.0,354.1,281.0,CAPT ANDY LAKE,,WDG4759,31,12,26,,,90,A
367539810,2022-01-05T20:26:52,29.70851,-95.04627,4.3,267.5,286.0,CAPT ANDY LAKE,,WDG4759,31,12,26,,,90,A
367539810,2022-01-05T20:35:45,29.70887,-95.04612,1.6,113.7,101.0,CAPT ANDY LAKE,,WDG4759,31,12,26,,,90,A
367539810,2022-01-05T20:46:04,29.70661,-95.03754,2.9,114.8,103.0,CAPT ANDY LAKE,,WDG4759,31,12,26,,,90,A
367539810,2022-01-05T20:50:35,29.70585,-95.03426,1.9,104.9,110.0,CAPT ANDY LAKE,,WDG4759,31,12,26,,,90,A
367539810,2022-01-05T21:08:29,29.70355,-95.02226,3.7,80.1,46.0,CAPT ANDY LAKE,,WDG4759,31,12,26,,,90,A
367539810,2022-01-05T21:10:45,29.70541,-95.02064,4.4,24.7,20.0,CAPT ANDY LAKE,,WDG4759,31,12,26,,,90,A
367539810,2022-01-05T21:16:24,29.71297,-95.02021,4.9,0.2,0.0,CAPT ANDY LAKE,,WDG4759,31,12,26,,,90,A
367539810,2022-01-05T21:19:55,29.71786,-95.02006,5.0,2.0,358.0,CAPT ANDY LAKE,,WDG4759,31,12,26,,,90,A
367539810,2022-01-05T21:23:15,29.72247,-95.02059,5.1,342.2,334.0,CAPT ANDY LAKE,,WDG4759,31,12,26,,,90,A
367539810,2022-01-05T21:40:44,29.73216,-95.04449,5.5,287.9,288.0,CAPT ANDY LAKE,,WDG4759,31,12,26,,,90,A
367539810,2022-01-05T21:55:26,29.74593,-95.06166,4.9,334.2,333.0,CAPT ANDY LAKE,,WDG4759,31,12,26,,,90,A
367539810,2022-01-05T22:04:56,29.75781,-95.06833,4.8,318.0,309.0,CAPT ANDY LAKE,,WDG4759,31,12,26,,,90,A
367539810,2022-01-05T22:07:15,29.75983,-95.07116,5.0,303.5,299.0,CAPT ANDY LAKE,,WDG4759,31,12,26,,,90,A
367539810,2022-01-05T22:08:26,29.76071,-95.07273,5.1,299.5,297.0,CAPT ANDY LAKE,,WDG4759,31,12,26,,,90,A
367539810,2022-01-05T22:11:55,29.76311,-95.07783,5.3,296.4,287.0,CAPT ANDY LAKE,,WDG4759,31,12,26,,,90,A
367539810,2022-01-05T22:17:45,29.76353,-95.08717,4.9,241.7,229.0,CAPT ANDY LAKE,,WDG4759,31,12,26,,,90,A
367539810,2022-01-05T22:24:45,29.75590,-95.09368,5.2,209.0,210.0,CAPT ANDY LAKE,,WDG4759,31,12,26,,,90,A
367539810,2022-01-05T23:05:04,29.73713,-95.15174,5.2,286.1,289.0,CAPT ANDY LAKE,,WDG4759,31,12,26,,,90,A
367539810,2022-01-05T23:06:16,29.73774,-95.15356,5.2,293.3,302.0,CAPT ANDY LAKE,,WDG4759,31,12,26,,,90,A
367539810,2022-01-05T23:16:56,29.74646,-95.16734,4.9,289.5,280.0,CAPT ANDY LAKE,,WDG4759,31,12,26,,,90,A
367539810,2022-01-05T23:18:06,29.74687,-95.16912,5.0,281.6,274.0,CAPT ANDY LAKE,,WDG4759,31,12,26,,,90,A
367539810,2022-01-05T23:21:25,29.74694,-95.17449,5.1,261.2,256.0,CAPT ANDY LAKE,,WDG4759,31,12,26,,,90,A
367539810,2022-01-05T23:42:24,29.73600,-95.20539,5.0,212.6,207.0,CAPT ANDY LAKE,,WDG4759,31,12,26,,,90,A
367539810,2022-01-05T23:52:55,29.72506,-95.21500,5.0,247.6,252.0,CAPT ANDY LAKE,,WDG4759,31,12,26,,,90,A
367539810,2022-01-06T00:00:04,29.72553,-95.22619,5.0,267.4,258.0,CAPT ANDY LAKE,,WDG4759,31,12,26,,,90,A
367539810,2022-01-06T00:01:15,29.72536,-95.22802,5.0,260.9,252.0,CAPT ANDY LAKE,,WDG4759,31,12,26,,,90,A
367539810,2022-01-06T00:02:26,29.72498,-95.22985,5.0,254.0,247.0,CAPT ANDY LAKE,,WDG4759,31,12,26,,,90,A
367539810,2022-01-06T00:03:34,29.72445,-95.23159,5.1,249.4,241.0,CAPT ANDY LAKE,,WDG4759,31,12,26,,,90,A
367539810,2022-01-06T00:04:45,29.72377,-95.23329,5.0,240.9,233.0,CAPT ANDY LAKE,,WDG4759,31,12,26,,,90,A
367539810,2022-01-06T00:05:55,29.72291,-95.23480,4.4,235.2,226.0,CAPT ANDY LAKE,,WDG4759,31,12,26,,,90,A
367539810,2022-01-06T00:07:06,29.72215,-95.23598,3.6,232.6,213.0,CAPT ANDY LAKE,,WDG4759,31,12,26,,,90,A
367539810,2022-01-06T00:09:24,29.72084,-95.23732,2.2,206.4,176.0,CAPT ANDY LAKE,,WDG4759,31,12,26,,,90,A
367539810,2022-01-06T00:08:15,29.72147,-95.23682,2.8,222.8,195.0,CAPT ANDY LAKE,,WDG4759,31,12,26,,,90,A
367539810,2022-01-06T00:11:35,29.71986,-95.23743,1.3,164.7,176.0,CAPT ANDY LAKE,,WDG4759,31,12,26,,,90,A
367539810,2022-01-06T00:10:34,29.72025,-95.23749,1.6,182.6,170.0,CAPT ANDY LAKE,,WDG4759,31,12,26,,,90,A
367539810,2022-01-06T00:13:55,29.71975,-95.23729,0.1,19.5,185.0,CAPT ANDY LAKE,,WDG4759,31,12,26,,,90,A
367539810,2022-01-06T00:12:44,29.71971,-95.23735,0.2,64.7,184.0,CAPT ANDY LAKE,,WDG4759,31,12,26,,,90,A
367539810,2022-01-06T00:16:14,29.71979,-95.23739,0.3,249.6,172.0,CAPT ANDY LAKE,,WDG4759,31,12,26,,,90,A
367539810,2022-01-06T00:17:15,29.71975,-95.23738,0.4,100.3,172.0,CAPT ANDY LAKE,,WDG4759,31,12,26,,,90,A
367539810,2022-01-06T00:15:04,29.71979,-95.23730,0.1,314.5,183.0,CAPT ANDY LAKE,,WDG4759,31,12,26,,,90,A
367539810,2022-01-06T00:21:55,29.71972,-95.23707,0.2,354.0,196.0,CAPT ANDY LAKE,,WDG4759,31,12,26,,,90,A
367539810,2022-01-06T00:20:44,29.71971,-95.23709,0.1,102.7,192.0,CAPT ANDY LAKE,,WDG4759,31,12,26,,,90,A
367539810,2022-01-06T00:22:56,29.71961,-95.23740,2.0,200.8,162.0,CAPT ANDY LAKE,,WDG4759,31,12,26,,,90,A
367539810,2022-01-06T00:18:26,29.71974,-95.23722,0.3,106.7,185.0,CAPT ANDY LAKE,,WDG4759,31,12,26,,,90,A
367539810,2022-01-06T00:23:59,29.71947,-95.23740,0.1,181.0,100.0,CAPT ANDY LAKE,,WDG4759,31,12,26,,,90,A
367539810,2022-01-06T00:19:35,29.71972,-95.23714,0.2,106.9,191.0,CAPT ANDY LAKE,,WDG4759,31,12,26,,,90,A
367539810,2022-01-06T00:28:35,29.71944,-95.23725,0.5,181.3,29.0,CAPT ANDY LAKE,,WDG4759,31,12,26,,,90,A
367539810,2022-01-06T00:25:05,29.71947,-95.23735,0.1,99.8,93.0,CAPT ANDY LAKE,,WDG4759,31,12,26,,,90,A
367539810,2022-01-06T00:27:24,29.71943,-95.23726,0.1,119.6,105.0,CAPT ANDY LAKE,,WDG4759,31,12,26,,,90,A
367539810,2022-01-06T00:33:05,29.71946,-95.23722,0.1,231.7,80.0,CAPT ANDY LAKE,,WDG4759,31,12,26,,,90,A
367539810,2022-01-06T00:26:14,29.71944,-95.23733,0.3,144.1,79.0,CAPT ANDY LAKE,,WDG4759,31,12,26,,,90,A
367539810,2022-01-06T00:29:46,29.71939,-95.23725,0.1,260.9,12.0,CAPT ANDY LAKE,,WDG4759,31,12,26,,,90,A
367539810,2022-01-06T00:30:54,29.71941,-95.23723,0.2,36.4,15.0,CAPT ANDY LAKE,,WDG4759,31,12,26,,,90,A
367539810,2022-01-06T00:31:58,29.71948,-95.23721,0.4,60.4,93.0,CAPT ANDY LAKE,,WDG4759,31,12,26,,,90,A
367539810,2022-01-06T00:35:24,29.71947,-95.23721,0.0,233.2,88.0,CAPT ANDY LAKE,,WDG4759,31,12,26,,,90,A
367539810,2022-01-06T00:34:15,29.71947,-95.23721,0.0,249.2,97.0,CAPT ANDY LAKE,,WDG4759,31,12,26,,,90,A
367539810,2022-01-06T00:37:45,29.71947,-95.23720,0.1,47.2,92.0,CAPT ANDY LAKE,,WDG4759,31,12,26,,,90,A
367539810,2022-01-06T00:36:36,29.71946,-95.23720,0.0,228.2,85.0,CAPT ANDY LAKE,,WDG4759,31,12,26,,,90,A
367539810,2022-01-06T00:38:55,29.71948,-95.23720,0.0,56.6,103.0,CAPT ANDY LAKE,,WDG4759,31,12,26,,,90,A
367539810,2022-01-06T00:40:04,29.71947,-95.23719,0.0,247.4,103.0,CAPT ANDY LAKE,,WDG4759,31,12,26,,,90,A
367539810,2022-01-06T00:41:16,29.71945,-95.23718,0.0,205.8,103.0,CAPT ANDY LAKE,,WDG4759,31,12,26,,,90,A
367539810,2022-01-06T00:43:19,29.71876,-95.23738,1.6,154.5,118.0,CAPT ANDY LAKE,,WDG4759,31,12,26,,,90,A
367539810,2022-01-06T00:45:25,29.71884,-95.23720,0.1,293.1,19.0,CAPT ANDY LAKE,,WDG4759,31,12,26,,,90,A
367539810,2022-01-06T00:47:45,29.71883,-95.23719,0.0,252.6,16.0,CAPT ANDY LAKE,,WDG4759,31,12,26,,,90,A
367539810,2022-01-06T00:42:18,29.71937,-95.23726,1.1,203.1,159.0,CAPT ANDY LAKE,,WDG4759,31,12,26,,,90,A
367539810,2022-01-06T00:44:21,29.71884,-95.23717,0.3,81.8,10.0,CAPT ANDY LAKE,,WDG4759,31,12,26,,,90,A
367539810,2022-01-06T00:50:05,29.71883,-95.23719,0.0,260.8,17.0,CAPT ANDY LAKE,,WDG4759,31,12,26,,,90,A
367539810,2022-01-06T00:46:35,29.71884,-95.23718,0.0,218.0,16.0,CAPT ANDY LAKE,,WDG4759,31,12,26,,,90,A
367539810,2022-01-06T00:55:44,29.71883,-95.23718,0.0,234.5,16.0,CAPT ANDY LAKE,,WDG4759,31,12,26,,,90,A
367539810,2022-01-06T00:51:15,29.71882,-95.23720,0.0,251.1,17.0,CAPT ANDY LAKE,,WDG4759,31,12,26,,,90,A
367539810,2022-01-06T00:48:54,29.71883,-95.23719,0.0,238.3,17.0,CAPT ANDY LAKE,,WDG4759,31,12,26,,,90,A
367539810,2022-01-06T00:53:34,29.71883,-95.23718,0.0,217.9,15.0,CAPT ANDY LAKE,,WDG4759,31,12,26,,,90,A
367539810,2022-01-06T00:52:24,29.71883,-95.23719,0.0,272.7,16.0,CAPT ANDY LAKE,,WDG4759,31,12,26,,,90,A
367539810,2022-01-06T00:59:05,29.71885,-95.23720,0.0,222.8,16.0,CAPT ANDY LAKE,,WDG4759,31,12,26,,,90,A
367539810,2022-01-06T00:54:35,29.71882,-95.23718,0.0,218.3,15.0,CAPT ANDY LAKE,,WDG4759,31,12,26,,,90,A
367539810,2022-01-06T00:56:55,29.71884,-95.23719,0.0,284.6,17.0,CAPT ANDY LAKE,,WDG4759,31,12,26,,,90,A
367539810,2022-01-06T01:02:35,29.71883,-95.23720,0.0,212.5,16.0,CAPT ANDY LAKE,,WDG4759,31,12,26,,,90,A
367539810,2022-01-06T01:00:15,29.71885,-95.23721,0.0,250.4,16.0,CAPT ANDY LAKE,,WDG4759,31,12,26,,,90,A
367539810,2022-01-06T01:01:26,29.71884,-95.23720,0.0,229.3,15.0,CAPT ANDY LAKE,,WDG4759,31,12,26,,,90,A
367539810,2022-01-06T01:07:06,29.71884,-95.23720,0.0,229.6,16.0,CAPT ANDY LAKE,,WDG4759,31,12,26,,,90,A
367539810,2022-01-06T00:58:04,29.71885,-95.23720,0.0,226.8,17.0,CAPT ANDY LAKE,,WDG4759,31,12,26,,,90,A
367539810,2022-01-06T01:10:35,29.71884,-95.23720,0.0,189.8,15.0,CAPT ANDY LAKE,,WDG4759,31,12,26,,,90,A
367539810,2022-01-06T01:08:15,29.71884,-95.23720,0.0,270.0,16.0,CAPT ANDY LAKE,,WDG4759,31,12,26,,,90,A
367539810,2022-01-06T01:09:34,29.71884,-95.23719,0.0,246.0,15.0,CAPT ANDY LAKE,,WDG4759,31,12,26,,,90,A
367539810,2022-01-06T01:14:06,29.71883,-95.23718,0.0,187.2,14.0,CAPT ANDY LAKE,,WDG4759,31,12,26,,,90,A
367539810,2022-01-06T01:03:45,29.71883,-95.23718,0.0,199.8,15.0,CAPT ANDY LAKE,,WDG4759,31,12,26,,,90,A
367539810,2022-01-06T01:16:25,29.71883,-95.23718,0.0,259.3,15.0,CAPT ANDY LAKE,,WDG4759,31,12,26,,,90,A
367539810,2022-01-06T01:21:06,29.71883,-95.23718,0.0,196.5,15.0,CAPT ANDY LAKE,,WDG4759,31,12,26,,,90,A
367539810,2022-01-06T01:04:55,29.71884,-95.23719,0.0,303.1,16.0,CAPT ANDY LAKE,,WDG4759,31,12,26,,,90,A
367539810,2022-01-06T01:19:54,29.71883,-95.23717,0.0,234.8,15.0,CAPT ANDY LAKE,,WDG4759,31,12,26,,,90,A
367539810,2022-01-06T01:06:05,29.71883,-95.23719,0.0,195.2,16.0,CAPT ANDY LAKE,,WDG4759,31,12,26,,,90,A
367539810,2022-01-06T01:15:15,29.71883,-95.23718,0.0,210.0,15.0,CAPT ANDY LAKE,,WDG4759,31,12,26,,,90,A
367539810,2022-01-06T01:25:45,29.71883,-95.23717,0.0,239.2,16.0,CAPT ANDY LAKE,,WDG4759,31,12,26,,,90,A
367539810,2022-01-06T01:24:35,29.71883,-95.23718,0.0,158.1,16.0,CAPT ANDY LAKE,,WDG4759,31,12,26,,,90,A
367539810,2022-01-06T01:28:05,29.71884,-95.23717,0.0,287.2,15.0,CAPT ANDY LAKE,,WDG4759,31,12,26,,,90,A
367539810,2022-01-06T01:22:15,29.71883,-95.23717,0.0,211.2,15.0,CAPT ANDY LAKE,,WDG4759,31,12,26,,,90,A
367539810,2022-01-06T01:32:04,29.71883,-95.23718,0.0,231.7,14.0,CAPT ANDY LAKE,,WDG4759,31,12,26,,,90,A
367539810,2022-01-06T01:23:25,29.71884,-95.23719,0.0,326.1,16.0,CAPT ANDY LAKE,,WDG4759,31,12,26,,,90,A
367539810,2022-01-06T01:34:25,29.71884,-95.23717,0.0,291.0,15.0,CAPT ANDY LAKE,,WDG4759,31,12,26,,,90,A
367539810,2022-01-06T01:12:56,29.71883,-95.23718,0.0,193.6,14.0,CAPT ANDY LAKE,,WDG4759,31,12,26,,,90,A
367539810,2022-01-06T01:26:55,29.71883,-95.23718,0.0,232.6,15.0,CAPT ANDY LAKE,,WDG4759,31,12,26,,,90,A
367539810,2022-01-06T01:36:45,29.71883,-95.23720,0.0,332.2,15.0,CAPT ANDY LAKE,,WDG4759,31,12,26,,,90,A
367539810,2022-01-06T01:11:46,29.71884,-95.23719,0.0,258.3,15.0,CAPT ANDY LAKE,,WDG4759,31,12,26,,,90,A
367539810,2022-01-06T01:40:16,29.71883,-95.23718,0.1,283.0,16.0,CAPT ANDY LAKE,,WDG4759,31,12,26,,,90,A
367539810,2022-01-06T01:37:56,29.71884,-95.23719,0.0,279.9,16.0,CAPT ANDY LAKE,,WDG4759,31,12,26,,,90,A
367539810,2022-01-06T01:17:35,29.71883,-95.23717,0.0,277.9,15.0,CAPT ANDY LAKE,,WDG4759,31,12,26,,,90,A
367539810,2022-01-06T01:41:25,29.71883,-95.23718,0.0,304.7,16.0,CAPT ANDY LAKE,,WDG4759,31,12,26,,,90,A
367539810,2022-01-06T01:33:15,29.71884,-95.23718,0.0,268.0,14.0,CAPT ANDY LAKE,,WDG4759,31,12,26,,,90,A
367539810,2022-01-06T01:46:04,29.71882,-95.23717,0.0,98.4,16.0,CAPT ANDY LAKE,,WDG4759,31,12,26,,,90,A
367539810,2022-01-06T01:47:14,29.71882,-95.23717,0.0,148.6,15.0,CAPT ANDY LAKE,,WDG4759,31,12,26,,,90,A
367539810,2022-01-06T01:18:44,29.71883,-95.23717,0.0,235.4,15.0,CAPT ANDY LAKE,,WDG4759,31,12,26,,,90,A
367539810,2022-01-06T01:48:15,29.71882,-95.23717,0.0,283.8,15.0,CAPT ANDY LAKE,,WDG4759,31,12,26,,,90,A
367539810,2022-01-06T01:42:35,29.71883,-95.23719,0.0,307.2,17.0,CAPT ANDY LAKE,,WDG4759,31,12,26,,,90,A
367539810,2022-01-06T01:50:36,29.71883,-95.23718,0.0,297.0,16.0,CAPT ANDY LAKE,,WDG4759,31,12,26,,,90,A
367539810,2022-01-06T01:51:46,29.71882,-95.23719,0.0,196.5,14.0,CAPT ANDY LAKE,,WDG4759,31,12,26,,,90,A
367539810,2022-01-06T01:30:55,29.71884,-95.23718,0.0,118.0,14.0,CAPT ANDY LAKE,,WDG4759,31,12,26,,,90,A
367539810,2022-01-06T01:57:34,29.71883,-95.23718,0.0,330.8,16.0,CAPT ANDY LAKE,,WDG4759,31,12,26,,,90,A
367539810,2022-01-06T01:58:45,29.71882,-95.23717,0.0,299.0,16.0,CAPT ANDY LAKE,,WDG4759,31,12,26,,,90,A
367539810,2022-01-06T01:59:55,29.71883,-95.23718,0.0,311.8,16.0,CAPT ANDY LAKE,,WDG4759,31,12,26,,,90,A
367539810,2022-01-06T02:01:34,29.71882,-95.23718,0.0,286.7,16.0,CAPT ANDY LAKE,,WDG4759,31,12,26,,,90,A
367539810,2022-01-06T01:35:35,29.71884,-95.23718,0.0,273.6,15.0,CAPT ANDY LAKE,,WDG4759,31,12,26,,,90,A
367539810,2022-01-06T01:29:15,29.71883,-95.23719,0.0,230.6,15.0,CAPT ANDY LAKE,,WDG4759,31,12,26,,,90,A
367539810,2022-01-06T02:02:46,29.71882,-95.23718,0.0,288.1,16.0,CAPT ANDY LAKE,,WDG4759,31,12,26,,,90,A
367539810,2022-01-06T01:55:14,29.71883,-95.23718,0.0,268.5,14.0,CAPT ANDY LAKE,,WDG4759,31,12,26,,,90,A
367539810,2022-01-06T01:52:55,29.71882,-95.23718,0.0,211.1,14.0,CAPT ANDY LAKE,,WDG4759,31,12,26,,,90,A
367539810,2022-01-06T02:03:55,29.71883,-95.23719,0.0,282.3,16.0,CAPT ANDY LAKE,,WDG4759,31,12,26,,,90,A
367539810,2022-01-06T02:06:15,29.71883,-95.23718,0.0,277.5,16.0,CAPT ANDY LAKE,,WDG4759,31,12,26,,,90,A
367539810,2022-01-06T01:39:05,29.71885,-95.23718,0.0,91.2,16.0,CAPT ANDY LAKE,,WDG4759,31,12,26,,,90,A
367539810,2022-01-06T02:08:34,29.71882,-95.23718,0.0,254.0,17.0,CAPT ANDY LAKE,,WDG4759,31,12,26,,,90,A
367539810,2022-01-06T02:00:24,29.71882,-95.23718,0.0,223.2,17.0,CAPT ANDY LAKE,,WDG4759,31,12,26,,,90,A
367539810,2022-01-06T01:43:45,29.71883,-95.23718,0.0,296.2,17.0,CAPT ANDY LAKE,,WDG4759,31,12,26,,,90,A
367539810,2022-01-06T01:44:56,29.71883,-95.23718,0.0,299.9,16.0,CAPT ANDY LAKE,,WDG4759,31,12,26,,,90,A
367539810,2022-01-06T02:13:15,29.71883,-95.23718,0.1,137.4,16.0,CAPT ANDY LAKE,,WDG4759,31,12,26,,,90,A
367539810,2022-01-06T02:14:25,29.71882,-95.23717,0.0,173.4,15.0,CAPT ANDY LAKE,,WDG4759,31,12,26,,,90,A
367539810,2022-01-06T02:07:24,29.71882,-95.23717,0.0,154.2,16.0,CAPT ANDY LAKE,,WDG4759,31,12,26,,,90,A
367539810,2022-01-06T02:20:15,29.71885,-95.23720,0.0,257.8,16.0,CAPT ANDY LAKE,,WDG4759,31,12,26,,,90,A
367539810,2022-01-06T02:05:05,29.71884,-95.23719,0.0,271.7,16.0,CAPT ANDY LAKE,,WDG4759,31,12,26,,,90,A
367539810,2022-01-06T02:12:05,29.71882,-95.23716,0.1,300.3,15.0,CAPT ANDY LAKE,,WDG4759,31,12,26,,,90,A
367539810,2022-01-06T02:26:05,29.71884,-95.23719,0.0,174.6,16.0,CAPT ANDY LAKE,,WDG4759,31,12,26,,,90,A
367539810,2022-01-06T01:49:24,29.71883,-95.23718,0.0,320.4,15.0,CAPT ANDY LAKE,,WDG4759,31,12,26,,,90,A
367539810,2022-01-06T02:33:04,29.71884,-95.23719,0.0,185.6,17.0,CAPT ANDY LAKE,,WDG4759,31,12,26,,,90,A
367539810,2022-01-06T02:21:25,29.71884,-95.23719,0.0,237.9,16.0,CAPT ANDY LAKE,,WDG4759,31,12,26,,,90,A
367539810,2022-01-06T02:22:35,29.71884,-95.23719,0.0,92.5,16.0,CAPT ANDY LAKE,,WDG4759,31,12,26,,,90,A
367539810,2022-01-06T02:17:56,29.71884,-95.23718,0.1,225.5,15.0,CAPT ANDY LAKE,,WDG4759,31,12,26,,,90,A
367539810,2022-01-06T01:54:05,29.71882,-95.23717,0.0,211.6,14.0,CAPT ANDY LAKE,,WDG4759,31,12,26,,,90,A
367539810,2022-01-06T02:19:05,29.71883,-95.23718,0.0,287.1,14.0,CAPT ANDY LAKE,,WDG4759,31,12,26,,,90,A
367539810,2022-01-06T01:56:25,29.71882,-95.23718,0.0,304.7,15.0,CAPT ANDY LAKE,,WDG4759,31,12,26,,,90,A
367539810,2022-01-06T02:39:06,29.71884,-95.23718,0.0,45.0,16.0,CAPT ANDY LAKE,,WDG4759,31,12,26,,,90,A
367539810,2022-01-06T02:24:54,29.71885,-95.23719,0.0,282.5,16.0,CAPT ANDY LAKE,,WDG4759,31,12,26,,,90,A
367539810,2022-01-06T02:46:06,29.71883,-95.23721,0.0,296.1,15.0,CAPT ANDY LAKE,,WDG4759,31,12,26,,,90,A
367539810,2022-01-06T02:47:15,29.71883,-95.23721,0.0,258.8,15.0,CAPT ANDY LAKE,,WDG4759,31,12,26,,,90,A
367539810,2022-01-06T02:48:25,29.71883,-95.23720,0.0,336.3,15.0,CAPT ANDY LAKE,,WDG4759,31,12,26,,,90,A
367539810,2022-01-06T02:15:35,29.71883,-95.23717,0.1,290.9,15.0,CAPT ANDY LAKE,,WDG4759,31,12,26,,,90,A
367539810,2022-01-06T02:16:45,29.71884,-95.23717,0.0,80.0,16.0,CAPT ANDY LAKE,,WDG4759,31,12,26,,,90,A
367539810,2022-01-06T02:41:26,29.71885,-95.23720,0.0,293.9,16.0,CAPT ANDY LAKE,,WDG4759,31,12,26,,,90,A
367539810,2022-01-06T02:36:35,29.71884,-95.23718,0.0,70.3,16.0,CAPT ANDY LAKE,,WDG4759,31,12,26,,,90,A
367539810,2022-01-06T02:43:45,29.71884,-95.23720,0.0,306.4,14.0,CAPT ANDY LAKE,,WDG4759,31,12,26,,,90,A
367539810,2022-01-06T02:09:46,29.71882,-95.23717,0.1,262.7,17.0,CAPT ANDY LAKE,,WDG4759,31,12,26,,,90,A
367539810,2022-01-06T02:49:36,29.71883,-95.23719,0.1,288.5,15.0,CAPT ANDY LAKE,,WDG4759,31,12,26,,,90,A
367539810,2022-01-06T02:23:46,29.71884,-95.23719,0.0,213.5,16.0,CAPT ANDY LAKE,,WDG4759,31,12,26,,,90,A
367539810,2022-01-06T02:10:54,29.71882,-95.23717,0.1,147.5,16.0,CAPT ANDY LAKE,,WDG4759,31,12,26,,,90,A
367539810,2022-01-06T02:54:15,29.71883,-95.23721,0.0,302.4,15.0,CAPT ANDY LAKE,,WDG4759,31,12,26,,,90,A
367539810,2022-01-06T02:44:55,29.71883,-95.23721,0.0,309.8,16.0,CAPT ANDY LAKE,,WDG4759,31,12,26,,,90,A
367539810,2022-01-06T02:59:56,29.71885,-95.23721,0.0,326.8,15.0,CAPT ANDY LAKE,,WDG4759,31,12,26,,,90,A
367539810,2022-01-06T02:56:35,29.71884,-95.23720,0.0,263.1,15.0,CAPT ANDY LAKE,,WDG4759,31,12,26,,,90,A
367539810,2022-01-06T02:57:45,29.71885,-95.23719,0.0,33.2,14.0,CAPT ANDY LAKE,,WDG4759,31,12,26,,,90,A
367539810,2022-01-06T02:58:46,29.71885,-95.23720,0.1,285.3,14.0,CAPT ANDY LAKE,,WDG4759,31,12,26,,,90,A
367539810,2022-01-06T03:10:05,29.71882,-95.23718,0.0,241.7,16.0,CAPT ANDY LAKE,,WDG4759,31,12,26,,,90,A
367539810,2022-01-06T02:29:35,29.71883,-95.23717,0.0,192.6,15.0,CAPT ANDY LAKE,,WDG4759,31,12,26,,,90,A
367539810,2022-01-06T02:55:25,29.71884,-95.23721,0.0,230.7,15.0,CAPT ANDY LAKE,,WDG4759,31,12,26,,,90,A
367539810,2022-01-06T02:30:46,29.71883,-95.23718,0.1,250.0,16.0,CAPT ANDY LAKE,,WDG4759,31,12,26,,,90,A
367539810,2022-01-06T03:11:14,29.71883,-95.23719,0.0,194.0,16.0,CAPT ANDY LAKE,,WDG4759,31,12,26,,,90,A
367539810,2022-01-06T02:31:55,29.71883,-95.23718,0.0,288.7,16.0,CAPT ANDY LAKE,,WDG4759,31,12,26,,,90,A
367539810,2022-01-06T03:14:45,29.71886,-95.23721,0.0,214.2,17.0,CAPT ANDY LAKE,,WDG4759,31,12,26,,,90,A
367539810,2022-01-06T02:51:56,29.71883,-95.23722,0.0,282.8,14.0,CAPT ANDY LAKE,,WDG4759,31,12,26,,,90,A
367539810,2022-01-06T03:15:55,29.71884,-95.23720,0.0,226.5,16.0,CAPT ANDY LAKE,,WDG4759,31,12,26,,,90,A
367539810,2022-01-06T02:34:14,29.71885,-95.23718,0.0,336.6,15.0,CAPT ANDY LAKE,,WDG4759,31,12,26,,,90,A
367539810,2022-01-06T02:37:44,29.71884,-95.23719,0.0,279.0,16.0,CAPT ANDY LAKE,,WDG4759,31,12,26,,,90,A
367539810,2022-01-06T03:13:35,29.71885,-95.23719,0.0,257.0,17.0,CAPT ANDY LAKE,,WDG4759,31,12,26,,,90,A
367539810,2022-01-06T03:07:46,29.71884,-95.23720,0.0,226.3,16.0,CAPT ANDY LAKE,,WDG4759,31,12,26,,,90,A
367539810,2022-01-06T02:40:14,29.71884,-95.23719,0.0,218.1,16.0,CAPT ANDY LAKE,,WDG4759,31,12,26,,,90,A
367539810,2022-01-06T02:42:35,29.71884,-95.23720,0.0,223.0,16.0,CAPT ANDY LAKE,,WDG4759,31,12,26,,,90,A
367539810,2022-01-06T02:27:15,29.71885,-95.23717,0.0,255.9,16.0,CAPT ANDY LAKE,,WDG4759,31,12,26,,,90,A
367539810,2022-01-06T03:06:34,29.71884,-95.23719,0.0,212.1,15.0,CAPT ANDY LAKE,,WDG4759,31,12,26,,,90,A
367539810,2022-01-06T02:28:24,29.71884,-95.23717,0.0,171.2,15.0,CAPT ANDY LAKE,,WDG4759,31,12,26,,,90,A
367539810,2022-01-06T02:50:46,29.71883,-95.23721,0.0,312.6,15.0,CAPT ANDY LAKE,,WDG4759,31,12,26,,,90,A
367539810,2022-01-06T02:53:05,29.71884,-95.23722,0.0,303.4,15.0,CAPT ANDY LAKE,,WDG4759,31,12,26,,,90,A
367539810,2022-01-06T02:35:25,29.71883,-95.23720,0.0,284.3,17.0,CAPT ANDY LAKE,,WDG4759,31,12,26,,,90,A
367539810,2022-01-06T03:05:24,29.71886,-95.23720,0.0,279.0,15.0,CAPT ANDY LAKE,,WDG4759,31,12,26,,,90,A
367539810,2022-01-06T03:08:54,29.71884,-95.23720,0.0,252.1,17.0,CAPT ANDY LAKE,,WDG4759,31,12,26,,,90,A
367539810,2022-01-06T04:00:26,29.71886,-95.23719,0.0,276.3,17.0,CAPT ANDY LAKE,,WDG4759,31,12,26,,,90,A
367539810,2022-01-06T03:18:05,29.71885,-95.23719,0.0,252.3,16.0,CAPT ANDY LAKE,,WDG4759,31,12,26,,,90,A
367539810,2022-01-06T23:59:04,29.71884,-95.23717,0.0,232.8,16.0,CAPT ANDY LAKE,,WDG4759,31,12,26,,,90,A
367539810,2022-01-06T04:05:04,29.71886,-95.23719,0.1,268.7,17.0,CAPT ANDY LAKE,,WDG4759,31,12,26,,,90,A
367539810,2022-01-06T04:09:45,29.71886,-95.23718,0.0,335.4,16.0,CAPT ANDY LAKE,,WDG4759,31,12,26,,,90,A
367539810,2022-01-06T04:01:35,29.71885,-95.23720,0.0,198.7,17.0,CAPT ANDY LAKE,,WDG4759,31,12,26,,,90,A
367539810,2022-01-06T04:03:55,29.71885,-95.23720,0.0,130.1,16.0,CAPT ANDY LAKE,,WDG4759,31,12,26,,,90,A
367539810,2022-01-06T04:17:55,29.71885,-95.23720,0.0,237.7,18.0,CAPT ANDY LAKE,,WDG4759,31,12,26,,,90,A
367539810,2022-01-06T04:20:14,29.71886,-95.23720,0.0,177.8,17.0,CAPT ANDY LAKE,,WDG4759,31,12,26,,,90,A
367539810,2022-01-06T04:21:25,29.71885,-95.23719,0.0,305.4,17.0,CAPT ANDY LAKE,,WDG4759,31,12,26,,,90,A
367539810,2022-01-06T04:12:05,29.71885,-95.23720,0.0,233.5,17.0,CAPT ANDY LAKE,,WDG4759,31,12,26,,,90,A
367539810,2022-01-06T04:06:14,29.71885,-95.23720,0.0,49.0,16.0,CAPT ANDY LAKE,,WDG4759,31,12,26,,,90,A
367539810,2022-01-06T03:04:15,29.71886,-95.23719,0.0,260.5,15.0,CAPT ANDY LAKE,,WDG4759,31,12,26,,,90,A
367539810,2022-01-06T04:22:35,29.71887,-95.23720,0.0,182.6,17.0,CAPT ANDY LAKE,,WDG4759,31,12,26,,,90,A
367539810,2022-01-06T04:07:25,29.71885,-95.23720,0.0,289.1,16.0,CAPT ANDY LAKE,,WDG4759,31,12,26,,,90,A
367539810,2022-01-06T04:02:45,29.71885,-95.23720,0.0,281.8,16.0,CAPT ANDY LAKE,,WDG4759,31,12,26,,,90,A
367539810,2022-01-06T04:15:36,29.71886,-95.23720,0.0,270.2,17.0,CAPT ANDY LAKE,,WDG4759,31,12,26,,,90,A
367539810,2022-01-06T03:12:25,29.71884,-95.23718,0.0,256.2,16.0,CAPT ANDY LAKE,,WDG4759,31,12,26,,,90,A
367539810,2022-01-06T04:14:25,29.71886,-95.23720,0.0,198.2,17.0,CAPT ANDY LAKE,,WDG4759,31,12,26,,,90,A
367539810,2022-01-06T04:38:56,29.71885,-95.23720,0.0,238.6,16.0,CAPT ANDY LAKE,,WDG4759,31,12,26,,,90,A
367539810,2022-01-06T03:17:04,29.71885,-95.23720,0.0,270.7,16.0,CAPT ANDY LAKE,,WDG4759,31,12,26,,,90,A
367539810,2022-01-06T04:16:46,29.71885,-95.23719,0.0,275.7,18.0,CAPT ANDY LAKE,,WDG4759,31,12,26,,,90,A
367539810,2022-01-06T04:24:55,29.71887,-95.23721,0.0,313.9,17.0,CAPT ANDY LAKE,,WDG4759,31,12,26,,,90,A
367539810,2022-01-06T04:30:45,29.71885,-95.23719,0.0,304.8,17.0,CAPT ANDY LAKE,,WDG4759,31,12,26,,,90,A
367539810,2022-01-06T04:43:26,29.71884,-95.23720,0.0,319.4,16.0,CAPT ANDY LAKE,,WDG4759,31,12,26,,,90,A
367539810,2022-01-06T04:34:15,29.71886,-95.23719,0.0,289.6,17.0,CAPT ANDY LAKE,,WDG4759,31,12,26,,,90,A
367539810,2022-01-06T04:35:25,29.71886,-95.23720,0.0,255.1,17.0,CAPT ANDY LAKE,,WDG4759,31,12,26,,,90,A
367539810,2022-01-06T04:46:55,29.71882,-95.23719,0.0,286.8,17.0,CAPT ANDY LAKE,,WDG4759,31,12,26,,,90,A
367539810,2022-01-06T04:23:44,29.71886,-95.23721,0.0,236.7,17.0,CAPT ANDY LAKE,,WDG4759,31,12,26,,,90,A
367539810,2022-01-06T04:49:14,29.71884,-95.23721,0.0,268.8,17.0,CAPT ANDY LAKE,,WDG4759,31,12,26,,,90,A
367539810,2022-01-06T04:33:05,29.71885,-95.23718,0.0,315.7,17.0,CAPT ANDY LAKE,,WDG4759,31,12,26,,,90,A
367539810,2022-01-06T04:26:06,29.71886,-95.23720,0.0,223.8,17.0,CAPT ANDY LAKE,,WDG4759,31,12,26,,,90,A
367539810,2022-01-06T04:44:36,29.71884,-95.23720,0.0,280.3,17.0,CAPT ANDY LAKE,,WDG4759,31,12,26,,,90,A
367539810,2022-01-06T04:37:44,29.71885,-95.23719,0.0,319.3,17.0,CAPT ANDY LAKE,,WDG4759,31,12,26,,,90,A
367539810,2022-01-06T04:57:15,29.71884,-95.23720,0.0,261.2,17.0,CAPT ANDY LAKE,,WDG4759,31,12,26,,,90,A
367539810,2022-01-06T04:51:24,29.71884,-95.23720,0.0,239.2,17.0,CAPT ANDY LAKE,,WDG4759,31,12,26,,,90,A
367539810,2022-01-06T04:58:25,29.71884,-95.23721,0.0,182.6,17.0,CAPT ANDY LAKE,,WDG4759,31,12,26,,,90,A
367539810,2022-01-06T04:52:35,29.71885,-95.23721,0.0,275.5,17.0,CAPT ANDY LAKE,,WDG4759,31,12,26,,,90,A
367539810,2022-01-06T04:40:04,29.71885,-95.23720,0.0,278.5,17.0,CAPT ANDY LAKE,,WDG4759,31,12,26,,,90,A
367539810,2022-01-06T04:45:44,29.71885,-95.23719,0.0,313.9,17.0,CAPT ANDY LAKE,,WDG4759,31,12,26,,,90,A
367539810,2022-01-06T05:01:25,29.71884,-95.23720,0.0,290.4,17.0,CAPT ANDY LAKE,,WDG4759,31,12,26,,,90,A
367539810,2022-01-06T05:03:55,29.71883,-95.23721,0.0,232.0,17.0,CAPT ANDY LAKE,,WDG4759,31,12,26,,,90,A
367539810,2022-01-06T05:02:35,29.71883,-95.23720,0.0,230.7,17.0,CAPT ANDY LAKE,,WDG4759,31,12,26,,,90,A
367539810,2022-01-06T04:50:15,29.71883,-95.23721,0.0,273.5,18.0,CAPT ANDY LAKE,,WDG4759,31,12,26,,,90,A
367539810,2022-01-06T04:59:35,29.71884,-95.23721,0.0,253.1,17.0,CAPT ANDY LAKE,,WDG4759,31,12,26,,,90,A
367539810,2022-01-06T04:13:14,29.71884,-95.23720,0.0,205.3,17.0,CAPT ANDY LAKE,,WDG4759,31,12,26,,,90,A
367539810,2022-01-06T05:06:14,29.71886,-95.23722,0.0,209.5,17.0,CAPT ANDY LAKE,,WDG4759,31,12,26,,,90,A
367539810,2022-01-06T05:05:05,29.71885,-95.23721,0.0,318.9,17.0,CAPT ANDY LAKE,,WDG4759,31,12,26,,,90,A
367539810,2022-01-06T04:54:55,29.71883,-95.23720,0.0,247.4,17.0,CAPT ANDY LAKE,,WDG4759,31,12,26,,,90,A
367539810,2022-01-06T05:15:24,29.71886,-95.23720,0.0,271.0,16.0,CAPT ANDY LAKE,,WDG4759,31,12,26,,,90,A
367539810,2022-01-06T05:14:16,29.71885,-95.23720,0.0,200.2,17.0,CAPT ANDY LAKE,,WDG4759,31,12,26,,,90,A
367539810,2022-01-06T05:20:04,29.71885,-95.23721,0.0,284.2,17.0,CAPT ANDY LAKE,,WDG4759,31,12,26,,,90,A
367539810,2022-01-06T05:18:55,29.71886,-95.23721,0.0,224.9,18.0,CAPT ANDY LAKE,,WDG4759,31,12,26,,,90,A
367539810,2022-01-06T05:17:44,29.71886,-95.23721,0.0,229.7,17.0,CAPT ANDY LAKE,,WDG4759,31,12,26,,,90,A
367539810,2022-01-06T05:28:14,29.71883,-95.23719,0.0,229.2,17.0,CAPT ANDY LAKE,,WDG4759,31,12,26,,,90,A
367539810,2022-01-06T05:24:46,29.71884,-95.23721,0.0,286.7,17.0,CAPT ANDY LAKE,,WDG4759,31,12,26,,,90,A
367539810,2022-01-06T04:28:35,29.71887,-95.23720,0.0,283.5,18.0,CAPT ANDY LAKE,,WDG4759,31,12,26,,,90,A
367539810,2022-01-06T04:29:36,29.71885,-95.23719,0.0,294.1,17.0,CAPT ANDY LAKE,,WDG4759,31,12,26,,,90,A
367539810,2022-01-06T04:31:55,29.71885,-95.23720,0.0,274.2,17.0,CAPT ANDY LAKE,,WDG4759,31,12,26,,,90,A
367539810,2022-01-06T05:23:35,29.71884,-95.23720,0.0,328.2,17.0,CAPT ANDY LAKE,,WDG4759,31,12,26,,,90,A
367539810,2022-01-06T05:21:15,29.71883,-95.23722,0.0,242.3,17.0,CAPT ANDY LAKE,,WDG4759,31,12,26,,,90,A
367539810,2022-01-06T05:37:35,29.71883,-95.23722,0.0,323.7,17.0,CAPT ANDY LAKE,,WDG4759,31,12,26,,,90,A
367539810,2022-01-06T05:42:04,29.71883,-95.23720,0.0,266.0,17.0,CAPT ANDY LAKE,,WDG4759,31,12,26,,,90,A
367539810,2022-01-06T05:27:05,29.71883,-95.23721,0.0,284.6,17.0,CAPT ANDY LAKE,,WDG4759,31,12,26,,,90,A
367539810,2022-01-06T05:29:25,29.71883,-95.23722,0.0,334.3,18.0,CAPT ANDY LAKE,,WDG4759,31,12,26,,,90,A
367539810,2022-01-06T05:30:36,29.71885,-95.23720,0.0,359.4,17.0,CAPT ANDY LAKE,,WDG4759,31,12,26,,,90,A
367539810,2022-01-06T05:31:45,29.71885,-95.23721,0.0,313.3,17.0,CAPT ANDY LAKE,,WDG4759,31,12,26,,,90,A
367539810,2022-01-06T04:08:34,29.71885,-95.23720,0.0,201.1,17.0,CAPT ANDY LAKE,,WDG4759,31,12,26,,,90,A
367539810,2022-01-06T05:34:05,29.71884,-95.23720,0.0,277.4,17.0,CAPT ANDY LAKE,,WDG4759,31,12,26,,,90,A
367539810,2022-01-06T04:10:56,29.71885,-95.23719,0.0,190.2,16.0,CAPT ANDY LAKE,,WDG4759,31,12,26,,,90,A
367539810,2022-01-06T05:35:14,29.71884,-95.23720,0.0,327.4,16.0,CAPT ANDY LAKE,,WDG4759,31,12,26,,,90,A
367539810,2022-01-06T05:47:55,29.71885,-95.23722,0.0,226.7,16.0,CAPT ANDY LAKE,,WDG4759,31,12,26,,,90,A
367539810,2022-01-06T04:42:16,29.71886,-95.23720,0.0,282.9,17.0,CAPT ANDY LAKE,,WDG4759,31,12,26,,,90,A
367539810,2022-01-06T05:49:06,29.71885,-95.23721,0.0,311.5,16.0,CAPT ANDY LAKE,,WDG4759,31,12,26,,,90,A
367539810,2022-01-06T05:36:25,29.71883,-95.23722,0.0,315.9,17.0,CAPT ANDY LAKE,,WDG4759,31,12,26,,,90,A
367539810,2022-01-06T05:40:55,29.71883,-95.23720,0.0,253.4,16.0,CAPT ANDY LAKE,,WDG4759,31,12,26,,,90,A
367539810,2022-01-06T05:50:15,29.71885,-95.23721,0.0,247.9,16.0,CAPT ANDY LAKE,,WDG4759,31,12,26,,,90,A
367539810,2022-01-06T05:43:15,29.71883,-95.23720,0.0,328.7,16.0,CAPT ANDY LAKE,,WDG4759,31,12,26,,,90,A
367539810,2022-01-06T05:54:56,29.71884,-95.23722,0.0,241.4,16.0,CAPT ANDY LAKE,,WDG4759,31,12,26,,,90,A
367539810,2022-01-06T04:48:04,29.71883,-95.23719,0.0,252.8,17.0,CAPT ANDY LAKE,,WDG4759,31,12,26,,,90,A
367539810,2022-01-06T05:32:55,29.71884,-95.23721,0.0,306.4,17.0,CAPT ANDY LAKE,,WDG4759,31,12,26,,,90,A
367539810,2022-01-06T05:45:34,29.71886,-95.23720,0.0,284.3,16.0,CAPT ANDY LAKE,,WDG4759,31,12,26,,,90,A
367539810,2022-01-06T05:58:24,29.71883,-95.23721,0.0,210.9,16.0,CAPT ANDY LAKE,,WDG4759,31,12,26,,,90,A
367539810,2022-01-06T04:19:04,29.71886,-95.23720,0.0,320.1,17.0,CAPT ANDY LAKE,,WDG4759,31,12,26,,,90,A
367539810,2022-01-06T04:53:45,29.71883,-95.23720,0.0,242.6,17.0,CAPT ANDY LAKE,,WDG4759,31,12,26,,,90,A
367539810,2022-01-06T05:51:24,29.71885,-95.23720,0.0,246.4,16.0,CAPT ANDY LAKE,,WDG4759,31,12,26,,,90,A
367539810,2022-01-06T04:56:06,29.71884,-95.23720,0.0,275.8,17.0,CAPT ANDY LAKE,,WDG4759,31,12,26,,,90,A
367539810,2022-01-06T06:09:04,29.71884,-95.23722,0.0,246.4,15.0,CAPT ANDY LAKE,,WDG4759,31,12,26,,,90,A
367539810,2022-01-06T05:00:15,29.71884,-95.23720,0.0,298.5,17.0,CAPT ANDY LAKE,,WDG4759,31,12,26,,,90,A
367539810,2022-01-06T06:10:15,29.71884,-95.23721,0.0,224.0,16.0,CAPT ANDY LAKE,,WDG4759,31,12,26,,,90,A
367539810,2022-01-06T05:56:04,29.71884,-95.23721,0.0,249.7,16.0,CAPT ANDY LAKE,,WDG4759,31,12,26,,,90,A
367539810,2022-01-06T05:57:15,29.71884,-95.23721,0.0,249.2,16.0,CAPT ANDY LAKE,,WDG4759,31,12,26,,,90,A
367539810,2022-01-06T05:46:45,29.71884,-95.23722,0.0,275.6,16.0,CAPT ANDY LAKE,,WDG4759,31,12,26,,,90,A
367539810,2022-01-06T06:13:44,29.71886,-95.23720,0.0,269.8,16.0,CAPT ANDY LAKE,,WDG4759,31,12,26,,,90,A
367539810,2022-01-06T06:00:56,29.71884,-95.23722,0.0,250.5,16.0,CAPT ANDY LAKE,,WDG4759,31,12,26,,,90,A
367539810,2022-01-06T06:11:25,29.71885,-95.23721,0.0,273.2,17.0,CAPT ANDY LAKE,,WDG4759,31,12,26,,,90,A
367539810,2022-01-06T06:17:15,29.71885,-95.23721,0.0,223.6,16.0,CAPT ANDY LAKE,,WDG4759,31,12,26,,,90,A
367539810,2022-01-06T06:03:15,29.71883,-95.23723,0.0,261.7,16.0,CAPT ANDY LAKE,,WDG4759,31,12,26,,,90,A
367539810,2022-01-06T06:04:24,29.71885,-95.23722,0.0,263.6,16.0,CAPT ANDY LAKE,,WDG4759,31,12,26,,,90,A
367539810,2022-01-06T04:27:25,29.71887,-95.23719,0.0,290.7,18.0,CAPT ANDY LAKE,,WDG4759,31,12,26,,,90,A
367539810,2022-01-06T06:06:45,29.71885,-95.23722,0.0,215.3,16.0,CAPT ANDY LAKE,,WDG4759,31,12,26,,,90,A
367539810,2022-01-06T06:07:56,29.71885,-95.23722,0.0,253.5,16.0,CAPT ANDY LAKE,,WDG4759,31,12,26,,,90,A
367539810,2022-01-06T06:24:04,29.71885,-95.23720,0.0,207.2,15.0,CAPT ANDY LAKE,,WDG4759,31,12,26,,,90,A
367539810,2022-01-06T06:12:35,29.71885,-95.23721,0.0,253.3,17.0,CAPT ANDY LAKE,,WDG4759,31,12,26,,,90,A
367539810,2022-01-06T06:25:15,29.71885,-95.23720,0.0,237.1,15.0,CAPT ANDY LAKE,,WDG4759,31,12,26,,,90,A
367539810,2022-01-06T06:14:55,29.71885,-95.23721,0.0,222.0,16.0,CAPT ANDY LAKE,,WDG4759,31,12,26,,,90,A
367539810,2022-01-06T06:16:04,29.71887,-95.23720,0.0,233.2,17.0,CAPT ANDY LAKE,,WDG4759,31,12,26,,,90,A
367539810,2022-01-06T05:12:06,29.71886,-95.23721,0.0,285.4,18.0,CAPT ANDY LAKE,,WDG4759,31,12,26,,,90,A
367539810,2022-01-06T04:36:34,29.71884,-95.23719,0.0,293.2,17.0,CAPT ANDY LAKE,,WDG4759,31,12,26,,,90,A
367539810,2022-01-06T05:13:14,29.71885,-95.23722,0.0,283.3,18.0,CAPT ANDY LAKE,,WDG4759,31,12,26,,,90,A
367539810,2022-01-06T06:29:45,29.71883,-95.23717,0.0,232.2,14.0,CAPT ANDY LAKE,,WDG4759,31,12,26,,,90,A
367539810,2022-01-06T06:30:55,29.71883,-95.23717,0.0,294.8,14.0,CAPT ANDY LAKE,,WDG4759,31,12,26,,,90,A
367539810,2022-01-06T06:19:36,29.71884,-95.23720,0.0,194.6,16.0,CAPT ANDY LAKE,,WDG4759,31,12,26,,,90,A
367539810,2022-01-06T06:34:25,29.71882,-95.23717,0.0,280.0,16.0,CAPT ANDY LAKE,,WDG4759,31,12,26,,,90,A
367539810,2022-01-06T06:35:35,29.71882,-95.23718,0.0,222.2,16.0,CAPT ANDY LAKE,,WDG4759,31,12,26,,,90,A
367539810,2022-01-06T06:37:46,29.71882,-95.23718,0.0,247.4,17.0,CAPT ANDY LAKE,,WDG4759,31,12,26,,,90,A
367539810,2022-01-06T04:41:14,29.71886,-95.23719,0.0,334.5,17.0,CAPT ANDY LAKE,,WDG4759,31,12,26,,,90,A
367539810,2022-01-06T06:21:46,29.71884,-95.23721,0.0,233.7,17.0,CAPT ANDY LAKE,,WDG4759,31,12,26,,,90,A
367539810,2022-01-06T06:38:55,29.71881,-95.23718,0.0,262.7,16.0,CAPT ANDY LAKE,,WDG4759,31,12,26,,,90,A
367539810,2022-01-06T06:22:56,29.71886,-95.23720,0.0,186.8,17.0,CAPT ANDY LAKE,,WDG4759,31,12,26,,,90,A
367539810,2022-01-06T06:41:25,29.71882,-95.23718,0.0,252.9,16.0,CAPT ANDY LAKE,,WDG4759,31,12,26,,,90,A
367539810,2022-01-06T06:27:26,29.71884,-95.23719,0.0,151.7,15.0,CAPT ANDY LAKE,,WDG4759,31,12,26,,,90,A
367539810,2022-01-06T06:46:06,29.71884,-95.23721,0.0,159.2,17.0,CAPT ANDY LAKE,,WDG4759,31,12,26,,,90,A
367539810,2022-01-06T06:28:34,29.71886,-95.23718,0.0,251.0,15.0,CAPT ANDY LAKE,,WDG4759,31,12,26,,,90,A
367539810,2022-01-06T06:20:45,29.71885,-95.23720,0.0,234.7,17.0,CAPT ANDY LAKE,,WDG4759,31,12,26,,,90,A
367539810,2022-01-06T06:32:06,29.71883,-95.23717,0.0,232.1,15.0,CAPT ANDY LAKE,,WDG4759,31,12,26,,,90,A
367539810,2022-01-06T06:48:24,29.71883,-95.23719,0.0,34.2,15.0,CAPT ANDY LAKE,,WDG4759,31,12,26,,,90,A
367539810,2022-01-06T05:25:55,29.71884,-95.23720,0.0,254.1,17.0,CAPT ANDY LAKE,,WDG4759,31,12,26,,,90,A
367539810,2022-01-06T06:51:55,29.71883,-95.23718,0.0,314.8,16.0,CAPT ANDY LAKE,,WDG4759,31,12,26,,,90,A
367539810,2022-01-06T06:26:16,29.71885,-95.23719,0.0,188.6,15.0,CAPT ANDY LAKE,,WDG4759,31,12,26,,,90,A
367539810,2022-01-06T06:42:36,29.71881,-95.23718,0.0,236.1,16.0,CAPT ANDY LAKE,,WDG4759,31,12,26,,,90,A
367539810,2022-01-06T06:55:25,29.71882,-95.23719,0.0,219.4,17.0,CAPT ANDY LAKE,,WDG4759,31,12,26,,,90,A
367539810,2022-01-06T06:58:55,29.71883,-95.23718,0.0,224.1,16.0,CAPT ANDY LAKE,,WDG4759,31,12,26,,,90,A
367539810,2022-01-06T06:57:46,29.71883,-95.23718,0.0,189.6,17.0,CAPT ANDY LAKE,,WDG4759,31,12,26,,,90,A
367539810,2022-01-06T06:47:15,29.71881,-95.23721,0.1,84.0,17.0,CAPT ANDY LAKE,,WDG4759,31,12,26,,,90,A
367539810,2022-01-06T07:01:15,29.71881,-95.23718,0.0,235.5,16.0,CAPT ANDY LAKE,,WDG4759,31,12,26,,,90,A
367539810,2022-01-06T06:33:16,29.71881,-95.23717,0.0,225.7,15.0,CAPT ANDY LAKE,,WDG4759,31,12,26,,,90,A
367539810,2022-01-06T06:50:46,29.71882,-95.23718,0.1,257.4,17.0,CAPT ANDY LAKE,,WDG4759,31,12,26,,,90,A
367539810,2022-01-06T07:10:55,29.71881,-95.23717,0.0,170.3,15.0,CAPT ANDY LAKE,,WDG4759,31,12,26,,,90,A
367539810,2022-01-06T06:44:56,29.71883,-95.23721,0.1,280.3,17.0,CAPT ANDY LAKE,,WDG4759,31,12,26,,,90,A
367539810,2022-01-06T07:20:16,29.71883,-95.23719,0.0,208.1,16.0,CAPT ANDY LAKE,,WDG4759,31,12,26,,,90,A
367539810,2022-01-06T05:07:25,29.71885,-95.23721,0.0,267.1,16.0,CAPT ANDY LAKE,,WDG4759,31,12,26,,,90,A
367539810,2022-01-06T07:19:05,29.71882,-95.23718,0.0,83.0,16.0,CAPT ANDY LAKE,,WDG4759,31,12,26,,,90,A
367539810,2022-01-06T05:08:34,29.71885,-95.23720,0.0,274.0,17.0,CAPT ANDY LAKE,,WDG4759,31,12,26,,,90,A
367539810,2022-01-06T06:49:35,29.71882,-95.23719,0.0,245.7,16.0,CAPT ANDY LAKE,,WDG4759,31,12,26,,,90,A
367539810,2022-01-06T05:09:44,29.71883,-95.23721,0.0,171.5,17.0,CAPT ANDY LAKE,,WDG4759,31,12,26,,,90,A
367539810,2022-01-06T05:10:54,29.71885,-95.23720,0.0,223.1,17.0,CAPT ANDY LAKE,,WDG4759,31,12,26,,,90,A
367539810,2022-01-06T07:08:34,29.71881,-95.23718,0.0,80.0,15.0,CAPT ANDY LAKE,,WDG4759,31,12,26,,,90,A
367539810,2022-01-06T07:09:44,29.71881,-95.23717,0.0,123.6,15.0,CAPT ANDY LAKE,,WDG4759,31,12,26,,,90,A
367539810,2022-01-06T07:13:15,29.71883,-95.23719,0.0,300.4,16.0,CAPT ANDY LAKE,,WDG4759,31,12,26,,,90,A
367539810,2022-01-06T07:29:36,29.71882,-95.23718,0.0,141.2,15.0,CAPT ANDY LAKE,,WDG4759,31,12,26,,,90,A
367539810,2022-01-06T07:30:45,29.71882,-95.23718,0.0,166.3,15.0,CAPT ANDY LAKE,,WDG4759,31,12,26,,,90,A
367539810,2022-01-06T05:16:35,29.71886,-95.23722,0.0,291.2,18.0,CAPT ANDY LAKE,,WDG4759,31,12,26,,,90,A
367539810,2022-01-06T07:15:35,29.71881,-95.23719,0.0,156.0,15.0,CAPT ANDY LAKE,,WDG4759,31,12,26,,,90,A
367539810,2022-01-06T07:16:44,29.71882,-95.23718,0.0,257.8,15.0,CAPT ANDY LAKE,,WDG4759,31,12,26,,,90,A
367539810,2022-01-06T07:34:15,29.71881,-95.23718,0.0,204.8,15.0,CAPT ANDY LAKE,,WDG4759,31,12,26,,,90,A
367539810,2022-01-06T05:52:34,29.71884,-95.23721,0.0,229.8,16.0,CAPT ANDY LAKE,,WDG4759,31,12,26,,,90,A
367539810,2022-01-06T07:33:05,29.71881,-95.23718,0.0,184.2,15.0,CAPT ANDY LAKE,,WDG4759,31,12,26,,,90,A
367539810,2022-01-06T05:53:44,29.71883,-95.23721,0.0,272.1,16.0,CAPT ANDY LAKE,,WDG4759,31,12,26,,,90,A
367539810,2022-01-06T07:21:25,29.71882,-95.23718,0.0,140.8,16.0,CAPT ANDY LAKE,,WDG4759,31,12,26,,,90,A
367539810,2022-01-06T05:22:25,29.71884,-95.23720,0.0,303.6,18.0,CAPT ANDY LAKE,,WDG4759,31,12,26,,,90,A
367539810,2022-01-06T07:37:45,29.71883,-95.23718,0.0,237.3,16.0,CAPT ANDY LAKE,,WDG4759,31,12,26,,,90,A
367539810,2022-01-06T07:22:35,29.71882,-95.23718,0.0,77.6,16.0,CAPT ANDY LAKE,,WDG4759,31,12,26,,,90,A
367539810,2022-01-06T07:40:04,29.71883,-95.23719,0.0,157.6,16.0,CAPT ANDY LAKE,,WDG4759,31,12,26,,,90,A
367539810,2022-01-06T07:24:55,29.71882,-95.23718,0.0,170.9,15.0,CAPT ANDY LAKE,,WDG4759,31,12,26,,,90,A
367539810,2022-01-06T07:45:46,29.71883,-95.23719,0.0,154.0,16.0,CAPT ANDY LAKE,,WDG4759,31,12,26,,,90,A
367539810,2022-01-06T07:12:04,29.71883,-95.23718,0.0,270.5,15.0,CAPT ANDY LAKE,,WDG4759,31,12,26,,,90,A
367539810,2022-01-06T07:41:05,29.71882,-95.23718,0.0,199.3,16.0,CAPT ANDY LAKE,,WDG4759,31,12,26,,,90,A
367539810,2022-01-06T07:28:25,29.71882,-95.23717,0.0,302.2,15.0,CAPT ANDY LAKE,,WDG4759,31,12,26,,,90,A
367539810,2022-01-06T07:42:16,29.71882,-95.23719,0.0,154.8,16.0,CAPT ANDY LAKE,,WDG4759,31,12,26,,,90,A
367539810,2022-01-06T07:48:06,29.71882,-95.23719,0.0,182.1,15.0,CAPT ANDY LAKE,,WDG4759,31,12,26,,,90,A
367539810,2022-01-06T06:02:04,29.71884,-95.23721,0.0,234.0,16.0,CAPT ANDY LAKE,,WDG4759,31,12,26,,,90,A
367539810,2022-01-06T07:35:24,29.71883,-95.23719,0.0,217.9,17.0,CAPT ANDY LAKE,,WDG4759,31,12,26,,,90,A
367539810,2022-01-06T06:05:35,29.71885,-95.23721,0.0,244.0,16.0,CAPT ANDY LAKE,,WDG4759,31,12,26,,,90,A
367539810,2022-01-06T07:55:04,29.71883,-95.23721,0.0,27.8,16.0,CAPT ANDY LAKE,,WDG4759,31,12,26,,,90,A
367539810,2022-01-06T07:23:44,29.71883,-95.23718,0.0,152.4,16.0,CAPT ANDY LAKE,,WDG4759,31,12,26,,,90,A
367539810,2022-01-06T07:58:36,29.71882,-95.23718,0.0,164.1,15.0,CAPT ANDY LAKE,,WDG4759,31,12,26,,,90,A
367539810,2022-01-06T08:00:26,29.71882,-95.23719,0.0,237.6,15.0,CAPT ANDY LAKE,,WDG4759,31,12,26,,,90,A
367539810,2022-01-06T07:27:16,29.71882,-95.23717,0.0,251.7,15.0,CAPT ANDY LAKE,,WDG4759,31,12,26,,,90,A
367539810,2022-01-06T07:59:55,29.71882,-95.23718,0.0,148.2,15.0,CAPT ANDY LAKE,,WDG4759,31,12,26,,,90,A
367539810,2022-01-06T08:01:36,29.71882,-95.23718,0.0,270.8,15.0,CAPT ANDY LAKE,,WDG4759,31,12,26,,,90,A
367539810,2022-01-06T07:43:24,29.71883,-95.23719,0.0,162.1,17.0,CAPT ANDY LAKE,,WDG4759,31,12,26,,,90,A
367539810,2022-01-06T07:44:35,29.71883,-95.23719,0.0,158.4,16.0,CAPT ANDY LAKE,,WDG4759,31,12,26,,,90,A
367539810,2022-01-06T05:38:45,29.71883,-95.23720,0.0,298.1,16.0,CAPT ANDY LAKE,,WDG4759,31,12,26,,,90,A
367539810,2022-01-06T08:02:45,29.71883,-95.23719,0.0,277.0,16.0,CAPT ANDY LAKE,,WDG4759,31,12,26,,,90,A
367539810,2022-01-06T07:31:56,29.71881,-95.23718,0.0,157.0,15.0,CAPT ANDY LAKE,,WDG4759,31,12,26,,,90,A
367539810,2022-01-06T07:46:55,29.71882,-95.23719,0.0,156.9,16.0,CAPT ANDY LAKE,,WDG4759,31,12,26,,,90,A
367539810,2022-01-06T05:39:54,29.71882,-95.23718,0.0,310.7,16.0,CAPT ANDY LAKE,,WDG4759,31,12,26,,,90,A
367539810,2022-01-06T08:03:55,29.71886,-95.23719,0.0,144.5,15.0,CAPT ANDY LAKE,,WDG4759,31,12,26,,,90,A
367539810,2022-01-06T07:49:15,29.71882,-95.23719,0.0,11.2,16.0,CAPT ANDY LAKE,,WDG4759,31,12,26,,,90,A
367539810,2022-01-06T08:07:26,29.71884,-95.23719,0.0,178.9,15.0,CAPT ANDY LAKE,,WDG4759,31,12,26,,,90,A
367539810,2022-01-06T05:44:26,29.71885,-95.23720,0.0,336.0,16.0,CAPT ANDY LAKE,,WDG4759,31,12,26,,,90,A
367539810,2022-01-06T07:51:34,29.71882,-95.23720,0.0,71.0,15.0,CAPT ANDY LAKE,,WDG4759,31,12,26,,,90,A
367539810,2022-01-06T08:10:55,29.71884,-95.23719,0.0,179.4,15.0,CAPT ANDY LAKE,,WDG4759,31,12,26,,,90,A
367539810,2022-01-06T08:08:34,29.71884,-95.23719,0.0,232.1,16.0,CAPT ANDY LAKE,,WDG4759,31,12,26,,,90,A
367539810,2022-01-06T08:21:14,29.71882,-95.23719,0.0,211.7,15.0,CAPT ANDY LAKE,,WDG4759,31,12,26,,,90,A
367539810,2022-01-06T07:50:25,29.71882,-95.23720,0.0,148.8,16.0,CAPT ANDY LAKE,,WDG4759,31,12,26,,,90,A
367539810,2022-01-06T08:23:35,29.71883,-95.23719,0.0,347.6,16.0,CAPT ANDY LAKE,,WDG4759,31,12,26,,,90,A
367539810,2022-01-06T07:53:55,29.71883,-95.23720,0.0,204.1,15.0,CAPT ANDY LAKE,,WDG4759,31,12,26,,,90,A
367539810,2022-01-06T08:25:56,29.71883,-95.23718,0.0,148.5,15.0,CAPT ANDY LAKE,,WDG4759,31,12,26,,,90,A
367539810,2022-01-06T05:59:36,29.71884,-95.23720,0.0,240.4,15.0,CAPT ANDY LAKE,,WDG4759,31,12,26,,,90,A
367539810,2022-01-06T08:20:04,29.71884,-95.23719,0.0,334.1,16.0,CAPT ANDY LAKE,,WDG4759,31,12,26,,,90,A
367539810,2022-01-06T08:30:35,29.71883,-95.23718,0.0,297.1,16.0,CAPT ANDY LAKE,,WDG4759,31,12,26,,,90,A
367539810,2022-01-06T08:29:25,29.71883,-95.23717,0.0,312.7,15.0,CAPT ANDY LAKE,,WDG4759,31,12,26,,,90,A
367539810,2022-01-06T06:40:06,29.71882,-95.23718,0.0,217.7,16.0,CAPT ANDY LAKE,,WDG4759,31,12,26,,,90,A
367539810,2022-01-06T08:13:16,29.71883,-95.23720,0.0,218.2,16.0,CAPT ANDY LAKE,,WDG4759,31,12,26,,,90,A
367539810,2022-01-06T08:16:46,29.71883,-95.23719,0.0,180.3,16.0,CAPT ANDY LAKE,,WDG4759,31,12,26,,,90,A
367539810,2022-01-06T08:15:34,29.71882,-95.23720,0.0,190.2,16.0,CAPT ANDY LAKE,,WDG4759,31,12,26,,,90,A
367539810,2022-01-06T08:28:15,29.71883,-95.23717,0.0,290.6,15.0,CAPT ANDY LAKE,,WDG4759,31,12,26,,,90,A
367539810,2022-01-06T08:37:45,29.71884,-95.23721,0.0,318.8,16.0,CAPT ANDY LAKE,,WDG4759,31,12,26,,,90,A
367539810,2022-01-06T08:06:16,29.71885,-95.23720,0.0,200.0,15.0,CAPT ANDY LAKE,,WDG4759,31,12,26,,,90,A
367539810,2022-01-06T08:36:25,29.71884,-95.23720,0.0,308.9,16.0,CAPT ANDY LAKE,,WDG4759,31,12,26,,,90,A
367539810,2022-01-06T08:32:55,29.71884,-95.23719,0.0,325.5,15.0,CAPT ANDY LAKE,,WDG4759,31,12,26,,,90,A
367539810,2022-01-06T08:41:15,29.71883,-95.23720,0.0,294.5,15.0,CAPT ANDY LAKE,,WDG4759,31,12,26,,,90,A
367539810,2022-01-06T08:38:55,29.71884,-95.23721,0.0,281.7,16.0,CAPT ANDY LAKE,,WDG4759,31,12,26,,,90,A
367539810,2022-01-06T08:47:04,29.71881,-95.23718,0.0,235.4,15.0,CAPT ANDY LAKE,,WDG4759,31,12,26,,,90,A
367539810,2022-01-06T06:53:05,29.71882,-95.23719,0.0,307.8,17.0,CAPT ANDY LAKE,,WDG4759,31,12,26,,,90,A
367539810,2022-01-06T08:50:35,29.71885,-95.23719,0.0,273.7,15.0,CAPT ANDY LAKE,,WDG4759,31,12,26,,,90,A
367539810,2022-01-06T06:18:25,29.71885,-95.23721,0.0,218.3,16.0,CAPT ANDY LAKE,,WDG4759,31,12,26,,,90,A
367539810,2022-01-06T08:18:56,29.71883,-95.23719,0.0,298.1,16.0,CAPT ANDY LAKE,,WDG4759,31,12,26,,,90,A
367539810,2022-01-06T08:52:54,29.71883,-95.23719,0.0,295.4,15.0,CAPT ANDY LAKE,,WDG4759,31,12,26,,,90,A
367539810,2022-01-06T08:56:15,29.71882,-95.23718,0.0,194.8,15.0,CAPT ANDY LAKE,,WDG4759,31,12,26,,,90,A
367539810,2022-01-06T07:00:04,29.71882,-95.23717,0.0,244.0,16.0,CAPT ANDY LAKE,,WDG4759,31,12,26,,,90,A
367539810,2022-01-06T08:59:44,29.71884,-95.23718,0.0,233.5,15.0,CAPT ANDY LAKE,,WDG4759,31,12,26,,,90,A
367539810,2022-01-06T08:45:55,29.71883,-95.23718,0.0,299.3,15.0,CAPT ANDY LAKE,,WDG4759,31,12,26,,,90,A
367539810,2022-01-06T08:48:15,29.71883,-95.23717,0.0,153.2,15.0,CAPT ANDY LAKE,,WDG4759,31,12,26,,,90,A
367539810,2022-01-06T09:10:15,29.71881,-95.23717,0.0,269.0,15.0,CAPT ANDY LAKE,,WDG4759,31,12,26,,,90,A
367539810,2022-01-06T09:03:06,29.71884,-95.23718,0.0,245.1,15.0,CAPT ANDY LAKE,,WDG4759,31,12,26,,,90,A
367539810,2022-01-06T09:15:06,29.71884,-95.23718,0.0,280.9,16.0,CAPT ANDY LAKE,,WDG4759,31,12,26,,,90,A
367539810,2022-01-06T09:07:56,29.71882,-95.23718,0.0,286.8,15.0,CAPT ANDY LAKE,,WDG4759,31,12,26,,,90,A
367539810,2022-01-06T07:14:25,29.71882,-95.23719,0.0,65.6,16.0,CAPT ANDY LAKE,,WDG4759,31,12,26,,,90,A
367539810,2022-01-06T09:17:25,29.71883,-95.23719,0.0,299.2,15.0,CAPT ANDY LAKE,,WDG4759,31,12,26,,,90,A
367539810,2022-01-06T09:09:06,29.71881,-95.23717,0.0,250.7,15.0,CAPT ANDY LAKE,,WDG4759,31,12,26,,,90,A
367539810,2022-01-06T08:57:16,29.71883,-95.23719,0.0,209.7,15.0,CAPT ANDY LAKE,,WDG4759,31,12,26,,,90,A
367539810,2022-01-06T09:01:56,29.71884,-95.23718,0.0,283.4,15.0,CAPT ANDY LAKE,,WDG4759,31,12,26,,,90,A
367539810,2022-01-06T06:43:46,29.71882,-95.23719,0.0,314.2,16.0,CAPT ANDY LAKE,,WDG4759,31,12,26,,,90,A
367539810,2022-01-06T09:23:36,29.71883,-95.23718,0.0,296.7,16.0,CAPT ANDY LAKE,,WDG4759,31,12,26,,,90,A
367539810,2022-01-06T08:43:34,29.71882,-95.23719,0.0,356.3,15.0,CAPT ANDY LAKE,,WDG4759,31,12,26,,,90,A
367539810,2022-01-06T08:44:46,29.71883,-95.23718,0.0,34.9,14.0,CAPT ANDY LAKE,,WDG4759,31,12,26,,,90,A
367539810,2022-01-06T09:06:44,29.71883,-95.23719,0.0,274.4,16.0,CAPT ANDY LAKE,,WDG4759,31,12,26,,,90,A
367539810,2022-01-06T08:49:26,29.71884,-95.23718,0.0,301.9,14.0,CAPT ANDY LAKE,,WDG4759,31,12,26,,,90,A
367539810,2022-01-06T09:11:25,29.71883,-95.23719,0.0,304.4,15.0,CAPT ANDY LAKE,,WDG4759,31,12,26,,,90,A
367539810,2022-01-06T09:22:25,29.71884,-95.23718,0.0,281.0,15.0,CAPT ANDY LAKE,,WDG4759,31,12,26,,,90,A
367539810,2022-01-06T06:54:15,29.71883,-95.23718,0.0,267.8,18.0,CAPT ANDY LAKE,,WDG4759,31,12,26,,,90,A
367539810,2022-01-06T08:51:46,29.71884,-95.23719,0.0,199.5,15.0,CAPT ANDY LAKE,,WDG4759,31,12,26,,,90,A
367539810,2022-01-06T09:36:24,29.71883,-95.23718,0.0,166.1,16.0,CAPT ANDY LAKE,,WDG4759,31,12,26,,,90,A
367539810,2022-01-06T07:26:05,29.71881,-95.23718,0.0,258.2,16.0,CAPT ANDY LAKE,,WDG4759,31,12,26,,,90,A
367539810,2022-01-06T06:56:34,29.71882,-95.23719,0.0,112.6,17.0,CAPT ANDY LAKE,,WDG4759,31,12,26,,,90,A
367539810,2022-01-06T09:39:56,29.71884,-95.23718,0.0,232.5,16.0,CAPT ANDY LAKE,,WDG4759,31,12,26,,,90,A
367539810,2022-01-06T09:18:54,29.71883,-95.23719,0.0,296.5,16.0,CAPT ANDY LAKE,,WDG4759,31,12,26,,,90,A
367539810,2022-01-06T08:58:24,29.71884,-95.23719,0.0,230.3,15.0,CAPT ANDY LAKE,,WDG4759,31,12,26,,,90,A
367539810,2022-01-06T09:35:15,29.71883,-95.23718,0.0,223.9,16.0,CAPT ANDY LAKE,,WDG4759,31,12,26,,,90,A
367539810,2022-01-06T09:04:16,29.71883,-95.23718,0.0,285.7,15.0,CAPT ANDY LAKE,,WDG4759,31,12,26,,,90,A
367539810,2022-01-06T09:25:56,29.71882,-95.23719,0.0,265.5,16.0,CAPT ANDY LAKE,,WDG4759,31,12,26,,,90,A
367539810,2022-01-06T09:49:15,29.71884,-95.23719,0.0,288.1,16.0,CAPT ANDY LAKE,,WDG4759,31,12,26,,,90,A
367539810,2022-01-06T07:38:56,29.71883,-95.23719,0.0,129.4,15.0,CAPT ANDY LAKE,,WDG4759,31,12,26,,,90,A
367539810,2022-01-06T09:28:14,29.71883,-95.23719,0.0,243.4,15.0,CAPT ANDY LAKE,,WDG4759,31,12,26,,,90,A
367539810,2022-01-06T09:38:45,29.71883,-95.23718,0.0,213.6,16.0,CAPT ANDY LAKE,,WDG4759,31,12,26,,,90,A
367539810,2022-01-06T09:30:36,29.71882,-95.23719,0.0,235.4,15.0,CAPT ANDY LAKE,,WDG4759,31,12,26,,,90,A
367539810,2022-01-06T07:17:56,29.71883,-95.23719,0.0,292.0,15.0,CAPT ANDY LAKE,,WDG4759,31,12,26,,,90,A
367539810,2022-01-06T09:59:26,29.71883,-95.23717,0.0,237.1,14.0,CAPT ANDY LAKE,,WDG4759,31,12,26,,,90,A
367539810,2022-01-06T09:50:26,29.71885,-95.23719,0.0,331.1,16.0,CAPT ANDY LAKE,,WDG4759,31,12,26,,,90,A
367539810,2022-01-06T09:13:45,29.71882,-95.23719,0.0,284.4,16.0,CAPT ANDY LAKE,,WDG4759,31,12,26,,,90,A
367539810,2022-01-06T09:52:45,29.71884,-95.23718,0.0,202.0,15.0,CAPT ANDY LAKE,,WDG4759,31,12,26,,,90,A
367539810,2022-01-06T10:05:26,29.71885,-95.23718,0.0,234.2,14.0,CAPT ANDY LAKE,,WDG4759,31,12,26,,,90,A
367539810,2022-01-06T09:16:15,29.71883,-95.23719,0.0,313.3,16.0,CAPT ANDY LAKE,,WDG4759,31,12,26,,,90,A
367539810,2022-01-06T09:56:04,29.71883,-95.23717,0.0,270.0,15.0,CAPT ANDY LAKE,,WDG4759,31,12,26,,,90,A
367539810,2022-01-06T09:57:15,29.71884,-95.23718,0.0,205.4,15.0,CAPT ANDY LAKE,,WDG4759,31,12,26,,,90,A
367539810,2022-01-06T09:51:36,29.71884,-95.23719,0.0,244.4,15.0,CAPT ANDY LAKE,,WDG4759,31,12,26,,,90,A
367539810,2022-01-06T10:08:54,29.71884,-95.23718,0.0,255.9,15.0,CAPT ANDY LAKE,,WDG4759,31,12,26,,,90,A
367539810,2022-01-06T09:20:04,29.71882,-95.23718,0.0,249.2,16.0,CAPT ANDY LAKE,,WDG4759,31,12,26,,,90,A
367539810,2022-01-06T07:52:45,29.71882,-95.23719,0.0,292.8,15.0,CAPT ANDY LAKE,,WDG4759,31,12,26,,,90,A
367539810,2022-01-06T09:45:46,29.71884,-95.23719,0.0,309.5,16.0,CAPT ANDY LAKE,,WDG4759,31,12,26,,,90,A
367539810,2022-01-06T09:41:05,29.71883,-95.23718,0.0,274.4,16.0,CAPT ANDY LAKE,,WDG4759,31,12,26,,,90,A
367539810,2022-01-06T09:21:15,29.71883,-95.23718,0.0,306.7,16.0,CAPT ANDY LAKE,,WDG4759,31,12,26,,,90,A
367539810,2022-01-06T07:56:16,29.71884,-95.23720,0.0,158.5,15.0,CAPT ANDY LAKE,,WDG4759,31,12,26,,,90,A
367539810,2022-01-06T07:57:26,29.71883,-95.23719,0.0,138.7,15.0,CAPT ANDY LAKE,,WDG4759,31,12,26,,,90,A
367539810,2022-01-06T09:44:36,29.71884,-95.23718,0.0,282.5,16.0,CAPT ANDY LAKE,,WDG4759,31,12,26,,,90,A
367539810,2022-01-06T10:15:45,29.71884,-95.23718,0.0,231.9,14.0,CAPT ANDY LAKE,,WDG4759,31,12,26,,,90,A
367539810,2022-01-06T09:46:56,29.71884,-95.23720,0.0,241.2,16.0,CAPT ANDY LAKE,,WDG4759,31,12,26,,,90,A
367539810,2022-01-06T09:48:06,29.71884,-95.23720,0.0,256.0,17.0,CAPT ANDY LAKE,,WDG4759,31,12,26,,,90,A
367539810,2022-01-06T09:53:46,29.71883,-95.23718,0.0,274.0,16.0,CAPT ANDY LAKE,,WDG4759,31,12,26,,,90,A
367539810,2022-01-06T10:18:06,29.71883,-95.23718,0.0,192.8,14.0,CAPT ANDY LAKE,,WDG4759,31,12,26,,,90,A
367539810,2022-01-06T07:36:35,29.71884,-95.23717,0.0,159.7,17.0,CAPT ANDY LAKE,,WDG4759,31,12,26,,,90,A
367539810,2022-01-06T10:02:04,29.71884,-95.23718,0.0,239.8,15.0,CAPT ANDY LAKE,,WDG4759,31,12,26,,,90,A
367539810,2022-01-06T10:03:15,29.71883,-95.23718,0.0,244.8,14.0,CAPT ANDY LAKE,,WDG4759,31,12,26,,,90,A
367539810,2022-01-06T09:54:56,29.71883,-95.23717,0.0,230.0,15.0,CAPT ANDY LAKE,,WDG4759,31,12,26,,,90,A
367539810,2022-01-06T08:05:05,29.71884,-95.23718,0.0,143.8,15.0,CAPT ANDY LAKE,,WDG4759,31,12,26,,,90,A
367539810,2022-01-06T10:06:34,29.71885,-95.23718,0.0,193.8,14.0,CAPT ANDY LAKE,,WDG4759,31,12,26,,,90,A
367539810,2022-01-06T10:00:55,29.71884,-95.23717,0.0,165.4,14.0,CAPT ANDY LAKE,,WDG4759,31,12,26,,,90,A
367539810,2022-01-06T10:04:16,29.71885,-95.23718,0.0,201.4,15.0,CAPT ANDY LAKE,,WDG4759,31,12,26,,,90,A
367539810,2022-01-06T08:12:04,29.71885,-95.23719,0.0,204.8,16.0,CAPT ANDY LAKE,,WDG4759,31,12,26,,,90,A
367539810,2022-01-06T08:14:24,29.71883,-95.23719,0.0,217.3,16.0,CAPT ANDY LAKE,,WDG4759,31,12,26,,,90,A
367539810,2022-01-06T10:13:25,29.71885,-95.23718,0.0,216.4,15.0,CAPT ANDY LAKE,,WDG4759,31,12,26,,,90,A
367539810,2022-01-06T10:07:45,29.71884,-95.23718,0.0,281.1,14.0,CAPT ANDY LAKE,,WDG4759,31,12,26,,,90,A
367539810,2022-01-06T10:26:05,29.71883,-95.23717,0.0,310.1,14.0,CAPT ANDY LAKE,,WDG4759,31,12,26,,,90,A
367539810,2022-01-06T10:09:56,29.71884,-95.23720,0.0,251.5,15.0,CAPT ANDY LAKE,,WDG4759,31,12,26,,,90,A
367539810,2022-01-06T10:11:06,29.71884,-95.23718,0.0,221.4,15.0,CAPT ANDY LAKE,,WDG4759,31,12,26,,,90,A
367539810,2022-01-06T10:31:55,29.71882,-95.23717,0.0,234.3,15.0,CAPT ANDY LAKE,,WDG4759,31,12,26,,,90,A
367539810,2022-01-06T10:35:14,29.71884,-95.23718,0.0,217.7,15.0,CAPT ANDY LAKE,,WDG4759,31,12,26,,,90,A
367539810,2022-01-06T08:22:15,29.71882,-95.23719,0.0,259.3,16.0,CAPT ANDY LAKE,,WDG4759,31,12,26,,,90,A
367539810,2022-01-06T10:50:36,29.71883,-95.23717,0.0,271.0,15.0,CAPT ANDY LAKE,,WDG4759,31,12,26,,,90,A
367539810,2022-01-06T10:30:45,29.71884,-95.23717,0.0,271.1,15.0,CAPT ANDY LAKE,,WDG4759,31,12,26,,,90,A
367539810,2022-01-06T10:49:25,29.71883,-95.23719,0.0,292.7,14.0,CAPT ANDY LAKE,,WDG4759,31,12,26,,,90,A
367539810,2022-01-06T10:33:05,29.71883,-95.23718,0.0,248.0,14.0,CAPT ANDY LAKE,,WDG4759,31,12,26,,,90,A
367539810,2022-01-06T10:55:24,29.71883,-95.23717,0.0,266.8,16.0,CAPT ANDY LAKE,,WDG4759,31,12,26,,,90,A
367539810,2022-01-06T10:51:44,29.71882,-95.23718,0.0,281.6,15.0,CAPT ANDY LAKE,,WDG4759,31,12,26,,,90,A
367539810,2022-01-06T10:24:55,29.71884,-95.23718,0.0,271.3,15.0,CAPT ANDY LAKE,,WDG4759,31,12,26,,,90,A
367539810,2022-01-06T08:27:05,29.71882,-95.23717,0.0,249.0,15.0,CAPT ANDY LAKE,,WDG4759,31,12,26,,,90,A
367539810,2022-01-06T10:37:36,29.71884,-95.23719,0.0,225.3,15.0,CAPT ANDY LAKE,,WDG4759,31,12,26,,,90,A
367539810,2022-01-06T10:57:46,29.71883,-95.23719,0.0,244.0,15.0,CAPT ANDY LAKE,,WDG4759,31,12,26,,,90,A
367539810,2022-01-06T10:28:26,29.71884,-95.23718,0.0,251.7,14.0,CAPT ANDY LAKE,,WDG4759,31,12,26,,,90,A
367539810,2022-01-06T08:09:44,29.71883,-95.23720,0.0,341.8,15.0,CAPT ANDY LAKE,,WDG4759,31,12,26,,,90,A
367539810,2022-01-06T08:31:45,29.71883,-95.23718,0.0,133.1,16.0,CAPT ANDY LAKE,,WDG4759,31,12,26,,,90,A
367539810,2022-01-06T11:03:25,29.71881,-95.23717,0.0,227.0,15.0,CAPT ANDY LAKE,,WDG4759,31,12,26,,,90,A
367539810,2022-01-06T10:41:16,29.71884,-95.23719,0.0,257.7,15.0,CAPT ANDY LAKE,,WDG4759,31,12,26,,,90,A
367539810,2022-01-06T08:35:15,29.71884,-95.23720,0.0,298.3,15.0,CAPT ANDY LAKE,,WDG4759,31,12,26,,,90,A
367539810,2022-01-06T10:12:14,29.71883,-95.23718,0.0,235.4,14.0,CAPT ANDY LAKE,,WDG4759,31,12,26,,,90,A
367539810,2022-01-06T11:05:45,29.71882,-95.23718,0.0,244.1,15.0,CAPT ANDY LAKE,,WDG4759,31,12,26,,,90,A
367539810,2022-01-06T10:14:35,29.71883,-95.23718,0.0,305.8,14.0,CAPT ANDY LAKE,,WDG4759,31,12,26,,,90,A
367539810,2022-01-06T10:43:35,29.71883,-95.23718,0.0,258.4,15.0,CAPT ANDY LAKE,,WDG4759,31,12,26,,,90,A
367539810,2022-01-06T10:36:24,29.71884,-95.23718,0.0,257.1,15.0,CAPT ANDY LAKE,,WDG4759,31,12,26,,,90,A
367539810,2022-01-06T08:17:54,29.71884,-95.23718,0.0,217.2,16.0,CAPT ANDY LAKE,,WDG4759,31,12,26,,,90,A
367539810,2022-01-06T10:44:55,29.71883,-95.23718,0.0,261.9,16.0,CAPT ANDY LAKE,,WDG4759,31,12,26,,,90,A
367539810,2022-01-06T10:19:15,29.71883,-95.23718,0.0,254.2,14.0,CAPT ANDY LAKE,,WDG4759,31,12,26,,,90,A
367539810,2022-01-06T11:06:54,29.71882,-95.23718,0.0,247.8,15.0,CAPT ANDY LAKE,,WDG4759,31,12,26,,,90,A
367539810,2022-01-06T08:40:05,29.71884,-95.23720,0.0,353.7,16.0,CAPT ANDY LAKE,,WDG4759,31,12,26,,,90,A
367539810,2022-01-06T10:40:15,29.71883,-95.23717,0.0,275.3,15.0,CAPT ANDY LAKE,,WDG4759,31,12,26,,,90,A
367539810,2022-01-06T10:20:25,29.71883,-95.23717,0.0,264.1,15.0,CAPT ANDY LAKE,,WDG4759,31,12,26,,,90,A
367539810,2022-01-06T11:12:56,29.71883,-95.23719,0.0,307.4,15.0,CAPT ANDY LAKE,,WDG4759,31,12,26,,,90,A
367539810,2022-01-06T10:48:16,29.71881,-95.23717,0.0,273.8,15.0,CAPT ANDY LAKE,,WDG4759,31,12,26,,,90,A
367539810,2022-01-06T08:42:26,29.71882,-95.23719,0.0,342.5,15.0,CAPT ANDY LAKE,,WDG4759,31,12,26,,,90,A
367539810,2022-01-06T08:24:45,29.71883,-95.23718,0.0,93.7,16.0,CAPT ANDY LAKE,,WDG4759,31,12,26,,,90,A
367539810,2022-01-06T10:23:45,29.71883,-95.23717,0.0,230.9,14.0,CAPT ANDY LAKE,,WDG4759,31,12,26,,,90,A
367539810,2022-01-06T10:52:56,29.71882,-95.23718,0.0,255.1,16.0,CAPT ANDY LAKE,,WDG4759,31,12,26,,,90,A
367539810,2022-01-06T10:27:14,29.71883,-95.23718,0.0,246.0,14.0,CAPT ANDY LAKE,,WDG4759,31,12,26,,,90,A
367539810,2022-01-06T11:16:25,29.71885,-95.23720,0.0,278.9,14.0,CAPT ANDY LAKE,,WDG4759,31,12,26,,,90,A
367539810,2022-01-06T11:04:35,29.71882,-95.23717,0.0,244.7,15.0,CAPT ANDY LAKE,,WDG4759,31,12,26,,,90,A
367539810,2022-01-06T11:21:05,29.71884,-95.23719,0.0,301.6,14.0,CAPT ANDY LAKE,,WDG4759,31,12,26,,,90,A
367539810,2022-01-06T08:34:05,29.71883,-95.23719,0.0,339.9,15.0,CAPT ANDY LAKE,,WDG4759,31,12,26,,,90,A
367539810,2022-01-06T10:59:05,29.71882,-95.23718,0.0,237.2,15.0,CAPT ANDY LAKE,,WDG4759,31,12,26,,,90,A
367539810,2022-01-06T10:34:06,29.71883,-95.23719,0.0,261.8,15.0,CAPT ANDY LAKE,,WDG4759,31,12,26,,,90,A
367539810,2022-01-06T11:23:35,29.71883,-95.23719,0.0,286.5,15.0,CAPT ANDY LAKE,,WDG4759,31,12,26,,,90,A
367539810,2022-01-06T11:10:25,29.71883,-95.23719,0.0,245.2,14.0,CAPT ANDY LAKE,,WDG4759,31,12,26,,,90,A
367539810,2022-01-06T11:11:44,29.71882,-95.23718,0.0,261.3,15.0,CAPT ANDY LAKE,,WDG4759,31,12,26,,,90,A
367539810,2022-01-06T11:14:06,29.71882,-95.23720,0.0,307.9,15.0,CAPT ANDY LAKE,,WDG4759,31,12,26,,,90,A
367539810,2022-01-06T11:31:45,29.71882,-95.23718,0.0,283.6,16.0,CAPT ANDY LAKE,,WDG4759,31,12,26,,,90,A
367539810,2022-01-06T08:53:55,29.71883,-95.23718,0.0,196.3,15.0,CAPT ANDY LAKE,,WDG4759,31,12,26,,,90,A
367539810,2022-01-06T11:08:05,29.71882,-95.23718,0.0,247.6,14.0,CAPT ANDY LAKE,,WDG4759,31,12,26,,,90,A
367539810,2022-01-06T11:35:36,29.71883,-95.23719,0.0,317.2,15.0,CAPT ANDY LAKE,,WDG4759,31,12,26,,,90,A
367539810,2022-01-06T10:45:56,29.71882,-95.23717,0.0,284.9,15.0,CAPT ANDY LAKE,,WDG4759,31,12,26,,,90,A
367539810,2022-01-06T11:39:35,29.71884,-95.23720,0.0,277.6,15.0,CAPT ANDY LAKE,,WDG4759,31,12,26,,,90,A
367539810,2022-01-06T11:40:44,29.71883,-95.23718,0.0,316.6,15.0,CAPT ANDY LAKE,,WDG4759,31,12,26,,,90,A
367539810,2022-01-06T08:55:04,29.71883,-95.23719,0.0,179.1,15.0,CAPT ANDY LAKE,,WDG4759,31,12,26,,,90,A
367539810,2022-01-06T11:43:04,29.71883,-95.23718,0.0,210.3,15.0,CAPT ANDY LAKE,,WDG4759,31,12,26,,,90,A
367539810,2022-01-06T11:28:16,29.71884,-95.23718,0.0,294.4,15.0,CAPT ANDY LAKE,,WDG4759,31,12,26,,,90,A
367539810,2022-01-06T11:22:25,29.71882,-95.23718,0.0,269.5,15.0,CAPT ANDY LAKE,,WDG4759,31,12,26,,,90,A
367539810,2022-01-06T11:52:04,29.71883,-95.23718,0.0,283.9,16.0,CAPT ANDY LAKE,,WDG4759,31,12,26,,,90,A
367539810,2022-01-06T11:01:05,29.71882,-95.23717,0.0,266.5,14.0,CAPT ANDY LAKE,,WDG4759,31,12,26,,,90,A
367539810,2022-01-06T11:02:14,29.71882,-95.23718,0.0,224.9,14.0,CAPT ANDY LAKE,,WDG4759,31,12,26,,,90,A
367539810,2022-01-06T11:58:46,29.71882,-95.23717,0.0,269.1,16.0,CAPT ANDY LAKE,,WDG4759,31,12,26,,,90,A
367539810,2022-01-06T09:12:35,29.71882,-95.23719,0.0,312.2,15.0,CAPT ANDY LAKE,,WDG4759,31,12,26,,,90,A
367539810,2022-01-06T09:05:26,29.71883,-95.23718,0.0,300.1,16.0,CAPT ANDY LAKE,,WDG4759,31,12,26,,,90,A
367539810,2022-01-06T11:32:56,29.71883,-95.23719,0.0,291.3,15.0,CAPT ANDY LAKE,,WDG4759,31,12,26,,,90,A
367539810,2022-01-06T11:24:46,29.71883,-95.23720,0.0,304.9,15.0,CAPT ANDY LAKE,,WDG4759,31,12,26,,,90,A
367539810,2022-01-06T11:25:54,29.71882,-95.23719,0.0,312.3,15.0,CAPT ANDY LAKE,,WDG4759,31,12,26,,,90,A
367539810,2022-01-06T11:44:15,29.71883,-95.23717,0.0,197.0,15.0,CAPT ANDY LAKE,,WDG4759,31,12,26,,,90,A
367539810,2022-01-06T11:45:25,29.71883,-95.23717,0.0,229.9,15.0,CAPT ANDY LAKE,,WDG4759,31,12,26,,,90,A
367539810,2022-01-06T12:09:34,29.71883,-95.23718,0.0,273.3,15.0,CAPT ANDY LAKE,,WDG4759,31,12,26,,,90,A
367539810,2022-01-06T11:15:15,29.71882,-95.23720,0.0,286.0,14.0,CAPT ANDY LAKE,,WDG4759,31,12,26,,,90,A
367539810,2022-01-06T11:49:55,29.71882,-95.23718,0.0,247.3,16.0,CAPT ANDY LAKE,,WDG4759,31,12,26,,,90,A
367539810,2022-01-06T11:17:35,29.71885,-95.23719,0.0,315.6,15.0,CAPT ANDY LAKE,,WDG4759,31,12,26,,,90,A
367539810,2022-01-06T11:55:25,29.71883,-95.23717,0.0,194.1,16.0,CAPT ANDY LAKE,,WDG4759,31,12,26,,,90,A
367539810,2022-01-06T09:24:44,29.71885,-95.23718,0.0,279.8,16.0,CAPT ANDY LAKE,,WDG4759,31,12,26,,,90,A
367539810,2022-01-06T09:27:04,29.71882,-95.23718,0.0,204.2,16.0,CAPT ANDY LAKE,,WDG4759,31,12,26,,,90,A
367539810,2022-01-06T12:18:34,29.71883,-95.23717,0.0,312.3,15.0,CAPT ANDY LAKE,,WDG4759,31,12,26,,,90,A
367539810,2022-01-06T09:31:45,29.71883,-95.23717,0.0,217.9,15.0,CAPT ANDY LAKE,,WDG4759,31,12,26,,,90,A
367539810,2022-01-06T09:29:25,29.71882,-95.23719,0.0,260.5,15.0,CAPT ANDY LAKE,,WDG4759,31,12,26,,,90,A
367539810,2022-01-06T12:19:45,29.71884,-95.23718,0.0,277.0,15.0,CAPT ANDY LAKE,,WDG4759,31,12,26,,,90,A
367539810,2022-01-06T09:37:35,29.71883,-95.23719,0.0,200.7,15.0,CAPT ANDY LAKE,,WDG4759,31,12,26,,,90,A
367539810,2022-01-06T09:32:55,29.71883,-95.23717,0.0,227.1,16.0,CAPT ANDY LAKE,,WDG4759,31,12,26,,,90,A
367539810,2022-01-06T09:34:04,29.71883,-95.23718,0.0,189.5,15.0,CAPT ANDY LAKE,,WDG4759,31,12,26,,,90,A
367539810,2022-01-06T12:07:15,29.71883,-95.23717,0.0,261.5,15.0,CAPT ANDY LAKE,,WDG4759,31,12,26,,,90,A
367539810,2022-01-06T12:31:55,29.71885,-95.23718,0.0,322.7,14.0,CAPT ANDY LAKE,,WDG4759,31,12,26,,,90,A
367539810,2022-01-06T12:08:26,29.71884,-95.23719,0.0,286.8,15.0,CAPT ANDY LAKE,,WDG4759,31,12,26,,,90,A
367539810,2022-01-06T11:53:05,29.71883,-95.23718,0.0,243.6,16.0,CAPT ANDY LAKE,,WDG4759,31,12,26,,,90,A
367539810,2022-01-06T12:28:05,29.71882,-95.23718,0.0,277.8,14.0,CAPT ANDY LAKE,,WDG4759,31,12,26,,,90,A
367539810,2022-01-06T12:01:35,29.71883,-95.23718,0.0,283.0,15.0,CAPT ANDY LAKE,,WDG4759,31,12,26,,,90,A
367539810,2022-01-06T11:37:14,29.71883,-95.23718,0.0,307.9,16.0,CAPT ANDY LAKE,,WDG4759,31,12,26,,,90,A
367539810,2022-01-06T12:02:36,29.71883,-95.23718,0.0,238.7,15.0,CAPT ANDY LAKE,,WDG4759,31,12,26,,,90,A
367539810,2022-01-06T11:54:14,29.71883,-95.23717,0.0,258.0,16.0,CAPT ANDY LAKE,,WDG4759,31,12,26,,,90,A
367539810,2022-01-06T11:56:35,29.71882,-95.23717,0.0,273.6,16.0,CAPT ANDY LAKE,,WDG4759,31,12,26,,,90,A
367539810,2022-01-06T12:06:05,29.71883,-95.23718,0.0,263.5,16.0,CAPT ANDY LAKE,,WDG4759,31,12,26,,,90,A
367539810,2022-01-06T12:12:54,29.71884,-95.23718,0.0,283.3,16.0,CAPT ANDY LAKE,,WDG4759,31,12,26,,,90,A
367539810,2022-01-06T09:42:14,29.71883,-95.23717,0.0,214.0,15.0,CAPT ANDY LAKE,,WDG4759,31,12,26,,,90,A
367539810,2022-01-06T09:43:25,29.71883,-95.23718,0.0,220.5,15.0,CAPT ANDY LAKE,,WDG4759,31,12,26,,,90,A
367539810,2022-01-06T12:39:06,29.71883,-95.23718,0.0,295.3,14.0,CAPT ANDY LAKE,,WDG4759,31,12,26,,,90,A
367539810,2022-01-06T12:04:54,29.71884,-95.23718,0.0,266.8,16.0,CAPT ANDY LAKE,,WDG4759,31,12,26,,,90,A
367539810,2022-01-06T12:20:55,29.71883,-95.23718,0.0,233.1,15.0,CAPT ANDY LAKE,,WDG4759,31,12,26,,,90,A
367539810,2022-01-06T12:46:06,29.71883,-95.23718,0.0,225.3,14.0,CAPT ANDY LAKE,,WDG4759,31,12,26,,,90,A
367539810,2022-01-06T11:46:34,29.71883,-95.23719,0.0,269.9,15.0,CAPT ANDY LAKE,,WDG4759,31,12,26,,,90,A
367539810,2022-01-06T12:15:06,29.71885,-95.23719,0.0,260.3,15.0,CAPT ANDY LAKE,,WDG4759,31,12,26,,,90,A
367539810,2022-01-06T11:47:35,29.71883,-95.23718,0.0,283.9,15.0,CAPT ANDY LAKE,,WDG4759,31,12,26,,,90,A
367539810,2022-01-06T12:24:35,29.71884,-95.23719,0.0,282.2,15.0,CAPT ANDY LAKE,,WDG4759,31,12,26,,,90,A
367539810,2022-01-06T12:16:15,29.71884,-95.23718,0.0,268.1,15.0,CAPT ANDY LAKE,,WDG4759,31,12,26,,,90,A
367539810,2022-01-06T12:10:45,29.71883,-95.23719,0.0,266.5,15.0,CAPT ANDY LAKE,,WDG4759,31,12,26,,,90,A
367539810,2022-01-06T12:17:25,29.71883,-95.23717,0.0,273.2,15.0,CAPT ANDY LAKE,,WDG4759,31,12,26,,,90,A
367539810,2022-01-06T12:57:05,29.71883,-95.23717,0.0,243.0,14.0,CAPT ANDY LAKE,,WDG4759,31,12,26,,,90,A
367539810,2022-01-06T12:25:45,29.71884,-95.23718,0.0,256.2,14.0,CAPT ANDY LAKE,,WDG4759,31,12,26,,,90,A
367539810,2022-01-06T12:58:26,29.71883,-95.23718,0.0,238.1,14.0,CAPT ANDY LAKE,,WDG4759,31,12,26,,,90,A
367539810,2022-01-06T11:57:45,29.71882,-95.23718,0.0,268.6,16.0,CAPT ANDY LAKE,,WDG4759,31,12,26,,,90,A
367539810,2022-01-06T09:58:25,29.71884,-95.23717,0.0,315.8,15.0,CAPT ANDY LAKE,,WDG4759,31,12,26,,,90,A
367539810,2022-01-06T13:06:45,29.71885,-95.23718,0.0,282.0,14.0,CAPT ANDY LAKE,,WDG4759,31,12,26,,,90,A
367539810,2022-01-06T12:34:25,29.71885,-95.23718,0.0,300.1,14.0,CAPT ANDY LAKE,,WDG4759,31,12,26,,,90,A
367539810,2022-01-06T12:37:56,29.71883,-95.23718,0.0,311.9,14.0,CAPT ANDY LAKE,,WDG4759,31,12,26,,,90,A
367539810,2022-01-06T12:33:05,29.71885,-95.23718,0.0,292.1,13.0,CAPT ANDY LAKE,,WDG4759,31,12,26,,,90,A
367539810,2022-01-06T13:13:55,29.71884,-95.23717,0.0,272.0,14.0,CAPT ANDY LAKE,,WDG4759,31,12,26,,,90,A
367539810,2022-01-06T12:13:55,29.71884,-95.23718,0.0,284.3,15.0,CAPT ANDY LAKE,,WDG4759,31,12,26,,,90,A
367539810,2022-01-06T12:43:46,29.71885,-95.23719,0.0,330.4,14.0,CAPT ANDY LAKE,,WDG4759,31,12,26,,,90,A
367539810,2022-01-06T12:44:55,29.71885,-95.23720,0.0,204.7,14.0,CAPT ANDY LAKE,,WDG4759,31,12,26,,,90,A
367539810,2022-01-06T12:40:16,29.71884,-95.23718,0.0,296.7,14.0,CAPT ANDY LAKE,,WDG4759,31,12,26,,,90,A
367539810,2022-01-06T13:24:25,29.71882,-95.23717,0.0,281.1,14.0,CAPT ANDY LAKE,,WDG4759,31,12,26,,,90,A
367539810,2022-01-06T13:23:16,29.71882,-95.23717,0.0,280.0,14.0,CAPT ANDY LAKE,,WDG4759,31,12,26,,,90,A
367539810,2022-01-06T12:53:35,29.71884,-95.23717,0.0,260.3,14.0,CAPT ANDY LAKE,,WDG4759,31,12,26,,,90,A
367539810,2022-01-06T12:51:05,29.71885,-95.23718,0.0,195.2,14.0,CAPT ANDY LAKE,,WDG4759,31,12,26,,,90,A
367539810,2022-01-06T10:16:55,29.71883,-95.23718,0.0,206.1,14.0,CAPT ANDY LAKE,,WDG4759,31,12,26,,,90,A
367539810,2022-01-06T13:30:15,29.71884,-95.23720,0.0,283.8,15.0,CAPT ANDY LAKE,,WDG4759,31,12,26,,,90,A
367539810,2022-01-06T10:21:26,29.71884,-95.23717,0.0,147.7,14.0,CAPT ANDY LAKE,,WDG4759,31,12,26,,,90,A
367539810,2022-01-06T12:54:44,29.71884,-95.23718,0.0,244.3,14.0,CAPT ANDY LAKE,,WDG4759,31,12,26,,,90,A
367539810,2022-01-06T13:03:14,29.71883,-95.23719,0.0,309.0,14.0,CAPT ANDY LAKE,,WDG4759,31,12,26,,,90,A
367539810,2022-01-06T10:22:35,29.71884,-95.23718,0.0,220.7,15.0,CAPT ANDY LAKE,,WDG4759,31,12,26,,,90,A
367539810,2022-01-06T13:36:05,29.71883,-95.23719,0.0,78.1,15.0,CAPT ANDY LAKE,,WDG4759,31,12,26,,,90,A
367539810,2022-01-06T13:05:35,29.71882,-95.23718,0.0,256.6,14.0,CAPT ANDY LAKE,,WDG4759,31,12,26,,,90,A
367539810,2022-01-06T13:38:35,29.71882,-95.23717,0.0,291.2,14.0,CAPT ANDY LAKE,,WDG4759,31,12,26,,,90,A
367539810,2022-01-06T13:04:25,29.71884,-95.23718,0.0,293.7,14.0,CAPT ANDY LAKE,,WDG4759,31,12,26,,,90,A
367539810,2022-01-06T13:02:05,29.71883,-95.23718,0.0,300.5,14.0,CAPT ANDY LAKE,,WDG4759,31,12,26,,,90,A
367539810,2022-01-06T10:29:36,29.71885,-95.23716,0.0,238.6,15.0,CAPT ANDY LAKE,,WDG4759,31,12,26,,,90,A
367539810,2022-01-06T13:07:55,29.71883,-95.23718,0.0,303.2,14.0,CAPT ANDY LAKE,,WDG4759,31,12,26,,,90,A
367539810,2022-01-06T13:10:15,29.71885,-95.23718,0.0,221.1,14.0,CAPT ANDY LAKE,,WDG4759,31,12,26,,,90,A
367539810,2022-01-06T13:11:25,29.71886,-95.23717,0.0,262.8,13.0,CAPT ANDY LAKE,,WDG4759,31,12,26,,,90,A
367539810,2022-01-06T13:12:36,29.71883,-95.23717,0.0,267.3,14.0,CAPT ANDY LAKE,,WDG4759,31,12,26,,,90,A
367539810,2022-01-06T12:41:26,29.71884,-95.23718,0.0,275.1,13.0,CAPT ANDY LAKE,,WDG4759,31,12,26,,,90,A
367539810,2022-01-06T10:39:06,29.71883,-95.23718,0.0,261.1,15.0,CAPT ANDY LAKE,,WDG4759,31,12,26,,,90,A
367539810,2022-01-06T13:54:44,29.71883,-95.23718,0.0,235.2,14.0,CAPT ANDY LAKE,,WDG4759,31,12,26,,,90,A
367539810,2022-01-06T13:52:26,29.71882,-95.23716,0.0,198.0,14.0,CAPT ANDY LAKE,,WDG4759,31,12,26,,,90,A
367539810,2022-01-06T13:53:34,29.71883,-95.23717,0.0,136.6,14.0,CAPT ANDY LAKE,,WDG4759,31,12,26,,,90,A
367539810,2022-01-06T13:55:54,29.71883,-95.23717,0.0,210.1,15.0,CAPT ANDY LAKE,,WDG4759,31,12,26,,,90,A
367539810,2022-01-06T13:15:04,29.71883,-95.23718,0.0,281.3,14.0,CAPT ANDY LAKE,,WDG4759,31,12,26,,,90,A
367539810,2022-01-06T12:47:14,29.71883,-95.23719,0.0,291.9,14.0,CAPT ANDY LAKE,,WDG4759,31,12,26,,,90,A
367539810,2022-01-06T13:16:16,29.71883,-95.23718,0.0,265.3,15.0,CAPT ANDY LAKE,,WDG4759,31,12,26,,,90,A
367539810,2022-01-06T13:17:24,29.71885,-95.23720,0.0,279.5,15.0,CAPT ANDY LAKE,,WDG4759,31,12,26,,,90,A
367539810,2022-01-06T10:42:26,29.71884,-95.23718,0.0,285.0,15.0,CAPT ANDY LAKE,,WDG4759,31,12,26,,,90,A
367539810,2022-01-06T13:32:36,29.71884,-95.23719,0.0,104.6,15.0,CAPT ANDY LAKE,,WDG4759,31,12,26,,,90,A
367539810,2022-01-06T13:27:55,29.71883,-95.23719,0.0,280.7,14.0,CAPT ANDY LAKE,,WDG4759,31,12,26,,,90,A
367539810,2022-01-06T13:25:35,29.71882,-95.23717,0.0,324.4,14.0,CAPT ANDY LAKE,,WDG4759,31,12,26,,,90,A
367539810,2022-01-06T10:47:04,29.71883,-95.23718,0.0,252.2,14.0,CAPT ANDY LAKE,,WDG4759,31,12,26,,,90,A
367539810,2022-01-06T14:10:36,29.71883,-95.23719,0.0,253.3,14.0,CAPT ANDY LAKE,,WDG4759,31,12,26,,,90,A
367539810,2022-01-06T12:59:35,29.71884,-95.23719,0.0,265.0,14.0,CAPT ANDY LAKE,,WDG4759,31,12,26,,,90,A
367539810,2022-01-06T13:42:05,29.71882,-95.23717,0.0,135.1,15.0,CAPT ANDY LAKE,,WDG4759,31,12,26,,,90,A
367539810,2022-01-06T13:33:45,29.71883,-95.23720,0.0,248.0,15.0,CAPT ANDY LAKE,,WDG4759,31,12,26,,,90,A
367539810,2022-01-06T13:34:56,29.71883,-95.23720,0.0,318.9,14.0,CAPT ANDY LAKE,,WDG4759,31,12,26,,,90,A
367539810,2022-01-06T13:44:35,29.71884,-95.23719,0.0,338.5,15.0,CAPT ANDY LAKE,,WDG4759,31,12,26,,,90,A
367539810,2022-01-06T10:54:05,29.71882,-95.23718,0.0,275.6,15.0,CAPT ANDY LAKE,,WDG4759,31,12,26,,,90,A
367539810,2022-01-06T14:16:15,29.71883,-95.23718,0.0,231.6,15.0,CAPT ANDY LAKE,,WDG4759,31,12,26,,,90,A
367539810,2022-01-06T13:47:55,29.71884,-95.23719,0.0,273.7,15.0,CAPT ANDY LAKE,,WDG4759,31,12,26,,,90,A
367539810,2022-01-06T10:56:44,29.71883,-95.23719,0.0,295.9,15.0,CAPT ANDY LAKE,,WDG4759,31,12,26,,,90,A
367539810,2022-01-06T13:39:45,29.71881,-95.23717,0.0,84.3,15.0,CAPT ANDY LAKE,,WDG4759,31,12,26,,,90,A
367539810,2022-01-06T13:43:25,29.71883,-95.23718,0.0,42.8,15.0,CAPT ANDY LAKE,,WDG4759,31,12,26,,,90,A
367539810,2022-01-06T13:09:05,29.71882,-95.23717,0.0,325.7,14.0,CAPT ANDY LAKE,,WDG4759,31,12,26,,,90,A
367539810,2022-01-06T13:46:45,29.71883,-95.23718,0.0,285.3,15.0,CAPT ANDY LAKE,,WDG4759,31,12,26,,,90,A
367539810,2022-01-06T13:45:36,29.71884,-95.23718,0.0,184.4,15.0,CAPT ANDY LAKE,,WDG4759,31,12,26,,,90,A
367539810,2022-01-06T14:25:56,29.71884,-95.23718,0.0,257.6,14.0,CAPT ANDY LAKE,,WDG4759,31,12,26,,,90,A
367539810,2022-01-06T14:28:15,29.71882,-95.23718,0.0,263.5,14.0,CAPT ANDY LAKE,,WDG4759,31,12,26,,,90,A
367539810,2022-01-06T13:49:04,29.71882,-95.23717,0.0,207.7,15.0,CAPT ANDY LAKE,,WDG4759,31,12,26,,,90,A
367539810,2022-01-06T13:51:16,29.71883,-95.23717,0.0,313.8,15.0,CAPT ANDY LAKE,,WDG4759,31,12,26,,,90,A
367539810,2022-01-06T14:30:34,29.71882,-95.23719,0.0,289.9,15.0,CAPT ANDY LAKE,,WDG4759,31,12,26,,,90,A
367539810,2022-01-06T14:01:25,29.71884,-95.23718,0.0,324.2,15.0,CAPT ANDY LAKE,,WDG4759,31,12,26,,,90,A
367539810,2022-01-06T11:09:16,29.71881,-95.23718,0.0,278.3,15.0,CAPT ANDY LAKE,,WDG4759,31,12,26,,,90,A
367539810,2022-01-06T13:56:55,29.71883,-95.23717,0.0,195.7,15.0,CAPT ANDY LAKE,,WDG4759,31,12,26,,,90,A
367539810,2022-01-06T13:19:46,29.71884,-95.23719,0.0,237.0,14.0,CAPT ANDY LAKE,,WDG4759,31,12,26,,,90,A
367539810,2022-01-06T13:58:05,29.71884,-95.23717,0.0,299.0,15.0,CAPT ANDY LAKE,,WDG4759,31,12,26,,,90,A
367539810,2022-01-06T14:07:04,29.71883,-95.23718,0.0,250.8,15.0,CAPT ANDY LAKE,,WDG4759,31,12,26,,,90,A
367539810,2022-01-06T14:42:15,29.71883,-95.23717,0.0,218.9,15.0,CAPT ANDY LAKE,,WDG4759,31,12,26,,,90,A
367539810,2022-01-06T11:18:45,29.71885,-95.23719,0.0,270.7,14.0,CAPT ANDY LAKE,,WDG4759,31,12,26,,,90,A
367539810,2022-01-06T11:19:56,29.71882,-95.23719,0.0,277.6,14.0,CAPT ANDY LAKE,,WDG4759,31,12,26,,,90,A
367539810,2022-01-06T14:09:25,29.71882,-95.23718,0.0,281.3,14.0,CAPT ANDY LAKE,,WDG4759,31,12,26,,,90,A
367539810,2022-01-06T14:44:36,29.71884,-95.23717,0.0,243.7,14.0,CAPT ANDY LAKE,,WDG4759,31,12,26,,,90,A
367539810,2022-01-06T13:29:05,29.71883,-95.23718,0.0,314.5,14.0,CAPT ANDY LAKE,,WDG4759,31,12,26,,,90,A
367539810,2022-01-06T14:11:44,29.71883,-95.23718,0.0,323.6,15.0,CAPT ANDY LAKE,,WDG4759,31,12,26,,,90,A
367539810,2022-01-06T14:13:56,29.71883,-95.23717,0.0,293.2,15.0,CAPT ANDY LAKE,,WDG4759,31,12,26,,,90,A
367539810,2022-01-06T14:19:44,29.71882,-95.23718,0.0,268.8,14.0,CAPT ANDY LAKE,,WDG4759,31,12,26,,,90,A
367539810,2022-01-06T14:49:24,29.71884,-95.23717,0.0,194.2,15.0,CAPT ANDY LAKE,,WDG4759,31,12,26,,,90,A
367539810,2022-01-06T14:18:34,29.71883,-95.23718,0.0,225.2,15.0,CAPT ANDY LAKE,,WDG4759,31,12,26,,,90,A
367539810,2022-01-06T11:27:04,29.71884,-95.23720,0.0,272.3,15.0,CAPT ANDY LAKE,,WDG4759,31,12,26,,,90,A
367539810,2022-01-06T11:29:25,29.71882,-95.23719,0.0,291.3,16.0,CAPT ANDY LAKE,,WDG4759,31,12,26,,,90,A
367539810,2022-01-06T14:55:24,29.71885,-95.23717,0.0,212.9,15.0,CAPT ANDY LAKE,,WDG4759,31,12,26,,,90,A
367539810,2022-01-06T11:30:36,29.71884,-95.23719,0.0,275.0,15.0,CAPT ANDY LAKE,,WDG4759,31,12,26,,,90,A
367539810,2022-01-06T11:34:26,29.71883,-95.23720,0.0,279.7,15.0,CAPT ANDY LAKE,,WDG4759,31,12,26,,,90,A
367539810,2022-01-06T14:27:05,29.71883,-95.23718,0.0,264.4,15.0,CAPT ANDY LAKE,,WDG4759,31,12,26,,,90,A
367539810,2022-01-06T13:50:15,29.71883,-95.23718,0.0,149.7,14.0,CAPT ANDY LAKE,,WDG4759,31,12,26,,,90,A
367539810,2022-01-06T11:38:26,29.71883,-95.23720,0.0,313.1,15.0,CAPT ANDY LAKE,,WDG4759,31,12,26,,,90,A
367539810,2022-01-06T11:41:55,29.71884,-95.23719,0.0,316.1,14.0,CAPT ANDY LAKE,,WDG4759,31,12,26,,,90,A
367539810,2022-01-06T14:39:56,29.71882,-95.23718,0.0,220.2,15.0,CAPT ANDY LAKE,,WDG4759,31,12,26,,,90,A
367539810,2022-01-06T14:36:24,29.71883,-95.23719,0.0,272.4,15.0,CAPT ANDY LAKE,,WDG4759,31,12,26,,,90,A
367539810,2022-01-06T14:41:06,29.71883,-95.23717,0.0,248.1,15.0,CAPT ANDY LAKE,,WDG4759,31,12,26,,,90,A
367539810,2022-01-06T14:47:06,29.71885,-95.23717,0.0,221.6,15.0,CAPT ANDY LAKE,,WDG4759,31,12,26,,,90,A
367539810,2022-01-06T11:48:45,29.71883,-95.23718,0.0,216.3,15.0,CAPT ANDY LAKE,,WDG4759,31,12,26,,,90,A
367539810,2022-01-06T15:11:44,29.71884,-95.23718,0.0,231.2,15.0,CAPT ANDY LAKE,,WDG4759,31,12,26,,,90,A
367539810,2022-01-06T15:15:06,29.71884,-95.23719,0.0,219.2,15.0,CAPT ANDY LAKE,,WDG4759,31,12,26,,,90,A
367539810,2022-01-06T15:12:46,29.71883,-95.23718,0.0,251.9,15.0,CAPT ANDY LAKE,,WDG4759,31,12,26,,,90,A
367539810,2022-01-06T14:45:56,29.71881,-95.23717,0.0,239.2,14.0,CAPT ANDY LAKE,,WDG4759,31,12,26,,,90,A
367539810,2022-01-06T14:43:26,29.71884,-95.23717,0.0,208.2,15.0,CAPT ANDY LAKE,,WDG4759,31,12,26,,,90,A
367539810,2022-01-06T11:50:56,29.71883,-95.23718,0.0,238.7,15.0,CAPT ANDY LAKE,,WDG4759,31,12,26,,,90,A
367539810,2022-01-06T14:04:35,29.71881,-95.23716,0.0,352.4,14.0,CAPT ANDY LAKE,,WDG4759,31,12,26,,,90,A
367539810,2022-01-06T14:05:45,29.71883,-95.23718,0.0,306.0,15.0,CAPT ANDY LAKE,,WDG4759,31,12,26,,,90,A
367539810,2022-01-06T15:20:55,29.71882,-95.23717,0.0,218.6,16.0,CAPT ANDY LAKE,,WDG4759,31,12,26,,,90,A
367539810,2022-01-06T14:48:15,29.71886,-95.23717,0.0,252.7,15.0,CAPT ANDY LAKE,,WDG4759,31,12,26,,,90,A
367539810,2022-01-06T14:51:56,29.71882,-95.23717,0.0,215.6,14.0,CAPT ANDY LAKE,,WDG4759,31,12,26,,,90,A
367539810,2022-01-06T15:25:34,29.71883,-95.23718,0.0,233.1,16.0,CAPT ANDY LAKE,,WDG4759,31,12,26,,,90,A
367539810,2022-01-06T15:01:26,29.71884,-95.23717,0.0,248.8,14.0,CAPT ANDY LAKE,,WDG4759,31,12,26,,,90,A
367539810,2022-01-06T14:15:05,29.71883,-95.23717,0.0,266.2,15.0,CAPT ANDY LAKE,,WDG4759,31,12,26,,,90,A
367539810,2022-01-06T15:29:14,29.71882,-95.23718,0.0,311.5,14.0,CAPT ANDY LAKE,,WDG4759,31,12,26,,,90,A
367539810,2022-01-06T14:54:15,29.71884,-95.23717,0.0,225.1,15.0,CAPT ANDY LAKE,,WDG4759,31,12,26,,,90,A
367539810,2022-01-06T15:32:05,29.71882,-95.23717,0.0,257.4,15.0,CAPT ANDY LAKE,,WDG4759,31,12,26,,,90,A
367539810,2022-01-06T12:03:45,29.71883,-95.23717,0.0,232.7,15.0,CAPT ANDY LAKE,,WDG4759,31,12,26,,,90,A
367539810,2022-01-06T15:10:35,29.71884,-95.23718,0.0,226.2,15.0,CAPT ANDY LAKE,,WDG4759,31,12,26,,,90,A
367539810,2022-01-06T15:09:26,29.71883,-95.23719,0.0,244.5,14.0,CAPT ANDY LAKE,,WDG4759,31,12,26,,,90,A
367539810,2022-01-06T15:40:16,29.71879,-95.23717,0.0,64.2,14.0,CAPT ANDY LAKE,,WDG4759,31,12,26,,,90,A
367539810,2022-01-06T15:43:45,29.71883,-95.23718,0.0,323.0,14.0,CAPT ANDY LAKE,,WDG4759,31,12,26,,,90,A
367539810,2022-01-06T15:16:14,29.71883,-95.23719,0.0,213.2,15.0,CAPT ANDY LAKE,,WDG4759,31,12,26,,,90,A
367539810,2022-01-06T14:29:25,29.71883,-95.23720,0.0,327.0,15.0,CAPT ANDY LAKE,,WDG4759,31,12,26,,,90,A
367539810,2022-01-06T15:13:55,29.71884,-95.23719,0.0,221.5,15.0,CAPT ANDY LAKE,,WDG4759,31,12,26,,,90,A
367539810,2022-01-06T12:11:46,29.71883,-95.23718,0.0,278.2,16.0,CAPT ANDY LAKE,,WDG4759,31,12,26,,,90,A
367539810,2022-01-06T14:31:35,29.71882,-95.23718,0.0,233.9,15.0,CAPT ANDY LAKE,,WDG4759,31,12,26,,,90,A
367539810,2022-01-06T14:32:45,29.71882,-95.23719,0.0,227.1,14.0,CAPT ANDY LAKE,,WDG4759,31,12,26,,,90,A
367539810,2022-01-06T14:34:06,29.71883,-95.23719,0.0,337.5,15.0,CAPT ANDY LAKE,,WDG4759,31,12,26,,,90,A
367539810,2022-01-06T15:47:05,29.71883,-95.23718,0.0,287.1,14.0,CAPT ANDY LAKE,,WDG4759,31,12,26,,,90,A
367539810,2022-01-06T15:50:44,29.71886,-95.23718,0.0,192.4,15.0,CAPT ANDY LAKE,,WDG4759,31,12,26,,,90,A
367539810,2022-01-06T14:37:36,29.71884,-95.23717,0.0,214.1,15.0,CAPT ANDY LAKE,,WDG4759,31,12,26,,,90,A
367539810,2022-01-06T12:22:05,29.71883,-95.23718,0.0,262.3,15.0,CAPT ANDY LAKE,,WDG4759,31,12,26,,,90,A
367539810,2022-01-06T15:24:25,29.71883,-95.23717,0.0,311.3,15.0,CAPT ANDY LAKE,,WDG4759,31,12,26,,,90,A
367539810,2022-01-06T15:22:05,29.71883,-95.23717,0.0,233.8,16.0,CAPT ANDY LAKE,,WDG4759,31,12,26,,,90,A
367539810,2022-01-06T15:19:44,29.71883,-95.23717,0.0,210.6,16.0,CAPT ANDY LAKE,,WDG4759,31,12,26,,,90,A
367539810,2022-01-06T15:57:54,29.71884,-95.23717,0.0,182.3,14.0,CAPT ANDY LAKE,,WDG4759,31,12,26,,,90,A
367539810,2022-01-06T12:26:54,29.71883,-95.23718,0.0,300.1,14.0,CAPT ANDY LAKE,,WDG4759,31,12,26,,,90,A
367539810,2022-01-06T12:30:35,29.71883,-95.23718,0.0,283.5,13.0,CAPT ANDY LAKE,,WDG4759,31,12,26,,,90,A
367539810,2022-01-06T15:56:46,29.71883,-95.23717,0.0,279.1,15.0,CAPT ANDY LAKE,,WDG4759,31,12,26,,,90,A
367539810,2022-01-06T12:23:25,29.71883,-95.23718,0.0,269.8,15.0,CAPT ANDY LAKE,,WDG4759,31,12,26,,,90,A
367539810,2022-01-06T15:28:05,29.71881,-95.23718,0.0,156.9,15.0,CAPT ANDY LAKE,,WDG4759,31,12,26,,,90,A
367539810,2022-01-06T15:59:06,29.71885,-95.23718,0.0,227.3,14.0,CAPT ANDY LAKE,,WDG4759,31,12,26,,,90,A
367539810,2022-01-06T15:37:55,29.71880,-95.23717,0.0,192.1,15.0,CAPT ANDY LAKE,,WDG4759,31,12,26,,,90,A
367539810,2022-01-06T14:50:46,29.71883,-95.23718,0.0,283.5,15.0,CAPT ANDY LAKE,,WDG4759,31,12,26,,,90,A
367539810,2022-01-06T15:30:45,29.71880,-95.23717,0.0,211.3,14.0,CAPT ANDY LAKE,,WDG4759,31,12,26,,,90,A
367539810,2022-01-06T12:36:55,29.71883,-95.23718,0.0,286.2,14.0,CAPT ANDY LAKE,,WDG4759,31,12,26,,,90,A
367539810,2022-01-06T16:00:25,29.71884,-95.23718,0.0,239.2,14.0,CAPT ANDY LAKE,,WDG4759,31,12,26,,,90,A
367539810,2022-01-06T15:36:46,29.71881,-95.23717,0.0,326.2,15.0,CAPT ANDY LAKE,,WDG4759,31,12,26,,,90,A
367539810,2022-01-06T16:04:04,29.71883,-95.23718,0.0,263.1,14.0,CAPT ANDY LAKE,,WDG4759,31,12,26,,,90,A
367539810,2022-01-06T14:56:26,29.71884,-95.23717,0.0,245.7,15.0,CAPT ANDY LAKE,,WDG4759,31,12,26,,,90,A
367539810,2022-01-06T12:42:45,29.71884,-95.23718,0.0,276.7,14.0,CAPT ANDY LAKE,,WDG4759,31,12,26,,,90,A
367539810,2022-01-06T12:29:25,29.71882,-95.23718,0.0,287.1,14.0,CAPT ANDY LAKE,,WDG4759,31,12,26,,,90,A
367539810,2022-01-06T15:42:36,29.71881,-95.23717,0.0,262.7,15.0,CAPT ANDY LAKE,,WDG4759,31,12,26,,,90,A
367539810,2022-01-06T15:48:15,29.71882,-95.23718,0.0,254.6,15.0,CAPT ANDY LAKE,,WDG4759,31,12,26,,,90,A
367539810,2022-01-06T12:35:36,29.71884,-95.23718,0.0,248.0,14.0,CAPT ANDY LAKE,,WDG4759,31,12,26,,,90,A
367539810,2022-01-06T15:05:55,29.71884,-95.23718,0.0,280.2,14.0,CAPT ANDY LAKE,,WDG4759,31,12,26,,,90,A
367539810,2022-01-06T15:08:16,29.71884,-95.23718,0.0,200.1,14.0,CAPT ANDY LAKE,,WDG4759,31,12,26,,,90,A
367539810,2022-01-06T15:51:54,29.71885,-95.23717,0.0,198.7,15.0,CAPT ANDY LAKE,,WDG4759,31,12,26,,,90,A
367539810,2022-01-06T15:54:15,29.71882,-95.23717,0.0,211.4,15.0,CAPT ANDY LAKE,,WDG4759,31,12,26,,,90,A
367539810,2022-01-06T16:25:25,29.71884,-95.23718,0.0,203.5,15.0,CAPT ANDY LAKE,,WDG4759,31,12,26,,,90,A
367539810,2022-01-06T16:27:45,29.71884,-95.23717,0.0,302.9,14.0,CAPT ANDY LAKE,,WDG4759,31,12,26,,,90,A
367539810,2022-01-06T15:17:15,29.71883,-95.23718,0.0,207.9,15.0,CAPT ANDY LAKE,,WDG4759,31,12,26,,,90,A
367539810,2022-01-06T16:02:55,29.71883,-95.23717,0.0,220.0,14.0,CAPT ANDY LAKE,,WDG4759,31,12,26,,,90,A
367539810,2022-01-06T16:28:56,29.71886,-95.23718,0.0,247.1,16.0,CAPT ANDY LAKE,,WDG4759,31,12,26,,,90,A
367539810,2022-01-06T16:30:05,29.71884,-95.23718,0.0,313.7,16.0,CAPT ANDY LAKE,,WDG4759,31,12,26,,,90,A
367539810,2022-01-06T13:00:55,29.71882,-95.23718,0.0,267.5,14.0,CAPT ANDY LAKE,,WDG4759,31,12,26,,,90,A
367539810,2022-01-06T16:31:16,29.71884,-95.23718,0.0,220.7,16.0,CAPT ANDY LAKE,,WDG4759,31,12,26,,,90,A
367539810,2022-01-06T16:06:25,29.71885,-95.23717,0.0,254.1,13.0,CAPT ANDY LAKE,,WDG4759,31,12,26,,,90,A
367539810,2022-01-06T16:32:24,29.71884,-95.23718,0.0,191.6,15.0,CAPT ANDY LAKE,,WDG4759,31,12,26,,,90,A
367539810,2022-01-06T12:48:35,29.71883,-95.23718,0.0,287.5,14.0,CAPT ANDY LAKE,,WDG4759,31,12,26,,,90,A
367539810,2022-01-06T16:10:16,29.71886,-95.23717,0.0,205.8,14.0,CAPT ANDY LAKE,,WDG4759,31,12,26,,,90,A
367539810,2022-01-06T12:49:46,29.71883,-95.23718,0.0,292.1,15.0,CAPT ANDY LAKE,,WDG4759,31,12,26,,,90,A
367539810,2022-01-06T16:05:16,29.71883,-95.23717,0.0,181.2,14.0,CAPT ANDY LAKE,,WDG4759,31,12,26,,,90,A
367539810,2022-01-06T16:07:36,29.71885,-95.23717,0.0,178.1,14.0,CAPT ANDY LAKE,,WDG4759,31,12,26,,,90,A
367539810,2022-01-06T12:52:14,29.71885,-95.23717,0.0,309.1,14.0,CAPT ANDY LAKE,,WDG4759,31,12,26,,,90,A
367539810,2022-01-06T16:42:44,29.71883,-95.23719,0.0,229.8,15.0,CAPT ANDY LAKE,,WDG4759,31,12,26,,,90,A
367539810,2022-01-06T15:35:34,29.71882,-95.23717,0.0,171.3,15.0,CAPT ANDY LAKE,,WDG4759,31,12,26,,,90,A
367539810,2022-01-06T16:16:05,29.71882,-95.23717,0.0,287.1,14.0,CAPT ANDY LAKE,,WDG4759,31,12,26,,,90,A
367539810,2022-01-06T16:46:15,29.71883,-95.23719,0.0,247.0,16.0,CAPT ANDY LAKE,,WDG4759,31,12,26,,,90,A
367539810,2022-01-06T16:13:45,29.71883,-95.23717,0.0,257.9,13.0,CAPT ANDY LAKE,,WDG4759,31,12,26,,,90,A
367539810,2022-01-06T12:55:56,29.71884,-95.23717,0.0,237.4,14.0,CAPT ANDY LAKE,,WDG4759,31,12,26,,,90,A
367539810,2022-01-06T16:23:04,29.71883,-95.23718,0.0,328.5,15.0,CAPT ANDY LAKE,,WDG4759,31,12,26,,,90,A
367539810,2022-01-06T16:18:26,29.71883,-95.23717,0.0,314.0,15.0,CAPT ANDY LAKE,,WDG4759,31,12,26,,,90,A
367539810,2022-01-06T16:48:26,29.71883,-95.23718,0.0,290.6,15.0,CAPT ANDY LAKE,,WDG4759,31,12,26,,,90,A
367539810,2022-01-06T16:54:16,29.71881,-95.23717,0.0,242.6,16.0,CAPT ANDY LAKE,,WDG4759,31,12,26,,,90,A
367539810,2022-01-06T15:44:54,29.71883,-95.23717,0.0,166.1,14.0,CAPT ANDY LAKE,,WDG4759,31,12,26,,,90,A
367539810,2022-01-06T16:26:36,29.71883,-95.23717,0.0,224.8,15.0,CAPT ANDY LAKE,,WDG4759,31,12,26,,,90,A
367539810,2022-01-06T16:51:55,29.71882,-95.23718,0.0,229.7,14.0,CAPT ANDY LAKE,,WDG4759,31,12,26,,,90,A
367539810,2022-01-06T13:22:05,29.71883,-95.23718,0.0,310.5,14.0,CAPT ANDY LAKE,,WDG4759,31,12,26,,,90,A
367539810,2022-01-06T17:03:05,29.71883,-95.23717,0.0,40.6,15.0,CAPT ANDY LAKE,,WDG4759,31,12,26,,,90,A
367539810,2022-01-06T15:53:04,29.71885,-95.23718,0.0,218.9,15.0,CAPT ANDY LAKE,,WDG4759,31,12,26,,,90,A
367539810,2022-01-06T13:26:46,29.71882,-95.23718,0.0,244.9,15.0,CAPT ANDY LAKE,,WDG4759,31,12,26,,,90,A
367539810,2022-01-06T16:41:36,29.71883,-95.23717,0.0,242.0,15.0,CAPT ANDY LAKE,,WDG4759,31,12,26,,,90,A
367539810,2022-01-06T17:11:24,29.71882,-95.23718,0.0,285.8,14.0,CAPT ANDY LAKE,,WDG4759,31,12,26,,,90,A
367539810,2022-01-06T16:47:25,29.71884,-95.23718,0.0,266.2,15.0,CAPT ANDY LAKE,,WDG4759,31,12,26,,,90,A
367539810,2022-01-06T13:37:15,29.71883,-95.23717,0.0,252.4,15.0,CAPT ANDY LAKE,,WDG4759,31,12,26,,,90,A
367539810,2022-01-06T17:12:34,29.71882,-95.23717,0.0,252.8,14.0,CAPT ANDY LAKE,,WDG4759,31,12,26,,,90,A
367539810,2022-01-06T16:43:55,29.71884,-95.23718,0.0,269.5,15.0,CAPT ANDY LAKE,,WDG4759,31,12,26,,,90,A
367539810,2022-01-06T13:40:55,29.71883,-95.23717,0.0,282.2,15.0,CAPT ANDY LAKE,,WDG4759,31,12,26,,,90,A
367539810,2022-01-06T13:18:35,29.71884,-95.23718,0.0,253.3,15.0,CAPT ANDY LAKE,,WDG4759,31,12,26,,,90,A
367539810,2022-01-06T13:20:55,29.71883,-95.23718,0.0,264.5,15.0,CAPT ANDY LAKE,,WDG4759,31,12,26,,,90,A
367539810,2022-01-06T17:23:04,29.71882,-95.23718,0.0,21.1,14.0,CAPT ANDY LAKE,,WDG4759,31,12,26,,,90,A
367539810,2022-01-06T16:11:24,29.71884,-95.23717,0.0,327.6,14.0,CAPT ANDY LAKE,,WDG4759,31,12,26,,,90,A
367539810,2022-01-06T16:12:36,29.71884,-95.23718,0.0,206.8,13.0,CAPT ANDY LAKE,,WDG4759,31,12,26,,,90,A
367539810,2022-01-06T16:53:04,29.71882,-95.23717,0.0,269.0,15.0,CAPT ANDY LAKE,,WDG4759,31,12,26,,,90,A
367539810,2022-01-06T16:57:54,29.71883,-95.23719,0.0,237.0,15.0,CAPT ANDY LAKE,,WDG4759,31,12,26,,,90,A
367539810,2022-01-06T16:17:15,29.71882,-95.23717,0.0,305.2,15.0,CAPT ANDY LAKE,,WDG4759,31,12,26,,,90,A
367539810,2022-01-06T16:59:06,29.71883,-95.23718,0.0,71.7,15.0,CAPT ANDY LAKE,,WDG4759,31,12,26,,,90,A
367539810,2022-01-06T16:19:36,29.71884,-95.23718,0.0,230.3,15.0,CAPT ANDY LAKE,,WDG4759,31,12,26,,,90,A
367539810,2022-01-06T17:01:45,29.71883,-95.23717,0.0,264.4,16.0,CAPT ANDY LAKE,,WDG4759,31,12,26,,,90,A
367539810,2022-01-06T13:31:24,29.71883,-95.23720,0.0,334.5,14.0,CAPT ANDY LAKE,,WDG4759,31,12,26,,,90,A
367539810,2022-01-06T17:04:16,29.71883,-95.23718,0.0,219.3,15.0,CAPT ANDY LAKE,,WDG4759,31,12,26,,,90,A
367539810,2022-01-06T17:05:25,29.71884,-95.23718,0.0,114.9,15.0,CAPT ANDY LAKE,,WDG4759,31,12,26,,,90,A
367539810,2022-01-06T17:06:46,29.71884,-95.23718,0.0,260.4,14.0,CAPT ANDY LAKE,,WDG4759,31,12,26,,,90,A
367539810,2022-01-06T17:36:05,29.71883,-95.23717,0.0,309.5,14.0,CAPT ANDY LAKE,,WDG4759,31,12,26,,,90,A
367539810,2022-01-06T16:24:14,29.71884,-95.23719,0.0,278.1,14.0,CAPT ANDY LAKE,,WDG4759,31,12,26,,,90,A
367539810,2022-01-06T17:09:05,29.71884,-95.23718,0.0,260.5,14.0,CAPT ANDY LAKE,,WDG4759,31,12,26,,,90,A
367539810,2022-01-06T13:59:14,29.71885,-95.23717,0.0,288.4,15.0,CAPT ANDY LAKE,,WDG4759,31,12,26,,,90,A
367539810,2022-01-06T17:38:24,29.71883,-95.23717,0.0,323.5,14.0,CAPT ANDY LAKE,,WDG4759,31,12,26,,,90,A
367539810,2022-01-06T17:07:54,29.71884,-95.23718,0.0,354.5,14.0,CAPT ANDY LAKE,,WDG4759,31,12,26,,,90,A
367539810,2022-01-06T17:10:16,29.71884,-95.23718,0.0,343.6,14.0,CAPT ANDY LAKE,,WDG4759,31,12,26,,,90,A
367539810,2022-01-06T17:43:04,29.71883,-95.23718,0.0,323.5,15.0,CAPT ANDY LAKE,,WDG4759,31,12,26,,,90,A
367539810,2022-01-06T17:16:04,29.71883,-95.23717,0.0,228.0,14.0,CAPT ANDY LAKE,,WDG4759,31,12,26,,,90,A
367539810,2022-01-06T17:46:34,29.71883,-95.23718,0.0,335.6,14.0,CAPT ANDY LAKE,,WDG4759,31,12,26,,,90,A
367539810,2022-01-06T16:34:44,29.71883,-95.23718,0.0,234.0,15.0,CAPT ANDY LAKE,,WDG4759,31,12,26,,,90,A
367539810,2022-01-06T17:47:45,29.71885,-95.23716,0.0,343.5,15.0,CAPT ANDY LAKE,,WDG4759,31,12,26,,,90,A
367539810,2022-01-06T17:51:05,29.71883,-95.23717,0.0,187.7,15.0,CAPT ANDY LAKE,,WDG4759,31,12,26,,,90,A
367539810,2022-01-06T16:38:06,29.71883,-95.23717,0.0,279.5,15.0,CAPT ANDY LAKE,,WDG4759,31,12,26,,,90,A
367539810,2022-01-06T17:20:45,29.71883,-95.23717,0.0,23.8,14.0,CAPT ANDY LAKE,,WDG4759,31,12,26,,,90,A
367539810,2022-01-06T16:39:16,29.71882,-95.23718,0.0,224.7,15.0,CAPT ANDY LAKE,,WDG4759,31,12,26,,,90,A
367539810,2022-01-06T14:12:45,29.71883,-95.23718,0.0,238.1,15.0,CAPT ANDY LAKE,,WDG4759,31,12,26,,,90,A
367539810,2022-01-06T17:24:06,29.71882,-95.23718,0.0,39.9,14.0,CAPT ANDY LAKE,,WDG4759,31,12,26,,,90,A
367539810,2022-01-06T17:58:04,29.71883,-95.23716,0.0,200.8,15.0,CAPT ANDY LAKE,,WDG4759,31,12,26,,,90,A
367539810,2022-01-06T17:26:25,29.71884,-95.23717,0.0,339.5,14.0,CAPT ANDY LAKE,,WDG4759,31,12,26,,,90,A
367539810,2022-01-06T17:54:34,29.71882,-95.23716,0.0,160.1,14.0,CAPT ANDY LAKE,,WDG4759,31,12,26,,,90,A
367539810,2022-01-06T17:28:46,29.71882,-95.23717,0.0,354.3,14.0,CAPT ANDY LAKE,,WDG4759,31,12,26,,,90,A
367539810,2022-01-06T16:45:06,29.71883,-95.23719,0.0,306.1,15.0,CAPT ANDY LAKE,,WDG4759,31,12,26,,,90,A
367539810,2022-01-06T18:01:25,29.71884,-95.23716,0.0,162.4,15.0,CAPT ANDY LAKE,,WDG4759,31,12,26,,,90,A
367539810,2022-01-06T17:31:05,29.71884,-95.23717,0.0,19.4,14.0,CAPT ANDY LAKE,,WDG4759,31,12,26,,,90,A
367539810,2022-01-06T17:29:54,29.71883,-95.23718,0.0,342.3,14.0,CAPT ANDY LAKE,,WDG4759,31,12,26,,,90,A
367539810,2022-01-06T17:32:16,29.71883,-95.23717,0.0,306.3,14.0,CAPT ANDY LAKE,,WDG4759,31,12,26,,,90,A
367539810,2022-01-06T18:07:16,29.71882,-95.23717,0.0,247.2,15.0,CAPT ANDY LAKE,,WDG4759,31,12,26,,,90,A
367539810,2022-01-06T14:23:15,29.71883,-95.23717,0.0,243.8,15.0,CAPT ANDY LAKE,,WDG4759,31,12,26,,,90,A
367539810,2022-01-06T18:03:45,29.71883,-95.23717,0.0,260.6,15.0,CAPT ANDY LAKE,,WDG4759,31,12,26,,,90,A
367539810,2022-01-06T17:34:54,29.71884,-95.23716,0.0,332.4,14.0,CAPT ANDY LAKE,,WDG4759,31,12,26,,,90,A
367539810,2022-01-06T14:24:44,29.71883,-95.23718,0.0,302.0,15.0,CAPT ANDY LAKE,,WDG4759,31,12,26,,,90,A
367539810,2022-01-06T17:37:16,29.71884,-95.23716,0.0,300.9,14.0,CAPT ANDY LAKE,,WDG4759,31,12,26,,,90,A
367539810,2022-01-06T17:39:34,29.71883,-95.23717,0.0,298.0,15.0,CAPT ANDY LAKE,,WDG4759,31,12,26,,,90,A
367539810,2022-01-06T18:11:55,29.71883,-95.23717,0.0,237.9,14.0,CAPT ANDY LAKE,,WDG4759,31,12,26,,,90,A
367539810,2022-01-06T17:40:45,29.71883,-95.23718,0.0,354.9,15.0,CAPT ANDY LAKE,,WDG4759,31,12,26,,,90,A
367539810,2022-01-06T18:09:35,29.71882,-95.23717,0.0,256.6,15.0,CAPT ANDY LAKE,,WDG4759,31,12,26,,,90,A
367539810,2022-01-06T17:41:55,29.71883,-95.23718,0.0,208.0,15.0,CAPT ANDY LAKE,,WDG4759,31,12,26,,,90,A
367539810,2022-01-06T14:03:25,29.71883,-95.23718,0.0,4.8,15.0,CAPT ANDY LAKE,,WDG4759,31,12,26,,,90,A
367539810,2022-01-06T18:13:04,29.71883,-95.23718,0.0,246.8,14.0,CAPT ANDY LAKE,,WDG4759,31,12,26,,,90,A
367539810,2022-01-06T17:45:15,29.71883,-95.23719,0.0,264.1,14.0,CAPT ANDY LAKE,,WDG4759,31,12,26,,,90,A
367539810,2022-01-06T18:14:15,29.71882,-95.23716,0.0,256.5,15.0,CAPT ANDY LAKE,,WDG4759,31,12,26,,,90,A
367539810,2022-01-06T14:08:16,29.71883,-95.23717,0.0,241.6,14.0,CAPT ANDY LAKE,,WDG4759,31,12,26,,,90,A
367539810,2022-01-06T17:53:16,29.71882,-95.23716,0.0,145.3,14.0,CAPT ANDY LAKE,,WDG4759,31,12,26,,,90,A
367539810,2022-01-06T17:56:54,29.71882,-95.23716,0.0,136.5,15.0,CAPT ANDY LAKE,,WDG4759,31,12,26,,,90,A
367539810,2022-01-06T14:17:24,29.71884,-95.23719,0.0,332.6,15.0,CAPT ANDY LAKE,,WDG4759,31,12,26,,,90,A
367539810,2022-01-06T18:00:15,29.71882,-95.23718,0.0,214.9,15.0,CAPT ANDY LAKE,,WDG4759,31,12,26,,,90,A
367539810,2022-01-06T14:20:55,29.71883,-95.23719,0.0,303.2,15.0,CAPT ANDY LAKE,,WDG4759,31,12,26,,,90,A
367539810,2022-01-06T14:22:05,29.71883,-95.23718,0.0,158.9,14.0,CAPT ANDY LAKE,,WDG4759,31,12,26,,,90,A
367539810,2022-01-06T18:37:15,29.71882,-95.23718,0.0,239.9,13.0,CAPT ANDY LAKE,,WDG4759,31,12,26,,,90,A
367539810,2022-01-06T14:57:34,29.71884,-95.23717,0.0,234.2,15.0,CAPT ANDY LAKE,,WDG4759,31,12,26,,,90,A
367539810,2022-01-06T14:58:45,29.71884,-95.23717,0.0,250.3,14.0,CAPT ANDY LAKE,,WDG4759,31,12,26,,,90,A
367539810,2022-01-06T18:44:06,29.71882,-95.23717,0.0,224.9,15.0,CAPT ANDY LAKE,,WDG4759,31,12,26,,,90,A
367539810,2022-01-06T18:15:25,29.71882,-95.23716,0.0,249.8,14.0,CAPT ANDY LAKE,,WDG4759,31,12,26,,,90,A
367539810,2022-01-06T15:00:15,29.71885,-95.23717,0.0,213.9,14.0,CAPT ANDY LAKE,,WDG4759,31,12,26,,,90,A
367539810,2022-01-06T18:17:55,29.71882,-95.23716,0.0,254.7,14.0,CAPT ANDY LAKE,,WDG4759,31,12,26,,,90,A
367539810,2022-01-06T17:33:36,29.71885,-95.23717,0.0,0.0,14.0,CAPT ANDY LAKE,,WDG4759,31,12,26,,,90,A
367539810,2022-01-06T18:20:05,29.71883,-95.23716,0.0,255.0,14.0,CAPT ANDY LAKE,,WDG4759,31,12,26,,,90,A
367539810,2022-01-06T15:02:34,29.71883,-95.23718,0.0,252.9,14.0,CAPT ANDY LAKE,,WDG4759,31,12,26,,,90,A
367539810,2022-01-06T18:52:14,29.71883,-95.23716,0.0,228.5,16.0,CAPT ANDY LAKE,,WDG4759,31,12,26,,,90,A
367539810,2022-01-06T18:53:24,29.71883,-95.23716,0.0,182.8,16.0,CAPT ANDY LAKE,,WDG4759,31,12,26,,,90,A
367539810,2022-01-06T15:07:06,29.71884,-95.23718,0.0,227.6,14.0,CAPT ANDY LAKE,,WDG4759,31,12,26,,,90,A
367539810,2022-01-06T18:56:55,29.71883,-95.23716,0.0,202.2,16.0,CAPT ANDY LAKE,,WDG4759,31,12,26,,,90,A
367539810,2022-01-06T18:58:05,29.71882,-95.23716,0.0,276.1,16.0,CAPT ANDY LAKE,,WDG4759,31,12,26,,,90,A
367539810,2022-01-06T18:28:14,29.71882,-95.23716,0.0,233.4,15.0,CAPT ANDY LAKE,,WDG4759,31,12,26,,,90,A
367539810,2022-01-06T18:31:06,29.71882,-95.23716,0.0,218.0,14.0,CAPT ANDY LAKE,,WDG4759,31,12,26,,,90,A
367539810,2022-01-06T18:33:36,29.71884,-95.23717,0.0,187.8,14.0,CAPT ANDY LAKE,,WDG4759,31,12,26,,,90,A
367539810,2022-01-06T14:35:16,29.71882,-95.23718,0.0,215.3,15.0,CAPT ANDY LAKE,,WDG4759,31,12,26,,,90,A
367539810,2022-01-06T14:38:45,29.71884,-95.23717,0.0,254.7,15.0,CAPT ANDY LAKE,,WDG4759,31,12,26,,,90,A
367539810,2022-01-06T18:38:35,29.71882,-95.23715,0.0,244.9,14.0,CAPT ANDY LAKE,,WDG4759,31,12,26,,,90,A
367539810,2022-01-06T18:39:45,29.71883,-95.23716,0.0,233.8,15.0,CAPT ANDY LAKE,,WDG4759,31,12,26,,,90,A
367539810,2022-01-06T19:14:55,29.71883,-95.23717,0.0,232.3,15.0,CAPT ANDY LAKE,,WDG4759,31,12,26,,,90,A
367539810,2022-01-06T18:40:46,29.71881,-95.23714,0.0,173.0,15.0,CAPT ANDY LAKE,,WDG4759,31,12,26,,,90,A
367539810,2022-01-06T17:52:15,29.71882,-95.23716,0.0,159.4,15.0,CAPT ANDY LAKE,,WDG4759,31,12,26,,,90,A
367539810,2022-01-06T18:45:14,29.71881,-95.23715,0.0,212.4,16.0,CAPT ANDY LAKE,,WDG4759,31,12,26,,,90,A
367539810,2022-01-06T19:12:35,29.71882,-95.23716,0.0,234.7,16.0,CAPT ANDY LAKE,,WDG4759,31,12,26,,,90,A
367539810,2022-01-06T17:59:15,29.71882,-95.23717,0.0,222.2,15.0,CAPT ANDY LAKE,,WDG4759,31,12,26,,,90,A
367539810,2022-01-06T18:41:54,29.71882,-95.23717,0.0,231.7,15.0,CAPT ANDY LAKE,,WDG4759,31,12,26,,,90,A
367539810,2022-01-06T14:53:06,29.71882,-95.23717,0.0,217.8,15.0,CAPT ANDY LAKE,,WDG4759,31,12,26,,,90,A
367539810,2022-01-06T18:51:05,29.71882,-95.23715,0.0,196.3,16.0,CAPT ANDY LAKE,,WDG4759,31,12,26,,,90,A
367539810,2022-01-06T18:06:06,29.71882,-95.23717,0.0,251.5,15.0,CAPT ANDY LAKE,,WDG4759,31,12,26,,,90,A
367539810,2022-01-06T19:23:05,29.71883,-95.23715,0.0,149.5,16.0,CAPT ANDY LAKE,,WDG4759,31,12,26,,,90,A
367539810,2022-01-06T15:33:16,29.71883,-95.23717,0.0,330.8,15.0,CAPT ANDY LAKE,,WDG4759,31,12,26,,,90,A
367539810,2022-01-06T18:59:16,29.71881,-95.23715,0.0,223.3,16.0,CAPT ANDY LAKE,,WDG4759,31,12,26,,,90,A
367539810,2022-01-06T19:37:06,29.71882,-95.23717,0.0,352.4,16.0,CAPT ANDY LAKE,,WDG4759,31,12,26,,,90,A
367539810,2022-01-06T15:03:35,29.71883,-95.23718,0.0,233.9,14.0,CAPT ANDY LAKE,,WDG4759,31,12,26,,,90,A
367539810,2022-01-06T15:04:45,29.71883,-95.23718,0.0,240.4,14.0,CAPT ANDY LAKE,,WDG4759,31,12,26,,,90,A
367539810,2022-01-06T19:32:26,29.71882,-95.23716,0.0,60.4,16.0,CAPT ANDY LAKE,,WDG4759,31,12,26,,,90,A
367539810,2022-01-06T19:35:55,29.71883,-95.23716,0.0,226.2,15.0,CAPT ANDY LAKE,,WDG4759,31,12,26,,,90,A
367539810,2022-01-06T15:39:05,29.71878,-95.23717,0.0,327.8,15.0,CAPT ANDY LAKE,,WDG4759,31,12,26,,,90,A
367539810,2022-01-06T19:10:25,29.71883,-95.23717,0.0,225.4,17.0,CAPT ANDY LAKE,,WDG4759,31,12,26,,,90,A
367539810,2022-01-06T18:22:24,29.71883,-95.23715,0.0,230.3,15.0,CAPT ANDY LAKE,,WDG4759,31,12,26,,,90,A
367539810,2022-01-06T19:47:44,29.71882,-95.23716,0.0,227.8,17.0,CAPT ANDY LAKE,,WDG4759,31,12,26,,,90,A
367539810,2022-01-06T18:25:36,29.71882,-95.23716,0.0,242.3,15.0,CAPT ANDY LAKE,,WDG4759,31,12,26,,,90,A
367539810,2022-01-06T19:17:16,29.71883,-95.23717,0.0,261.1,17.0,CAPT ANDY LAKE,,WDG4759,31,12,26,,,90,A
367539810,2022-01-06T19:44:04,29.71883,-95.23718,0.0,239.0,16.0,CAPT ANDY LAKE,,WDG4759,31,12,26,,,90,A
367539810,2022-01-06T15:45:55,29.71883,-95.23718,0.0,228.0,14.0,CAPT ANDY LAKE,,WDG4759,31,12,26,,,90,A
367539810,2022-01-06T19:18:25,29.71884,-95.23714,0.0,211.6,16.0,CAPT ANDY LAKE,,WDG4759,31,12,26,,,90,A
367539810,2022-01-06T19:11:34,29.71883,-95.23717,0.0,252.4,16.0,CAPT ANDY LAKE,,WDG4759,31,12,26,,,90,A
367539810,2022-01-06T19:54:44,29.71883,-95.23717,0.0,14.4,17.0,CAPT ANDY LAKE,,WDG4759,31,12,26,,,90,A
367539810,2022-01-06T15:49:36,29.71882,-95.23718,0.0,229.2,15.0,CAPT ANDY LAKE,,WDG4759,31,12,26,,,90,A
367539810,2022-01-06T15:18:35,29.71883,-95.23717,0.0,228.4,15.0,CAPT ANDY LAKE,,WDG4759,31,12,26,,,90,A
367539810,2022-01-06T19:27:35,29.71884,-95.23715,0.0,145.6,16.0,CAPT ANDY LAKE,,WDG4759,31,12,26,,,90,A
367539810,2022-01-06T19:59:26,29.71883,-95.23717,0.0,273.1,17.0,CAPT ANDY LAKE,,WDG4759,31,12,26,,,90,A
367539810,2022-01-06T15:55:35,29.71885,-95.23718,0.0,235.0,15.0,CAPT ANDY LAKE,,WDG4759,31,12,26,,,90,A
367539810,2022-01-06T15:23:15,29.71883,-95.23717,0.0,179.1,16.0,CAPT ANDY LAKE,,WDG4759,31,12,26,,,90,A
367539810,2022-01-06T19:55:56,29.71882,-95.23717,0.0,175.0,17.0,CAPT ANDY LAKE,,WDG4759,31,12,26,,,90,A
367539810,2022-01-06T19:28:45,29.71883,-95.23715,0.0,215.1,15.0,CAPT ANDY LAKE,,WDG4759,31,12,26,,,90,A
367539810,2022-01-06T20:01:36,29.71882,-95.23718,0.0,206.7,16.0,CAPT ANDY LAKE,,WDG4759,31,12,26,,,90,A
367539810,2022-01-06T15:26:45,29.71882,-95.23718,0.0,287.7,15.0,CAPT ANDY LAKE,,WDG4759,31,12,26,,,90,A
367539810,2022-01-06T19:33:35,29.71883,-95.23714,0.0,203.0,15.0,CAPT ANDY LAKE,,WDG4759,31,12,26,,,90,A
367539810,2022-01-06T18:46:25,29.71882,-95.23717,0.0,268.8,15.0,CAPT ANDY LAKE,,WDG4759,31,12,26,,,90,A
367539810,2022-01-06T19:30:04,29.71883,-95.23716,0.0,202.7,15.0,CAPT ANDY LAKE,,WDG4759,31,12,26,,,90,A
367539810,2022-01-06T18:47:35,29.71883,-95.23717,0.0,241.8,15.0,CAPT ANDY LAKE,,WDG4759,31,12,26,,,90,A
367539810,2022-01-06T18:48:44,29.71883,-95.23717,0.0,242.1,15.0,CAPT ANDY LAKE,,WDG4759,31,12,26,,,90,A
367539810,2022-01-06T19:40:35,29.71883,-95.23716,0.0,297.0,17.0,CAPT ANDY LAKE,,WDG4759,31,12,26,,,90,A
367539810,2022-01-06T15:34:25,29.71884,-95.23717,0.0,284.8,15.0,CAPT ANDY LAKE,,WDG4759,31,12,26,,,90,A
367539810,2022-01-06T19:41:46,29.71883,-95.23717,0.0,115.0,17.0,CAPT ANDY LAKE,,WDG4759,31,12,26,,,90,A
367539810,2022-01-06T19:42:54,29.71883,-95.23716,0.0,127.5,17.0,CAPT ANDY LAKE,,WDG4759,31,12,26,,,90,A
367539810,2022-01-06T16:01:44,29.71884,-95.23718,0.0,204.0,14.0,CAPT ANDY LAKE,,WDG4759,31,12,26,,,90,A
367539810,2022-01-06T20:12:16,29.71883,-95.23717,0.0,260.9,16.0,CAPT ANDY LAKE,,WDG4759,31,12,26,,,90,A
367539810,2022-01-06T20:13:26,29.71883,-95.23717,0.0,236.0,16.0,CAPT ANDY LAKE,,WDG4759,31,12,26,,,90,A
367539810,2022-01-06T15:41:25,29.71881,-95.23717,0.0,323.1,14.0,CAPT ANDY LAKE,,WDG4759,31,12,26,,,90,A
367539810,2022-01-06T20:19:16,29.71882,-95.23717,0.0,293.9,16.0,CAPT ANDY LAKE,,WDG4759,31,12,26,,,90,A
367539810,2022-01-06T19:52:26,29.71882,-95.23717,0.0,167.2,17.0,CAPT ANDY LAKE,,WDG4759,31,12,26,,,90,A
367539810,2022-01-06T16:09:04,29.71883,-95.23717,0.0,167.4,14.0,CAPT ANDY LAKE,,WDG4759,31,12,26,,,90,A
367539810,2022-01-06T19:46:35,29.71882,-95.23717,0.0,194.8,17.0,CAPT ANDY LAKE,,WDG4759,31,12,26,,,90,A
367539810,2022-01-06T19:51:16,29.71883,-95.23717,0.0,163.2,17.0,CAPT ANDY LAKE,,WDG4759,31,12,26,,,90,A
367539810,2022-01-06T19:48:54,29.71883,-95.23718,0.0,266.0,17.0,CAPT ANDY LAKE,,WDG4759,31,12,26,,,90,A
367539810,2022-01-06T20:25:04,29.71883,-95.23717,0.0,209.4,17.0,CAPT ANDY LAKE,,WDG4759,31,12,26,,,90,A
367539810,2022-01-06T20:27:15,29.71883,-95.23717,0.0,203.5,17.0,CAPT ANDY LAKE,,WDG4759,31,12,26,,,90,A
367539810,2022-01-06T16:14:54,29.71884,-95.23717,0.0,273.1,14.0,CAPT ANDY LAKE,,WDG4759,31,12,26,,,90,A
367539810,2022-01-06T20:26:06,29.71884,-95.23717,0.0,192.9,16.0,CAPT ANDY LAKE,,WDG4759,31,12,26,,,90,A
367539810,2022-01-06T20:32:06,29.71884,-95.23717,0.0,359.8,16.0,CAPT ANDY LAKE,,WDG4759,31,12,26,,,90,A
367539810,2022-01-06T20:34:26,29.71881,-95.23718,0.0,218.3,16.0,CAPT ANDY LAKE,,WDG4759,31,12,26,,,90,A
367539810,2022-01-06T20:35:35,29.71882,-95.23717,0.0,216.3,17.0,CAPT ANDY LAKE,,WDG4759,31,12,26,,,90,A
367539810,2022-01-06T20:00:26,29.71883,-95.23718,0.0,126.5,17.0,CAPT ANDY LAKE,,WDG4759,31,12,26,,,90,A
367539810,2022-01-06T16:20:45,29.71884,-95.23718,0.0,277.0,15.0,CAPT ANDY LAKE,,WDG4759,31,12,26,,,90,A
367539810,2022-01-06T20:02:44,29.71883,-95.23718,0.0,240.3,16.0,CAPT ANDY LAKE,,WDG4759,31,12,26,,,90,A
367539810,2022-01-06T20:40:15,29.71883,-95.23717,0.0,232.2,17.0,CAPT ANDY LAKE,,WDG4759,31,12,26,,,90,A
367539810,2022-01-06T20:41:26,29.71883,-95.23719,0.0,244.3,17.0,CAPT ANDY LAKE,,WDG4759,31,12,26,,,90,A
367539810,2022-01-06T20:42:36,29.71885,-95.23717,0.0,241.0,17.0,CAPT ANDY LAKE,,WDG4759,31,12,26,,,90,A
367539810,2022-01-06T20:03:55,29.71883,-95.23718,0.0,139.0,16.0,CAPT ANDY LAKE,,WDG4759,31,12,26,,,90,A
367539810,2022-01-06T20:43:44,29.71883,-95.23717,0.0,256.6,17.0,CAPT ANDY LAKE,,WDG4759,31,12,26,,,90,A
367539810,2022-01-06T20:44:54,29.71885,-95.23716,0.0,229.1,17.0,CAPT ANDY LAKE,,WDG4759,31,12,26,,,90,A
367539810,2022-01-06T20:39:06,29.71884,-95.23717,0.0,232.6,17.0,CAPT ANDY LAKE,,WDG4759,31,12,26,,,90,A
367539810,2022-01-06T20:14:35,29.71883,-95.23717,0.0,220.0,16.0,CAPT ANDY LAKE,,WDG4759,31,12,26,,,90,A
367539810,2022-01-06T20:15:45,29.71884,-95.23717,0.0,266.2,16.0,CAPT ANDY LAKE,,WDG4759,31,12,26,,,90,A
367539810,2022-01-06T19:24:16,29.71883,-95.23716,0.0,186.1,16.0,CAPT ANDY LAKE,,WDG4759,31,12,26,,,90,A
367539810,2022-01-06T20:48:24,29.71885,-95.23717,0.0,351.0,18.0,CAPT ANDY LAKE,,WDG4759,31,12,26,,,90,A
367539810,2022-01-06T19:25:25,29.71882,-95.23717,0.0,281.2,16.0,CAPT ANDY LAKE,,WDG4759,31,12,26,,,90,A
367539810,2022-01-06T20:21:35,29.71883,-95.23717,0.0,285.9,17.0,CAPT ANDY LAKE,,WDG4759,31,12,26,,,90,A
367539810,2022-01-06T16:33:34,29.71883,-95.23718,0.0,260.3,14.0,CAPT ANDY LAKE,,WDG4759,31,12,26,,,90,A
367539810,2022-01-06T20:58:35,29.71883,-95.23717,0.0,218.4,17.0,CAPT ANDY LAKE,,WDG4759,31,12,26,,,90,A
367539810,2022-01-06T20:20:24,29.71884,-95.23717,0.0,243.4,16.0,CAPT ANDY LAKE,,WDG4759,31,12,26,,,90,A
367539810,2022-01-06T20:23:55,29.71883,-95.23717,0.0,202.0,17.0,CAPT ANDY LAKE,,WDG4759,31,12,26,,,90,A
367539810,2022-01-06T21:02:45,29.71883,-95.23717,0.0,215.5,18.0,CAPT ANDY LAKE,,WDG4759,31,12,26,,,90,A
367539810,2022-01-06T20:28:16,29.71884,-95.23716,0.0,116.5,17.0,CAPT ANDY LAKE,,WDG4759,31,12,26,,,90,A
367539810,2022-01-06T20:30:55,29.71883,-95.23718,0.0,304.4,16.0,CAPT ANDY LAKE,,WDG4759,31,12,26,,,90,A
367539810,2022-01-06T20:33:16,29.71884,-95.23717,0.0,209.2,16.0,CAPT ANDY LAKE,,WDG4759,31,12,26,,,90,A
367539810,2022-01-06T21:10:54,29.71883,-95.23717,0.0,295.9,17.0,CAPT ANDY LAKE,,WDG4759,31,12,26,,,90,A
367539810,2022-01-06T19:45:16,29.71883,-95.23717,0.0,272.5,16.0,CAPT ANDY LAKE,,WDG4759,31,12,26,,,90,A
367539810,2022-01-06T21:14:24,29.71883,-95.23717,0.0,237.9,17.0,CAPT ANDY LAKE,,WDG4759,31,12,26,,,90,A
367539810,2022-01-06T16:21:56,29.71883,-95.23717,0.0,286.2,15.0,CAPT ANDY LAKE,,WDG4759,31,12,26,,,90,A
367539810,2022-01-06T16:50:45,29.71882,-95.23717,0.0,235.8,15.0,CAPT ANDY LAKE,,WDG4759,31,12,26,,,90,A
367539810,2022-01-06T21:19:04,29.71882,-95.23718,0.0,260.5,17.0,CAPT ANDY LAKE,,WDG4759,31,12,26,,,90,A
367539810,2022-01-06T20:46:05,29.71884,-95.23717,0.0,285.9,17.0,CAPT ANDY LAKE,,WDG4759,31,12,26,,,90,A
367539810,2022-01-06T19:57:06,29.71882,-95.23717,0.0,137.2,17.0,CAPT ANDY LAKE,,WDG4759,31,12,26,,,90,A
367539810,2022-01-06T20:47:15,29.71883,-95.23717,0.0,314.1,17.0,CAPT ANDY LAKE,,WDG4759,31,12,26,,,90,A
367539810,2022-01-06T21:01:35,29.71883,-95.23716,0.0,292.2,18.0,CAPT ANDY LAKE,,WDG4759,31,12,26,,,90,A
367539810,2022-01-06T20:50:44,29.71885,-95.23716,0.0,330.4,18.0,CAPT ANDY LAKE,,WDG4759,31,12,26,,,90,A
367539810,2022-01-06T20:51:46,29.71885,-95.23716,0.0,307.2,18.0,CAPT ANDY LAKE,,WDG4759,31,12,26,,,90,A
367539810,2022-01-06T21:27:06,29.71883,-95.23717,0.0,251.4,17.0,CAPT ANDY LAKE,,WDG4759,31,12,26,,,90,A
367539810,2022-01-06T20:55:05,29.71884,-95.23717,0.0,249.9,17.0,CAPT ANDY LAKE,,WDG4759,31,12,26,,,90,A
367539810,2022-01-06T21:30:45,29.71883,-95.23717,0.0,268.3,17.0,CAPT ANDY LAKE,,WDG4759,31,12,26,,,90,A
367539810,2022-01-06T20:06:16,29.71883,-95.23717,0.0,154.1,15.0,CAPT ANDY LAKE,,WDG4759,31,12,26,,,90,A
367539810,2022-01-06T21:03:55,29.71883,-95.23717,0.0,310.5,18.0,CAPT ANDY LAKE,,WDG4759,31,12,26,,,90,A
367539810,2022-01-06T20:08:46,29.71882,-95.23717,0.0,285.2,16.0,CAPT ANDY LAKE,,WDG4759,31,12,26,,,90,A
367539810,2022-01-06T16:35:55,29.71884,-95.23717,0.0,271.8,15.0,CAPT ANDY LAKE,,WDG4759,31,12,26,,,90,A
367539810,2022-01-06T16:36:56,29.71883,-95.23718,0.0,237.2,15.0,CAPT ANDY LAKE,,WDG4759,31,12,26,,,90,A
367539810,2022-01-06T20:59:45,29.71886,-95.23718,0.0,211.8,18.0,CAPT ANDY LAKE,,WDG4759,31,12,26,,,90,A
367539810,2022-01-06T21:41:06,29.71883,-95.23717,0.0,194.9,17.0,CAPT ANDY LAKE,,WDG4759,31,12,26,,,90,A
367539810,2022-01-06T21:37:44,29.71882,-95.23717,0.0,288.7,17.0,CAPT ANDY LAKE,,WDG4759,31,12,26,,,90,A
367539810,2022-01-06T21:09:46,29.71885,-95.23718,0.0,185.1,18.0,CAPT ANDY LAKE,,WDG4759,31,12,26,,,90,A
367539810,2022-01-06T16:40:25,29.71884,-95.23718,0.0,243.4,15.0,CAPT ANDY LAKE,,WDG4759,31,12,26,,,90,A
367539810,2022-01-06T21:40:05,29.71883,-95.23717,0.0,272.1,17.0,CAPT ANDY LAKE,,WDG4759,31,12,26,,,90,A
367539810,2022-01-06T20:16:55,29.71883,-95.23717,0.0,255.6,16.0,CAPT ANDY LAKE,,WDG4759,31,12,26,,,90,A
367539810,2022-01-06T21:12:05,29.71881,-95.23717,0.0,255.2,18.0,CAPT ANDY LAKE,,WDG4759,31,12,26,,,90,A
367539810,2022-01-06T21:08:36,29.71885,-95.23717,0.0,221.3,17.0,CAPT ANDY LAKE,,WDG4759,31,12,26,,,90,A
367539810,2022-01-06T21:50:26,29.71883,-95.23717,0.0,280.3,17.0,CAPT ANDY LAKE,,WDG4759,31,12,26,,,90,A
367539810,2022-01-06T21:52:45,29.71882,-95.23717,0.0,268.1,17.0,CAPT ANDY LAKE,,WDG4759,31,12,26,,,90,A
367539810,2022-01-06T21:17:55,29.71882,-95.23717,0.0,252.5,18.0,CAPT ANDY LAKE,,WDG4759,31,12,26,,,90,A
367539810,2022-01-06T17:21:56,29.71883,-95.23717,0.0,354.5,13.0,CAPT ANDY LAKE,,WDG4759,31,12,26,,,90,A
367539810,2022-01-06T21:55:05,29.71881,-95.23716,0.1,10.5,18.0,CAPT ANDY LAKE,,WDG4759,31,12,26,,,90,A
367539810,2022-01-06T21:24:55,29.71883,-95.23718,0.0,285.6,17.0,CAPT ANDY LAKE,,WDG4759,31,12,26,,,90,A
367539810,2022-01-06T17:25:16,29.71884,-95.23717,0.0,341.3,14.0,CAPT ANDY LAKE,,WDG4759,31,12,26,,,90,A
367539810,2022-01-06T16:49:35,29.71882,-95.23718,0.0,242.2,15.0,CAPT ANDY LAKE,,WDG4759,31,12,26,,,90,A
367539810,2022-01-06T21:29:26,29.71883,-95.23717,0.0,261.4,17.0,CAPT ANDY LAKE,,WDG4759,31,12,26,,,90,A
367539810,2022-01-06T22:00:02,29.71985,-95.23686,1.4,159.5,187.0,CAPT ANDY LAKE,,WDG4759,31,12,26,,,90,A
367539810,2022-01-06T21:16:44,29.71882,-95.23717,0.0,309.0,17.0,CAPT ANDY LAKE,,WDG4759,31,12,26,,,90,A
367539810,2022-01-06T21:28:15,29.71883,-95.23717,0.0,246.8,17.0,CAPT ANDY LAKE,,WDG4759,31,12,26,,,90,A
367539810,2022-01-06T22:04:34,29.71972,-95.23684,0.0,267.2,194.0,CAPT ANDY LAKE,,WDG4759,31,12,26,,,90,A
367539810,2022-01-06T21:31:56,29.71883,-95.23717,0.0,313.8,17.0,CAPT ANDY LAKE,,WDG4759,31,12,26,,,90,A
367539810,2022-01-06T16:55:36,29.71883,-95.23718,0.0,223.0,16.0,CAPT ANDY LAKE,,WDG4759,31,12,26,,,90,A
367539810,2022-01-06T21:26:05,29.71883,-95.23717,0.0,256.1,17.0,CAPT ANDY LAKE,,WDG4759,31,12,26,,,90,A
367539810,2022-01-06T16:56:44,29.71884,-95.23718,0.0,96.0,15.0,CAPT ANDY LAKE,,WDG4759,31,12,26,,,90,A
367539810,2022-01-06T20:38:05,29.71885,-95.23717,0.0,204.8,18.0,CAPT ANDY LAKE,,WDG4759,31,12,26,,,90,A
367539810,2022-01-06T21:35:25,29.71883,-95.23718,0.0,222.6,18.0,CAPT ANDY LAKE,,WDG4759,31,12,26,,,90,A
367539810,2022-01-06T21:42:16,29.71882,-95.23717,0.0,257.9,16.0,CAPT ANDY LAKE,,WDG4759,31,12,26,,,90,A
367539810,2022-01-06T22:12:48,29.72009,-95.23769,1.0,278.4,138.0,CAPT ANDY LAKE,,WDG4759,31,12,26,,,90,A
367539810,2022-01-06T22:07:16,29.71971,-95.23692,0.3,266.7,187.0,CAPT ANDY LAKE,,WDG4759,31,12,26,,,90,A
367539810,2022-01-06T21:34:15,29.71882,-95.23718,0.0,319.7,17.0,CAPT ANDY LAKE,,WDG4759,31,12,26,,,90,A
367539810,2022-01-06T22:08:25,29.71989,-95.23691,0.9,10.2,186.0,CAPT ANDY LAKE,,WDG4759,31,12,26,,,90,A
367539810,2022-01-06T17:48:55,29.71884,-95.23717,0.0,286.7,15.0,CAPT ANDY LAKE,,WDG4759,31,12,26,,,90,A
367539810,2022-01-06T21:36:36,29.71883,-95.23717,0.0,259.4,17.0,CAPT ANDY LAKE,,WDG4759,31,12,26,,,90,A
367539810,2022-01-06T22:10:35,29.72002,-95.23716,0.5,257.2,170.0,CAPT ANDY LAKE,,WDG4759,31,12,26,,,90,A
367539810,2022-01-06T22:21:34,29.72530,-95.22813,7.3,74.7,83.0,CAPT ANDY LAKE,,WDG4759,31,12,26,,,90,A
367539810,2022-01-06T22:11:45,29.72000,-95.23738,0.8,287.5,157.0,CAPT ANDY LAKE,,WDG4759,31,12,26,,,90,A
367539810,2022-01-06T21:44:36,29.71882,-95.23717,0.0,294.2,18.0,CAPT ANDY LAKE,,WDG4759,31,12,26,,,90,A
367539810,2022-01-06T17:55:45,29.71883,-95.23716,0.0,180.6,14.0,CAPT ANDY LAKE,,WDG4759,31,12,26,,,90,A
367539810,2022-01-06T21:48:06,29.71883,-95.23718,0.0,326.8,18.0,CAPT ANDY LAKE,,WDG4759,31,12,26,,,90,A
367539810,2022-01-06T22:15:54,29.71985,-95.23834,2.0,22.5,36.0,CAPT ANDY LAKE,,WDG4759,31,12,26,,,90,A
367539810,2022-01-06T22:27:15,29.72458,-95.21568,6.8,73.1,57.0,CAPT ANDY LAKE,,WDG4759,31,12,26,,,90,A
367539810,2022-01-06T22:17:05,29.72130,-95.23712,6.5,44.0,52.0,CAPT ANDY LAKE,,WDG4759,31,12,26,,,90,A
367539810,2022-01-06T21:59:46,29.71994,-95.23690,1.6,141.4,171.0,CAPT ANDY LAKE,,WDG4759,31,12,26,,,90,A
367539810,2022-01-06T21:51:35,29.71883,-95.23717,0.0,278.9,16.0,CAPT ANDY LAKE,,WDG4759,31,12,26,,,90,A
367539810,2022-01-06T18:04:55,29.71883,-95.23717,0.0,232.7,16.0,CAPT ANDY LAKE,,WDG4759,31,12,26,,,90,A
367539810,2022-01-06T22:36:45,29.73839,-95.20250,7.2,46.5,47.0,CAPT ANDY LAKE,,WDG4759,31,12,26,,,90,A
367539810,2022-01-06T17:13:46,29.71884,-95.23717,0.0,317.6,13.0,CAPT ANDY LAKE,,WDG4759,31,12,26,,,90,A
367539810,2022-01-06T22:01:05,29.71971,-95.23686,0.0,264.4,201.0,CAPT ANDY LAKE,,WDG4759,31,12,26,,,90,A
367539810,2022-01-06T17:14:54,29.71884,-95.23717,0.0,5.5,14.0,CAPT ANDY LAKE,,WDG4759,31,12,26,,,90,A
367539810,2022-01-06T21:57:26,29.71884,-95.23732,0.7,276.3,20.0,CAPT ANDY LAKE,,WDG4759,31,12,26,,,90,A
367539810,2022-01-06T18:10:45,29.71882,-95.23717,0.0,249.7,14.0,CAPT ANDY LAKE,,WDG4759,31,12,26,,,90,A
367539810,2022-01-06T17:17:15,29.71883,-95.23718,0.0,332.7,14.0,CAPT ANDY LAKE,,WDG4759,31,12,26,,,90,A
367539810,2022-01-06T17:18:24,29.71883,-95.23717,0.0,286.3,14.0,CAPT ANDY LAKE,,WDG4759,31,12,26,,,90,A
367539810,2022-01-06T17:19:35,29.71883,-95.23718,0.0,268.1,14.0,CAPT ANDY LAKE,,WDG4759,31,12,26,,,90,A
367539810,2022-01-06T22:48:14,29.74619,-95.17748,7.3,80.1,74.0,CAPT ANDY LAKE,,WDG4759,31,12,26,,,90,A
367539810,2022-01-06T22:06:05,29.71972,-95.23685,0.0,280.6,194.0,CAPT ANDY LAKE,,WDG4759,31,12,26,,,90,A
367539810,2022-01-06T18:19:04,29.71882,-95.23717,0.0,282.0,14.0,CAPT ANDY LAKE,,WDG4759,31,12,26,,,90,A
367539810,2022-01-06T22:42:34,29.74417,-95.19076,7.5,70.8,69.0,CAPT ANDY LAKE,,WDG4759,31,12,26,,,90,A
367539810,2022-01-06T22:14:52,29.71990,-95.23831,1.0,204.8,67.0,CAPT ANDY LAKE,,WDG4759,31,12,26,,,90,A
367539810,2022-01-06T22:19:25,29.72374,-95.23280,7.2,65.5,66.0,CAPT ANDY LAKE,,WDG4759,31,12,26,,,90,A
367539810,2022-01-06T17:27:35,29.71884,-95.23717,0.0,7.6,14.0,CAPT ANDY LAKE,,WDG4759,31,12,26,,,90,A
367539810,2022-01-06T21:21:26,29.71882,-95.23718,0.0,266.8,16.0,CAPT ANDY LAKE,,WDG4759,31,12,26,,,90,A
367539810,2022-01-06T22:18:16,29.72269,-95.23513,6.8,58.9,64.0,CAPT ANDY LAKE,,WDG4759,31,12,26,,,90,A
367539810,2022-01-06T22:59:44,29.73764,-95.15495,6.5,127.2,107.0,CAPT ANDY LAKE,,WDG4759,31,12,26,,,90,A
367539810,2022-01-06T22:13:49,29.72004,-95.23800,1.1,256.1,107.0,CAPT ANDY LAKE,,WDG4759,31,12,26,,,90,A
367539810,2022-01-06T21:23:44,29.71883,-95.23718,0.0,292.4,17.0,CAPT ANDY LAKE,,WDG4759,31,12,26,,,90,A
367539810,2022-01-06T23:01:05,29.73656,-95.15250,6.4,108.2,94.0,CAPT ANDY LAKE,,WDG4759,31,12,26,,,90,A
367539810,2022-01-06T18:24:34,29.71882,-95.23716,0.0,246.1,15.0,CAPT ANDY LAKE,,WDG4759,31,12,26,,,90,A
367539810,2022-01-06T23:02:15,29.73608,-95.15012,6.6,99.2,91.0,CAPT ANDY LAKE,,WDG4759,31,12,26,,,90,A
367539810,2022-01-06T22:51:44,29.74659,-95.16937,7.0,105.1,114.0,CAPT ANDY LAKE,,WDG4759,31,12,26,,,90,A
367539810,2022-01-06T18:29:26,29.71882,-95.23717,0.0,226.8,15.0,CAPT ANDY LAKE,,WDG4759,31,12,26,,,90,A
367539810,2022-01-06T23:11:16,29.73368,-95.13010,7.0,95.4,86.0,CAPT ANDY LAKE,,WDG4759,31,12,26,,,90,A
367539810,2022-01-06T18:32:14,29.71882,-95.23717,0.0,222.8,15.0,CAPT ANDY LAKE,,WDG4759,31,12,26,,,90,A
367539810,2022-01-06T22:29:35,29.72673,-95.21119,6.9,51.7,34.0,CAPT ANDY LAKE,,WDG4759,31,12,26,,,90,A
367539810,2022-01-06T18:34:45,29.71883,-95.23718,0.0,226.2,14.0,CAPT ANDY LAKE,,WDG4759,31,12,26,,,90,A
367539810,2022-01-06T22:32:04,29.73057,-95.20812,6.9,24.0,17.0,CAPT ANDY LAKE,,WDG4759,31,12,26,,,90,A
367539810,2022-01-06T23:04:35,29.73558,-95.14505,7.0,95.9,94.0,CAPT ANDY LAKE,,WDG4759,31,12,26,,,90,A
367539810,2022-01-06T22:39:05,29.74126,-95.19831,7.2,57.5,61.0,CAPT ANDY LAKE,,WDG4759,31,12,26,,,90,A
367539810,2022-01-06T23:06:45,29.73498,-95.14018,7.1,99.8,96.0,CAPT ANDY LAKE,,WDG4759,31,12,26,,,90,A
367539810,2022-01-06T22:43:36,29.74481,-95.18840,7.5,74.8,74.0,CAPT ANDY LAKE,,WDG4759,31,12,26,,,90,A
367539810,2022-01-06T22:34:25,29.73483,-95.20593,7.2,29.0,35.0,CAPT ANDY LAKE,,WDG4759,31,12,26,,,90,A
367539810,2022-01-06T22:45:56,29.74578,-95.18291,7.4,82.7,84.0,CAPT ANDY LAKE,,WDG4759,31,12,26,,,90,A
367539810,2022-01-06T18:43:04,29.71882,-95.23716,0.0,218.6,15.0,CAPT ANDY LAKE,,WDG4759,31,12,26,,,90,A
367539810,2022-01-06T23:12:25,29.73357,-95.12761,6.6,89.6,75.0,CAPT ANDY LAKE,,WDG4759,31,12,26,,,90,A
367539810,2022-01-06T22:37:56,29.73992,-95.20045,7.1,52.0,51.0,CAPT ANDY LAKE,,WDG4759,31,12,26,,,90,A
367539810,2022-01-06T17:44:14,29.71882,-95.23718,0.0,268.2,15.0,CAPT ANDY LAKE,,WDG4759,31,12,26,,,90,A
367539810,2022-01-06T23:13:36,29.73378,-95.12519,6.3,78.2,58.0,CAPT ANDY LAKE,,WDG4759,31,12,26,,,90,A
367539810,2022-01-06T23:14:46,29.73456,-95.12306,6.2,58.7,48.0,CAPT ANDY LAKE,,WDG4759,31,12,26,,,90,A
367539810,2022-01-06T23:30:46,29.75172,-95.09566,6.5,37.2,29.0,CAPT ANDY LAKE,,WDG4759,31,12,26,,,90,A
367539810,2022-01-06T21:46:56,29.71882,-95.23717,0.0,277.5,17.0,CAPT ANDY LAKE,,WDG4759,31,12,26,,,90,A
367539810,2022-01-06T23:31:56,29.75345,-95.09429,6.5,32.6,24.0,CAPT ANDY LAKE,,WDG4759,31,12,26,,,90,A
367539810,2022-01-06T17:49:56,29.71883,-95.23717,0.0,350.7,14.0,CAPT ANDY LAKE,,WDG4759,31,12,26,,,90,A
367539810,2022-01-06T23:34:15,29.75713,-95.09194,6.7,28.3,29.0,CAPT ANDY LAKE,,WDG4759,31,12,26,,,90,A
367539810,2022-01-06T22:50:36,29.74689,-95.17193,7.4,87.8,100.0,CAPT ANDY LAKE,,WDG4759,31,12,26,,,90,A
367539810,2022-01-06T22:55:05,29.74354,-95.16284,7.1,124.2,126.0,CAPT ANDY LAKE,,WDG4759,31,12,26,,,90,A
367539810,2022-01-06T22:52:54,29.74574,-95.16702,6.8,116.8,120.0,CAPT ANDY LAKE,,WDG4759,31,12,26,,,90,A
367539810,2022-01-06T18:55:46,29.71882,-95.23716,0.0,253.9,15.0,CAPT ANDY LAKE,,WDG4759,31,12,26,,,90,A
367539810,2022-01-06T22:57:24,29.74072,-95.15871,7.0,131.5,133.0,CAPT ANDY LAKE,,WDG4759,31,12,26,,,90,A
367539810,2022-01-06T23:45:45,29.75873,-95.07209,7.3,127.9,132.0,CAPT ANDY LAKE,,WDG4759,31,12,26,,,90,A
367539810,2022-01-06T23:07:46,29.73460,-95.13796,7.0,100.6,94.0,CAPT ANDY LAKE,,WDG4759,31,12,26,,,90,A
367539810,2022-01-06T23:36:35,29.76077,-95.08923,6.5,40.8,54.0,CAPT ANDY LAKE,,WDG4759,31,12,26,,,90,A
367539810,2022-01-06T19:09:15,29.71883,-95.23717,0.0,278.5,17.0,CAPT ANDY LAKE,,WDG4759,31,12,26,,,90,A
367539810,2022-01-06T23:56:14,29.74129,-95.06080,6.9,151.6,144.0,CAPT ANDY LAKE,,WDG4759,31,12,26,,,90,A
367539810,2022-01-06T19:13:45,29.71882,-95.23717,0.0,241.5,15.0,CAPT ANDY LAKE,,WDG4759,31,12,26,,,90,A
367539810,2022-01-06T23:59:44,29.73621,-95.05608,6.7,129.5,118.0,CAPT ANDY LAKE,,WDG4759,31,12,26,,,90,A
367539810,2022-01-06T23:08:55,29.73424,-95.13537,7.1,98.5,92.0,CAPT ANDY LAKE,,WDG4759,31,12,26,,,90,A
367539810,2022-01-06T19:16:04,29.71882,-95.23718,0.0,214.2,17.0,CAPT ANDY LAKE,,WDG4759,31,12,26,,,90,A
367539810,2022-01-06T18:08:25,29.71883,-95.23716,0.0,210.0,14.0,CAPT ANDY LAKE,,WDG4759,31,12,26,,,90,A
367539810,2022-01-06T23:49:15,29.75369,-95.06705,6.8,153.0,156.0,CAPT ANDY LAKE,,WDG4759,31,12,26,,,90,A
367539810,2022-01-06T23:20:34,29.73958,-95.11206,7.0,73.7,65.0,CAPT ANDY LAKE,,WDG4759,31,12,26,,,90,A
367539810,2022-01-06T23:51:35,29.74959,-95.06492,7.0,157.0,156.0,CAPT ANDY LAKE,,WDG4759,31,12,26,,,90,A
367539810,2022-01-06T23:15:55,29.73576,-95.12111,6.6,54.6,54.0,CAPT ANDY LAKE,,WDG4759,31,12,26,,,90,A
367539810,2022-01-06T19:19:35,29.71884,-95.23716,0.0,270.1,16.0,CAPT ANDY LAKE,,WDG4759,31,12,26,,,90,A
367539810,2022-01-06T23:52:45,29.74748,-95.06394,7.0,158.5,157.0,CAPT ANDY LAKE,,WDG4759,31,12,26,,,90,A
367539810,2022-01-06T19:21:55,29.71883,-95.23715,0.0,197.4,16.0,CAPT ANDY LAKE,,WDG4759,31,12,26,,,90,A
367539810,2022-01-06T23:18:16,29.73810,-95.11677,6.9,61.3,65.0,CAPT ANDY LAKE,,WDG4759,31,12,26,,,90,A
367539810,2022-01-06T23:26:16,29.74548,-95.10235,6.9,43.0,42.0,CAPT ANDY LAKE,,WDG4759,31,12,26,,,90,A
367539810,2022-01-06T22:20:26,29.72454,-95.23067,7.3,68.8,70.0,CAPT ANDY LAKE,,WDG4759,31,12,26,,,90,A
367539810,2022-01-06T18:16:46,29.71882,-95.23715,0.0,290.8,14.0,CAPT ANDY LAKE,,WDG4759,31,12,26,,,90,A
367539810,2022-01-06T23:28:35,29.74869,-95.09873,6.9,44.7,39.0,CAPT ANDY LAKE,,WDG4759,31,12,26,,,90,A
367539810,2022-01-06T23:25:05,29.74385,-95.10407,6.7,44.1,39.0,CAPT ANDY LAKE,,WDG4759,31,12,26,,,90,A
367539810,2022-01-06T22:26:08,29.72419,-95.21800,6.6,92.3,68.0,CAPT ANDY LAKE,,WDG4759,31,12,26,,,90,A
367539810,2022-01-06T18:21:16,29.71882,-95.23715,0.0,276.6,14.0,CAPT ANDY LAKE,,WDG4759,31,12,26,,,90,A
367539810,2022-01-06T18:23:26,29.71883,-95.23716,0.0,210.0,16.0,CAPT ANDY LAKE,,WDG4759,31,12,26,,,90,A
367539810,2022-01-06T19:31:16,29.71881,-95.23716,0.0,145.5,16.0,CAPT ANDY LAKE,,WDG4759,31,12,26,,,90,A
367539810,2022-01-06T22:33:15,29.73273,-95.20713,7.2,22.1,25.0,CAPT ANDY LAKE,,WDG4759,31,12,26,,,90,A
367539810,2022-01-06T23:40:05,29.76313,-95.08310,6.2,87.7,96.0,CAPT ANDY LAKE,,WDG4759,31,12,26,,,90,A
367539810,2022-01-06T18:26:45,29.71883,-95.23717,0.0,254.8,14.0,CAPT ANDY LAKE,,WDG4759,31,12,26,,,90,A
367539810,2022-01-06T23:41:14,29.76290,-95.08084,6.3,103.5,107.0,CAPT ANDY LAKE,,WDG4759,31,12,26,,,90,A
367539810,2022-01-06T22:35:35,29.73671,-95.20439,7.2,39.9,43.0,CAPT ANDY LAKE,,WDG4759,31,12,26,,,90,A
367539810,2022-01-06T19:34:46,29.71885,-95.23715,0.0,158.9,15.0,CAPT ANDY LAKE,,WDG4759,31,12,26,,,90,A
367539810,2022-01-06T23:44:35,29.76010,-95.07425,7.1,122.7,125.0,CAPT ANDY LAKE,,WDG4759,31,12,26,,,90,A
367539810,2022-01-06T19:38:15,29.71883,-95.23716,0.0,153.8,17.0,CAPT ANDY LAKE,,WDG4759,31,12,26,,,90,A
367539810,2022-01-06T23:48:05,29.75556,-95.06837,6.8,140.8,149.0,CAPT ANDY LAKE,,WDG4759,31,12,26,,,90,A
367539810,2022-01-06T19:39:24,29.71883,-95.23717,0.0,290.3,19.0,CAPT ANDY LAKE,,WDG4759,31,12,26,,,90,A
367539810,2022-01-06T18:36:06,29.71882,-95.23717,0.0,226.5,14.0,CAPT ANDY LAKE,,WDG4759,31,12,26,,,90,A
367539810,2022-01-06T23:50:25,29.75166,-95.06595,7.0,155.7,156.0,CAPT ANDY LAKE,,WDG4759,31,12,26,,,90,A
367539810,2022-01-06T23:58:35,29.73770,-95.05787,6.7,136.7,126.0,CAPT ANDY LAKE,,WDG4759,31,12,26,,,90,A
367539810,2022-01-06T19:50:05,29.71883,-95.23717,0.0,173.9,17.0,CAPT ANDY LAKE,,WDG4759,31,12,26,,,90,A
367539810,2022-01-06T22:58:35,29.73911,-95.15679,7.0,135.7,127.0,CAPT ANDY LAKE,,WDG4759,31,12,26,,,90,A
367539810,2022-01-06T18:49:56,29.71882,-95.23716,0.0,200.8,15.0,CAPT ANDY LAKE,,WDG4759,31,12,26,,,90,A
367539810,2022-01-06T19:58:16,29.71882,-95.23717,0.0,180.2,17.0,CAPT ANDY LAKE,,WDG4759,31,12,26,,,90,A
367539810,2022-01-06T23:03:24,29.73580,-95.14768,6.8,96.3,91.0,CAPT ANDY LAKE,,WDG4759,31,12,26,,,90,A
367539810,2022-01-06T18:54:35,29.71882,-95.23717,0.0,176.8,17.0,CAPT ANDY LAKE,,WDG4759,31,12,26,,,90,A
367539810,2022-01-06T23:05:44,29.73530,-95.14246,7.2,98.0,95.0,CAPT ANDY LAKE,,WDG4759,31,12,26,,,90,A
367539810,2022-01-06T19:08:05,29.71883,-95.23718,0.0,247.4,16.0,CAPT ANDY LAKE,,WDG4759,31,12,26,,,90,A
367539810,2022-01-06T20:07:34,29.71882,-95.23718,0.0,222.5,15.0,CAPT ANDY LAKE,,WDG4759,31,12,26,,,90,A
367539810,2022-01-06T20:09:55,29.71882,-95.23717,0.0,250.2,16.0,CAPT ANDY LAKE,,WDG4759,31,12,26,,,90,A
367539810,2022-01-06T20:11:06,29.71883,-95.23717,0.0,131.7,16.0,CAPT ANDY LAKE,,WDG4759,31,12,26,,,90,A
367539810,2022-01-06T23:22:46,29.74112,-95.10778,6.5,61.8,47.0,CAPT ANDY LAKE,,WDG4759,31,12,26,,,90,A
367539810,2022-01-06T23:27:24,29.74709,-95.10059,7.0,44.1,44.0,CAPT ANDY LAKE,,WDG4759,31,12,26,,,90,A
367539810,2022-01-06T20:18:04,29.71882,-95.23717,0.0,257.1,16.0,CAPT ANDY LAKE,,WDG4759,31,12,26,,,90,A
367539810,2022-01-06T19:20:45,29.71882,-95.23716,0.0,235.7,16.0,CAPT ANDY LAKE,,WDG4759,31,12,26,,,90,A
367539810,2022-01-06T23:35:24,29.75900,-95.09070,6.7,31.5,37.0,CAPT ANDY LAKE,,WDG4759,31,12,26,,,90,A
367539810,2022-01-06T23:38:54,29.76285,-95.08540,6.1,73.3,84.0,CAPT ANDY LAKE,,WDG4759,31,12,26,,,90,A
367539810,2022-01-06T19:26:26,29.71883,-95.23717,0.0,232.5,16.0,CAPT ANDY LAKE,,WDG4759,31,12,26,,,90,A
367539810,2022-01-06T23:43:25,29.76131,-95.07651,7.1,118.6,120.0,CAPT ANDY LAKE,,WDG4759,31,12,26,,,90,A
367539810,2022-01-06T20:36:45,29.71885,-95.23717,0.0,206.2,17.0,CAPT ANDY LAKE,,WDG4759,31,12,26,,,90,A
367539810,2022-01-06T19:53:36,29.71883,-95.23717,0.0,126.5,17.0,CAPT ANDY LAKE,,WDG4759,31,12,26,,,90,A
367539810,2022-01-06T20:52:54,29.71883,-95.23716,0.0,240.1,18.0,CAPT ANDY LAKE,,WDG4759,31,12,26,,,90,A
367539810,2022-01-06T20:56:14,29.71884,-95.23717,0.0,245.3,17.0,CAPT ANDY LAKE,,WDG4759,31,12,26,,,90,A
367539810,2022-01-06T20:05:05,29.71883,-95.23718,0.0,265.6,16.0,CAPT ANDY LAKE,,WDG4759,31,12,26,,,90,A
367539810,2022-01-06T21:06:16,29.71883,-95.23717,0.0,205.2,18.0,CAPT ANDY LAKE,,WDG4759,31,12,26,,,90,A
367539810,2022-01-06T21:13:15,29.71884,-95.23717,0.0,249.8,17.0,CAPT ANDY LAKE,,WDG4759,31,12,26,,,90,A
367539810,2022-01-06T21:15:35,29.71883,-95.23717,0.0,227.4,17.0,CAPT ANDY LAKE,,WDG4759,31,12,26,,,90,A
367539810,2022-01-06T20:22:44,29.71884,-95.23717,0.0,218.9,17.0,CAPT ANDY LAKE,,WDG4759,31,12,26,,,90,A
367539810,2022-01-06T20:29:25,29.71883,-95.23717,0.0,300.4,17.0,CAPT ANDY LAKE,,WDG4759,31,12,26,,,90,A
367539810,2022-01-06T21:33:04,29.71882,-95.23718,0.0,273.5,17.0,CAPT ANDY LAKE,,WDG4759,31,12,26,,,90,A
367539810,2022-01-06T21:38:54,29.71884,-95.23716,0.0,305.7,17.0,CAPT ANDY LAKE,,WDG4759,31,12,26,,,90,A
367539810,2022-01-06T20:49:35,29.71884,-95.23717,0.0,5.7,17.0,CAPT ANDY LAKE,,WDG4759,31,12,26,,,90,A
367539810,2022-01-06T20:53:55,29.71884,-95.23716,0.0,240.3,18.0,CAPT ANDY LAKE,,WDG4759,31,12,26,,,90,A
367539810,2022-01-06T20:57:25,29.71884,-95.23717,0.0,285.7,18.0,CAPT ANDY LAKE,,WDG4759,31,12,26,,,90,A
367539810,2022-01-06T21:05:06,29.71883,-95.23717,0.0,249.2,17.0,CAPT ANDY LAKE,,WDG4759,31,12,26,,,90,A
367539810,2022-01-06T21:53:56,29.71881,-95.23717,0.0,274.6,17.0,CAPT ANDY LAKE,,WDG4759,31,12,26,,,90,A
367539810,2022-01-06T21:07:24,29.71885,-95.23717,0.0,250.5,18.0,CAPT ANDY LAKE,,WDG4759,31,12,26,,,90,A
367539810,2022-01-06T21:56:15,29.71883,-95.23717,0.0,161.6,16.0,CAPT ANDY LAKE,,WDG4759,31,12,26,,,90,A
367539810,2022-01-06T21:58:44,29.71950,-95.23740,3.9,10.2,7.0,CAPT ANDY LAKE,,WDG4759,31,12,26,,,90,A
367539810,2022-01-06T22:02:14,29.71970,-95.23686,0.0,261.4,194.0,CAPT ANDY LAKE,,WDG4759,31,12,26,,,90,A
367539810,2022-01-06T21:20:15,29.71882,-95.23717,0.0,317.5,17.0,CAPT ANDY LAKE,,WDG4759,31,12,26,,,90,A
367539810,2022-01-06T21:22:35,29.71882,-95.23718,0.0,256.5,17.0,CAPT ANDY LAKE,,WDG4759,31,12,26,,,90,A
367539810,2022-01-06T22:09:34,29.72001,-95.23701,0.5,276.8,179.0,CAPT ANDY LAKE,,WDG4759,31,12,26,,,90,A
367539810,2022-01-06T22:22:35,29.72561,-95.22587,7.0,87.1,100.0,CAPT ANDY LAKE,,WDG4759,31,12,26,,,90,A
367539810,2022-01-06T21:43:25,29.71882,-95.23717,0.0,330.6,17.0,CAPT ANDY LAKE,,WDG4759,31,12,26,,,90,A
367539810,2022-01-06T21:45:46,29.71881,-95.23717,0.0,259.7,17.0,CAPT ANDY LAKE,,WDG4759,31,12,26,,,90,A
367539810,2022-01-06T22:28:25,29.72546,-95.21331,6.9,61.3,47.0,CAPT ANDY LAKE,,WDG4759,31,12,26,,,90,A
367539810,2022-01-06T22:30:56,29.72864,-95.20927,6.8,34.2,19.0,CAPT ANDY LAKE,,WDG4759,31,12,26,,,90,A
367539810,2022-01-06T21:49:14,29.71883,-95.23718,0.0,224.1,17.0,CAPT ANDY LAKE,,WDG4759,31,12,26,,,90,A
367539810,2022-01-06T22:40:15,29.74238,-95.19591,7.4,64.0,65.0,CAPT ANDY LAKE,,WDG4759,31,12,26,,,90,A
367539810,2022-01-06T22:03:25,29.71972,-95.23686,0.0,271.9,194.0,CAPT ANDY LAKE,,WDG4759,31,12,26,,,90,A
367539810,2022-01-06T22:56:15,29.74216,-95.16072,7.1,128.4,128.0,CAPT ANDY LAKE,,WDG4759,31,12,26,,,90,A
367539810,2022-01-06T22:23:46,29.72530,-95.22325,7.2,103.3,106.0,CAPT ANDY LAKE,,WDG4759,31,12,26,,,90,A
367539810,2022-01-06T22:25:05,29.72451,-95.22030,7.3,105.8,90.0,CAPT ANDY LAKE,,WDG4759,31,12,26,,,90,A
367539810,2022-01-06T23:10:04,29.73395,-95.13279,7.1,97.1,91.0,CAPT ANDY LAKE,,WDG4759,31,12,26,,,90,A
367539810,2022-01-06T22:41:26,29.74335,-95.19331,7.5,67.9,67.0,CAPT ANDY LAKE,,WDG4759,31,12,26,,,90,A
367539810,2022-01-06T22:44:45,29.74539,-95.18570,7.5,78.0,79.0,CAPT ANDY LAKE,,WDG4759,31,12,26,,,90,A
367539810,2022-01-06T22:47:05,29.74594,-95.18018,7.4,87.6,79.0,CAPT ANDY LAKE,,WDG4759,31,12,26,,,90,A
367539810,2022-01-06T22:49:25,29.74663,-95.17473,7.5,80.8,82.0,CAPT ANDY LAKE,,WDG4759,31,12,26,,,90,A
367539810,2022-01-06T23:19:25,29.73898,-95.11448,6.8,71.3,72.0,CAPT ANDY LAKE,,WDG4759,31,12,26,,,90,A
367539810,2022-01-06T23:21:45,29.74032,-95.10966,6.6,66.8,56.0,CAPT ANDY LAKE,,WDG4759,31,12,26,,,90,A
367539810,2022-01-06T22:54:04,29.74463,-95.16477,7.0,122.2,122.0,CAPT ANDY LAKE,,WDG4759,31,12,26,,,90,A
367539810,2022-01-06T23:23:54,29.74233,-95.10586,6.5,50.8,39.0,CAPT ANDY LAKE,,WDG4759,31,12,26,,,90,A
367539810,2022-01-06T23:37:45,29.76210,-95.08744,6.2,56.7,71.0,CAPT ANDY LAKE,,WDG4759,31,12,26,,,90,A
367539810,2022-01-06T23:17:04,29.73697,-95.11905,6.8,57.9,59.0,CAPT ANDY LAKE,,WDG4759,31,12,26,,,90,A
367539810,2022-01-06T23:29:44,29.75026,-95.09703,6.7,41.9,35.0,CAPT ANDY LAKE,,WDG4759,31,12,26,,,90,A
367539810,2022-01-06T23:53:56,29.74535,-95.06299,7.0,157.6,153.0,CAPT ANDY LAKE,,WDG4759,31,12,26,,,90,A
367539810,2022-01-06T23:55:05,29.74326,-95.06196,6.9,156.5,147.0,CAPT ANDY LAKE,,WDG4759,31,12,26,,,90,A
367539810,2022-01-06T23:33:05,29.75523,-95.09312,6.6,28.8,24.0,CAPT ANDY LAKE,,WDG4759,31,12,26,,,90,A
367539810,2022-01-06T23:42:15,29.76231,-95.07887,6.7,112.7,114.0,CAPT ANDY LAKE,,WDG4759,31,12,26,,,90,A
367539810,2022-01-06T23:46:55,29.75717,-95.07014,7.0,130.7,135.0,CAPT ANDY LAKE,,WDG4759,31,12,26,,,90,A
367539810,2022-01-06T23:57:24,29.73940,-95.05949,6.8,145.4,132.0,CAPT ANDY LAKE,,WDG4759,31,12,26,,,90,A
