367526620,2022-01-01T03:50:57,39.00409,-90.68964,0.0,291.1,511.0,LIBERTY,,WDG3492,31,15,18,6,,52,A
367526620,2022-01-01T06:13:07,39.00409,-90.68965,0.0,265.5,511.0,LIBERTY,,WDG3492,31,15,18,6,,52,A
367526620,2022-01-01T06:53:18,39.00411,-90.68964,0.0,310.7,511.0,LIBERTY,,WDG3492,31,15,18,6,,52,A
367526620,2022-01-01T06:51:58,39.00414,-90.68962,0.0,311.9,511.0,LIBERTY,,WDG3492,31,15,18,6,,52,A
367526620,2022-01-01T07:57:27,39.00407,-90.68961,0.0,180.2,511.0,LIBERTY,,WDG3492,31,15,18,6,,52,A
367526620,2022-01-01T08:15:18,39.00408,-90.68968,0.0,88.5,511.0,LIBERTY,,WDG3492,31,15,18,6,,52,A
367526620,2022-01-01T11:07:18,39.00407,-90.68965,0.0,303.4,511.0,LIBERTY,,WDG3492,31,15,18,6,,52,A
367526620,2022-01-01T10:34:28,39.00410,-90.68965,0.0,306.5,511.0,LIBERTY,,WDG3492,31,15,18,6,,52,A
367526620,2022-01-01T12:31:29,39.00404,-90.68965,0.0,266.8,511.0,LIBERTY,,WDG3492,31,15,18,6,,52,A
367526620,2022-01-01T10:35:57,39.00410,-90.68960,0.0,308.6,511.0,LIBERTY,,WDG3492,31,15,18,6,,52,A
367526620,2022-01-03T02:13:57,39.00406,-90.68963,0.0,278.0,511.0,LIBERTY,,WDG3492,31,15,18,6,,52,A
367526620,2022-01-03T11:12:28,39.00408,-90.68963,0.0,280.9,511.0,LIBERTY,,WDG3492,31,15,18,6,,52,A
367526620,2022-01-03T11:20:17,39.00408,-90.68961,0.0,275.1,511.0,LIBERTY,,WDG3492,31,15,18,6,,52,A
367526620,2022-01-03T12:16:27,39.00407,-90.68964,0.0,262.0,511.0,LIBERTY,,WDG3492,31,15,18,6,,52,A
367526620,2022-01-03T12:20:08,39.00407,-90.68964,0.0,265.3,511.0,LIBERTY,,WDG3492,31,15,18,6,,52,A
367526620,2022-01-03T12:50:28,39.00406,-90.68964,0.0,284.5,511.0,LIBERTY,,WDG3492,31,15,18,6,,52,A
367526620,2022-01-03T12:53:28,39.00406,-90.68962,0.0,288.9,511.0,LIBERTY,,WDG3492,31,15,18,6,,52,A
367526620,2022-01-03T13:53:59,39.00409,-90.68965,0.0,317.0,511.0,LIBERTY,,WDG3492,31,15,18,6,,52,A
367526620,2022-01-03T13:47:19,39.00409,-90.68964,0.0,314.7,511.0,LIBERTY,,WDG3492,31,15,18,6,,52,A
367526620,2022-01-03T15:23:37,39.00411,-90.68962,0.0,240.8,511.0,LIBERTY,,WDG3492,31,15,18,6,,52,A
367526620,2022-01-03T16:20:19,39.00410,-90.68966,0.0,248.6,511.0,LIBERTY,,WDG3492,31,15,18,6,,52,A
367526620,2022-01-03T16:35:00,39.00407,-90.68963,0.0,269.7,511.0,LIBERTY,,WDG3492,31,15,18,6,,52,A
367526620,2022-01-03T16:44:59,39.00409,-90.68964,0.0,279.9,511.0,LIBERTY,,WDG3492,31,15,18,6,,52,A
367526620,2022-01-03T16:06:00,39.00410,-90.68963,0.0,134.4,511.0,LIBERTY,,WDG3492,31,15,18,6,,52,A
367526620,2022-01-03T16:32:19,39.00408,-90.68960,0.0,265.8,511.0,LIBERTY,,WDG3492,31,15,18,6,,52,A
367526620,2022-01-03T16:26:10,39.00409,-90.68962,0.0,273.8,511.0,LIBERTY,,WDG3492,31,15,18,6,,52,A
367526620,2022-01-03T16:31:09,39.00410,-90.68959,0.0,270.3,511.0,LIBERTY,,WDG3492,31,15,18,6,,52,A
367526620,2022-01-03T16:23:19,39.00408,-90.68966,0.0,261.3,511.0,LIBERTY,,WDG3492,31,15,18,6,,52,A
367526620,2022-01-03T16:17:00,39.00407,-90.68964,0.0,232.3,511.0,LIBERTY,,WDG3492,31,15,18,6,,52,A
367526620,2022-01-03T16:47:09,39.00409,-90.68968,0.0,272.1,511.0,LIBERTY,,WDG3492,31,15,18,6,,52,A
367526620,2022-01-03T12:17:49,39.00408,-90.68964,0.0,264.0,511.0,LIBERTY,,WDG3492,31,15,18,6,,52,A
367526620,2022-01-03T13:40:39,39.00405,-90.68964,0.0,295.2,511.0,LIBERTY,,WDG3492,31,15,18,6,,52,A
367526620,2022-01-03T16:13:39,39.00409,-90.68961,0.0,213.2,511.0,LIBERTY,,WDG3492,31,15,18,6,,52,A
367526620,2022-01-03T16:15:19,39.00409,-90.68961,0.0,230.8,511.0,LIBERTY,,WDG3492,31,15,18,6,,52,A
367526620,2022-01-03T16:33:59,39.00410,-90.68961,0.0,268.7,511.0,LIBERTY,,WDG3492,31,15,18,6,,52,A
367526620,2022-01-03T16:41:59,39.00409,-90.68960,0.0,275.2,511.0,LIBERTY,,WDG3492,31,15,18,6,,52,A
367526620,2022-01-04T00:33:00,39.00404,-90.68971,0.0,245.9,511.0,LIBERTY,,WDG3492,31,15,18,6,,52,A
367526620,2022-01-04T03:01:20,39.00408,-90.68964,0.0,228.8,511.0,LIBERTY,,WDG3492,31,15,18,6,,52,A
367526620,2022-01-04T02:57:49,39.00405,-90.68962,0.0,230.3,511.0,LIBERTY,,WDG3492,31,15,18,6,,52,A
367526620,2022-01-04T05:08:57,39.00412,-90.68963,0.0,228.4,511.0,LIBERTY,,WDG3492,31,15,18,6,,52,A
367526620,2022-01-04T05:10:44,39.00407,-90.68963,0.0,231.1,511.0,LIBERTY,,WDG3492,31,15,18,6,,52,A
367526620,2022-01-04T05:42:01,39.00411,-90.68967,0.0,263.1,511.0,LIBERTY,,WDG3492,31,15,18,6,,52,A
367526620,2022-01-04T05:58:22,39.00410,-90.68965,0.0,257.4,511.0,LIBERTY,,WDG3492,31,15,18,6,,52,A
367526620,2022-01-04T16:09:01,39.00407,-90.68967,0.0,221.6,511.0,LIBERTY,,WDG3492,31,15,18,6,,52,A
367526620,2022-01-04T16:03:21,39.00410,-90.68962,0.0,222.6,511.0,LIBERTY,,WDG3492,31,15,18,6,,52,A
367526620,2022-01-04T16:12:31,39.00409,-90.68963,0.0,238.8,511.0,LIBERTY,,WDG3492,31,15,18,6,,52,A
367526620,2022-01-04T16:05:31,39.00410,-90.68962,0.0,218.5,511.0,LIBERTY,,WDG3492,31,15,18,6,,52,A
367526620,2022-01-04T16:13:41,39.00408,-90.68962,0.0,249.9,511.0,LIBERTY,,WDG3492,31,15,18,6,,52,A
367526620,2022-01-04T16:18:22,39.00408,-90.68960,0.0,268.0,511.0,LIBERTY,,WDG3492,31,15,18,6,,52,A
367526620,2022-01-04T16:11:22,39.00407,-90.68961,0.0,236.0,511.0,LIBERTY,,WDG3492,31,15,18,6,,52,A
367526620,2022-01-04T16:19:31,39.00407,-90.68962,0.0,274.4,511.0,LIBERTY,,WDG3492,31,15,18,6,,52,A
367526620,2022-01-04T16:20:41,39.00406,-90.68964,0.0,279.1,511.0,LIBERTY,,WDG3492,31,15,18,6,,52,A
367526620,2022-01-04T16:23:01,39.00409,-90.68966,0.0,289.2,511.0,LIBERTY,,WDG3492,31,15,18,6,,52,A
367526620,2022-01-04T16:33:21,39.00407,-90.68959,0.0,275.2,511.0,LIBERTY,,WDG3492,31,15,18,6,,52,A
367526620,2022-01-04T16:04:22,39.00411,-90.68966,0.0,223.3,511.0,LIBERTY,,WDG3492,31,15,18,6,,52,A
367526620,2022-01-04T16:39:01,39.00408,-90.68963,0.0,288.3,511.0,LIBERTY,,WDG3492,31,15,18,6,,52,A
367526620,2022-01-04T16:10:11,39.00408,-90.68962,0.0,230.0,511.0,LIBERTY,,WDG3492,31,15,18,6,,52,A
367526620,2022-01-04T16:16:01,39.00407,-90.68963,0.0,258.3,511.0,LIBERTY,,WDG3492,31,15,18,6,,52,A
367526620,2022-01-04T16:50:31,39.00408,-90.68963,0.0,248.5,511.0,LIBERTY,,WDG3492,31,15,18,6,,52,A
367526620,2022-01-04T16:25:12,39.00410,-90.68958,0.0,285.4,511.0,LIBERTY,,WDG3492,31,15,18,6,,52,A
367526620,2022-01-04T16:44:51,39.00409,-90.68963,0.0,275.8,511.0,LIBERTY,,WDG3492,31,15,18,6,,52,A
367526620,2022-01-04T16:55:12,39.00406,-90.68965,0.0,232.7,511.0,LIBERTY,,WDG3492,31,15,18,6,,52,A
367526620,2022-01-04T16:27:32,39.00410,-90.68957,0.0,271.9,511.0,LIBERTY,,WDG3492,31,15,18,6,,52,A
367526620,2022-01-04T16:59:50,39.00409,-90.68964,0.0,234.9,511.0,LIBERTY,,WDG3492,31,15,18,6,,52,A
367526620,2022-01-04T17:01:11,39.00409,-90.68964,0.0,238.1,511.0,LIBERTY,,WDG3492,31,15,18,6,,52,A
367526620,2022-01-04T16:31:02,39.00407,-90.68959,0.0,274.1,511.0,LIBERTY,,WDG3492,31,15,18,6,,52,A
367526620,2022-01-04T16:40:12,39.00410,-90.68959,0.0,288.3,511.0,LIBERTY,,WDG3492,31,15,18,6,,52,A
367526620,2022-01-04T16:42:32,39.00408,-90.68969,0.0,283.4,511.0,LIBERTY,,WDG3492,31,15,18,6,,52,A
367526620,2022-01-04T16:43:41,39.00409,-90.68966,0.0,280.3,511.0,LIBERTY,,WDG3492,31,15,18,6,,52,A
367526620,2022-01-04T16:46:01,39.00408,-90.68961,0.0,267.2,511.0,LIBERTY,,WDG3492,31,15,18,6,,52,A
367526620,2022-01-04T16:47:11,39.00411,-90.68960,0.0,261.2,511.0,LIBERTY,,WDG3492,31,15,18,6,,52,A
367526620,2022-01-04T17:10:21,39.00406,-90.68964,0.0,224.5,511.0,LIBERTY,,WDG3492,31,15,18,6,,52,A
367526620,2022-01-04T17:11:31,39.00407,-90.68964,0.0,227.2,511.0,LIBERTY,,WDG3492,31,15,18,6,,52,A
367526620,2022-01-04T17:25:32,39.00407,-90.68962,0.0,203.5,511.0,LIBERTY,,WDG3492,31,15,18,6,,52,A
367526620,2022-01-04T17:27:52,39.00408,-90.68965,0.0,204.4,511.0,LIBERTY,,WDG3492,31,15,18,6,,52,A
367526620,2022-01-04T16:54:02,39.00406,-90.68965,0.0,227.7,511.0,LIBERTY,,WDG3492,31,15,18,6,,52,A
367526620,2022-01-04T16:56:22,39.00406,-90.68965,0.0,230.8,511.0,LIBERTY,,WDG3492,31,15,18,6,,52,A
367526620,2022-01-04T16:58:41,39.00408,-90.68966,0.0,233.5,511.0,LIBERTY,,WDG3492,31,15,18,6,,52,A
367526620,2022-01-04T17:02:21,39.00407,-90.68966,0.0,235.6,511.0,LIBERTY,,WDG3492,31,15,18,6,,52,A
367526620,2022-01-04T16:57:32,39.00410,-90.68962,0.0,229.8,511.0,LIBERTY,,WDG3492,31,15,18,6,,52,A
367526620,2022-01-04T16:26:22,39.00410,-90.68955,0.0,276.3,511.0,LIBERTY,,WDG3492,31,15,18,6,,52,A
367526620,2022-01-04T17:38:11,39.00406,-90.68968,0.0,149.3,511.0,LIBERTY,,WDG3492,31,15,18,6,,52,A
367526620,2022-01-04T16:28:41,39.00408,-90.68961,0.0,269.5,511.0,LIBERTY,,WDG3492,31,15,18,6,,52,A
367526620,2022-01-04T16:29:52,39.00408,-90.68958,0.0,271.1,511.0,LIBERTY,,WDG3492,31,15,18,6,,52,A
367526620,2022-01-04T17:07:02,39.00407,-90.68963,0.0,232.5,511.0,LIBERTY,,WDG3492,31,15,18,6,,52,A
367526620,2022-01-04T17:03:32,39.00411,-90.68962,0.0,233.7,511.0,LIBERTY,,WDG3492,31,15,18,6,,52,A
367526620,2022-01-04T17:05:50,39.00411,-90.68961,0.0,229.7,511.0,LIBERTY,,WDG3492,31,15,18,6,,52,A
367526620,2022-01-04T17:08:11,39.00409,-90.68963,0.0,230.0,511.0,LIBERTY,,WDG3492,31,15,18,6,,52,A
367526620,2022-01-04T17:09:20,39.00407,-90.68964,0.0,226.9,511.0,LIBERTY,,WDG3492,31,15,18,6,,52,A
367526620,2022-01-04T16:35:31,39.00407,-90.68963,0.0,282.9,511.0,LIBERTY,,WDG3492,31,15,18,6,,52,A
367526620,2022-01-04T17:49:40,39.00405,-90.68964,0.0,252.2,511.0,LIBERTY,,WDG3492,31,15,18,6,,52,A
367526620,2022-01-04T17:13:52,39.00404,-90.68968,0.0,221.9,511.0,LIBERTY,,WDG3492,31,15,18,6,,52,A
367526620,2022-01-04T17:12:41,39.00405,-90.68967,0.0,223.6,511.0,LIBERTY,,WDG3492,31,15,18,6,,52,A
367526620,2022-01-04T16:37:51,39.00409,-90.68958,0.0,282.4,511.0,LIBERTY,,WDG3492,31,15,18,6,,52,A
367526620,2022-01-04T17:15:01,39.00406,-90.68965,0.0,218.4,511.0,LIBERTY,,WDG3492,31,15,18,6,,52,A
367526620,2022-01-04T17:56:22,39.00405,-90.68965,0.0,280.2,511.0,LIBERTY,,WDG3492,31,15,18,6,,52,A
367526620,2022-01-04T17:40:32,39.00404,-90.68968,0.0,176.2,511.0,LIBERTY,,WDG3492,31,15,18,6,,52,A
367526620,2022-01-04T17:18:31,39.00408,-90.68965,0.0,218.4,511.0,LIBERTY,,WDG3492,31,15,18,6,,52,A
367526620,2022-01-04T17:22:02,39.00410,-90.68972,0.0,211.0,511.0,LIBERTY,,WDG3492,31,15,18,6,,52,A
367526620,2022-01-04T17:19:41,39.00409,-90.68964,0.0,216.5,511.0,LIBERTY,,WDG3492,31,15,18,6,,52,A
367526620,2022-01-04T17:24:21,39.00408,-90.68966,0.0,205.5,511.0,LIBERTY,,WDG3492,31,15,18,6,,52,A
367526620,2022-01-04T17:30:11,39.00403,-90.68969,0.0,186.4,511.0,LIBERTY,,WDG3492,31,15,18,6,,52,A
367526620,2022-01-04T16:51:42,39.00408,-90.68963,0.0,238.5,511.0,LIBERTY,,WDG3492,31,15,18,6,,52,A
367526620,2022-01-04T17:29:02,39.00401,-90.68979,0.0,200.3,511.0,LIBERTY,,WDG3492,31,15,18,6,,52,A
367526620,2022-01-04T17:32:31,39.00407,-90.68963,0.0,154.8,511.0,LIBERTY,,WDG3492,31,15,18,6,,52,A
367526620,2022-01-04T18:14:51,39.00407,-90.68965,0.0,295.6,511.0,LIBERTY,,WDG3492,31,15,18,6,,52,A
367526620,2022-01-04T17:37:02,39.00410,-90.68964,0.0,130.1,511.0,LIBERTY,,WDG3492,31,15,18,6,,52,A
367526620,2022-01-04T18:20:42,39.00408,-90.68965,0.0,300.5,511.0,LIBERTY,,WDG3492,31,15,18,6,,52,A
367526620,2022-01-04T17:42:51,39.00406,-90.68964,0.0,204.2,511.0,LIBERTY,,WDG3492,31,15,18,6,,52,A
367526620,2022-01-04T18:03:31,39.00407,-90.68959,0.0,297.8,511.0,LIBERTY,,WDG3492,31,15,18,6,,52,A
367526620,2022-01-04T17:44:01,39.00406,-90.68966,0.0,216.9,511.0,LIBERTY,,WDG3492,31,15,18,6,,52,A
367526620,2022-01-04T18:09:12,39.00417,-90.68968,0.0,293.7,511.0,LIBERTY,,WDG3492,31,15,18,6,,52,A
367526620,2022-01-04T18:11:32,39.00406,-90.68964,0.0,291.8,511.0,LIBERTY,,WDG3492,31,15,18,6,,52,A
367526620,2022-01-04T18:28:52,39.00407,-90.68964,0.0,225.6,511.0,LIBERTY,,WDG3492,31,15,18,6,,52,A
367526620,2022-01-04T18:12:41,39.00411,-90.68963,0.0,292.2,511.0,LIBERTY,,WDG3492,31,15,18,6,,52,A
367526620,2022-01-04T17:46:21,39.00403,-90.68964,0.0,231.7,511.0,LIBERTY,,WDG3492,31,15,18,6,,52,A
367526620,2022-01-04T16:14:52,39.00405,-90.68962,0.0,251.1,511.0,LIBERTY,,WDG3492,31,15,18,6,,52,A
367526620,2022-01-04T18:32:21,39.00408,-90.68966,0.0,218.5,511.0,LIBERTY,,WDG3492,31,15,18,6,,52,A
367526620,2022-01-04T17:51:52,39.00407,-90.68964,0.0,264.6,511.0,LIBERTY,,WDG3492,31,15,18,6,,52,A
367526620,2022-01-04T17:16:11,39.00406,-90.68967,0.0,216.7,511.0,LIBERTY,,WDG3492,31,15,18,6,,52,A
367526620,2022-01-04T16:17:11,39.00407,-90.68962,0.0,260.6,511.0,LIBERTY,,WDG3492,31,15,18,6,,52,A
367526620,2022-01-04T17:17:21,39.00409,-90.68965,0.0,221.0,511.0,LIBERTY,,WDG3492,31,15,18,6,,52,A
367526620,2022-01-04T17:54:11,39.00406,-90.68966,0.0,274.2,511.0,LIBERTY,,WDG3492,31,15,18,6,,52,A
367526620,2022-01-04T18:39:22,39.00405,-90.68959,0.0,214.3,511.0,LIBERTY,,WDG3492,31,15,18,6,,52,A
367526620,2022-01-04T16:21:52,39.00412,-90.68962,0.0,286.3,511.0,LIBERTY,,WDG3492,31,15,18,6,,52,A
367526620,2022-01-04T18:00:02,39.00409,-90.68963,0.0,291.3,511.0,LIBERTY,,WDG3492,31,15,18,6,,52,A
367526620,2022-01-04T18:01:11,39.00409,-90.68960,0.0,296.5,511.0,LIBERTY,,WDG3492,31,15,18,6,,52,A
367526620,2022-01-04T18:30:01,39.00407,-90.68962,0.0,222.1,511.0,LIBERTY,,WDG3492,31,15,18,6,,52,A
367526620,2022-01-04T18:33:31,39.00407,-90.68967,0.0,218.7,511.0,LIBERTY,,WDG3492,31,15,18,6,,52,A
367526620,2022-01-04T18:07:01,39.00405,-90.68969,0.0,294.0,511.0,LIBERTY,,WDG3492,31,15,18,6,,52,A
367526620,2022-01-04T18:34:42,39.00406,-90.68968,0.0,219.2,511.0,LIBERTY,,WDG3492,31,15,18,6,,52,A
367526620,2022-01-04T18:35:52,39.00406,-90.68966,0.0,217.1,511.0,LIBERTY,,WDG3492,31,15,18,6,,52,A
367526620,2022-01-04T18:54:32,39.00406,-90.68963,0.0,200.6,511.0,LIBERTY,,WDG3492,31,15,18,6,,52,A
367526620,2022-01-04T16:34:22,39.00411,-90.68956,0.0,278.1,511.0,LIBERTY,,WDG3492,31,15,18,6,,52,A
367526620,2022-01-04T18:38:11,39.00406,-90.68965,0.0,216.3,511.0,LIBERTY,,WDG3492,31,15,18,6,,52,A
367526620,2022-01-04T17:33:41,39.00408,-90.68964,0.0,150.7,511.0,LIBERTY,,WDG3492,31,15,18,6,,52,A
367526620,2022-01-04T16:36:42,39.00406,-90.68963,0.0,284.2,511.0,LIBERTY,,WDG3492,31,15,18,6,,52,A
367526620,2022-01-04T18:10:21,39.00408,-90.68963,0.0,290.5,511.0,LIBERTY,,WDG3492,31,15,18,6,,52,A
367526620,2022-01-04T17:34:51,39.00411,-90.68964,0.0,142.7,511.0,LIBERTY,,WDG3492,31,15,18,6,,52,A
367526620,2022-01-04T17:35:52,39.00409,-90.68962,0.0,130.4,511.0,LIBERTY,,WDG3492,31,15,18,6,,52,A
367526620,2022-01-04T18:46:22,39.00406,-90.68966,0.0,218.4,511.0,LIBERTY,,WDG3492,31,15,18,6,,52,A
367526620,2022-01-04T18:17:11,39.00401,-90.68970,0.0,301.5,511.0,LIBERTY,,WDG3492,31,15,18,6,,52,A
367526620,2022-01-04T16:41:21,39.00407,-90.68963,0.0,291.5,511.0,LIBERTY,,WDG3492,31,15,18,6,,52,A
367526620,2022-01-04T19:04:42,39.00407,-90.68960,0.0,223.9,511.0,LIBERTY,,WDG3492,31,15,18,6,,52,A
367526620,2022-01-04T18:25:22,39.00406,-90.68961,0.0,251.9,511.0,LIBERTY,,WDG3492,31,15,18,6,,52,A
367526620,2022-01-04T18:21:51,39.00409,-90.68965,0.0,282.1,511.0,LIBERTY,,WDG3492,31,15,18,6,,52,A
367526620,2022-01-04T17:45:11,39.00405,-90.68964,0.0,220.7,511.0,LIBERTY,,WDG3492,31,15,18,6,,52,A
367526620,2022-01-04T19:12:52,39.00404,-90.68968,0.0,229.6,511.0,LIBERTY,,WDG3492,31,15,18,6,,52,A
367526620,2022-01-04T17:48:32,39.00407,-90.68964,0.0,251.8,511.0,LIBERTY,,WDG3492,31,15,18,6,,52,A
367526620,2022-01-04T18:59:10,39.00408,-90.68963,0.0,190.3,511.0,LIBERTY,,WDG3492,31,15,18,6,,52,A
367526620,2022-01-04T16:48:20,39.00410,-90.68961,0.0,257.7,511.0,LIBERTY,,WDG3492,31,15,18,6,,52,A
367526620,2022-01-04T16:49:22,39.00409,-90.68963,0.0,253.2,511.0,LIBERTY,,WDG3492,31,15,18,6,,52,A
367526620,2022-01-04T19:03:31,39.00408,-90.68961,0.0,211.3,511.0,LIBERTY,,WDG3492,31,15,18,6,,52,A
367526620,2022-01-04T19:18:42,39.00408,-90.68962,0.0,232.8,511.0,LIBERTY,,WDG3492,31,15,18,6,,52,A
367526620,2022-01-04T16:52:52,39.00409,-90.68964,0.0,233.8,511.0,LIBERTY,,WDG3492,31,15,18,6,,52,A
367526620,2022-01-04T19:08:11,39.00405,-90.68966,0.0,223.8,511.0,LIBERTY,,WDG3492,31,15,18,6,,52,A
367526620,2022-01-04T19:26:51,39.00406,-90.68963,0.0,227.1,511.0,LIBERTY,,WDG3492,31,15,18,6,,52,A
367526620,2022-01-04T17:00:02,39.00410,-90.68963,0.0,233.2,511.0,LIBERTY,,WDG3492,31,15,18,6,,52,A
367526620,2022-01-04T19:29:12,39.00405,-90.68974,0.0,224.5,511.0,LIBERTY,,WDG3492,31,15,18,6,,52,A
367526620,2022-01-04T19:30:21,39.00404,-90.68967,0.0,224.4,511.0,LIBERTY,,WDG3492,31,15,18,6,,52,A
367526620,2022-01-04T18:47:32,39.00406,-90.68962,0.0,214.1,511.0,LIBERTY,,WDG3492,31,15,18,6,,52,A
367526620,2022-01-04T18:51:01,39.00405,-90.68968,0.0,214.7,511.0,LIBERTY,,WDG3492,31,15,18,6,,52,A
367526620,2022-01-04T17:04:42,39.00407,-90.68964,0.0,230.2,511.0,LIBERTY,,WDG3492,31,15,18,6,,52,A
367526620,2022-01-04T19:37:22,39.00407,-90.68965,0.0,241.4,511.0,LIBERTY,,WDG3492,31,15,18,6,,52,A
367526620,2022-01-04T18:56:51,39.00409,-90.68966,0.0,187.9,511.0,LIBERTY,,WDG3492,31,15,18,6,,52,A
367526620,2022-01-04T19:43:11,39.00405,-90.68962,0.0,249.3,511.0,LIBERTY,,WDG3492,31,15,18,6,,52,A
367526620,2022-01-04T19:01:10,39.00408,-90.68963,0.0,197.4,511.0,LIBERTY,,WDG3492,31,15,18,6,,52,A
367526620,2022-01-04T18:18:21,39.00405,-90.68971,0.0,301.6,511.0,LIBERTY,,WDG3492,31,15,18,6,,52,A
367526620,2022-01-04T19:05:52,39.00406,-90.68960,0.0,224.5,511.0,LIBERTY,,WDG3492,31,15,18,6,,52,A
367526620,2022-01-04T19:50:11,39.00405,-90.68966,0.0,246.0,511.0,LIBERTY,,WDG3492,31,15,18,6,,52,A
367526620,2022-01-04T18:24:12,39.00407,-90.68963,0.0,262.7,511.0,LIBERTY,,WDG3492,31,15,18,6,,52,A
367526620,2022-01-04T19:36:11,39.00406,-90.68964,0.0,239.3,511.0,LIBERTY,,WDG3492,31,15,18,6,,52,A
367526620,2022-01-04T19:52:31,39.00405,-90.68969,0.0,254.6,511.0,LIBERTY,,WDG3492,31,15,18,6,,52,A
367526620,2022-01-04T19:10:31,39.00406,-90.68964,0.0,227.8,511.0,LIBERTY,,WDG3492,31,15,18,6,,52,A
367526620,2022-01-04T18:27:42,39.00406,-90.68962,0.0,228.4,511.0,LIBERTY,,WDG3492,31,15,18,6,,52,A
367526620,2022-01-04T19:11:41,39.00406,-90.68964,0.0,230.5,511.0,LIBERTY,,WDG3492,31,15,18,6,,52,A
367526620,2022-01-04T17:20:51,39.00410,-90.68976,0.0,215.4,511.0,LIBERTY,,WDG3492,31,15,18,6,,52,A
367526620,2022-01-04T17:23:11,39.00409,-90.68964,0.0,203.4,511.0,LIBERTY,,WDG3492,31,15,18,6,,52,A
367526620,2022-01-04T19:44:21,39.00406,-90.68963,0.0,247.7,511.0,LIBERTY,,WDG3492,31,15,18,6,,52,A
367526620,2022-01-04T19:59:31,39.00408,-90.68963,0.0,274.4,511.0,LIBERTY,,WDG3492,31,15,18,6,,52,A
367526620,2022-01-04T20:00:02,39.00406,-90.68963,0.0,277.4,511.0,LIBERTY,,WDG3492,31,15,18,6,,52,A
367526620,2022-01-04T19:16:21,39.00407,-90.68962,0.0,227.5,511.0,LIBERTY,,WDG3492,31,15,18,6,,52,A
367526620,2022-01-04T19:17:32,39.00406,-90.68964,0.0,229.6,511.0,LIBERTY,,WDG3492,31,15,18,6,,52,A
367526620,2022-01-04T18:37:02,39.00408,-90.68965,0.0,215.2,511.0,LIBERTY,,WDG3492,31,15,18,6,,52,A
367526620,2022-01-04T19:22:12,39.00408,-90.68962,0.0,233.7,511.0,LIBERTY,,WDG3492,31,15,18,6,,52,A
367526620,2022-01-04T19:28:02,39.00406,-90.68962,0.0,227.2,511.0,LIBERTY,,WDG3492,31,15,18,6,,52,A
367526620,2022-01-04T18:44:02,39.00407,-90.68961,0.0,219.3,511.0,LIBERTY,,WDG3492,31,15,18,6,,52,A
367526620,2022-01-04T17:31:21,39.00405,-90.68963,0.0,166.3,511.0,LIBERTY,,WDG3492,31,15,18,6,,52,A
367526620,2022-01-04T19:25:41,39.00408,-90.68962,0.0,229.6,511.0,LIBERTY,,WDG3492,31,15,18,6,,52,A
367526620,2022-01-04T19:32:42,39.00405,-90.68967,0.0,235.8,511.0,LIBERTY,,WDG3492,31,15,18,6,,52,A
367526620,2022-01-04T19:31:32,39.00406,-90.68964,0.0,230.5,511.0,LIBERTY,,WDG3492,31,15,18,6,,52,A
367526620,2022-01-04T19:33:51,39.00405,-90.68966,0.0,240.4,511.0,LIBERTY,,WDG3492,31,15,18,6,,52,A
367526620,2022-01-04T20:17:30,39.00406,-90.68966,0.0,287.5,511.0,LIBERTY,,WDG3492,31,15,18,6,,52,A
367526620,2022-01-04T18:52:12,39.00404,-90.68969,0.0,214.8,511.0,LIBERTY,,WDG3492,31,15,18,6,,52,A
367526620,2022-01-04T17:39:22,39.00404,-90.68967,0.0,167.2,511.0,LIBERTY,,WDG3492,31,15,18,6,,52,A
367526620,2022-01-04T19:38:32,39.00406,-90.68967,0.0,247.8,511.0,LIBERTY,,WDG3492,31,15,18,6,,52,A
367526620,2022-01-04T19:35:01,39.00404,-90.68966,0.0,237.4,511.0,LIBERTY,,WDG3492,31,15,18,6,,52,A
367526620,2022-01-04T19:40:51,39.00401,-90.68967,0.0,242.9,511.0,LIBERTY,,WDG3492,31,15,18,6,,52,A
367526620,2022-01-04T20:11:42,39.00406,-90.68965,0.0,291.3,511.0,LIBERTY,,WDG3492,31,15,18,6,,52,A
367526620,2022-01-04T19:42:02,39.00407,-90.68964,0.0,243.2,511.0,LIBERTY,,WDG3492,31,15,18,6,,52,A
367526620,2022-01-04T20:15:10,39.00406,-90.68965,0.0,287.7,511.0,LIBERTY,,WDG3492,31,15,18,6,,52,A
367526620,2022-01-04T19:39:41,39.00400,-90.68969,0.0,246.6,511.0,LIBERTY,,WDG3492,31,15,18,6,,52,A
367526620,2022-01-04T19:45:32,39.00406,-90.68963,0.0,241.4,511.0,LIBERTY,,WDG3492,31,15,18,6,,52,A
367526620,2022-01-04T17:50:41,39.00405,-90.68965,0.0,260.8,511.0,LIBERTY,,WDG3492,31,15,18,6,,52,A
367526620,2022-01-04T19:47:51,39.00405,-90.68964,0.0,246.7,511.0,LIBERTY,,WDG3492,31,15,18,6,,52,A
367526620,2022-01-04T17:53:01,39.00404,-90.68967,0.0,272.7,511.0,LIBERTY,,WDG3492,31,15,18,6,,52,A
367526620,2022-01-04T19:07:02,39.00408,-90.68963,0.0,224.9,511.0,LIBERTY,,WDG3492,31,15,18,6,,52,A
367526620,2022-01-04T20:40:41,39.00409,-90.68961,0.0,231.7,511.0,LIBERTY,,WDG3492,31,15,18,6,,52,A
367526620,2022-01-04T17:57:32,39.00401,-90.68966,0.0,284.6,511.0,LIBERTY,,WDG3492,31,15,18,6,,52,A
367526620,2022-01-04T20:30:11,39.00407,-90.68965,0.0,275.7,511.0,LIBERTY,,WDG3492,31,15,18,6,,52,A
367526620,2022-01-04T19:53:42,39.00407,-90.68967,0.0,259.2,511.0,LIBERTY,,WDG3492,31,15,18,6,,52,A
367526620,2022-01-04T20:41:50,39.00411,-90.68962,0.1,230.8,511.0,LIBERTY,,WDG3492,31,15,18,6,,52,A
367526620,2022-01-04T17:58:41,39.00404,-90.68963,0.0,287.5,511.0,LIBERTY,,WDG3492,31,15,18,6,,52,A
367526620,2022-01-04T18:02:22,39.00408,-90.68962,0.0,296.6,511.0,LIBERTY,,WDG3492,31,15,18,6,,52,A
367526620,2022-01-04T20:46:32,39.00408,-90.68963,0.0,234.9,511.0,LIBERTY,,WDG3492,31,15,18,6,,52,A
367526620,2022-01-04T19:15:12,39.00408,-90.68960,0.0,230.7,511.0,LIBERTY,,WDG3492,31,15,18,6,,52,A
367526620,2022-01-04T20:47:41,39.00407,-90.68964,0.0,233.6,511.0,LIBERTY,,WDG3492,31,15,18,6,,52,A
367526620,2022-01-04T20:34:52,39.00408,-90.68961,0.0,237.4,511.0,LIBERTY,,WDG3492,31,15,18,6,,52,A
367526620,2022-01-04T20:05:52,39.00408,-90.68964,0.0,280.3,511.0,LIBERTY,,WDG3492,31,15,18,6,,52,A
367526620,2022-01-04T18:08:02,39.00410,-90.68964,0.0,292.4,511.0,LIBERTY,,WDG3492,31,15,18,6,,52,A
367526620,2022-01-04T20:03:31,39.00406,-90.68963,0.0,279.4,511.0,LIBERTY,,WDG3492,31,15,18,6,,52,A
367526620,2022-01-04T19:21:02,39.00409,-90.68963,0.0,228.5,511.0,LIBERTY,,WDG3492,31,15,18,6,,52,A
367526620,2022-01-04T20:43:02,39.00411,-90.68965,0.0,228.1,511.0,LIBERTY,,WDG3492,31,15,18,6,,52,A
367526620,2022-01-04T20:59:11,39.00410,-90.68963,0.0,241.0,511.0,LIBERTY,,WDG3492,31,15,18,6,,52,A
367526620,2022-01-04T20:14:01,39.00407,-90.68962,0.0,291.3,511.0,LIBERTY,,WDG3492,31,15,18,6,,52,A
367526620,2022-01-04T20:09:22,39.00410,-90.68966,0.0,286.8,511.0,LIBERTY,,WDG3492,31,15,18,6,,52,A
367526620,2022-01-04T19:23:21,39.00405,-90.68963,0.0,232.3,511.0,LIBERTY,,WDG3492,31,15,18,6,,52,A
367526620,2022-01-04T20:10:31,39.00407,-90.68967,0.0,291.8,511.0,LIBERTY,,WDG3492,31,15,18,6,,52,A
367526620,2022-01-04T18:16:02,39.00406,-90.68963,0.0,295.4,511.0,LIBERTY,,WDG3492,31,15,18,6,,52,A
367526620,2022-01-04T21:03:31,39.00409,-90.68962,0.0,253.6,511.0,LIBERTY,,WDG3492,31,15,18,6,,52,A
367526620,2022-01-04T20:18:31,39.00407,-90.68963,0.0,285.4,511.0,LIBERTY,,WDG3492,31,15,18,6,,52,A
367526620,2022-01-04T20:16:22,39.00407,-90.68968,0.0,288.5,511.0,LIBERTY,,WDG3492,31,15,18,6,,52,A
367526620,2022-01-04T20:20:52,39.00407,-90.68965,0.0,279.5,511.0,LIBERTY,,WDG3492,31,15,18,6,,52,A
367526620,2022-01-04T21:00:02,39.00411,-90.68964,0.0,240.6,511.0,LIBERTY,,WDG3492,31,15,18,6,,52,A
367526620,2022-01-04T21:12:42,39.00409,-90.68966,0.0,291.2,511.0,LIBERTY,,WDG3492,31,15,18,6,,52,A
367526620,2022-01-04T20:26:42,39.00406,-90.68964,0.0,293.8,511.0,LIBERTY,,WDG3492,31,15,18,6,,52,A
367526620,2022-01-04T20:25:32,39.00406,-90.68964,0.0,285.1,511.0,LIBERTY,,WDG3492,31,15,18,6,,52,A
367526620,2022-01-04T21:15:01,39.00411,-90.68967,0.0,291.4,511.0,LIBERTY,,WDG3492,31,15,18,6,,52,A
367526620,2022-01-04T20:37:12,39.00408,-90.68961,0.0,230.6,511.0,LIBERTY,,WDG3492,31,15,18,6,,52,A
367526620,2022-01-04T20:31:21,39.00406,-90.68963,0.0,260.7,511.0,LIBERTY,,WDG3492,31,15,18,6,,52,A
367526620,2022-01-04T19:49:02,39.00405,-90.68965,0.0,244.2,511.0,LIBERTY,,WDG3492,31,15,18,6,,52,A
367526620,2022-01-04T21:24:22,39.00409,-90.68965,0.0,316.0,511.0,LIBERTY,,WDG3492,31,15,18,6,,52,A
367526620,2022-01-04T20:38:21,39.00410,-90.68961,0.0,228.7,511.0,LIBERTY,,WDG3492,31,15,18,6,,52,A
367526620,2022-01-04T20:39:32,39.00411,-90.68960,0.0,232.1,511.0,LIBERTY,,WDG3492,31,15,18,6,,52,A
367526620,2022-01-04T21:26:42,39.00409,-90.68964,0.0,300.7,511.0,LIBERTY,,WDG3492,31,15,18,6,,52,A
367526620,2022-01-04T18:40:31,39.00404,-90.68959,0.0,216.0,511.0,LIBERTY,,WDG3492,31,15,18,6,,52,A
367526620,2022-01-04T21:19:42,39.00409,-90.68964,0.0,300.8,511.0,LIBERTY,,WDG3492,31,15,18,6,,52,A
367526620,2022-01-04T18:41:41,39.00403,-90.68957,0.0,214.5,511.0,LIBERTY,,WDG3492,31,15,18,6,,52,A
367526620,2022-01-04T19:58:21,39.00407,-90.68962,0.0,271.4,511.0,LIBERTY,,WDG3492,31,15,18,6,,52,A
367526620,2022-01-04T18:42:51,39.00405,-90.68956,0.0,213.1,511.0,LIBERTY,,WDG3492,31,15,18,6,,52,A
367526620,2022-01-04T20:54:31,39.00411,-90.68969,0.0,235.7,511.0,LIBERTY,,WDG3492,31,15,18,6,,52,A
367526620,2022-01-04T20:50:01,39.00404,-90.68967,0.0,244.1,511.0,LIBERTY,,WDG3492,31,15,18,6,,52,A
367526620,2022-01-04T20:55:42,39.00410,-90.68963,0.0,236.3,511.0,LIBERTY,,WDG3492,31,15,18,6,,52,A
367526620,2022-01-04T20:56:51,39.00406,-90.68962,0.0,236.5,511.0,LIBERTY,,WDG3492,31,15,18,6,,52,A
367526620,2022-01-04T20:51:11,39.00404,-90.68970,0.0,241.7,511.0,LIBERTY,,WDG3492,31,15,18,6,,52,A
367526620,2022-01-04T20:02:21,39.00408,-90.68961,0.0,277.0,511.0,LIBERTY,,WDG3492,31,15,18,6,,52,A
367526620,2022-01-04T20:53:22,39.00408,-90.68962,0.0,239.3,511.0,LIBERTY,,WDG3492,31,15,18,6,,52,A
367526620,2022-01-04T21:25:31,39.00407,-90.68967,0.0,310.1,511.0,LIBERTY,,WDG3492,31,15,18,6,,52,A
367526620,2022-01-04T18:48:41,39.00406,-90.68959,0.0,211.7,511.0,LIBERTY,,WDG3492,31,15,18,6,,52,A
367526620,2022-01-04T21:39:12,39.00407,-90.68963,0.0,276.6,511.0,LIBERTY,,WDG3492,31,15,18,6,,52,A
367526620,2022-01-04T21:02:22,39.00410,-90.68963,0.0,245.8,511.0,LIBERTY,,WDG3492,31,15,18,6,,52,A
367526620,2022-01-04T18:53:22,39.00404,-90.68965,0.0,213.0,511.0,LIBERTY,,WDG3492,31,15,18,6,,52,A
367526620,2022-01-04T21:32:30,39.00410,-90.68966,0.0,272.5,511.0,LIBERTY,,WDG3492,31,15,18,6,,52,A
367526620,2022-01-04T21:05:42,39.00406,-90.68964,0.0,255.7,511.0,LIBERTY,,WDG3492,31,15,18,6,,52,A
367526620,2022-01-04T20:12:52,39.00407,-90.68966,0.0,290.7,511.0,LIBERTY,,WDG3492,31,15,18,6,,52,A
367526620,2022-01-04T21:35:50,39.00404,-90.68962,0.0,269.6,511.0,LIBERTY,,WDG3492,31,15,18,6,,52,A
367526620,2022-01-04T21:52:02,39.00406,-90.68965,0.0,291.8,511.0,LIBERTY,,WDG3492,31,15,18,6,,52,A
367526620,2022-01-04T20:19:42,39.00406,-90.68963,0.0,279.5,511.0,LIBERTY,,WDG3492,31,15,18,6,,52,A
367526620,2022-01-04T21:06:52,39.00398,-90.68978,0.0,285.6,511.0,LIBERTY,,WDG3492,31,15,18,6,,52,A
367526620,2022-01-04T20:22:01,39.00408,-90.68966,0.0,276.0,511.0,LIBERTY,,WDG3492,31,15,18,6,,52,A
367526620,2022-01-04T19:02:22,39.00410,-90.68964,0.0,209.1,511.0,LIBERTY,,WDG3492,31,15,18,6,,52,A
367526620,2022-01-04T21:45:02,39.00406,-90.68965,0.0,285.1,511.0,LIBERTY,,WDG3492,31,15,18,6,,52,A
367526620,2022-01-04T21:09:11,39.00404,-90.68968,0.0,296.5,511.0,LIBERTY,,WDG3492,31,15,18,6,,52,A
367526620,2022-01-04T16:06:41,39.00408,-90.68961,0.0,225.1,511.0,LIBERTY,,WDG3492,31,15,18,6,,52,A
367526620,2022-01-04T22:00:02,39.00410,-90.68964,0.0,310.8,511.0,LIBERTY,,WDG3492,31,15,18,6,,52,A
367526620,2022-01-04T21:49:42,39.00408,-90.68963,0.0,290.8,511.0,LIBERTY,,WDG3492,31,15,18,6,,52,A
367526620,2022-01-04T21:16:11,39.00406,-90.68965,0.0,289.9,511.0,LIBERTY,,WDG3492,31,15,18,6,,52,A
367526620,2022-01-04T16:07:52,39.00407,-90.68962,0.0,225.2,511.0,LIBERTY,,WDG3492,31,15,18,6,,52,A
367526620,2022-01-04T21:13:51,39.00411,-90.68967,0.0,290.1,511.0,LIBERTY,,WDG3492,31,15,18,6,,52,A
367526620,2022-01-04T19:09:22,39.00406,-90.68963,0.0,228.3,511.0,LIBERTY,,WDG3492,31,15,18,6,,52,A
367526620,2022-01-04T21:30:11,39.00408,-90.68962,0.0,279.0,511.0,LIBERTY,,WDG3492,31,15,18,6,,52,A
367526620,2022-01-04T19:14:02,39.00404,-90.68966,0.0,230.7,511.0,LIBERTY,,WDG3492,31,15,18,6,,52,A
367526620,2022-01-04T21:58:52,39.00409,-90.68963,0.0,310.6,511.0,LIBERTY,,WDG3492,31,15,18,6,,52,A
367526620,2022-01-04T22:01:12,39.00409,-90.68961,0.0,311.6,511.0,LIBERTY,,WDG3492,31,15,18,6,,52,A
367526620,2022-01-04T22:03:32,39.00410,-90.68959,0.0,314.6,511.0,LIBERTY,,WDG3492,31,15,18,6,,52,A
367526620,2022-01-04T21:22:02,39.00409,-90.68965,0.0,310.0,511.0,LIBERTY,,WDG3492,31,15,18,6,,52,A
367526620,2022-01-04T21:27:52,39.00408,-90.68965,0.0,288.4,511.0,LIBERTY,,WDG3492,31,15,18,6,,52,A
367526620,2022-01-04T22:16:12,39.00408,-90.68963,0.0,303.7,511.0,LIBERTY,,WDG3492,31,15,18,6,,52,A
367526620,2022-01-04T20:44:12,39.00410,-90.68966,0.0,230.9,511.0,LIBERTY,,WDG3492,31,15,18,6,,52,A
367526620,2022-01-04T20:45:22,39.00408,-90.68964,0.0,231.5,511.0,LIBERTY,,WDG3492,31,15,18,6,,52,A
367526620,2022-01-04T21:41:31,39.00406,-90.68964,0.0,282.9,511.0,LIBERTY,,WDG3492,31,15,18,6,,52,A
367526620,2022-01-04T19:24:32,39.00406,-90.68963,0.1,226.2,511.0,LIBERTY,,WDG3492,31,15,18,6,,52,A
367526620,2022-01-04T16:24:11,39.00408,-90.68963,0.0,294.4,511.0,LIBERTY,,WDG3492,31,15,18,6,,52,A
367526620,2022-01-04T21:29:01,39.00409,-90.68961,0.0,281.2,511.0,LIBERTY,,WDG3492,31,15,18,6,,52,A
367526620,2022-01-04T21:48:32,39.00408,-90.68963,0.0,285.9,511.0,LIBERTY,,WDG3492,31,15,18,6,,52,A
367526620,2022-01-04T20:52:12,39.00411,-90.68963,0.0,239.0,511.0,LIBERTY,,WDG3492,31,15,18,6,,52,A
367526620,2022-01-04T22:31:01,39.00411,-90.68960,0.0,298.3,511.0,LIBERTY,,WDG3492,31,15,18,6,,52,A
367526620,2022-01-04T22:32:12,39.00410,-90.68960,0.0,289.6,511.0,LIBERTY,,WDG3492,31,15,18,6,,52,A
367526620,2022-01-04T21:40:21,39.00407,-90.68965,0.0,277.6,511.0,LIBERTY,,WDG3492,31,15,18,6,,52,A
367526620,2022-01-04T16:32:12,39.00409,-90.68956,0.0,277.8,511.0,LIBERTY,,WDG3492,31,15,18,6,,52,A
367526620,2022-01-04T21:55:22,39.00409,-90.68965,0.0,310.6,511.0,LIBERTY,,WDG3492,31,15,18,6,,52,A
367526620,2022-01-04T21:38:11,39.00406,-90.68961,0.0,277.3,511.0,LIBERTY,,WDG3492,31,15,18,6,,52,A
367526620,2022-01-04T22:24:12,39.00406,-90.68964,0.0,300.4,511.0,LIBERTY,,WDG3492,31,15,18,6,,52,A
367526620,2022-01-04T22:25:22,39.00409,-90.68962,0.0,299.1,511.0,LIBERTY,,WDG3492,31,15,18,6,,52,A
367526620,2022-01-04T21:43:51,39.00406,-90.68966,0.0,280.1,511.0,LIBERTY,,WDG3492,31,15,18,6,,52,A
367526620,2022-01-04T22:42:42,39.00408,-90.68963,0.0,303.5,511.0,LIBERTY,,WDG3492,31,15,18,6,,52,A
367526620,2022-01-04T22:34:32,39.00408,-90.68967,0.0,290.7,511.0,LIBERTY,,WDG3492,31,15,18,6,,52,A
367526620,2022-01-04T21:47:21,39.00408,-90.68964,0.0,283.3,511.0,LIBERTY,,WDG3492,31,15,18,6,,52,A
367526620,2022-01-04T22:46:11,39.00407,-90.68964,0.0,286.9,511.0,LIBERTY,,WDG3492,31,15,18,6,,52,A
367526620,2022-01-04T21:50:52,39.00407,-90.68965,0.0,290.2,511.0,LIBERTY,,WDG3492,31,15,18,6,,52,A
367526620,2022-01-04T22:40:22,39.00409,-90.68963,0.0,301.7,511.0,LIBERTY,,WDG3492,31,15,18,6,,52,A
367526620,2022-01-04T21:53:11,39.00406,-90.68963,0.0,295.5,511.0,LIBERTY,,WDG3492,31,15,18,6,,52,A
367526620,2022-01-04T21:57:42,39.00408,-90.68963,0.0,310.4,511.0,LIBERTY,,WDG3492,31,15,18,6,,52,A
367526620,2022-01-04T22:53:11,39.00409,-90.68966,0.0,288.2,511.0,LIBERTY,,WDG3492,31,15,18,6,,52,A
367526620,2022-01-04T21:17:21,39.00408,-90.68964,0.0,297.6,511.0,LIBERTY,,WDG3492,31,15,18,6,,52,A
367526620,2022-01-04T22:18:31,39.00406,-90.68961,0.0,303.1,511.0,LIBERTY,,WDG3492,31,15,18,6,,52,A
367526620,2022-01-04T21:18:32,39.00408,-90.68964,0.0,298.6,511.0,LIBERTY,,WDG3492,31,15,18,6,,52,A
367526620,2022-01-04T22:47:22,39.00408,-90.68962,0.0,280.0,511.0,LIBERTY,,WDG3492,31,15,18,6,,52,A
367526620,2022-01-04T19:46:41,39.00406,-90.68964,0.0,247.6,511.0,LIBERTY,,WDG3492,31,15,18,6,,52,A
367526620,2022-01-04T22:05:50,39.00407,-90.68961,0.0,318.2,511.0,LIBERTY,,WDG3492,31,15,18,6,,52,A
367526620,2022-01-04T22:49:42,39.00408,-90.68963,0.0,281.7,511.0,LIBERTY,,WDG3492,31,15,18,6,,52,A
367526620,2022-01-04T22:21:51,39.00406,-90.68963,0.0,301.1,511.0,LIBERTY,,WDG3492,31,15,18,6,,52,A
367526620,2022-01-04T21:23:12,39.00408,-90.68964,0.0,316.5,511.0,LIBERTY,,WDG3492,31,15,18,6,,52,A
367526620,2022-01-04T23:03:32,39.00408,-90.68962,0.0,279.8,511.0,LIBERTY,,WDG3492,31,15,18,6,,52,A
367526620,2022-01-04T19:51:21,39.00408,-90.68967,0.0,255.8,511.0,LIBERTY,,WDG3492,31,15,18,6,,52,A
367526620,2022-01-04T22:28:42,39.00409,-90.68964,0.0,292.0,511.0,LIBERTY,,WDG3492,31,15,18,6,,52,A
367526620,2022-01-04T22:29:52,39.00409,-90.68964,0.0,295.1,511.0,LIBERTY,,WDG3492,31,15,18,6,,52,A
367526620,2022-01-04T21:34:42,39.00406,-90.68963,0.0,272.3,511.0,LIBERTY,,WDG3492,31,15,18,6,,52,A
367526620,2022-01-04T22:15:01,39.00406,-90.68963,0.0,310.7,511.0,LIBERTY,,WDG3492,31,15,18,6,,52,A
367526620,2022-01-04T22:38:02,39.00406,-90.68963,0.0,295.6,511.0,LIBERTY,,WDG3492,31,15,18,6,,52,A
367526620,2022-01-04T22:39:11,39.00410,-90.68967,0.0,298.1,511.0,LIBERTY,,WDG3492,31,15,18,6,,52,A
367526620,2022-01-04T23:19:42,39.00409,-90.68966,0.0,264.5,511.0,LIBERTY,,WDG3492,31,15,18,6,,52,A
367526620,2022-01-04T22:26:32,39.00407,-90.68963,0.0,299.5,511.0,LIBERTY,,WDG3492,31,15,18,6,,52,A
367526620,2022-01-04T22:27:40,39.00408,-90.68962,0.0,294.4,511.0,LIBERTY,,WDG3492,31,15,18,6,,52,A
367526620,2022-01-04T22:45:02,39.00408,-90.68963,0.0,293.3,511.0,LIBERTY,,WDG3492,31,15,18,6,,52,A
367526620,2022-01-04T20:04:42,39.00408,-90.68964,0.0,281.1,511.0,LIBERTY,,WDG3492,31,15,18,6,,52,A
367526620,2022-01-04T23:18:41,39.00406,-90.68961,0.0,268.8,511.0,LIBERTY,,WDG3492,31,15,18,6,,52,A
367526620,2022-01-04T23:31:12,39.00407,-90.68968,0.0,249.7,511.0,LIBERTY,,WDG3492,31,15,18,6,,52,A
367526620,2022-01-04T20:08:12,39.00407,-90.68964,0.0,286.9,511.0,LIBERTY,,WDG3492,31,15,18,6,,52,A
367526620,2022-01-04T23:32:22,39.00407,-90.68967,0.1,253.9,511.0,LIBERTY,,WDG3492,31,15,18,6,,52,A
367526620,2022-01-04T22:52:01,39.00409,-90.68964,0.0,280.7,511.0,LIBERTY,,WDG3492,31,15,18,6,,52,A
367526620,2022-01-04T21:54:12,39.00406,-90.68966,0.0,302.0,511.0,LIBERTY,,WDG3492,31,15,18,6,,52,A
367526620,2022-01-04T23:37:02,39.00407,-90.68964,0.0,253.2,511.0,LIBERTY,,WDG3492,31,15,18,6,,52,A
367526620,2022-01-04T22:41:31,39.00409,-90.68964,0.0,304.6,511.0,LIBERTY,,WDG3492,31,15,18,6,,52,A
367526620,2022-01-04T22:57:51,39.00409,-90.68961,0.0,284.1,511.0,LIBERTY,,WDG3492,31,15,18,6,,52,A
367526620,2022-01-04T23:00:02,39.00406,-90.68963,0.0,283.1,511.0,LIBERTY,,WDG3492,31,15,18,6,,52,A
367526620,2022-01-04T23:01:12,39.00408,-90.68963,0.0,282.9,511.0,LIBERTY,,WDG3492,31,15,18,6,,52,A
367526620,2022-01-04T22:04:42,39.00406,-90.68954,0.0,316.7,511.0,LIBERTY,,WDG3492,31,15,18,6,,52,A
367526620,2022-01-04T23:33:31,39.00406,-90.68966,0.0,259.9,511.0,LIBERTY,,WDG3492,31,15,18,6,,52,A
367526620,2022-01-04T23:02:22,39.00407,-90.68964,0.0,282.1,511.0,LIBERTY,,WDG3492,31,15,18,6,,52,A
367526620,2022-01-04T22:07:01,39.00407,-90.68961,0.0,316.4,511.0,LIBERTY,,WDG3492,31,15,18,6,,52,A
367526620,2022-01-04T20:23:12,39.00407,-90.68964,0.0,274.6,511.0,LIBERTY,,WDG3492,31,15,18,6,,52,A
367526620,2022-01-04T22:50:51,39.00409,-90.68963,0.0,281.3,511.0,LIBERTY,,WDG3492,31,15,18,6,,52,A
367526620,2022-01-04T20:27:51,39.00408,-90.68962,0.0,315.1,511.0,LIBERTY,,WDG3492,31,15,18,6,,52,A
367526620,2022-01-04T20:29:02,39.00408,-90.68963,0.0,289.9,511.0,LIBERTY,,WDG3492,31,15,18,6,,52,A
367526620,2022-01-04T22:13:51,39.00409,-90.68959,0.0,316.7,511.0,LIBERTY,,WDG3492,31,15,18,6,,52,A
367526620,2022-01-04T23:42:52,39.00408,-90.68963,0.0,237.6,511.0,LIBERTY,,WDG3492,31,15,18,6,,52,A
367526620,2022-01-04T20:33:42,39.00408,-90.68960,0.0,240.2,511.0,LIBERTY,,WDG3492,31,15,18,6,,52,A
367526620,2022-01-04T23:47:22,39.00410,-90.68967,0.0,229.6,511.0,LIBERTY,,WDG3492,31,15,18,6,,52,A
367526620,2022-01-04T23:49:42,39.00408,-90.68966,0.0,228.0,511.0,LIBERTY,,WDG3492,31,15,18,6,,52,A
367526620,2022-01-04T20:36:02,39.00407,-90.68960,0.0,234.3,511.0,LIBERTY,,WDG3492,31,15,18,6,,52,A
367526620,2022-01-04T23:50:51,39.00407,-90.68966,0.0,226.9,511.0,LIBERTY,,WDG3492,31,15,18,6,,52,A
367526620,2022-01-04T22:56:42,39.00410,-90.68962,0.0,287.1,511.0,LIBERTY,,WDG3492,31,15,18,6,,52,A
367526620,2022-01-04T23:53:11,39.00404,-90.68963,0.0,222.2,511.0,LIBERTY,,WDG3492,31,15,18,6,,52,A
367526620,2022-01-04T23:07:02,39.00408,-90.68965,0.0,274.2,511.0,LIBERTY,,WDG3492,31,15,18,6,,52,A
367526620,2022-01-04T23:23:12,39.00404,-90.68960,0.0,260.7,511.0,LIBERTY,,WDG3492,31,15,18,6,,52,A
367526620,2022-01-04T17:26:42,39.00407,-90.68965,0.0,199.0,511.0,LIBERTY,,WDG3492,31,15,18,6,,52,A
367526620,2022-01-04T23:24:21,39.00408,-90.68961,0.0,261.3,511.0,LIBERTY,,WDG3492,31,15,18,6,,52,A
367526620,2022-01-04T23:59:01,39.00406,-90.68965,0.0,225.2,511.0,LIBERTY,,WDG3492,31,15,18,6,,52,A
367526620,2022-01-04T20:48:51,39.00406,-90.68964,0.0,236.1,511.0,LIBERTY,,WDG3492,31,15,18,6,,52,A
367526620,2022-01-04T23:20:52,39.00409,-90.68966,0.0,263.5,511.0,LIBERTY,,WDG3492,31,15,18,6,,52,A
367526620,2022-01-04T23:11:41,39.00404,-90.68969,0.0,269.1,511.0,LIBERTY,,WDG3492,31,15,18,6,,52,A
367526620,2022-01-04T23:25:32,39.00408,-90.68962,0.0,267.7,511.0,LIBERTY,,WDG3492,31,15,18,6,,52,A
367526620,2022-01-04T23:26:42,39.00408,-90.68965,0.0,259.4,511.0,LIBERTY,,WDG3492,31,15,18,6,,52,A
367526620,2022-01-04T23:17:31,39.00405,-90.68959,0.0,269.1,511.0,LIBERTY,,WDG3492,31,15,18,6,,52,A
367526620,2022-01-04T17:41:42,39.00404,-90.68966,0.0,188.0,511.0,LIBERTY,,WDG3492,31,15,18,6,,52,A
367526620,2022-01-04T23:45:11,39.00411,-90.68963,0.0,230.1,511.0,LIBERTY,,WDG3492,31,15,18,6,,52,A
367526620,2022-01-04T23:22:01,39.00406,-90.68960,0.0,263.5,511.0,LIBERTY,,WDG3492,31,15,18,6,,52,A
367526620,2022-01-04T17:47:22,39.00406,-90.68964,0.0,242.8,511.0,LIBERTY,,WDG3492,31,15,18,6,,52,A
367526620,2022-01-04T20:58:02,39.00408,-90.68964,0.0,237.7,511.0,LIBERTY,,WDG3492,31,15,18,6,,52,A
367526620,2022-01-04T21:01:11,39.00409,-90.68963,0.0,241.7,511.0,LIBERTY,,WDG3492,31,15,18,6,,52,A
367526620,2022-01-04T17:55:21,39.00404,-90.68964,0.0,279.6,511.0,LIBERTY,,WDG3492,31,15,18,6,,52,A
367526620,2022-01-04T23:34:41,39.00406,-90.68971,0.0,260.9,511.0,LIBERTY,,WDG3492,31,15,18,6,,52,A
367526620,2022-01-04T23:46:21,39.00411,-90.68967,0.0,228.9,511.0,LIBERTY,,WDG3492,31,15,18,6,,52,A
367526620,2022-01-04T17:59:51,39.00409,-90.68962,0.0,290.9,511.0,LIBERTY,,WDG3492,31,15,18,6,,52,A
367526620,2022-01-04T21:11:32,39.00407,-90.68963,0.0,290.2,511.0,LIBERTY,,WDG3492,31,15,18,6,,52,A
367526620,2022-01-04T23:44:01,39.00408,-90.68964,0.0,234.1,511.0,LIBERTY,,WDG3492,31,15,18,6,,52,A
367526620,2022-01-04T23:09:22,39.00406,-90.68966,0.0,272.7,511.0,LIBERTY,,WDG3492,31,15,18,6,,52,A
367526620,2022-01-04T18:04:42,39.00411,-90.68963,0.0,297.4,511.0,LIBERTY,,WDG3492,31,15,18,6,,52,A
367526620,2022-01-04T18:05:51,39.00406,-90.68963,0.0,298.1,511.0,LIBERTY,,WDG3492,31,15,18,6,,52,A
367526620,2022-01-04T23:16:21,39.00408,-90.68962,0.0,270.1,511.0,LIBERTY,,WDG3492,31,15,18,6,,52,A
367526620,2022-01-04T18:13:42,39.00409,-90.68963,0.0,292.6,511.0,LIBERTY,,WDG3492,31,15,18,6,,52,A
367526620,2022-01-04T23:57:51,39.00406,-90.68967,0.0,224.7,511.0,LIBERTY,,WDG3492,31,15,18,6,,52,A
367526620,2022-01-04T21:31:22,39.00407,-90.68965,0.0,272.8,511.0,LIBERTY,,WDG3492,31,15,18,6,,52,A
367526620,2022-01-04T18:19:32,39.00405,-90.68965,0.0,303.0,511.0,LIBERTY,,WDG3492,31,15,18,6,,52,A
367526620,2022-01-04T18:23:02,39.00408,-90.68963,0.0,271.3,511.0,LIBERTY,,WDG3492,31,15,18,6,,52,A
367526620,2022-01-04T23:39:22,39.00409,-90.68963,0.0,258.7,511.0,LIBERTY,,WDG3492,31,15,18,6,,52,A
367526620,2022-01-04T23:40:31,39.00406,-90.68963,0.0,246.4,511.0,LIBERTY,,WDG3492,31,15,18,6,,52,A
367526620,2022-01-04T18:26:32,39.00407,-90.68958,0.0,238.9,511.0,LIBERTY,,WDG3492,31,15,18,6,,52,A
367526620,2022-01-04T18:31:11,39.00406,-90.68964,0.0,217.8,511.0,LIBERTY,,WDG3492,31,15,18,6,,52,A
367526620,2022-01-04T21:46:12,39.00408,-90.68964,0.0,285.8,511.0,LIBERTY,,WDG3492,31,15,18,6,,52,A
367526620,2022-01-04T23:56:41,39.00407,-90.68966,0.0,222.7,511.0,LIBERTY,,WDG3492,31,15,18,6,,52,A
367526620,2022-01-04T18:45:12,39.00408,-90.68966,0.0,219.3,511.0,LIBERTY,,WDG3492,31,15,18,6,,52,A
367526620,2022-01-04T18:49:52,39.00405,-90.68963,0.0,211.7,511.0,LIBERTY,,WDG3492,31,15,18,6,,52,A
367526620,2022-01-04T18:55:42,39.00401,-90.68975,0.0,190.7,511.0,LIBERTY,,WDG3492,31,15,18,6,,52,A
367526620,2022-01-04T18:58:01,39.00409,-90.68963,0.0,194.7,511.0,LIBERTY,,WDG3492,31,15,18,6,,52,A
367526620,2022-01-04T19:00:01,39.00406,-90.68964,0.0,194.3,511.0,LIBERTY,,WDG3492,31,15,18,6,,52,A
367526620,2022-01-04T22:10:32,39.00400,-90.68962,0.0,317.5,511.0,LIBERTY,,WDG3492,31,15,18,6,,52,A
367526620,2022-01-04T22:17:22,39.00407,-90.68962,0.0,305.6,511.0,LIBERTY,,WDG3492,31,15,18,6,,52,A
367526620,2022-01-04T22:23:01,39.00406,-90.68962,0.0,304.9,511.0,LIBERTY,,WDG3492,31,15,18,6,,52,A
367526620,2022-01-04T19:19:51,39.00409,-90.68963,0.0,230.0,511.0,LIBERTY,,WDG3492,31,15,18,6,,52,A
367526620,2022-01-04T22:35:41,39.00408,-90.68962,0.0,289.4,511.0,LIBERTY,,WDG3492,31,15,18,6,,52,A
367526620,2022-01-04T22:48:30,39.00408,-90.68962,0.0,277.0,511.0,LIBERTY,,WDG3492,31,15,18,6,,52,A
367526620,2022-01-04T22:54:22,39.00407,-90.68965,0.0,285.3,511.0,LIBERTY,,WDG3492,31,15,18,6,,52,A
367526620,2022-01-04T19:54:50,39.00409,-90.68963,0.0,272.1,511.0,LIBERTY,,WDG3492,31,15,18,6,,52,A
367526620,2022-01-04T19:56:02,39.00409,-90.68963,0.0,272.2,511.0,LIBERTY,,WDG3492,31,15,18,6,,52,A
367526620,2022-01-04T19:57:11,39.00405,-90.68964,0.0,272.3,511.0,LIBERTY,,WDG3492,31,15,18,6,,52,A
367526620,2022-01-04T20:01:11,39.00407,-90.68962,0.0,269.6,511.0,LIBERTY,,WDG3492,31,15,18,6,,52,A
367526620,2022-01-04T23:04:41,39.00409,-90.68961,0.0,279.6,511.0,LIBERTY,,WDG3492,31,15,18,6,,52,A
367526620,2022-01-04T23:08:12,39.00406,-90.68967,0.0,273.4,511.0,LIBERTY,,WDG3492,31,15,18,6,,52,A
367526620,2022-01-04T20:07:02,39.00406,-90.68968,0.0,286.4,511.0,LIBERTY,,WDG3492,31,15,18,6,,52,A
367526620,2022-01-04T23:14:02,39.00408,-90.68967,0.0,267.3,511.0,LIBERTY,,WDG3492,31,15,18,6,,52,A
367526620,2022-01-04T23:15:12,39.00411,-90.68966,0.0,268.7,511.0,LIBERTY,,WDG3492,31,15,18,6,,52,A
367526620,2022-01-04T20:24:21,39.00408,-90.68964,0.0,278.8,511.0,LIBERTY,,WDG3492,31,15,18,6,,52,A
367526620,2022-01-04T23:28:52,39.00408,-90.68964,0.0,258.6,511.0,LIBERTY,,WDG3492,31,15,18,6,,52,A
367526620,2022-01-04T20:32:31,39.00407,-90.68961,0.0,247.3,511.0,LIBERTY,,WDG3492,31,15,18,6,,52,A
367526620,2022-01-04T23:52:01,39.00410,-90.68967,0.0,224.3,511.0,LIBERTY,,WDG3492,31,15,18,6,,52,A
367526620,2022-01-04T23:55:32,39.00406,-90.68967,0.0,224.2,511.0,LIBERTY,,WDG3492,31,15,18,6,,52,A
367526620,2022-01-04T21:04:41,39.00406,-90.68962,0.0,252.2,511.0,LIBERTY,,WDG3492,31,15,18,6,,52,A
367526620,2022-01-04T21:08:01,39.00399,-90.68977,0.0,293.9,511.0,LIBERTY,,WDG3492,31,15,18,6,,52,A
367526620,2022-01-04T21:10:22,39.00407,-90.68967,0.0,294.1,511.0,LIBERTY,,WDG3492,31,15,18,6,,52,A
367526620,2022-01-04T21:20:51,39.00409,-90.68969,0.0,303.1,511.0,LIBERTY,,WDG3492,31,15,18,6,,52,A
367526620,2022-01-04T21:33:41,39.00406,-90.68963,0.0,272.0,511.0,LIBERTY,,WDG3492,31,15,18,6,,52,A
367526620,2022-01-04T21:37:02,39.00406,-90.68962,0.0,272.7,511.0,LIBERTY,,WDG3492,31,15,18,6,,52,A
367526620,2022-01-04T21:42:41,39.00408,-90.68963,0.0,281.8,511.0,LIBERTY,,WDG3492,31,15,18,6,,52,A
367526620,2022-01-04T21:56:31,39.00404,-90.68970,0.0,313.9,511.0,LIBERTY,,WDG3492,31,15,18,6,,52,A
367526620,2022-01-04T22:02:21,39.00411,-90.68963,0.0,313.0,511.0,LIBERTY,,WDG3492,31,15,18,6,,52,A
367526620,2022-01-04T22:08:11,39.00407,-90.68963,0.0,317.1,511.0,LIBERTY,,WDG3492,31,15,18,6,,52,A
367526620,2022-01-04T22:09:22,39.00405,-90.68961,0.0,314.8,511.0,LIBERTY,,WDG3492,31,15,18,6,,52,A
367526620,2022-01-04T22:11:41,39.00402,-90.68966,0.0,307.4,511.0,LIBERTY,,WDG3492,31,15,18,6,,52,A
367526620,2022-01-04T22:12:42,39.00405,-90.68958,0.0,312.9,511.0,LIBERTY,,WDG3492,31,15,18,6,,52,A
367526620,2022-01-04T22:19:32,39.00405,-90.68961,0.0,295.2,511.0,LIBERTY,,WDG3492,31,15,18,6,,52,A
367526620,2022-01-04T22:20:41,39.00409,-90.68964,0.0,293.1,511.0,LIBERTY,,WDG3492,31,15,18,6,,52,A
367526620,2022-01-04T22:33:21,39.00406,-90.68963,0.0,286.4,511.0,LIBERTY,,WDG3492,31,15,18,6,,52,A
367526620,2022-01-04T22:36:51,39.00409,-90.68962,0.0,293.5,511.0,LIBERTY,,WDG3492,31,15,18,6,,52,A
367526620,2022-01-04T22:43:52,39.00407,-90.68964,0.0,297.1,511.0,LIBERTY,,WDG3492,31,15,18,6,,52,A
367526620,2022-01-04T22:55:32,39.00408,-90.68963,0.0,282.8,511.0,LIBERTY,,WDG3492,31,15,18,6,,52,A
367526620,2022-01-04T22:59:02,39.00407,-90.68957,0.0,284.8,511.0,LIBERTY,,WDG3492,31,15,18,6,,52,A
367526620,2022-01-04T23:05:52,39.00407,-90.68963,0.0,276.9,511.0,LIBERTY,,WDG3492,31,15,18,6,,52,A
367526620,2022-01-04T23:10:31,39.00406,-90.68966,0.0,271.7,511.0,LIBERTY,,WDG3492,31,15,18,6,,52,A
367526620,2022-01-04T23:12:52,39.00406,-90.68966,0.0,268.7,511.0,LIBERTY,,WDG3492,31,15,18,6,,52,A
367526620,2022-01-04T23:27:51,39.00410,-90.68967,0.0,258.7,511.0,LIBERTY,,WDG3492,31,15,18,6,,52,A
367526620,2022-01-04T23:30:02,39.00407,-90.68968,0.0,248.9,511.0,LIBERTY,,WDG3492,31,15,18,6,,52,A
367526620,2022-01-04T23:35:52,39.00406,-90.68962,0.0,261.7,511.0,LIBERTY,,WDG3492,31,15,18,6,,52,A
367526620,2022-01-04T23:38:12,39.00408,-90.68964,0.0,256.1,511.0,LIBERTY,,WDG3492,31,15,18,6,,52,A
367526620,2022-01-04T23:41:42,39.00408,-90.68965,0.0,240.8,511.0,LIBERTY,,WDG3492,31,15,18,6,,52,A
367526620,2022-01-04T23:48:32,39.00407,-90.68965,0.0,229.8,511.0,LIBERTY,,WDG3492,31,15,18,6,,52,A
367526620,2022-01-04T23:54:22,39.00410,-90.68963,0.0,224.5,511.0,LIBERTY,,WDG3492,31,15,18,6,,52,A
367526620,2022-01-05T00:00:01,39.00406,-90.68963,0.0,229.9,511.0,LIBERTY,,WDG3492,31,15,18,6,,52,A
367526620,2022-01-05T00:01:11,39.00408,-90.68970,0.0,238.9,511.0,LIBERTY,,WDG3492,31,15,18,6,,52,A
367526620,2022-01-05T00:02:21,39.00407,-90.68969,0.0,240.7,511.0,LIBERTY,,WDG3492,31,15,18,6,,52,A
367526620,2022-01-05T00:03:22,39.00408,-90.68966,0.0,241.8,511.0,LIBERTY,,WDG3492,31,15,18,6,,52,A
367526620,2022-01-05T00:04:32,39.00410,-90.68967,0.0,242.3,511.0,LIBERTY,,WDG3492,31,15,18,6,,52,A
367526620,2022-01-05T00:05:41,39.00413,-90.68962,0.0,243.6,511.0,LIBERTY,,WDG3492,31,15,18,6,,52,A
367526620,2022-01-05T00:06:51,39.00406,-90.68969,0.0,243.8,511.0,LIBERTY,,WDG3492,31,15,18,6,,52,A
367526620,2022-01-05T00:08:02,39.00406,-90.68965,0.0,243.2,511.0,LIBERTY,,WDG3492,31,15,18,6,,52,A
367526620,2022-01-05T00:11:11,39.00409,-90.68967,0.0,244.4,511.0,LIBERTY,,WDG3492,31,15,18,6,,52,A
367526620,2022-01-05T00:12:21,39.00410,-90.68971,0.0,246.0,511.0,LIBERTY,,WDG3492,31,15,18,6,,52,A
367526620,2022-01-05T00:13:31,39.00406,-90.68978,0.0,245.5,511.0,LIBERTY,,WDG3492,31,15,18,6,,52,A
367526620,2022-01-05T00:14:41,39.00408,-90.68963,0.0,247.4,511.0,LIBERTY,,WDG3492,31,15,18,6,,52,A
367526620,2022-01-05T00:15:51,39.00411,-90.68963,0.0,247.4,511.0,LIBERTY,,WDG3492,31,15,18,6,,52,A
367526620,2022-01-05T00:18:11,39.00409,-90.68962,0.0,246.7,511.0,LIBERTY,,WDG3492,31,15,18,6,,52,A
367526620,2022-01-05T00:19:21,39.00412,-90.68962,0.0,247.0,511.0,LIBERTY,,WDG3492,31,15,18,6,,52,A
367526620,2022-01-05T00:20:32,39.00411,-90.68962,0.0,247.9,511.0,LIBERTY,,WDG3492,31,15,18,6,,52,A
367526620,2022-01-05T00:23:51,39.00410,-90.68964,0.0,245.3,511.0,LIBERTY,,WDG3492,31,15,18,6,,52,A
367526620,2022-01-05T00:25:02,39.00408,-90.68962,0.0,249.8,511.0,LIBERTY,,WDG3492,31,15,18,6,,52,A
367526620,2022-01-05T00:26:12,39.00406,-90.68961,0.0,249.6,511.0,LIBERTY,,WDG3492,31,15,18,6,,52,A
367526620,2022-01-05T00:22:50,39.00410,-90.68963,0.0,245.7,511.0,LIBERTY,,WDG3492,31,15,18,6,,52,A
367526620,2022-01-05T00:28:22,39.00405,-90.68972,0.0,246.9,511.0,LIBERTY,,WDG3492,31,15,18,6,,52,A
367526620,2022-01-05T00:29:31,39.00406,-90.68967,0.0,249.6,511.0,LIBERTY,,WDG3492,31,15,18,6,,52,A
367526620,2022-01-05T00:30:42,39.00408,-90.68967,0.0,250.6,511.0,LIBERTY,,WDG3492,31,15,18,6,,52,A
367526620,2022-01-05T00:17:02,39.00409,-90.68966,0.0,248.6,511.0,LIBERTY,,WDG3492,31,15,18,6,,52,A
367526620,2022-01-05T00:31:51,39.00406,-90.68966,0.0,248.4,511.0,LIBERTY,,WDG3492,31,15,18,6,,52,A
367526620,2022-01-05T00:35:22,39.00406,-90.68966,0.0,249.6,511.0,LIBERTY,,WDG3492,31,15,18,6,,52,A
367526620,2022-01-05T00:33:02,39.00406,-90.68967,0.0,250.1,511.0,LIBERTY,,WDG3492,31,15,18,6,,52,A
367526620,2022-01-05T00:34:12,39.00407,-90.68967,0.0,250.2,511.0,LIBERTY,,WDG3492,31,15,18,6,,52,A
367526620,2022-01-05T00:37:42,39.00408,-90.68962,0.0,250.1,511.0,LIBERTY,,WDG3492,31,15,18,6,,52,A
367526620,2022-01-05T00:36:32,39.00408,-90.68964,0.0,247.9,511.0,LIBERTY,,WDG3492,31,15,18,6,,52,A
367526620,2022-01-05T00:40:02,39.00409,-90.68962,0.0,253.9,511.0,LIBERTY,,WDG3492,31,15,18,6,,52,A
367526620,2022-01-05T00:38:51,39.00407,-90.68962,0.0,255.0,511.0,LIBERTY,,WDG3492,31,15,18,6,,52,A
367526620,2022-01-05T00:41:12,39.00408,-90.68964,0.0,254.2,511.0,LIBERTY,,WDG3492,31,15,18,6,,52,A
367526620,2022-01-05T00:43:32,39.00411,-90.68961,0.0,257.3,511.0,LIBERTY,,WDG3492,31,15,18,6,,52,A
367526620,2022-01-05T00:21:42,39.00412,-90.68960,0.0,245.2,511.0,LIBERTY,,WDG3492,31,15,18,6,,52,A
367526620,2022-01-05T00:47:02,39.00409,-90.68964,0.0,267.7,511.0,LIBERTY,,WDG3492,31,15,18,6,,52,A
367526620,2022-01-05T00:44:41,39.00409,-90.68962,0.0,259.0,511.0,LIBERTY,,WDG3492,31,15,18,6,,52,A
367526620,2022-01-05T00:48:11,39.00408,-90.68963,0.0,271.8,511.0,LIBERTY,,WDG3492,31,15,18,6,,52,A
367526620,2022-01-05T00:50:31,39.00410,-90.68965,0.0,280.2,511.0,LIBERTY,,WDG3492,31,15,18,6,,52,A
367526620,2022-01-05T00:54:01,39.00408,-90.68963,0.0,285.3,511.0,LIBERTY,,WDG3492,31,15,18,6,,52,A
367526620,2022-01-05T00:49:22,39.00409,-90.68963,0.0,273.4,511.0,LIBERTY,,WDG3492,31,15,18,6,,52,A
367526620,2022-01-05T00:55:12,39.00408,-90.68963,0.0,285.7,511.0,LIBERTY,,WDG3492,31,15,18,6,,52,A
367526620,2022-01-05T01:03:31,39.00408,-90.68962,0.0,258.8,511.0,LIBERTY,,WDG3492,31,15,18,6,,52,A
367526620,2022-01-05T00:58:41,39.00406,-90.68964,0.0,292.0,511.0,LIBERTY,,WDG3492,31,15,18,6,,52,A
367526620,2022-01-05T01:00:01,39.00408,-90.68964,0.0,289.9,511.0,LIBERTY,,WDG3492,31,15,18,6,,52,A
367526620,2022-01-05T00:57:31,39.00409,-90.68961,0.0,288.3,511.0,LIBERTY,,WDG3492,31,15,18,6,,52,A
367526620,2022-01-05T00:59:52,39.00408,-90.68964,0.0,290.5,511.0,LIBERTY,,WDG3492,31,15,18,6,,52,A
367526620,2022-01-05T00:56:21,39.00409,-90.68960,0.0,290.6,511.0,LIBERTY,,WDG3492,31,15,18,6,,52,A
367526620,2022-01-05T01:04:42,39.00409,-90.68962,0.0,246.1,511.0,LIBERTY,,WDG3492,31,15,18,6,,52,A
367526620,2022-01-05T01:01:12,39.00410,-90.68960,0.0,276.3,511.0,LIBERTY,,WDG3492,31,15,18,6,,52,A
367526620,2022-01-05T01:08:11,39.00410,-90.68962,0.0,232.5,511.0,LIBERTY,,WDG3492,31,15,18,6,,52,A
367526620,2022-01-05T01:07:01,39.00408,-90.68961,0.0,238.2,511.0,LIBERTY,,WDG3492,31,15,18,6,,52,A
367526620,2022-01-05T00:27:21,39.00403,-90.68976,0.0,246.3,511.0,LIBERTY,,WDG3492,31,15,18,6,,52,A
367526620,2022-01-05T01:10:31,39.00408,-90.68961,0.0,224.7,511.0,LIBERTY,,WDG3492,31,15,18,6,,52,A
367526620,2022-01-05T01:11:32,39.00407,-90.68961,0.0,225.9,511.0,LIBERTY,,WDG3492,31,15,18,6,,52,A
367526620,2022-01-05T01:13:51,39.00403,-90.68952,0.0,247.1,511.0,LIBERTY,,WDG3492,31,15,18,6,,52,A
367526620,2022-01-05T01:05:52,39.00410,-90.68961,0.0,242.7,511.0,LIBERTY,,WDG3492,31,15,18,6,,52,A
367526620,2022-01-05T01:19:40,39.00405,-90.68960,0.0,261.9,511.0,LIBERTY,,WDG3492,31,15,18,6,,52,A
367526620,2022-01-05T01:09:21,39.00411,-90.68959,0.0,234.0,511.0,LIBERTY,,WDG3492,31,15,18,6,,52,A
367526620,2022-01-05T01:15:02,39.00407,-90.68964,0.0,247.3,511.0,LIBERTY,,WDG3492,31,15,18,6,,52,A
367526620,2022-01-05T01:20:51,39.00407,-90.68959,0.0,262.3,511.0,LIBERTY,,WDG3492,31,15,18,6,,52,A
367526620,2022-01-05T01:16:11,39.00406,-90.68958,0.1,252.4,511.0,LIBERTY,,WDG3492,31,15,18,6,,52,A
367526620,2022-01-05T01:17:22,39.00407,-90.68957,0.0,257.2,511.0,LIBERTY,,WDG3492,31,15,18,6,,52,A
367526620,2022-01-05T01:12:42,39.00406,-90.68959,0.0,231.7,511.0,LIBERTY,,WDG3492,31,15,18,6,,52,A
367526620,2022-01-05T01:23:11,39.00408,-90.68961,0.0,262.9,511.0,LIBERTY,,WDG3492,31,15,18,6,,52,A
367526620,2022-01-05T01:25:32,39.00406,-90.68961,0.0,258.4,511.0,LIBERTY,,WDG3492,31,15,18,6,,52,A
367526620,2022-01-05T01:26:41,39.00410,-90.68964,0.0,259.8,511.0,LIBERTY,,WDG3492,31,15,18,6,,52,A
367526620,2022-01-05T01:22:01,39.00408,-90.68962,0.0,261.5,511.0,LIBERTY,,WDG3492,31,15,18,6,,52,A
367526620,2022-01-05T01:27:42,39.00406,-90.68963,0.0,256.6,511.0,LIBERTY,,WDG3492,31,15,18,6,,52,A
367526620,2022-01-05T01:34:32,39.00408,-90.68961,0.0,287.8,511.0,LIBERTY,,WDG3492,31,15,18,6,,52,A
367526620,2022-01-05T01:33:22,39.00406,-90.68965,0.0,284.5,511.0,LIBERTY,,WDG3492,31,15,18,6,,52,A
367526620,2022-01-05T01:30:01,39.00405,-90.68968,0.0,269.7,511.0,LIBERTY,,WDG3492,31,15,18,6,,52,A
367526620,2022-01-05T01:35:41,39.00409,-90.68960,0.0,289.6,511.0,LIBERTY,,WDG3492,31,15,18,6,,52,A
367526620,2022-01-05T01:31:02,39.00406,-90.68968,0.0,275.8,511.0,LIBERTY,,WDG3492,31,15,18,6,,52,A
367526620,2022-01-05T01:28:52,39.00409,-90.68970,0.0,261.3,511.0,LIBERTY,,WDG3492,31,15,18,6,,52,A
367526620,2022-01-05T01:40:22,39.00409,-90.68965,0.0,295.4,511.0,LIBERTY,,WDG3492,31,15,18,6,,52,A
367526620,2022-01-05T01:45:01,39.00405,-90.68963,0.0,300.5,511.0,LIBERTY,,WDG3492,31,15,18,6,,52,A
367526620,2022-01-05T01:32:11,39.00408,-90.68970,0.0,278.1,511.0,LIBERTY,,WDG3492,31,15,18,6,,52,A
367526620,2022-01-05T00:42:22,39.00408,-90.68961,0.0,255.0,511.0,LIBERTY,,WDG3492,31,15,18,6,,52,A
367526620,2022-01-05T01:42:42,39.00406,-90.68967,0.0,294.8,511.0,LIBERTY,,WDG3492,31,15,18,6,,52,A
367526620,2022-01-05T01:36:50,39.00410,-90.68961,0.0,294.4,511.0,LIBERTY,,WDG3492,31,15,18,6,,52,A
367526620,2022-01-05T01:46:11,39.00407,-90.68965,0.0,300.4,511.0,LIBERTY,,WDG3492,31,15,18,6,,52,A
367526620,2022-01-05T01:47:22,39.00409,-90.68963,0.0,304.7,511.0,LIBERTY,,WDG3492,31,15,18,6,,52,A
367526620,2022-01-05T01:49:41,39.00408,-90.68967,0.0,305.7,511.0,LIBERTY,,WDG3492,31,15,18,6,,52,A
367526620,2022-01-05T01:41:32,39.00406,-90.68961,0.0,297.4,511.0,LIBERTY,,WDG3492,31,15,18,6,,52,A
367526620,2022-01-05T01:38:01,39.00411,-90.68960,0.0,295.2,511.0,LIBERTY,,WDG3492,31,15,18,6,,52,A
367526620,2022-01-05T01:48:31,39.00407,-90.68969,0.0,303.1,511.0,LIBERTY,,WDG3492,31,15,18,6,,52,A
367526620,2022-01-05T01:52:02,39.00403,-90.68966,0.0,298.3,511.0,LIBERTY,,WDG3492,31,15,18,6,,52,A
367526620,2022-01-05T01:50:52,39.00409,-90.68963,0.0,303.4,511.0,LIBERTY,,WDG3492,31,15,18,6,,52,A
367526620,2022-01-05T00:45:51,39.00408,-90.68963,0.0,264.3,511.0,LIBERTY,,WDG3492,31,15,18,6,,52,A
367526620,2022-01-05T01:53:10,39.00405,-90.68969,0.0,289.8,511.0,LIBERTY,,WDG3492,31,15,18,6,,52,A
367526620,2022-01-05T02:00:00,39.00407,-90.68965,0.0,285.1,511.0,LIBERTY,,WDG3492,31,15,18,6,,52,A
367526620,2022-01-05T01:57:51,39.00408,-90.68963,0.0,287.8,511.0,LIBERTY,,WDG3492,31,15,18,6,,52,A
367526620,2022-01-05T02:02:21,39.00410,-90.68965,0.0,284.2,511.0,LIBERTY,,WDG3492,31,15,18,6,,52,A
367526620,2022-01-05T01:59:00,39.00410,-90.68963,0.0,289.1,511.0,LIBERTY,,WDG3492,31,15,18,6,,52,A
367526620,2022-01-05T00:51:41,39.00410,-90.68964,0.0,282.3,511.0,LIBERTY,,WDG3492,31,15,18,6,,52,A
367526620,2022-01-05T02:04:42,39.00409,-90.68964,0.0,290.3,511.0,LIBERTY,,WDG3492,31,15,18,6,,52,A
367526620,2022-01-05T01:54:22,39.00407,-90.68963,0.0,285.6,511.0,LIBERTY,,WDG3492,31,15,18,6,,52,A
367526620,2022-01-05T00:52:52,39.00408,-90.68964,0.0,285.0,511.0,LIBERTY,,WDG3492,31,15,18,6,,52,A
367526620,2022-01-05T01:56:42,39.00411,-90.68962,0.0,288.6,511.0,LIBERTY,,WDG3492,31,15,18,6,,52,A
367526620,2022-01-05T02:09:22,39.00413,-90.68966,0.0,293.1,511.0,LIBERTY,,WDG3492,31,15,18,6,,52,A
367526620,2022-01-05T02:03:32,39.00409,-90.68966,0.0,285.4,511.0,LIBERTY,,WDG3492,31,15,18,6,,52,A
367526620,2022-01-05T02:07:02,39.00410,-90.68959,0.0,301.5,511.0,LIBERTY,,WDG3492,31,15,18,6,,52,A
367526620,2022-01-05T02:01:12,39.00407,-90.68964,0.0,279.5,511.0,LIBERTY,,WDG3492,31,15,18,6,,52,A
367526620,2022-01-05T02:12:52,39.00413,-90.68964,0.0,286.3,511.0,LIBERTY,,WDG3492,31,15,18,6,,52,A
367526620,2022-01-05T02:08:12,39.00409,-90.68963,0.0,296.2,511.0,LIBERTY,,WDG3492,31,15,18,6,,52,A
367526620,2022-01-05T02:05:52,39.00406,-90.68961,0.0,293.6,511.0,LIBERTY,,WDG3492,31,15,18,6,,52,A
367526620,2022-01-05T02:10:31,39.00412,-90.68965,0.0,287.3,511.0,LIBERTY,,WDG3492,31,15,18,6,,52,A
367526620,2022-01-05T02:17:32,39.00405,-90.68968,0.0,282.3,511.0,LIBERTY,,WDG3492,31,15,18,6,,52,A
367526620,2022-01-05T02:18:41,39.00409,-90.68965,0.0,279.9,511.0,LIBERTY,,WDG3492,31,15,18,6,,52,A
367526620,2022-01-05T02:23:22,39.00410,-90.68964,0.0,273.3,511.0,LIBERTY,,WDG3492,31,15,18,6,,52,A
367526620,2022-01-05T02:15:12,39.00409,-90.68967,0.0,277.6,511.0,LIBERTY,,WDG3492,31,15,18,6,,52,A
367526620,2022-01-05T02:26:52,39.00406,-90.68963,0.0,268.9,511.0,LIBERTY,,WDG3492,31,15,18,6,,52,A
367526620,2022-01-05T02:14:02,39.00409,-90.68963,0.0,280.5,511.0,LIBERTY,,WDG3492,31,15,18,6,,52,A
367526620,2022-01-05T02:28:01,39.00405,-90.68963,0.0,266.6,511.0,LIBERTY,,WDG3492,31,15,18,6,,52,A
367526620,2022-01-05T02:16:22,39.00410,-90.68963,0.0,283.8,511.0,LIBERTY,,WDG3492,31,15,18,6,,52,A
367526620,2022-01-05T02:21:01,39.00405,-90.68970,0.0,281.3,511.0,LIBERTY,,WDG3492,31,15,18,6,,52,A
367526620,2022-01-05T02:19:52,39.00401,-90.68980,0.0,282.9,511.0,LIBERTY,,WDG3492,31,15,18,6,,52,A
367526620,2022-01-05T02:32:31,39.00404,-90.68963,0.0,262.2,511.0,LIBERTY,,WDG3492,31,15,18,6,,52,A
367526620,2022-01-05T02:25:42,39.00408,-90.68964,0.0,265.3,511.0,LIBERTY,,WDG3492,31,15,18,6,,52,A
367526620,2022-01-05T02:22:11,39.00409,-90.68963,0.0,277.5,511.0,LIBERTY,,WDG3492,31,15,18,6,,52,A
367526620,2022-01-05T02:34:51,39.00408,-90.68959,0.0,266.8,511.0,LIBERTY,,WDG3492,31,15,18,6,,52,A
367526620,2022-01-05T02:30:12,39.00413,-90.68963,0.0,261.1,511.0,LIBERTY,,WDG3492,31,15,18,6,,52,A
367526620,2022-01-05T02:24:31,39.00411,-90.68962,0.0,270.0,511.0,LIBERTY,,WDG3492,31,15,18,6,,52,A
367526620,2022-01-05T02:31:22,39.00407,-90.68962,0.0,264.0,511.0,LIBERTY,,WDG3492,31,15,18,6,,52,A
367526620,2022-01-05T01:02:21,39.00409,-90.68959,0.0,267.9,511.0,LIBERTY,,WDG3492,31,15,18,6,,52,A
367526620,2022-01-05T02:38:22,39.00406,-90.68963,0.0,270.6,511.0,LIBERTY,,WDG3492,31,15,18,6,,52,A
367526620,2022-01-05T02:29:02,39.00408,-90.68963,0.0,254.2,511.0,LIBERTY,,WDG3492,31,15,18,6,,52,A
367526620,2022-01-05T02:36:01,39.00407,-90.68959,0.0,269.3,511.0,LIBERTY,,WDG3492,31,15,18,6,,52,A
367526620,2022-01-05T02:37:11,39.00410,-90.68962,0.0,271.9,511.0,LIBERTY,,WDG3492,31,15,18,6,,52,A
367526620,2022-01-05T02:41:51,39.00404,-90.68959,0.0,275.8,511.0,LIBERTY,,WDG3492,31,15,18,6,,52,A
367526620,2022-01-05T02:44:22,39.00410,-90.68961,0.0,281.0,511.0,LIBERTY,,WDG3492,31,15,18,6,,52,A
367526620,2022-01-05T02:45:30,39.00410,-90.68963,0.0,285.1,511.0,LIBERTY,,WDG3492,31,15,18,6,,52,A
367526620,2022-01-05T02:40:42,39.00404,-90.68962,0.0,272.7,511.0,LIBERTY,,WDG3492,31,15,18,6,,52,A
367526620,2022-01-05T02:50:11,39.00406,-90.68966,0.0,253.5,511.0,LIBERTY,,WDG3492,31,15,18,6,,52,A
367526620,2022-01-05T02:43:11,39.00409,-90.68964,0.0,276.9,511.0,LIBERTY,,WDG3492,31,15,18,6,,52,A
367526620,2022-01-05T02:51:21,39.00406,-90.68966,0.0,247.2,511.0,LIBERTY,,WDG3492,31,15,18,6,,52,A
367526620,2022-01-05T02:47:52,39.00407,-90.68966,0.0,274.2,511.0,LIBERTY,,WDG3492,31,15,18,6,,52,A
367526620,2022-01-05T02:46:41,39.00399,-90.68968,0.0,285.6,511.0,LIBERTY,,WDG3492,31,15,18,6,,52,A
367526620,2022-01-05T02:49:02,39.00404,-90.68965,0.1,260.0,511.0,LIBERTY,,WDG3492,31,15,18,6,,52,A
367526620,2022-01-05T02:53:41,39.00406,-90.68963,0.0,239.5,511.0,LIBERTY,,WDG3492,31,15,18,6,,52,A
367526620,2022-01-05T02:54:51,39.00407,-90.68963,0.0,236.8,511.0,LIBERTY,,WDG3492,31,15,18,6,,52,A
367526620,2022-01-05T03:01:02,39.00410,-90.68962,0.0,256.3,511.0,LIBERTY,,WDG3492,31,15,18,6,,52,A
367526620,2022-01-05T03:02:11,39.00408,-90.68963,0.0,254.6,511.0,LIBERTY,,WDG3492,31,15,18,6,,52,A
367526620,2022-01-05T02:56:01,39.00411,-90.68964,0.0,234.5,511.0,LIBERTY,,WDG3492,31,15,18,6,,52,A
367526620,2022-01-05T03:03:22,39.00406,-90.68963,0.0,262.6,511.0,LIBERTY,,WDG3492,31,15,18,6,,52,A
367526620,2022-01-05T02:57:11,39.00408,-90.68962,0.0,237.5,511.0,LIBERTY,,WDG3492,31,15,18,6,,52,A
367526620,2022-01-05T03:00:01,39.00407,-90.68962,0.0,253.5,511.0,LIBERTY,,WDG3492,31,15,18,6,,52,A
367526620,2022-01-05T02:58:21,39.00409,-90.68963,0.0,244.2,511.0,LIBERTY,,WDG3492,31,15,18,6,,52,A
367526620,2022-01-05T02:59:22,39.00406,-90.68963,0.0,251.8,511.0,LIBERTY,,WDG3492,31,15,18,6,,52,A
367526620,2022-01-05T03:04:31,39.00410,-90.68964,0.0,268.2,511.0,LIBERTY,,WDG3492,31,15,18,6,,52,A
367526620,2022-01-05T03:09:12,39.00409,-90.68965,0.0,267.7,511.0,LIBERTY,,WDG3492,31,15,18,6,,52,A
367526620,2022-01-05T01:18:32,39.00408,-90.68962,0.0,259.6,511.0,LIBERTY,,WDG3492,31,15,18,6,,52,A
367526620,2022-01-05T03:05:41,39.00409,-90.68959,0.0,266.9,511.0,LIBERTY,,WDG3492,31,15,18,6,,52,A
367526620,2022-01-05T03:08:02,39.00408,-90.68963,0.0,273.1,511.0,LIBERTY,,WDG3492,31,15,18,6,,52,A
367526620,2022-01-05T03:06:52,39.00408,-90.68964,0.0,268.7,511.0,LIBERTY,,WDG3492,31,15,18,6,,52,A
367526620,2022-01-05T03:10:21,39.00411,-90.68967,0.0,264.2,511.0,LIBERTY,,WDG3492,31,15,18,6,,52,A
367526620,2022-01-05T03:18:31,39.00406,-90.68959,0.0,277.5,511.0,LIBERTY,,WDG3492,31,15,18,6,,52,A
367526620,2022-01-05T03:22:01,39.00409,-90.68962,0.0,278.2,511.0,LIBERTY,,WDG3492,31,15,18,6,,52,A
367526620,2022-01-05T03:11:32,39.00408,-90.68967,0.0,267.2,511.0,LIBERTY,,WDG3492,31,15,18,6,,52,A
367526620,2022-01-05T03:16:11,39.00408,-90.68963,0.0,270.4,511.0,LIBERTY,,WDG3492,31,15,18,6,,52,A
367526620,2022-01-05T03:12:42,39.00406,-90.68962,0.0,269.7,511.0,LIBERTY,,WDG3492,31,15,18,6,,52,A
367526620,2022-01-05T03:17:22,39.00408,-90.68962,0.0,275.6,511.0,LIBERTY,,WDG3492,31,15,18,6,,52,A
367526620,2022-01-05T03:15:02,39.00408,-90.68964,0.0,271.6,511.0,LIBERTY,,WDG3492,31,15,18,6,,52,A
367526620,2022-01-05T03:13:52,39.00407,-90.68962,0.0,270.9,511.0,LIBERTY,,WDG3492,31,15,18,6,,52,A
367526620,2022-01-05T03:19:41,39.00408,-90.68957,0.0,274.9,511.0,LIBERTY,,WDG3492,31,15,18,6,,52,A
367526620,2022-01-05T03:23:12,39.00411,-90.68962,0.0,281.1,511.0,LIBERTY,,WDG3492,31,15,18,6,,52,A
367526620,2022-01-05T03:20:51,39.00408,-90.68957,0.0,277.2,511.0,LIBERTY,,WDG3492,31,15,18,6,,52,A
367526620,2022-01-05T01:24:21,39.00406,-90.68958,0.0,261.3,511.0,LIBERTY,,WDG3492,31,15,18,6,,52,A
367526620,2022-01-05T03:29:01,39.00411,-90.68967,0.0,282.0,511.0,LIBERTY,,WDG3492,31,15,18,6,,52,A
367526620,2022-01-05T03:30:12,39.00409,-90.68969,0.0,284.0,511.0,LIBERTY,,WDG3492,31,15,18,6,,52,A
367526620,2022-01-05T03:33:42,39.00407,-90.68963,0.0,283.3,511.0,LIBERTY,,WDG3492,31,15,18,6,,52,A
367526620,2022-01-05T03:24:21,39.00410,-90.68963,0.0,281.1,511.0,LIBERTY,,WDG3492,31,15,18,6,,52,A
367526620,2022-01-05T03:34:52,39.00407,-90.68963,0.0,281.6,511.0,LIBERTY,,WDG3492,31,15,18,6,,52,A
367526620,2022-01-05T03:26:42,39.00409,-90.68969,0.0,285.1,511.0,LIBERTY,,WDG3492,31,15,18,6,,52,A
367526620,2022-01-05T03:45:21,39.00408,-90.68962,0.0,260.6,511.0,LIBERTY,,WDG3492,31,15,18,6,,52,A
367526620,2022-01-05T03:32:31,39.00410,-90.68965,0.0,285.2,511.0,LIBERTY,,WDG3492,31,15,18,6,,52,A
367526620,2022-01-05T03:41:52,39.00409,-90.68965,0.0,275.6,511.0,LIBERTY,,WDG3492,31,15,18,6,,52,A
367526620,2022-01-05T03:31:22,39.00407,-90.68968,0.0,280.2,511.0,LIBERTY,,WDG3492,31,15,18,6,,52,A
367526620,2022-01-05T03:39:31,39.00408,-90.68963,0.0,281.8,511.0,LIBERTY,,WDG3492,31,15,18,6,,52,A
367526620,2022-01-05T03:40:41,39.00407,-90.68962,0.0,284.6,511.0,LIBERTY,,WDG3492,31,15,18,6,,52,A
367526620,2022-01-05T03:36:01,39.00404,-90.68964,0.0,284.1,511.0,LIBERTY,,WDG3492,31,15,18,6,,52,A
367526620,2022-01-05T03:43:01,39.00409,-90.68965,0.0,267.2,511.0,LIBERTY,,WDG3492,31,15,18,6,,52,A
367526620,2022-01-05T03:37:12,39.00405,-90.68960,0.0,282.9,511.0,LIBERTY,,WDG3492,31,15,18,6,,52,A
367526620,2022-01-05T03:53:31,39.00408,-90.68963,0.0,251.9,511.0,LIBERTY,,WDG3492,31,15,18,6,,52,A
367526620,2022-01-05T03:38:21,39.00404,-90.68962,0.0,278.9,511.0,LIBERTY,,WDG3492,31,15,18,6,,52,A
367526620,2022-01-05T03:51:11,39.00412,-90.68963,0.0,254.6,511.0,LIBERTY,,WDG3492,31,15,18,6,,52,A
367526620,2022-01-05T03:54:41,39.00410,-90.68960,0.0,250.5,511.0,LIBERTY,,WDG3492,31,15,18,6,,52,A
367526620,2022-01-05T03:44:11,39.00408,-90.68963,0.0,264.4,511.0,LIBERTY,,WDG3492,31,15,18,6,,52,A
367526620,2022-01-05T03:57:02,39.00409,-90.68966,0.0,250.7,511.0,LIBERTY,,WDG3492,31,15,18,6,,52,A
367526620,2022-01-05T03:58:11,39.00409,-90.68964,0.0,251.6,511.0,LIBERTY,,WDG3492,31,15,18,6,,52,A
367526620,2022-01-05T03:52:22,39.00410,-90.68963,0.0,255.6,511.0,LIBERTY,,WDG3492,31,15,18,6,,52,A
367526620,2022-01-05T03:46:32,39.00412,-90.68964,0.0,260.0,511.0,LIBERTY,,WDG3492,31,15,18,6,,52,A
367526620,2022-01-05T03:59:21,39.00409,-90.68962,0.0,250.6,511.0,LIBERTY,,WDG3492,31,15,18,6,,52,A
367526620,2022-01-05T03:55:52,39.00411,-90.68961,0.0,253.6,511.0,LIBERTY,,WDG3492,31,15,18,6,,52,A
367526620,2022-01-05T04:01:11,39.00410,-90.68966,0.0,248.7,511.0,LIBERTY,,WDG3492,31,15,18,6,,52,A
367526620,2022-01-05T04:04:31,39.00405,-90.68962,0.0,248.6,511.0,LIBERTY,,WDG3492,31,15,18,6,,52,A
367526620,2022-01-05T04:06:51,39.00407,-90.68960,0.0,247.1,511.0,LIBERTY,,WDG3492,31,15,18,6,,52,A
367526620,2022-01-05T04:08:02,39.00404,-90.68959,0.0,246.1,511.0,LIBERTY,,WDG3492,31,15,18,6,,52,A
367526620,2022-01-05T04:00:02,39.00410,-90.68963,0.0,251.1,511.0,LIBERTY,,WDG3492,31,15,18,6,,52,A
367526620,2022-01-05T04:02:12,39.00407,-90.68960,0.0,251.9,511.0,LIBERTY,,WDG3492,31,15,18,6,,52,A
367526620,2022-01-05T04:18:32,39.00404,-90.68963,0.0,251.8,511.0,LIBERTY,,WDG3492,31,15,18,6,,52,A
367526620,2022-01-05T04:03:22,39.00404,-90.68963,0.0,248.7,511.0,LIBERTY,,WDG3492,31,15,18,6,,52,A
367526620,2022-01-05T01:39:12,39.00410,-90.68960,0.0,293.6,511.0,LIBERTY,,WDG3492,31,15,18,6,,52,A
367526620,2022-01-05T04:11:31,39.00398,-90.68962,0.0,242.3,511.0,LIBERTY,,WDG3492,31,15,18,6,,52,A
367526620,2022-01-05T04:12:42,39.00395,-90.68965,0.0,241.3,511.0,LIBERTY,,WDG3492,31,15,18,6,,52,A
367526620,2022-01-05T04:23:12,39.00408,-90.68962,0.0,271.5,511.0,LIBERTY,,WDG3492,31,15,18,6,,52,A
367526620,2022-01-05T04:13:51,39.00391,-90.68962,0.0,245.1,511.0,LIBERTY,,WDG3492,31,15,18,6,,52,A
367526620,2022-01-05T04:24:21,39.00408,-90.68961,0.0,272.4,511.0,LIBERTY,,WDG3492,31,15,18,6,,52,A
367526620,2022-01-05T04:15:02,39.00400,-90.68964,0.0,244.0,511.0,LIBERTY,,WDG3492,31,15,18,6,,52,A
367526620,2022-01-05T04:17:22,39.00402,-90.68962,0.0,251.8,511.0,LIBERTY,,WDG3492,31,15,18,6,,52,A
367526620,2022-01-05T04:09:11,39.00407,-90.68961,0.0,246.5,511.0,LIBERTY,,WDG3492,31,15,18,6,,52,A
367526620,2022-01-05T01:43:51,39.00404,-90.68965,0.0,297.7,511.0,LIBERTY,,WDG3492,31,15,18,6,,52,A
367526620,2022-01-05T04:22:02,39.00406,-90.68959,0.0,268.9,511.0,LIBERTY,,WDG3492,31,15,18,6,,52,A
367526620,2022-01-05T04:31:22,39.00408,-90.68962,0.0,292.5,511.0,LIBERTY,,WDG3492,31,15,18,6,,52,A
367526620,2022-01-05T04:25:31,39.00408,-90.68959,0.0,271.0,511.0,LIBERTY,,WDG3492,31,15,18,6,,52,A
367526620,2022-01-05T04:26:41,39.00406,-90.68962,0.0,269.0,511.0,LIBERTY,,WDG3492,31,15,18,6,,52,A
367526620,2022-01-05T04:16:12,39.00400,-90.68961,0.0,247.1,511.0,LIBERTY,,WDG3492,31,15,18,6,,52,A
367526620,2022-01-05T04:36:02,39.00405,-90.68962,0.0,312.7,511.0,LIBERTY,,WDG3492,31,15,18,6,,52,A
367526620,2022-01-05T04:27:51,39.00407,-90.68958,0.0,271.4,511.0,LIBERTY,,WDG3492,31,15,18,6,,52,A
367526620,2022-01-05T04:38:11,39.00406,-90.68962,0.0,308.2,511.0,LIBERTY,,WDG3492,31,15,18,6,,52,A
367526620,2022-01-05T04:20:50,39.00408,-90.68961,0.0,265.6,511.0,LIBERTY,,WDG3492,31,15,18,6,,52,A
367526620,2022-01-05T04:40:31,39.00412,-90.68968,0.0,309.6,511.0,LIBERTY,,WDG3492,31,15,18,6,,52,A
367526620,2022-01-05T04:33:41,39.00405,-90.68960,0.0,302.6,511.0,LIBERTY,,WDG3492,31,15,18,6,,52,A
367526620,2022-01-05T04:45:12,39.00405,-90.68962,0.0,290.8,511.0,LIBERTY,,WDG3492,31,15,18,6,,52,A
367526620,2022-01-05T04:46:21,39.00408,-90.68964,0.0,286.7,511.0,LIBERTY,,WDG3492,31,15,18,6,,52,A
367526620,2022-01-05T04:34:52,39.00405,-90.68962,0.0,310.1,511.0,LIBERTY,,WDG3492,31,15,18,6,,52,A
367526620,2022-01-05T04:39:22,39.00411,-90.68963,0.0,310.9,511.0,LIBERTY,,WDG3492,31,15,18,6,,52,A
367526620,2022-01-05T04:30:11,39.00408,-90.68961,0.0,280.5,511.0,LIBERTY,,WDG3492,31,15,18,6,,52,A
367526620,2022-01-05T04:41:42,39.00409,-90.68964,0.0,307.6,511.0,LIBERTY,,WDG3492,31,15,18,6,,52,A
367526620,2022-01-05T04:32:31,39.00405,-90.68961,0.0,299.1,511.0,LIBERTY,,WDG3492,31,15,18,6,,52,A
367526620,2022-01-05T04:53:44,39.00409,-90.68963,0.0,334.4,511.0,LIBERTY,,WDG3492,31,15,18,6,,52,A
367526620,2022-01-05T04:52:12,39.00408,-90.68964,0.1,263.4,511.0,LIBERTY,,WDG3492,31,15,18,6,,52,A
367526620,2022-01-05T04:55:54,39.00407,-90.68962,0.2,353.1,511.0,LIBERTY,,WDG3492,31,15,18,6,,52,A
367526620,2022-01-05T04:37:10,39.00408,-90.68962,0.0,313.2,511.0,LIBERTY,,WDG3492,31,15,18,6,,52,A
367526620,2022-01-05T04:44:01,39.00413,-90.68963,0.0,303.1,511.0,LIBERTY,,WDG3492,31,15,18,6,,52,A
367526620,2022-01-05T05:02:25,39.00417,-90.68961,0.0,300.0,511.0,LIBERTY,,WDG3492,31,15,18,6,,52,A
367526620,2022-01-05T04:47:31,39.00412,-90.68963,0.0,282.5,511.0,LIBERTY,,WDG3492,31,15,18,6,,52,A
367526620,2022-01-05T01:55:32,39.00412,-90.68963,0.0,289.4,511.0,LIBERTY,,WDG3492,31,15,18,6,,52,A
367526620,2022-01-05T04:48:42,39.00413,-90.68963,0.0,272.9,511.0,LIBERTY,,WDG3492,31,15,18,6,,52,A
367526620,2022-01-05T04:49:51,39.00408,-90.68963,0.0,269.5,511.0,LIBERTY,,WDG3492,31,15,18,6,,52,A
367526620,2022-01-05T04:58:14,39.00416,-90.68963,0.0,330.6,511.0,LIBERTY,,WDG3492,31,15,18,6,,52,A
367526620,2022-01-05T04:54:45,39.00408,-90.68961,0.0,329.6,511.0,LIBERTY,,WDG3492,31,15,18,6,,52,A
367526620,2022-01-05T05:00:06,39.00415,-90.68962,0.0,321.0,511.0,LIBERTY,,WDG3492,31,15,18,6,,52,A
367526620,2022-01-05T05:10:35,39.00419,-90.68967,0.0,262.0,511.0,LIBERTY,,WDG3492,31,15,18,6,,52,A
367526620,2022-01-05T05:11:45,39.00417,-90.68965,0.0,262.6,511.0,LIBERTY,,WDG3492,31,15,18,6,,52,A
367526620,2022-01-05T04:51:02,39.00408,-90.68962,0.0,263.0,511.0,LIBERTY,,WDG3492,31,15,18,6,,52,A
367526620,2022-01-05T04:59:25,39.00419,-90.68962,0.0,326.1,511.0,LIBERTY,,WDG3492,31,15,18,6,,52,A
367526620,2022-01-05T05:05:56,39.00417,-90.68966,0.0,284.4,511.0,LIBERTY,,WDG3492,31,15,18,6,,52,A
367526620,2022-01-05T05:07:06,39.00419,-90.68966,0.0,276.6,511.0,LIBERTY,,WDG3492,31,15,18,6,,52,A
367526620,2022-01-05T05:04:44,39.00414,-90.68963,0.0,290.8,511.0,LIBERTY,,WDG3492,31,15,18,6,,52,A
367526620,2022-01-05T05:20:55,39.00550,-90.69087,3.8,335.7,511.0,LIBERTY,,WDG3492,31,15,18,6,,52,A
367526620,2022-01-05T05:03:35,39.00417,-90.68964,0.0,295.9,511.0,LIBERTY,,WDG3492,31,15,18,6,,52,A
367526620,2022-01-05T05:23:15,39.00759,-90.69214,3.5,330.3,511.0,LIBERTY,,WDG3492,31,15,18,6,,52,A
367526620,2022-01-05T05:14:06,39.00417,-90.68963,0.0,274.2,511.0,LIBERTY,,WDG3492,31,15,18,6,,52,A
367526620,2022-01-05T05:09:24,39.00416,-90.68965,0.0,271.7,511.0,LIBERTY,,WDG3492,31,15,18,6,,52,A
367526620,2022-01-05T05:16:24,39.00421,-90.68966,0.0,266.9,511.0,LIBERTY,,WDG3492,31,15,18,6,,52,A
367526620,2022-01-05T05:15:15,39.00416,-90.68963,0.0,269.9,511.0,LIBERTY,,WDG3492,31,15,18,6,,52,A
367526620,2022-01-05T05:17:25,39.00420,-90.68968,0.0,261.2,511.0,LIBERTY,,WDG3492,31,15,18,6,,52,A
367526620,2022-01-05T05:26:44,39.00894,-90.69330,0.3,328.6,511.0,LIBERTY,,WDG3492,31,15,18,6,,52,A
367526620,2022-01-05T05:18:35,39.00415,-90.68967,0.1,261.6,511.0,LIBERTY,,WDG3492,31,15,18,6,,52,A
367526620,2022-01-05T05:27:55,39.00899,-90.69338,0.2,280.2,511.0,LIBERTY,,WDG3492,31,15,18,6,,52,A
367526620,2022-01-05T05:32:35,39.00826,-90.69291,1.1,151.9,511.0,LIBERTY,,WDG3492,31,15,18,6,,52,A
367526620,2022-01-05T05:19:46,39.00446,-90.69009,3.3,320.2,511.0,LIBERTY,,WDG3492,31,15,18,6,,52,A
367526620,2022-01-05T05:33:45,39.00791,-90.69264,1.2,148.2,511.0,LIBERTY,,WDG3492,31,15,18,6,,52,A
367526620,2022-01-05T05:29:04,39.00898,-90.69335,0.2,169.9,511.0,LIBERTY,,WDG3492,31,15,18,6,,52,A
367526620,2022-01-05T05:24:26,39.00856,-90.69299,3.2,315.5,511.0,LIBERTY,,WDG3492,31,15,18,6,,52,A
367526620,2022-01-05T05:41:55,39.00520,-90.69061,2.0,155.6,511.0,LIBERTY,,WDG3492,31,15,18,6,,52,A
367526620,2022-01-05T02:11:41,39.00414,-90.68965,0.0,286.0,511.0,LIBERTY,,WDG3492,31,15,18,6,,52,A
367526620,2022-01-05T05:25:34,39.00880,-90.69328,0.9,358.9,511.0,LIBERTY,,WDG3492,31,15,18,6,,52,A
367526620,2022-01-05T05:43:06,39.00472,-90.69025,1.5,152.6,511.0,LIBERTY,,WDG3492,31,15,18,6,,52,A
367526620,2022-01-05T05:22:04,39.00657,-90.69150,3.6,341.5,511.0,LIBERTY,,WDG3492,31,15,18,6,,52,A
367526620,2022-01-05T05:30:15,39.00885,-90.69323,0.7,164.4,511.0,LIBERTY,,WDG3492,31,15,18,6,,52,A
367526620,2022-01-05T05:37:16,39.00695,-90.69184,1.3,151.7,511.0,LIBERTY,,WDG3492,31,15,18,6,,52,A
367526620,2022-01-05T05:34:55,39.00762,-90.69241,1.1,148.2,511.0,LIBERTY,,WDG3492,31,15,18,6,,52,A
367526620,2022-01-05T05:39:35,39.00614,-90.69122,1.9,141.3,511.0,LIBERTY,,WDG3492,31,15,18,6,,52,A
367526620,2022-01-05T05:36:06,39.00731,-90.69214,1.2,149.5,511.0,LIBERTY,,WDG3492,31,15,18,6,,52,A
367526620,2022-01-05T05:51:34,39.00405,-90.68976,0.1,171.9,511.0,LIBERTY,,WDG3492,31,15,18,6,,52,A
367526620,2022-01-05T05:31:25,39.00856,-90.69311,1.0,155.5,511.0,LIBERTY,,WDG3492,31,15,18,6,,52,A
367526620,2022-01-05T05:55:04,39.00411,-90.68965,0.1,219.4,511.0,LIBERTY,,WDG3492,31,15,18,6,,52,A
367526620,2022-01-05T05:38:25,39.00658,-90.69161,1.4,148.9,511.0,LIBERTY,,WDG3492,31,15,18,6,,52,A
367526620,2022-01-05T05:50:05,39.00408,-90.68966,0.0,234.2,511.0,LIBERTY,,WDG3492,31,15,18,6,,52,A
367526620,2022-01-05T06:04:45,39.00411,-90.68963,0.0,255.1,511.0,LIBERTY,,WDG3492,31,15,18,6,,52,A
367526620,2022-01-05T05:40:45,39.00565,-90.69090,1.7,159.7,511.0,LIBERTY,,WDG3492,31,15,18,6,,52,A
367526620,2022-01-05T05:45:25,39.00422,-90.68973,1.1,146.4,511.0,LIBERTY,,WDG3492,31,15,18,6,,52,A
367526620,2022-01-05T06:05:54,39.00409,-90.68965,0.0,256.6,511.0,LIBERTY,,WDG3492,31,15,18,6,,52,A
367526620,2022-01-05T05:46:34,39.00410,-90.68961,0.3,166.2,511.0,LIBERTY,,WDG3492,31,15,18,6,,52,A
367526620,2022-01-05T05:47:44,39.00407,-90.68964,0.0,207.6,511.0,LIBERTY,,WDG3492,31,15,18,6,,52,A
367526620,2022-01-05T05:48:55,39.00407,-90.68965,0.0,222.1,511.0,LIBERTY,,WDG3492,31,15,18,6,,52,A
367526620,2022-01-05T05:56:15,39.00408,-90.68964,0.0,233.6,511.0,LIBERTY,,WDG3492,31,15,18,6,,52,A
367526620,2022-01-05T05:53:54,39.00409,-90.68965,0.0,202.2,511.0,LIBERTY,,WDG3492,31,15,18,6,,52,A
367526620,2022-01-05T05:59:44,39.00410,-90.68963,0.0,244.2,511.0,LIBERTY,,WDG3492,31,15,18,6,,52,A
367526620,2022-01-05T05:52:43,39.00408,-90.68965,0.0,186.6,511.0,LIBERTY,,WDG3492,31,15,18,6,,52,A
367526620,2022-01-05T06:14:05,39.00410,-90.68966,0.0,271.1,511.0,LIBERTY,,WDG3492,31,15,18,6,,52,A
367526620,2022-01-05T06:02:24,39.00409,-90.68961,0.0,245.5,511.0,LIBERTY,,WDG3492,31,15,18,6,,52,A
367526620,2022-01-05T05:57:25,39.00410,-90.68964,0.0,232.0,511.0,LIBERTY,,WDG3492,31,15,18,6,,52,A
367526620,2022-01-05T06:10:34,39.00407,-90.68963,0.0,264.3,511.0,LIBERTY,,WDG3492,31,15,18,6,,52,A
367526620,2022-01-05T06:07:04,39.00409,-90.68962,0.0,256.1,511.0,LIBERTY,,WDG3492,31,15,18,6,,52,A
367526620,2022-01-05T06:00:04,39.00410,-90.68963,0.0,247.9,511.0,LIBERTY,,WDG3492,31,15,18,6,,52,A
367526620,2022-01-05T06:09:24,39.00408,-90.68961,0.0,262.1,511.0,LIBERTY,,WDG3492,31,15,18,6,,52,A
367526620,2022-01-05T06:08:15,39.00410,-90.68961,0.0,262.0,511.0,LIBERTY,,WDG3492,31,15,18,6,,52,A
367526620,2022-01-05T06:01:14,39.00410,-90.68964,0.0,248.6,511.0,LIBERTY,,WDG3492,31,15,18,6,,52,A
367526620,2022-01-05T06:03:34,39.00412,-90.68963,0.0,253.9,511.0,LIBERTY,,WDG3492,31,15,18,6,,52,A
367526620,2022-01-05T02:33:41,39.00409,-90.68962,0.0,264.6,511.0,LIBERTY,,WDG3492,31,15,18,6,,52,A
367526620,2022-01-05T06:16:24,39.00409,-90.68964,0.0,275.8,511.0,LIBERTY,,WDG3492,31,15,18,6,,52,A
367526620,2022-01-05T06:11:45,39.00406,-90.68964,0.0,264.8,511.0,LIBERTY,,WDG3492,31,15,18,6,,52,A
367526620,2022-01-05T06:17:35,39.00409,-90.68961,0.0,278.0,511.0,LIBERTY,,WDG3492,31,15,18,6,,52,A
367526620,2022-01-05T06:21:05,39.00408,-90.68961,0.0,286.2,511.0,LIBERTY,,WDG3492,31,15,18,6,,52,A
367526620,2022-01-05T06:36:04,39.00413,-90.68964,0.0,305.1,511.0,LIBERTY,,WDG3492,31,15,18,6,,52,A
367526620,2022-01-05T06:12:54,39.00405,-90.68965,0.0,268.5,511.0,LIBERTY,,WDG3492,31,15,18,6,,52,A
367526620,2022-01-05T06:18:44,39.00406,-90.68963,0.0,280.1,511.0,LIBERTY,,WDG3492,31,15,18,6,,52,A
367526620,2022-01-05T06:22:15,39.00406,-90.68964,0.0,288.2,511.0,LIBERTY,,WDG3492,31,15,18,6,,52,A
367526620,2022-01-05T06:40:44,39.00405,-90.68963,0.0,314.9,511.0,LIBERTY,,WDG3492,31,15,18,6,,52,A
367526620,2022-01-05T06:29:04,39.00412,-90.68960,0.0,293.9,511.0,LIBERTY,,WDG3492,31,15,18,6,,52,A
367526620,2022-01-05T06:30:14,39.00414,-90.68962,0.0,294.1,511.0,LIBERTY,,WDG3492,31,15,18,6,,52,A
367526620,2022-01-05T06:24:34,39.00402,-90.68959,0.0,293.8,511.0,LIBERTY,,WDG3492,31,15,18,6,,52,A
367526620,2022-01-05T06:43:04,39.00406,-90.68964,0.0,290.2,511.0,LIBERTY,,WDG3492,31,15,18,6,,52,A
367526620,2022-01-05T06:33:45,39.00413,-90.68966,0.0,300.3,511.0,LIBERTY,,WDG3492,31,15,18,6,,52,A
367526620,2022-01-05T06:27:54,39.00412,-90.68969,0.0,296.7,511.0,LIBERTY,,WDG3492,31,15,18,6,,52,A
367526620,2022-01-05T06:25:35,39.00410,-90.68959,0.0,294.0,511.0,LIBERTY,,WDG3492,31,15,18,6,,52,A
367526620,2022-01-05T06:48:44,39.00405,-90.68964,0.0,224.0,511.0,LIBERTY,,WDG3492,31,15,18,6,,52,A
367526620,2022-01-05T06:32:34,39.00410,-90.68966,0.0,301.2,511.0,LIBERTY,,WDG3492,31,15,18,6,,52,A
367526620,2022-01-05T06:37:14,39.00410,-90.68965,0.0,305.3,511.0,LIBERTY,,WDG3492,31,15,18,6,,52,A
367526620,2022-01-05T06:31:25,39.00413,-90.68965,0.1,296.5,511.0,LIBERTY,,WDG3492,31,15,18,6,,52,A
367526620,2022-01-05T02:39:31,39.00405,-90.68964,0.0,270.5,511.0,LIBERTY,,WDG3492,31,15,18,6,,52,A
367526620,2022-01-05T06:38:24,39.00412,-90.68964,0.0,308.8,511.0,LIBERTY,,WDG3492,31,15,18,6,,52,A
367526620,2022-01-05T06:34:54,39.00411,-90.68962,0.0,301.6,511.0,LIBERTY,,WDG3492,31,15,18,6,,52,A
367526620,2022-01-05T06:41:54,39.00406,-90.68964,0.0,311.3,511.0,LIBERTY,,WDG3492,31,15,18,6,,52,A
367526620,2022-01-05T06:51:04,39.00406,-90.68965,0.0,220.1,511.0,LIBERTY,,WDG3492,31,15,18,6,,52,A
367526620,2022-01-05T06:55:44,39.00408,-90.68965,0.0,207.8,511.0,LIBERTY,,WDG3492,31,15,18,6,,52,A
367526620,2022-01-05T06:44:14,39.00407,-90.68963,0.0,276.4,511.0,LIBERTY,,WDG3492,31,15,18,6,,52,A
367526620,2022-01-05T07:03:34,39.00409,-90.68962,0.0,199.8,511.0,LIBERTY,,WDG3492,31,15,18,6,,52,A
367526620,2022-01-05T06:45:15,39.00404,-90.68964,0.0,273.9,511.0,LIBERTY,,WDG3492,31,15,18,6,,52,A
367526620,2022-01-05T06:47:35,39.00406,-90.68962,0.0,234.1,511.0,LIBERTY,,WDG3492,31,15,18,6,,52,A
367526620,2022-01-05T07:05:54,39.00407,-90.68963,0.0,198.7,511.0,LIBERTY,,WDG3492,31,15,18,6,,52,A
367526620,2022-01-05T06:54:35,39.00408,-90.68965,0.0,203.6,511.0,LIBERTY,,WDG3492,31,15,18,6,,52,A
367526620,2022-01-05T07:06:55,39.00406,-90.68963,0.0,194.8,511.0,LIBERTY,,WDG3492,31,15,18,6,,52,A
367526620,2022-01-05T07:01:15,39.00407,-90.68958,0.0,211.7,511.0,LIBERTY,,WDG3492,31,15,18,6,,52,A
367526620,2022-01-05T06:49:54,39.00405,-90.68966,0.0,218.0,511.0,LIBERTY,,WDG3492,31,15,18,6,,52,A
367526620,2022-01-05T06:59:15,39.00407,-90.68963,0.0,216.8,511.0,LIBERTY,,WDG3492,31,15,18,6,,52,A
367526620,2022-01-05T07:09:14,39.00407,-90.68962,0.0,193.2,511.0,LIBERTY,,WDG3492,31,15,18,6,,52,A
367526620,2022-01-05T07:02:24,39.00407,-90.68961,0.0,206.3,511.0,LIBERTY,,WDG3492,31,15,18,6,,52,A
367526620,2022-01-05T02:52:31,39.00407,-90.68963,0.0,241.4,511.0,LIBERTY,,WDG3492,31,15,18,6,,52,A
367526620,2022-01-05T06:53:24,39.00408,-90.68965,0.0,210.9,511.0,LIBERTY,,WDG3492,31,15,18,6,,52,A
367526620,2022-01-05T07:13:53,39.00401,-90.68964,0.0,215.4,511.0,LIBERTY,,WDG3492,31,15,18,6,,52,A
367526620,2022-01-05T07:04:44,39.00407,-90.68963,0.0,201.1,511.0,LIBERTY,,WDG3492,31,15,18,6,,52,A
367526620,2022-01-05T07:12:44,39.00404,-90.68963,0.0,210.3,511.0,LIBERTY,,WDG3492,31,15,18,6,,52,A
367526620,2022-01-05T06:58:05,39.00407,-90.68962,0.0,205.3,511.0,LIBERTY,,WDG3492,31,15,18,6,,52,A
367526620,2022-01-05T07:08:04,39.00408,-90.68961,0.0,192.7,511.0,LIBERTY,,WDG3492,31,15,18,6,,52,A
367526620,2022-01-05T07:00:05,39.00407,-90.68964,0.0,208.3,511.0,LIBERTY,,WDG3492,31,15,18,6,,52,A
367526620,2022-01-05T07:18:35,39.00408,-90.68963,0.0,218.7,511.0,LIBERTY,,WDG3492,31,15,18,6,,52,A
367526620,2022-01-05T07:11:34,39.00406,-90.68963,0.0,201.9,511.0,LIBERTY,,WDG3492,31,15,18,6,,52,A
367526620,2022-01-05T07:15:04,39.00402,-90.68964,0.0,217.5,511.0,LIBERTY,,WDG3492,31,15,18,6,,52,A
367526620,2022-01-05T07:16:14,39.00404,-90.68964,0.0,221.8,511.0,LIBERTY,,WDG3492,31,15,18,6,,52,A
367526620,2022-01-05T07:31:15,39.00403,-90.68963,0.0,228.9,511.0,LIBERTY,,WDG3492,31,15,18,6,,52,A
367526620,2022-01-05T07:22:04,39.00407,-90.68964,0.0,211.9,511.0,LIBERTY,,WDG3492,31,15,18,6,,52,A
367526620,2022-01-05T07:24:25,39.00407,-90.68962,0.0,216.0,511.0,LIBERTY,,WDG3492,31,15,18,6,,52,A
367526620,2022-01-05T07:35:44,39.00409,-90.68959,0.0,224.1,511.0,LIBERTY,,WDG3492,31,15,18,6,,52,A
367526620,2022-01-05T07:26:44,39.00407,-90.68962,0.0,221.2,511.0,LIBERTY,,WDG3492,31,15,18,6,,52,A
367526620,2022-01-05T07:25:34,39.00405,-90.68962,0.0,219.5,511.0,LIBERTY,,WDG3492,31,15,18,6,,52,A
367526620,2022-01-05T07:19:45,39.00406,-90.68961,0.0,207.3,511.0,LIBERTY,,WDG3492,31,15,18,6,,52,A
367526620,2022-01-05T07:39:13,39.00405,-90.68963,0.0,208.0,511.0,LIBERTY,,WDG3492,31,15,18,6,,52,A
367526620,2022-01-05T07:30:05,39.00408,-90.68961,0.0,225.1,511.0,LIBERTY,,WDG3492,31,15,18,6,,52,A
367526620,2022-01-05T07:27:53,39.00407,-90.68964,0.0,227.7,511.0,LIBERTY,,WDG3492,31,15,18,6,,52,A
367526620,2022-01-05T07:17:25,39.00405,-90.68964,0.0,214.6,511.0,LIBERTY,,WDG3492,31,15,18,6,,52,A
367526620,2022-01-05T07:29:04,39.00408,-90.68963,0.0,224.7,511.0,LIBERTY,,WDG3492,31,15,18,6,,52,A
367526620,2022-01-05T07:33:25,39.00405,-90.68960,0.0,228.7,511.0,LIBERTY,,WDG3492,31,15,18,6,,52,A
367526620,2022-01-05T07:42:44,39.00404,-90.68967,0.0,177.6,511.0,LIBERTY,,WDG3492,31,15,18,6,,52,A
367526620,2022-01-05T07:23:14,39.00404,-90.68966,0.0,213.9,511.0,LIBERTY,,WDG3492,31,15,18,6,,52,A
367526620,2022-01-05T07:46:15,39.00406,-90.68964,0.0,158.6,511.0,LIBERTY,,WDG3492,31,15,18,6,,52,A
367526620,2022-01-05T07:48:34,39.00405,-90.68966,0.0,145.0,511.0,LIBERTY,,WDG3492,31,15,18,6,,52,A
367526620,2022-01-05T07:49:44,39.00407,-90.68964,0.0,132.2,511.0,LIBERTY,,WDG3492,31,15,18,6,,52,A
367526620,2022-01-05T07:38:05,39.00406,-90.68962,0.0,214.6,511.0,LIBERTY,,WDG3492,31,15,18,6,,52,A
367526620,2022-01-05T07:32:24,39.00406,-90.68965,0.0,230.9,511.0,LIBERTY,,WDG3492,31,15,18,6,,52,A
367526620,2022-01-05T07:45:05,39.00406,-90.68965,0.0,169.5,511.0,LIBERTY,,WDG3492,31,15,18,6,,52,A
367526620,2022-01-05T07:55:24,39.00407,-90.68964,0.0,100.7,511.0,LIBERTY,,WDG3492,31,15,18,6,,52,A
367526620,2022-01-05T07:53:04,39.00406,-90.68963,0.0,114.9,511.0,LIBERTY,,WDG3492,31,15,18,6,,52,A
367526620,2022-01-05T07:41:34,39.00407,-90.68964,0.0,185.1,511.0,LIBERTY,,WDG3492,31,15,18,6,,52,A
367526620,2022-01-05T07:47:24,39.00404,-90.68963,0.0,152.2,511.0,LIBERTY,,WDG3492,31,15,18,6,,52,A
367526620,2022-01-05T07:57:45,39.00407,-90.68963,0.0,81.2,511.0,LIBERTY,,WDG3492,31,15,18,6,,52,A
367526620,2022-01-05T07:50:55,39.00405,-90.68964,0.0,124.4,511.0,LIBERTY,,WDG3492,31,15,18,6,,52,A
367526620,2022-01-05T08:08:04,39.00406,-90.68962,0.0,2.8,511.0,LIBERTY,,WDG3492,31,15,18,6,,52,A
367526620,2022-01-05T07:58:54,39.00409,-90.68964,0.0,66.5,511.0,LIBERTY,,WDG3492,31,15,18,6,,52,A
367526620,2022-01-05T08:11:35,39.00407,-90.68963,0.0,332.4,511.0,LIBERTY,,WDG3492,31,15,18,6,,52,A
367526620,2022-01-05T08:04:44,39.00404,-90.68964,0.0,34.8,511.0,LIBERTY,,WDG3492,31,15,18,6,,52,A
367526620,2022-01-05T07:52:03,39.00401,-90.68964,0.0,121.2,511.0,LIBERTY,,WDG3492,31,15,18,6,,52,A
367526620,2022-01-05T08:00:04,39.00406,-90.68965,0.0,64.7,511.0,LIBERTY,,WDG3492,31,15,18,6,,52,A
367526620,2022-01-05T08:12:45,39.00408,-90.68964,0.0,322.6,511.0,LIBERTY,,WDG3492,31,15,18,6,,52,A
367526620,2022-01-05T08:03:35,39.00402,-90.68964,0.0,47.5,511.0,LIBERTY,,WDG3492,31,15,18,6,,52,A
367526620,2022-01-05T08:06:55,39.00406,-90.68963,0.0,15.3,511.0,LIBERTY,,WDG3492,31,15,18,6,,52,A
367526620,2022-01-05T08:05:54,39.00405,-90.68964,0.0,24.3,511.0,LIBERTY,,WDG3492,31,15,18,6,,52,A
367526620,2022-01-05T08:01:15,39.00406,-90.68963,0.0,52.0,511.0,LIBERTY,,WDG3492,31,15,18,6,,52,A
367526620,2022-01-05T08:02:24,39.00404,-90.68963,0.0,52.3,511.0,LIBERTY,,WDG3492,31,15,18,6,,52,A
367526620,2022-01-05T08:24:25,39.00407,-90.68967,0.0,263.1,511.0,LIBERTY,,WDG3492,31,15,18,6,,52,A
367526620,2022-01-05T08:10:25,39.00408,-90.68962,0.0,340.8,511.0,LIBERTY,,WDG3492,31,15,18,6,,52,A
367526620,2022-01-05T08:16:14,39.00409,-90.68967,0.0,305.1,511.0,LIBERTY,,WDG3492,31,15,18,6,,52,A
367526620,2022-01-05T08:25:34,39.00408,-90.68966,0.0,254.2,511.0,LIBERTY,,WDG3492,31,15,18,6,,52,A
367526620,2022-01-05T08:17:25,39.00406,-90.68969,0.0,306.1,511.0,LIBERTY,,WDG3492,31,15,18,6,,52,A
367526620,2022-01-05T08:15:05,39.00411,-90.68964,0.0,309.2,511.0,LIBERTY,,WDG3492,31,15,18,6,,52,A
367526620,2022-01-05T08:09:14,39.00406,-90.68961,0.0,351.9,511.0,LIBERTY,,WDG3492,31,15,18,6,,52,A
367526620,2022-01-05T08:30:05,39.00407,-90.68963,0.0,239.4,511.0,LIBERTY,,WDG3492,31,15,18,6,,52,A
367526620,2022-01-05T03:25:31,39.00409,-90.68967,0.0,281.1,511.0,LIBERTY,,WDG3492,31,15,18,6,,52,A
367526620,2022-01-05T08:18:35,39.00406,-90.68969,0.0,298.6,511.0,LIBERTY,,WDG3492,31,15,18,6,,52,A
367526620,2022-01-05T08:13:55,39.00409,-90.68964,0.0,317.8,511.0,LIBERTY,,WDG3492,31,15,18,6,,52,A
367526620,2022-01-05T08:22:04,39.00408,-90.68962,0.0,279.0,511.0,LIBERTY,,WDG3492,31,15,18,6,,52,A
367526620,2022-01-05T08:19:45,39.00407,-90.68965,0.0,287.8,511.0,LIBERTY,,WDG3492,31,15,18,6,,52,A
367526620,2022-01-05T08:28:55,39.00408,-90.68963,0.0,241.2,511.0,LIBERTY,,WDG3492,31,15,18,6,,52,A
367526620,2022-01-05T08:37:05,39.00406,-90.68962,0.0,244.8,511.0,LIBERTY,,WDG3492,31,15,18,6,,52,A
367526620,2022-01-05T08:23:15,39.00407,-90.68963,0.0,270.4,511.0,LIBERTY,,WDG3492,31,15,18,6,,52,A
367526620,2022-01-05T03:27:52,39.00414,-90.68969,0.0,283.8,511.0,LIBERTY,,WDG3492,31,15,18,6,,52,A
367526620,2022-01-05T08:27:54,39.00407,-90.68963,0.0,240.1,511.0,LIBERTY,,WDG3492,31,15,18,6,,52,A
367526620,2022-01-05T08:40:34,39.00406,-90.68961,0.0,238.7,511.0,LIBERTY,,WDG3492,31,15,18,6,,52,A
367526620,2022-01-05T08:39:25,39.00406,-90.68961,0.0,242.6,511.0,LIBERTY,,WDG3492,31,15,18,6,,52,A
367526620,2022-01-05T08:41:44,39.00407,-90.68961,0.0,238.7,511.0,LIBERTY,,WDG3492,31,15,18,6,,52,A
367526620,2022-01-05T08:33:34,39.00407,-90.68963,0.0,234.9,511.0,LIBERTY,,WDG3492,31,15,18,6,,52,A
367526620,2022-01-05T08:31:15,39.00406,-90.68964,0.0,238.4,511.0,LIBERTY,,WDG3492,31,15,18,6,,52,A
367526620,2022-01-05T08:26:45,39.00407,-90.68964,0.0,245.2,511.0,LIBERTY,,WDG3492,31,15,18,6,,52,A
367526620,2022-01-05T08:34:44,39.00406,-90.68965,0.0,240.2,511.0,LIBERTY,,WDG3492,31,15,18,6,,52,A
367526620,2022-01-05T08:32:25,39.00408,-90.68964,0.0,232.8,511.0,LIBERTY,,WDG3492,31,15,18,6,,52,A
367526620,2022-01-05T08:35:55,39.00409,-90.68964,0.0,244.8,511.0,LIBERTY,,WDG3492,31,15,18,6,,52,A
367526620,2022-01-05T08:50:55,39.00408,-90.68964,0.0,248.4,511.0,LIBERTY,,WDG3492,31,15,18,6,,52,A
367526620,2022-01-05T08:44:04,39.00408,-90.68963,0.0,234.9,511.0,LIBERTY,,WDG3492,31,15,18,6,,52,A
367526620,2022-01-05T08:42:54,39.00406,-90.68962,0.0,237.9,511.0,LIBERTY,,WDG3492,31,15,18,6,,52,A
367526620,2022-01-05T08:45:13,39.00411,-90.68963,0.0,233.0,511.0,LIBERTY,,WDG3492,31,15,18,6,,52,A
367526620,2022-01-05T08:47:24,39.00409,-90.68964,0.0,237.0,511.0,LIBERTY,,WDG3492,31,15,18,6,,52,A
367526620,2022-01-05T08:46:15,39.00409,-90.68964,0.0,238.5,511.0,LIBERTY,,WDG3492,31,15,18,6,,52,A
367526620,2022-01-05T08:48:35,39.00409,-90.68964,0.0,237.8,511.0,LIBERTY,,WDG3492,31,15,18,6,,52,A
367526620,2022-01-05T08:49:43,39.00411,-90.68961,0.0,243.8,511.0,LIBERTY,,WDG3492,31,15,18,6,,52,A
367526620,2022-01-05T09:03:25,39.00409,-90.68964,0.0,238.4,511.0,LIBERTY,,WDG3492,31,15,18,6,,52,A
367526620,2022-01-05T09:05:44,39.00407,-90.68964,0.0,223.6,511.0,LIBERTY,,WDG3492,31,15,18,6,,52,A
367526620,2022-01-05T08:53:14,39.00410,-90.68960,0.0,272.8,511.0,LIBERTY,,WDG3492,31,15,18,6,,52,A
367526620,2022-01-05T09:06:53,39.00405,-90.68965,0.0,223.2,511.0,LIBERTY,,WDG3492,31,15,18,6,,52,A
367526620,2022-01-05T09:04:34,39.00408,-90.68965,0.0,229.3,511.0,LIBERTY,,WDG3492,31,15,18,6,,52,A
367526620,2022-01-05T08:55:34,39.00408,-90.68964,0.0,295.4,511.0,LIBERTY,,WDG3492,31,15,18,6,,52,A
367526620,2022-01-05T09:00:04,39.00409,-90.68965,0.0,261.1,511.0,LIBERTY,,WDG3492,31,15,18,6,,52,A
367526620,2022-01-05T08:57:54,39.00410,-90.68965,0.0,301.6,511.0,LIBERTY,,WDG3492,31,15,18,6,,52,A
367526620,2022-01-05T09:01:15,39.00409,-90.68964,0.0,251.4,511.0,LIBERTY,,WDG3492,31,15,18,6,,52,A
367526620,2022-01-05T09:02:24,39.00409,-90.68963,0.0,245.6,511.0,LIBERTY,,WDG3492,31,15,18,6,,52,A
367526620,2022-01-05T08:59:04,39.00406,-90.68963,0.0,280.2,511.0,LIBERTY,,WDG3492,31,15,18,6,,52,A
367526620,2022-01-05T08:54:24,39.00409,-90.68962,0.0,286.7,511.0,LIBERTY,,WDG3492,31,15,18,6,,52,A
367526620,2022-01-05T09:09:05,39.00410,-90.68963,0.0,223.8,511.0,LIBERTY,,WDG3492,31,15,18,6,,52,A
367526620,2022-01-05T09:07:54,39.00410,-90.68963,0.0,222.9,511.0,LIBERTY,,WDG3492,31,15,18,6,,52,A
367526620,2022-01-05T09:20:44,39.00408,-90.68966,0.0,195.6,511.0,LIBERTY,,WDG3492,31,15,18,6,,52,A
367526620,2022-01-05T09:12:35,39.00407,-90.68963,0.0,220.3,511.0,LIBERTY,,WDG3492,31,15,18,6,,52,A
367526620,2022-01-05T03:47:41,39.00411,-90.68963,0.0,261.9,511.0,LIBERTY,,WDG3492,31,15,18,6,,52,A
367526620,2022-01-05T09:10:15,39.00407,-90.68962,0.0,219.1,511.0,LIBERTY,,WDG3492,31,15,18,6,,52,A
367526620,2022-01-05T09:13:45,39.00408,-90.68961,0.0,217.6,511.0,LIBERTY,,WDG3492,31,15,18,6,,52,A
367526620,2022-01-05T09:14:54,39.00410,-90.68961,0.0,218.1,511.0,LIBERTY,,WDG3492,31,15,18,6,,52,A
367526620,2022-01-05T09:16:04,39.00408,-90.68963,0.0,219.7,511.0,LIBERTY,,WDG3492,31,15,18,6,,52,A
367526620,2022-01-05T09:24:14,39.00405,-90.68963,0.0,202.2,511.0,LIBERTY,,WDG3492,31,15,18,6,,52,A
367526620,2022-01-05T09:19:34,39.00411,-90.68962,0.0,197.3,511.0,LIBERTY,,WDG3492,31,15,18,6,,52,A
367526620,2022-01-05T09:26:34,39.00405,-90.68963,0.0,223.1,511.0,LIBERTY,,WDG3492,31,15,18,6,,52,A
367526620,2022-01-05T03:48:52,39.00406,-90.68960,0.0,257.8,511.0,LIBERTY,,WDG3492,31,15,18,6,,52,A
367526620,2022-01-05T09:30:05,39.00410,-90.68965,0.0,237.9,511.0,LIBERTY,,WDG3492,31,15,18,6,,52,A
367526620,2022-01-05T09:21:54,39.00409,-90.68959,0.0,196.9,511.0,LIBERTY,,WDG3492,31,15,18,6,,52,A
367526620,2022-01-05T03:50:01,39.00410,-90.68960,0.0,252.1,511.0,LIBERTY,,WDG3492,31,15,18,6,,52,A
367526620,2022-01-05T09:33:25,39.00409,-90.68962,0.0,238.8,511.0,LIBERTY,,WDG3492,31,15,18,6,,52,A
367526620,2022-01-05T09:11:24,39.00406,-90.68962,0.0,220.6,511.0,LIBERTY,,WDG3492,31,15,18,6,,52,A
367526620,2022-01-05T09:31:14,39.00409,-90.68961,0.0,241.7,511.0,LIBERTY,,WDG3492,31,15,18,6,,52,A
367526620,2022-01-05T09:23:04,39.00406,-90.68960,0.0,192.7,511.0,LIBERTY,,WDG3492,31,15,18,6,,52,A
367526620,2022-01-05T09:17:15,39.00404,-90.68962,0.0,204.8,511.0,LIBERTY,,WDG3492,31,15,18,6,,52,A
367526620,2022-01-05T09:28:55,39.00410,-90.68965,0.0,238.3,511.0,LIBERTY,,WDG3492,31,15,18,6,,52,A
367526620,2022-01-05T09:34:35,39.00412,-90.68966,0.0,239.1,511.0,LIBERTY,,WDG3492,31,15,18,6,,52,A
367526620,2022-01-05T09:41:34,39.00410,-90.68964,0.0,249.8,511.0,LIBERTY,,WDG3492,31,15,18,6,,52,A
367526620,2022-01-05T09:32:15,39.00409,-90.68961,0.0,239.0,511.0,LIBERTY,,WDG3492,31,15,18,6,,52,A
367526620,2022-01-05T09:35:45,39.00411,-90.68965,0.0,239.8,511.0,LIBERTY,,WDG3492,31,15,18,6,,52,A
367526620,2022-01-05T09:38:04,39.00417,-90.68968,0.0,249.6,511.0,LIBERTY,,WDG3492,31,15,18,6,,52,A
367526620,2022-01-05T09:47:25,39.00404,-90.68966,0.0,227.6,511.0,LIBERTY,,WDG3492,31,15,18,6,,52,A
367526620,2022-01-05T09:48:34,39.00405,-90.68963,0.0,230.3,511.0,LIBERTY,,WDG3492,31,15,18,6,,52,A
367526620,2022-01-05T09:46:15,39.00402,-90.68964,0.0,228.6,511.0,LIBERTY,,WDG3492,31,15,18,6,,52,A
367526620,2022-01-05T09:39:14,39.00412,-90.68968,0.0,250.3,511.0,LIBERTY,,WDG3492,31,15,18,6,,52,A
367526620,2022-01-05T09:40:24,39.00416,-90.68968,0.0,253.1,511.0,LIBERTY,,WDG3492,31,15,18,6,,52,A
367526620,2022-01-05T09:42:45,39.00409,-90.68963,0.0,239.5,511.0,LIBERTY,,WDG3492,31,15,18,6,,52,A
367526620,2022-01-05T10:02:24,39.00404,-90.68963,0.0,238.0,511.0,LIBERTY,,WDG3492,31,15,18,6,,52,A
367526620,2022-01-05T09:45:05,39.00406,-90.68964,0.0,228.2,511.0,LIBERTY,,WDG3492,31,15,18,6,,52,A
367526620,2022-01-05T09:53:25,39.00407,-90.68963,0.0,234.6,511.0,LIBERTY,,WDG3492,31,15,18,6,,52,A
367526620,2022-01-05T09:49:55,39.00407,-90.68962,0.0,233.4,511.0,LIBERTY,,WDG3492,31,15,18,6,,52,A
367526620,2022-01-05T10:08:13,39.00407,-90.68961,0.0,245.9,511.0,LIBERTY,,WDG3492,31,15,18,6,,52,A
367526620,2022-01-05T09:55:45,39.00408,-90.68960,0.0,228.2,511.0,LIBERTY,,WDG3492,31,15,18,6,,52,A
367526620,2022-01-05T09:43:55,39.00409,-90.68963,0.0,231.4,511.0,LIBERTY,,WDG3492,31,15,18,6,,52,A
367526620,2022-01-05T10:09:24,39.00403,-90.68962,0.1,265.4,511.0,LIBERTY,,WDG3492,31,15,18,6,,52,A
367526620,2022-01-05T09:54:34,39.00406,-90.68959,0.0,232.6,511.0,LIBERTY,,WDG3492,31,15,18,6,,52,A
367526620,2022-01-05T10:14:05,39.00408,-90.68963,0.0,310.0,511.0,LIBERTY,,WDG3492,31,15,18,6,,52,A
367526620,2022-01-05T10:00:05,39.00406,-90.68961,0.0,232.4,511.0,LIBERTY,,WDG3492,31,15,18,6,,52,A
367526620,2022-01-05T10:03:34,39.00403,-90.68962,0.0,239.2,511.0,LIBERTY,,WDG3492,31,15,18,6,,52,A
367526620,2022-01-05T10:15:14,39.00408,-90.68962,0.0,313.3,511.0,LIBERTY,,WDG3492,31,15,18,6,,52,A
367526620,2022-01-05T09:56:54,39.00407,-90.68960,0.0,225.7,511.0,LIBERTY,,WDG3492,31,15,18,6,,52,A
367526620,2022-01-05T10:17:35,39.00411,-90.68962,0.0,311.7,511.0,LIBERTY,,WDG3492,31,15,18,6,,52,A
367526620,2022-01-05T09:58:05,39.00408,-90.68963,0.0,227.2,511.0,LIBERTY,,WDG3492,31,15,18,6,,52,A
367526620,2022-01-05T09:51:05,39.00405,-90.68961,0.0,244.5,511.0,LIBERTY,,WDG3492,31,15,18,6,,52,A
367526620,2022-01-05T09:52:14,39.00407,-90.68961,0.0,240.0,511.0,LIBERTY,,WDG3492,31,15,18,6,,52,A
367526620,2022-01-05T09:59:14,39.00406,-90.68961,0.0,229.6,511.0,LIBERTY,,WDG3492,31,15,18,6,,52,A
367526620,2022-01-05T10:04:44,39.00407,-90.68960,0.0,247.6,511.0,LIBERTY,,WDG3492,31,15,18,6,,52,A
367526620,2022-01-05T10:16:24,39.00411,-90.68965,0.0,313.8,511.0,LIBERTY,,WDG3492,31,15,18,6,,52,A
367526620,2022-01-05T10:22:14,39.00409,-90.68962,0.0,310.1,511.0,LIBERTY,,WDG3492,31,15,18,6,,52,A
367526620,2022-01-05T10:23:24,39.00407,-90.68962,0.0,311.2,511.0,LIBERTY,,WDG3492,31,15,18,6,,52,A
367526620,2022-01-05T10:01:14,39.00407,-90.68960,0.0,228.0,511.0,LIBERTY,,WDG3492,31,15,18,6,,52,A
367526620,2022-01-05T10:10:33,39.00407,-90.68962,0.0,280.8,511.0,LIBERTY,,WDG3492,31,15,18,6,,52,A
367526620,2022-01-05T10:11:45,39.00407,-90.68963,0.0,297.6,511.0,LIBERTY,,WDG3492,31,15,18,6,,52,A
367526620,2022-01-05T10:12:55,39.00406,-90.68962,0.0,305.9,511.0,LIBERTY,,WDG3492,31,15,18,6,,52,A
367526620,2022-01-05T04:05:42,39.00406,-90.68959,0.0,251.4,511.0,LIBERTY,,WDG3492,31,15,18,6,,52,A
367526620,2022-01-05T10:05:55,39.00408,-90.68962,0.0,247.8,511.0,LIBERTY,,WDG3492,31,15,18,6,,52,A
367526620,2022-01-05T10:29:13,39.00408,-90.68966,0.0,310.3,511.0,LIBERTY,,WDG3492,31,15,18,6,,52,A
367526620,2022-01-05T10:21:05,39.00407,-90.68961,0.0,308.9,511.0,LIBERTY,,WDG3492,31,15,18,6,,52,A
367526620,2022-01-05T10:19:53,39.00406,-90.68960,0.0,311.1,511.0,LIBERTY,,WDG3492,31,15,18,6,,52,A
367526620,2022-01-05T10:36:14,39.00408,-90.68964,0.0,314.9,511.0,LIBERTY,,WDG3492,31,15,18,6,,52,A
367526620,2022-01-05T04:10:21,39.00403,-90.68963,0.0,248.7,511.0,LIBERTY,,WDG3492,31,15,18,6,,52,A
367526620,2022-01-05T10:18:44,39.00410,-90.68960,0.0,308.4,511.0,LIBERTY,,WDG3492,31,15,18,6,,52,A
367526620,2022-01-05T10:25:44,39.00411,-90.68960,0.0,317.9,511.0,LIBERTY,,WDG3492,31,15,18,6,,52,A
367526620,2022-01-05T10:26:55,39.00410,-90.68962,0.0,314.3,511.0,LIBERTY,,WDG3492,31,15,18,6,,52,A
367526620,2022-01-05T10:30:25,39.00406,-90.68962,0.0,311.7,511.0,LIBERTY,,WDG3492,31,15,18,6,,52,A
367526620,2022-01-05T10:24:34,39.00408,-90.68960,0.1,319.1,511.0,LIBERTY,,WDG3492,31,15,18,6,,52,A
367526620,2022-01-05T10:46:45,39.00408,-90.68962,0.0,309.0,511.0,LIBERTY,,WDG3492,31,15,18,6,,52,A
367526620,2022-01-05T10:33:54,39.00405,-90.68963,0.1,311.7,511.0,LIBERTY,,WDG3492,31,15,18,6,,52,A
367526620,2022-01-05T10:28:05,39.00409,-90.68963,0.0,313.1,511.0,LIBERTY,,WDG3492,31,15,18,6,,52,A
367526620,2022-01-05T10:37:24,39.00406,-90.68963,0.0,316.0,511.0,LIBERTY,,WDG3492,31,15,18,6,,52,A
367526620,2022-01-05T10:51:25,39.00406,-90.68963,0.0,303.1,511.0,LIBERTY,,WDG3492,31,15,18,6,,52,A
367526620,2022-01-05T10:52:34,39.00407,-90.68964,0.0,305.1,511.0,LIBERTY,,WDG3492,31,15,18,6,,52,A
367526620,2022-01-05T10:54:55,39.00410,-90.68961,0.0,304.5,511.0,LIBERTY,,WDG3492,31,15,18,6,,52,A
367526620,2022-01-05T10:42:05,39.00404,-90.68969,0.0,319.2,511.0,LIBERTY,,WDG3492,31,15,18,6,,52,A
367526620,2022-01-05T10:35:05,39.00408,-90.68963,0.0,316.7,511.0,LIBERTY,,WDG3492,31,15,18,6,,52,A
367526620,2022-01-05T10:57:15,39.00406,-90.68962,0.0,303.5,511.0,LIBERTY,,WDG3492,31,15,18,6,,52,A
367526620,2022-01-05T10:44:25,39.00408,-90.68963,0.0,312.9,511.0,LIBERTY,,WDG3492,31,15,18,6,,52,A
367526620,2022-01-05T10:49:05,39.00407,-90.68963,0.0,308.1,511.0,LIBERTY,,WDG3492,31,15,18,6,,52,A
367526620,2022-01-05T10:39:44,39.00407,-90.68964,0.0,317.6,511.0,LIBERTY,,WDG3492,31,15,18,6,,52,A
367526620,2022-01-05T11:05:35,39.00408,-90.68964,0.1,290.6,511.0,LIBERTY,,WDG3492,31,15,18,6,,52,A
367526620,2022-01-05T10:40:53,39.00407,-90.68963,0.0,318.9,511.0,LIBERTY,,WDG3492,31,15,18,6,,52,A
367526620,2022-01-05T10:53:45,39.00408,-90.68962,0.0,304.1,511.0,LIBERTY,,WDG3492,31,15,18,6,,52,A
367526620,2022-01-05T11:02:24,39.00408,-90.68964,0.0,290.1,511.0,LIBERTY,,WDG3492,31,15,18,6,,52,A
367526620,2022-01-05T10:56:05,39.00408,-90.68962,0.0,302.7,511.0,LIBERTY,,WDG3492,31,15,18,6,,52,A
367526620,2022-01-05T11:09:04,39.00409,-90.68964,0.1,291.4,511.0,LIBERTY,,WDG3492,31,15,18,6,,52,A
367526620,2022-01-05T10:50:15,39.00407,-90.68963,0.0,302.1,511.0,LIBERTY,,WDG3492,31,15,18,6,,52,A
367526620,2022-01-05T10:45:34,39.00408,-90.68963,0.0,313.5,511.0,LIBERTY,,WDG3492,31,15,18,6,,52,A
367526620,2022-01-05T04:19:41,39.00406,-90.68964,0.0,251.6,511.0,LIBERTY,,WDG3492,31,15,18,6,,52,A
367526620,2022-01-05T10:47:55,39.00409,-90.68963,0.0,307.4,511.0,LIBERTY,,WDG3492,31,15,18,6,,52,A
367526620,2022-01-05T11:11:24,39.00407,-90.68965,0.0,283.9,511.0,LIBERTY,,WDG3492,31,15,18,6,,52,A
367526620,2022-01-05T11:03:25,39.00405,-90.68965,0.0,286.6,511.0,LIBERTY,,WDG3492,31,15,18,6,,52,A
367526620,2022-01-05T10:59:33,39.00406,-90.68963,0.0,303.3,511.0,LIBERTY,,WDG3492,31,15,18,6,,52,A
367526620,2022-01-05T11:14:55,39.00407,-90.68961,0.0,285.1,511.0,LIBERTY,,WDG3492,31,15,18,6,,52,A
367526620,2022-01-05T11:00:05,39.00404,-90.68963,0.0,303.7,511.0,LIBERTY,,WDG3492,31,15,18,6,,52,A
367526620,2022-01-05T11:04:33,39.00407,-90.68967,0.0,287.6,511.0,LIBERTY,,WDG3492,31,15,18,6,,52,A
367526620,2022-01-05T11:10:15,39.00407,-90.68963,0.0,285.5,511.0,LIBERTY,,WDG3492,31,15,18,6,,52,A
367526620,2022-01-05T11:16:05,39.00408,-90.68962,0.0,288.0,511.0,LIBERTY,,WDG3492,31,15,18,6,,52,A
367526620,2022-01-05T11:06:45,39.00408,-90.68959,0.0,289.0,511.0,LIBERTY,,WDG3492,31,15,18,6,,52,A
367526620,2022-01-05T11:07:54,39.00409,-90.68966,0.0,288.3,511.0,LIBERTY,,WDG3492,31,15,18,6,,52,A
367526620,2022-01-05T11:13:43,39.00407,-90.68964,0.0,284.3,511.0,LIBERTY,,WDG3492,31,15,18,6,,52,A
367526620,2022-01-05T11:18:24,39.00408,-90.68961,0.0,290.0,511.0,LIBERTY,,WDG3492,31,15,18,6,,52,A
367526620,2022-01-05T04:29:01,39.00408,-90.68961,0.0,272.1,511.0,LIBERTY,,WDG3492,31,15,18,6,,52,A
367526620,2022-01-05T11:35:43,39.00407,-90.68961,0.0,246.7,511.0,LIBERTY,,WDG3492,31,15,18,6,,52,A
367526620,2022-01-05T11:36:54,39.00407,-90.68963,0.0,246.7,511.0,LIBERTY,,WDG3492,31,15,18,6,,52,A
367526620,2022-01-05T11:20:44,39.00409,-90.68965,0.0,295.3,511.0,LIBERTY,,WDG3492,31,15,18,6,,52,A
367526620,2022-01-05T11:21:54,39.00408,-90.68964,0.0,292.0,511.0,LIBERTY,,WDG3492,31,15,18,6,,52,A
367526620,2022-01-05T11:19:34,39.00408,-90.68963,0.0,294.6,511.0,LIBERTY,,WDG3492,31,15,18,6,,52,A
367526620,2022-01-05T11:22:55,39.00408,-90.68965,0.0,271.6,511.0,LIBERTY,,WDG3492,31,15,18,6,,52,A
367526620,2022-01-05T11:24:04,39.00412,-90.68961,0.0,256.7,511.0,LIBERTY,,WDG3492,31,15,18,6,,52,A
367526620,2022-01-05T11:39:15,39.00406,-90.68961,0.0,243.0,511.0,LIBERTY,,WDG3492,31,15,18,6,,52,A
367526620,2022-01-05T11:29:54,39.00408,-90.68965,0.0,246.1,511.0,LIBERTY,,WDG3492,31,15,18,6,,52,A
367526620,2022-01-05T11:47:25,39.00410,-90.68964,0.0,258.2,511.0,LIBERTY,,WDG3492,31,15,18,6,,52,A
367526620,2022-01-05T11:31:05,39.00409,-90.68959,0.0,243.8,511.0,LIBERTY,,WDG3492,31,15,18,6,,52,A
367526620,2022-01-05T11:33:25,39.00407,-90.68960,0.0,247.1,511.0,LIBERTY,,WDG3492,31,15,18,6,,52,A
367526620,2022-01-05T11:50:55,39.00407,-90.68965,0.0,263.3,511.0,LIBERTY,,WDG3492,31,15,18,6,,52,A
367526620,2022-01-05T11:34:34,39.00408,-90.68961,0.0,246.8,511.0,LIBERTY,,WDG3492,31,15,18,6,,52,A
367526620,2022-01-05T11:26:24,39.00410,-90.68960,0.0,240.1,511.0,LIBERTY,,WDG3492,31,15,18,6,,52,A
367526620,2022-01-05T11:28:45,39.00408,-90.68961,0.0,242.4,511.0,LIBERTY,,WDG3492,31,15,18,6,,52,A
367526620,2022-01-05T11:46:14,39.00407,-90.68963,0.0,255.6,511.0,LIBERTY,,WDG3492,31,15,18,6,,52,A
367526620,2022-01-05T11:53:15,39.00406,-90.68965,0.0,269.7,511.0,LIBERTY,,WDG3492,31,15,18,6,,52,A
367526620,2022-01-05T11:27:33,39.00404,-90.68967,0.0,238.2,511.0,LIBERTY,,WDG3492,31,15,18,6,,52,A
367526620,2022-01-05T11:54:25,39.00406,-90.68965,0.0,266.8,511.0,LIBERTY,,WDG3492,31,15,18,6,,52,A
367526620,2022-01-05T11:38:03,39.00408,-90.68963,0.1,243.7,511.0,LIBERTY,,WDG3492,31,15,18,6,,52,A
367526620,2022-01-05T11:55:35,39.00408,-90.68963,0.0,270.3,511.0,LIBERTY,,WDG3492,31,15,18,6,,52,A
367526620,2022-01-05T11:32:15,39.00407,-90.68961,0.0,250.7,511.0,LIBERTY,,WDG3492,31,15,18,6,,52,A
367526620,2022-01-05T11:52:04,39.00405,-90.68966,0.0,265.8,511.0,LIBERTY,,WDG3492,31,15,18,6,,52,A
367526620,2022-01-05T11:45:05,39.00409,-90.68964,0.0,252.5,511.0,LIBERTY,,WDG3492,31,15,18,6,,52,A
367526620,2022-01-05T11:40:24,39.00406,-90.68965,0.0,243.2,511.0,LIBERTY,,WDG3492,31,15,18,6,,52,A
367526620,2022-01-05T11:41:34,39.00407,-90.68961,0.0,244.1,511.0,LIBERTY,,WDG3492,31,15,18,6,,52,A
367526620,2022-01-05T11:59:05,39.00404,-90.68965,0.0,269.4,511.0,LIBERTY,,WDG3492,31,15,18,6,,52,A
367526620,2022-01-05T11:43:54,39.00408,-90.68964,0.0,243.2,511.0,LIBERTY,,WDG3492,31,15,18,6,,52,A
367526620,2022-01-05T11:49:43,39.00404,-90.68963,0.0,265.1,511.0,LIBERTY,,WDG3492,31,15,18,6,,52,A
367526620,2022-01-05T04:42:52,39.00415,-90.68964,0.0,309.2,511.0,LIBERTY,,WDG3492,31,15,18,6,,52,A
367526620,2022-01-05T11:56:45,39.00407,-90.68963,0.0,270.8,511.0,LIBERTY,,WDG3492,31,15,18,6,,52,A
367526620,2022-01-05T12:16:24,39.00408,-90.68964,0.0,271.3,511.0,LIBERTY,,WDG3492,31,15,18,6,,52,A
367526620,2022-01-05T12:03:34,39.00407,-90.68962,0.0,274.5,511.0,LIBERTY,,WDG3492,31,15,18,6,,52,A
367526620,2022-01-05T11:57:54,39.00406,-90.68962,0.0,274.1,511.0,LIBERTY,,WDG3492,31,15,18,6,,52,A
367526620,2022-01-05T12:19:55,39.00408,-90.68962,0.0,269.2,511.0,LIBERTY,,WDG3492,31,15,18,6,,52,A
367526620,2022-01-05T12:01:15,39.00405,-90.68963,0.0,267.9,511.0,LIBERTY,,WDG3492,31,15,18,6,,52,A
367526620,2022-01-05T12:04:45,39.00407,-90.68963,0.0,273.5,511.0,LIBERTY,,WDG3492,31,15,18,6,,52,A
367526620,2022-01-05T12:00:05,39.00402,-90.68964,0.0,266.9,511.0,LIBERTY,,WDG3492,31,15,18,6,,52,A
367526620,2022-01-05T12:05:55,39.00405,-90.68965,0.0,274.3,511.0,LIBERTY,,WDG3492,31,15,18,6,,52,A
367526620,2022-01-05T12:08:14,39.00407,-90.68966,0.0,275.2,511.0,LIBERTY,,WDG3492,31,15,18,6,,52,A
367526620,2022-01-05T12:09:24,39.00407,-90.68964,0.0,273.1,511.0,LIBERTY,,WDG3492,31,15,18,6,,52,A
367526620,2022-01-05T12:11:44,39.00407,-90.68963,0.0,271.9,511.0,LIBERTY,,WDG3492,31,15,18,6,,52,A
367526620,2022-01-05T12:10:33,39.00408,-90.68965,0.0,266.5,511.0,LIBERTY,,WDG3492,31,15,18,6,,52,A
367526620,2022-01-05T12:12:55,39.00408,-90.68965,0.0,273.0,511.0,LIBERTY,,WDG3492,31,15,18,6,,52,A
367526620,2022-01-05T12:07:04,39.00407,-90.68964,0.0,281.8,511.0,LIBERTY,,WDG3492,31,15,18,6,,52,A
367526620,2022-01-05T12:17:35,39.00408,-90.68963,0.0,273.0,511.0,LIBERTY,,WDG3492,31,15,18,6,,52,A
367526620,2022-01-05T12:18:44,39.00407,-90.68962,0.0,271.9,511.0,LIBERTY,,WDG3492,31,15,18,6,,52,A
367526620,2022-01-05T12:38:25,39.00408,-90.68963,0.0,290.4,511.0,LIBERTY,,WDG3492,31,15,18,6,,52,A
367526620,2022-01-05T12:25:44,39.00407,-90.68963,0.0,271.6,511.0,LIBERTY,,WDG3492,31,15,18,6,,52,A
367526620,2022-01-05T12:14:04,39.00409,-90.68962,0.0,268.6,511.0,LIBERTY,,WDG3492,31,15,18,6,,52,A
367526620,2022-01-05T12:15:15,39.00407,-90.68958,0.0,267.3,511.0,LIBERTY,,WDG3492,31,15,18,6,,52,A
367526620,2022-01-05T12:26:45,39.00406,-90.68963,0.0,278.6,511.0,LIBERTY,,WDG3492,31,15,18,6,,52,A
367526620,2022-01-05T12:49:55,39.00408,-90.68962,0.1,308.6,511.0,LIBERTY,,WDG3492,31,15,18,6,,52,A
367526620,2022-01-05T12:21:04,39.00406,-90.68964,0.0,269.9,511.0,LIBERTY,,WDG3492,31,15,18,6,,52,A
367526620,2022-01-05T12:22:13,39.00407,-90.68963,0.0,274.9,511.0,LIBERTY,,WDG3492,31,15,18,6,,52,A
367526620,2022-01-05T12:23:25,39.00408,-90.68963,0.0,275.5,511.0,LIBERTY,,WDG3492,31,15,18,6,,52,A
367526620,2022-01-05T12:24:34,39.00407,-90.68965,0.0,271.3,511.0,LIBERTY,,WDG3492,31,15,18,6,,52,A
367526620,2022-01-05T12:45:25,39.00406,-90.68963,0.0,291.7,511.0,LIBERTY,,WDG3492,31,15,18,6,,52,A
367526620,2022-01-05T12:30:15,39.00406,-90.68961,0.0,280.1,511.0,LIBERTY,,WDG3492,31,15,18,6,,52,A
367526620,2022-01-05T12:46:34,39.00406,-90.68966,0.0,294.1,511.0,LIBERTY,,WDG3492,31,15,18,6,,52,A
367526620,2022-01-05T12:32:35,39.00407,-90.68962,0.1,285.9,511.0,LIBERTY,,WDG3492,31,15,18,6,,52,A
367526620,2022-01-05T12:27:53,39.00406,-90.68969,0.0,286.3,511.0,LIBERTY,,WDG3492,31,15,18,6,,52,A
367526620,2022-01-05T12:36:05,39.00409,-90.68965,0.0,295.2,511.0,LIBERTY,,WDG3492,31,15,18,6,,52,A
367526620,2022-01-05T12:37:15,39.00409,-90.68964,0.0,292.5,511.0,LIBERTY,,WDG3492,31,15,18,6,,52,A
367526620,2022-01-05T12:31:24,39.00408,-90.68960,0.0,286.1,511.0,LIBERTY,,WDG3492,31,15,18,6,,52,A
367526620,2022-01-05T12:44:15,39.00406,-90.68963,0.0,293.3,511.0,LIBERTY,,WDG3492,31,15,18,6,,52,A
367526620,2022-01-05T12:40:45,39.00407,-90.68961,0.0,293.0,511.0,LIBERTY,,WDG3492,31,15,18,6,,52,A
367526620,2022-01-05T12:43:04,39.00407,-90.68963,0.0,294.4,511.0,LIBERTY,,WDG3492,31,15,18,6,,52,A
367526620,2022-01-05T12:33:45,39.00406,-90.68962,0.0,288.9,511.0,LIBERTY,,WDG3492,31,15,18,6,,52,A
367526620,2022-01-05T13:05:45,39.00407,-90.68963,0.0,334.9,511.0,LIBERTY,,WDG3492,31,15,18,6,,52,A
367526620,2022-01-05T12:39:35,39.00407,-90.68962,0.0,294.4,511.0,LIBERTY,,WDG3492,31,15,18,6,,52,A
367526620,2022-01-05T12:41:55,39.00406,-90.68961,0.0,291.5,511.0,LIBERTY,,WDG3492,31,15,18,6,,52,A
367526620,2022-01-05T12:51:03,39.00405,-90.68981,0.0,312.3,511.0,LIBERTY,,WDG3492,31,15,18,6,,52,A
367526620,2022-01-05T12:53:25,39.00407,-90.68963,0.0,308.9,511.0,LIBERTY,,WDG3492,31,15,18,6,,52,A
367526620,2022-01-05T04:57:05,39.00415,-90.68966,0.0,333.8,511.0,LIBERTY,,WDG3492,31,15,18,6,,52,A
367526620,2022-01-05T12:54:35,39.00407,-90.68961,0.0,310.5,511.0,LIBERTY,,WDG3492,31,15,18,6,,52,A
367526620,2022-01-05T12:55:44,39.00408,-90.68960,0.0,305.1,511.0,LIBERTY,,WDG3492,31,15,18,6,,52,A
367526620,2022-01-05T12:48:54,39.00409,-90.68963,0.0,308.5,511.0,LIBERTY,,WDG3492,31,15,18,6,,52,A
367526620,2022-01-05T05:01:15,39.00416,-90.68963,0.0,312.9,511.0,LIBERTY,,WDG3492,31,15,18,6,,52,A
367526620,2022-01-05T12:58:04,39.00406,-90.68962,0.0,322.0,511.0,LIBERTY,,WDG3492,31,15,18,6,,52,A
367526620,2022-01-05T13:09:04,39.00405,-90.68960,0.0,318.7,511.0,LIBERTY,,WDG3492,31,15,18,6,,52,A
367526620,2022-01-05T12:59:15,39.00407,-90.68960,0.0,322.6,511.0,LIBERTY,,WDG3492,31,15,18,6,,52,A
367526620,2022-01-05T12:52:15,39.00408,-90.68963,0.0,309.9,511.0,LIBERTY,,WDG3492,31,15,18,6,,52,A
367526620,2022-01-05T13:19:34,39.00410,-90.68964,0.0,305.5,511.0,LIBERTY,,WDG3492,31,15,18,6,,52,A
367526620,2022-01-05T13:00:04,39.00404,-90.68962,0.0,324.2,511.0,LIBERTY,,WDG3492,31,15,18,6,,52,A
367526620,2022-01-05T13:01:15,39.00405,-90.68963,0.0,328.3,511.0,LIBERTY,,WDG3492,31,15,18,6,,52,A
367526620,2022-01-05T13:13:44,39.00408,-90.68966,0.0,303.5,511.0,LIBERTY,,WDG3492,31,15,18,6,,52,A
367526620,2022-01-05T13:24:05,39.00410,-90.68964,0.0,319.6,511.0,LIBERTY,,WDG3492,31,15,18,6,,52,A
367526620,2022-01-05T13:03:35,39.00408,-90.68963,0.0,328.8,511.0,LIBERTY,,WDG3492,31,15,18,6,,52,A
367526620,2022-01-05T13:04:44,39.00409,-90.68963,0.0,331.8,511.0,LIBERTY,,WDG3492,31,15,18,6,,52,A
367526620,2022-01-05T13:06:53,39.00410,-90.68963,0.0,327.8,511.0,LIBERTY,,WDG3492,31,15,18,6,,52,A
367526620,2022-01-05T13:02:24,39.00407,-90.68962,0.0,331.4,511.0,LIBERTY,,WDG3492,31,15,18,6,,52,A
367526620,2022-01-05T13:12:33,39.00409,-90.68962,0.0,305.7,511.0,LIBERTY,,WDG3492,31,15,18,6,,52,A
367526620,2022-01-05T13:10:14,39.00406,-90.68962,0.0,315.4,511.0,LIBERTY,,WDG3492,31,15,18,6,,52,A
367526620,2022-01-05T13:16:04,39.00407,-90.68965,0.0,308.1,511.0,LIBERTY,,WDG3492,31,15,18,6,,52,A
367526620,2022-01-05T13:17:15,39.00409,-90.68963,0.0,306.2,511.0,LIBERTY,,WDG3492,31,15,18,6,,52,A
367526620,2022-01-05T13:28:34,39.00406,-90.68966,0.0,303.1,511.0,LIBERTY,,WDG3492,31,15,18,6,,52,A
367526620,2022-01-05T13:07:55,39.00406,-90.68962,0.0,323.1,511.0,LIBERTY,,WDG3492,31,15,18,6,,52,A
367526620,2022-01-05T13:36:44,39.00408,-90.68963,0.0,349.5,511.0,LIBERTY,,WDG3492,31,15,18,6,,52,A
367526620,2022-01-05T13:18:25,39.00407,-90.68965,0.0,301.8,511.0,LIBERTY,,WDG3492,31,15,18,6,,52,A
367526620,2022-01-05T05:08:14,39.00417,-90.68966,0.0,270.4,511.0,LIBERTY,,WDG3492,31,15,18,6,,52,A
367526620,2022-01-05T13:21:45,39.00410,-90.68961,0.0,314.6,511.0,LIBERTY,,WDG3492,31,15,18,6,,52,A
367526620,2022-01-05T13:20:44,39.00411,-90.68963,0.0,310.6,511.0,LIBERTY,,WDG3492,31,15,18,6,,52,A
367526620,2022-01-05T13:44:45,39.00409,-90.68966,0.0,335.1,511.0,LIBERTY,,WDG3492,31,15,18,6,,52,A
367526620,2022-01-05T05:12:54,39.00419,-90.68963,0.0,270.3,511.0,LIBERTY,,WDG3492,31,15,18,6,,52,A
367526620,2022-01-05T13:39:03,39.00405,-90.68963,0.0,346.9,511.0,LIBERTY,,WDG3492,31,15,18,6,,52,A
367526620,2022-01-05T13:29:45,39.00407,-90.68965,0.0,315.9,511.0,LIBERTY,,WDG3492,31,15,18,6,,52,A
367526620,2022-01-05T13:49:25,39.00406,-90.68962,0.1,305.7,511.0,LIBERTY,,WDG3492,31,15,18,6,,52,A
367526620,2022-01-05T13:26:15,39.00411,-90.68964,0.0,313.9,511.0,LIBERTY,,WDG3492,31,15,18,6,,52,A
367526620,2022-01-05T13:27:25,39.00409,-90.68967,0.0,315.6,511.0,LIBERTY,,WDG3492,31,15,18,6,,52,A
367526620,2022-01-05T13:35:35,39.00411,-90.68964,0.0,339.7,511.0,LIBERTY,,WDG3492,31,15,18,6,,52,A
367526620,2022-01-05T13:50:34,39.00407,-90.68961,0.0,311.9,511.0,LIBERTY,,WDG3492,31,15,18,6,,52,A
367526620,2022-01-05T13:41:15,39.00408,-90.68965,0.0,346.7,511.0,LIBERTY,,WDG3492,31,15,18,6,,52,A
367526620,2022-01-05T13:30:55,39.00407,-90.68965,0.0,321.8,511.0,LIBERTY,,WDG3492,31,15,18,6,,52,A
367526620,2022-01-05T13:37:55,39.00408,-90.68966,0.0,344.7,511.0,LIBERTY,,WDG3492,31,15,18,6,,52,A
367526620,2022-01-05T13:32:04,39.00410,-90.68964,0.0,326.4,511.0,LIBERTY,,WDG3492,31,15,18,6,,52,A
367526620,2022-01-05T13:33:15,39.00410,-90.68965,0.0,333.4,511.0,LIBERTY,,WDG3492,31,15,18,6,,52,A
367526620,2022-01-05T13:55:15,39.00406,-90.68963,0.0,271.7,511.0,LIBERTY,,WDG3492,31,15,18,6,,52,A
367526620,2022-01-05T13:34:24,39.00412,-90.68966,0.0,331.4,511.0,LIBERTY,,WDG3492,31,15,18,6,,52,A
367526620,2022-01-05T13:40:14,39.00408,-90.68963,0.0,348.7,511.0,LIBERTY,,WDG3492,31,15,18,6,,52,A
367526620,2022-01-05T13:56:25,39.00408,-90.68963,0.0,269.4,511.0,LIBERTY,,WDG3492,31,15,18,6,,52,A
367526620,2022-01-05T13:58:44,39.00408,-90.68967,0.0,257.8,511.0,LIBERTY,,WDG3492,31,15,18,6,,52,A
367526620,2022-01-05T13:47:05,39.00403,-90.68965,0.0,329.2,511.0,LIBERTY,,WDG3492,31,15,18,6,,52,A
367526620,2022-01-05T13:43:34,39.00408,-90.68965,0.0,343.1,511.0,LIBERTY,,WDG3492,31,15,18,6,,52,A
367526620,2022-01-05T13:45:55,39.00403,-90.68968,0.0,335.5,511.0,LIBERTY,,WDG3492,31,15,18,6,,52,A
367526620,2022-01-05T13:42:25,39.00407,-90.68967,0.0,340.5,511.0,LIBERTY,,WDG3492,31,15,18,6,,52,A
367526620,2022-01-05T13:48:15,39.00403,-90.68964,0.0,320.9,511.0,LIBERTY,,WDG3492,31,15,18,6,,52,A
367526620,2022-01-05T13:57:35,39.00410,-90.68965,0.0,262.3,511.0,LIBERTY,,WDG3492,31,15,18,6,,52,A
367526620,2022-01-05T13:52:54,39.00404,-90.68967,0.0,290.5,511.0,LIBERTY,,WDG3492,31,15,18,6,,52,A
367526620,2022-01-05T13:51:45,39.00408,-90.68964,0.0,300.6,511.0,LIBERTY,,WDG3492,31,15,18,6,,52,A
367526620,2022-01-05T14:08:13,39.00412,-90.68962,0.0,241.2,511.0,LIBERTY,,WDG3492,31,15,18,6,,52,A
367526620,2022-01-05T14:00:03,39.00406,-90.68968,0.0,268.0,511.0,LIBERTY,,WDG3492,31,15,18,6,,52,A
367526620,2022-01-05T13:54:04,39.00405,-90.68965,0.0,280.7,511.0,LIBERTY,,WDG3492,31,15,18,6,,52,A
367526620,2022-01-05T14:02:24,39.00410,-90.68963,0.0,255.3,511.0,LIBERTY,,WDG3492,31,15,18,6,,52,A
367526620,2022-01-05T14:01:14,39.00407,-90.68965,0.0,256.8,511.0,LIBERTY,,WDG3492,31,15,18,6,,52,A
367526620,2022-01-05T14:10:34,39.00416,-90.68958,0.0,238.0,511.0,LIBERTY,,WDG3492,31,15,18,6,,52,A
367526620,2022-01-05T14:03:35,39.00410,-90.68966,0.0,256.5,511.0,LIBERTY,,WDG3492,31,15,18,6,,52,A
367526620,2022-01-05T14:04:44,39.00409,-90.68961,0.0,256.2,511.0,LIBERTY,,WDG3492,31,15,18,6,,52,A
367526620,2022-01-05T14:05:54,39.00411,-90.68965,0.0,250.5,511.0,LIBERTY,,WDG3492,31,15,18,6,,52,A
367526620,2022-01-05T14:07:04,39.00413,-90.68965,0.0,243.6,511.0,LIBERTY,,WDG3492,31,15,18,6,,52,A
367526620,2022-01-05T14:09:25,39.00411,-90.68963,0.0,241.2,511.0,LIBERTY,,WDG3492,31,15,18,6,,52,A
367526620,2022-01-05T05:44:16,39.00440,-90.68993,0.5,119.9,511.0,LIBERTY,,WDG3492,31,15,18,6,,52,A
367526620,2022-01-05T05:58:34,39.00406,-90.68962,0.0,240.4,511.0,LIBERTY,,WDG3492,31,15,18,6,,52,A
367526620,2022-01-05T06:15:15,39.00408,-90.68967,0.0,273.3,511.0,LIBERTY,,WDG3492,31,15,18,6,,52,A
367526620,2022-01-05T06:19:54,39.00410,-90.68958,0.0,284.7,511.0,LIBERTY,,WDG3492,31,15,18,6,,52,A
367526620,2022-01-05T06:23:24,39.00408,-90.68961,0.0,290.0,511.0,LIBERTY,,WDG3492,31,15,18,6,,52,A
367526620,2022-01-05T06:26:44,39.00405,-90.68962,0.0,291.3,511.0,LIBERTY,,WDG3492,31,15,18,6,,52,A
367526620,2022-01-05T06:39:34,39.00408,-90.68963,0.0,311.2,511.0,LIBERTY,,WDG3492,31,15,18,6,,52,A
367526620,2022-01-05T06:46:25,39.00405,-90.68963,0.0,251.7,511.0,LIBERTY,,WDG3492,31,15,18,6,,52,A
367526620,2022-01-05T06:52:15,39.00408,-90.68963,0.0,213.6,511.0,LIBERTY,,WDG3492,31,15,18,6,,52,A
367526620,2022-01-05T06:56:54,39.00407,-90.68963,0.0,206.0,511.0,LIBERTY,,WDG3492,31,15,18,6,,52,A
367526620,2022-01-05T07:10:24,39.00406,-90.68960,0.0,196.0,511.0,LIBERTY,,WDG3492,31,15,18,6,,52,A
367526620,2022-01-05T07:20:54,39.00406,-90.68964,0.0,207.2,511.0,LIBERTY,,WDG3492,31,15,18,6,,52,A
367526620,2022-01-05T07:34:35,39.00408,-90.68960,0.0,218.1,511.0,LIBERTY,,WDG3492,31,15,18,6,,52,A
367526620,2022-01-05T07:36:54,39.00408,-90.68961,0.0,216.1,511.0,LIBERTY,,WDG3492,31,15,18,6,,52,A
367526620,2022-01-05T07:40:25,39.00401,-90.68966,0.0,199.1,511.0,LIBERTY,,WDG3492,31,15,18,6,,52,A
367526620,2022-01-05T07:43:55,39.00405,-90.68966,0.0,170.3,511.0,LIBERTY,,WDG3492,31,15,18,6,,52,A
367526620,2022-01-05T07:54:15,39.00407,-90.68963,0.0,110.3,511.0,LIBERTY,,WDG3492,31,15,18,6,,52,A
367526620,2022-01-05T07:56:34,39.00407,-90.68965,0.0,88.6,511.0,LIBERTY,,WDG3492,31,15,18,6,,52,A
367526620,2022-01-05T08:20:54,39.00408,-90.68966,0.0,280.6,511.0,LIBERTY,,WDG3492,31,15,18,6,,52,A
367526620,2022-01-05T08:38:15,39.00407,-90.68961,0.0,246.6,511.0,LIBERTY,,WDG3492,31,15,18,6,,52,A
367526620,2022-01-05T08:52:03,39.00410,-90.68962,0.0,263.0,511.0,LIBERTY,,WDG3492,31,15,18,6,,52,A
367526620,2022-01-05T08:56:45,39.00409,-90.68963,0.0,301.2,511.0,LIBERTY,,WDG3492,31,15,18,6,,52,A
367526620,2022-01-05T09:18:25,39.00407,-90.68960,0.0,204.6,511.0,LIBERTY,,WDG3492,31,15,18,6,,52,A
367526620,2022-01-05T09:25:24,39.00409,-90.68961,0.0,212.4,511.0,LIBERTY,,WDG3492,31,15,18,6,,52,A
367526620,2022-01-05T09:27:44,39.00407,-90.68960,0.0,234.4,511.0,LIBERTY,,WDG3492,31,15,18,6,,52,A
367526620,2022-01-05T09:36:55,39.00415,-90.68966,0.0,248.0,511.0,LIBERTY,,WDG3492,31,15,18,6,,52,A
367526620,2022-01-05T10:07:05,39.00405,-90.68958,0.0,251.7,511.0,LIBERTY,,WDG3492,31,15,18,6,,52,A
367526620,2022-01-05T10:31:34,39.00408,-90.68962,0.0,315.6,511.0,LIBERTY,,WDG3492,31,15,18,6,,52,A
367526620,2022-01-05T10:32:45,39.00407,-90.68963,0.0,314.6,511.0,LIBERTY,,WDG3492,31,15,18,6,,52,A
367526620,2022-01-05T10:38:34,39.00406,-90.68971,0.0,315.8,511.0,LIBERTY,,WDG3492,31,15,18,6,,52,A
367526620,2022-01-05T10:58:24,39.00405,-90.68962,0.0,303.8,511.0,LIBERTY,,WDG3492,31,15,18,6,,52,A
367526620,2022-01-05T11:01:15,39.00403,-90.68967,0.0,295.7,511.0,LIBERTY,,WDG3492,31,15,18,6,,52,A
367526620,2022-01-05T11:12:35,39.00406,-90.68964,0.0,285.2,511.0,LIBERTY,,WDG3492,31,15,18,6,,52,A
367526620,2022-01-05T11:17:14,39.00407,-90.68962,0.0,287.0,511.0,LIBERTY,,WDG3492,31,15,18,6,,52,A
367526620,2022-01-05T11:25:14,39.00410,-90.68962,0.0,249.8,511.0,LIBERTY,,WDG3492,31,15,18,6,,52,A
367526620,2022-01-05T11:42:45,39.00404,-90.68963,0.0,242.8,511.0,LIBERTY,,WDG3492,31,15,18,6,,52,A
367526620,2022-01-05T11:48:34,39.00408,-90.68964,0.0,262.0,511.0,LIBERTY,,WDG3492,31,15,18,6,,52,A
367526620,2022-01-05T12:02:24,39.00406,-90.68963,0.0,272.8,511.0,LIBERTY,,WDG3492,31,15,18,6,,52,A
367526620,2022-01-05T12:29:04,39.00406,-90.68966,0.0,281.3,511.0,LIBERTY,,WDG3492,31,15,18,6,,52,A
367526620,2022-01-05T12:34:55,39.00408,-90.68964,0.0,290.1,511.0,LIBERTY,,WDG3492,31,15,18,6,,52,A
367526620,2022-01-05T12:47:45,39.00410,-90.68961,0.0,305.3,511.0,LIBERTY,,WDG3492,31,15,18,6,,52,A
367526620,2022-01-05T12:56:54,39.00406,-90.68962,0.0,312.8,511.0,LIBERTY,,WDG3492,31,15,18,6,,52,A
367526620,2022-01-05T13:11:24,39.00408,-90.68963,0.0,316.2,511.0,LIBERTY,,WDG3492,31,15,18,6,,52,A
367526620,2022-01-05T13:14:55,39.00404,-90.68965,0.0,298.6,511.0,LIBERTY,,WDG3492,31,15,18,6,,52,A
367526620,2022-01-05T13:22:54,39.00406,-90.68962,0.0,321.5,511.0,LIBERTY,,WDG3492,31,15,18,6,,52,A
367526620,2022-01-05T13:25:14,39.00409,-90.68963,0.0,318.3,511.0,LIBERTY,,WDG3492,31,15,18,6,,52,A
367526620,2022-01-05T13:59:54,39.00407,-90.68965,0.0,262.1,511.0,LIBERTY,,WDG3492,31,15,18,6,,52,A
367526620,2022-01-06T01:38:50,39.00406,-90.68965,0.0,293.3,511.0,LIBERTY,,WDG3492,31,15,18,6,,52,A
367526620,2022-01-06T01:37:36,39.00408,-90.68965,0.0,247.0,511.0,LIBERTY,,WDG3492,31,15,18,6,,52,A
367526620,2022-01-06T01:47:01,39.00409,-90.68968,0.0,299.6,511.0,LIBERTY,,WDG3492,31,15,18,6,,52,A
367526620,2022-01-06T01:44:40,39.00407,-90.68965,0.0,299.5,511.0,LIBERTY,,WDG3492,31,15,18,6,,52,A
367526620,2022-01-06T01:42:20,39.00405,-90.68968,0.0,294.6,511.0,LIBERTY,,WDG3492,31,15,18,6,,52,A
367526620,2022-01-06T01:53:50,39.00407,-90.68962,0.0,277.3,511.0,LIBERTY,,WDG3492,31,15,18,6,,52,A
367526620,2022-01-06T01:57:21,39.00407,-90.68961,0.0,268.3,511.0,LIBERTY,,WDG3492,31,15,18,6,,52,A
367526620,2022-01-06T02:00:01,39.00406,-90.68964,0.0,274.4,511.0,LIBERTY,,WDG3492,31,15,18,6,,52,A
367526620,2022-01-06T01:59:40,39.00407,-90.68963,0.0,273.0,511.0,LIBERTY,,WDG3492,31,15,18,6,,52,A
367526620,2022-01-06T01:49:20,39.00409,-90.68964,0.0,288.9,511.0,LIBERTY,,WDG3492,31,15,18,6,,52,A
367526620,2022-01-06T01:48:10,39.00409,-90.68963,0.0,295.3,511.0,LIBERTY,,WDG3492,31,15,18,6,,52,A
367526620,2022-01-06T01:51:30,39.00407,-90.68963,0.0,287.5,511.0,LIBERTY,,WDG3492,31,15,18,6,,52,A
367526620,2022-01-06T01:52:40,39.00409,-90.68963,0.0,284.5,511.0,LIBERTY,,WDG3492,31,15,18,6,,52,A
367526620,2022-01-06T02:05:50,39.00407,-90.68962,0.0,286.7,511.0,LIBERTY,,WDG3492,31,15,18,6,,52,A
367526620,2022-01-06T01:58:31,39.00407,-90.68962,0.0,266.9,511.0,LIBERTY,,WDG3492,31,15,18,6,,52,A
367526620,2022-01-06T01:56:11,39.00407,-90.68962,0.0,275.2,511.0,LIBERTY,,WDG3492,31,15,18,6,,52,A
367526620,2022-01-06T01:40:00,39.00407,-90.68966,0.0,296.3,511.0,LIBERTY,,WDG3492,31,15,18,6,,52,A
367526620,2022-01-06T02:11:41,39.00407,-90.68961,0.1,273.1,511.0,LIBERTY,,WDG3492,31,15,18,6,,52,A
367526620,2022-01-06T02:12:50,39.00407,-90.68966,0.0,275.1,511.0,LIBERTY,,WDG3492,31,15,18,6,,52,A
367526620,2022-01-06T01:43:31,39.00406,-90.68966,0.0,300.2,511.0,LIBERTY,,WDG3492,31,15,18,6,,52,A
367526620,2022-01-06T02:04:40,39.00407,-90.68962,0.0,291.7,511.0,LIBERTY,,WDG3492,31,15,18,6,,52,A
367526620,2022-01-06T01:41:11,39.00408,-90.68971,0.0,298.1,511.0,LIBERTY,,WDG3492,31,15,18,6,,52,A
367526620,2022-01-06T02:15:11,39.00406,-90.68963,0.0,270.6,511.0,LIBERTY,,WDG3492,31,15,18,6,,52,A
367526620,2022-01-06T02:17:30,39.00406,-90.68966,0.0,270.6,511.0,LIBERTY,,WDG3492,31,15,18,6,,52,A
367526620,2022-01-06T01:50:21,39.00408,-90.68965,0.0,285.0,511.0,LIBERTY,,WDG3492,31,15,18,6,,52,A
367526620,2022-01-06T02:08:11,39.00408,-90.68958,0.0,282.6,511.0,LIBERTY,,WDG3492,31,15,18,6,,52,A
367526620,2022-01-06T02:22:10,39.00406,-90.68962,0.0,255.1,511.0,LIBERTY,,WDG3492,31,15,18,6,,52,A
367526620,2022-01-06T02:16:20,39.00404,-90.68974,0.0,274.4,511.0,LIBERTY,,WDG3492,31,15,18,6,,52,A
367526620,2022-01-06T02:23:20,39.00407,-90.68964,0.0,252.0,511.0,LIBERTY,,WDG3492,31,15,18,6,,52,A
367526620,2022-01-06T01:45:50,39.00407,-90.68962,0.0,301.1,511.0,LIBERTY,,WDG3492,31,15,18,6,,52,A
367526620,2022-01-06T02:24:31,39.00407,-90.68963,0.0,252.1,511.0,LIBERTY,,WDG3492,31,15,18,6,,52,A
367526620,2022-01-06T02:29:11,39.00406,-90.68960,0.0,266.8,511.0,LIBERTY,,WDG3492,31,15,18,6,,52,A
367526620,2022-01-06T02:26:51,39.00407,-90.68963,0.0,263.4,511.0,LIBERTY,,WDG3492,31,15,18,6,,52,A
367526620,2022-01-06T02:14:00,39.00407,-90.68961,0.0,269.2,511.0,LIBERTY,,WDG3492,31,15,18,6,,52,A
367526620,2022-01-06T02:32:40,39.00406,-90.68961,0.0,277.7,511.0,LIBERTY,,WDG3492,31,15,18,6,,52,A
367526620,2022-01-06T02:30:21,39.00406,-90.68963,0.0,268.8,511.0,LIBERTY,,WDG3492,31,15,18,6,,52,A
367526620,2022-01-06T02:01:10,39.00409,-90.68962,0.0,285.6,511.0,LIBERTY,,WDG3492,31,15,18,6,,52,A
367526620,2022-01-06T02:03:30,39.00407,-90.68966,0.0,294.5,511.0,LIBERTY,,WDG3492,31,15,18,6,,52,A
367526620,2022-01-06T02:19:50,39.00409,-90.68964,0.0,259.2,511.0,LIBERTY,,WDG3492,31,15,18,6,,52,A
367526620,2022-01-06T01:55:00,39.00407,-90.68963,0.0,278.7,511.0,LIBERTY,,WDG3492,31,15,18,6,,52,A
367526620,2022-01-06T02:35:00,39.00407,-90.68962,0.0,272.8,511.0,LIBERTY,,WDG3492,31,15,18,6,,52,A
367526620,2022-01-06T02:25:40,39.00406,-90.68962,0.0,260.1,511.0,LIBERTY,,WDG3492,31,15,18,6,,52,A
367526620,2022-01-06T02:28:01,39.00407,-90.68962,0.0,266.5,511.0,LIBERTY,,WDG3492,31,15,18,6,,52,A
367526620,2022-01-06T02:07:00,39.00408,-90.68960,0.0,284.2,511.0,LIBERTY,,WDG3492,31,15,18,6,,52,A
367526620,2022-01-06T02:39:40,39.00409,-90.68961,0.0,281.4,511.0,LIBERTY,,WDG3492,31,15,18,6,,52,A
367526620,2022-01-06T02:42:00,39.00407,-90.68963,0.0,282.5,511.0,LIBERTY,,WDG3492,31,15,18,6,,52,A
367526620,2022-01-06T02:47:41,39.00407,-90.68962,0.0,234.7,511.0,LIBERTY,,WDG3492,31,15,18,6,,52,A
367526620,2022-01-06T02:02:20,39.00408,-90.68964,0.0,289.9,511.0,LIBERTY,,WDG3492,31,15,18,6,,52,A
367526620,2022-01-06T02:31:30,39.00407,-90.68963,0.0,273.5,511.0,LIBERTY,,WDG3492,31,15,18,6,,52,A
367526620,2022-01-06T02:51:11,39.00406,-90.68963,0.0,233.2,511.0,LIBERTY,,WDG3492,31,15,18,6,,52,A
367526620,2022-01-06T02:18:41,39.00407,-90.68966,0.0,265.4,511.0,LIBERTY,,WDG3492,31,15,18,6,,52,A
367526620,2022-01-06T02:50:01,39.00406,-90.68962,0.0,234.6,511.0,LIBERTY,,WDG3492,31,15,18,6,,52,A
367526620,2022-01-06T02:43:01,39.00406,-90.68962,0.0,279.4,511.0,LIBERTY,,WDG3492,31,15,18,6,,52,A
367526620,2022-01-06T02:37:21,39.00407,-90.68962,0.0,276.3,511.0,LIBERTY,,WDG3492,31,15,18,6,,52,A
367526620,2022-01-06T02:45:20,39.00406,-90.68962,0.0,246.7,511.0,LIBERTY,,WDG3492,31,15,18,6,,52,A
367526620,2022-01-06T02:38:31,39.00406,-90.68961,0.0,280.9,511.0,LIBERTY,,WDG3492,31,15,18,6,,52,A
367526620,2022-01-06T02:59:21,39.00408,-90.68963,0.0,265.7,511.0,LIBERTY,,WDG3492,31,15,18,6,,52,A
367526620,2022-01-06T02:09:21,39.00406,-90.68960,0.0,275.0,511.0,LIBERTY,,WDG3492,31,15,18,6,,52,A
367526620,2022-01-06T02:46:31,39.00408,-90.68960,0.0,239.7,511.0,LIBERTY,,WDG3492,31,15,18,6,,52,A
367526620,2022-01-06T02:10:30,39.00406,-90.68963,0.0,274.2,511.0,LIBERTY,,WDG3492,31,15,18,6,,52,A
367526620,2022-01-06T02:52:20,39.00406,-90.68962,0.1,233.6,511.0,LIBERTY,,WDG3492,31,15,18,6,,52,A
367526620,2022-01-06T03:00:00,39.00407,-90.68963,0.0,269.5,511.0,LIBERTY,,WDG3492,31,15,18,6,,52,A
367526620,2022-01-06T02:58:10,39.00408,-90.68964,0.0,251.3,511.0,LIBERTY,,WDG3492,31,15,18,6,,52,A
367526620,2022-01-06T03:03:21,39.00406,-90.68963,0.0,278.2,511.0,LIBERTY,,WDG3492,31,15,18,6,,52,A
367526620,2022-01-06T02:57:00,39.00408,-90.68962,0.0,251.0,511.0,LIBERTY,,WDG3492,31,15,18,6,,52,A
367526620,2022-01-06T03:08:00,39.00409,-90.68964,0.0,284.2,511.0,LIBERTY,,WDG3492,31,15,18,6,,52,A
367526620,2022-01-06T02:53:30,39.00407,-90.68962,0.0,232.6,511.0,LIBERTY,,WDG3492,31,15,18,6,,52,A
367526620,2022-01-06T03:09:11,39.00409,-90.68963,0.0,281.7,511.0,LIBERTY,,WDG3492,31,15,18,6,,52,A
367526620,2022-01-06T02:48:51,39.00405,-90.68961,0.0,233.5,511.0,LIBERTY,,WDG3492,31,15,18,6,,52,A
367526620,2022-01-06T02:55:51,39.00406,-90.68961,0.0,245.7,511.0,LIBERTY,,WDG3492,31,15,18,6,,52,A
367526620,2022-01-06T03:10:21,39.00410,-90.68965,0.0,277.9,511.0,LIBERTY,,WDG3492,31,15,18,6,,52,A
367526620,2022-01-06T03:04:31,39.00407,-90.68963,0.0,276.5,511.0,LIBERTY,,WDG3492,31,15,18,6,,52,A
367526620,2022-01-06T03:15:00,39.00408,-90.68957,0.0,278.7,511.0,LIBERTY,,WDG3492,31,15,18,6,,52,A
367526620,2022-01-06T03:05:40,39.00409,-90.68965,0.0,280.6,511.0,LIBERTY,,WDG3492,31,15,18,6,,52,A
367526620,2022-01-06T03:06:51,39.00410,-90.68966,0.0,278.1,511.0,LIBERTY,,WDG3492,31,15,18,6,,52,A
367526620,2022-01-06T02:33:51,39.00407,-90.68961,0.0,274.4,511.0,LIBERTY,,WDG3492,31,15,18,6,,52,A
367526620,2022-01-06T03:16:10,39.00407,-90.68959,0.0,276.5,511.0,LIBERTY,,WDG3492,31,15,18,6,,52,A
367526620,2022-01-06T03:13:52,39.00406,-90.68960,0.0,277.0,511.0,LIBERTY,,WDG3492,31,15,18,6,,52,A
367526620,2022-01-06T03:02:11,39.00408,-90.68964,0.0,272.6,511.0,LIBERTY,,WDG3492,31,15,18,6,,52,A
367526620,2022-01-06T02:36:10,39.00407,-90.68962,0.0,276.2,511.0,LIBERTY,,WDG3492,31,15,18,6,,52,A
367526620,2022-01-06T02:21:01,39.00408,-90.68962,0.0,252.1,511.0,LIBERTY,,WDG3492,31,15,18,6,,52,A
367526620,2022-01-06T02:40:51,39.00406,-90.68963,0.0,284.6,511.0,LIBERTY,,WDG3492,31,15,18,6,,52,A
367526620,2022-01-06T03:01:10,39.00408,-90.68964,0.0,267.0,511.0,LIBERTY,,WDG3492,31,15,18,6,,52,A
367526620,2022-01-06T03:11:31,39.00408,-90.68962,0.0,280.6,511.0,LIBERTY,,WDG3492,31,15,18,6,,52,A
367526620,2022-01-06T02:44:11,39.00407,-90.68963,0.0,257.2,511.0,LIBERTY,,WDG3492,31,15,18,6,,52,A
367526620,2022-01-06T03:22:00,39.00407,-90.68964,0.0,277.9,511.0,LIBERTY,,WDG3492,31,15,18,6,,52,A
367526620,2022-01-06T03:31:20,39.00405,-90.68963,0.0,283.3,511.0,LIBERTY,,WDG3492,31,15,18,6,,52,A
367526620,2022-01-06T03:23:11,39.00410,-90.68969,0.0,275.7,511.0,LIBERTY,,WDG3492,31,15,18,6,,52,A
367526620,2022-01-06T03:32:30,39.00408,-90.68962,0.0,280.9,511.0,LIBERTY,,WDG3492,31,15,18,6,,52,A
367526620,2022-01-06T03:25:30,39.00413,-90.68962,0.0,275.9,511.0,LIBERTY,,WDG3492,31,15,18,6,,52,A
367526620,2022-01-06T03:12:40,39.00407,-90.68961,0.0,279.0,511.0,LIBERTY,,WDG3492,31,15,18,6,,52,A
367526620,2022-01-06T03:20:51,39.00411,-90.68965,0.0,276.3,511.0,LIBERTY,,WDG3492,31,15,18,6,,52,A
367526620,2022-01-06T03:17:20,39.00407,-90.68962,0.0,275.9,511.0,LIBERTY,,WDG3492,31,15,18,6,,52,A
367526620,2022-01-06T03:33:40,39.00408,-90.68962,0.0,266.4,511.0,LIBERTY,,WDG3492,31,15,18,6,,52,A
367526620,2022-01-06T03:36:00,39.00408,-90.68964,0.0,248.1,511.0,LIBERTY,,WDG3492,31,15,18,6,,52,A
367526620,2022-01-06T03:43:10,39.00404,-90.68957,0.0,343.7,511.0,LIBERTY,,WDG3492,31,15,18,6,,52,A
367526620,2022-01-06T03:30:11,39.00408,-90.68961,0.0,286.9,511.0,LIBERTY,,WDG3492,31,15,18,6,,52,A
367526620,2022-01-06T03:38:21,39.00408,-90.68961,0.0,238.4,511.0,LIBERTY,,WDG3492,31,15,18,6,,52,A
367526620,2022-01-06T03:24:20,39.00409,-90.68962,0.0,272.7,511.0,LIBERTY,,WDG3492,31,15,18,6,,52,A
367526620,2022-01-06T03:34:51,39.00408,-90.68963,0.0,253.3,511.0,LIBERTY,,WDG3492,31,15,18,6,,52,A
367526620,2022-01-06T03:49:01,39.00418,-90.68966,0.0,308.7,511.0,LIBERTY,,WDG3492,31,15,18,6,,52,A
367526620,2022-01-06T03:52:31,39.00414,-90.68964,0.0,265.9,511.0,LIBERTY,,WDG3492,31,15,18,6,,52,A
367526620,2022-01-06T04:00:01,39.00416,-90.68962,0.0,241.7,511.0,LIBERTY,,WDG3492,31,15,18,6,,52,A
367526620,2022-01-06T03:46:41,39.00414,-90.68963,0.0,340.2,511.0,LIBERTY,,WDG3492,31,15,18,6,,52,A
367526620,2022-01-06T03:37:11,39.00406,-90.68964,0.0,248.0,511.0,LIBERTY,,WDG3492,31,15,18,6,,52,A
367526620,2022-01-06T03:51:21,39.00416,-90.68964,0.0,279.4,511.0,LIBERTY,,WDG3492,31,15,18,6,,52,A
367526620,2022-01-06T04:05:51,39.00594,-90.69094,4.4,334.0,511.0,LIBERTY,,WDG3492,31,15,18,6,,52,A
367526620,2022-01-06T03:53:40,39.00414,-90.68965,0.0,258.9,511.0,LIBERTY,,WDG3492,31,15,18,6,,52,A
367526620,2022-01-06T04:01:10,39.00416,-90.68961,0.0,241.3,511.0,LIBERTY,,WDG3492,31,15,18,6,,52,A
367526620,2022-01-06T03:19:40,39.00407,-90.68963,0.0,280.3,511.0,LIBERTY,,WDG3492,31,15,18,6,,52,A
367526620,2022-01-06T03:44:21,39.00407,-90.68957,0.2,5.6,511.0,LIBERTY,,WDG3492,31,15,18,6,,52,A
367526620,2022-01-06T03:45:31,39.00413,-90.68959,0.4,348.7,511.0,LIBERTY,,WDG3492,31,15,18,6,,52,A
367526620,2022-01-06T02:54:40,39.00405,-90.68958,0.0,240.1,511.0,LIBERTY,,WDG3492,31,15,18,6,,52,A
367526620,2022-01-06T03:59:30,39.00415,-90.68961,0.0,242.8,511.0,LIBERTY,,WDG3492,31,15,18,6,,52,A
367526620,2022-01-06T04:14:01,39.00728,-90.69179,2.1,147.4,511.0,LIBERTY,,WDG3492,31,15,18,6,,52,A
367526620,2022-01-06T03:26:40,39.00409,-90.68963,0.0,277.1,511.0,LIBERTY,,WDG3492,31,15,18,6,,52,A
367526620,2022-01-06T04:17:30,39.00581,-90.69095,1.2,162.2,511.0,LIBERTY,,WDG3492,31,15,18,6,,52,A
367526620,2022-01-06T04:18:31,39.00547,-90.69084,1.4,161.8,511.0,LIBERTY,,WDG3492,31,15,18,6,,52,A
367526620,2022-01-06T04:04:41,39.00467,-90.69005,4.1,320.4,511.0,LIBERTY,,WDG3492,31,15,18,6,,52,A
367526620,2022-01-06T04:20:51,39.00453,-90.69009,1.7,148.3,511.0,LIBERTY,,WDG3492,31,15,18,6,,52,A
367526620,2022-01-06T04:15:11,39.00675,-90.69146,1.6,153.6,511.0,LIBERTY,,WDG3492,31,15,18,6,,52,A
367526620,2022-01-06T04:16:20,39.00632,-90.69122,1.4,160.6,511.0,LIBERTY,,WDG3492,31,15,18,6,,52,A
367526620,2022-01-06T04:10:31,39.00886,-90.69272,1.7,161.4,511.0,LIBERTY,,WDG3492,31,15,18,6,,52,A
367526620,2022-01-06T04:29:33,39.00410,-90.68961,0.0,262.1,511.0,LIBERTY,,WDG3492,31,15,18,6,,52,A
367526620,2022-01-06T04:07:01,39.00725,-90.69156,4.3,343.7,511.0,LIBERTY,,WDG3492,31,15,18,6,,52,A
367526620,2022-01-06T04:08:11,39.00855,-90.69216,4.1,340.4,511.0,LIBERTY,,WDG3492,31,15,18,6,,52,A
367526620,2022-01-06T04:30:43,39.00411,-90.68963,0.0,282.6,511.0,LIBERTY,,WDG3492,31,15,18,6,,52,A
367526620,2022-01-06T04:23:11,39.00411,-90.68961,0.0,213.5,511.0,LIBERTY,,WDG3492,31,15,18,6,,52,A
367526620,2022-01-06T04:34:13,39.00411,-90.68961,0.0,289.6,511.0,LIBERTY,,WDG3492,31,15,18,6,,52,A
367526620,2022-01-06T03:42:01,39.00408,-90.68962,0.0,19.7,511.0,LIBERTY,,WDG3492,31,15,18,6,,52,A
367526620,2022-01-06T04:11:42,39.00829,-90.69242,1.6,158.4,511.0,LIBERTY,,WDG3492,31,15,18,6,,52,A
367526620,2022-01-06T04:27:13,39.00415,-90.68959,0.0,223.7,511.0,LIBERTY,,WDG3492,31,15,18,6,,52,A
367526620,2022-01-06T04:28:24,39.00414,-90.68964,0.0,248.7,511.0,LIBERTY,,WDG3492,31,15,18,6,,52,A
367526620,2022-01-06T03:18:31,39.00408,-90.68962,0.0,281.0,511.0,LIBERTY,,WDG3492,31,15,18,6,,52,A
367526620,2022-01-06T04:41:14,39.00412,-90.68958,0.0,245.3,511.0,LIBERTY,,WDG3492,31,15,18,6,,52,A
367526620,2022-01-06T04:43:33,39.00413,-90.68963,0.0,235.2,511.0,LIBERTY,,WDG3492,31,15,18,6,,52,A
367526620,2022-01-06T04:22:01,39.00417,-90.68960,1.7,175.9,511.0,LIBERTY,,WDG3492,31,15,18,6,,52,A
367526620,2022-01-06T04:35:24,39.00410,-90.68964,0.0,291.6,511.0,LIBERTY,,WDG3492,31,15,18,6,,52,A
367526620,2022-01-06T04:36:34,39.00411,-90.68964,0.0,291.3,511.0,LIBERTY,,WDG3492,31,15,18,6,,52,A
367526620,2022-01-06T03:54:51,39.00412,-90.68964,0.0,251.5,511.0,LIBERTY,,WDG3492,31,15,18,6,,52,A
367526620,2022-01-06T04:31:55,39.00412,-90.68962,0.0,293.6,511.0,LIBERTY,,WDG3492,31,15,18,6,,52,A
367526620,2022-01-06T03:27:50,39.00405,-90.68964,0.0,286.0,511.0,LIBERTY,,WDG3492,31,15,18,6,,52,A
367526620,2022-01-06T03:56:00,39.00414,-90.68963,0.0,246.1,511.0,LIBERTY,,WDG3492,31,15,18,6,,52,A
367526620,2022-01-06T03:29:00,39.00408,-90.68962,0.0,287.5,511.0,LIBERTY,,WDG3492,31,15,18,6,,52,A
367526620,2022-01-06T04:42:23,39.00413,-90.68960,0.0,242.8,511.0,LIBERTY,,WDG3492,31,15,18,6,,52,A
367526620,2022-01-06T04:37:43,39.00413,-90.68964,0.0,273.6,511.0,LIBERTY,,WDG3492,31,15,18,6,,52,A
367526620,2022-01-06T04:33:04,39.00413,-90.68960,0.0,290.0,511.0,LIBERTY,,WDG3492,31,15,18,6,,52,A
367526620,2022-01-06T04:03:32,39.00413,-90.68960,0.2,214.7,511.0,LIBERTY,,WDG3492,31,15,18,6,,52,A
367526620,2022-01-06T04:46:54,39.00412,-90.68962,0.0,225.4,511.0,LIBERTY,,WDG3492,31,15,18,6,,52,A
367526620,2022-01-06T04:40:03,39.00413,-90.68960,0.0,257.8,511.0,LIBERTY,,WDG3492,31,15,18,6,,52,A
367526620,2022-01-06T04:51:23,39.00411,-90.68958,0.0,210.8,511.0,LIBERTY,,WDG3492,31,15,18,6,,52,A
367526620,2022-01-06T04:09:22,39.00915,-90.69278,0.9,276.0,511.0,LIBERTY,,WDG3492,31,15,18,6,,52,A
367526620,2022-01-06T04:58:24,39.00413,-90.68959,0.0,191.2,511.0,LIBERTY,,WDG3492,31,15,18,6,,52,A
367526620,2022-01-06T04:44:34,39.00411,-90.68960,0.0,228.7,511.0,LIBERTY,,WDG3492,31,15,18,6,,52,A
367526620,2022-01-06T04:52:34,39.00410,-90.68958,0.0,209.8,511.0,LIBERTY,,WDG3492,31,15,18,6,,52,A
367526620,2022-01-06T04:48:03,39.00410,-90.68963,0.0,220.1,511.0,LIBERTY,,WDG3492,31,15,18,6,,52,A
367526620,2022-01-06T04:49:04,39.00413,-90.68960,0.0,217.4,511.0,LIBERTY,,WDG3492,31,15,18,6,,52,A
367526620,2022-01-06T04:50:14,39.00415,-90.68958,0.0,213.3,511.0,LIBERTY,,WDG3492,31,15,18,6,,52,A
367526620,2022-01-06T04:45:43,39.00412,-90.68959,0.0,226.3,511.0,LIBERTY,,WDG3492,31,15,18,6,,52,A
367526620,2022-01-06T05:01:14,39.00411,-90.68962,0.0,205.9,511.0,LIBERTY,,WDG3492,31,15,18,6,,52,A
367526620,2022-01-06T05:02:24,39.00414,-90.68962,0.0,205.8,511.0,LIBERTY,,WDG3492,31,15,18,6,,52,A
367526620,2022-01-06T05:03:34,39.00413,-90.68961,0.0,207.5,511.0,LIBERTY,,WDG3492,31,15,18,6,,52,A
367526620,2022-01-06T03:39:30,39.00406,-90.68962,0.1,241.6,511.0,LIBERTY,,WDG3492,31,15,18,6,,52,A
367526620,2022-01-06T05:04:43,39.00410,-90.68962,0.0,221.4,511.0,LIBERTY,,WDG3492,31,15,18,6,,52,A
367526620,2022-01-06T04:57:14,39.00407,-90.68957,0.0,192.4,511.0,LIBERTY,,WDG3492,31,15,18,6,,52,A
367526620,2022-01-06T05:10:34,39.00413,-90.68959,0.0,241.5,511.0,LIBERTY,,WDG3492,31,15,18,6,,52,A
367526620,2022-01-06T05:14:04,39.00419,-90.68967,0.0,244.5,511.0,LIBERTY,,WDG3492,31,15,18,6,,52,A
367526620,2022-01-06T05:00:04,39.00412,-90.68960,0.0,202.3,511.0,LIBERTY,,WDG3492,31,15,18,6,,52,A
367526620,2022-01-06T04:56:03,39.00412,-90.68958,0.0,198.6,511.0,LIBERTY,,WDG3492,31,15,18,6,,52,A
367526620,2022-01-06T05:16:24,39.00411,-90.68957,0.0,233.1,511.0,LIBERTY,,WDG3492,31,15,18,6,,52,A
367526620,2022-01-06T03:47:52,39.00416,-90.68966,0.0,327.6,511.0,LIBERTY,,WDG3492,31,15,18,6,,52,A
367526620,2022-01-06T04:59:33,39.00411,-90.68959,0.0,199.7,511.0,LIBERTY,,WDG3492,31,15,18,6,,52,A
367526620,2022-01-06T05:08:14,39.00413,-90.68959,0.0,232.2,511.0,LIBERTY,,WDG3492,31,15,18,6,,52,A
367526620,2022-01-06T03:50:11,39.00416,-90.68963,0.0,288.1,511.0,LIBERTY,,WDG3492,31,15,18,6,,52,A
367526620,2022-01-06T05:22:13,39.00411,-90.68961,0.0,245.8,511.0,LIBERTY,,WDG3492,31,15,18,6,,52,A
367526620,2022-01-06T04:26:03,39.00414,-90.68960,0.0,181.3,511.0,LIBERTY,,WDG3492,31,15,18,6,,52,A
367526620,2022-01-06T05:24:33,39.00411,-90.68962,0.0,246.5,511.0,LIBERTY,,WDG3492,31,15,18,6,,52,A
367526620,2022-01-06T05:12:53,39.00413,-90.68962,0.0,250.7,511.0,LIBERTY,,WDG3492,31,15,18,6,,52,A
367526620,2022-01-06T05:07:03,39.00412,-90.68959,0.0,227.7,511.0,LIBERTY,,WDG3492,31,15,18,6,,52,A
367526620,2022-01-06T05:26:54,39.00413,-90.68959,0.0,251.2,511.0,LIBERTY,,WDG3492,31,15,18,6,,52,A
367526620,2022-01-06T05:28:04,39.00413,-90.68957,0.0,250.8,511.0,LIBERTY,,WDG3492,31,15,18,6,,52,A
367526620,2022-01-06T05:29:13,39.00415,-90.68962,0.0,254.7,511.0,LIBERTY,,WDG3492,31,15,18,6,,52,A
367526620,2022-01-06T03:57:12,39.00413,-90.68963,0.0,239.8,511.0,LIBERTY,,WDG3492,31,15,18,6,,52,A
367526620,2022-01-06T03:58:21,39.00414,-90.68963,0.0,243.7,511.0,LIBERTY,,WDG3492,31,15,18,6,,52,A
367526620,2022-01-06T05:19:54,39.00411,-90.68963,0.0,242.5,511.0,LIBERTY,,WDG3492,31,15,18,6,,52,A
367526620,2022-01-06T05:32:43,39.00408,-90.68963,0.0,262.7,511.0,LIBERTY,,WDG3492,31,15,18,6,,52,A
367526620,2022-01-06T05:17:33,39.00413,-90.68960,0.0,234.8,511.0,LIBERTY,,WDG3492,31,15,18,6,,52,A
367526620,2022-01-06T04:02:21,39.00413,-90.68960,0.0,247.5,511.0,LIBERTY,,WDG3492,31,15,18,6,,52,A
367526620,2022-01-06T05:39:44,39.00411,-90.68962,0.0,278.2,511.0,LIBERTY,,WDG3492,31,15,18,6,,52,A
367526620,2022-01-06T05:21:04,39.00410,-90.68961,0.0,242.5,511.0,LIBERTY,,WDG3492,31,15,18,6,,52,A
367526620,2022-01-06T05:30:24,39.00411,-90.68964,0.0,258.2,511.0,LIBERTY,,WDG3492,31,15,18,6,,52,A
367526620,2022-01-06T05:31:33,39.00410,-90.68963,0.0,260.8,511.0,LIBERTY,,WDG3492,31,15,18,6,,52,A
367526620,2022-01-06T05:33:55,39.00407,-90.68963,0.0,259.5,511.0,LIBERTY,,WDG3492,31,15,18,6,,52,A
367526620,2022-01-06T05:35:03,39.00409,-90.68966,0.0,262.9,511.0,LIBERTY,,WDG3492,31,15,18,6,,52,A
367526620,2022-01-06T05:47:54,39.00414,-90.68963,0.0,275.7,511.0,LIBERTY,,WDG3492,31,15,18,6,,52,A
367526620,2022-01-06T05:46:44,39.00414,-90.68960,0.0,280.2,511.0,LIBERTY,,WDG3492,31,15,18,6,,52,A
367526620,2022-01-06T04:12:50,39.00780,-90.69212,1.8,154.5,511.0,LIBERTY,,WDG3492,31,15,18,6,,52,A
367526620,2022-01-06T05:37:25,39.00409,-90.68959,0.0,268.0,511.0,LIBERTY,,WDG3492,31,15,18,6,,52,A
367526620,2022-01-06T05:51:25,39.00410,-90.68958,0.0,268.0,511.0,LIBERTY,,WDG3492,31,15,18,6,,52,A
367526620,2022-01-06T05:44:23,39.00413,-90.68959,0.0,278.4,511.0,LIBERTY,,WDG3492,31,15,18,6,,52,A
367526620,2022-01-06T05:54:54,39.00411,-90.68959,0.0,263.7,511.0,LIBERTY,,WDG3492,31,15,18,6,,52,A
367526620,2022-01-06T05:49:04,39.00411,-90.68964,0.0,273.9,511.0,LIBERTY,,WDG3492,31,15,18,6,,52,A
367526620,2022-01-06T05:58:24,39.00412,-90.68963,0.0,264.5,511.0,LIBERTY,,WDG3492,31,15,18,6,,52,A
367526620,2022-01-06T04:19:40,39.00498,-90.69046,1.6,148.7,511.0,LIBERTY,,WDG3492,31,15,18,6,,52,A
367526620,2022-01-06T06:00:03,39.00413,-90.68962,0.0,271.9,511.0,LIBERTY,,WDG3492,31,15,18,6,,52,A
367526620,2022-01-06T04:53:44,39.00406,-90.68956,0.0,207.8,511.0,LIBERTY,,WDG3492,31,15,18,6,,52,A
367526620,2022-01-06T05:52:34,39.00410,-90.68958,0.0,266.0,511.0,LIBERTY,,WDG3492,31,15,18,6,,52,A
367526620,2022-01-06T05:53:44,39.00412,-90.68958,0.0,261.8,511.0,LIBERTY,,WDG3492,31,15,18,6,,52,A
367526620,2022-01-06T06:03:34,39.00413,-90.68960,0.0,277.0,511.0,LIBERTY,,WDG3492,31,15,18,6,,52,A
367526620,2022-01-06T06:08:04,39.00413,-90.68961,0.0,284.3,511.0,LIBERTY,,WDG3492,31,15,18,6,,52,A
367526620,2022-01-06T05:45:33,39.00413,-90.68959,0.0,279.3,511.0,LIBERTY,,WDG3492,31,15,18,6,,52,A
367526620,2022-01-06T06:07:03,39.00412,-90.68962,0.0,277.3,511.0,LIBERTY,,WDG3492,31,15,18,6,,52,A
367526620,2022-01-06T06:11:33,39.00409,-90.68954,0.0,281.9,511.0,LIBERTY,,WDG3492,31,15,18,6,,52,A
367526620,2022-01-06T05:59:34,39.00413,-90.68963,0.0,271.2,511.0,LIBERTY,,WDG3492,31,15,18,6,,52,A
367526620,2022-01-06T06:01:14,39.00413,-90.68959,0.0,274.5,511.0,LIBERTY,,WDG3492,31,15,18,6,,52,A
367526620,2022-01-06T06:12:43,39.00410,-90.68957,0.0,287.2,511.0,LIBERTY,,WDG3492,31,15,18,6,,52,A
367526620,2022-01-06T06:04:44,39.00411,-90.68961,0.0,279.0,511.0,LIBERTY,,WDG3492,31,15,18,6,,52,A
367526620,2022-01-06T06:15:03,39.00409,-90.68960,0.0,290.3,511.0,LIBERTY,,WDG3492,31,15,18,6,,52,A
367526620,2022-01-06T04:24:21,39.00411,-90.68960,0.0,230.4,511.0,LIBERTY,,WDG3492,31,15,18,6,,52,A
367526620,2022-01-06T05:57:14,39.00411,-90.68961,0.0,264.2,511.0,LIBERTY,,WDG3492,31,15,18,6,,52,A
367526620,2022-01-06T06:10:23,39.00411,-90.68960,0.0,280.8,511.0,LIBERTY,,WDG3492,31,15,18,6,,52,A
367526620,2022-01-06T06:22:03,39.00409,-90.68957,0.0,294.3,511.0,LIBERTY,,WDG3492,31,15,18,6,,52,A
367526620,2022-01-06T05:09:23,39.00415,-90.68961,0.0,240.9,511.0,LIBERTY,,WDG3492,31,15,18,6,,52,A
367526620,2022-01-06T06:13:54,39.00405,-90.68959,0.0,287.4,511.0,LIBERTY,,WDG3492,31,15,18,6,,52,A
367526620,2022-01-06T06:23:14,39.00410,-90.68956,0.0,296.5,511.0,LIBERTY,,WDG3492,31,15,18,6,,52,A
367526620,2022-01-06T06:25:33,39.00410,-90.68962,0.0,300.4,511.0,LIBERTY,,WDG3492,31,15,18,6,,52,A
367526620,2022-01-06T06:26:34,39.00411,-90.68959,0.0,300.6,511.0,LIBERTY,,WDG3492,31,15,18,6,,52,A
367526620,2022-01-06T06:27:44,39.00413,-90.68961,0.0,303.8,511.0,LIBERTY,,WDG3492,31,15,18,6,,52,A
367526620,2022-01-06T06:05:55,39.00412,-90.68961,0.0,279.8,511.0,LIBERTY,,WDG3492,31,15,18,6,,52,A
367526620,2022-01-06T06:30:04,39.00412,-90.68960,0.0,306.0,511.0,LIBERTY,,WDG3492,31,15,18,6,,52,A
367526620,2022-01-06T04:38:54,39.00412,-90.68962,0.0,269.7,511.0,LIBERTY,,WDG3492,31,15,18,6,,52,A
367526620,2022-01-06T06:19:44,39.00410,-90.68960,0.0,296.9,511.0,LIBERTY,,WDG3492,31,15,18,6,,52,A
367526620,2022-01-06T06:09:14,39.00409,-90.68959,0.0,283.7,511.0,LIBERTY,,WDG3492,31,15,18,6,,52,A
367526620,2022-01-06T06:33:34,39.00410,-90.68963,0.0,310.9,511.0,LIBERTY,,WDG3492,31,15,18,6,,52,A
367526620,2022-01-06T06:35:53,39.00409,-90.68963,0.0,314.7,511.0,LIBERTY,,WDG3492,31,15,18,6,,52,A
367526620,2022-01-06T06:20:53,39.00412,-90.68960,0.0,298.1,511.0,LIBERTY,,WDG3492,31,15,18,6,,52,A
367526620,2022-01-06T06:39:24,39.00395,-90.68962,0.0,297.6,511.0,LIBERTY,,WDG3492,31,15,18,6,,52,A
367526620,2022-01-06T06:41:43,39.00411,-90.68962,0.0,281.2,511.0,LIBERTY,,WDG3492,31,15,18,6,,52,A
367526620,2022-01-06T06:40:34,39.00411,-90.68960,0.0,293.9,511.0,LIBERTY,,WDG3492,31,15,18,6,,52,A
367526620,2022-01-06T06:42:54,39.00415,-90.68962,0.0,268.1,511.0,LIBERTY,,WDG3492,31,15,18,6,,52,A
367526620,2022-01-06T06:18:35,39.00410,-90.68958,0.0,293.5,511.0,LIBERTY,,WDG3492,31,15,18,6,,52,A
367526620,2022-01-06T06:46:24,39.00409,-90.68962,0.0,227.6,511.0,LIBERTY,,WDG3492,31,15,18,6,,52,A
367526620,2022-01-06T05:23:23,39.00409,-90.68962,0.0,244.3,511.0,LIBERTY,,WDG3492,31,15,18,6,,52,A
367526620,2022-01-06T06:48:43,39.00409,-90.68962,0.0,213.5,511.0,LIBERTY,,WDG3492,31,15,18,6,,52,A
367526620,2022-01-06T06:51:04,39.00409,-90.68959,0.0,202.9,511.0,LIBERTY,,WDG3492,31,15,18,6,,52,A
367526620,2022-01-06T06:52:13,39.00410,-90.68960,0.0,201.5,511.0,LIBERTY,,WDG3492,31,15,18,6,,52,A
367526620,2022-01-06T06:24:24,39.00410,-90.68958,0.0,297.4,511.0,LIBERTY,,WDG3492,31,15,18,6,,52,A
367526620,2022-01-06T06:37:04,39.00412,-90.68964,0.0,315.9,511.0,LIBERTY,,WDG3492,31,15,18,6,,52,A
367526620,2022-01-06T04:54:53,39.00409,-90.68957,0.0,209.7,511.0,LIBERTY,,WDG3492,31,15,18,6,,52,A
367526620,2022-01-06T06:28:53,39.00411,-90.68963,0.0,305.3,511.0,LIBERTY,,WDG3492,31,15,18,6,,52,A
367526620,2022-01-06T06:58:03,39.00410,-90.68959,0.0,189.0,511.0,LIBERTY,,WDG3492,31,15,18,6,,52,A
367526620,2022-01-06T07:01:14,39.00410,-90.68962,0.0,188.8,511.0,LIBERTY,,WDG3492,31,15,18,6,,52,A
367526620,2022-01-06T06:31:14,39.00414,-90.68960,0.0,310.4,511.0,LIBERTY,,WDG3492,31,15,18,6,,52,A
367526620,2022-01-06T07:00:05,39.00411,-90.68961,0.0,188.2,511.0,LIBERTY,,WDG3492,31,15,18,6,,52,A
367526620,2022-01-06T06:47:34,39.00410,-90.68962,0.0,219.5,511.0,LIBERTY,,WDG3492,31,15,18,6,,52,A
367526620,2022-01-06T06:49:54,39.00409,-90.68961,0.0,206.5,511.0,LIBERTY,,WDG3492,31,15,18,6,,52,A
367526620,2022-01-06T05:36:13,39.00410,-90.68959,0.0,269.7,511.0,LIBERTY,,WDG3492,31,15,18,6,,52,A
367526620,2022-01-06T06:53:24,39.00409,-90.68961,0.0,200.4,511.0,LIBERTY,,WDG3492,31,15,18,6,,52,A
367526620,2022-01-06T07:09:23,39.00916,-90.69317,1.7,261.8,511.0,LIBERTY,,WDG3492,31,15,18,6,,52,A
367526620,2022-01-06T06:54:35,39.00410,-90.68960,0.0,200.1,511.0,LIBERTY,,WDG3492,31,15,18,6,,52,A
367526620,2022-01-06T06:38:14,39.00395,-90.68963,0.0,310.1,511.0,LIBERTY,,WDG3492,31,15,18,6,,52,A
367526620,2022-01-06T06:55:43,39.00411,-90.68961,0.0,197.5,511.0,LIBERTY,,WDG3492,31,15,18,6,,52,A
367526620,2022-01-06T05:40:53,39.00409,-90.68963,0.0,275.5,511.0,LIBERTY,,WDG3492,31,15,18,6,,52,A
367526620,2022-01-06T06:56:54,39.00410,-90.68959,0.0,194.7,511.0,LIBERTY,,WDG3492,31,15,18,6,,52,A
367526620,2022-01-06T07:17:32,39.00541,-90.69079,2.4,147.6,511.0,LIBERTY,,WDG3492,31,15,18,6,,52,A
367526620,2022-01-06T05:42:04,39.00410,-90.68961,0.0,274.3,511.0,LIBERTY,,WDG3492,31,15,18,6,,52,A
367526620,2022-01-06T06:44:04,39.00414,-90.68960,0.0,248.0,511.0,LIBERTY,,WDG3492,31,15,18,6,,52,A
367526620,2022-01-06T05:05:53,39.00411,-90.68960,0.0,228.0,511.0,LIBERTY,,WDG3492,31,15,18,6,,52,A
367526620,2022-01-06T07:19:53,39.00444,-90.68998,0.4,131.6,511.0,LIBERTY,,WDG3492,31,15,18,6,,52,A
367526620,2022-01-06T07:21:01,39.00405,-90.68954,0.5,208.6,511.0,LIBERTY,,WDG3492,31,15,18,6,,52,A
367526620,2022-01-06T07:04:41,39.00421,-90.68967,1.7,336.5,511.0,LIBERTY,,WDG3492,31,15,18,6,,52,A
367526620,2022-01-06T07:07:02,39.00688,-90.69133,4.9,335.7,511.0,LIBERTY,,WDG3492,31,15,18,6,,52,A
367526620,2022-01-06T05:11:44,39.00412,-90.68959,0.0,245.8,511.0,LIBERTY,,WDG3492,31,15,18,6,,52,A
367526620,2022-01-06T07:24:58,39.00407,-90.68963,0.0,316.4,511.0,LIBERTY,,WDG3492,31,15,18,6,,52,A
367526620,2022-01-06T07:26:08,39.00406,-90.68962,0.0,296.6,511.0,LIBERTY,,WDG3492,31,15,18,6,,52,A
367526620,2022-01-06T07:23:12,39.00406,-90.68965,0.1,232.5,511.0,LIBERTY,,WDG3492,31,15,18,6,,52,A
367526620,2022-01-06T07:27:19,39.00405,-90.68962,0.0,286.6,511.0,LIBERTY,,WDG3492,31,15,18,6,,52,A
367526620,2022-01-06T05:15:13,39.00420,-90.68963,0.0,234.5,511.0,LIBERTY,,WDG3492,31,15,18,6,,52,A
367526620,2022-01-06T07:14:02,39.00715,-90.69213,1.8,154.0,511.0,LIBERTY,,WDG3492,31,15,18,6,,52,A
367526620,2022-01-06T05:50:13,39.00410,-90.68961,0.0,268.1,511.0,LIBERTY,,WDG3492,31,15,18,6,,52,A
367526620,2022-01-06T05:18:43,39.00413,-90.68960,0.0,239.5,511.0,LIBERTY,,WDG3492,31,15,18,6,,52,A
367526620,2022-01-06T07:30:39,39.00406,-90.68962,0.0,292.8,511.0,LIBERTY,,WDG3492,31,15,18,6,,52,A
367526620,2022-01-06T07:36:28,39.00399,-90.68973,0.0,311.9,511.0,LIBERTY,,WDG3492,31,15,18,6,,52,A
367526620,2022-01-06T07:37:38,39.00400,-90.68971,0.0,327.0,511.0,LIBERTY,,WDG3492,31,15,18,6,,52,A
367526620,2022-01-06T07:22:02,39.00405,-90.68963,0.0,247.6,511.0,LIBERTY,,WDG3492,31,15,18,6,,52,A
367526620,2022-01-06T07:39:59,39.00405,-90.68968,0.0,342.1,511.0,LIBERTY,,WDG3492,31,15,18,6,,52,A
367526620,2022-01-06T05:56:03,39.00411,-90.68961,0.0,266.6,511.0,LIBERTY,,WDG3492,31,15,18,6,,52,A
367526620,2022-01-06T07:11:42,39.00829,-90.69289,2.1,151.9,511.0,LIBERTY,,WDG3492,31,15,18,6,,52,A
367526620,2022-01-06T05:25:44,39.00412,-90.68961,0.0,252.8,511.0,LIBERTY,,WDG3492,31,15,18,6,,52,A
367526620,2022-01-06T07:45:49,39.00408,-90.68961,0.0,348.2,511.0,LIBERTY,,WDG3492,31,15,18,6,,52,A
367526620,2022-01-06T07:43:29,39.00405,-90.68965,0.0,346.0,511.0,LIBERTY,,WDG3492,31,15,18,6,,52,A
367526620,2022-01-06T07:28:28,39.00405,-90.68961,0.0,286.8,511.0,LIBERTY,,WDG3492,31,15,18,6,,52,A
367526620,2022-01-06T07:29:38,39.00405,-90.68960,0.0,291.4,511.0,LIBERTY,,WDG3492,31,15,18,6,,52,A
367526620,2022-01-06T07:16:23,39.00599,-90.69129,1.8,152.3,511.0,LIBERTY,,WDG3492,31,15,18,6,,52,A
367526620,2022-01-06T07:51:39,39.00407,-90.68965,0.0,346.4,511.0,LIBERTY,,WDG3492,31,15,18,6,,52,A
367526620,2022-01-06T07:46:58,39.00408,-90.68962,0.0,349.7,511.0,LIBERTY,,WDG3492,31,15,18,6,,52,A
367526620,2022-01-06T07:18:43,39.00489,-90.69037,1.8,147.6,511.0,LIBERTY,,WDG3492,31,15,18,6,,52,A
367526620,2022-01-06T07:53:49,39.00407,-90.68964,0.0,340.2,511.0,LIBERTY,,WDG3492,31,15,18,6,,52,A
367526620,2022-01-06T07:41:09,39.00406,-90.68962,0.0,340.8,511.0,LIBERTY,,WDG3492,31,15,18,6,,52,A
367526620,2022-01-06T08:00:09,39.00406,-90.68960,0.0,337.7,511.0,LIBERTY,,WDG3492,31,15,18,6,,52,A
367526620,2022-01-06T07:44:39,39.00408,-90.68959,0.0,348.2,511.0,LIBERTY,,WDG3492,31,15,18,6,,52,A
367526620,2022-01-06T05:38:33,39.00410,-90.68962,0.0,270.5,511.0,LIBERTY,,WDG3492,31,15,18,6,,52,A
367526620,2022-01-06T07:48:09,39.00407,-90.68963,0.0,347.0,511.0,LIBERTY,,WDG3492,31,15,18,6,,52,A
367526620,2022-01-06T06:17:24,39.00409,-90.68960,0.0,293.6,511.0,LIBERTY,,WDG3492,31,15,18,6,,52,A
367526620,2022-01-06T08:08:18,39.00408,-90.68962,0.0,305.3,511.0,LIBERTY,,WDG3492,31,15,18,6,,52,A
367526620,2022-01-06T07:49:19,39.00408,-90.68964,0.0,347.0,511.0,LIBERTY,,WDG3492,31,15,18,6,,52,A
367526620,2022-01-06T07:50:28,39.00406,-90.68964,0.0,349.2,511.0,LIBERTY,,WDG3492,31,15,18,6,,52,A
367526620,2022-01-06T05:43:14,39.00410,-90.68959,0.0,278.9,511.0,LIBERTY,,WDG3492,31,15,18,6,,52,A
367526620,2022-01-06T08:03:38,39.00407,-90.68963,0.0,315.5,511.0,LIBERTY,,WDG3492,31,15,18,6,,52,A
367526620,2022-01-06T07:52:48,39.00409,-90.68963,0.0,348.7,511.0,LIBERTY,,WDG3492,31,15,18,6,,52,A
367526620,2022-01-06T08:12:58,39.00409,-90.68963,0.0,295.8,511.0,LIBERTY,,WDG3492,31,15,18,6,,52,A
367526620,2022-01-06T08:16:28,39.00404,-90.68966,0.0,273.4,511.0,LIBERTY,,WDG3492,31,15,18,6,,52,A
367526620,2022-01-06T08:17:39,39.00406,-90.68963,0.0,263.2,511.0,LIBERTY,,WDG3492,31,15,18,6,,52,A
367526620,2022-01-06T08:18:49,39.00406,-90.68964,0.0,250.7,511.0,LIBERTY,,WDG3492,31,15,18,6,,52,A
367526620,2022-01-06T08:19:58,39.00407,-90.68964,0.0,244.8,511.0,LIBERTY,,WDG3492,31,15,18,6,,52,A
367526620,2022-01-06T06:32:24,39.00412,-90.68962,0.0,308.4,511.0,LIBERTY,,WDG3492,31,15,18,6,,52,A
367526620,2022-01-06T08:05:58,39.00408,-90.68962,0.0,311.7,511.0,LIBERTY,,WDG3492,31,15,18,6,,52,A
367526620,2022-01-06T07:54:58,39.00407,-90.68964,0.0,349.4,511.0,LIBERTY,,WDG3492,31,15,18,6,,52,A
367526620,2022-01-06T08:30:28,39.00409,-90.68961,0.0,220.3,511.0,LIBERTY,,WDG3492,31,15,18,6,,52,A
367526620,2022-01-06T08:09:28,39.00409,-90.68963,0.0,304.7,511.0,LIBERTY,,WDG3492,31,15,18,6,,52,A
367526620,2022-01-06T08:10:39,39.00407,-90.68962,0.0,302.2,511.0,LIBERTY,,WDG3492,31,15,18,6,,52,A
367526620,2022-01-06T08:14:09,39.00408,-90.68962,0.0,292.9,511.0,LIBERTY,,WDG3492,31,15,18,6,,52,A
367526620,2022-01-06T08:29:20,39.00408,-90.68962,0.0,219.7,511.0,LIBERTY,,WDG3492,31,15,18,6,,52,A
367526620,2022-01-06T08:15:20,39.00403,-90.68969,0.0,285.5,511.0,LIBERTY,,WDG3492,31,15,18,6,,52,A
367526620,2022-01-06T06:02:25,39.00414,-90.68961,0.0,272.2,511.0,LIBERTY,,WDG3492,31,15,18,6,,52,A
367526620,2022-01-06T07:59:40,39.00408,-90.68961,0.0,340.7,511.0,LIBERTY,,WDG3492,31,15,18,6,,52,A
367526620,2022-01-06T08:32:49,39.00406,-90.68963,0.0,226.2,511.0,LIBERTY,,WDG3492,31,15,18,6,,52,A
367526620,2022-01-06T08:31:39,39.00405,-90.68962,0.0,222.4,511.0,LIBERTY,,WDG3492,31,15,18,6,,52,A
367526620,2022-01-06T08:33:58,39.00406,-90.68961,0.0,225.4,511.0,LIBERTY,,WDG3492,31,15,18,6,,52,A
367526620,2022-01-06T08:24:39,39.00405,-90.68964,0.0,226.2,511.0,LIBERTY,,WDG3492,31,15,18,6,,52,A
367526620,2022-01-06T08:36:20,39.00407,-90.68962,0.0,227.4,511.0,LIBERTY,,WDG3492,31,15,18,6,,52,A
367526620,2022-01-06T06:45:14,39.00410,-90.68963,0.0,237.3,511.0,LIBERTY,,WDG3492,31,15,18,6,,52,A
367526620,2022-01-06T08:38:40,39.00407,-90.68963,0.0,228.3,511.0,LIBERTY,,WDG3492,31,15,18,6,,52,A
367526620,2022-01-06T08:40:58,39.00410,-90.68966,0.0,220.4,511.0,LIBERTY,,WDG3492,31,15,18,6,,52,A
367526620,2022-01-06T08:22:19,39.00407,-90.68967,0.0,231.6,511.0,LIBERTY,,WDG3492,31,15,18,6,,52,A
367526620,2022-01-06T08:26:58,39.00408,-90.68962,0.0,223.2,511.0,LIBERTY,,WDG3492,31,15,18,6,,52,A
367526620,2022-01-06T06:16:14,39.00411,-90.68958,0.0,292.2,511.0,LIBERTY,,WDG3492,31,15,18,6,,52,A
367526620,2022-01-06T08:43:18,39.00409,-90.68965,0.0,235.8,511.0,LIBERTY,,WDG3492,31,15,18,6,,52,A
367526620,2022-01-06T08:47:59,39.00407,-90.68963,0.0,269.4,511.0,LIBERTY,,WDG3492,31,15,18,6,,52,A
367526620,2022-01-06T08:53:48,39.00412,-90.68962,0.0,303.7,511.0,LIBERTY,,WDG3492,31,15,18,6,,52,A
367526620,2022-01-06T08:54:59,39.00409,-90.68963,0.0,272.0,511.0,LIBERTY,,WDG3492,31,15,18,6,,52,A
367526620,2022-01-06T08:46:48,39.00407,-90.68963,0.0,251.3,511.0,LIBERTY,,WDG3492,31,15,18,6,,52,A
367526620,2022-01-06T08:56:00,39.00406,-90.68962,0.0,252.3,511.0,LIBERTY,,WDG3492,31,15,18,6,,52,A
367526620,2022-01-06T08:52:40,39.00408,-90.68966,0.0,308.3,511.0,LIBERTY,,WDG3492,31,15,18,6,,52,A
367526620,2022-01-06T08:37:29,39.00406,-90.68962,0.0,231.3,511.0,LIBERTY,,WDG3492,31,15,18,6,,52,A
367526620,2022-01-06T08:25:50,39.00406,-90.68965,0.0,228.3,511.0,LIBERTY,,WDG3492,31,15,18,6,,52,A
367526620,2022-01-06T09:02:18,39.00411,-90.68964,0.0,211.8,511.0,LIBERTY,,WDG3492,31,15,18,6,,52,A
367526620,2022-01-06T08:58:19,39.00410,-90.68964,0.0,234.0,511.0,LIBERTY,,WDG3492,31,15,18,6,,52,A
367526620,2022-01-06T07:05:52,39.00540,-90.69055,4.9,338.0,511.0,LIBERTY,,WDG3492,31,15,18,6,,52,A
367526620,2022-01-06T08:49:10,39.00408,-90.68963,0.0,289.9,511.0,LIBERTY,,WDG3492,31,15,18,6,,52,A
367526620,2022-01-06T07:10:32,39.00883,-90.69316,1.4,157.6,511.0,LIBERTY,,WDG3492,31,15,18,6,,52,A
367526620,2022-01-06T06:34:45,39.00409,-90.68963,0.0,312.8,511.0,LIBERTY,,WDG3492,31,15,18,6,,52,A
367526620,2022-01-06T09:11:29,39.00409,-90.68961,0.0,209.6,511.0,LIBERTY,,WDG3492,31,15,18,6,,52,A
367526620,2022-01-06T09:04:38,39.00409,-90.68963,0.0,212.2,511.0,LIBERTY,,WDG3492,31,15,18,6,,52,A
367526620,2022-01-06T09:08:08,39.00411,-90.68959,0.0,202.6,511.0,LIBERTY,,WDG3492,31,15,18,6,,52,A
367526620,2022-01-06T09:03:29,39.00411,-90.68962,0.0,211.5,511.0,LIBERTY,,WDG3492,31,15,18,6,,52,A
367526620,2022-01-06T09:14:49,39.00409,-90.68963,0.0,216.6,511.0,LIBERTY,,WDG3492,31,15,18,6,,52,A
367526620,2022-01-06T09:13:39,39.00407,-90.68963,0.0,216.0,511.0,LIBERTY,,WDG3492,31,15,18,6,,52,A
367526620,2022-01-06T09:01:08,39.00409,-90.68965,0.0,219.3,511.0,LIBERTY,,WDG3492,31,15,18,6,,52,A
367526620,2022-01-06T09:28:29,39.00409,-90.68962,0.0,248.0,511.0,LIBERTY,,WDG3492,31,15,18,6,,52,A
367526620,2022-01-06T08:45:39,39.00410,-90.68960,0.0,249.8,511.0,LIBERTY,,WDG3492,31,15,18,6,,52,A
367526620,2022-01-06T09:19:28,39.00407,-90.68965,0.0,230.5,511.0,LIBERTY,,WDG3492,31,15,18,6,,52,A
367526620,2022-01-06T09:31:59,39.00407,-90.68962,0.1,254.7,511.0,LIBERTY,,WDG3492,31,15,18,6,,52,A
367526620,2022-01-06T09:21:48,39.00408,-90.68962,0.0,233.9,511.0,LIBERTY,,WDG3492,31,15,18,6,,52,A
367526620,2022-01-06T09:09:18,39.00407,-90.68961,0.0,205.7,511.0,LIBERTY,,WDG3492,31,15,18,6,,52,A
367526620,2022-01-06T09:10:19,39.00409,-90.68963,0.0,211.3,511.0,LIBERTY,,WDG3492,31,15,18,6,,52,A
367526620,2022-01-06T06:59:05,39.00411,-90.68959,0.0,185.3,511.0,LIBERTY,,WDG3492,31,15,18,6,,52,A
367526620,2022-01-06T09:17:09,39.00406,-90.68966,0.0,220.4,511.0,LIBERTY,,WDG3492,31,15,18,6,,52,A
367526620,2022-01-06T08:57:08,39.00410,-90.68962,0.1,244.1,511.0,LIBERTY,,WDG3492,31,15,18,6,,52,A
367526620,2022-01-06T07:32:59,39.00406,-90.68959,0.0,294.9,511.0,LIBERTY,,WDG3492,31,15,18,6,,52,A
367526620,2022-01-06T08:59:29,39.00410,-90.68964,0.0,229.1,511.0,LIBERTY,,WDG3492,31,15,18,6,,52,A
367526620,2022-01-06T07:34:08,39.00406,-90.68958,0.0,301.2,511.0,LIBERTY,,WDG3492,31,15,18,6,,52,A
367526620,2022-01-06T07:03:32,39.00411,-90.68961,0.0,187.5,511.0,LIBERTY,,WDG3492,31,15,18,6,,52,A
367526620,2022-01-06T09:33:08,39.00410,-90.68964,0.0,258.4,511.0,LIBERTY,,WDG3492,31,15,18,6,,52,A
367526620,2022-01-06T09:44:39,39.00404,-90.68963,0.0,236.3,511.0,LIBERTY,,WDG3492,31,15,18,6,,52,A
367526620,2022-01-06T07:08:12,39.00825,-90.69227,4.7,332.3,511.0,LIBERTY,,WDG3492,31,15,18,6,,52,A
367526620,2022-01-06T09:20:38,39.00408,-90.68963,0.0,236.2,511.0,LIBERTY,,WDG3492,31,15,18,6,,52,A
367526620,2022-01-06T09:24:09,39.00406,-90.68963,0.0,250.8,511.0,LIBERTY,,WDG3492,31,15,18,6,,52,A
367526620,2022-01-06T09:05:49,39.00408,-90.68963,0.1,211.0,511.0,LIBERTY,,WDG3492,31,15,18,6,,52,A
367526620,2022-01-06T09:37:48,39.00411,-90.68964,0.0,253.9,511.0,LIBERTY,,WDG3492,31,15,18,6,,52,A
367526620,2022-01-06T09:22:58,39.00406,-90.68961,0.1,241.7,511.0,LIBERTY,,WDG3492,31,15,18,6,,52,A
367526620,2022-01-06T09:06:58,39.00411,-90.68961,0.0,201.4,511.0,LIBERTY,,WDG3492,31,15,18,6,,52,A
367526620,2022-01-06T07:12:53,39.00773,-90.69250,1.9,152.5,511.0,LIBERTY,,WDG3492,31,15,18,6,,52,A
367526620,2022-01-06T09:30:48,39.00412,-90.68966,0.0,250.5,511.0,LIBERTY,,WDG3492,31,15,18,6,,52,A
367526620,2022-01-06T09:26:19,39.00412,-90.68964,0.0,248.2,511.0,LIBERTY,,WDG3492,31,15,18,6,,52,A
367526620,2022-01-06T07:15:12,39.00662,-90.69175,2.7,150.6,511.0,LIBERTY,,WDG3492,31,15,18,6,,52,A
367526620,2022-01-06T07:42:19,39.00406,-90.68964,0.0,346.0,511.0,LIBERTY,,WDG3492,31,15,18,6,,52,A
367526620,2022-01-06T09:55:00,39.00405,-90.68956,0.0,221.9,511.0,LIBERTY,,WDG3492,31,15,18,6,,52,A
367526620,2022-01-06T09:57:18,39.00406,-90.68959,0.0,221.4,511.0,LIBERTY,,WDG3492,31,15,18,6,,52,A
367526620,2022-01-06T09:58:29,39.00408,-90.68962,0.0,215.9,511.0,LIBERTY,,WDG3492,31,15,18,6,,52,A
367526620,2022-01-06T09:46:59,39.00405,-90.68959,0.0,242.7,511.0,LIBERTY,,WDG3492,31,15,18,6,,52,A
367526620,2022-01-06T09:49:18,39.00405,-90.68961,0.0,231.2,511.0,LIBERTY,,WDG3492,31,15,18,6,,52,A
367526620,2022-01-06T09:36:39,39.00412,-90.68965,0.0,264.3,511.0,LIBERTY,,WDG3492,31,15,18,6,,52,A
367526620,2022-01-06T09:51:39,39.00407,-90.68958,0.0,225.0,511.0,LIBERTY,,WDG3492,31,15,18,6,,52,A
367526620,2022-01-06T10:03:38,39.00406,-90.68961,0.0,222.7,511.0,LIBERTY,,WDG3492,31,15,18,6,,52,A
367526620,2022-01-06T09:40:08,39.00408,-90.68963,0.0,242.7,511.0,LIBERTY,,WDG3492,31,15,18,6,,52,A
367526620,2022-01-06T09:15:59,39.00408,-90.68964,0.0,219.1,511.0,LIBERTY,,WDG3492,31,15,18,6,,52,A
367526620,2022-01-06T10:09:18,39.00407,-90.68965,0.0,289.9,511.0,LIBERTY,,WDG3492,31,15,18,6,,52,A
367526620,2022-01-06T09:53:59,39.00406,-90.68959,0.0,229.9,511.0,LIBERTY,,WDG3492,31,15,18,6,,52,A
367526620,2022-01-06T10:01:18,39.00407,-90.68961,0.0,218.0,511.0,LIBERTY,,WDG3492,31,15,18,6,,52,A
367526620,2022-01-06T07:58:28,39.00406,-90.68962,0.0,346.4,511.0,LIBERTY,,WDG3492,31,15,18,6,,52,A
367526620,2022-01-06T09:45:48,39.00406,-90.68961,0.0,239.4,511.0,LIBERTY,,WDG3492,31,15,18,6,,52,A
367526620,2022-01-06T07:31:50,39.00406,-90.68962,0.0,294.5,511.0,LIBERTY,,WDG3492,31,15,18,6,,52,A
367526620,2022-01-06T09:48:08,39.00405,-90.68958,0.0,239.2,511.0,LIBERTY,,WDG3492,31,15,18,6,,52,A
367526620,2022-01-06T07:35:19,39.00407,-90.68962,0.0,303.9,511.0,LIBERTY,,WDG3492,31,15,18,6,,52,A
367526620,2022-01-06T08:01:18,39.00406,-90.68962,0.0,325.2,511.0,LIBERTY,,WDG3492,31,15,18,6,,52,A
367526620,2022-01-06T10:02:29,39.00407,-90.68961,0.1,225.8,511.0,LIBERTY,,WDG3492,31,15,18,6,,52,A
367526620,2022-01-06T10:22:00,39.00409,-90.68961,0.0,313.6,511.0,LIBERTY,,WDG3492,31,15,18,6,,52,A
367526620,2022-01-06T09:35:29,39.00409,-90.68965,0.0,263.0,511.0,LIBERTY,,WDG3492,31,15,18,6,,52,A
367526620,2022-01-06T09:59:38,39.00406,-90.68961,0.0,215.5,511.0,LIBERTY,,WDG3492,31,15,18,6,,52,A
367526620,2022-01-06T07:38:49,39.00403,-90.68968,0.0,335.9,511.0,LIBERTY,,WDG3492,31,15,18,6,,52,A
367526620,2022-01-06T10:25:29,39.00409,-90.68962,0.0,305.9,511.0,LIBERTY,,WDG3492,31,15,18,6,,52,A
367526620,2022-01-06T10:19:38,39.00407,-90.68962,0.0,311.2,511.0,LIBERTY,,WDG3492,31,15,18,6,,52,A
367526620,2022-01-06T08:11:50,39.00406,-90.68963,0.0,294.1,511.0,LIBERTY,,WDG3492,31,15,18,6,,52,A
367526620,2022-01-06T10:23:08,39.00410,-90.68962,0.0,315.1,511.0,LIBERTY,,WDG3492,31,15,18,6,,52,A
367526620,2022-01-06T10:04:39,39.00408,-90.68962,0.0,226.1,511.0,LIBERTY,,WDG3492,31,15,18,6,,52,A
367526620,2022-01-06T09:43:29,39.00405,-90.68966,0.0,235.5,511.0,LIBERTY,,WDG3492,31,15,18,6,,52,A
367526620,2022-01-06T10:11:38,39.00409,-90.68963,0.0,307.7,511.0,LIBERTY,,WDG3492,31,15,18,6,,52,A
367526620,2022-01-06T10:16:08,39.00407,-90.68961,0.0,312.4,511.0,LIBERTY,,WDG3492,31,15,18,6,,52,A
367526620,2022-01-06T10:08:08,39.00408,-90.68964,0.0,269.8,511.0,LIBERTY,,WDG3492,31,15,18,6,,52,A
367526620,2022-01-06T10:17:19,39.00407,-90.68960,0.0,317.1,511.0,LIBERTY,,WDG3492,31,15,18,6,,52,A
367526620,2022-01-06T10:15:00,39.00409,-90.68962,0.0,312.7,511.0,LIBERTY,,WDG3492,31,15,18,6,,52,A
367526620,2022-01-06T10:20:49,39.00409,-90.68962,0.0,313.0,511.0,LIBERTY,,WDG3492,31,15,18,6,,52,A
367526620,2022-01-06T10:32:18,39.00406,-90.68964,0.0,310.0,511.0,LIBERTY,,WDG3492,31,15,18,6,,52,A
367526620,2022-01-06T09:50:29,39.00404,-90.68954,0.0,226.5,511.0,LIBERTY,,WDG3492,31,15,18,6,,52,A
367526620,2022-01-06T10:12:40,39.00409,-90.68961,0.0,306.5,511.0,LIBERTY,,WDG3492,31,15,18,6,,52,A
367526620,2022-01-06T10:41:38,39.00408,-90.68964,0.1,313.3,511.0,LIBERTY,,WDG3492,31,15,18,6,,52,A
367526620,2022-01-06T10:13:49,39.00409,-90.68963,0.0,306.8,511.0,LIBERTY,,WDG3492,31,15,18,6,,52,A
367526620,2022-01-06T08:21:08,39.00406,-90.68962,0.0,237.2,511.0,LIBERTY,,WDG3492,31,15,18,6,,52,A
367526620,2022-01-06T07:56:08,39.00406,-90.68963,0.0,349.3,511.0,LIBERTY,,WDG3492,31,15,18,6,,52,A
367526620,2022-01-06T07:57:19,39.00407,-90.68964,0.0,347.5,511.0,LIBERTY,,WDG3492,31,15,18,6,,52,A
367526620,2022-01-06T09:56:08,39.00408,-90.68958,0.0,222.9,511.0,LIBERTY,,WDG3492,31,15,18,6,,52,A
367526620,2022-01-06T10:18:28,39.00408,-90.68961,0.0,316.0,511.0,LIBERTY,,WDG3492,31,15,18,6,,52,A
367526620,2022-01-06T08:23:28,39.00405,-90.68964,0.0,224.4,511.0,LIBERTY,,WDG3492,31,15,18,6,,52,A
367526620,2022-01-06T10:49:48,39.00407,-90.68961,0.0,303.2,511.0,LIBERTY,,WDG3492,31,15,18,6,,52,A
367526620,2022-01-06T10:27:48,39.00410,-90.68966,0.0,310.3,511.0,LIBERTY,,WDG3492,31,15,18,6,,52,A
367526620,2022-01-06T10:29:59,39.00408,-90.68964,0.0,316.6,511.0,LIBERTY,,WDG3492,31,15,18,6,,52,A
367526620,2022-01-06T10:52:09,39.00407,-90.68966,0.1,300.5,511.0,LIBERTY,,WDG3492,31,15,18,6,,52,A
367526620,2022-01-06T08:02:28,39.00406,-90.68962,0.0,318.5,511.0,LIBERTY,,WDG3492,31,15,18,6,,52,A
367526620,2022-01-06T10:48:39,39.00408,-90.68964,0.0,304.4,511.0,LIBERTY,,WDG3492,31,15,18,6,,52,A
367526620,2022-01-06T10:54:29,39.00409,-90.68962,0.0,300.1,511.0,LIBERTY,,WDG3492,31,15,18,6,,52,A
367526620,2022-01-06T10:00:08,39.00408,-90.68962,0.0,227.7,511.0,LIBERTY,,WDG3492,31,15,18,6,,52,A
367526620,2022-01-06T10:31:09,39.00407,-90.68965,0.0,309.3,511.0,LIBERTY,,WDG3492,31,15,18,6,,52,A
367526620,2022-01-06T08:04:49,39.00405,-90.68963,0.0,315.4,511.0,LIBERTY,,WDG3492,31,15,18,6,,52,A
367526620,2022-01-06T10:34:39,39.00406,-90.68963,0.0,317.8,511.0,LIBERTY,,WDG3492,31,15,18,6,,52,A
367526620,2022-01-06T10:53:19,39.00409,-90.68965,0.0,303.1,511.0,LIBERTY,,WDG3492,31,15,18,6,,52,A
367526620,2022-01-06T10:35:48,39.00407,-90.68965,0.0,310.5,511.0,LIBERTY,,WDG3492,31,15,18,6,,52,A
367526620,2022-01-06T08:07:09,39.00407,-90.68961,0.0,308.9,511.0,LIBERTY,,WDG3492,31,15,18,6,,52,A
367526620,2022-01-06T10:05:49,39.00407,-90.68961,0.0,233.7,511.0,LIBERTY,,WDG3492,31,15,18,6,,52,A
367526620,2022-01-06T08:28:09,39.00411,-90.68962,0.0,218.5,511.0,LIBERTY,,WDG3492,31,15,18,6,,52,A
367526620,2022-01-06T08:35:09,39.00406,-90.68960,0.0,229.2,511.0,LIBERTY,,WDG3492,31,15,18,6,,52,A
367526620,2022-01-06T10:33:29,39.00407,-90.68965,0.0,312.5,511.0,LIBERTY,,WDG3492,31,15,18,6,,52,A
367526620,2022-01-06T11:03:29,39.00410,-90.68966,0.0,281.2,511.0,LIBERTY,,WDG3492,31,15,18,6,,52,A
367526620,2022-01-06T10:42:49,39.00409,-90.68965,0.0,305.3,511.0,LIBERTY,,WDG3492,31,15,18,6,,52,A
367526620,2022-01-06T10:46:19,39.00410,-90.68963,0.0,304.1,511.0,LIBERTY,,WDG3492,31,15,18,6,,52,A
367526620,2022-01-06T10:39:18,39.00408,-90.68966,0.0,311.8,511.0,LIBERTY,,WDG3492,31,15,18,6,,52,A
367526620,2022-01-06T10:50:58,39.00406,-90.68963,0.0,300.7,511.0,LIBERTY,,WDG3492,31,15,18,6,,52,A
367526620,2022-01-06T11:10:28,39.00408,-90.68962,0.0,280.3,511.0,LIBERTY,,WDG3492,31,15,18,6,,52,A
367526620,2022-01-06T11:11:39,39.00408,-90.68962,0.0,286.8,511.0,LIBERTY,,WDG3492,31,15,18,6,,52,A
367526620,2022-01-06T08:44:28,39.00407,-90.68963,0.0,244.8,511.0,LIBERTY,,WDG3492,31,15,18,6,,52,A
367526620,2022-01-06T10:47:29,39.00410,-90.68965,0.0,307.7,511.0,LIBERTY,,WDG3492,31,15,18,6,,52,A
367526620,2022-01-06T11:15:09,39.00409,-90.68965,0.0,291.7,511.0,LIBERTY,,WDG3492,31,15,18,6,,52,A
367526620,2022-01-06T11:18:39,39.00410,-90.68966,0.0,277.5,511.0,LIBERTY,,WDG3492,31,15,18,6,,52,A
367526620,2022-01-06T11:17:30,39.00411,-90.68968,0.0,295.0,511.0,LIBERTY,,WDG3492,31,15,18,6,,52,A
367526620,2022-01-06T10:28:49,39.00408,-90.68963,0.1,312.0,511.0,LIBERTY,,WDG3492,31,15,18,6,,52,A
367526620,2022-01-06T11:05:49,39.00411,-90.68963,0.0,280.3,511.0,LIBERTY,,WDG3492,31,15,18,6,,52,A
367526620,2022-01-06T10:56:48,39.00403,-90.68977,0.0,284.0,511.0,LIBERTY,,WDG3492,31,15,18,6,,52,A
367526620,2022-01-06T11:20:59,39.00409,-90.68967,0.0,257.2,511.0,LIBERTY,,WDG3492,31,15,18,6,,52,A
367526620,2022-01-06T11:06:58,39.00408,-90.68962,0.0,279.6,511.0,LIBERTY,,WDG3492,31,15,18,6,,52,A
367526620,2022-01-06T08:50:19,39.00406,-90.68966,0.0,292.0,511.0,LIBERTY,,WDG3492,31,15,18,6,,52,A
367526620,2022-01-06T11:25:28,39.00409,-90.68963,0.0,247.8,511.0,LIBERTY,,WDG3492,31,15,18,6,,52,A
367526620,2022-01-06T08:51:29,39.00408,-90.68963,0.0,304.1,511.0,LIBERTY,,WDG3492,31,15,18,6,,52,A
367526620,2022-01-06T11:02:19,39.00407,-90.68966,0.0,283.8,511.0,LIBERTY,,WDG3492,31,15,18,6,,52,A
367526620,2022-01-06T08:39:48,39.00408,-90.68962,0.0,226.0,511.0,LIBERTY,,WDG3492,31,15,18,6,,52,A
367526620,2022-01-06T11:04:38,39.00407,-90.68965,0.0,279.0,511.0,LIBERTY,,WDG3492,31,15,18,6,,52,A
367526620,2022-01-06T10:59:08,39.00397,-90.68989,0.0,287.4,511.0,LIBERTY,,WDG3492,31,15,18,6,,52,A
367526620,2022-01-06T08:42:08,39.00412,-90.68964,0.0,234.1,511.0,LIBERTY,,WDG3492,31,15,18,6,,52,A
367526620,2022-01-06T11:01:10,39.00408,-90.68970,0.0,286.8,511.0,LIBERTY,,WDG3492,31,15,18,6,,52,A
367526620,2022-01-06T11:40:09,39.00411,-90.68966,0.0,243.4,511.0,LIBERTY,,WDG3492,31,15,18,6,,52,A
367526620,2022-01-06T11:22:08,39.00408,-90.68966,0.0,252.3,511.0,LIBERTY,,WDG3492,31,15,18,6,,52,A
367526620,2022-01-06T11:08:09,39.00407,-90.68964,0.0,281.5,511.0,LIBERTY,,WDG3492,31,15,18,6,,52,A
367526620,2022-01-06T11:19:49,39.00408,-90.68968,0.0,263.0,511.0,LIBERTY,,WDG3492,31,15,18,6,,52,A
367526620,2022-01-06T11:41:19,39.00410,-90.68963,0.0,246.9,511.0,LIBERTY,,WDG3492,31,15,18,6,,52,A
367526620,2022-01-06T11:46:59,39.00411,-90.68964,0.0,250.8,511.0,LIBERTY,,WDG3492,31,15,18,6,,52,A
367526620,2022-01-06T11:48:09,39.00407,-90.68964,0.0,252.5,511.0,LIBERTY,,WDG3492,31,15,18,6,,52,A
367526620,2022-01-06T10:55:38,39.00407,-90.68967,0.0,291.3,511.0,LIBERTY,,WDG3492,31,15,18,6,,52,A
367526620,2022-01-06T11:45:49,39.00412,-90.68964,0.0,251.5,511.0,LIBERTY,,WDG3492,31,15,18,6,,52,A
367526620,2022-01-06T09:00:00,39.00413,-90.68966,0.0,223.2,511.0,LIBERTY,,WDG3492,31,15,18,6,,52,A
367526620,2022-01-06T11:56:19,39.00405,-90.68963,0.0,264.6,511.0,LIBERTY,,WDG3492,31,15,18,6,,52,A
367526620,2022-01-06T11:52:49,39.00406,-90.68964,0.0,262.8,511.0,LIBERTY,,WDG3492,31,15,18,6,,52,A
367526620,2022-01-06T11:59:49,39.00405,-90.68962,0.0,270.0,511.0,LIBERTY,,WDG3492,31,15,18,6,,52,A
367526620,2022-01-06T11:33:19,39.00408,-90.68966,0.0,247.1,511.0,LIBERTY,,WDG3492,31,15,18,6,,52,A
367526620,2022-01-06T11:34:30,39.00408,-90.68964,0.0,244.7,511.0,LIBERTY,,WDG3492,31,15,18,6,,52,A
367526620,2022-01-06T11:24:19,39.00407,-90.68964,0.0,249.4,511.0,LIBERTY,,WDG3492,31,15,18,6,,52,A
367526620,2022-01-06T11:57:28,39.00405,-90.68963,0.0,267.4,511.0,LIBERTY,,WDG3492,31,15,18,6,,52,A
367526620,2022-01-06T09:18:19,39.00408,-90.68964,0.0,229.0,511.0,LIBERTY,,WDG3492,31,15,18,6,,52,A
367526620,2022-01-06T09:12:38,39.00411,-90.68962,0.0,214.1,511.0,LIBERTY,,WDG3492,31,15,18,6,,52,A
367526620,2022-01-06T11:29:58,39.00409,-90.68966,0.1,248.3,511.0,LIBERTY,,WDG3492,31,15,18,6,,52,A
367526620,2022-01-06T11:12:50,39.00409,-90.68962,0.0,287.9,511.0,LIBERTY,,WDG3492,31,15,18,6,,52,A
367526620,2022-01-06T12:08:18,39.00405,-90.68965,0.0,284.2,511.0,LIBERTY,,WDG3492,31,15,18,6,,52,A
367526620,2022-01-06T11:49:18,39.00407,-90.68965,0.0,254.4,511.0,LIBERTY,,WDG3492,31,15,18,6,,52,A
367526620,2022-01-06T12:11:48,39.00408,-90.68963,0.0,271.2,511.0,LIBERTY,,WDG3492,31,15,18,6,,52,A
367526620,2022-01-06T11:50:29,39.00409,-90.68965,0.1,260.0,511.0,LIBERTY,,WDG3492,31,15,18,6,,52,A
367526620,2022-01-06T12:09:28,39.00406,-90.68964,0.0,283.3,511.0,LIBERTY,,WDG3492,31,15,18,6,,52,A
367526620,2022-01-06T09:27:28,39.00412,-90.68965,0.0,249.3,511.0,LIBERTY,,WDG3492,31,15,18,6,,52,A
367526620,2022-01-06T11:39:08,39.00409,-90.68964,0.0,243.7,511.0,LIBERTY,,WDG3492,31,15,18,6,,52,A
367526620,2022-01-06T11:55:09,39.00405,-90.68961,0.0,264.3,511.0,LIBERTY,,WDG3492,31,15,18,6,,52,A
367526620,2022-01-06T12:16:29,39.00406,-90.68962,0.0,263.0,511.0,LIBERTY,,WDG3492,31,15,18,6,,52,A
367526620,2022-01-06T11:23:18,39.00408,-90.68963,0.0,245.4,511.0,LIBERTY,,WDG3492,31,15,18,6,,52,A
367526620,2022-01-06T09:25:18,39.00415,-90.68966,0.0,247.2,511.0,LIBERTY,,WDG3492,31,15,18,6,,52,A
367526620,2022-01-06T12:19:59,39.00409,-90.68963,0.0,269.8,511.0,LIBERTY,,WDG3492,31,15,18,6,,52,A
367526620,2022-01-06T11:42:29,39.00411,-90.68964,0.0,248.7,511.0,LIBERTY,,WDG3492,31,15,18,6,,52,A
367526620,2022-01-06T12:21:08,39.00408,-90.68964,0.0,271.9,511.0,LIBERTY,,WDG3492,31,15,18,6,,52,A
367526620,2022-01-06T12:18:49,39.00407,-90.68962,0.0,267.8,511.0,LIBERTY,,WDG3492,31,15,18,6,,52,A
367526620,2022-01-06T12:00:10,39.00406,-90.68962,0.0,267.5,511.0,LIBERTY,,WDG3492,31,15,18,6,,52,A
367526620,2022-01-06T12:01:19,39.00406,-90.68963,0.0,270.7,511.0,LIBERTY,,WDG3492,31,15,18,6,,52,A
367526620,2022-01-06T11:44:40,39.00408,-90.68964,0.0,255.7,511.0,LIBERTY,,WDG3492,31,15,18,6,,52,A
367526620,2022-01-06T09:29:38,39.00409,-90.68963,0.0,250.9,511.0,LIBERTY,,WDG3492,31,15,18,6,,52,A
367526620,2022-01-06T11:28:49,39.00410,-90.68964,0.0,252.3,511.0,LIBERTY,,WDG3492,31,15,18,6,,52,A
367526620,2022-01-06T12:05:58,39.00408,-90.68964,0.0,270.9,511.0,LIBERTY,,WDG3492,31,15,18,6,,52,A
367526620,2022-01-06T12:07:10,39.00408,-90.68964,0.0,273.2,511.0,LIBERTY,,WDG3492,31,15,18,6,,52,A
367526620,2022-01-06T09:34:19,39.00410,-90.68965,0.0,262.8,511.0,LIBERTY,,WDG3492,31,15,18,6,,52,A
367526620,2022-01-06T11:32:08,39.00406,-90.68965,0.0,246.4,511.0,LIBERTY,,WDG3492,31,15,18,6,,52,A
367526620,2022-01-06T11:35:38,39.00403,-90.68971,0.1,243.9,511.0,LIBERTY,,WDG3492,31,15,18,6,,52,A
367526620,2022-01-06T12:02:29,39.00407,-90.68964,0.0,265.8,511.0,LIBERTY,,WDG3492,31,15,18,6,,52,A
367526620,2022-01-06T11:36:49,39.00406,-90.68969,0.0,245.9,511.0,LIBERTY,,WDG3492,31,15,18,6,,52,A
367526620,2022-01-06T09:38:59,39.00411,-90.68965,0.0,249.4,511.0,LIBERTY,,WDG3492,31,15,18,6,,52,A
367526620,2022-01-06T12:03:38,39.00408,-90.68963,0.0,269.8,511.0,LIBERTY,,WDG3492,31,15,18,6,,52,A
367526620,2022-01-06T12:31:39,39.00408,-90.68958,0.0,291.7,511.0,LIBERTY,,WDG3492,31,15,18,6,,52,A
367526620,2022-01-06T12:33:58,39.00407,-90.68964,0.0,289.7,511.0,LIBERTY,,WDG3492,31,15,18,6,,52,A
367526620,2022-01-06T11:58:38,39.00403,-90.68961,0.0,267.3,511.0,LIBERTY,,WDG3492,31,15,18,6,,52,A
367526620,2022-01-06T09:41:09,39.00406,-90.68963,0.0,236.6,511.0,LIBERTY,,WDG3492,31,15,18,6,,52,A
367526620,2022-01-06T09:42:18,39.00408,-90.68963,0.0,238.9,511.0,LIBERTY,,WDG3492,31,15,18,6,,52,A
367526620,2022-01-06T12:40:58,39.00406,-90.68962,0.0,287.2,511.0,LIBERTY,,WDG3492,31,15,18,6,,52,A
367526620,2022-01-06T12:12:58,39.00408,-90.68962,0.0,272.9,511.0,LIBERTY,,WDG3492,31,15,18,6,,52,A
367526620,2022-01-06T12:45:39,39.00407,-90.68968,0.0,303.2,511.0,LIBERTY,,WDG3492,31,15,18,6,,52,A
367526620,2022-01-06T12:22:19,39.00405,-90.68965,0.0,277.8,511.0,LIBERTY,,WDG3492,31,15,18,6,,52,A
367526620,2022-01-06T12:48:58,39.00411,-90.68961,0.0,303.4,511.0,LIBERTY,,WDG3492,31,15,18,6,,52,A
367526620,2022-01-06T09:52:49,39.00405,-90.68957,0.0,222.9,511.0,LIBERTY,,WDG3492,31,15,18,6,,52,A
367526620,2022-01-06T12:23:29,39.00406,-90.68964,0.0,279.0,511.0,LIBERTY,,WDG3492,31,15,18,6,,52,A
367526620,2022-01-06T13:04:49,39.00407,-90.68963,0.0,317.3,511.0,LIBERTY,,WDG3492,31,15,18,6,,52,A
367526620,2022-01-06T12:38:39,39.00406,-90.68961,0.0,288.3,511.0,LIBERTY,,WDG3492,31,15,18,6,,52,A
367526620,2022-01-06T12:37:29,39.00407,-90.68962,0.0,289.1,511.0,LIBERTY,,WDG3492,31,15,18,6,,52,A
367526620,2022-01-06T12:30:29,39.00409,-90.68960,0.0,279.2,511.0,LIBERTY,,WDG3492,31,15,18,6,,52,A
367526620,2022-01-06T13:09:19,39.00406,-90.68964,0.0,301.6,511.0,LIBERTY,,WDG3492,31,15,18,6,,52,A
367526620,2022-01-06T10:06:59,39.00407,-90.68962,0.0,250.0,511.0,LIBERTY,,WDG3492,31,15,18,6,,52,A
367526620,2022-01-06T13:13:59,39.00405,-90.68966,0.0,322.9,511.0,LIBERTY,,WDG3492,31,15,18,6,,52,A
367526620,2022-01-06T13:16:19,39.00407,-90.68963,0.0,326.2,511.0,LIBERTY,,WDG3492,31,15,18,6,,52,A
367526620,2022-01-06T12:14:10,39.00408,-90.68962,0.0,265.9,511.0,LIBERTY,,WDG3492,31,15,18,6,,52,A
367526620,2022-01-06T10:10:29,39.00411,-90.68959,0.0,308.5,511.0,LIBERTY,,WDG3492,31,15,18,6,,52,A
367526620,2022-01-06T12:42:08,39.00407,-90.68963,0.0,285.9,511.0,LIBERTY,,WDG3492,31,15,18,6,,52,A
367526620,2022-01-06T12:43:18,39.00408,-90.68967,0.0,299.6,511.0,LIBERTY,,WDG3492,31,15,18,6,,52,A
367526620,2022-01-06T12:54:48,39.00410,-90.68960,0.0,325.5,511.0,LIBERTY,,WDG3492,31,15,18,6,,52,A
367526620,2022-01-06T12:50:09,39.00410,-90.68961,0.0,305.0,511.0,LIBERTY,,WDG3492,31,15,18,6,,52,A
367526620,2022-01-06T12:55:58,39.00406,-90.68961,0.0,320.9,511.0,LIBERTY,,WDG3492,31,15,18,6,,52,A
367526620,2022-01-06T12:47:49,39.00410,-90.68962,0.0,310.4,511.0,LIBERTY,,WDG3492,31,15,18,6,,52,A
367526620,2022-01-06T12:24:39,39.00407,-90.68964,0.0,280.5,511.0,LIBERTY,,WDG3492,31,15,18,6,,52,A
367526620,2022-01-06T13:00:09,39.00409,-90.68962,0.0,331.8,511.0,LIBERTY,,WDG3492,31,15,18,6,,52,A
367526620,2022-01-06T12:57:09,39.00408,-90.68963,0.0,325.4,511.0,LIBERTY,,WDG3492,31,15,18,6,,52,A
367526620,2022-01-06T12:52:28,39.00408,-90.68959,0.0,308.6,511.0,LIBERTY,,WDG3492,31,15,18,6,,52,A
367526620,2022-01-06T13:35:48,39.00407,-90.68963,0.0,339.3,511.0,LIBERTY,,WDG3492,31,15,18,6,,52,A
367526620,2022-01-06T10:24:20,39.00409,-90.68964,0.0,311.8,511.0,LIBERTY,,WDG3492,31,15,18,6,,52,A
367526620,2022-01-06T13:01:18,39.00409,-90.68963,0.0,336.7,511.0,LIBERTY,,WDG3492,31,15,18,6,,52,A
367526620,2022-01-06T10:26:39,39.00409,-90.68962,0.0,312.1,511.0,LIBERTY,,WDG3492,31,15,18,6,,52,A
367526620,2022-01-06T13:05:58,39.00412,-90.68962,0.0,315.9,511.0,LIBERTY,,WDG3492,31,15,18,6,,52,A
367526620,2022-01-06T12:58:18,39.00409,-90.68963,0.0,334.0,511.0,LIBERTY,,WDG3492,31,15,18,6,,52,A
367526620,2022-01-06T13:08:09,39.00408,-90.68961,0.0,309.0,511.0,LIBERTY,,WDG3492,31,15,18,6,,52,A
367526620,2022-01-06T12:32:49,39.00408,-90.68964,0.0,293.5,511.0,LIBERTY,,WDG3492,31,15,18,6,,52,A
367526620,2022-01-06T13:10:29,39.00405,-90.68965,0.0,304.8,511.0,LIBERTY,,WDG3492,31,15,18,6,,52,A
367526620,2022-01-06T13:45:08,39.00408,-90.68964,0.0,323.8,511.0,LIBERTY,,WDG3492,31,15,18,6,,52,A
367526620,2022-01-06T13:03:39,39.00406,-90.68963,0.0,323.4,511.0,LIBERTY,,WDG3492,31,15,18,6,,52,A
367526620,2022-01-06T12:35:09,39.00407,-90.68962,0.0,292.4,511.0,LIBERTY,,WDG3492,31,15,18,6,,52,A
367526620,2022-01-06T13:48:29,39.00407,-90.68964,0.0,308.4,511.0,LIBERTY,,WDG3492,31,15,18,6,,52,A
367526620,2022-01-06T13:07:08,39.00409,-90.68961,0.0,312.0,511.0,LIBERTY,,WDG3492,31,15,18,6,,52,A
367526620,2022-01-06T10:36:59,39.00406,-90.68968,0.0,309.1,511.0,LIBERTY,,WDG3492,31,15,18,6,,52,A
367526620,2022-01-06T13:49:39,39.00409,-90.68961,0.0,300.4,511.0,LIBERTY,,WDG3492,31,15,18,6,,52,A
367526620,2022-01-06T13:50:48,39.00407,-90.68961,0.0,285.4,511.0,LIBERTY,,WDG3492,31,15,18,6,,52,A
367526620,2022-01-06T10:40:29,39.00407,-90.68968,0.0,311.4,511.0,LIBERTY,,WDG3492,31,15,18,6,,52,A
367526620,2022-01-06T13:22:59,39.00409,-90.68965,0.0,301.9,511.0,LIBERTY,,WDG3492,31,15,18,6,,52,A
367526620,2022-01-06T13:11:39,39.00409,-90.68963,0.0,319.8,511.0,LIBERTY,,WDG3492,31,15,18,6,,52,A
367526620,2022-01-06T12:44:29,39.00411,-90.68963,0.0,299.0,511.0,LIBERTY,,WDG3492,31,15,18,6,,52,A
367526620,2022-01-06T13:55:28,39.00408,-90.68969,0.0,261.1,511.0,LIBERTY,,WDG3492,31,15,18,6,,52,A
367526620,2022-01-06T10:38:09,39.00409,-90.68964,0.0,312.6,511.0,LIBERTY,,WDG3492,31,15,18,6,,52,A
367526620,2022-01-06T10:43:58,39.00410,-90.68966,0.1,301.9,511.0,LIBERTY,,WDG3492,31,15,18,6,,52,A
367526620,2022-01-06T14:00:08,39.00409,-90.68967,0.0,260.0,511.0,LIBERTY,,WDG3492,31,15,18,6,,52,A
367526620,2022-01-06T13:20:50,39.00407,-90.68963,0.0,308.1,511.0,LIBERTY,,WDG3492,31,15,18,6,,52,A
367526620,2022-01-06T14:04:49,39.00409,-90.68962,0.0,233.2,511.0,LIBERTY,,WDG3492,31,15,18,6,,52,A
367526620,2022-01-06T10:45:09,39.00409,-90.68964,0.0,309.7,511.0,LIBERTY,,WDG3492,31,15,18,6,,52,A
367526620,2022-01-06T13:34:39,39.00409,-90.68963,0.0,336.5,511.0,LIBERTY,,WDG3492,31,15,18,6,,52,A
367526620,2022-01-06T13:42:49,39.00404,-90.68964,0.0,311.3,511.0,LIBERTY,,WDG3492,31,15,18,6,,52,A
367526620,2022-01-06T10:57:58,39.00405,-90.68968,0.0,284.0,511.0,LIBERTY,,WDG3492,31,15,18,6,,52,A
367526620,2022-01-06T13:36:59,39.00407,-90.68965,0.0,331.3,511.0,LIBERTY,,WDG3492,31,15,18,6,,52,A
367526620,2022-01-06T14:20:49,39.00408,-90.68963,0.0,247.4,511.0,LIBERTY,,WDG3492,31,15,18,6,,52,A
367526620,2022-01-06T11:00:08,39.00405,-90.68972,0.0,283.3,511.0,LIBERTY,,WDG3492,31,15,18,6,,52,A
367526620,2022-01-06T13:51:59,39.00406,-90.68967,0.0,276.5,511.0,LIBERTY,,WDG3492,31,15,18,6,,52,A
367526620,2022-01-06T13:12:48,39.00408,-90.68965,0.0,325.9,511.0,LIBERTY,,WDG3492,31,15,18,6,,52,A
367526620,2022-01-06T13:57:49,39.00406,-90.68964,0.0,259.9,511.0,LIBERTY,,WDG3492,31,15,18,6,,52,A
367526620,2022-01-06T14:01:18,39.00408,-90.68964,0.0,254.2,511.0,LIBERTY,,WDG3492,31,15,18,6,,52,A
367526620,2022-01-06T14:31:08,39.00407,-90.68963,0.0,265.8,511.0,LIBERTY,,WDG3492,31,15,18,6,,52,A
367526620,2022-01-06T14:03:39,39.00408,-90.68965,0.0,239.4,511.0,LIBERTY,,WDG3492,31,15,18,6,,52,A
367526620,2022-01-06T11:09:19,39.00409,-90.68961,0.0,281.0,511.0,LIBERTY,,WDG3492,31,15,18,6,,52,A
367526620,2022-01-06T13:58:59,39.00409,-90.68968,0.0,258.3,511.0,LIBERTY,,WDG3492,31,15,18,6,,52,A
367526620,2022-01-06T14:35:49,39.00408,-90.68962,0.0,295.8,511.0,LIBERTY,,WDG3492,31,15,18,6,,52,A
367526620,2022-01-06T11:13:59,39.00406,-90.68964,0.0,290.3,511.0,LIBERTY,,WDG3492,31,15,18,6,,52,A
367526620,2022-01-06T14:39:18,39.00410,-90.68960,0.0,299.3,511.0,LIBERTY,,WDG3492,31,15,18,6,,52,A
367526620,2022-01-06T14:10:39,39.00409,-90.68963,0.0,247.4,511.0,LIBERTY,,WDG3492,31,15,18,6,,52,A
367526620,2022-01-06T13:24:08,39.00407,-90.68966,0.0,292.9,511.0,LIBERTY,,WDG3492,31,15,18,6,,52,A
367526620,2022-01-06T11:16:19,39.00410,-90.68965,0.1,294.1,511.0,LIBERTY,,WDG3492,31,15,18,6,,52,A
367526620,2022-01-06T14:07:09,39.00406,-90.68961,0.0,234.5,511.0,LIBERTY,,WDG3492,31,15,18,6,,52,A
367526620,2022-01-06T14:47:19,39.00409,-90.68963,0.0,324.6,511.0,LIBERTY,,WDG3492,31,15,18,6,,52,A
367526620,2022-01-06T14:46:09,39.00409,-90.68964,0.0,314.7,511.0,LIBERTY,,WDG3492,31,15,18,6,,52,A
367526620,2022-01-06T13:31:09,39.00408,-90.68964,0.0,334.1,511.0,LIBERTY,,WDG3492,31,15,18,6,,52,A
367526620,2022-01-06T14:12:49,39.00408,-90.68963,0.0,251.6,511.0,LIBERTY,,WDG3492,31,15,18,6,,52,A
367526620,2022-01-06T13:32:18,39.00410,-90.68964,0.0,336.7,511.0,LIBERTY,,WDG3492,31,15,18,6,,52,A
367526620,2022-01-06T14:16:08,39.00405,-90.68965,0.0,256.1,511.0,LIBERTY,,WDG3492,31,15,18,6,,52,A
367526620,2022-01-06T14:18:29,39.00406,-90.68964,0.1,252.0,511.0,LIBERTY,,WDG3492,31,15,18,6,,52,A
367526620,2022-01-06T14:19:38,39.00407,-90.68964,0.0,256.9,511.0,LIBERTY,,WDG3492,31,15,18,6,,52,A
367526620,2022-01-06T11:26:30,39.00409,-90.68964,0.0,247.7,511.0,LIBERTY,,WDG3492,31,15,18,6,,52,A
367526620,2022-01-06T11:27:38,39.00417,-90.68960,0.0,249.8,511.0,LIBERTY,,WDG3492,31,15,18,6,,52,A
367526620,2022-01-06T11:30:59,39.00409,-90.68964,0.0,245.3,511.0,LIBERTY,,WDG3492,31,15,18,6,,52,A
367526620,2022-01-06T14:29:59,39.00409,-90.68964,0.0,260.5,511.0,LIBERTY,,WDG3492,31,15,18,6,,52,A
367526620,2022-01-06T13:41:38,39.00402,-90.68963,0.0,315.8,511.0,LIBERTY,,WDG3492,31,15,18,6,,52,A
367526620,2022-01-06T14:58:59,39.00410,-90.68962,0.0,317.7,511.0,LIBERTY,,WDG3492,31,15,18,6,,52,A
367526620,2022-01-06T14:28:48,39.00409,-90.68963,0.0,250.6,511.0,LIBERTY,,WDG3492,31,15,18,6,,52,A
367526620,2022-01-06T15:00:09,39.00410,-90.68961,0.0,315.2,511.0,LIBERTY,,WDG3492,31,15,18,6,,52,A
367526620,2022-01-06T13:46:18,39.00405,-90.68960,0.0,329.2,511.0,LIBERTY,,WDG3492,31,15,18,6,,52,A
367526620,2022-01-06T13:47:28,39.00407,-90.68965,0.0,319.4,511.0,LIBERTY,,WDG3492,31,15,18,6,,52,A
367526620,2022-01-06T11:38:00,39.00408,-90.68965,0.1,243.7,511.0,LIBERTY,,WDG3492,31,15,18,6,,52,A
367526620,2022-01-06T14:34:38,39.00408,-90.68964,0.0,278.7,511.0,LIBERTY,,WDG3492,31,15,18,6,,52,A
367526620,2022-01-06T14:40:28,39.00408,-90.68964,0.0,307.7,511.0,LIBERTY,,WDG3492,31,15,18,6,,52,A
367526620,2022-01-06T11:43:39,39.00410,-90.68965,0.0,250.9,511.0,LIBERTY,,WDG3492,31,15,18,6,,52,A
367526620,2022-01-06T14:41:39,39.00407,-90.68962,0.0,318.8,511.0,LIBERTY,,WDG3492,31,15,18,6,,52,A
367526620,2022-01-06T15:07:09,39.00405,-90.68962,0.1,217.9,511.0,LIBERTY,,WDG3492,31,15,18,6,,52,A
367526620,2022-01-06T13:54:19,39.00406,-90.68970,0.0,265.2,511.0,LIBERTY,,WDG3492,31,15,18,6,,52,A
367526620,2022-01-06T15:12:49,39.00409,-90.68965,0.0,209.7,511.0,LIBERTY,,WDG3492,31,15,18,6,,52,A
367526620,2022-01-06T15:13:58,39.00408,-90.68967,0.0,211.0,511.0,LIBERTY,,WDG3492,31,15,18,6,,52,A
367526620,2022-01-06T14:42:49,39.00408,-90.68964,0.0,307.6,511.0,LIBERTY,,WDG3492,31,15,18,6,,52,A
367526620,2022-01-06T14:02:29,39.00409,-90.68963,0.0,247.3,511.0,LIBERTY,,WDG3492,31,15,18,6,,52,A
367526620,2022-01-06T11:51:38,39.00408,-90.68966,0.0,264.2,511.0,LIBERTY,,WDG3492,31,15,18,6,,52,A
367526620,2022-01-06T14:05:58,39.00408,-90.68963,0.0,232.7,511.0,LIBERTY,,WDG3492,31,15,18,6,,52,A
367526620,2022-01-06T11:53:59,39.00406,-90.68963,0.0,268.7,511.0,LIBERTY,,WDG3492,31,15,18,6,,52,A
367526620,2022-01-06T14:11:48,39.00408,-90.68963,0.0,247.5,511.0,LIBERTY,,WDG3492,31,15,18,6,,52,A
367526620,2022-01-06T15:24:28,39.00404,-90.68962,0.0,254.0,511.0,LIBERTY,,WDG3492,31,15,18,6,,52,A
367526620,2022-01-06T14:55:28,39.00412,-90.68962,0.0,322.8,511.0,LIBERTY,,WDG3492,31,15,18,6,,52,A
367526620,2022-01-06T14:53:08,39.00413,-90.68963,0.0,319.5,511.0,LIBERTY,,WDG3492,31,15,18,6,,52,A
367526620,2022-01-06T15:29:09,39.00407,-90.68962,0.0,251.2,511.0,LIBERTY,,WDG3492,31,15,18,6,,52,A
367526620,2022-01-06T14:57:48,39.00410,-90.68961,0.0,321.6,511.0,LIBERTY,,WDG3492,31,15,18,6,,52,A
367526620,2022-01-06T15:33:48,39.00407,-90.68962,0.1,252.4,511.0,LIBERTY,,WDG3492,31,15,18,6,,52,A
367526620,2022-01-06T15:37:09,39.00406,-90.68960,0.0,257.4,511.0,LIBERTY,,WDG3492,31,15,18,6,,52,A
367526620,2022-01-06T15:05:59,39.00408,-90.68963,0.0,233.4,511.0,LIBERTY,,WDG3492,31,15,18,6,,52,A
367526620,2022-01-06T12:04:49,39.00407,-90.68963,0.0,271.1,511.0,LIBERTY,,WDG3492,31,15,18,6,,52,A
367526620,2022-01-06T12:10:38,39.00406,-90.68963,0.0,277.5,511.0,LIBERTY,,WDG3492,31,15,18,6,,52,A
367526620,2022-01-06T14:26:29,39.00406,-90.68966,0.0,235.5,511.0,LIBERTY,,WDG3492,31,15,18,6,,52,A
367526620,2022-01-06T15:44:08,39.00406,-90.68961,0.0,231.5,511.0,LIBERTY,,WDG3492,31,15,18,6,,52,A
367526620,2022-01-06T15:46:29,39.00406,-90.68963,0.0,213.8,511.0,LIBERTY,,WDG3492,31,15,18,6,,52,A
367526620,2022-01-06T15:10:38,39.00408,-90.68965,0.1,210.8,511.0,LIBERTY,,WDG3492,31,15,18,6,,52,A
367526620,2022-01-06T15:11:48,39.00408,-90.68967,0.1,210.5,511.0,LIBERTY,,WDG3492,31,15,18,6,,52,A
367526620,2022-01-06T14:33:29,39.00407,-90.68961,0.0,276.7,511.0,LIBERTY,,WDG3492,31,15,18,6,,52,A
367526620,2022-01-06T12:17:38,39.00407,-90.68962,0.0,265.0,511.0,LIBERTY,,WDG3492,31,15,18,6,,52,A
367526620,2022-01-06T15:17:28,39.00409,-90.68965,0.0,230.6,511.0,LIBERTY,,WDG3492,31,15,18,6,,52,A
367526620,2022-01-06T15:51:10,39.00409,-90.68960,0.0,216.7,511.0,LIBERTY,,WDG3492,31,15,18,6,,52,A
367526620,2022-01-06T15:15:08,39.00408,-90.68967,0.0,228.0,511.0,LIBERTY,,WDG3492,31,15,18,6,,52,A
367526620,2022-01-06T15:23:20,39.00408,-90.68962,0.0,258.8,511.0,LIBERTY,,WDG3492,31,15,18,6,,52,A
367526620,2022-01-06T15:19:49,39.00405,-90.68965,0.1,246.3,511.0,LIBERTY,,WDG3492,31,15,18,6,,52,A
367526620,2022-01-06T12:15:18,39.00409,-90.68962,0.0,265.7,511.0,LIBERTY,,WDG3492,31,15,18,6,,52,A
367526620,2022-01-06T15:26:48,39.00409,-90.68962,0.0,254.9,511.0,LIBERTY,,WDG3492,31,15,18,6,,52,A
367526620,2022-01-06T12:25:49,39.00404,-90.68962,0.0,278.1,511.0,LIBERTY,,WDG3492,31,15,18,6,,52,A
367526620,2022-01-06T15:27:58,39.00408,-90.68960,0.0,251.8,511.0,LIBERTY,,WDG3492,31,15,18,6,,52,A
367526620,2022-01-06T12:26:59,39.00406,-90.68964,0.0,291.4,511.0,LIBERTY,,WDG3492,31,15,18,6,,52,A
367526620,2022-01-06T12:28:09,39.00407,-90.68962,0.0,288.3,511.0,LIBERTY,,WDG3492,31,15,18,6,,52,A
367526620,2022-01-06T12:29:19,39.00405,-90.68963,0.0,285.9,511.0,LIBERTY,,WDG3492,31,15,18,6,,52,A
367526620,2022-01-06T15:31:29,39.00407,-90.68962,0.0,252.7,511.0,LIBERTY,,WDG3492,31,15,18,6,,52,A
367526620,2022-01-06T15:32:39,39.00407,-90.68964,0.0,253.9,511.0,LIBERTY,,WDG3492,31,15,18,6,,52,A
367526620,2022-01-06T16:02:29,39.00406,-90.68961,0.0,213.0,511.0,LIBERTY,,WDG3492,31,15,18,6,,52,A
367526620,2022-01-06T12:36:19,39.00408,-90.68961,0.0,294.1,511.0,LIBERTY,,WDG3492,31,15,18,6,,52,A
367526620,2022-01-06T15:30:18,39.00407,-90.68962,0.0,249.3,511.0,LIBERTY,,WDG3492,31,15,18,6,,52,A
367526620,2022-01-06T14:51:59,39.00408,-90.68962,0.0,323.6,511.0,LIBERTY,,WDG3492,31,15,18,6,,52,A
367526620,2022-01-06T16:05:59,39.00404,-90.68960,0.0,214.2,511.0,LIBERTY,,WDG3492,31,15,18,6,,52,A
367526620,2022-01-06T16:03:40,39.00407,-90.68959,0.0,210.1,511.0,LIBERTY,,WDG3492,31,15,18,6,,52,A
367526620,2022-01-06T15:34:58,39.00408,-90.68962,0.0,252.6,511.0,LIBERTY,,WDG3492,31,15,18,6,,52,A
367526620,2022-01-06T14:56:39,39.00411,-90.68961,0.0,318.4,511.0,LIBERTY,,WDG3492,31,15,18,6,,52,A
367526620,2022-01-06T16:11:49,39.00406,-90.68960,0.0,200.3,511.0,LIBERTY,,WDG3492,31,15,18,6,,52,A
367526620,2022-01-06T15:40:39,39.00407,-90.68961,0.0,254.1,511.0,LIBERTY,,WDG3492,31,15,18,6,,52,A
367526620,2022-01-06T16:14:09,39.00408,-90.68958,0.0,198.9,511.0,LIBERTY,,WDG3492,31,15,18,6,,52,A
367526620,2022-01-06T15:48:48,39.00406,-90.68963,0.0,224.5,511.0,LIBERTY,,WDG3492,31,15,18,6,,52,A
367526620,2022-01-06T15:49:59,39.00409,-90.68960,0.0,223.3,511.0,LIBERTY,,WDG3492,31,15,18,6,,52,A
367526620,2022-01-06T12:46:40,39.00409,-90.68966,0.0,307.8,511.0,LIBERTY,,WDG3492,31,15,18,6,,52,A
367526620,2022-01-06T15:52:19,39.00410,-90.68962,0.0,216.0,511.0,LIBERTY,,WDG3492,31,15,18,6,,52,A
367526620,2022-01-06T15:45:18,39.00407,-90.68960,0.0,220.3,511.0,LIBERTY,,WDG3492,31,15,18,6,,52,A
367526620,2022-01-06T15:03:39,39.00406,-90.68962,0.0,254.9,511.0,LIBERTY,,WDG3492,31,15,18,6,,52,A
367526620,2022-01-06T15:47:40,39.00406,-90.68963,0.1,229.6,511.0,LIBERTY,,WDG3492,31,15,18,6,,52,A
367526620,2022-01-06T12:51:18,39.00409,-90.68961,0.0,302.5,511.0,LIBERTY,,WDG3492,31,15,18,6,,52,A
367526620,2022-01-06T16:20:00,39.00407,-90.68960,0.0,221.3,511.0,LIBERTY,,WDG3492,31,15,18,6,,52,A
367526620,2022-01-06T12:39:49,39.00406,-90.68961,0.0,288.9,511.0,LIBERTY,,WDG3492,31,15,18,6,,52,A
367526620,2022-01-06T16:21:09,39.00407,-90.68960,0.0,234.1,511.0,LIBERTY,,WDG3492,31,15,18,6,,52,A
367526620,2022-01-06T12:53:40,39.00408,-90.68962,0.0,316.7,511.0,LIBERTY,,WDG3492,31,15,18,6,,52,A
367526620,2022-01-06T15:54:39,39.00408,-90.68963,0.1,215.3,511.0,LIBERTY,,WDG3492,31,15,18,6,,52,A
367526620,2022-01-06T16:23:28,39.00407,-90.68961,0.0,245.0,511.0,LIBERTY,,WDG3492,31,15,18,6,,52,A
367526620,2022-01-06T16:00:09,39.00408,-90.68963,0.0,209.5,511.0,LIBERTY,,WDG3492,31,15,18,6,,52,A
367526620,2022-01-06T15:56:59,39.00406,-90.68962,0.0,211.3,511.0,LIBERTY,,WDG3492,31,15,18,6,,52,A
367526620,2022-01-06T15:18:39,39.00406,-90.68965,0.0,243.7,511.0,LIBERTY,,WDG3492,31,15,18,6,,52,A
367526620,2022-01-06T13:02:29,39.00409,-90.68963,0.0,328.2,511.0,LIBERTY,,WDG3492,31,15,18,6,,52,A
367526620,2022-01-06T16:07:09,39.00404,-90.68959,0.0,208.7,511.0,LIBERTY,,WDG3492,31,15,18,6,,52,A
367526620,2022-01-06T16:08:19,39.00404,-90.68959,0.0,208.6,511.0,LIBERTY,,WDG3492,31,15,18,6,,52,A
367526620,2022-01-06T16:09:28,39.00408,-90.68961,0.0,211.5,511.0,LIBERTY,,WDG3492,31,15,18,6,,52,A
367526620,2022-01-06T16:39:39,39.00407,-90.68964,0.0,271.5,511.0,LIBERTY,,WDG3492,31,15,18,6,,52,A
367526620,2022-01-06T16:10:38,39.00408,-90.68963,0.0,204.3,511.0,LIBERTY,,WDG3492,31,15,18,6,,52,A
367526620,2022-01-06T16:36:09,39.00407,-90.68964,0.0,291.9,511.0,LIBERTY,,WDG3492,31,15,18,6,,52,A
367526620,2022-01-06T16:41:58,39.00404,-90.68962,0.0,266.3,511.0,LIBERTY,,WDG3492,31,15,18,6,,52,A
367526620,2022-01-06T16:38:29,39.00407,-90.68967,0.0,278.5,511.0,LIBERTY,,WDG3492,31,15,18,6,,52,A
367526620,2022-01-06T16:45:29,39.00405,-90.68962,0.0,241.1,511.0,LIBERTY,,WDG3492,31,15,18,6,,52,A
367526620,2022-01-06T16:22:19,39.00408,-90.68960,0.0,241.4,511.0,LIBERTY,,WDG3492,31,15,18,6,,52,A
367526620,2022-01-06T13:15:09,39.00406,-90.68963,0.0,322.5,511.0,LIBERTY,,WDG3492,31,15,18,6,,52,A
367526620,2022-01-06T16:53:40,39.00406,-90.68963,0.0,211.4,511.0,LIBERTY,,WDG3492,31,15,18,6,,52,A
367526620,2022-01-06T15:42:58,39.00406,-90.68964,0.0,234.1,511.0,LIBERTY,,WDG3492,31,15,18,6,,52,A
367526620,2022-01-06T13:17:20,39.00408,-90.68963,0.0,331.0,511.0,LIBERTY,,WDG3492,31,15,18,6,,52,A
367526620,2022-01-06T16:29:10,39.00407,-90.68962,0.1,289.0,511.0,LIBERTY,,WDG3492,31,15,18,6,,52,A
367526620,2022-01-06T13:18:29,39.00407,-90.68963,0.0,322.5,511.0,LIBERTY,,WDG3492,31,15,18,6,,52,A
367526620,2022-01-06T13:19:39,39.00407,-90.68964,0.0,315.1,511.0,LIBERTY,,WDG3492,31,15,18,6,,52,A
367526620,2022-01-06T12:59:29,39.00409,-90.68961,0.0,330.3,511.0,LIBERTY,,WDG3492,31,15,18,6,,52,A
367526620,2022-01-06T13:21:58,39.00407,-90.68961,0.0,303.1,511.0,LIBERTY,,WDG3492,31,15,18,6,,52,A
367526620,2022-01-06T16:59:29,39.00408,-90.68962,0.0,201.7,511.0,LIBERTY,,WDG3492,31,15,18,6,,52,A
367526620,2022-01-06T17:00:10,39.00408,-90.68962,0.0,207.6,511.0,LIBERTY,,WDG3492,31,15,18,6,,52,A
367526620,2022-01-06T16:58:19,39.00409,-90.68963,0.0,199.9,511.0,LIBERTY,,WDG3492,31,15,18,6,,52,A
367526620,2022-01-06T17:02:29,39.00408,-90.68959,0.0,208.7,511.0,LIBERTY,,WDG3492,31,15,18,6,,52,A
367526620,2022-01-06T16:32:38,39.00407,-90.68963,0.0,307.0,511.0,LIBERTY,,WDG3492,31,15,18,6,,52,A
367526620,2022-01-06T17:08:09,39.00405,-90.68964,0.0,218.1,511.0,LIBERTY,,WDG3492,31,15,18,6,,52,A
367526620,2022-01-06T16:40:49,39.00404,-90.68961,0.0,267.1,511.0,LIBERTY,,WDG3492,31,15,18,6,,52,A
367526620,2022-01-06T15:58:09,39.00407,-90.68965,0.0,217.4,511.0,LIBERTY,,WDG3492,31,15,18,6,,52,A
367526620,2022-01-06T15:59:19,39.00408,-90.68961,0.0,209.3,511.0,LIBERTY,,WDG3492,31,15,18,6,,52,A
367526620,2022-01-06T16:46:38,39.00407,-90.68964,0.0,241.0,511.0,LIBERTY,,WDG3492,31,15,18,6,,52,A
367526620,2022-01-06T17:18:40,39.00406,-90.68964,0.0,192.7,511.0,LIBERTY,,WDG3492,31,15,18,6,,52,A
367526620,2022-01-06T17:22:08,39.00406,-90.68961,0.0,178.1,511.0,LIBERTY,,WDG3492,31,15,18,6,,52,A
367526620,2022-01-06T16:51:19,39.00405,-90.68962,0.0,209.5,511.0,LIBERTY,,WDG3492,31,15,18,6,,52,A
367526620,2022-01-06T13:43:59,39.00406,-90.68960,0.0,314.3,511.0,LIBERTY,,WDG3492,31,15,18,6,,52,A
367526620,2022-01-06T16:12:59,39.00406,-90.68961,0.0,197.6,511.0,LIBERTY,,WDG3492,31,15,18,6,,52,A
367526620,2022-01-06T16:55:59,39.00409,-90.68964,0.0,204.6,511.0,LIBERTY,,WDG3492,31,15,18,6,,52,A
367526620,2022-01-06T16:52:30,39.00406,-90.68961,0.0,208.4,511.0,LIBERTY,,WDG3492,31,15,18,6,,52,A
367526620,2022-01-06T16:54:49,39.00408,-90.68965,0.0,205.5,511.0,LIBERTY,,WDG3492,31,15,18,6,,52,A
367526620,2022-01-06T17:23:18,39.00400,-90.68970,0.0,176.4,511.0,LIBERTY,,WDG3492,31,15,18,6,,52,A
367526620,2022-01-06T13:25:20,39.00406,-90.68967,0.0,298.0,511.0,LIBERTY,,WDG3492,31,15,18,6,,52,A
367526620,2022-01-06T17:27:49,39.00408,-90.68964,0.0,122.7,511.0,LIBERTY,,WDG3492,31,15,18,6,,52,A
367526620,2022-01-06T13:26:28,39.00406,-90.68967,0.0,303.8,511.0,LIBERTY,,WDG3492,31,15,18,6,,52,A
367526620,2022-01-06T16:16:29,39.00407,-90.68958,0.0,198.9,511.0,LIBERTY,,WDG3492,31,15,18,6,,52,A
367526620,2022-01-06T16:57:10,39.00409,-90.68963,0.0,200.4,511.0,LIBERTY,,WDG3492,31,15,18,6,,52,A
367526620,2022-01-06T17:30:10,39.00411,-90.68966,0.0,139.2,511.0,LIBERTY,,WDG3492,31,15,18,6,,52,A
367526620,2022-01-06T13:27:38,39.00405,-90.68965,0.0,311.3,511.0,LIBERTY,,WDG3492,31,15,18,6,,52,A
367526620,2022-01-06T13:28:48,39.00405,-90.68963,0.0,320.0,511.0,LIBERTY,,WDG3492,31,15,18,6,,52,A
367526620,2022-01-06T13:29:59,39.00407,-90.68964,0.0,327.7,511.0,LIBERTY,,WDG3492,31,15,18,6,,52,A
367526620,2022-01-06T13:53:09,39.00407,-90.68969,0.0,269.8,511.0,LIBERTY,,WDG3492,31,15,18,6,,52,A
367526620,2022-01-06T13:33:28,39.00408,-90.68966,0.0,342.7,511.0,LIBERTY,,WDG3492,31,15,18,6,,52,A
367526620,2022-01-06T17:35:58,39.00410,-90.68963,0.0,199.9,511.0,LIBERTY,,WDG3492,31,15,18,6,,52,A
367526620,2022-01-06T13:56:38,39.00406,-90.68967,0.0,263.9,511.0,LIBERTY,,WDG3492,31,15,18,6,,52,A
367526620,2022-01-06T17:09:19,39.00407,-90.68963,0.0,220.2,511.0,LIBERTY,,WDG3492,31,15,18,6,,52,A
367526620,2022-01-06T17:11:39,39.00406,-90.68962,0.0,198.7,511.0,LIBERTY,,WDG3492,31,15,18,6,,52,A
367526620,2022-01-06T16:28:09,39.00406,-90.68962,0.0,286.2,511.0,LIBERTY,,WDG3492,31,15,18,6,,52,A
367526620,2022-01-06T13:38:09,39.00408,-90.68963,0.0,319.8,511.0,LIBERTY,,WDG3492,31,15,18,6,,52,A
367526620,2022-01-06T13:39:19,39.00406,-90.68962,0.0,323.5,511.0,LIBERTY,,WDG3492,31,15,18,6,,52,A
367526620,2022-01-06T17:12:49,39.00403,-90.68977,0.0,203.5,511.0,LIBERTY,,WDG3492,31,15,18,6,,52,A
367526620,2022-01-06T17:43:58,39.00405,-90.68963,0.0,257.2,511.0,LIBERTY,,WDG3492,31,15,18,6,,52,A
367526620,2022-01-06T13:40:28,39.00406,-90.68964,0.0,317.4,511.0,LIBERTY,,WDG3492,31,15,18,6,,52,A
367526620,2022-01-06T16:33:50,39.00409,-90.68964,0.0,310.8,511.0,LIBERTY,,WDG3492,31,15,18,6,,52,A
367526620,2022-01-06T17:49:49,39.00404,-90.68966,0.0,275.8,511.0,LIBERTY,,WDG3492,31,15,18,6,,52,A
367526620,2022-01-06T17:19:49,39.00404,-90.68963,0.0,196.8,511.0,LIBERTY,,WDG3492,31,15,18,6,,52,A
367526620,2022-01-06T17:24:29,39.00406,-90.68971,0.0,163.8,511.0,LIBERTY,,WDG3492,31,15,18,6,,52,A
367526620,2022-01-06T17:20:58,39.00406,-90.68962,0.0,193.9,511.0,LIBERTY,,WDG3492,31,15,18,6,,52,A
367526620,2022-01-06T14:14:59,39.00405,-90.68964,0.0,260.3,511.0,LIBERTY,,WDG3492,31,15,18,6,,52,A
367526620,2022-01-06T16:43:09,39.00407,-90.68962,0.0,256.8,511.0,LIBERTY,,WDG3492,31,15,18,6,,52,A
367526620,2022-01-06T14:17:19,39.00406,-90.68967,0.0,256.9,511.0,LIBERTY,,WDG3492,31,15,18,6,,52,A
367526620,2022-01-06T17:31:20,39.00411,-90.68966,0.0,150.1,511.0,LIBERTY,,WDG3492,31,15,18,6,,52,A
367526620,2022-01-06T17:33:38,39.00408,-90.68964,0.0,177.9,511.0,LIBERTY,,WDG3492,31,15,18,6,,52,A
367526620,2022-01-06T16:48:59,39.00405,-90.68964,0.0,228.7,511.0,LIBERTY,,WDG3492,31,15,18,6,,52,A
367526620,2022-01-06T14:21:50,39.00409,-90.68963,0.0,245.4,511.0,LIBERTY,,WDG3492,31,15,18,6,,52,A
367526620,2022-01-06T14:22:59,39.00405,-90.68961,0.0,241.9,511.0,LIBERTY,,WDG3492,31,15,18,6,,52,A
367526620,2022-01-06T14:25:18,39.00409,-90.68964,0.0,235.7,511.0,LIBERTY,,WDG3492,31,15,18,6,,52,A
367526620,2022-01-06T14:27:38,39.00408,-90.68964,0.0,243.6,511.0,LIBERTY,,WDG3492,31,15,18,6,,52,A
367526620,2022-01-06T17:39:28,39.00408,-90.68962,0.0,227.3,511.0,LIBERTY,,WDG3492,31,15,18,6,,52,A
367526620,2022-01-06T17:37:09,39.00408,-90.68964,0.0,202.6,511.0,LIBERTY,,WDG3492,31,15,18,6,,52,A
367526620,2022-01-06T17:01:19,39.00406,-90.68962,0.0,205.5,511.0,LIBERTY,,WDG3492,31,15,18,6,,52,A
367526620,2022-01-06T17:47:29,39.00406,-90.68964,0.0,271.5,511.0,LIBERTY,,WDG3492,31,15,18,6,,52,A
367526620,2022-01-06T17:48:39,39.00408,-90.68963,0.0,275.9,511.0,LIBERTY,,WDG3492,31,15,18,6,,52,A
367526620,2022-01-06T14:08:19,39.00408,-90.68962,0.0,236.2,511.0,LIBERTY,,WDG3492,31,15,18,6,,52,A
367526620,2022-01-06T17:03:39,39.00406,-90.68963,0.0,212.0,511.0,LIBERTY,,WDG3492,31,15,18,6,,52,A
367526620,2022-01-06T18:17:59,39.00407,-90.68963,0.0,251.0,511.0,LIBERTY,,WDG3492,31,15,18,6,,52,A
367526620,2022-01-06T18:20:20,39.00407,-90.68965,0.0,229.9,511.0,LIBERTY,,WDG3492,31,15,18,6,,52,A
367526620,2022-01-06T14:09:29,39.00408,-90.68966,0.0,239.0,511.0,LIBERTY,,WDG3492,31,15,18,6,,52,A
367526620,2022-01-06T17:04:49,39.00406,-90.68963,0.0,213.0,511.0,LIBERTY,,WDG3492,31,15,18,6,,52,A
367526620,2022-01-06T17:05:58,39.00405,-90.68965,0.0,220.5,511.0,LIBERTY,,WDG3492,31,15,18,6,,52,A
367526620,2022-01-06T17:53:39,39.00408,-90.68963,0.0,296.5,511.0,LIBERTY,,WDG3492,31,15,18,6,,52,A
367526620,2022-01-06T17:52:28,39.00405,-90.68967,0.0,290.1,511.0,LIBERTY,,WDG3492,31,15,18,6,,52,A
367526620,2022-01-06T14:43:58,39.00405,-90.68967,0.0,316.0,511.0,LIBERTY,,WDG3492,31,15,18,6,,52,A
367526620,2022-01-06T14:13:58,39.00405,-90.68964,0.0,251.8,511.0,LIBERTY,,WDG3492,31,15,18,6,,52,A
367526620,2022-01-06T17:54:40,39.00406,-90.68963,0.0,294.2,511.0,LIBERTY,,WDG3492,31,15,18,6,,52,A
367526620,2022-01-06T14:44:59,39.00411,-90.68964,0.0,315.4,511.0,LIBERTY,,WDG3492,31,15,18,6,,52,A
367526620,2022-01-06T18:01:18,39.00409,-90.68962,0.0,295.6,511.0,LIBERTY,,WDG3492,31,15,18,6,,52,A
367526620,2022-01-06T17:16:18,39.00409,-90.68964,0.0,195.4,511.0,LIBERTY,,WDG3492,31,15,18,6,,52,A
367526620,2022-01-06T18:02:19,39.00417,-90.68965,0.1,304.8,511.0,LIBERTY,,WDG3492,31,15,18,6,,52,A
367526620,2022-01-06T18:37:28,39.00406,-90.68960,0.0,218.6,511.0,LIBERTY,,WDG3492,31,15,18,6,,52,A
367526620,2022-01-06T18:35:08,39.00406,-90.68958,0.0,213.7,511.0,LIBERTY,,WDG3492,31,15,18,6,,52,A
367526620,2022-01-06T17:25:38,39.00406,-90.68967,0.0,158.1,511.0,LIBERTY,,WDG3492,31,15,18,6,,52,A
367526620,2022-01-06T17:26:39,39.00406,-90.68964,0.0,136.9,511.0,LIBERTY,,WDG3492,31,15,18,6,,52,A
367526620,2022-01-06T14:24:10,39.00409,-90.68964,0.0,239.8,511.0,LIBERTY,,WDG3492,31,15,18,6,,52,A
367526620,2022-01-06T18:39:49,39.00408,-90.68960,0.0,220.2,511.0,LIBERTY,,WDG3492,31,15,18,6,,52,A
367526620,2022-01-06T17:28:59,39.00409,-90.68966,0.0,119.4,511.0,LIBERTY,,WDG3492,31,15,18,6,,52,A
367526620,2022-01-06T18:40:58,39.00407,-90.68960,0.0,221.9,511.0,LIBERTY,,WDG3492,31,15,18,6,,52,A
367526620,2022-01-06T17:32:29,39.00411,-90.68963,0.0,167.2,511.0,LIBERTY,,WDG3492,31,15,18,6,,52,A
367526620,2022-01-06T18:19:10,39.00406,-90.68962,0.0,235.3,511.0,LIBERTY,,WDG3492,31,15,18,6,,52,A
367526620,2022-01-06T15:01:19,39.00409,-90.68960,0.0,297.1,511.0,LIBERTY,,WDG3492,31,15,18,6,,52,A
367526620,2022-01-06T18:21:30,39.00407,-90.68964,0.0,223.5,511.0,LIBERTY,,WDG3492,31,15,18,6,,52,A
367526620,2022-01-06T15:04:49,39.00407,-90.68963,0.0,244.9,511.0,LIBERTY,,WDG3492,31,15,18,6,,52,A
367526620,2022-01-06T18:23:49,39.00408,-90.68962,0.0,211.7,511.0,LIBERTY,,WDG3492,31,15,18,6,,52,A
367526620,2022-01-06T18:50:08,39.00405,-90.68963,0.0,231.2,511.0,LIBERTY,,WDG3492,31,15,18,6,,52,A
367526620,2022-01-06T15:08:19,39.00406,-90.68963,0.0,214.9,511.0,LIBERTY,,WDG3492,31,15,18,6,,52,A
367526620,2022-01-06T14:32:18,39.00407,-90.68962,0.0,273.1,511.0,LIBERTY,,WDG3492,31,15,18,6,,52,A
367526620,2022-01-06T15:09:29,39.00406,-90.68966,0.0,213.5,511.0,LIBERTY,,WDG3492,31,15,18,6,,52,A
367526620,2022-01-06T19:01:19,39.00405,-90.68961,0.1,221.4,511.0,LIBERTY,,WDG3492,31,15,18,6,,52,A
367526620,2022-01-06T19:03:38,39.00406,-90.68963,0.0,218.0,511.0,LIBERTY,,WDG3492,31,15,18,6,,52,A
367526620,2022-01-06T18:32:38,39.00405,-90.68959,0.0,211.2,511.0,LIBERTY,,WDG3492,31,15,18,6,,52,A
367526620,2022-01-06T19:07:09,39.00404,-90.68964,0.0,219.4,511.0,LIBERTY,,WDG3492,31,15,18,6,,52,A
367526620,2022-01-06T19:08:19,39.00403,-90.68965,0.0,219.8,511.0,LIBERTY,,WDG3492,31,15,18,6,,52,A
367526620,2022-01-06T14:36:59,39.00408,-90.68962,0.0,302.8,511.0,LIBERTY,,WDG3492,31,15,18,6,,52,A
367526620,2022-01-06T19:09:30,39.00407,-90.68962,0.0,220.2,511.0,LIBERTY,,WDG3492,31,15,18,6,,52,A
367526620,2022-01-06T18:26:09,39.00407,-90.68961,0.0,211.1,511.0,LIBERTY,,WDG3492,31,15,18,6,,52,A
367526620,2022-01-06T18:36:18,39.00405,-90.68958,0.0,214.6,511.0,LIBERTY,,WDG3492,31,15,18,6,,52,A
367526620,2022-01-06T17:46:18,39.00406,-90.68963,0.0,260.3,511.0,LIBERTY,,WDG3492,31,15,18,6,,52,A
367526620,2022-01-06T14:38:09,39.00409,-90.68961,0.0,304.4,511.0,LIBERTY,,WDG3492,31,15,18,6,,52,A
367526620,2022-01-06T18:27:19,39.00405,-90.68961,0.0,209.1,511.0,LIBERTY,,WDG3492,31,15,18,6,,52,A
367526620,2022-01-06T15:16:19,39.00408,-90.68966,0.0,217.3,511.0,LIBERTY,,WDG3492,31,15,18,6,,52,A
367526620,2022-01-06T17:51:18,39.00404,-90.68969,0.0,292.6,511.0,LIBERTY,,WDG3492,31,15,18,6,,52,A
367526620,2022-01-06T18:42:08,39.00406,-90.68961,0.1,223.3,511.0,LIBERTY,,WDG3492,31,15,18,6,,52,A
367526620,2022-01-06T18:33:59,39.00405,-90.68959,0.0,210.6,511.0,LIBERTY,,WDG3492,31,15,18,6,,52,A
367526620,2022-01-06T15:21:08,39.00407,-90.68966,0.0,246.7,511.0,LIBERTY,,WDG3492,31,15,18,6,,52,A
367526620,2022-01-06T18:46:48,39.00409,-90.68965,0.0,234.7,511.0,LIBERTY,,WDG3492,31,15,18,6,,52,A
367526620,2022-01-06T14:48:29,39.00413,-90.68963,0.0,318.5,511.0,LIBERTY,,WDG3492,31,15,18,6,,52,A
367526620,2022-01-06T19:14:08,39.00408,-90.68962,0.0,214.8,511.0,LIBERTY,,WDG3492,31,15,18,6,,52,A
367526620,2022-01-06T19:15:10,39.00408,-90.68960,0.0,217.7,511.0,LIBERTY,,WDG3492,31,15,18,6,,52,A
367526620,2022-01-06T15:25:39,39.00407,-90.68961,0.0,257.0,511.0,LIBERTY,,WDG3492,31,15,18,6,,52,A
367526620,2022-01-06T14:49:39,39.00412,-90.68963,0.0,320.4,511.0,LIBERTY,,WDG3492,31,15,18,6,,52,A
367526620,2022-01-06T18:00:08,39.00407,-90.68963,0.0,295.1,511.0,LIBERTY,,WDG3492,31,15,18,6,,52,A
367526620,2022-01-06T14:50:48,39.00413,-90.68966,0.0,319.0,511.0,LIBERTY,,WDG3492,31,15,18,6,,52,A
367526620,2022-01-06T19:17:28,39.00405,-90.68961,0.0,223.5,511.0,LIBERTY,,WDG3492,31,15,18,6,,52,A
367526620,2022-01-06T14:54:18,39.00411,-90.68963,0.0,315.4,511.0,LIBERTY,,WDG3492,31,15,18,6,,52,A
367526620,2022-01-06T18:44:28,39.00407,-90.68962,0.0,229.8,511.0,LIBERTY,,WDG3492,31,15,18,6,,52,A
367526620,2022-01-06T18:45:39,39.00407,-90.68963,0.0,235.0,511.0,LIBERTY,,WDG3492,31,15,18,6,,52,A
367526620,2022-01-06T19:29:00,39.00407,-90.68963,0.0,233.4,511.0,LIBERTY,,WDG3492,31,15,18,6,,52,A
367526620,2022-01-06T19:31:19,39.00406,-90.68964,0.0,244.1,511.0,LIBERTY,,WDG3492,31,15,18,6,,52,A
367526620,2022-01-06T18:48:59,39.00404,-90.68964,0.0,232.9,511.0,LIBERTY,,WDG3492,31,15,18,6,,52,A
367526620,2022-01-06T18:56:59,39.00409,-90.68962,0.0,231.5,511.0,LIBERTY,,WDG3492,31,15,18,6,,52,A
367526620,2022-01-06T15:02:28,39.00407,-90.68960,0.0,275.4,511.0,LIBERTY,,WDG3492,31,15,18,6,,52,A
367526620,2022-01-06T19:30:08,39.00409,-90.68965,0.0,243.1,511.0,LIBERTY,,WDG3492,31,15,18,6,,52,A
367526620,2022-01-06T18:54:39,39.00408,-90.68961,0.0,217.5,511.0,LIBERTY,,WDG3492,31,15,18,6,,52,A
367526620,2022-01-06T15:35:59,39.00407,-90.68963,0.0,258.2,511.0,LIBERTY,,WDG3492,31,15,18,6,,52,A
367526620,2022-01-06T15:39:29,39.00406,-90.68962,0.0,251.1,511.0,LIBERTY,,WDG3492,31,15,18,6,,52,A
367526620,2022-01-06T19:00:09,39.00406,-90.68961,0.0,226.1,511.0,LIBERTY,,WDG3492,31,15,18,6,,52,A
367526620,2022-01-06T19:11:48,39.00407,-90.68961,0.0,218.0,511.0,LIBERTY,,WDG3492,31,15,18,6,,52,A
367526620,2022-01-06T19:39:28,39.00405,-90.68960,0.0,246.3,511.0,LIBERTY,,WDG3492,31,15,18,6,,52,A
367526620,2022-01-06T18:24:58,39.00406,-90.68960,0.0,211.0,511.0,LIBERTY,,WDG3492,31,15,18,6,,52,A
367526620,2022-01-06T19:16:19,39.00404,-90.68961,0.0,219.9,511.0,LIBERTY,,WDG3492,31,15,18,6,,52,A
367526620,2022-01-06T19:45:19,39.00407,-90.68965,0.0,233.0,511.0,LIBERTY,,WDG3492,31,15,18,6,,52,A
367526620,2022-01-06T19:12:59,39.00406,-90.68961,0.0,217.6,511.0,LIBERTY,,WDG3492,31,15,18,6,,52,A
367526620,2022-01-06T19:47:39,39.00407,-90.68965,0.0,219.8,511.0,LIBERTY,,WDG3492,31,15,18,6,,52,A
367526620,2022-01-06T19:23:09,39.00404,-90.68969,0.0,231.6,511.0,LIBERTY,,WDG3492,31,15,18,6,,52,A
367526620,2022-01-06T19:49:59,39.00408,-90.68962,0.0,222.1,511.0,LIBERTY,,WDG3492,31,15,18,6,,52,A
367526620,2022-01-06T19:51:08,39.00407,-90.68962,0.0,217.6,511.0,LIBERTY,,WDG3492,31,15,18,6,,52,A
367526620,2022-01-06T15:53:28,39.00407,-90.68962,0.1,209.5,511.0,LIBERTY,,WDG3492,31,15,18,6,,52,A
367526620,2022-01-06T15:22:09,39.00408,-90.68963,0.1,257.6,511.0,LIBERTY,,WDG3492,31,15,18,6,,52,A
367526620,2022-01-06T19:24:19,39.00405,-90.68962,0.0,230.2,511.0,LIBERTY,,WDG3492,31,15,18,6,,52,A
367526620,2022-01-06T19:59:18,39.00409,-90.68958,0.0,216.4,511.0,LIBERTY,,WDG3492,31,15,18,6,,52,A
367526620,2022-01-06T20:01:09,39.00407,-90.68962,0.0,216.0,511.0,LIBERTY,,WDG3492,31,15,18,6,,52,A
367526620,2022-01-06T19:35:59,39.00406,-90.68963,0.0,248.5,511.0,LIBERTY,,WDG3492,31,15,18,6,,52,A
367526620,2022-01-06T20:03:30,39.00405,-90.68964,0.0,213.8,511.0,LIBERTY,,WDG3492,31,15,18,6,,52,A
367526620,2022-01-06T19:38:18,39.00405,-90.68961,0.0,245.3,511.0,LIBERTY,,WDG3492,31,15,18,6,,52,A
367526620,2022-01-06T18:47:58,39.00405,-90.68964,0.0,239.8,511.0,LIBERTY,,WDG3492,31,15,18,6,,52,A
367526620,2022-01-06T20:10:30,39.00410,-90.68960,0.0,266.8,511.0,LIBERTY,,WDG3492,31,15,18,6,,52,A
367526620,2022-01-06T19:40:39,39.00405,-90.68963,0.0,245.3,511.0,LIBERTY,,WDG3492,31,15,18,6,,52,A
367526620,2022-01-06T19:34:49,39.00403,-90.68962,0.0,239.7,511.0,LIBERTY,,WDG3492,31,15,18,6,,52,A
367526620,2022-01-06T20:08:08,39.00407,-90.68963,0.0,244.4,511.0,LIBERTY,,WDG3492,31,15,18,6,,52,A
367526620,2022-01-06T19:41:48,39.00406,-90.68963,0.0,243.6,511.0,LIBERTY,,WDG3492,31,15,18,6,,52,A
367526620,2022-01-06T16:01:19,39.00406,-90.68962,0.0,203.9,511.0,LIBERTY,,WDG3492,31,15,18,6,,52,A
367526620,2022-01-06T15:38:18,39.00405,-90.68963,0.0,255.9,511.0,LIBERTY,,WDG3492,31,15,18,6,,52,A
367526620,2022-01-06T20:12:48,39.00406,-90.68963,0.0,268.6,511.0,LIBERTY,,WDG3492,31,15,18,6,,52,A
367526620,2022-01-06T16:04:48,39.00407,-90.68961,0.0,203.9,511.0,LIBERTY,,WDG3492,31,15,18,6,,52,A
367526620,2022-01-06T15:41:49,39.00406,-90.68963,0.0,251.0,511.0,LIBERTY,,WDG3492,31,15,18,6,,52,A
367526620,2022-01-06T19:48:49,39.00407,-90.68964,0.0,223.1,511.0,LIBERTY,,WDG3492,31,15,18,6,,52,A
367526620,2022-01-06T20:13:59,39.00408,-90.68962,0.0,277.2,511.0,LIBERTY,,WDG3492,31,15,18,6,,52,A
367526620,2022-01-06T20:19:48,39.00404,-90.68964,0.0,306.2,511.0,LIBERTY,,WDG3492,31,15,18,6,,52,A
367526620,2022-01-06T19:42:58,39.00407,-90.68962,0.0,236.3,511.0,LIBERTY,,WDG3492,31,15,18,6,,52,A
367526620,2022-01-06T19:44:09,39.00407,-90.68965,0.0,231.7,511.0,LIBERTY,,WDG3492,31,15,18,6,,52,A
367526620,2022-01-06T20:24:29,39.00408,-90.68963,0.0,242.3,511.0,LIBERTY,,WDG3492,31,15,18,6,,52,A
367526620,2022-01-06T19:04:49,39.00407,-90.68962,0.0,217.3,511.0,LIBERTY,,WDG3492,31,15,18,6,,52,A
367526620,2022-01-06T16:15:19,39.00407,-90.68957,0.0,200.3,511.0,LIBERTY,,WDG3492,31,15,18,6,,52,A
367526620,2022-01-06T20:32:29,39.00409,-90.68964,0.0,228.5,511.0,LIBERTY,,WDG3492,31,15,18,6,,52,A
367526620,2022-01-06T19:55:49,39.00407,-90.68962,0.0,214.8,511.0,LIBERTY,,WDG3492,31,15,18,6,,52,A
367526620,2022-01-06T20:00:08,39.00407,-90.68961,0.0,217.7,511.0,LIBERTY,,WDG3492,31,15,18,6,,52,A
367526620,2022-01-06T20:39:29,39.00406,-90.68964,0.1,232.5,511.0,LIBERTY,,WDG3492,31,15,18,6,,52,A
367526620,2022-01-06T20:33:39,39.00410,-90.68962,0.0,227.0,511.0,LIBERTY,,WDG3492,31,15,18,6,,52,A
367526620,2022-01-06T15:55:48,39.00407,-90.68961,0.0,211.9,511.0,LIBERTY,,WDG3492,31,15,18,6,,52,A
367526620,2022-01-06T20:34:49,39.00408,-90.68961,0.0,225.6,511.0,LIBERTY,,WDG3492,31,15,18,6,,52,A
367526620,2022-01-06T20:35:59,39.00408,-90.68961,0.0,229.4,511.0,LIBERTY,,WDG3492,31,15,18,6,,52,A
367526620,2022-01-06T20:04:38,39.00407,-90.68963,0.0,217.2,511.0,LIBERTY,,WDG3492,31,15,18,6,,52,A
367526620,2022-01-06T16:25:49,39.00407,-90.68962,0.0,262.3,511.0,LIBERTY,,WDG3492,31,15,18,6,,52,A
367526620,2022-01-06T20:05:50,39.00407,-90.68965,0.0,227.5,511.0,LIBERTY,,WDG3492,31,15,18,6,,52,A
367526620,2022-01-06T20:15:10,39.00411,-90.68962,0.0,282.1,511.0,LIBERTY,,WDG3492,31,15,18,6,,52,A
367526620,2022-01-06T20:16:19,39.00409,-90.68961,0.0,284.3,511.0,LIBERTY,,WDG3492,31,15,18,6,,52,A
367526620,2022-01-06T20:09:18,39.00410,-90.68960,0.0,252.7,511.0,LIBERTY,,WDG3492,31,15,18,6,,52,A
367526620,2022-01-06T20:42:59,39.00406,-90.68964,0.0,232.8,511.0,LIBERTY,,WDG3492,31,15,18,6,,52,A
367526620,2022-01-06T20:18:38,39.00404,-90.68968,0.0,299.0,511.0,LIBERTY,,WDG3492,31,15,18,6,,52,A
367526620,2022-01-06T19:26:38,39.00407,-90.68965,0.0,227.4,511.0,LIBERTY,,WDG3492,31,15,18,6,,52,A
367526620,2022-01-06T19:27:50,39.00407,-90.68964,0.0,232.9,511.0,LIBERTY,,WDG3492,31,15,18,6,,52,A
367526620,2022-01-06T20:20:58,39.00405,-90.68963,0.0,282.1,511.0,LIBERTY,,WDG3492,31,15,18,6,,52,A
367526620,2022-01-06T20:49:59,39.00412,-90.68963,0.0,240.9,511.0,LIBERTY,,WDG3492,31,15,18,6,,52,A
367526620,2022-01-06T20:17:28,39.00408,-90.68963,0.0,295.3,511.0,LIBERTY,,WDG3492,31,15,18,6,,52,A
367526620,2022-01-06T20:55:49,39.00407,-90.68962,0.0,265.3,511.0,LIBERTY,,WDG3492,31,15,18,6,,52,A
367526620,2022-01-06T19:32:29,39.00406,-90.68962,0.0,237.7,511.0,LIBERTY,,WDG3492,31,15,18,6,,52,A
367526620,2022-01-06T16:34:59,39.00408,-90.68961,0.0,297.6,511.0,LIBERTY,,WDG3492,31,15,18,6,,52,A
367526620,2022-01-06T20:27:49,39.00407,-90.68958,0.1,231.0,511.0,LIBERTY,,WDG3492,31,15,18,6,,52,A
367526620,2022-01-06T16:37:20,39.00409,-90.68964,0.0,290.2,511.0,LIBERTY,,WDG3492,31,15,18,6,,52,A
367526620,2022-01-06T20:22:08,39.00406,-90.68966,0.0,263.5,511.0,LIBERTY,,WDG3492,31,15,18,6,,52,A
367526620,2022-01-06T19:37:09,39.00405,-90.68962,0.0,242.2,511.0,LIBERTY,,WDG3492,31,15,18,6,,52,A
367526620,2022-01-06T21:02:18,39.00403,-90.68963,0.0,287.2,511.0,LIBERTY,,WDG3492,31,15,18,6,,52,A
367526620,2022-01-06T20:23:19,39.00407,-90.68962,0.0,250.6,511.0,LIBERTY,,WDG3492,31,15,18,6,,52,A
367526620,2022-01-06T21:03:28,39.00406,-90.68963,0.0,287.6,511.0,LIBERTY,,WDG3492,31,15,18,6,,52,A
367526620,2022-01-06T20:59:18,39.00404,-90.68962,0.0,276.0,511.0,LIBERTY,,WDG3492,31,15,18,6,,52,A
367526620,2022-01-06T20:25:39,39.00407,-90.68963,0.0,236.5,511.0,LIBERTY,,WDG3492,31,15,18,6,,52,A
367526620,2022-01-06T21:01:09,39.00403,-90.68962,0.0,286.1,511.0,LIBERTY,,WDG3492,31,15,18,6,,52,A
367526620,2022-01-06T20:37:09,39.00409,-90.68962,0.0,229.9,511.0,LIBERTY,,WDG3492,31,15,18,6,,52,A
367526620,2022-01-06T20:28:59,39.00411,-90.68957,0.0,228.4,511.0,LIBERTY,,WDG3492,31,15,18,6,,52,A
367526620,2022-01-06T21:09:09,39.00407,-90.68963,0.0,291.4,511.0,LIBERTY,,WDG3492,31,15,18,6,,52,A
367526620,2022-01-06T20:31:19,39.00411,-90.68962,0.0,228.5,511.0,LIBERTY,,WDG3492,31,15,18,6,,52,A
367526620,2022-01-06T16:17:38,39.00407,-90.68959,0.0,217.5,511.0,LIBERTY,,WDG3492,31,15,18,6,,52,A
367526620,2022-01-06T21:10:18,39.00407,-90.68964,0.0,289.4,511.0,LIBERTY,,WDG3492,31,15,18,6,,52,A
367526620,2022-01-06T16:18:49,39.00407,-90.68958,0.1,220.6,511.0,LIBERTY,,WDG3492,31,15,18,6,,52,A
367526620,2022-01-06T21:06:50,39.00404,-90.68960,0.0,286.1,511.0,LIBERTY,,WDG3492,31,15,18,6,,52,A
367526620,2022-01-06T20:46:29,39.00408,-90.68961,0.0,239.8,511.0,LIBERTY,,WDG3492,31,15,18,6,,52,A
367526620,2022-01-06T16:47:48,39.00407,-90.68964,0.0,232.5,511.0,LIBERTY,,WDG3492,31,15,18,6,,52,A
367526620,2022-01-06T21:17:19,39.00408,-90.68963,0.0,288.3,511.0,LIBERTY,,WDG3492,31,15,18,6,,52,A
367526620,2022-01-06T19:52:18,39.00408,-90.68961,0.0,213.2,511.0,LIBERTY,,WDG3492,31,15,18,6,,52,A
367526620,2022-01-06T21:18:29,39.00407,-90.68963,0.0,275.2,511.0,LIBERTY,,WDG3492,31,15,18,6,,52,A
367526620,2022-01-06T20:40:38,39.00407,-90.68963,0.0,230.3,511.0,LIBERTY,,WDG3492,31,15,18,6,,52,A
367526620,2022-01-06T20:51:09,39.00409,-90.68963,0.0,241.3,511.0,LIBERTY,,WDG3492,31,15,18,6,,52,A
367526620,2022-01-06T20:41:48,39.00408,-90.68963,0.0,233.4,511.0,LIBERTY,,WDG3492,31,15,18,6,,52,A
367526620,2022-01-06T19:54:39,39.00407,-90.68961,0.0,217.7,511.0,LIBERTY,,WDG3492,31,15,18,6,,52,A
367526620,2022-01-06T16:24:39,39.00406,-90.68960,0.0,250.6,511.0,LIBERTY,,WDG3492,31,15,18,6,,52,A
367526620,2022-01-06T19:56:58,39.00406,-90.68962,0.0,219.7,511.0,LIBERTY,,WDG3492,31,15,18,6,,52,A
367526620,2022-01-06T16:26:58,39.00406,-90.68963,0.0,278.1,511.0,LIBERTY,,WDG3492,31,15,18,6,,52,A
367526620,2022-01-06T20:48:49,39.00415,-90.68965,0.0,236.1,511.0,LIBERTY,,WDG3492,31,15,18,6,,52,A
367526620,2022-01-06T21:28:59,39.00409,-90.68964,0.0,271.3,511.0,LIBERTY,,WDG3492,31,15,18,6,,52,A
367526620,2022-01-06T20:52:19,39.00409,-90.68963,0.0,243.6,511.0,LIBERTY,,WDG3492,31,15,18,6,,52,A
367526620,2022-01-06T16:30:19,39.00406,-90.68963,0.0,306.3,511.0,LIBERTY,,WDG3492,31,15,18,6,,52,A
367526620,2022-01-06T20:54:39,39.00407,-90.68963,0.0,256.8,511.0,LIBERTY,,WDG3492,31,15,18,6,,52,A
367526620,2022-01-06T16:31:29,39.00410,-90.68963,0.0,305.6,511.0,LIBERTY,,WDG3492,31,15,18,6,,52,A
367526620,2022-01-06T21:34:49,39.00407,-90.68965,0.0,289.2,511.0,LIBERTY,,WDG3492,31,15,18,6,,52,A
367526620,2022-01-06T20:59:59,39.00406,-90.68962,0.0,284.1,511.0,LIBERTY,,WDG3492,31,15,18,6,,52,A
367526620,2022-01-06T21:31:19,39.00409,-90.68963,0.0,277.0,511.0,LIBERTY,,WDG3492,31,15,18,6,,52,A
367526620,2022-01-06T20:06:59,39.00406,-90.68964,0.0,234.1,511.0,LIBERTY,,WDG3492,31,15,18,6,,52,A
367526620,2022-01-06T21:04:38,39.00406,-90.68963,0.0,289.6,511.0,LIBERTY,,WDG3492,31,15,18,6,,52,A
367526620,2022-01-06T21:13:48,39.00405,-90.68964,0.0,298.3,511.0,LIBERTY,,WDG3492,31,15,18,6,,52,A
367526620,2022-01-06T21:42:59,39.00406,-90.68964,0.0,301.4,511.0,LIBERTY,,WDG3492,31,15,18,6,,52,A
367526620,2022-01-06T17:13:58,39.00405,-90.68966,0.0,194.3,511.0,LIBERTY,,WDG3492,31,15,18,6,,52,A
367526620,2022-01-06T21:05:48,39.00401,-90.68961,0.0,289.6,511.0,LIBERTY,,WDG3492,31,15,18,6,,52,A
367526620,2022-01-06T21:46:29,39.00406,-90.68964,0.0,297.7,511.0,LIBERTY,,WDG3492,31,15,18,6,,52,A
367526620,2022-01-06T17:15:08,39.00407,-90.68968,0.0,193.3,511.0,LIBERTY,,WDG3492,31,15,18,6,,52,A
367526620,2022-01-06T21:07:59,39.00405,-90.68961,0.0,286.4,511.0,LIBERTY,,WDG3492,31,15,18,6,,52,A
367526620,2022-01-06T16:44:18,39.00404,-90.68965,0.0,244.0,511.0,LIBERTY,,WDG3492,31,15,18,6,,52,A
367526620,2022-01-06T21:23:09,39.00408,-90.68962,0.0,260.9,511.0,LIBERTY,,WDG3492,31,15,18,6,,52,A
367526620,2022-01-06T21:54:38,39.00406,-90.68963,0.0,317.5,511.0,LIBERTY,,WDG3492,31,15,18,6,,52,A
367526620,2022-01-06T21:19:39,39.00408,-90.68962,0.0,265.6,511.0,LIBERTY,,WDG3492,31,15,18,6,,52,A
367526620,2022-01-06T21:22:00,39.00406,-90.68962,0.0,268.1,511.0,LIBERTY,,WDG3492,31,15,18,6,,52,A
367526620,2022-01-06T21:27:49,39.00409,-90.68961,0.0,272.2,511.0,LIBERTY,,WDG3492,31,15,18,6,,52,A
367526620,2022-01-06T16:50:08,39.00407,-90.68963,0.0,209.9,511.0,LIBERTY,,WDG3492,31,15,18,6,,52,A
367526620,2022-01-06T21:26:39,39.00405,-90.68961,0.0,271.9,511.0,LIBERTY,,WDG3492,31,15,18,6,,52,A
367526620,2022-01-06T22:02:18,39.00402,-90.68964,0.0,323.4,511.0,LIBERTY,,WDG3492,31,15,18,6,,52,A
367526620,2022-01-06T21:32:28,39.00407,-90.68963,0.0,282.4,511.0,LIBERTY,,WDG3492,31,15,18,6,,52,A
367526620,2022-01-06T21:33:39,39.00406,-90.68965,0.0,287.7,511.0,LIBERTY,,WDG3492,31,15,18,6,,52,A
367526620,2022-01-06T21:30:09,39.00409,-90.68960,0.0,283.9,511.0,LIBERTY,,WDG3492,31,15,18,6,,52,A
367526620,2022-01-06T17:34:49,39.00409,-90.68961,0.0,188.3,511.0,LIBERTY,,WDG3492,31,15,18,6,,52,A
367526620,2022-01-06T21:24:19,39.00406,-90.68963,0.0,264.4,511.0,LIBERTY,,WDG3492,31,15,18,6,,52,A
367526620,2022-01-06T21:25:29,39.00406,-90.68963,0.0,273.2,511.0,LIBERTY,,WDG3492,31,15,18,6,,52,A
367526620,2022-01-06T22:08:09,39.00404,-90.68961,0.0,313.9,511.0,LIBERTY,,WDG3492,31,15,18,6,,52,A
367526620,2022-01-06T21:59:59,39.00405,-90.68962,0.0,317.9,511.0,LIBERTY,,WDG3492,31,15,18,6,,52,A
367526620,2022-01-06T21:39:29,39.00408,-90.68964,0.0,294.7,511.0,LIBERTY,,WDG3492,31,15,18,6,,52,A
367526620,2022-01-06T20:38:18,39.00407,-90.68964,0.0,231.1,511.0,LIBERTY,,WDG3492,31,15,18,6,,52,A
367526620,2022-01-06T17:42:50,39.00409,-90.68962,0.0,250.6,511.0,LIBERTY,,WDG3492,31,15,18,6,,52,A
367526620,2022-01-06T21:41:49,39.00406,-90.68964,0.0,301.8,511.0,LIBERTY,,WDG3492,31,15,18,6,,52,A
367526620,2022-01-06T21:35:58,39.00407,-90.68966,0.0,292.0,511.0,LIBERTY,,WDG3492,31,15,18,6,,52,A
367526620,2022-01-06T22:03:29,39.00407,-90.68963,0.0,314.8,511.0,LIBERTY,,WDG3492,31,15,18,6,,52,A
367526620,2022-01-06T20:44:08,39.00407,-90.68962,0.0,237.4,511.0,LIBERTY,,WDG3492,31,15,18,6,,52,A
367526620,2022-01-06T21:45:20,39.00406,-90.68964,0.0,300.8,511.0,LIBERTY,,WDG3492,31,15,18,6,,52,A
367526620,2022-01-06T20:45:18,39.00408,-90.68962,0.1,237.4,511.0,LIBERTY,,WDG3492,31,15,18,6,,52,A
367526620,2022-01-06T22:09:19,39.00405,-90.68961,0.0,315.9,511.0,LIBERTY,,WDG3492,31,15,18,6,,52,A
367526620,2022-01-06T21:47:39,39.00402,-90.68966,0.0,296.9,511.0,LIBERTY,,WDG3492,31,15,18,6,,52,A
367526620,2022-01-06T20:47:38,39.00412,-90.68964,0.0,242.9,511.0,LIBERTY,,WDG3492,31,15,18,6,,52,A
367526620,2022-01-06T21:48:48,39.00405,-90.68964,0.0,297.4,511.0,LIBERTY,,WDG3492,31,15,18,6,,52,A
367526620,2022-01-06T21:44:09,39.00407,-90.68964,0.0,302.3,511.0,LIBERTY,,WDG3492,31,15,18,6,,52,A
367526620,2022-01-06T21:49:58,39.00406,-90.68963,0.0,294.9,511.0,LIBERTY,,WDG3492,31,15,18,6,,52,A
367526620,2022-01-06T21:38:18,39.00406,-90.68964,0.0,300.7,511.0,LIBERTY,,WDG3492,31,15,18,6,,52,A
367526620,2022-01-06T21:40:39,39.00406,-90.68964,0.0,301.4,511.0,LIBERTY,,WDG3492,31,15,18,6,,52,A
367526620,2022-01-06T22:24:29,39.00408,-90.68960,0.0,304.4,511.0,LIBERTY,,WDG3492,31,15,18,6,,52,A
367526620,2022-01-06T17:06:59,39.00403,-90.68966,0.0,219.2,511.0,LIBERTY,,WDG3492,31,15,18,6,,52,A
367526620,2022-01-06T22:26:49,39.00405,-90.68961,0.0,300.9,511.0,LIBERTY,,WDG3492,31,15,18,6,,52,A
367526620,2022-01-06T21:51:09,39.00406,-90.68963,0.0,301.1,511.0,LIBERTY,,WDG3492,31,15,18,6,,52,A
367526620,2022-01-06T20:56:59,39.00408,-90.68964,0.0,273.8,511.0,LIBERTY,,WDG3492,31,15,18,6,,52,A
367526620,2022-01-06T22:18:38,39.00403,-90.68961,0.0,307.4,511.0,LIBERTY,,WDG3492,31,15,18,6,,52,A
367526620,2022-01-06T21:59:19,39.00406,-90.68961,0.0,315.2,511.0,LIBERTY,,WDG3492,31,15,18,6,,52,A
367526620,2022-01-06T21:55:49,39.00406,-90.68962,0.0,316.4,511.0,LIBERTY,,WDG3492,31,15,18,6,,52,A
367526620,2022-01-06T17:10:28,39.00407,-90.68965,0.0,205.8,511.0,LIBERTY,,WDG3492,31,15,18,6,,52,A
367526620,2022-01-06T21:58:08,39.00407,-90.68961,0.0,318.2,511.0,LIBERTY,,WDG3492,31,15,18,6,,52,A
367526620,2022-01-06T22:34:49,39.00406,-90.68964,0.0,310.3,511.0,LIBERTY,,WDG3492,31,15,18,6,,52,A
367526620,2022-01-06T22:36:58,39.00407,-90.68964,0.0,307.0,511.0,LIBERTY,,WDG3492,31,15,18,6,,52,A
367526620,2022-01-06T22:06:58,39.00406,-90.68960,0.0,316.3,511.0,LIBERTY,,WDG3492,31,15,18,6,,52,A
367526620,2022-01-06T22:28:59,39.00406,-90.68960,0.0,301.0,511.0,LIBERTY,,WDG3492,31,15,18,6,,52,A
367526620,2022-01-06T22:41:29,39.00402,-90.68963,0.1,295.9,511.0,LIBERTY,,WDG3492,31,15,18,6,,52,A
367526620,2022-01-06T17:17:29,39.00409,-90.68964,0.0,192.6,511.0,LIBERTY,,WDG3492,31,15,18,6,,52,A
367526620,2022-01-06T21:11:28,39.00407,-90.68963,0.0,289.3,511.0,LIBERTY,,WDG3492,31,15,18,6,,52,A
367526620,2022-01-06T22:04:39,39.00404,-90.68963,0.0,321.3,511.0,LIBERTY,,WDG3492,31,15,18,6,,52,A
367526620,2022-01-06T22:51:58,39.00407,-90.68959,0.0,279.1,511.0,LIBERTY,,WDG3492,31,15,18,6,,52,A
367526620,2022-01-06T22:43:49,39.00406,-90.68964,0.0,287.7,511.0,LIBERTY,,WDG3492,31,15,18,6,,52,A
367526620,2022-01-06T22:55:29,39.00408,-90.68963,0.0,274.6,511.0,LIBERTY,,WDG3492,31,15,18,6,,52,A
367526620,2022-01-06T22:19:48,39.00406,-90.68963,0.0,302.9,511.0,LIBERTY,,WDG3492,31,15,18,6,,52,A
367526620,2022-01-06T22:12:48,39.00404,-90.68961,0.0,320.2,511.0,LIBERTY,,WDG3492,31,15,18,6,,52,A
367526620,2022-01-06T18:22:39,39.00408,-90.68962,0.0,219.3,511.0,LIBERTY,,WDG3492,31,15,18,6,,52,A
367526620,2022-01-06T22:16:19,39.00401,-90.68959,0.0,309.1,511.0,LIBERTY,,WDG3492,31,15,18,6,,52,A
367526620,2022-01-06T22:20:58,39.00408,-90.68961,0.0,298.6,511.0,LIBERTY,,WDG3492,31,15,18,6,,52,A
367526620,2022-01-06T22:31:19,39.00410,-90.68965,0.0,303.9,511.0,LIBERTY,,WDG3492,31,15,18,6,,52,A
367526620,2022-01-06T23:01:09,39.00406,-90.68962,0.0,269.8,511.0,LIBERTY,,WDG3492,31,15,18,6,,52,A
367526620,2022-01-06T22:32:29,39.00410,-90.68963,0.0,306.6,511.0,LIBERTY,,WDG3492,31,15,18,6,,52,A
367526620,2022-01-06T22:38:08,39.00407,-90.68964,0.0,307.1,511.0,LIBERTY,,WDG3492,31,15,18,6,,52,A
367526620,2022-01-06T22:33:38,39.00406,-90.68966,0.0,309.9,511.0,LIBERTY,,WDG3492,31,15,18,6,,52,A
367526620,2022-01-06T22:30:09,39.00407,-90.68966,0.0,304.8,511.0,LIBERTY,,WDG3492,31,15,18,6,,52,A
367526620,2022-01-06T22:39:19,39.00406,-90.68964,0.0,301.9,511.0,LIBERTY,,WDG3492,31,15,18,6,,52,A
367526620,2022-01-06T22:35:50,39.00406,-90.68964,0.0,303.8,511.0,LIBERTY,,WDG3492,31,15,18,6,,52,A
367526620,2022-01-06T17:38:19,39.00408,-90.68963,0.0,218.9,511.0,LIBERTY,,WDG3492,31,15,18,6,,52,A
367526620,2022-01-06T17:40:38,39.00408,-90.68962,0.1,231.2,511.0,LIBERTY,,WDG3492,31,15,18,6,,52,A
367526620,2022-01-06T17:41:49,39.00407,-90.68962,0.0,235.5,511.0,LIBERTY,,WDG3492,31,15,18,6,,52,A
367526620,2022-01-06T23:10:28,39.00408,-90.68961,0.0,254.4,511.0,LIBERTY,,WDG3492,31,15,18,6,,52,A
367526620,2022-01-06T23:12:48,39.00406,-90.68960,0.0,250.0,511.0,LIBERTY,,WDG3492,31,15,18,6,,52,A
367526620,2022-01-06T17:45:10,39.00404,-90.68963,0.0,260.5,511.0,LIBERTY,,WDG3492,31,15,18,6,,52,A
367526620,2022-01-06T23:29:09,39.00409,-90.68962,0.0,278.3,511.0,LIBERTY,,WDG3492,31,15,18,6,,52,A
367526620,2022-01-06T23:15:10,39.00405,-90.68963,0.0,251.2,511.0,LIBERTY,,WDG3492,31,15,18,6,,52,A
367526620,2022-01-06T22:47:19,39.00409,-90.68960,0.0,289.9,511.0,LIBERTY,,WDG3492,31,15,18,6,,52,A
367526620,2022-01-06T22:44:59,39.00408,-90.68959,0.0,293.8,511.0,LIBERTY,,WDG3492,31,15,18,6,,52,A
367526620,2022-01-06T23:33:48,39.00409,-90.68963,0.0,262.1,511.0,LIBERTY,,WDG3492,31,15,18,6,,52,A
367526620,2022-01-06T23:34:58,39.00409,-90.68967,0.0,254.1,511.0,LIBERTY,,WDG3492,31,15,18,6,,52,A
367526620,2022-01-06T22:46:08,39.00406,-90.68963,0.0,289.3,511.0,LIBERTY,,WDG3492,31,15,18,6,,52,A
367526620,2022-01-06T23:37:18,39.00411,-90.68968,0.0,241.3,511.0,LIBERTY,,WDG3492,31,15,18,6,,52,A
367526620,2022-01-06T21:52:19,39.00404,-90.68960,0.0,309.8,511.0,LIBERTY,,WDG3492,31,15,18,6,,52,A
367526620,2022-01-06T18:51:09,39.00405,-90.68963,0.0,221.1,511.0,LIBERTY,,WDG3492,31,15,18,6,,52,A
367526620,2022-01-06T23:41:59,39.00408,-90.68962,0.0,240.2,511.0,LIBERTY,,WDG3492,31,15,18,6,,52,A
367526620,2022-01-06T22:53:08,39.00408,-90.68962,0.0,277.6,511.0,LIBERTY,,WDG3492,31,15,18,6,,52,A
367526620,2022-01-06T18:55:50,39.00406,-90.68963,0.0,223.3,511.0,LIBERTY,,WDG3492,31,15,18,6,,52,A
367526620,2022-01-06T21:56:59,39.00406,-90.68962,0.0,318.1,511.0,LIBERTY,,WDG3492,31,15,18,6,,52,A
367526620,2022-01-06T18:59:39,39.00406,-90.68961,0.0,227.3,511.0,LIBERTY,,WDG3492,31,15,18,6,,52,A
367526620,2022-01-06T23:03:29,39.00407,-90.68967,0.0,270.0,511.0,LIBERTY,,WDG3492,31,15,18,6,,52,A
367526620,2022-01-06T23:47:49,39.00406,-90.68960,0.0,225.5,511.0,LIBERTY,,WDG3492,31,15,18,6,,52,A
367526620,2022-01-06T17:55:50,39.00408,-90.68961,0.0,297.6,511.0,LIBERTY,,WDG3492,31,15,18,6,,52,A
367526620,2022-01-06T23:32:40,39.00408,-90.68964,0.0,277.3,511.0,LIBERTY,,WDG3492,31,15,18,6,,52,A
367526620,2022-01-06T19:05:58,39.00405,-90.68963,0.0,215.9,511.0,LIBERTY,,WDG3492,31,15,18,6,,52,A
367526620,2022-01-06T23:07:00,39.00409,-90.68963,0.0,272.7,511.0,LIBERTY,,WDG3492,31,15,18,6,,52,A
367526620,2022-01-06T23:05:49,39.00409,-90.68962,0.0,275.4,511.0,LIBERTY,,WDG3492,31,15,18,6,,52,A
367526620,2022-01-06T23:50:09,39.00406,-90.68962,0.0,219.4,511.0,LIBERTY,,WDG3492,31,15,18,6,,52,A
367526620,2022-01-06T23:51:18,39.00407,-90.68962,0.0,221.6,511.0,LIBERTY,,WDG3492,31,15,18,6,,52,A
367526620,2022-01-06T23:02:18,39.00408,-90.68963,0.0,269.5,511.0,LIBERTY,,WDG3492,31,15,18,6,,52,A
367526620,2022-01-06T22:05:49,39.00405,-90.68962,0.0,325.2,511.0,LIBERTY,,WDG3492,31,15,18,6,,52,A
367526620,2022-01-06T23:11:40,39.00408,-90.68962,0.0,250.2,511.0,LIBERTY,,WDG3492,31,15,18,6,,52,A
367526620,2022-01-06T23:57:09,39.00408,-90.68965,0.0,230.2,511.0,LIBERTY,,WDG3492,31,15,18,6,,52,A
367526620,2022-01-06T23:04:39,39.00408,-90.68962,0.0,272.8,511.0,LIBERTY,,WDG3492,31,15,18,6,,52,A
367526620,2022-01-06T23:58:18,39.00408,-90.68964,0.0,232.6,511.0,LIBERTY,,WDG3492,31,15,18,6,,52,A
367526620,2022-01-06T23:18:39,39.00407,-90.68962,0.0,272.4,511.0,LIBERTY,,WDG3492,31,15,18,6,,52,A
367526620,2022-01-06T22:13:58,39.00406,-90.68964,0.0,318.8,511.0,LIBERTY,,WDG3492,31,15,18,6,,52,A
367526620,2022-01-06T23:20:59,39.00408,-90.68960,0.0,273.0,511.0,LIBERTY,,WDG3492,31,15,18,6,,52,A
367526620,2022-01-06T23:22:08,39.00408,-90.68960,0.0,266.6,511.0,LIBERTY,,WDG3492,31,15,18,6,,52,A
367526620,2022-01-06T19:18:39,39.00404,-90.68961,0.0,228.3,511.0,LIBERTY,,WDG3492,31,15,18,6,,52,A
367526620,2022-01-06T23:23:19,39.00409,-90.68960,0.0,266.0,511.0,LIBERTY,,WDG3492,31,15,18,6,,52,A
367526620,2022-01-06T19:20:59,39.00402,-90.68966,0.0,228.2,511.0,LIBERTY,,WDG3492,31,15,18,6,,52,A
367526620,2022-01-06T23:53:39,39.00408,-90.68961,0.0,229.7,511.0,LIBERTY,,WDG3492,31,15,18,6,,52,A
367526620,2022-01-06T23:17:29,39.00406,-90.68965,0.0,258.4,511.0,LIBERTY,,WDG3492,31,15,18,6,,52,A
367526620,2022-01-06T23:54:48,39.00407,-90.68962,0.0,229.2,511.0,LIBERTY,,WDG3492,31,15,18,6,,52,A
367526620,2022-01-06T23:25:38,39.00408,-90.68960,0.0,268.5,511.0,LIBERTY,,WDG3492,31,15,18,6,,52,A
367526620,2022-01-06T22:22:09,39.00407,-90.68964,0.0,315.0,511.0,LIBERTY,,WDG3492,31,15,18,6,,52,A
367526620,2022-01-06T18:16:49,39.00407,-90.68963,0.0,271.6,511.0,LIBERTY,,WDG3492,31,15,18,6,,52,A
367526620,2022-01-06T22:23:19,39.00409,-90.68959,0.0,312.7,511.0,LIBERTY,,WDG3492,31,15,18,6,,52,A
367526620,2022-01-06T23:36:08,39.00409,-90.68967,0.0,247.1,511.0,LIBERTY,,WDG3492,31,15,18,6,,52,A
367526620,2022-01-06T23:30:19,39.00408,-90.68963,0.0,276.3,511.0,LIBERTY,,WDG3492,31,15,18,6,,52,A
367526620,2022-01-06T23:39:38,39.00410,-90.68964,0.0,234.5,511.0,LIBERTY,,WDG3492,31,15,18,6,,52,A
367526620,2022-01-06T23:40:49,39.00407,-90.68962,0.0,232.0,511.0,LIBERTY,,WDG3492,31,15,18,6,,52,A
367526620,2022-01-06T23:43:08,39.00407,-90.68962,0.0,234.9,511.0,LIBERTY,,WDG3492,31,15,18,6,,52,A
367526620,2022-01-06T23:46:38,39.00404,-90.68961,0.0,229.8,511.0,LIBERTY,,WDG3492,31,15,18,6,,52,A
367526620,2022-01-06T23:48:58,39.00406,-90.68962,0.0,224.3,511.0,LIBERTY,,WDG3492,31,15,18,6,,52,A
367526620,2022-01-06T22:42:40,39.00404,-90.68961,0.0,290.9,511.0,LIBERTY,,WDG3492,31,15,18,6,,52,A
367526620,2022-01-06T23:45:29,39.00408,-90.68963,0.0,228.5,511.0,LIBERTY,,WDG3492,31,15,18,6,,52,A
367526620,2022-01-06T23:52:28,39.00407,-90.68961,0.0,224.8,511.0,LIBERTY,,WDG3492,31,15,18,6,,52,A
367526620,2022-01-06T18:38:39,39.00406,-90.68962,0.0,220.3,511.0,LIBERTY,,WDG3492,31,15,18,6,,52,A
367526620,2022-01-06T22:48:29,39.00406,-90.68959,0.0,290.4,511.0,LIBERTY,,WDG3492,31,15,18,6,,52,A
367526620,2022-01-06T18:43:18,39.00407,-90.68964,0.0,225.4,511.0,LIBERTY,,WDG3492,31,15,18,6,,52,A
367526620,2022-01-06T23:59:28,39.00406,-90.68967,0.0,231.6,511.0,LIBERTY,,WDG3492,31,15,18,6,,52,A
367526620,2022-01-06T22:56:38,39.00405,-90.68958,0.0,276.7,511.0,LIBERTY,,WDG3492,31,15,18,6,,52,A
367526620,2022-01-06T19:53:30,39.00407,-90.68960,0.0,216.2,511.0,LIBERTY,,WDG3492,31,15,18,6,,52,A
367526620,2022-01-06T22:58:49,39.00405,-90.68963,0.0,272.1,511.0,LIBERTY,,WDG3492,31,15,18,6,,52,A
367526620,2022-01-06T19:58:08,39.00408,-90.68959,0.0,213.3,511.0,LIBERTY,,WDG3492,31,15,18,6,,52,A
367526620,2022-01-06T18:52:18,39.00406,-90.68965,0.0,215.8,511.0,LIBERTY,,WDG3492,31,15,18,6,,52,A
367526620,2022-01-06T18:53:29,39.00406,-90.68961,0.0,221.1,511.0,LIBERTY,,WDG3492,31,15,18,6,,52,A
367526620,2022-01-06T20:02:18,39.00406,-90.68963,0.0,216.9,511.0,LIBERTY,,WDG3492,31,15,18,6,,52,A
367526620,2022-01-06T18:58:28,39.00408,-90.68962,0.0,231.3,511.0,LIBERTY,,WDG3492,31,15,18,6,,52,A
367526620,2022-01-06T19:02:29,39.00405,-90.68962,0.0,220.5,511.0,LIBERTY,,WDG3492,31,15,18,6,,52,A
367526620,2022-01-06T23:16:19,39.00406,-90.68965,0.0,251.6,511.0,LIBERTY,,WDG3492,31,15,18,6,,52,A
367526620,2022-01-06T19:10:39,39.00407,-90.68962,0.0,221.5,511.0,LIBERTY,,WDG3492,31,15,18,6,,52,A
367526620,2022-01-06T19:19:49,39.00405,-90.68962,0.0,227.9,511.0,LIBERTY,,WDG3492,31,15,18,6,,52,A
367526620,2022-01-06T23:31:29,39.00407,-90.68963,0.0,280.1,511.0,LIBERTY,,WDG3492,31,15,18,6,,52,A
367526620,2022-01-06T19:22:00,39.00403,-90.68965,0.0,227.1,511.0,LIBERTY,,WDG3492,31,15,18,6,,52,A
367526620,2022-01-06T19:25:29,39.00406,-90.68964,0.0,236.1,511.0,LIBERTY,,WDG3492,31,15,18,6,,52,A
367526620,2022-01-06T23:38:29,39.00410,-90.68964,0.0,239.0,511.0,LIBERTY,,WDG3492,31,15,18,6,,52,A
367526620,2022-01-06T20:26:48,39.00408,-90.68963,0.0,232.9,511.0,LIBERTY,,WDG3492,31,15,18,6,,52,A
367526620,2022-01-06T23:44:18,39.00408,-90.68963,0.0,229.4,511.0,LIBERTY,,WDG3492,31,15,18,6,,52,A
367526620,2022-01-06T20:30:09,39.00410,-90.68960,0.0,224.1,511.0,LIBERTY,,WDG3492,31,15,18,6,,52,A
367526620,2022-01-06T19:33:39,39.00403,-90.68963,0.0,234.9,511.0,LIBERTY,,WDG3492,31,15,18,6,,52,A
367526620,2022-01-06T19:46:28,39.00406,-90.68964,0.0,231.5,511.0,LIBERTY,,WDG3492,31,15,18,6,,52,A
367526620,2022-01-06T20:53:28,39.00410,-90.68965,0.0,249.7,511.0,LIBERTY,,WDG3492,31,15,18,6,,52,A
367526620,2022-01-06T20:11:38,39.00408,-90.68962,0.0,264.7,511.0,LIBERTY,,WDG3492,31,15,18,6,,52,A
367526620,2022-01-06T21:20:49,39.00407,-90.68961,0.0,258.5,511.0,LIBERTY,,WDG3492,31,15,18,6,,52,A
367526620,2022-01-06T20:58:09,39.00407,-90.68963,0.1,274.4,511.0,LIBERTY,,WDG3492,31,15,18,6,,52,A
367526620,2022-01-06T21:12:38,39.00406,-90.68965,0.0,293.8,511.0,LIBERTY,,WDG3492,31,15,18,6,,52,A
367526620,2022-01-06T22:01:08,39.00402,-90.68960,0.0,318.8,511.0,LIBERTY,,WDG3492,31,15,18,6,,52,A
367526620,2022-01-06T21:14:59,39.00405,-90.68965,0.0,296.8,511.0,LIBERTY,,WDG3492,31,15,18,6,,52,A
367526620,2022-01-06T21:16:09,39.00407,-90.68962,0.0,293.0,511.0,LIBERTY,,WDG3492,31,15,18,6,,52,A
367526620,2022-01-06T22:10:29,39.00407,-90.68959,0.0,319.8,511.0,LIBERTY,,WDG3492,31,15,18,6,,52,A
367526620,2022-01-06T22:17:29,39.00402,-90.68963,0.0,312.2,511.0,LIBERTY,,WDG3492,31,15,18,6,,52,A
367526620,2022-01-06T21:37:09,39.00407,-90.68964,0.0,302.2,511.0,LIBERTY,,WDG3492,31,15,18,6,,52,A
367526620,2022-01-06T22:25:39,39.00406,-90.68963,0.0,302.7,511.0,LIBERTY,,WDG3492,31,15,18,6,,52,A
367526620,2022-01-06T22:27:58,39.00406,-90.68967,0.0,299.8,511.0,LIBERTY,,WDG3492,31,15,18,6,,52,A
367526620,2022-01-06T21:53:29,39.00406,-90.68962,0.0,311.4,511.0,LIBERTY,,WDG3492,31,15,18,6,,52,A
367526620,2022-01-06T22:40:20,39.00409,-90.68970,0.0,297.8,511.0,LIBERTY,,WDG3492,31,15,18,6,,52,A
367526620,2022-01-06T22:11:39,39.00405,-90.68962,0.0,318.0,511.0,LIBERTY,,WDG3492,31,15,18,6,,52,A
367526620,2022-01-06T22:15:08,39.00405,-90.68957,0.0,318.6,511.0,LIBERTY,,WDG3492,31,15,18,6,,52,A
367526620,2022-01-06T22:59:59,39.00407,-90.68962,0.0,272.7,511.0,LIBERTY,,WDG3492,31,15,18,6,,52,A
367526620,2022-01-06T23:00:08,39.00407,-90.68962,0.0,272.8,511.0,LIBERTY,,WDG3492,31,15,18,6,,52,A
367526620,2022-01-06T23:09:18,39.00406,-90.68960,0.0,258.6,511.0,LIBERTY,,WDG3492,31,15,18,6,,52,A
367526620,2022-01-06T23:13:59,39.00406,-90.68959,0.0,251.7,511.0,LIBERTY,,WDG3492,31,15,18,6,,52,A
367526620,2022-01-06T22:49:39,39.00406,-90.68961,0.0,285.0,511.0,LIBERTY,,WDG3492,31,15,18,6,,52,A
367526620,2022-01-06T22:50:49,39.00407,-90.68960,0.0,281.9,511.0,LIBERTY,,WDG3492,31,15,18,6,,52,A
367526620,2022-01-06T23:19:49,39.00407,-90.68962,0.0,271.5,511.0,LIBERTY,,WDG3492,31,15,18,6,,52,A
367526620,2022-01-06T22:54:19,39.00408,-90.68959,0.0,276.1,511.0,LIBERTY,,WDG3492,31,15,18,6,,52,A
367526620,2022-01-06T22:57:48,39.00407,-90.68963,0.0,275.2,511.0,LIBERTY,,WDG3492,31,15,18,6,,52,A
367526620,2022-01-06T23:27:59,39.00409,-90.68961,0.0,271.2,511.0,LIBERTY,,WDG3492,31,15,18,6,,52,A
367526620,2022-01-06T23:08:08,39.00409,-90.68961,0.0,272.0,511.0,LIBERTY,,WDG3492,31,15,18,6,,52,A
367526620,2022-01-06T23:24:29,39.00408,-90.68961,0.0,264.7,511.0,LIBERTY,,WDG3492,31,15,18,6,,52,A
367526620,2022-01-06T23:26:48,39.00408,-90.68960,0.0,268.1,511.0,LIBERTY,,WDG3492,31,15,18,6,,52,A
367526620,2022-01-06T23:55:59,39.00409,-90.68962,0.0,228.5,511.0,LIBERTY,,WDG3492,31,15,18,6,,52,A
