367586320,2022-01-01T00:01:29,38.94879,-74.90646,0.0,29.1,511.0,VICTORAY,IMO8961444,WDG9292,30,,22,6,,,B
367586320,2022-01-01T00:04:29,38.94879,-74.90647,0.0,29.1,511.0,VICTORAY,IMO8961444,WDG9292,30,,22,6,,,B
367586320,2022-01-01T00:07:29,38.94879,-74.90647,0.0,29.1,511.0,VICTORAY,IMO8961444,WDG9292,30,,22,6,,,B
367586320,2022-01-01T00:10:28,38.94879,-74.90647,0.0,29.1,511.0,VICTORAY,IMO8961444,WDG9292,30,,22,6,,,B
367586320,2022-01-01T00:13:29,38.94879,-74.90646,0.0,29.1,511.0,VICTORAY,IMO8961444,WDG9292,30,,22,6,,,B
367586320,2022-01-01T00:16:29,38.94879,-74.90647,0.0,29.1,511.0,VICTORAY,IMO8961444,WDG9292,30,,22,6,,,B
367586320,2022-01-01T00:19:28,38.94879,-74.90647,0.0,29.1,511.0,VICTORAY,IMO8961444,WDG9292,30,,22,6,,,B
367586320,2022-01-01T00:25:28,38.94879,-74.90646,0.0,29.1,511.0,VICTORAY,IMO8961444,WDG9292,30,,22,6,,,B
367586320,2022-01-01T00:28:28,38.94879,-74.90646,0.0,29.1,511.0,VICTORAY,IMO8961444,WDG9292,30,,22,6,,,B
367586320,2022-01-01T00:31:28,38.94878,-74.90646,0.0,29.1,511.0,VICTORAY,IMO8961444,WDG9292,30,,22,6,,,B
367586320,2022-01-01T00:22:28,38.94879,-74.90646,0.0,29.1,511.0,VICTORAY,IMO8961444,WDG9292,30,,22,6,,,B
367586320,2022-01-01T00:34:29,38.94878,-74.90646,0.0,29.1,511.0,VICTORAY,IMO8961444,WDG9292,30,,22,6,,,B
367586320,2022-01-01T00:43:28,38.94879,-74.90646,0.0,29.1,511.0,VICTORAY,IMO8961444,WDG9292,30,,22,6,,,B
367586320,2022-01-01T00:46:28,38.94879,-74.90645,0.0,29.1,511.0,VICTORAY,IMO8961444,WDG9292,30,,22,6,,,B
367586320,2022-01-01T00:49:28,38.94879,-74.90645,0.0,29.1,511.0,VICTORAY,IMO8961444,WDG9292,30,,22,6,,,B
367586320,2022-01-01T00:58:29,38.94879,-74.90645,0.0,29.1,511.0,VICTORAY,IMO8961444,WDG9292,30,,22,6,,,B
367586320,2022-01-01T01:04:29,38.94879,-74.90646,0.0,29.1,511.0,VICTORAY,IMO8961444,WDG9292,30,,22,6,,,B
367586320,2022-01-01T01:07:28,38.94879,-74.90646,0.0,29.1,511.0,VICTORAY,IMO8961444,WDG9292,30,,22,6,,,B
367586320,2022-01-01T00:37:28,38.94878,-74.90646,0.0,29.1,511.0,VICTORAY,IMO8961444,WDG9292,30,,22,6,,,B
367586320,2022-01-01T01:13:28,38.94879,-74.90646,0.0,29.1,511.0,VICTORAY,IMO8961444,WDG9292,30,,22,6,,,B
367586320,2022-01-01T01:01:28,38.94879,-74.90646,0.0,29.1,511.0,VICTORAY,IMO8961444,WDG9292,30,,22,6,,,B
367586320,2022-01-01T00:40:28,38.94878,-74.90646,0.0,29.1,511.0,VICTORAY,IMO8961444,WDG9292,30,,22,6,,,B
367586320,2022-01-01T01:16:29,38.94879,-74.90646,0.0,29.1,511.0,VICTORAY,IMO8961444,WDG9292,30,,22,6,,,B
367586320,2022-01-01T01:22:29,38.94879,-74.90646,0.0,29.1,511.0,VICTORAY,IMO8961444,WDG9292,30,,22,6,,,B
367586320,2022-01-01T01:25:28,38.94879,-74.90646,0.0,29.1,511.0,VICTORAY,IMO8961444,WDG9292,30,,22,6,,,B
367586320,2022-01-01T01:19:29,38.94879,-74.90646,0.0,29.1,511.0,VICTORAY,IMO8961444,WDG9292,30,,22,6,,,B
367586320,2022-01-01T01:34:28,38.94879,-74.90646,0.0,29.1,511.0,VICTORAY,IMO8961444,WDG9292,30,,22,6,,,B
367586320,2022-01-01T01:28:29,38.94879,-74.90646,0.0,29.1,511.0,VICTORAY,IMO8961444,WDG9292,30,,22,6,,,B
367586320,2022-01-01T00:52:28,38.94879,-74.90645,0.0,29.1,511.0,VICTORAY,IMO8961444,WDG9292,30,,22,6,,,B
367586320,2022-01-01T01:37:28,38.94879,-74.90647,0.0,29.1,511.0,VICTORAY,IMO8961444,WDG9292,30,,22,6,,,B
367586320,2022-01-01T00:55:28,38.94879,-74.90645,0.0,29.1,511.0,VICTORAY,IMO8961444,WDG9292,30,,22,6,,,B
367586320,2022-01-01T01:31:28,38.94879,-74.90646,0.0,29.1,511.0,VICTORAY,IMO8961444,WDG9292,30,,22,6,,,B
367586320,2022-01-01T01:40:29,38.94879,-74.90647,0.0,29.1,511.0,VICTORAY,IMO8961444,WDG9292,30,,22,6,,,B
367586320,2022-01-01T01:52:28,38.94879,-74.90647,0.0,29.1,511.0,VICTORAY,IMO8961444,WDG9292,30,,22,6,,,B
367586320,2022-01-01T01:43:28,38.94879,-74.90647,0.0,29.1,511.0,VICTORAY,IMO8961444,WDG9292,30,,22,6,,,B
367586320,2022-01-01T01:58:29,38.94879,-74.90647,0.0,29.1,511.0,VICTORAY,IMO8961444,WDG9292,30,,22,6,,,B
367586320,2022-01-01T02:01:28,38.94879,-74.90646,0.0,29.1,511.0,VICTORAY,IMO8961444,WDG9292,30,,22,6,,,B
367586320,2022-01-01T01:49:28,38.94879,-74.90647,0.0,29.1,511.0,VICTORAY,IMO8961444,WDG9292,30,,22,6,,,B
367586320,2022-01-01T02:04:28,38.94879,-74.90646,0.0,29.1,511.0,VICTORAY,IMO8961444,WDG9292,30,,22,6,,,B
367586320,2022-01-01T02:07:28,38.94879,-74.90646,0.0,29.1,511.0,VICTORAY,IMO8961444,WDG9292,30,,22,6,,,B
367586320,2022-01-01T01:55:29,38.94879,-74.90647,0.0,29.1,511.0,VICTORAY,IMO8961444,WDG9292,30,,22,6,,,B
367586320,2022-01-01T02:13:28,38.94880,-74.90646,0.0,29.1,511.0,VICTORAY,IMO8961444,WDG9292,30,,22,6,,,B
367586320,2022-01-01T02:10:28,38.94880,-74.90646,0.0,29.1,511.0,VICTORAY,IMO8961444,WDG9292,30,,22,6,,,B
367586320,2022-01-01T02:16:28,38.94880,-74.90646,0.0,29.1,511.0,VICTORAY,IMO8961444,WDG9292,30,,22,6,,,B
367586320,2022-01-01T01:10:29,38.94879,-74.90646,0.0,29.1,511.0,VICTORAY,IMO8961444,WDG9292,30,,22,6,,,B
367586320,2022-01-01T02:22:28,38.94880,-74.90645,0.0,29.1,511.0,VICTORAY,IMO8961444,WDG9292,30,,22,6,,,B
367586320,2022-01-01T02:19:28,38.94880,-74.90645,0.0,29.1,511.0,VICTORAY,IMO8961444,WDG9292,30,,22,6,,,B
367586320,2022-01-01T02:25:28,38.94880,-74.90645,0.0,29.1,511.0,VICTORAY,IMO8961444,WDG9292,30,,22,6,,,B
367586320,2022-01-01T02:28:28,38.94880,-74.90645,0.0,29.1,511.0,VICTORAY,IMO8961444,WDG9292,30,,22,6,,,B
367586320,2022-01-01T02:40:29,38.94879,-74.90645,0.0,29.1,511.0,VICTORAY,IMO8961444,WDG9292,30,,22,6,,,B
367586320,2022-01-01T02:43:28,38.94879,-74.90645,0.0,29.1,511.0,VICTORAY,IMO8961444,WDG9292,30,,22,6,,,B
367586320,2022-01-01T02:31:29,38.94880,-74.90645,0.0,29.1,511.0,VICTORAY,IMO8961444,WDG9292,30,,22,6,,,B
367586320,2022-01-01T02:46:28,38.94879,-74.90645,0.0,29.1,511.0,VICTORAY,IMO8961444,WDG9292,30,,22,6,,,B
367586320,2022-01-01T02:37:28,38.94879,-74.90645,0.0,29.1,511.0,VICTORAY,IMO8961444,WDG9292,30,,22,6,,,B
367586320,2022-01-01T02:49:29,38.94879,-74.90645,0.0,29.1,511.0,VICTORAY,IMO8961444,WDG9292,30,,22,6,,,B
367586320,2022-01-01T02:58:28,38.94879,-74.90645,0.0,29.1,511.0,VICTORAY,IMO8961444,WDG9292,30,,22,6,,,B
367586320,2022-01-01T03:04:29,38.94879,-74.90645,0.0,29.1,511.0,VICTORAY,IMO8961444,WDG9292,30,,22,6,,,B
367586320,2022-01-01T03:01:28,38.94879,-74.90645,0.0,29.1,511.0,VICTORAY,IMO8961444,WDG9292,30,,22,6,,,B
367586320,2022-01-01T02:55:29,38.94879,-74.90645,0.0,29.1,511.0,VICTORAY,IMO8961444,WDG9292,30,,22,6,,,B
367586320,2022-01-01T03:07:28,38.94879,-74.90645,0.0,29.1,511.0,VICTORAY,IMO8961444,WDG9292,30,,22,6,,,B
367586320,2022-01-01T03:10:28,38.94879,-74.90645,0.0,29.1,511.0,VICTORAY,IMO8961444,WDG9292,30,,22,6,,,B
367586320,2022-01-01T03:16:28,38.94879,-74.90644,0.0,29.1,511.0,VICTORAY,IMO8961444,WDG9292,30,,22,6,,,B
367586320,2022-01-01T03:19:28,38.94879,-74.90644,0.0,29.1,511.0,VICTORAY,IMO8961444,WDG9292,30,,22,6,,,B
367586320,2022-01-01T03:31:28,38.94879,-74.90644,0.0,29.1,511.0,VICTORAY,IMO8961444,WDG9292,30,,22,6,,,B
367586320,2022-01-01T03:13:28,38.94879,-74.90645,0.0,29.1,511.0,VICTORAY,IMO8961444,WDG9292,30,,22,6,,,B
367586320,2022-01-01T03:34:28,38.94879,-74.90645,0.0,29.1,511.0,VICTORAY,IMO8961444,WDG9292,30,,22,6,,,B
367586320,2022-01-01T03:43:29,38.94879,-74.90645,0.0,29.1,511.0,VICTORAY,IMO8961444,WDG9292,30,,22,6,,,B
367586320,2022-01-01T03:46:28,38.94879,-74.90645,0.0,29.1,511.0,VICTORAY,IMO8961444,WDG9292,30,,22,6,,,B
367586320,2022-01-01T03:40:28,38.94879,-74.90645,0.0,29.1,511.0,VICTORAY,IMO8961444,WDG9292,30,,22,6,,,B
367586320,2022-01-01T03:37:28,38.94879,-74.90645,0.0,29.1,511.0,VICTORAY,IMO8961444,WDG9292,30,,22,6,,,B
367586320,2022-01-01T03:52:29,38.94879,-74.90645,0.0,29.1,511.0,VICTORAY,IMO8961444,WDG9292,30,,22,6,,,B
367586320,2022-01-01T03:49:28,38.94879,-74.90645,0.0,29.1,511.0,VICTORAY,IMO8961444,WDG9292,30,,22,6,,,B
367586320,2022-01-01T03:55:28,38.94879,-74.90645,0.0,29.1,511.0,VICTORAY,IMO8961444,WDG9292,30,,22,6,,,B
367586320,2022-01-01T04:01:28,38.94879,-74.90645,0.0,29.1,511.0,VICTORAY,IMO8961444,WDG9292,30,,22,6,,,B
367586320,2022-01-01T03:58:29,38.94879,-74.90645,0.0,29.1,511.0,VICTORAY,IMO8961444,WDG9292,30,,22,6,,,B
367586320,2022-01-01T04:10:28,38.94879,-74.90644,0.0,29.1,511.0,VICTORAY,IMO8961444,WDG9292,30,,22,6,,,B
367586320,2022-01-01T04:07:28,38.94879,-74.90644,0.0,29.1,511.0,VICTORAY,IMO8961444,WDG9292,30,,22,6,,,B
367586320,2022-01-01T04:04:28,38.94879,-74.90645,0.0,29.1,511.0,VICTORAY,IMO8961444,WDG9292,30,,22,6,,,B
367586320,2022-01-01T04:19:28,38.94879,-74.90645,0.0,29.1,511.0,VICTORAY,IMO8961444,WDG9292,30,,22,6,,,B
367586320,2022-01-01T04:22:29,38.94879,-74.90645,0.0,29.1,511.0,VICTORAY,IMO8961444,WDG9292,30,,22,6,,,B
367586320,2022-01-01T04:28:28,38.94879,-74.90645,0.0,29.1,511.0,VICTORAY,IMO8961444,WDG9292,30,,22,6,,,B
367586320,2022-01-01T04:13:28,38.94879,-74.90644,0.0,29.1,511.0,VICTORAY,IMO8961444,WDG9292,30,,22,6,,,B
367586320,2022-01-01T04:25:28,38.94879,-74.90645,0.0,29.1,511.0,VICTORAY,IMO8961444,WDG9292,30,,22,6,,,B
367586320,2022-01-01T04:43:29,38.94879,-74.90646,0.0,29.1,511.0,VICTORAY,IMO8961444,WDG9292,30,,22,6,,,B
367586320,2022-01-01T04:31:28,38.94879,-74.90645,0.0,29.1,511.0,VICTORAY,IMO8961444,WDG9292,30,,22,6,,,B
367586320,2022-01-01T04:37:28,38.94879,-74.90646,0.0,29.1,511.0,VICTORAY,IMO8961444,WDG9292,30,,22,6,,,B
367586320,2022-01-01T04:40:28,38.94879,-74.90646,0.0,29.1,511.0,VICTORAY,IMO8961444,WDG9292,30,,22,6,,,B
367586320,2022-01-01T04:49:28,38.94879,-74.90646,0.0,29.1,511.0,VICTORAY,IMO8961444,WDG9292,30,,22,6,,,B
367586320,2022-01-01T05:10:29,38.94879,-74.90646,0.0,29.1,511.0,VICTORAY,IMO8961444,WDG9292,30,,22,6,,,B
367586320,2022-01-01T04:52:28,38.94879,-74.90645,0.0,29.1,511.0,VICTORAY,IMO8961444,WDG9292,30,,22,6,,,B
367586320,2022-01-01T05:04:28,38.94879,-74.90646,0.0,29.1,511.0,VICTORAY,IMO8961444,WDG9292,30,,22,6,,,B
367586320,2022-01-01T04:55:28,38.94879,-74.90645,0.0,29.1,511.0,VICTORAY,IMO8961444,WDG9292,30,,22,6,,,B
367586320,2022-01-01T05:13:28,38.94879,-74.90646,0.0,29.1,511.0,VICTORAY,IMO8961444,WDG9292,30,,22,6,,,B
367586320,2022-01-01T05:01:28,38.94879,-74.90646,0.0,29.1,511.0,VICTORAY,IMO8961444,WDG9292,30,,22,6,,,B
367586320,2022-01-01T05:25:28,38.94878,-74.90646,0.0,29.1,511.0,VICTORAY,IMO8961444,WDG9292,30,,22,6,,,B
367586320,2022-01-01T05:19:28,38.94878,-74.90646,0.0,29.1,511.0,VICTORAY,IMO8961444,WDG9292,30,,22,6,,,B
367586320,2022-01-01T05:16:28,38.94879,-74.90646,0.0,29.1,511.0,VICTORAY,IMO8961444,WDG9292,30,,22,6,,,B
367586320,2022-01-01T05:22:29,38.94878,-74.90646,0.0,29.1,511.0,VICTORAY,IMO8961444,WDG9292,30,,22,6,,,B
367586320,2022-01-01T05:31:28,38.94878,-74.90646,0.0,29.1,511.0,VICTORAY,IMO8961444,WDG9292,30,,22,6,,,B
367586320,2022-01-01T05:52:29,38.94878,-74.90645,0.0,29.1,511.0,VICTORAY,IMO8961444,WDG9292,30,,22,6,,,B
367586320,2022-01-01T05:34:28,38.94878,-74.90646,0.0,29.1,511.0,VICTORAY,IMO8961444,WDG9292,30,,22,6,,,B
367586320,2022-01-01T05:46:28,38.94878,-74.90645,0.0,29.1,511.0,VICTORAY,IMO8961444,WDG9292,30,,22,6,,,B
367586320,2022-01-01T05:43:28,38.94878,-74.90645,0.0,29.1,511.0,VICTORAY,IMO8961444,WDG9292,30,,22,6,,,B
367586320,2022-01-01T05:55:28,38.94878,-74.90645,0.0,29.1,511.0,VICTORAY,IMO8961444,WDG9292,30,,22,6,,,B
367586320,2022-01-01T05:40:28,38.94878,-74.90645,0.0,29.1,511.0,VICTORAY,IMO8961444,WDG9292,30,,22,6,,,B
367586320,2022-01-01T06:01:28,38.94878,-74.90645,0.0,29.1,511.0,VICTORAY,IMO8961444,WDG9292,30,,22,6,,,B
367586320,2022-01-01T05:58:28,38.94878,-74.90645,0.0,29.1,511.0,VICTORAY,IMO8961444,WDG9292,30,,22,6,,,B
367586320,2022-01-01T06:13:29,38.94878,-74.90645,0.0,29.1,511.0,VICTORAY,IMO8961444,WDG9292,30,,22,6,,,B
367586320,2022-01-01T06:04:28,38.94878,-74.90645,0.0,29.1,511.0,VICTORAY,IMO8961444,WDG9292,30,,22,6,,,B
367586320,2022-01-01T06:07:28,38.94878,-74.90645,0.0,29.1,511.0,VICTORAY,IMO8961444,WDG9292,30,,22,6,,,B
367586320,2022-01-01T06:37:28,38.94878,-74.90645,0.0,29.1,511.0,VICTORAY,IMO8961444,WDG9292,30,,22,6,,,B
367586320,2022-01-01T06:19:28,38.94878,-74.90645,0.0,29.1,511.0,VICTORAY,IMO8961444,WDG9292,30,,22,6,,,B
367586320,2022-01-01T06:22:28,38.94878,-74.90645,0.0,29.1,511.0,VICTORAY,IMO8961444,WDG9292,30,,22,6,,,B
367586320,2022-01-01T06:46:29,38.94878,-74.90645,0.0,29.1,511.0,VICTORAY,IMO8961444,WDG9292,30,,22,6,,,B
367586320,2022-01-01T06:10:28,38.94878,-74.90645,0.0,29.1,511.0,VICTORAY,IMO8961444,WDG9292,30,,22,6,,,B
367586320,2022-01-01T06:25:29,38.94878,-74.90645,0.0,29.1,511.0,VICTORAY,IMO8961444,WDG9292,30,,22,6,,,B
367586320,2022-01-01T06:28:29,38.94879,-74.90645,0.0,29.1,511.0,VICTORAY,IMO8961444,WDG9292,30,,22,6,,,B
367586320,2022-01-01T06:31:29,38.94878,-74.90645,0.0,29.1,511.0,VICTORAY,IMO8961444,WDG9292,30,,22,6,,,B
367586320,2022-01-01T06:55:28,38.94877,-74.90645,0.0,29.1,511.0,VICTORAY,IMO8961444,WDG9292,30,,22,6,,,B
367586320,2022-01-01T07:07:28,38.94878,-74.90645,0.0,29.1,511.0,VICTORAY,IMO8961444,WDG9292,30,,22,6,,,B
367586320,2022-01-01T03:22:28,38.94879,-74.90644,0.0,29.1,511.0,VICTORAY,IMO8961444,WDG9292,30,,22,6,,,B
367586320,2022-01-01T06:40:29,38.94878,-74.90645,0.0,29.1,511.0,VICTORAY,IMO8961444,WDG9292,30,,22,6,,,B
367586320,2022-01-01T06:52:28,38.94877,-74.90645,0.0,29.1,511.0,VICTORAY,IMO8961444,WDG9292,30,,22,6,,,B
367586320,2022-01-01T06:34:28,38.94878,-74.90645,0.0,29.1,511.0,VICTORAY,IMO8961444,WDG9292,30,,22,6,,,B
367586320,2022-01-01T07:01:28,38.94878,-74.90645,0.0,29.1,511.0,VICTORAY,IMO8961444,WDG9292,30,,22,6,,,B
367586320,2022-01-01T07:04:29,38.94878,-74.90645,0.0,29.1,511.0,VICTORAY,IMO8961444,WDG9292,30,,22,6,,,B
367586320,2022-01-01T03:25:29,38.94879,-74.90644,0.0,29.1,511.0,VICTORAY,IMO8961444,WDG9292,30,,22,6,,,B
367586320,2022-01-01T07:10:28,38.94878,-74.90644,0.0,29.1,511.0,VICTORAY,IMO8961444,WDG9292,30,,22,6,,,B
367586320,2022-01-01T07:16:28,38.94878,-74.90644,0.0,29.1,511.0,VICTORAY,IMO8961444,WDG9292,30,,22,6,,,B
367586320,2022-01-01T06:58:29,38.94878,-74.90645,0.0,29.1,511.0,VICTORAY,IMO8961444,WDG9292,30,,22,6,,,B
367586320,2022-01-01T07:46:28,38.94878,-74.90645,0.0,29.1,511.0,VICTORAY,IMO8961444,WDG9292,30,,22,6,,,B
367586320,2022-01-01T07:22:28,38.94878,-74.90644,0.0,29.1,511.0,VICTORAY,IMO8961444,WDG9292,30,,22,6,,,B
367586320,2022-01-01T07:28:28,38.94878,-74.90644,0.0,29.1,511.0,VICTORAY,IMO8961444,WDG9292,30,,22,6,,,B
367586320,2022-01-01T07:25:28,38.94878,-74.90644,0.0,29.1,511.0,VICTORAY,IMO8961444,WDG9292,30,,22,6,,,B
367586320,2022-01-01T07:55:28,38.94878,-74.90644,0.0,29.1,511.0,VICTORAY,IMO8961444,WDG9292,30,,22,6,,,B
367586320,2022-01-01T07:40:28,38.94879,-74.90645,0.0,29.1,511.0,VICTORAY,IMO8961444,WDG9292,30,,22,6,,,B
367586320,2022-01-01T07:37:28,38.94878,-74.90644,0.0,29.1,511.0,VICTORAY,IMO8961444,WDG9292,30,,22,6,,,B
367586320,2022-01-01T07:19:28,38.94878,-74.90644,0.0,29.1,511.0,VICTORAY,IMO8961444,WDG9292,30,,22,6,,,B
367586320,2022-01-01T07:49:29,38.94878,-74.90644,0.0,29.1,511.0,VICTORAY,IMO8961444,WDG9292,30,,22,6,,,B
367586320,2022-01-01T08:25:28,38.94878,-74.90644,0.0,29.1,511.0,VICTORAY,IMO8961444,WDG9292,30,,22,6,,,B
367586320,2022-01-01T08:34:28,38.94878,-74.90644,0.0,29.1,511.0,VICTORAY,IMO8961444,WDG9292,30,,22,6,,,B
367586320,2022-01-01T08:37:29,38.94879,-74.90644,0.0,29.1,511.0,VICTORAY,IMO8961444,WDG9292,30,,22,6,,,B
367586320,2022-01-01T07:52:28,38.94878,-74.90644,0.0,29.1,511.0,VICTORAY,IMO8961444,WDG9292,30,,22,6,,,B
367586320,2022-01-01T08:43:29,38.94879,-74.90645,0.0,29.1,511.0,VICTORAY,IMO8961444,WDG9292,30,,22,6,,,B
367586320,2022-01-01T08:19:28,38.94878,-74.90644,0.0,29.1,511.0,VICTORAY,IMO8961444,WDG9292,30,,22,6,,,B
367586320,2022-01-01T07:58:28,38.94878,-74.90644,0.0,29.1,511.0,VICTORAY,IMO8961444,WDG9292,30,,22,6,,,B
367586320,2022-01-01T08:01:29,38.94878,-74.90644,0.0,29.1,511.0,VICTORAY,IMO8961444,WDG9292,30,,22,6,,,B
367586320,2022-01-01T08:28:28,38.94878,-74.90644,0.0,29.1,511.0,VICTORAY,IMO8961444,WDG9292,30,,22,6,,,B
367586320,2022-01-01T08:55:28,38.94878,-74.90644,0.0,29.1,511.0,VICTORAY,IMO8961444,WDG9292,30,,22,6,,,B
367586320,2022-01-01T08:22:29,38.94878,-74.90644,0.0,29.1,511.0,VICTORAY,IMO8961444,WDG9292,30,,22,6,,,B
367586320,2022-01-01T08:10:28,38.94878,-74.90644,0.0,29.1,511.0,VICTORAY,IMO8961444,WDG9292,30,,22,6,,,B
367586320,2022-01-01T09:04:28,38.94878,-74.90644,0.0,29.1,511.0,VICTORAY,IMO8961444,WDG9292,30,,22,6,,,B
367586320,2022-01-01T08:49:29,38.94878,-74.90644,0.0,29.1,511.0,VICTORAY,IMO8961444,WDG9292,30,,22,6,,,B
367586320,2022-01-01T09:16:29,38.94878,-74.90644,0.0,29.1,511.0,VICTORAY,IMO8961444,WDG9292,30,,22,6,,,B
367586320,2022-01-01T08:46:28,38.94878,-74.90645,0.0,29.1,511.0,VICTORAY,IMO8961444,WDG9292,30,,22,6,,,B
367586320,2022-01-01T09:19:28,38.94878,-74.90644,0.0,29.1,511.0,VICTORAY,IMO8961444,WDG9292,30,,22,6,,,B
367586320,2022-01-01T09:22:28,38.94878,-74.90644,0.0,29.1,511.0,VICTORAY,IMO8961444,WDG9292,30,,22,6,,,B
367586320,2022-01-01T08:58:29,38.94879,-74.90644,0.0,29.1,511.0,VICTORAY,IMO8961444,WDG9292,30,,22,6,,,B
367586320,2022-01-01T09:07:29,38.94878,-74.90644,0.0,29.1,511.0,VICTORAY,IMO8961444,WDG9292,30,,22,6,,,B
367586320,2022-01-01T09:01:29,38.94878,-74.90644,0.0,29.1,511.0,VICTORAY,IMO8961444,WDG9292,30,,22,6,,,B
367586320,2022-01-01T09:10:28,38.94878,-74.90644,0.0,29.1,511.0,VICTORAY,IMO8961444,WDG9292,30,,22,6,,,B
367586320,2022-01-01T08:52:28,38.94879,-74.90644,0.0,29.1,511.0,VICTORAY,IMO8961444,WDG9292,30,,22,6,,,B
367586320,2022-01-01T09:25:28,38.94878,-74.90644,0.0,29.1,511.0,VICTORAY,IMO8961444,WDG9292,30,,22,6,,,B
367586320,2022-01-01T09:31:28,38.94878,-74.90644,0.0,29.1,511.0,VICTORAY,IMO8961444,WDG9292,30,,22,6,,,B
367586320,2022-01-01T10:01:28,38.94879,-74.90644,0.0,29.1,511.0,VICTORAY,IMO8961444,WDG9292,30,,22,6,,,B
367586320,2022-01-01T09:34:28,38.94878,-74.90644,0.0,29.1,511.0,VICTORAY,IMO8961444,WDG9292,30,,22,6,,,B
367586320,2022-01-01T09:28:28,38.94878,-74.90644,0.0,29.1,511.0,VICTORAY,IMO8961444,WDG9292,30,,22,6,,,B
367586320,2022-01-01T09:37:29,38.94878,-74.90644,0.0,29.1,511.0,VICTORAY,IMO8961444,WDG9292,30,,22,6,,,B
367586320,2022-01-01T09:40:28,38.94878,-74.90644,0.0,29.1,511.0,VICTORAY,IMO8961444,WDG9292,30,,22,6,,,B
367586320,2022-01-01T09:49:29,38.94878,-74.90644,0.0,29.1,511.0,VICTORAY,IMO8961444,WDG9292,30,,22,6,,,B
367586320,2022-01-01T09:55:28,38.94878,-74.90644,0.0,29.1,511.0,VICTORAY,IMO8961444,WDG9292,30,,22,6,,,B
367586320,2022-01-01T04:34:28,38.94879,-74.90646,0.0,29.1,511.0,VICTORAY,IMO8961444,WDG9292,30,,22,6,,,B
367586320,2022-01-01T10:34:29,38.94879,-74.90643,0.0,29.1,511.0,VICTORAY,IMO8961444,WDG9292,30,,22,6,,,B
367586320,2022-01-01T09:52:28,38.94878,-74.90644,0.0,29.1,511.0,VICTORAY,IMO8961444,WDG9292,30,,22,6,,,B
367586320,2022-01-01T09:58:29,38.94879,-74.90644,0.0,29.1,511.0,VICTORAY,IMO8961444,WDG9292,30,,22,6,,,B
367586320,2022-01-01T09:43:29,38.94878,-74.90644,0.0,29.1,511.0,VICTORAY,IMO8961444,WDG9292,30,,22,6,,,B
367586320,2022-01-01T09:46:28,38.94878,-74.90644,0.0,29.1,511.0,VICTORAY,IMO8961444,WDG9292,30,,22,6,,,B
367586320,2022-01-01T10:19:28,38.94879,-74.90644,0.0,29.1,511.0,VICTORAY,IMO8961444,WDG9292,30,,22,6,,,B
367586320,2022-01-01T10:07:29,38.94879,-74.90645,0.0,29.1,511.0,VICTORAY,IMO8961444,WDG9292,30,,22,6,,,B
367586320,2022-01-01T10:16:28,38.94879,-74.90644,0.0,29.1,511.0,VICTORAY,IMO8961444,WDG9292,30,,22,6,,,B
367586320,2022-01-01T10:04:28,38.94879,-74.90645,0.0,29.1,511.0,VICTORAY,IMO8961444,WDG9292,30,,22,6,,,B
367586320,2022-01-01T10:13:28,38.94879,-74.90644,0.0,29.1,511.0,VICTORAY,IMO8961444,WDG9292,30,,22,6,,,B
367586320,2022-01-01T10:28:28,38.94879,-74.90644,0.0,29.1,511.0,VICTORAY,IMO8961444,WDG9292,30,,22,6,,,B
367586320,2022-01-01T10:10:29,38.94879,-74.90644,0.0,29.1,511.0,VICTORAY,IMO8961444,WDG9292,30,,22,6,,,B
367586320,2022-01-01T10:25:28,38.94879,-74.90644,0.0,29.1,511.0,VICTORAY,IMO8961444,WDG9292,30,,22,6,,,B
367586320,2022-01-01T10:31:28,38.94879,-74.90643,0.0,29.1,511.0,VICTORAY,IMO8961444,WDG9292,30,,22,6,,,B
367586320,2022-01-01T10:43:29,38.94880,-74.90644,0.0,29.1,511.0,VICTORAY,IMO8961444,WDG9292,30,,22,6,,,B
367586320,2022-01-01T11:16:28,38.94881,-74.90642,0.0,29.1,511.0,VICTORAY,IMO8961444,WDG9292,30,,22,6,,,B
367586320,2022-01-01T10:22:28,38.94879,-74.90644,0.0,29.1,511.0,VICTORAY,IMO8961444,WDG9292,30,,22,6,,,B
367586320,2022-01-01T11:22:28,38.94880,-74.90642,0.0,29.1,511.0,VICTORAY,IMO8961444,WDG9292,30,,22,6,,,B
367586320,2022-01-01T10:37:28,38.94879,-74.90644,0.0,29.1,511.0,VICTORAY,IMO8961444,WDG9292,30,,22,6,,,B
367586320,2022-01-01T10:52:28,38.94880,-74.90643,0.0,29.1,511.0,VICTORAY,IMO8961444,WDG9292,30,,22,6,,,B
367586320,2022-01-01T11:01:28,38.94881,-74.90643,0.0,29.1,511.0,VICTORAY,IMO8961444,WDG9292,30,,22,6,,,B
367586320,2022-01-01T10:49:28,38.94880,-74.90643,0.0,29.1,511.0,VICTORAY,IMO8961444,WDG9292,30,,22,6,,,B
367586320,2022-01-01T04:58:28,38.94879,-74.90645,0.0,29.1,511.0,VICTORAY,IMO8961444,WDG9292,30,,22,6,,,B
367586320,2022-01-01T11:10:28,38.94881,-74.90642,0.0,29.1,511.0,VICTORAY,IMO8961444,WDG9292,30,,22,6,,,B
367586320,2022-01-01T10:55:28,38.94881,-74.90643,0.0,29.1,511.0,VICTORAY,IMO8961444,WDG9292,30,,22,6,,,B
367586320,2022-01-01T11:43:28,38.94881,-74.90642,0.0,29.1,511.0,VICTORAY,IMO8961444,WDG9292,30,,22,6,,,B
367586320,2022-01-01T11:13:29,38.94881,-74.90642,0.0,29.1,511.0,VICTORAY,IMO8961444,WDG9292,30,,22,6,,,B
367586320,2022-01-01T05:07:28,38.94879,-74.90646,0.0,29.1,511.0,VICTORAY,IMO8961444,WDG9292,30,,22,6,,,B
367586320,2022-01-01T11:04:28,38.94881,-74.90642,0.0,29.1,511.0,VICTORAY,IMO8961444,WDG9292,30,,22,6,,,B
367586320,2022-01-01T11:40:28,38.94881,-74.90642,0.0,29.1,511.0,VICTORAY,IMO8961444,WDG9292,30,,22,6,,,B
367586320,2022-01-01T11:31:28,38.94881,-74.90642,0.0,29.1,511.0,VICTORAY,IMO8961444,WDG9292,30,,22,6,,,B
367586320,2022-01-01T11:07:28,38.94881,-74.90642,0.0,29.1,511.0,VICTORAY,IMO8961444,WDG9292,30,,22,6,,,B
367586320,2022-01-01T12:16:28,38.94881,-74.90642,0.0,29.1,511.0,VICTORAY,IMO8961444,WDG9292,30,,22,6,,,B
367586320,2022-01-01T11:19:29,38.94881,-74.90642,0.0,29.1,511.0,VICTORAY,IMO8961444,WDG9292,30,,22,6,,,B
367586320,2022-01-01T11:37:28,38.94881,-74.90642,0.0,29.1,511.0,VICTORAY,IMO8961444,WDG9292,30,,22,6,,,B
367586320,2022-01-01T12:04:29,38.94881,-74.90643,0.0,29.1,511.0,VICTORAY,IMO8961444,WDG9292,30,,22,6,,,B
367586320,2022-01-01T11:55:28,38.94881,-74.90643,0.0,29.1,511.0,VICTORAY,IMO8961444,WDG9292,30,,22,6,,,B
367586320,2022-01-01T11:52:28,38.94881,-74.90643,0.0,29.1,511.0,VICTORAY,IMO8961444,WDG9292,30,,22,6,,,B
367586320,2022-01-01T11:58:28,38.94881,-74.90643,0.0,29.1,511.0,VICTORAY,IMO8961444,WDG9292,30,,22,6,,,B
367586320,2022-01-01T11:34:29,38.94881,-74.90642,0.0,29.1,511.0,VICTORAY,IMO8961444,WDG9292,30,,22,6,,,B
367586320,2022-01-01T12:01:28,38.94881,-74.90643,0.0,29.1,511.0,VICTORAY,IMO8961444,WDG9292,30,,22,6,,,B
367586320,2022-01-01T12:07:28,38.94881,-74.90643,0.0,29.1,511.0,VICTORAY,IMO8961444,WDG9292,30,,22,6,,,B
367586320,2022-01-01T12:10:28,38.94881,-74.90643,0.0,29.1,511.0,VICTORAY,IMO8961444,WDG9292,30,,22,6,,,B
367586320,2022-01-01T05:28:28,38.94878,-74.90646,0.0,29.1,511.0,VICTORAY,IMO8961444,WDG9292,30,,22,6,,,B
367586320,2022-01-01T12:34:28,38.94880,-74.90643,0.0,29.1,511.0,VICTORAY,IMO8961444,WDG9292,30,,22,6,,,B
367586320,2022-01-01T12:58:29,38.94879,-74.90641,0.0,29.1,511.0,VICTORAY,IMO8961444,WDG9292,30,,22,6,,,B
367586320,2022-01-01T12:28:28,38.94880,-74.90643,0.0,29.1,511.0,VICTORAY,IMO8961444,WDG9292,30,,22,6,,,B
367586320,2022-01-01T12:25:28,38.94880,-74.90642,0.0,29.1,511.0,VICTORAY,IMO8961444,WDG9292,30,,22,6,,,B
367586320,2022-01-01T05:37:28,38.94878,-74.90645,0.0,29.1,511.0,VICTORAY,IMO8961444,WDG9292,30,,22,6,,,B
367586320,2022-01-01T12:31:28,38.94880,-74.90643,0.0,29.1,511.0,VICTORAY,IMO8961444,WDG9292,30,,22,6,,,B
367586320,2022-01-01T12:40:28,38.94879,-74.90643,0.0,29.1,511.0,VICTORAY,IMO8961444,WDG9292,30,,22,6,,,B
367586320,2022-01-01T12:52:28,38.94879,-74.90642,0.0,29.1,511.0,VICTORAY,IMO8961444,WDG9292,30,,22,6,,,B
367586320,2022-01-01T12:46:29,38.94879,-74.90642,0.0,29.1,511.0,VICTORAY,IMO8961444,WDG9292,30,,22,6,,,B
367586320,2022-01-01T05:49:28,38.94878,-74.90645,0.0,29.1,511.0,VICTORAY,IMO8961444,WDG9292,30,,22,6,,,B
367586320,2022-01-01T12:49:28,38.94879,-74.90642,0.0,29.1,511.0,VICTORAY,IMO8961444,WDG9292,30,,22,6,,,B
367586320,2022-01-01T12:22:29,38.94881,-74.90643,0.0,29.1,511.0,VICTORAY,IMO8961444,WDG9292,30,,22,6,,,B
367586320,2022-01-01T12:55:28,38.94879,-74.90641,0.0,29.1,511.0,VICTORAY,IMO8961444,WDG9292,30,,22,6,,,B
367586320,2022-01-01T13:58:28,38.94879,-74.90644,0.0,29.1,511.0,VICTORAY,IMO8961444,WDG9292,30,,22,6,,,B
367586320,2022-01-01T13:04:28,38.94878,-74.90641,0.0,29.1,511.0,VICTORAY,IMO8961444,WDG9292,30,,22,6,,,B
367586320,2022-01-01T13:07:29,38.94878,-74.90641,0.0,29.1,511.0,VICTORAY,IMO8961444,WDG9292,30,,22,6,,,B
367586320,2022-01-01T13:13:28,38.94878,-74.90641,0.0,29.1,511.0,VICTORAY,IMO8961444,WDG9292,30,,22,6,,,B
367586320,2022-01-01T13:19:28,38.94878,-74.90642,0.0,29.1,511.0,VICTORAY,IMO8961444,WDG9292,30,,22,6,,,B
367586320,2022-01-01T13:34:29,38.94878,-74.90642,0.0,29.1,511.0,VICTORAY,IMO8961444,WDG9292,30,,22,6,,,B
367586320,2022-01-01T13:28:28,38.94878,-74.90642,0.0,29.1,511.0,VICTORAY,IMO8961444,WDG9292,30,,22,6,,,B
367586320,2022-01-01T13:37:28,38.94879,-74.90643,0.0,29.1,511.0,VICTORAY,IMO8961444,WDG9292,30,,22,6,,,B
367586320,2022-01-01T14:19:28,38.94878,-74.90644,0.0,29.1,511.0,VICTORAY,IMO8961444,WDG9292,30,,22,6,,,B
367586320,2022-01-01T13:25:28,38.94878,-74.90642,0.0,29.1,511.0,VICTORAY,IMO8961444,WDG9292,30,,22,6,,,B
367586320,2022-01-01T13:01:28,38.94878,-74.90641,0.0,29.1,511.0,VICTORAY,IMO8961444,WDG9292,30,,22,6,,,B
367586320,2022-01-01T13:31:28,38.94878,-74.90642,0.0,29.1,511.0,VICTORAY,IMO8961444,WDG9292,30,,22,6,,,B
367586320,2022-01-01T13:46:29,38.94879,-74.90644,0.0,29.1,511.0,VICTORAY,IMO8961444,WDG9292,30,,22,6,,,B
367586320,2022-01-01T13:49:28,38.94879,-74.90644,0.0,29.1,511.0,VICTORAY,IMO8961444,WDG9292,30,,22,6,,,B
367586320,2022-01-01T13:16:28,38.94878,-74.90642,0.0,29.1,511.0,VICTORAY,IMO8961444,WDG9292,30,,22,6,,,B
367586320,2022-01-01T14:01:29,38.94879,-74.90644,0.0,29.1,511.0,VICTORAY,IMO8961444,WDG9292,30,,22,6,,,B
367586320,2022-01-01T13:52:29,38.94879,-74.90644,0.0,29.1,511.0,VICTORAY,IMO8961444,WDG9292,30,,22,6,,,B
367586320,2022-01-01T13:22:28,38.94878,-74.90642,0.0,29.1,511.0,VICTORAY,IMO8961444,WDG9292,30,,22,6,,,B
367586320,2022-01-01T14:46:28,38.94877,-74.90646,0.0,29.1,511.0,VICTORAY,IMO8961444,WDG9292,30,,22,6,,,B
367586320,2022-01-01T14:04:29,38.94879,-74.90644,0.0,29.1,511.0,VICTORAY,IMO8961444,WDG9292,30,,22,6,,,B
367586320,2022-01-01T13:55:28,38.94879,-74.90644,0.0,29.1,511.0,VICTORAY,IMO8961444,WDG9292,30,,22,6,,,B
367586320,2022-01-01T14:07:28,38.94878,-74.90644,0.0,29.1,511.0,VICTORAY,IMO8961444,WDG9292,30,,22,6,,,B
367586320,2022-01-01T06:16:28,38.94878,-74.90645,0.0,29.1,511.0,VICTORAY,IMO8961444,WDG9292,30,,22,6,,,B
367586320,2022-01-01T15:01:29,38.94877,-74.90645,0.0,29.1,511.0,VICTORAY,IMO8961444,WDG9292,30,,22,6,,,B
367586320,2022-01-01T13:40:29,38.94879,-74.90643,0.0,29.1,511.0,VICTORAY,IMO8961444,WDG9292,30,,22,6,,,B
367586320,2022-01-01T14:22:29,38.94878,-74.90644,0.0,29.1,511.0,VICTORAY,IMO8961444,WDG9292,30,,22,6,,,B
367586320,2022-01-01T14:31:28,38.94877,-74.90645,0.0,29.1,511.0,VICTORAY,IMO8961444,WDG9292,30,,22,6,,,B
367586320,2022-01-01T14:13:28,38.94878,-74.90645,0.0,29.1,511.0,VICTORAY,IMO8961444,WDG9292,30,,22,6,,,B
367586320,2022-01-01T14:16:28,38.94878,-74.90644,0.0,29.1,511.0,VICTORAY,IMO8961444,WDG9292,30,,22,6,,,B
367586320,2022-01-01T14:40:28,38.94877,-74.90645,0.0,29.1,511.0,VICTORAY,IMO8961444,WDG9292,30,,22,6,,,B
367586320,2022-01-01T14:43:28,38.94877,-74.90645,0.0,29.1,511.0,VICTORAY,IMO8961444,WDG9292,30,,22,6,,,B
367586320,2022-01-01T14:49:28,38.94877,-74.90646,0.0,29.1,511.0,VICTORAY,IMO8961444,WDG9292,30,,22,6,,,B
367586320,2022-01-01T14:37:29,38.94877,-74.90645,0.0,29.1,511.0,VICTORAY,IMO8961444,WDG9292,30,,22,6,,,B
367586320,2022-01-01T14:52:28,38.94877,-74.90646,0.0,29.1,511.0,VICTORAY,IMO8961444,WDG9292,30,,22,6,,,B
367586320,2022-01-01T15:28:28,38.94877,-74.90645,0.0,29.1,511.0,VICTORAY,IMO8961444,WDG9292,30,,22,6,,,B
367586320,2022-01-01T14:34:28,38.94877,-74.90645,0.0,29.1,511.0,VICTORAY,IMO8961444,WDG9292,30,,22,6,,,B
367586320,2022-01-01T15:34:29,38.94878,-74.90645,0.0,29.1,511.0,VICTORAY,IMO8961444,WDG9292,30,,22,6,,,B
367586320,2022-01-01T14:25:28,38.94878,-74.90645,0.0,29.1,511.0,VICTORAY,IMO8961444,WDG9292,30,,22,6,,,B
367586320,2022-01-01T15:43:28,38.94878,-74.90644,0.0,29.1,511.0,VICTORAY,IMO8961444,WDG9292,30,,22,6,,,B
367586320,2022-01-01T14:28:28,38.94878,-74.90645,0.0,29.1,511.0,VICTORAY,IMO8961444,WDG9292,30,,22,6,,,B
367586320,2022-01-01T14:55:29,38.94877,-74.90646,0.0,29.1,511.0,VICTORAY,IMO8961444,WDG9292,30,,22,6,,,B
367586320,2022-01-01T15:13:28,38.94877,-74.90645,0.0,29.1,511.0,VICTORAY,IMO8961444,WDG9292,30,,22,6,,,B
367586320,2022-01-01T15:16:29,38.94877,-74.90645,0.0,29.1,511.0,VICTORAY,IMO8961444,WDG9292,30,,22,6,,,B
367586320,2022-01-01T14:58:29,38.94877,-74.90645,0.0,29.1,511.0,VICTORAY,IMO8961444,WDG9292,30,,22,6,,,B
367586320,2022-01-01T15:19:28,38.94877,-74.90645,0.0,29.1,511.0,VICTORAY,IMO8961444,WDG9292,30,,22,6,,,B
367586320,2022-01-01T15:10:28,38.94877,-74.90646,0.0,29.1,511.0,VICTORAY,IMO8961444,WDG9292,30,,22,6,,,B
367586320,2022-01-01T15:04:28,38.94877,-74.90645,0.0,29.1,511.0,VICTORAY,IMO8961444,WDG9292,30,,22,6,,,B
367586320,2022-01-01T06:49:28,38.94878,-74.90645,0.0,29.1,511.0,VICTORAY,IMO8961444,WDG9292,30,,22,6,,,B
367586320,2022-01-01T15:22:28,38.94877,-74.90645,0.0,29.1,511.0,VICTORAY,IMO8961444,WDG9292,30,,22,6,,,B
367586320,2022-01-01T15:37:28,38.94878,-74.90645,0.0,29.1,511.0,VICTORAY,IMO8961444,WDG9292,30,,22,6,,,B
367586320,2022-01-01T15:40:28,38.94878,-74.90644,0.0,29.1,511.0,VICTORAY,IMO8961444,WDG9292,30,,22,6,,,B
367586320,2022-01-01T15:07:28,38.94877,-74.90645,0.0,29.1,511.0,VICTORAY,IMO8961444,WDG9292,30,,22,6,,,B
367586320,2022-01-01T15:31:28,38.94877,-74.90645,0.0,29.1,511.0,VICTORAY,IMO8961444,WDG9292,30,,22,6,,,B
367586320,2022-01-01T15:49:28,38.94878,-74.90644,0.0,29.1,511.0,VICTORAY,IMO8961444,WDG9292,30,,22,6,,,B
367586320,2022-01-01T16:34:29,38.94879,-74.90645,0.0,29.1,511.0,VICTORAY,IMO8961444,WDG9292,30,,22,6,,,B
367586320,2022-01-01T15:46:28,38.94878,-74.90644,0.0,29.1,511.0,VICTORAY,IMO8961444,WDG9292,30,,22,6,,,B
367586320,2022-01-01T16:07:29,38.94879,-74.90645,0.0,29.1,511.0,VICTORAY,IMO8961444,WDG9292,30,,22,6,,,B
367586320,2022-01-01T15:58:28,38.94878,-74.90644,0.0,29.1,511.0,VICTORAY,IMO8961444,WDG9292,30,,22,6,,,B
367586320,2022-01-01T16:55:28,38.94879,-74.90644,0.0,29.1,511.0,VICTORAY,IMO8961444,WDG9292,30,,22,6,,,B
367586320,2022-01-01T16:04:28,38.94879,-74.90645,0.0,29.1,511.0,VICTORAY,IMO8961444,WDG9292,30,,22,6,,,B
367586320,2022-01-01T17:04:28,38.94879,-74.90643,0.0,29.1,511.0,VICTORAY,IMO8961444,WDG9292,30,,22,6,,,B
367586320,2022-01-01T16:16:29,38.94879,-74.90645,0.0,29.1,511.0,VICTORAY,IMO8961444,WDG9292,30,,22,6,,,B
367586320,2022-01-01T15:52:28,38.94878,-74.90644,0.0,29.1,511.0,VICTORAY,IMO8961444,WDG9292,30,,22,6,,,B
367586320,2022-01-01T16:28:28,38.94879,-74.90645,0.0,29.1,511.0,VICTORAY,IMO8961444,WDG9292,30,,22,6,,,B
367586320,2022-01-01T07:13:29,38.94878,-74.90644,0.0,29.1,511.0,VICTORAY,IMO8961444,WDG9292,30,,22,6,,,B
367586320,2022-01-01T15:55:28,38.94878,-74.90644,0.0,29.1,511.0,VICTORAY,IMO8961444,WDG9292,30,,22,6,,,B
367586320,2022-01-01T17:16:28,38.94879,-74.90643,0.0,29.1,511.0,VICTORAY,IMO8961444,WDG9292,30,,22,6,,,B
367586320,2022-01-01T16:22:28,38.94879,-74.90645,0.0,29.1,511.0,VICTORAY,IMO8961444,WDG9292,30,,22,6,,,B
367586320,2022-01-01T16:25:28,38.94879,-74.90645,0.0,29.1,511.0,VICTORAY,IMO8961444,WDG9292,30,,22,6,,,B
367586320,2022-01-01T16:40:28,38.94879,-74.90644,0.0,29.1,511.0,VICTORAY,IMO8961444,WDG9292,30,,22,6,,,B
367586320,2022-01-01T16:37:29,38.94879,-74.90644,0.0,29.1,511.0,VICTORAY,IMO8961444,WDG9292,30,,22,6,,,B
367586320,2022-01-01T16:13:28,38.94879,-74.90645,0.0,29.1,511.0,VICTORAY,IMO8961444,WDG9292,30,,22,6,,,B
367586320,2022-01-01T16:46:29,38.94879,-74.90644,0.0,29.1,511.0,VICTORAY,IMO8961444,WDG9292,30,,22,6,,,B
367586320,2022-01-01T16:19:28,38.94879,-74.90645,0.0,29.1,511.0,VICTORAY,IMO8961444,WDG9292,30,,22,6,,,B
367586320,2022-01-01T17:40:28,38.94879,-74.90643,0.0,29.1,511.0,VICTORAY,IMO8961444,WDG9292,30,,22,6,,,B
367586320,2022-01-01T16:52:28,38.94879,-74.90644,0.0,29.1,511.0,VICTORAY,IMO8961444,WDG9292,30,,22,6,,,B
367586320,2022-01-01T16:49:28,38.94879,-74.90644,0.0,29.1,511.0,VICTORAY,IMO8961444,WDG9292,30,,22,6,,,B
367586320,2022-01-01T17:49:29,38.94879,-74.90644,0.0,29.1,511.0,VICTORAY,IMO8961444,WDG9292,30,,22,6,,,B
367586320,2022-01-01T17:07:29,38.94879,-74.90643,0.0,29.1,511.0,VICTORAY,IMO8961444,WDG9292,30,,22,6,,,B
367586320,2022-01-01T16:58:29,38.94879,-74.90643,0.0,29.1,511.0,VICTORAY,IMO8961444,WDG9292,30,,22,6,,,B
367586320,2022-01-01T17:13:28,38.94879,-74.90643,0.0,29.1,511.0,VICTORAY,IMO8961444,WDG9292,30,,22,6,,,B
367586320,2022-01-01T17:19:29,38.94879,-74.90643,0.0,29.1,511.0,VICTORAY,IMO8961444,WDG9292,30,,22,6,,,B
367586320,2022-01-01T16:43:28,38.94879,-74.90644,0.0,29.1,511.0,VICTORAY,IMO8961444,WDG9292,30,,22,6,,,B
367586320,2022-01-01T17:22:28,38.94880,-74.90643,0.0,29.1,511.0,VICTORAY,IMO8961444,WDG9292,30,,22,6,,,B
367586320,2022-01-01T17:10:28,38.94879,-74.90643,0.0,29.1,511.0,VICTORAY,IMO8961444,WDG9292,30,,22,6,,,B
367586320,2022-01-01T07:31:28,38.94878,-74.90644,0.0,29.1,511.0,VICTORAY,IMO8961444,WDG9292,30,,22,6,,,B
367586320,2022-01-01T17:28:28,38.94880,-74.90643,0.0,29.1,511.0,VICTORAY,IMO8961444,WDG9292,30,,22,6,,,B
367586320,2022-01-01T07:34:28,38.94878,-74.90644,0.0,29.1,511.0,VICTORAY,IMO8961444,WDG9292,30,,22,6,,,B
367586320,2022-01-01T17:25:28,38.94880,-74.90643,0.0,29.1,511.0,VICTORAY,IMO8961444,WDG9292,30,,22,6,,,B
367586320,2022-01-01T17:01:28,38.94879,-74.90643,0.0,29.1,511.0,VICTORAY,IMO8961444,WDG9292,30,,22,6,,,B
367586320,2022-01-01T17:43:28,38.94879,-74.90644,0.0,29.1,511.0,VICTORAY,IMO8961444,WDG9292,30,,22,6,,,B
367586320,2022-01-01T17:31:28,38.94880,-74.90643,0.0,29.1,511.0,VICTORAY,IMO8961444,WDG9292,30,,22,6,,,B
367586320,2022-01-01T17:46:28,38.94879,-74.90644,0.0,29.1,511.0,VICTORAY,IMO8961444,WDG9292,30,,22,6,,,B
367586320,2022-01-01T17:34:28,38.94880,-74.90643,0.0,29.1,511.0,VICTORAY,IMO8961444,WDG9292,30,,22,6,,,B
367586320,2022-01-01T17:37:28,38.94880,-74.90643,0.0,29.1,511.0,VICTORAY,IMO8961444,WDG9292,30,,22,6,,,B
367586320,2022-01-01T18:37:29,38.94880,-74.90642,0.0,29.1,511.0,VICTORAY,IMO8961444,WDG9292,30,,22,6,,,B
367586320,2022-01-01T18:43:29,38.94880,-74.90642,0.0,29.1,511.0,VICTORAY,IMO8961444,WDG9292,30,,22,6,,,B
367586320,2022-01-01T07:43:28,38.94878,-74.90645,0.0,29.1,511.0,VICTORAY,IMO8961444,WDG9292,30,,22,6,,,B
367586320,2022-01-01T17:58:28,38.94879,-74.90643,0.0,29.1,511.0,VICTORAY,IMO8961444,WDG9292,30,,22,6,,,B
367586320,2022-01-01T18:52:28,38.94880,-74.90643,0.0,29.1,511.0,VICTORAY,IMO8961444,WDG9292,30,,22,6,,,B
367586320,2022-01-01T18:04:28,38.94879,-74.90643,0.0,29.1,511.0,VICTORAY,IMO8961444,WDG9292,30,,22,6,,,B
367586320,2022-01-01T18:19:28,38.94880,-74.90643,0.0,29.1,511.0,VICTORAY,IMO8961444,WDG9292,30,,22,6,,,B
367586320,2022-01-01T18:07:28,38.94879,-74.90643,0.0,29.1,511.0,VICTORAY,IMO8961444,WDG9292,30,,22,6,,,B
367586320,2022-01-01T18:10:28,38.94879,-74.90643,0.0,29.1,511.0,VICTORAY,IMO8961444,WDG9292,30,,22,6,,,B
367586320,2022-01-01T18:13:28,38.94879,-74.90643,0.0,29.1,511.0,VICTORAY,IMO8961444,WDG9292,30,,22,6,,,B
367586320,2022-01-01T18:16:28,38.94880,-74.90643,0.0,29.1,511.0,VICTORAY,IMO8961444,WDG9292,30,,22,6,,,B
367586320,2022-01-01T19:13:28,38.94880,-74.90643,0.0,29.1,511.0,VICTORAY,IMO8961444,WDG9292,30,,22,6,,,B
367586320,2022-01-01T18:25:29,38.94880,-74.90642,0.0,29.1,511.0,VICTORAY,IMO8961444,WDG9292,30,,22,6,,,B
367586320,2022-01-01T18:34:28,38.94880,-74.90642,0.0,29.1,511.0,VICTORAY,IMO8961444,WDG9292,30,,22,6,,,B
367586320,2022-01-01T19:37:28,38.94880,-74.90643,0.0,29.1,511.0,VICTORAY,IMO8961444,WDG9292,30,,22,6,,,B
367586320,2022-01-01T18:46:29,38.94880,-74.90643,0.0,29.1,511.0,VICTORAY,IMO8961444,WDG9292,30,,22,6,,,B
367586320,2022-01-01T18:49:28,38.94880,-74.90643,0.0,29.1,511.0,VICTORAY,IMO8961444,WDG9292,30,,22,6,,,B
367586320,2022-01-01T08:04:28,38.94878,-74.90644,0.0,29.1,511.0,VICTORAY,IMO8961444,WDG9292,30,,22,6,,,B
367586320,2022-01-01T19:04:28,38.94880,-74.90643,0.0,29.1,511.0,VICTORAY,IMO8961444,WDG9292,30,,22,6,,,B
367586320,2022-01-01T18:28:29,38.94880,-74.90642,0.0,29.1,511.0,VICTORAY,IMO8961444,WDG9292,30,,22,6,,,B
367586320,2022-01-01T08:07:28,38.94878,-74.90644,0.0,29.1,511.0,VICTORAY,IMO8961444,WDG9292,30,,22,6,,,B
367586320,2022-01-01T18:40:28,38.94880,-74.90642,0.0,29.1,511.0,VICTORAY,IMO8961444,WDG9292,30,,22,6,,,B
367586320,2022-01-01T19:07:28,38.94880,-74.90643,0.0,29.1,511.0,VICTORAY,IMO8961444,WDG9292,30,,22,6,,,B
367586320,2022-01-01T19:22:28,38.94880,-74.90643,0.0,29.1,511.0,VICTORAY,IMO8961444,WDG9292,30,,22,6,,,B
367586320,2022-01-01T08:13:28,38.94878,-74.90644,0.0,29.1,511.0,VICTORAY,IMO8961444,WDG9292,30,,22,6,,,B
367586320,2022-01-01T08:16:28,38.94878,-74.90644,0.0,29.1,511.0,VICTORAY,IMO8961444,WDG9292,30,,22,6,,,B
367586320,2022-01-01T18:58:28,38.94880,-74.90643,0.0,29.1,511.0,VICTORAY,IMO8961444,WDG9292,30,,22,6,,,B
367586320,2022-01-01T19:28:28,38.94879,-74.90643,0.0,29.1,511.0,VICTORAY,IMO8961444,WDG9292,30,,22,6,,,B
367586320,2022-01-01T19:25:28,38.94880,-74.90643,0.0,29.1,511.0,VICTORAY,IMO8961444,WDG9292,30,,22,6,,,B
367586320,2022-01-01T19:31:28,38.94880,-74.90644,0.0,29.1,511.0,VICTORAY,IMO8961444,WDG9292,30,,22,6,,,B
367586320,2022-01-01T19:10:28,38.94880,-74.90643,0.0,29.1,511.0,VICTORAY,IMO8961444,WDG9292,30,,22,6,,,B
367586320,2022-01-01T20:37:28,38.94880,-74.90645,0.0,29.1,511.0,VICTORAY,IMO8961444,WDG9292,30,,22,6,,,B
367586320,2022-01-01T19:16:28,38.94880,-74.90643,0.0,29.1,511.0,VICTORAY,IMO8961444,WDG9292,30,,22,6,,,B
367586320,2022-01-01T19:46:28,38.94880,-74.90644,0.0,29.1,511.0,VICTORAY,IMO8961444,WDG9292,30,,22,6,,,B
367586320,2022-01-01T20:04:29,38.94880,-74.90644,0.0,29.1,511.0,VICTORAY,IMO8961444,WDG9292,30,,22,6,,,B
367586320,2022-01-01T19:49:28,38.94880,-74.90644,0.0,29.1,511.0,VICTORAY,IMO8961444,WDG9292,30,,22,6,,,B
367586320,2022-01-01T08:31:28,38.94878,-74.90644,0.0,29.1,511.0,VICTORAY,IMO8961444,WDG9292,30,,22,6,,,B
367586320,2022-01-01T19:55:28,38.94880,-74.90644,0.0,29.1,511.0,VICTORAY,IMO8961444,WDG9292,30,,22,6,,,B
367586320,2022-01-01T20:52:29,38.94880,-74.90644,0.0,29.1,511.0,VICTORAY,IMO8961444,WDG9292,30,,22,6,,,B
367586320,2022-01-01T20:07:28,38.94880,-74.90645,0.0,29.1,511.0,VICTORAY,IMO8961444,WDG9292,30,,22,6,,,B
367586320,2022-01-01T19:34:29,38.94880,-74.90644,0.0,29.1,511.0,VICTORAY,IMO8961444,WDG9292,30,,22,6,,,B
367586320,2022-01-01T19:52:29,38.94880,-74.90644,0.0,29.1,511.0,VICTORAY,IMO8961444,WDG9292,30,,22,6,,,B
367586320,2022-01-01T08:40:28,38.94879,-74.90645,0.0,29.1,511.0,VICTORAY,IMO8961444,WDG9292,30,,22,6,,,B
367586320,2022-01-01T19:58:28,38.94880,-74.90644,0.0,29.1,511.0,VICTORAY,IMO8961444,WDG9292,30,,22,6,,,B
367586320,2022-01-01T21:10:29,38.94881,-74.90644,0.0,29.1,511.0,VICTORAY,IMO8961444,WDG9292,30,,22,6,,,B
367586320,2022-01-01T20:31:29,38.94880,-74.90645,0.0,29.1,511.0,VICTORAY,IMO8961444,WDG9292,30,,22,6,,,B
367586320,2022-01-01T20:10:28,38.94880,-74.90645,0.0,29.1,511.0,VICTORAY,IMO8961444,WDG9292,30,,22,6,,,B
367586320,2022-01-01T20:16:28,38.94879,-74.90645,0.0,29.1,511.0,VICTORAY,IMO8961444,WDG9292,30,,22,6,,,B
367586320,2022-01-01T20:40:28,38.94880,-74.90645,0.0,29.1,511.0,VICTORAY,IMO8961444,WDG9292,30,,22,6,,,B
367586320,2022-01-01T21:19:28,38.94881,-74.90645,0.0,29.1,511.0,VICTORAY,IMO8961444,WDG9292,30,,22,6,,,B
367586320,2022-01-01T20:13:29,38.94880,-74.90645,0.0,29.1,511.0,VICTORAY,IMO8961444,WDG9292,30,,22,6,,,B
367586320,2022-01-01T20:22:28,38.94880,-74.90645,0.0,29.1,511.0,VICTORAY,IMO8961444,WDG9292,30,,22,6,,,B
367586320,2022-01-01T20:01:28,38.94880,-74.90644,0.0,29.1,511.0,VICTORAY,IMO8961444,WDG9292,30,,22,6,,,B
367586320,2022-01-01T21:25:28,38.94881,-74.90645,0.0,29.1,511.0,VICTORAY,IMO8961444,WDG9292,30,,22,6,,,B
367586320,2022-01-01T20:25:28,38.94880,-74.90645,0.0,29.1,511.0,VICTORAY,IMO8961444,WDG9292,30,,22,6,,,B
367586320,2022-01-01T20:34:28,38.94880,-74.90645,0.0,29.1,511.0,VICTORAY,IMO8961444,WDG9292,30,,22,6,,,B
367586320,2022-01-01T20:55:28,38.94880,-74.90644,0.0,29.1,511.0,VICTORAY,IMO8961444,WDG9292,30,,22,6,,,B
367586320,2022-01-01T20:28:29,38.94880,-74.90645,0.0,29.1,511.0,VICTORAY,IMO8961444,WDG9292,30,,22,6,,,B
367586320,2022-01-01T20:19:28,38.94880,-74.90645,0.0,29.1,511.0,VICTORAY,IMO8961444,WDG9292,30,,22,6,,,B
367586320,2022-01-01T20:49:29,38.94880,-74.90645,0.0,29.1,511.0,VICTORAY,IMO8961444,WDG9292,30,,22,6,,,B
367586320,2022-01-01T20:46:28,38.94880,-74.90645,0.0,29.1,511.0,VICTORAY,IMO8961444,WDG9292,30,,22,6,,,B
367586320,2022-01-01T22:04:29,38.94880,-74.90644,0.0,29.1,511.0,VICTORAY,IMO8961444,WDG9292,30,,22,6,,,B
367586320,2022-01-01T21:04:29,38.94881,-74.90644,0.0,29.1,511.0,VICTORAY,IMO8961444,WDG9292,30,,22,6,,,B
367586320,2022-01-01T21:22:29,38.94881,-74.90645,0.0,29.1,511.0,VICTORAY,IMO8961444,WDG9292,30,,22,6,,,B
367586320,2022-01-01T21:13:28,38.94881,-74.90644,0.0,29.1,511.0,VICTORAY,IMO8961444,WDG9292,30,,22,6,,,B
367586320,2022-01-01T21:07:29,38.94881,-74.90644,0.0,29.1,511.0,VICTORAY,IMO8961444,WDG9292,30,,22,6,,,B
367586320,2022-01-01T09:13:28,38.94878,-74.90644,0.0,29.1,511.0,VICTORAY,IMO8961444,WDG9292,30,,22,6,,,B
367586320,2022-01-01T21:16:28,38.94881,-74.90645,0.0,29.1,511.0,VICTORAY,IMO8961444,WDG9292,30,,22,6,,,B
367586320,2022-01-01T21:01:28,38.94881,-74.90644,0.0,29.1,511.0,VICTORAY,IMO8961444,WDG9292,30,,22,6,,,B
367586320,2022-01-01T21:31:28,38.94881,-74.90645,0.0,29.1,511.0,VICTORAY,IMO8961444,WDG9292,30,,22,6,,,B
367586320,2022-01-01T21:28:29,38.94881,-74.90645,0.0,29.1,511.0,VICTORAY,IMO8961444,WDG9292,30,,22,6,,,B
367586320,2022-01-01T21:37:29,38.94881,-74.90645,0.0,29.1,511.0,VICTORAY,IMO8961444,WDG9292,30,,22,6,,,B
367586320,2022-01-01T21:49:28,38.94881,-74.90645,0.0,29.1,511.0,VICTORAY,IMO8961444,WDG9292,30,,22,6,,,B
367586320,2022-01-01T21:58:28,38.94881,-74.90644,0.0,29.1,511.0,VICTORAY,IMO8961444,WDG9292,30,,22,6,,,B
367586320,2022-01-01T21:46:28,38.94881,-74.90645,0.0,29.1,511.0,VICTORAY,IMO8961444,WDG9292,30,,22,6,,,B
367586320,2022-01-01T21:40:28,38.94881,-74.90645,0.0,29.1,511.0,VICTORAY,IMO8961444,WDG9292,30,,22,6,,,B
367586320,2022-01-01T21:43:28,38.94881,-74.90645,0.0,29.1,511.0,VICTORAY,IMO8961444,WDG9292,30,,22,6,,,B
367586320,2022-01-01T21:34:29,38.94881,-74.90645,0.0,29.1,511.0,VICTORAY,IMO8961444,WDG9292,30,,22,6,,,B
367586320,2022-01-01T21:55:29,38.94881,-74.90645,0.0,29.1,511.0,VICTORAY,IMO8961444,WDG9292,30,,22,6,,,B
367586320,2022-01-01T23:01:29,38.94880,-74.90646,0.0,29.1,511.0,VICTORAY,IMO8961444,WDG9292,30,,22,6,,,B
367586320,2022-01-01T23:10:28,38.94881,-74.90646,0.0,29.1,511.0,VICTORAY,IMO8961444,WDG9292,30,,22,6,,,B
367586320,2022-01-01T22:25:28,38.94880,-74.90644,0.0,29.1,511.0,VICTORAY,IMO8961444,WDG9292,30,,22,6,,,B
367586320,2022-01-01T22:10:28,38.94880,-74.90644,0.0,29.1,511.0,VICTORAY,IMO8961444,WDG9292,30,,22,6,,,B
367586320,2022-01-01T22:34:29,38.94880,-74.90644,0.0,29.1,511.0,VICTORAY,IMO8961444,WDG9292,30,,22,6,,,B
367586320,2022-01-01T22:01:28,38.94881,-74.90644,0.0,29.1,511.0,VICTORAY,IMO8961444,WDG9292,30,,22,6,,,B
367586320,2022-01-01T22:19:29,38.94880,-74.90644,0.0,29.1,511.0,VICTORAY,IMO8961444,WDG9292,30,,22,6,,,B
367586320,2022-01-01T23:37:29,38.94880,-74.90646,0.0,29.1,511.0,VICTORAY,IMO8961444,WDG9292,30,,22,6,,,B
367586320,2022-01-01T22:16:28,38.94880,-74.90644,0.0,29.1,511.0,VICTORAY,IMO8961444,WDG9292,30,,22,6,,,B
367586320,2022-01-01T22:28:29,38.94880,-74.90644,0.0,29.1,511.0,VICTORAY,IMO8961444,WDG9292,30,,22,6,,,B
367586320,2022-01-01T22:31:28,38.94880,-74.90644,0.0,29.1,511.0,VICTORAY,IMO8961444,WDG9292,30,,22,6,,,B
367586320,2022-01-01T22:07:28,38.94880,-74.90645,0.0,29.1,511.0,VICTORAY,IMO8961444,WDG9292,30,,22,6,,,B
367586320,2022-01-01T22:52:28,38.94880,-74.90645,0.0,29.1,511.0,VICTORAY,IMO8961444,WDG9292,30,,22,6,,,B
367586320,2022-01-01T22:37:28,38.94880,-74.90644,0.0,29.1,511.0,VICTORAY,IMO8961444,WDG9292,30,,22,6,,,B
367586320,2022-01-01T22:43:28,38.94880,-74.90644,0.0,29.1,511.0,VICTORAY,IMO8961444,WDG9292,30,,22,6,,,B
367586320,2022-01-01T22:46:28,38.94880,-74.90644,0.0,29.1,511.0,VICTORAY,IMO8961444,WDG9292,30,,22,6,,,B
367586320,2022-01-01T22:49:29,38.94880,-74.90645,0.0,29.1,511.0,VICTORAY,IMO8961444,WDG9292,30,,22,6,,,B
367586320,2022-01-01T22:58:29,38.94880,-74.90645,0.0,29.1,511.0,VICTORAY,IMO8961444,WDG9292,30,,22,6,,,B
367586320,2022-01-01T23:04:29,38.94881,-74.90646,0.0,29.1,511.0,VICTORAY,IMO8961444,WDG9292,30,,22,6,,,B
367586320,2022-01-01T23:19:28,38.94880,-74.90646,0.0,29.1,511.0,VICTORAY,IMO8961444,WDG9292,30,,22,6,,,B
367586320,2022-01-01T23:28:28,38.94880,-74.90646,0.0,29.1,511.0,VICTORAY,IMO8961444,WDG9292,30,,22,6,,,B
367586320,2022-01-01T22:40:29,38.94880,-74.90644,0.0,29.1,511.0,VICTORAY,IMO8961444,WDG9292,30,,22,6,,,B
367586320,2022-01-01T23:16:29,38.94880,-74.90646,0.0,29.1,511.0,VICTORAY,IMO8961444,WDG9292,30,,22,6,,,B
367586320,2022-01-01T23:22:28,38.94880,-74.90646,0.0,29.1,511.0,VICTORAY,IMO8961444,WDG9292,30,,22,6,,,B
367586320,2022-01-01T22:55:28,38.94880,-74.90645,0.0,29.1,511.0,VICTORAY,IMO8961444,WDG9292,30,,22,6,,,B
367586320,2022-01-01T23:34:29,38.94880,-74.90646,0.0,29.1,511.0,VICTORAY,IMO8961444,WDG9292,30,,22,6,,,B
367586320,2022-01-01T23:58:28,38.94880,-74.90647,0.0,29.1,511.0,VICTORAY,IMO8961444,WDG9292,30,,22,6,,,B
367586320,2022-01-01T23:13:28,38.94880,-74.90646,0.0,29.1,511.0,VICTORAY,IMO8961444,WDG9292,30,,22,6,,,B
367586320,2022-01-01T23:46:29,38.94880,-74.90647,0.0,29.1,511.0,VICTORAY,IMO8961444,WDG9292,30,,22,6,,,B
367586320,2022-01-01T23:31:29,38.94880,-74.90646,0.0,29.1,511.0,VICTORAY,IMO8961444,WDG9292,30,,22,6,,,B
367586320,2022-01-01T23:52:28,38.94880,-74.90647,0.0,29.1,511.0,VICTORAY,IMO8961444,WDG9292,30,,22,6,,,B
367586320,2022-01-01T23:43:28,38.94880,-74.90647,0.0,29.1,511.0,VICTORAY,IMO8961444,WDG9292,30,,22,6,,,B
367586320,2022-01-01T23:55:28,38.94880,-74.90647,0.0,29.1,511.0,VICTORAY,IMO8961444,WDG9292,30,,22,6,,,B
367586320,2022-01-01T23:49:28,38.94880,-74.90647,0.0,29.1,511.0,VICTORAY,IMO8961444,WDG9292,30,,22,6,,,B
367586320,2022-01-01T10:40:29,38.94879,-74.90643,0.0,29.1,511.0,VICTORAY,IMO8961444,WDG9292,30,,22,6,,,B
367586320,2022-01-01T10:46:28,38.94880,-74.90644,0.0,29.1,511.0,VICTORAY,IMO8961444,WDG9292,30,,22,6,,,B
367586320,2022-01-01T10:58:29,38.94881,-74.90643,0.0,29.1,511.0,VICTORAY,IMO8961444,WDG9292,30,,22,6,,,B
367586320,2022-01-01T11:25:28,38.94880,-74.90642,0.0,29.1,511.0,VICTORAY,IMO8961444,WDG9292,30,,22,6,,,B
367586320,2022-01-01T11:28:28,38.94881,-74.90642,0.0,29.1,511.0,VICTORAY,IMO8961444,WDG9292,30,,22,6,,,B
367586320,2022-01-01T11:46:28,38.94881,-74.90642,0.0,29.1,511.0,VICTORAY,IMO8961444,WDG9292,30,,22,6,,,B
367586320,2022-01-01T12:13:28,38.94881,-74.90643,0.0,29.1,511.0,VICTORAY,IMO8961444,WDG9292,30,,22,6,,,B
367586320,2022-01-01T12:19:29,38.94881,-74.90643,0.0,29.1,511.0,VICTORAY,IMO8961444,WDG9292,30,,22,6,,,B
367586320,2022-01-01T12:43:29,38.94879,-74.90643,0.0,29.1,511.0,VICTORAY,IMO8961444,WDG9292,30,,22,6,,,B
367586320,2022-01-01T13:10:28,38.94878,-74.90641,0.0,29.1,511.0,VICTORAY,IMO8961444,WDG9292,30,,22,6,,,B
367586320,2022-01-01T13:43:29,38.94879,-74.90644,0.0,29.1,511.0,VICTORAY,IMO8961444,WDG9292,30,,22,6,,,B
367586320,2022-01-01T14:10:28,38.94878,-74.90645,0.0,29.1,511.0,VICTORAY,IMO8961444,WDG9292,30,,22,6,,,B
367586320,2022-01-01T15:25:29,38.94877,-74.90645,0.0,29.1,511.0,VICTORAY,IMO8961444,WDG9292,30,,22,6,,,B
367586320,2022-01-01T16:10:28,38.94879,-74.90645,0.0,29.1,511.0,VICTORAY,IMO8961444,WDG9292,30,,22,6,,,B
367586320,2022-01-01T16:31:29,38.94879,-74.90645,0.0,29.1,511.0,VICTORAY,IMO8961444,WDG9292,30,,22,6,,,B
367586320,2022-01-01T17:52:29,38.94879,-74.90644,0.0,29.1,511.0,VICTORAY,IMO8961444,WDG9292,30,,22,6,,,B
367586320,2022-01-01T18:01:28,38.94879,-74.90643,0.0,29.1,511.0,VICTORAY,IMO8961444,WDG9292,30,,22,6,,,B
367586320,2022-01-01T18:22:29,38.94880,-74.90642,0.0,29.1,511.0,VICTORAY,IMO8961444,WDG9292,30,,22,6,,,B
367586320,2022-01-01T18:31:28,38.94880,-74.90642,0.0,29.1,511.0,VICTORAY,IMO8961444,WDG9292,30,,22,6,,,B
367586320,2022-01-01T18:55:28,38.94880,-74.90643,0.0,29.1,511.0,VICTORAY,IMO8961444,WDG9292,30,,22,6,,,B
367586320,2022-01-01T19:01:28,38.94880,-74.90643,0.0,29.1,511.0,VICTORAY,IMO8961444,WDG9292,30,,22,6,,,B
367586320,2022-01-01T19:19:28,38.94879,-74.90643,0.0,29.1,511.0,VICTORAY,IMO8961444,WDG9292,30,,22,6,,,B
367586320,2022-01-01T19:40:28,38.94880,-74.90644,0.0,29.1,511.0,VICTORAY,IMO8961444,WDG9292,30,,22,6,,,B
367586320,2022-01-01T19:43:29,38.94880,-74.90644,0.0,29.1,511.0,VICTORAY,IMO8961444,WDG9292,30,,22,6,,,B
367586320,2022-01-01T20:43:29,38.94880,-74.90645,0.0,29.1,511.0,VICTORAY,IMO8961444,WDG9292,30,,22,6,,,B
367586320,2022-01-01T20:58:28,38.94881,-74.90644,0.0,29.1,511.0,VICTORAY,IMO8961444,WDG9292,30,,22,6,,,B
367586320,2022-01-01T21:52:28,38.94881,-74.90645,0.0,29.1,511.0,VICTORAY,IMO8961444,WDG9292,30,,22,6,,,B
367586320,2022-01-01T22:13:28,38.94880,-74.90644,0.0,29.1,511.0,VICTORAY,IMO8961444,WDG9292,30,,22,6,,,B
367586320,2022-01-01T22:22:29,38.94880,-74.90644,0.0,29.1,511.0,VICTORAY,IMO8961444,WDG9292,30,,22,6,,,B
367586320,2022-01-01T23:25:28,38.94880,-74.90646,0.0,29.1,511.0,VICTORAY,IMO8961444,WDG9292,30,,22,6,,,B
367586320,2022-01-01T23:40:29,38.94880,-74.90647,0.0,29.1,511.0,VICTORAY,IMO8961444,WDG9292,30,,22,6,,,B
367586320,2022-01-02T00:01:28,38.94880,-74.90647,0.0,29.1,511.0,VICTORAY,IMO8961444,WDG9292,30,,22,6,,,B
367586320,2022-01-02T00:04:28,38.94880,-74.90647,0.0,29.1,511.0,VICTORAY,IMO8961444,WDG9292,30,,22,6,,,B
367586320,2022-01-02T00:07:28,38.94880,-74.90647,0.0,29.1,511.0,VICTORAY,IMO8961444,WDG9292,30,,22,6,,,B
367586320,2022-01-02T00:10:28,38.94880,-74.90648,0.0,29.1,511.0,VICTORAY,IMO8961444,WDG9292,30,,22,6,,,B
367586320,2022-01-02T00:13:28,38.94880,-74.90647,0.0,29.1,511.0,VICTORAY,IMO8961444,WDG9292,30,,22,6,,,B
367586320,2022-01-02T00:16:28,38.94880,-74.90647,0.0,29.1,511.0,VICTORAY,IMO8961444,WDG9292,30,,22,6,,,B
367586320,2022-01-02T00:19:28,38.94879,-74.90647,0.0,29.1,511.0,VICTORAY,IMO8961444,WDG9292,30,,22,6,,,B
367586320,2022-01-02T00:22:28,38.94879,-74.90647,0.0,29.1,511.0,VICTORAY,IMO8961444,WDG9292,30,,22,6,,,B
367586320,2022-01-02T00:28:28,38.94879,-74.90646,0.0,29.1,511.0,VICTORAY,IMO8961444,WDG9292,30,,22,6,,,B
367586320,2022-01-02T00:31:28,38.94879,-74.90646,0.0,29.1,511.0,VICTORAY,IMO8961444,WDG9292,30,,22,6,,,B
367586320,2022-01-02T00:34:28,38.94879,-74.90646,0.0,29.1,511.0,VICTORAY,IMO8961444,WDG9292,30,,22,6,,,B
367586320,2022-01-02T00:40:28,38.94879,-74.90646,0.0,29.1,511.0,VICTORAY,IMO8961444,WDG9292,30,,22,6,,,B
367586320,2022-01-02T00:43:28,38.94879,-74.90646,0.0,29.1,511.0,VICTORAY,IMO8961444,WDG9292,30,,22,6,,,B
367586320,2022-01-02T00:46:29,38.94879,-74.90646,0.0,29.1,511.0,VICTORAY,IMO8961444,WDG9292,30,,22,6,,,B
367586320,2022-01-02T00:52:29,38.94880,-74.90646,0.0,29.1,511.0,VICTORAY,IMO8961444,WDG9292,30,,22,6,,,B
367586320,2022-01-02T00:49:28,38.94880,-74.90646,0.0,29.1,511.0,VICTORAY,IMO8961444,WDG9292,30,,22,6,,,B
367586320,2022-01-02T00:55:28,38.94880,-74.90647,0.0,29.1,511.0,VICTORAY,IMO8961444,WDG9292,30,,22,6,,,B
367586320,2022-01-02T01:04:28,38.94880,-74.90647,0.0,29.1,511.0,VICTORAY,IMO8961444,WDG9292,30,,22,6,,,B
367586320,2022-01-02T00:25:28,38.94879,-74.90647,0.0,29.1,511.0,VICTORAY,IMO8961444,WDG9292,30,,22,6,,,B
367586320,2022-01-02T00:58:29,38.94880,-74.90647,0.0,29.1,511.0,VICTORAY,IMO8961444,WDG9292,30,,22,6,,,B
367586320,2022-01-02T01:01:29,38.94880,-74.90647,0.0,29.1,511.0,VICTORAY,IMO8961444,WDG9292,30,,22,6,,,B
367586320,2022-01-02T01:07:28,38.94880,-74.90647,0.0,29.1,511.0,VICTORAY,IMO8961444,WDG9292,30,,22,6,,,B
367586320,2022-01-02T01:10:29,38.94880,-74.90647,0.0,29.1,511.0,VICTORAY,IMO8961444,WDG9292,30,,22,6,,,B
367586320,2022-01-02T01:16:28,38.94880,-74.90647,0.0,29.1,511.0,VICTORAY,IMO8961444,WDG9292,30,,22,6,,,B
367586320,2022-01-02T01:22:28,38.94880,-74.90647,0.0,29.1,511.0,VICTORAY,IMO8961444,WDG9292,30,,22,6,,,B
367586320,2022-01-02T01:19:29,38.94880,-74.90647,0.0,29.1,511.0,VICTORAY,IMO8961444,WDG9292,30,,22,6,,,B
367586320,2022-01-02T01:25:28,38.94880,-74.90647,0.0,29.1,511.0,VICTORAY,IMO8961444,WDG9292,30,,22,6,,,B
367586320,2022-01-02T01:28:28,38.94880,-74.90647,0.0,29.1,511.0,VICTORAY,IMO8961444,WDG9292,30,,22,6,,,B
367586320,2022-01-02T01:31:28,38.94880,-74.90647,0.0,29.1,511.0,VICTORAY,IMO8961444,WDG9292,30,,22,6,,,B
367586320,2022-01-02T01:37:28,38.94880,-74.90646,0.0,29.1,511.0,VICTORAY,IMO8961444,WDG9292,30,,22,6,,,B
367586320,2022-01-02T01:46:28,38.94881,-74.90646,0.0,29.1,511.0,VICTORAY,IMO8961444,WDG9292,30,,22,6,,,B
367586320,2022-01-02T01:43:28,38.94880,-74.90646,0.0,29.1,511.0,VICTORAY,IMO8961444,WDG9292,30,,22,6,,,B
367586320,2022-01-02T01:55:28,38.94881,-74.90646,0.0,29.1,511.0,VICTORAY,IMO8961444,WDG9292,30,,22,6,,,B
367586320,2022-01-02T02:04:28,38.94881,-74.90646,0.0,29.1,511.0,VICTORAY,IMO8961444,WDG9292,30,,22,6,,,B
367586320,2022-01-02T02:01:29,38.94881,-74.90647,0.0,29.1,511.0,VICTORAY,IMO8961444,WDG9292,30,,22,6,,,B
367586320,2022-01-02T02:13:28,38.94880,-74.90646,0.0,29.1,511.0,VICTORAY,IMO8961444,WDG9292,30,,22,6,,,B
367586320,2022-01-02T02:10:28,38.94881,-74.90646,0.0,29.1,511.0,VICTORAY,IMO8961444,WDG9292,30,,22,6,,,B
367586320,2022-01-02T02:16:28,38.94880,-74.90646,0.0,29.1,511.0,VICTORAY,IMO8961444,WDG9292,30,,22,6,,,B
367586320,2022-01-02T02:19:28,38.94881,-74.90646,0.0,29.1,511.0,VICTORAY,IMO8961444,WDG9292,30,,22,6,,,B
367586320,2022-01-02T02:25:28,38.94880,-74.90645,0.0,29.1,511.0,VICTORAY,IMO8961444,WDG9292,30,,22,6,,,B
367586320,2022-01-02T02:34:28,38.94880,-74.90645,0.0,29.1,511.0,VICTORAY,IMO8961444,WDG9292,30,,22,6,,,B
367586320,2022-01-02T02:28:29,38.94880,-74.90645,0.0,29.1,511.0,VICTORAY,IMO8961444,WDG9292,30,,22,6,,,B
367586320,2022-01-02T02:31:28,38.94880,-74.90645,0.0,29.1,511.0,VICTORAY,IMO8961444,WDG9292,30,,22,6,,,B
367586320,2022-01-02T01:13:28,38.94880,-74.90647,0.0,29.1,511.0,VICTORAY,IMO8961444,WDG9292,30,,22,6,,,B
367586320,2022-01-02T02:37:29,38.94880,-74.90645,0.0,29.1,511.0,VICTORAY,IMO8961444,WDG9292,30,,22,6,,,B
367586320,2022-01-02T02:40:28,38.94880,-74.90645,0.0,29.1,511.0,VICTORAY,IMO8961444,WDG9292,30,,22,6,,,B
367586320,2022-01-02T02:43:28,38.94880,-74.90645,0.0,29.1,511.0,VICTORAY,IMO8961444,WDG9292,30,,22,6,,,B
367586320,2022-01-02T02:52:28,38.94880,-74.90645,0.0,29.1,511.0,VICTORAY,IMO8961444,WDG9292,30,,22,6,,,B
367586320,2022-01-02T02:58:29,38.94880,-74.90645,0.0,29.1,511.0,VICTORAY,IMO8961444,WDG9292,30,,22,6,,,B
367586320,2022-01-02T03:01:28,38.94880,-74.90645,0.0,29.1,511.0,VICTORAY,IMO8961444,WDG9292,30,,22,6,,,B
367586320,2022-01-02T03:04:28,38.94880,-74.90645,0.0,29.1,511.0,VICTORAY,IMO8961444,WDG9292,30,,22,6,,,B
367586320,2022-01-02T01:34:28,38.94880,-74.90646,0.0,29.1,511.0,VICTORAY,IMO8961444,WDG9292,30,,22,6,,,B
367586320,2022-01-02T03:13:28,38.94880,-74.90644,0.0,29.1,511.0,VICTORAY,IMO8961444,WDG9292,30,,22,6,,,B
367586320,2022-01-02T03:22:29,38.94880,-74.90644,0.0,29.1,511.0,VICTORAY,IMO8961444,WDG9292,30,,22,6,,,B
367586320,2022-01-02T03:16:29,38.94880,-74.90644,0.0,29.1,511.0,VICTORAY,IMO8961444,WDG9292,30,,22,6,,,B
367586320,2022-01-02T03:25:28,38.94880,-74.90644,0.0,29.1,511.0,VICTORAY,IMO8961444,WDG9292,30,,22,6,,,B
367586320,2022-01-02T03:34:28,38.94879,-74.90645,0.0,29.1,511.0,VICTORAY,IMO8961444,WDG9292,30,,22,6,,,B
367586320,2022-01-02T03:31:28,38.94879,-74.90645,0.0,29.1,511.0,VICTORAY,IMO8961444,WDG9292,30,,22,6,,,B
367586320,2022-01-02T03:37:29,38.94879,-74.90645,0.0,29.1,511.0,VICTORAY,IMO8961444,WDG9292,30,,22,6,,,B
367586320,2022-01-02T03:43:28,38.94879,-74.90645,0.0,29.1,511.0,VICTORAY,IMO8961444,WDG9292,30,,22,6,,,B
367586320,2022-01-02T01:49:29,38.94881,-74.90646,0.0,29.1,511.0,VICTORAY,IMO8961444,WDG9292,30,,22,6,,,B
367586320,2022-01-02T03:40:29,38.94879,-74.90645,0.0,29.1,511.0,VICTORAY,IMO8961444,WDG9292,30,,22,6,,,B
367586320,2022-01-02T03:58:29,38.94879,-74.90644,0.0,29.1,511.0,VICTORAY,IMO8961444,WDG9292,30,,22,6,,,B
367586320,2022-01-02T04:01:29,38.94879,-74.90644,0.0,29.1,511.0,VICTORAY,IMO8961444,WDG9292,30,,22,6,,,B
367586320,2022-01-02T01:58:29,38.94881,-74.90647,0.0,29.1,511.0,VICTORAY,IMO8961444,WDG9292,30,,22,6,,,B
367586320,2022-01-02T04:04:28,38.94879,-74.90643,0.0,29.1,511.0,VICTORAY,IMO8961444,WDG9292,30,,22,6,,,B
367586320,2022-01-02T04:07:28,38.94879,-74.90643,0.0,29.1,511.0,VICTORAY,IMO8961444,WDG9292,30,,22,6,,,B
367586320,2022-01-02T03:55:28,38.94879,-74.90644,0.0,29.1,511.0,VICTORAY,IMO8961444,WDG9292,30,,22,6,,,B
367586320,2022-01-02T04:10:29,38.94879,-74.90643,0.0,29.1,511.0,VICTORAY,IMO8961444,WDG9292,30,,22,6,,,B
367586320,2022-01-02T04:19:28,38.94879,-74.90644,0.0,29.1,511.0,VICTORAY,IMO8961444,WDG9292,30,,22,6,,,B
367586320,2022-01-02T04:22:28,38.94879,-74.90644,0.0,29.1,511.0,VICTORAY,IMO8961444,WDG9292,30,,22,6,,,B
367586320,2022-01-02T04:16:29,38.94879,-74.90644,0.0,29.1,511.0,VICTORAY,IMO8961444,WDG9292,30,,22,6,,,B
367586320,2022-01-02T02:07:28,38.94881,-74.90646,0.0,29.1,511.0,VICTORAY,IMO8961444,WDG9292,30,,22,6,,,B
367586320,2022-01-02T04:31:28,38.94879,-74.90644,0.0,29.1,511.0,VICTORAY,IMO8961444,WDG9292,30,,22,6,,,B
367586320,2022-01-02T04:13:28,38.94879,-74.90644,0.0,29.1,511.0,VICTORAY,IMO8961444,WDG9292,30,,22,6,,,B
367586320,2022-01-02T04:28:29,38.94879,-74.90644,0.0,29.1,511.0,VICTORAY,IMO8961444,WDG9292,30,,22,6,,,B
367586320,2022-01-02T04:34:28,38.94879,-74.90644,0.0,29.1,511.0,VICTORAY,IMO8961444,WDG9292,30,,22,6,,,B
367586320,2022-01-02T04:25:28,38.94879,-74.90644,0.0,29.1,511.0,VICTORAY,IMO8961444,WDG9292,30,,22,6,,,B
367586320,2022-01-02T04:37:29,38.94879,-74.90644,0.0,29.1,511.0,VICTORAY,IMO8961444,WDG9292,30,,22,6,,,B
367586320,2022-01-02T04:40:28,38.94879,-74.90644,0.0,29.1,511.0,VICTORAY,IMO8961444,WDG9292,30,,22,6,,,B
367586320,2022-01-02T04:49:28,38.94879,-74.90644,0.0,29.1,511.0,VICTORAY,IMO8961444,WDG9292,30,,22,6,,,B
367586320,2022-01-02T04:52:28,38.94879,-74.90644,0.0,29.1,511.0,VICTORAY,IMO8961444,WDG9292,30,,22,6,,,B
367586320,2022-01-02T04:43:29,38.94879,-74.90644,0.0,29.1,511.0,VICTORAY,IMO8961444,WDG9292,30,,22,6,,,B
367586320,2022-01-02T04:55:29,38.94879,-74.90644,0.0,29.1,511.0,VICTORAY,IMO8961444,WDG9292,30,,22,6,,,B
367586320,2022-01-02T04:46:28,38.94879,-74.90644,0.0,29.1,511.0,VICTORAY,IMO8961444,WDG9292,30,,22,6,,,B
367586320,2022-01-02T04:58:28,38.94879,-74.90644,0.0,29.1,511.0,VICTORAY,IMO8961444,WDG9292,30,,22,6,,,B
367586320,2022-01-02T05:16:28,38.94878,-74.90645,0.0,29.1,511.0,VICTORAY,IMO8961444,WDG9292,30,,22,6,,,B
367586320,2022-01-02T05:04:29,38.94879,-74.90644,0.0,29.1,511.0,VICTORAY,IMO8961444,WDG9292,30,,22,6,,,B
367586320,2022-01-02T05:13:28,38.94878,-74.90645,0.0,29.1,511.0,VICTORAY,IMO8961444,WDG9292,30,,22,6,,,B
367586320,2022-01-02T05:22:29,38.94878,-74.90645,0.0,29.1,511.0,VICTORAY,IMO8961444,WDG9292,30,,22,6,,,B
367586320,2022-01-02T05:07:29,38.94878,-74.90645,0.0,29.1,511.0,VICTORAY,IMO8961444,WDG9292,30,,22,6,,,B
367586320,2022-01-02T05:25:28,38.94878,-74.90645,0.0,29.1,511.0,VICTORAY,IMO8961444,WDG9292,30,,22,6,,,B
367586320,2022-01-02T05:28:28,38.94877,-74.90645,0.0,29.1,511.0,VICTORAY,IMO8961444,WDG9292,30,,22,6,,,B
367586320,2022-01-02T05:31:29,38.94877,-74.90645,0.0,29.1,511.0,VICTORAY,IMO8961444,WDG9292,30,,22,6,,,B
367586320,2022-01-02T05:40:28,38.94877,-74.90644,0.0,29.1,511.0,VICTORAY,IMO8961444,WDG9292,30,,22,6,,,B
367586320,2022-01-02T05:46:28,38.94877,-74.90644,0.0,29.1,511.0,VICTORAY,IMO8961444,WDG9292,30,,22,6,,,B
367586320,2022-01-02T05:49:29,38.94877,-74.90644,0.0,29.1,511.0,VICTORAY,IMO8961444,WDG9292,30,,22,6,,,B
367586320,2022-01-02T02:46:28,38.94880,-74.90645,0.0,29.1,511.0,VICTORAY,IMO8961444,WDG9292,30,,22,6,,,B
367586320,2022-01-02T05:52:28,38.94877,-74.90644,0.0,29.1,511.0,VICTORAY,IMO8961444,WDG9292,30,,22,6,,,B
367586320,2022-01-02T05:55:28,38.94877,-74.90644,0.0,29.1,511.0,VICTORAY,IMO8961444,WDG9292,30,,22,6,,,B
367586320,2022-01-02T02:49:28,38.94880,-74.90645,0.0,29.1,511.0,VICTORAY,IMO8961444,WDG9292,30,,22,6,,,B
367586320,2022-01-02T06:07:28,38.94877,-74.90644,0.0,29.1,511.0,VICTORAY,IMO8961444,WDG9292,30,,22,6,,,B
367586320,2022-01-02T06:13:29,38.94877,-74.90645,0.0,29.1,511.0,VICTORAY,IMO8961444,WDG9292,30,,22,6,,,B
367586320,2022-01-02T06:10:29,38.94877,-74.90644,0.0,29.1,511.0,VICTORAY,IMO8961444,WDG9292,30,,22,6,,,B
367586320,2022-01-02T06:16:29,38.94877,-74.90645,0.0,29.1,511.0,VICTORAY,IMO8961444,WDG9292,30,,22,6,,,B
367586320,2022-01-02T02:55:28,38.94880,-74.90645,0.0,29.1,511.0,VICTORAY,IMO8961444,WDG9292,30,,22,6,,,B
367586320,2022-01-02T06:22:29,38.94877,-74.90645,0.0,29.1,511.0,VICTORAY,IMO8961444,WDG9292,30,,22,6,,,B
367586320,2022-01-02T06:28:29,38.94877,-74.90645,0.0,29.1,511.0,VICTORAY,IMO8961444,WDG9292,30,,22,6,,,B
367586320,2022-01-02T06:31:29,38.94877,-74.90645,0.0,29.1,511.0,VICTORAY,IMO8961444,WDG9292,30,,22,6,,,B
367586320,2022-01-02T06:37:28,38.94877,-74.90645,0.0,29.1,511.0,VICTORAY,IMO8961444,WDG9292,30,,22,6,,,B
367586320,2022-01-02T06:34:28,38.94877,-74.90645,0.0,29.1,511.0,VICTORAY,IMO8961444,WDG9292,30,,22,6,,,B
367586320,2022-01-02T06:40:28,38.94877,-74.90645,0.0,29.1,511.0,VICTORAY,IMO8961444,WDG9292,30,,22,6,,,B
367586320,2022-01-02T06:19:28,38.94877,-74.90645,0.0,29.1,511.0,VICTORAY,IMO8961444,WDG9292,30,,22,6,,,B
367586320,2022-01-02T06:25:28,38.94877,-74.90645,0.0,29.1,511.0,VICTORAY,IMO8961444,WDG9292,30,,22,6,,,B
367586320,2022-01-02T06:43:28,38.94877,-74.90645,0.0,29.1,511.0,VICTORAY,IMO8961444,WDG9292,30,,22,6,,,B
367586320,2022-01-02T06:46:29,38.94877,-74.90645,0.0,29.1,511.0,VICTORAY,IMO8961444,WDG9292,30,,22,6,,,B
367586320,2022-01-02T06:49:28,38.94877,-74.90645,0.0,29.1,511.0,VICTORAY,IMO8961444,WDG9292,30,,22,6,,,B
367586320,2022-01-02T06:52:29,38.94877,-74.90645,0.0,29.1,511.0,VICTORAY,IMO8961444,WDG9292,30,,22,6,,,B
367586320,2022-01-02T07:04:28,38.94877,-74.90645,0.0,29.1,511.0,VICTORAY,IMO8961444,WDG9292,30,,22,6,,,B
367586320,2022-01-02T07:13:29,38.94878,-74.90644,0.0,29.1,511.0,VICTORAY,IMO8961444,WDG9292,30,,22,6,,,B
367586320,2022-01-02T07:19:29,38.94878,-74.90644,0.0,29.1,511.0,VICTORAY,IMO8961444,WDG9292,30,,22,6,,,B
367586320,2022-01-02T06:58:29,38.94877,-74.90645,0.0,29.1,511.0,VICTORAY,IMO8961444,WDG9292,30,,22,6,,,B
367586320,2022-01-02T07:25:29,38.94878,-74.90644,0.0,29.1,511.0,VICTORAY,IMO8961444,WDG9292,30,,22,6,,,B
367586320,2022-01-02T07:16:28,38.94878,-74.90644,0.0,29.1,511.0,VICTORAY,IMO8961444,WDG9292,30,,22,6,,,B
367586320,2022-01-02T07:07:29,38.94877,-74.90645,0.0,29.1,511.0,VICTORAY,IMO8961444,WDG9292,30,,22,6,,,B
367586320,2022-01-02T07:34:28,38.94878,-74.90644,0.0,29.1,511.0,VICTORAY,IMO8961444,WDG9292,30,,22,6,,,B
367586320,2022-01-02T07:10:28,38.94878,-74.90644,0.0,29.1,511.0,VICTORAY,IMO8961444,WDG9292,30,,22,6,,,B
367586320,2022-01-02T07:46:29,38.94878,-74.90644,0.0,29.1,511.0,VICTORAY,IMO8961444,WDG9292,30,,22,6,,,B
367586320,2022-01-02T07:22:28,38.94878,-74.90644,0.0,29.1,511.0,VICTORAY,IMO8961444,WDG9292,30,,22,6,,,B
367586320,2022-01-02T07:28:28,38.94878,-74.90644,0.0,29.1,511.0,VICTORAY,IMO8961444,WDG9292,30,,22,6,,,B
367586320,2022-01-02T07:31:28,38.94878,-74.90644,0.0,29.1,511.0,VICTORAY,IMO8961444,WDG9292,30,,22,6,,,B
367586320,2022-01-02T07:49:28,38.94878,-74.90644,0.0,29.1,511.0,VICTORAY,IMO8961444,WDG9292,30,,22,6,,,B
367586320,2022-01-02T07:40:29,38.94878,-74.90645,0.0,29.1,511.0,VICTORAY,IMO8961444,WDG9292,30,,22,6,,,B
367586320,2022-01-02T07:52:28,38.94879,-74.90644,0.0,29.1,511.0,VICTORAY,IMO8961444,WDG9292,30,,22,6,,,B
367586320,2022-01-02T08:10:29,38.94879,-74.90644,0.0,29.1,511.0,VICTORAY,IMO8961444,WDG9292,30,,22,6,,,B
367586320,2022-01-02T08:01:29,38.94878,-74.90644,0.0,29.1,511.0,VICTORAY,IMO8961444,WDG9292,30,,22,6,,,B
367586320,2022-01-02T08:19:28,38.94879,-74.90644,0.0,29.1,511.0,VICTORAY,IMO8961444,WDG9292,30,,22,6,,,B
367586320,2022-01-02T07:58:28,38.94878,-74.90644,0.0,29.1,511.0,VICTORAY,IMO8961444,WDG9292,30,,22,6,,,B
367586320,2022-01-02T08:13:28,38.94878,-74.90644,0.0,29.1,511.0,VICTORAY,IMO8961444,WDG9292,30,,22,6,,,B
367586320,2022-01-02T08:28:28,38.94879,-74.90643,0.0,29.1,511.0,VICTORAY,IMO8961444,WDG9292,30,,22,6,,,B
367586320,2022-01-02T08:07:28,38.94879,-74.90644,0.0,29.1,511.0,VICTORAY,IMO8961444,WDG9292,30,,22,6,,,B
367586320,2022-01-02T08:25:28,38.94879,-74.90643,0.0,29.1,511.0,VICTORAY,IMO8961444,WDG9292,30,,22,6,,,B
367586320,2022-01-02T08:37:28,38.94879,-74.90643,0.0,29.1,511.0,VICTORAY,IMO8961444,WDG9292,30,,22,6,,,B
367586320,2022-01-02T03:49:28,38.94879,-74.90644,0.0,29.1,511.0,VICTORAY,IMO8961444,WDG9292,30,,22,6,,,B
367586320,2022-01-02T08:43:28,38.94879,-74.90644,0.0,29.1,511.0,VICTORAY,IMO8961444,WDG9292,30,,22,6,,,B
367586320,2022-01-02T03:52:28,38.94879,-74.90644,0.0,29.1,511.0,VICTORAY,IMO8961444,WDG9292,30,,22,6,,,B
367586320,2022-01-02T08:16:28,38.94879,-74.90644,0.0,29.1,511.0,VICTORAY,IMO8961444,WDG9292,30,,22,6,,,B
367586320,2022-01-02T08:52:28,38.94879,-74.90644,0.0,29.1,511.0,VICTORAY,IMO8961444,WDG9292,30,,22,6,,,B
367586320,2022-01-02T08:22:28,38.94879,-74.90643,0.0,29.1,511.0,VICTORAY,IMO8961444,WDG9292,30,,22,6,,,B
367586320,2022-01-02T08:55:28,38.94879,-74.90644,0.0,29.1,511.0,VICTORAY,IMO8961444,WDG9292,30,,22,6,,,B
367586320,2022-01-02T08:46:28,38.94879,-74.90644,0.0,29.1,511.0,VICTORAY,IMO8961444,WDG9292,30,,22,6,,,B
367586320,2022-01-02T08:49:29,38.94879,-74.90644,0.0,29.1,511.0,VICTORAY,IMO8961444,WDG9292,30,,22,6,,,B
367586320,2022-01-02T08:31:29,38.94879,-74.90644,0.0,29.1,511.0,VICTORAY,IMO8961444,WDG9292,30,,22,6,,,B
367586320,2022-01-02T08:40:28,38.94879,-74.90644,0.0,29.1,511.0,VICTORAY,IMO8961444,WDG9292,30,,22,6,,,B
367586320,2022-01-02T08:34:29,38.94879,-74.90644,0.0,29.1,511.0,VICTORAY,IMO8961444,WDG9292,30,,22,6,,,B
367586320,2022-01-02T09:19:28,38.94877,-74.90643,0.0,29.1,511.0,VICTORAY,IMO8961444,WDG9292,30,,22,6,,,B
367586320,2022-01-02T09:04:28,38.94878,-74.90643,0.0,29.1,511.0,VICTORAY,IMO8961444,WDG9292,30,,22,6,,,B
367586320,2022-01-02T09:22:29,38.94877,-74.90643,0.0,29.1,511.0,VICTORAY,IMO8961444,WDG9292,30,,22,6,,,B
367586320,2022-01-02T09:07:29,38.94878,-74.90643,0.0,29.1,511.0,VICTORAY,IMO8961444,WDG9292,30,,22,6,,,B
367586320,2022-01-02T08:58:28,38.94878,-74.90644,0.0,29.1,511.0,VICTORAY,IMO8961444,WDG9292,30,,22,6,,,B
367586320,2022-01-02T09:01:28,38.94878,-74.90643,0.0,29.1,511.0,VICTORAY,IMO8961444,WDG9292,30,,22,6,,,B
367586320,2022-01-02T09:43:28,38.94878,-74.90643,0.0,29.1,511.0,VICTORAY,IMO8961444,WDG9292,30,,22,6,,,B
367586320,2022-01-02T09:10:29,38.94878,-74.90643,0.0,29.1,511.0,VICTORAY,IMO8961444,WDG9292,30,,22,6,,,B
367586320,2022-01-02T09:13:28,38.94878,-74.90643,0.0,29.1,511.0,VICTORAY,IMO8961444,WDG9292,30,,22,6,,,B
367586320,2022-01-02T09:58:29,38.94878,-74.90643,0.0,29.1,511.0,VICTORAY,IMO8961444,WDG9292,30,,22,6,,,B
367586320,2022-01-02T09:34:29,38.94877,-74.90643,0.0,29.1,511.0,VICTORAY,IMO8961444,WDG9292,30,,22,6,,,B
367586320,2022-01-02T09:31:28,38.94877,-74.90643,0.0,29.1,511.0,VICTORAY,IMO8961444,WDG9292,30,,22,6,,,B
367586320,2022-01-02T09:28:29,38.94877,-74.90643,0.0,29.1,511.0,VICTORAY,IMO8961444,WDG9292,30,,22,6,,,B
367586320,2022-01-02T09:40:28,38.94878,-74.90643,0.0,29.1,511.0,VICTORAY,IMO8961444,WDG9292,30,,22,6,,,B
367586320,2022-01-02T10:10:28,38.94878,-74.90644,0.0,29.1,511.0,VICTORAY,IMO8961444,WDG9292,30,,22,6,,,B
367586320,2022-01-02T09:37:28,38.94877,-74.90643,0.0,29.1,511.0,VICTORAY,IMO8961444,WDG9292,30,,22,6,,,B
367586320,2022-01-02T10:16:28,38.94878,-74.90644,0.0,29.1,511.0,VICTORAY,IMO8961444,WDG9292,30,,22,6,,,B
367586320,2022-01-02T10:19:29,38.94878,-74.90643,0.0,29.1,511.0,VICTORAY,IMO8961444,WDG9292,30,,22,6,,,B
367586320,2022-01-02T09:49:29,38.94878,-74.90643,0.0,29.1,511.0,VICTORAY,IMO8961444,WDG9292,30,,22,6,,,B
367586320,2022-01-02T10:22:29,38.94878,-74.90644,0.0,29.1,511.0,VICTORAY,IMO8961444,WDG9292,30,,22,6,,,B
367586320,2022-01-02T09:52:28,38.94878,-74.90643,0.0,29.1,511.0,VICTORAY,IMO8961444,WDG9292,30,,22,6,,,B
367586320,2022-01-02T10:04:29,38.94878,-74.90644,0.0,29.1,511.0,VICTORAY,IMO8961444,WDG9292,30,,22,6,,,B
367586320,2022-01-02T09:55:28,38.94878,-74.90643,0.0,29.1,511.0,VICTORAY,IMO8961444,WDG9292,30,,22,6,,,B
367586320,2022-01-02T10:07:28,38.94878,-74.90644,0.0,29.1,511.0,VICTORAY,IMO8961444,WDG9292,30,,22,6,,,B
367586320,2022-01-02T10:13:28,38.94878,-74.90644,0.0,29.1,511.0,VICTORAY,IMO8961444,WDG9292,30,,22,6,,,B
367586320,2022-01-02T10:37:28,38.94879,-74.90643,0.0,29.1,511.0,VICTORAY,IMO8961444,WDG9292,30,,22,6,,,B
367586320,2022-01-02T10:46:29,38.94879,-74.90643,0.0,29.1,511.0,VICTORAY,IMO8961444,WDG9292,30,,22,6,,,B
367586320,2022-01-02T10:52:28,38.94880,-74.90642,0.0,29.1,511.0,VICTORAY,IMO8961444,WDG9292,30,,22,6,,,B
367586320,2022-01-02T10:31:29,38.94879,-74.90643,0.0,29.1,511.0,VICTORAY,IMO8961444,WDG9292,30,,22,6,,,B
367586320,2022-01-02T10:28:28,38.94879,-74.90644,0.0,29.1,511.0,VICTORAY,IMO8961444,WDG9292,30,,22,6,,,B
367586320,2022-01-02T10:40:28,38.94879,-74.90643,0.0,29.1,511.0,VICTORAY,IMO8961444,WDG9292,30,,22,6,,,B
367586320,2022-01-02T11:13:28,38.94880,-74.90642,0.0,29.1,511.0,VICTORAY,IMO8961444,WDG9292,30,,22,6,,,B
367586320,2022-01-02T10:55:28,38.94880,-74.90642,0.0,29.1,511.0,VICTORAY,IMO8961444,WDG9292,30,,22,6,,,B
367586320,2022-01-02T11:22:29,38.94880,-74.90642,0.0,29.1,511.0,VICTORAY,IMO8961444,WDG9292,30,,22,6,,,B
367586320,2022-01-02T05:01:29,38.94879,-74.90644,0.0,29.1,511.0,VICTORAY,IMO8961444,WDG9292,30,,22,6,,,B
367586320,2022-01-02T10:49:28,38.94879,-74.90642,0.0,29.1,511.0,VICTORAY,IMO8961444,WDG9292,30,,22,6,,,B
367586320,2022-01-02T11:16:28,38.94880,-74.90642,0.0,29.1,511.0,VICTORAY,IMO8961444,WDG9292,30,,22,6,,,B
367586320,2022-01-02T11:01:28,38.94880,-74.90642,0.0,29.1,511.0,VICTORAY,IMO8961444,WDG9292,30,,22,6,,,B
367586320,2022-01-02T11:37:28,38.94882,-74.90642,0.0,29.1,511.0,VICTORAY,IMO8961444,WDG9292,30,,22,6,,,B
367586320,2022-01-02T11:04:28,38.94880,-74.90642,0.0,29.1,511.0,VICTORAY,IMO8961444,WDG9292,30,,22,6,,,B
367586320,2022-01-02T11:40:28,38.94882,-74.90642,0.0,29.1,511.0,VICTORAY,IMO8961444,WDG9292,30,,22,6,,,B
367586320,2022-01-02T05:10:28,38.94878,-74.90645,0.0,29.1,511.0,VICTORAY,IMO8961444,WDG9292,30,,22,6,,,B
367586320,2022-01-02T11:49:28,38.94882,-74.90642,0.0,29.1,511.0,VICTORAY,IMO8961444,WDG9292,30,,22,6,,,B
367586320,2022-01-02T11:19:28,38.94880,-74.90642,0.0,29.1,511.0,VICTORAY,IMO8961444,WDG9292,30,,22,6,,,B
367586320,2022-01-02T05:19:28,38.94878,-74.90645,0.0,29.1,511.0,VICTORAY,IMO8961444,WDG9292,30,,22,6,,,B
367586320,2022-01-02T11:34:28,38.94881,-74.90642,0.0,29.1,511.0,VICTORAY,IMO8961444,WDG9292,30,,22,6,,,B
367586320,2022-01-02T11:25:29,38.94881,-74.90642,0.0,29.1,511.0,VICTORAY,IMO8961444,WDG9292,30,,22,6,,,B
367586320,2022-01-02T11:55:28,38.94881,-74.90642,0.0,29.1,511.0,VICTORAY,IMO8961444,WDG9292,30,,22,6,,,B
367586320,2022-01-02T11:31:28,38.94881,-74.90642,0.0,29.1,511.0,VICTORAY,IMO8961444,WDG9292,30,,22,6,,,B
367586320,2022-01-02T11:43:29,38.94882,-74.90642,0.0,29.1,511.0,VICTORAY,IMO8961444,WDG9292,30,,22,6,,,B
367586320,2022-01-02T12:04:28,38.94882,-74.90643,0.0,29.1,511.0,VICTORAY,IMO8961444,WDG9292,30,,22,6,,,B
367586320,2022-01-02T12:10:29,38.94882,-74.90642,0.0,29.1,511.0,VICTORAY,IMO8961444,WDG9292,30,,22,6,,,B
367586320,2022-01-02T11:58:29,38.94881,-74.90642,0.0,29.1,511.0,VICTORAY,IMO8961444,WDG9292,30,,22,6,,,B
367586320,2022-01-02T11:52:29,38.94882,-74.90642,0.0,29.1,511.0,VICTORAY,IMO8961444,WDG9292,30,,22,6,,,B
367586320,2022-01-02T12:22:28,38.94881,-74.90642,0.0,29.1,511.0,VICTORAY,IMO8961444,WDG9292,30,,22,6,,,B
367586320,2022-01-02T12:37:28,38.94880,-74.90642,0.0,29.1,511.0,VICTORAY,IMO8961444,WDG9292,30,,22,6,,,B
367586320,2022-01-02T12:07:28,38.94882,-74.90642,0.0,29.1,511.0,VICTORAY,IMO8961444,WDG9292,30,,22,6,,,B
367586320,2022-01-02T05:34:29,38.94877,-74.90644,0.0,29.1,511.0,VICTORAY,IMO8961444,WDG9292,30,,22,6,,,B
367586320,2022-01-02T12:16:28,38.94881,-74.90642,0.0,29.1,511.0,VICTORAY,IMO8961444,WDG9292,30,,22,6,,,B
367586320,2022-01-02T05:37:29,38.94877,-74.90644,0.0,29.1,511.0,VICTORAY,IMO8961444,WDG9292,30,,22,6,,,B
367586320,2022-01-02T12:55:28,38.94879,-74.90642,0.0,29.1,511.0,VICTORAY,IMO8961444,WDG9292,30,,22,6,,,B
367586320,2022-01-02T12:40:28,38.94880,-74.90642,0.0,29.1,511.0,VICTORAY,IMO8961444,WDG9292,30,,22,6,,,B
367586320,2022-01-02T12:28:28,38.94881,-74.90642,0.0,29.1,511.0,VICTORAY,IMO8961444,WDG9292,30,,22,6,,,B
367586320,2022-01-02T12:25:28,38.94881,-74.90642,0.0,29.1,511.0,VICTORAY,IMO8961444,WDG9292,30,,22,6,,,B
367586320,2022-01-02T05:43:28,38.94877,-74.90644,0.0,29.1,511.0,VICTORAY,IMO8961444,WDG9292,30,,22,6,,,B
367586320,2022-01-02T13:13:28,38.94878,-74.90642,0.0,29.1,511.0,VICTORAY,IMO8961444,WDG9292,30,,22,6,,,B
367586320,2022-01-02T12:58:28,38.94879,-74.90642,0.0,29.1,511.0,VICTORAY,IMO8961444,WDG9292,30,,22,6,,,B
367586320,2022-01-02T12:46:28,38.94879,-74.90642,0.0,29.1,511.0,VICTORAY,IMO8961444,WDG9292,30,,22,6,,,B
367586320,2022-01-02T12:49:28,38.94879,-74.90642,0.0,29.1,511.0,VICTORAY,IMO8961444,WDG9292,30,,22,6,,,B
367586320,2022-01-02T13:28:29,38.94878,-74.90642,0.0,29.1,511.0,VICTORAY,IMO8961444,WDG9292,30,,22,6,,,B
367586320,2022-01-02T05:58:28,38.94877,-74.90644,0.0,29.1,511.0,VICTORAY,IMO8961444,WDG9292,30,,22,6,,,B
367586320,2022-01-02T13:01:28,38.94878,-74.90642,0.0,29.1,511.0,VICTORAY,IMO8961444,WDG9292,30,,22,6,,,B
367586320,2022-01-02T06:01:28,38.94877,-74.90644,0.0,29.1,511.0,VICTORAY,IMO8961444,WDG9292,30,,22,6,,,B
367586320,2022-01-02T13:04:28,38.94878,-74.90642,0.0,29.1,511.0,VICTORAY,IMO8961444,WDG9292,30,,22,6,,,B
367586320,2022-01-02T06:04:28,38.94877,-74.90644,0.0,29.1,511.0,VICTORAY,IMO8961444,WDG9292,30,,22,6,,,B
367586320,2022-01-02T13:49:28,38.94878,-74.90644,0.0,29.1,511.0,VICTORAY,IMO8961444,WDG9292,30,,22,6,,,B
367586320,2022-01-02T13:34:28,38.94878,-74.90643,0.0,29.1,511.0,VICTORAY,IMO8961444,WDG9292,30,,22,6,,,B
367586320,2022-01-02T13:10:28,38.94878,-74.90642,0.0,29.1,511.0,VICTORAY,IMO8961444,WDG9292,30,,22,6,,,B
367586320,2022-01-02T13:19:29,38.94878,-74.90642,0.0,29.1,511.0,VICTORAY,IMO8961444,WDG9292,30,,22,6,,,B
367586320,2022-01-02T13:52:29,38.94878,-74.90644,0.0,29.1,511.0,VICTORAY,IMO8961444,WDG9292,30,,22,6,,,B
367586320,2022-01-02T13:16:28,38.94878,-74.90642,0.0,29.1,511.0,VICTORAY,IMO8961444,WDG9292,30,,22,6,,,B
367586320,2022-01-02T13:58:28,38.94878,-74.90644,0.0,29.1,511.0,VICTORAY,IMO8961444,WDG9292,30,,22,6,,,B
367586320,2022-01-02T13:22:29,38.94878,-74.90642,0.0,29.1,511.0,VICTORAY,IMO8961444,WDG9292,30,,22,6,,,B
367586320,2022-01-02T14:10:28,38.94878,-74.90644,0.0,29.1,511.0,VICTORAY,IMO8961444,WDG9292,30,,22,6,,,B
367586320,2022-01-02T14:19:28,38.94877,-74.90644,0.0,29.1,511.0,VICTORAY,IMO8961444,WDG9292,30,,22,6,,,B
367586320,2022-01-02T14:22:28,38.94877,-74.90645,0.0,29.1,511.0,VICTORAY,IMO8961444,WDG9292,30,,22,6,,,B
367586320,2022-01-02T13:37:28,38.94878,-74.90643,0.0,29.1,511.0,VICTORAY,IMO8961444,WDG9292,30,,22,6,,,B
367586320,2022-01-02T14:28:28,38.94877,-74.90645,0.0,29.1,511.0,VICTORAY,IMO8961444,WDG9292,30,,22,6,,,B
367586320,2022-01-02T14:16:29,38.94877,-74.90644,0.0,29.1,511.0,VICTORAY,IMO8961444,WDG9292,30,,22,6,,,B
367586320,2022-01-02T13:43:29,38.94878,-74.90644,0.0,29.1,511.0,VICTORAY,IMO8961444,WDG9292,30,,22,6,,,B
367586320,2022-01-02T14:34:28,38.94877,-74.90645,0.0,29.1,511.0,VICTORAY,IMO8961444,WDG9292,30,,22,6,,,B
367586320,2022-01-02T13:46:28,38.94878,-74.90644,0.0,29.1,511.0,VICTORAY,IMO8961444,WDG9292,30,,22,6,,,B
367586320,2022-01-02T14:01:29,38.94878,-74.90644,0.0,29.1,511.0,VICTORAY,IMO8961444,WDG9292,30,,22,6,,,B
367586320,2022-01-02T14:07:28,38.94878,-74.90644,0.0,29.1,511.0,VICTORAY,IMO8961444,WDG9292,30,,22,6,,,B
367586320,2022-01-02T14:37:28,38.94877,-74.90645,0.0,29.1,511.0,VICTORAY,IMO8961444,WDG9292,30,,22,6,,,B
367586320,2022-01-02T14:40:28,38.94877,-74.90645,0.0,29.1,511.0,VICTORAY,IMO8961444,WDG9292,30,,22,6,,,B
367586320,2022-01-02T15:04:28,38.94877,-74.90645,0.0,29.1,511.0,VICTORAY,IMO8961444,WDG9292,30,,22,6,,,B
367586320,2022-01-02T14:58:29,38.94877,-74.90645,0.0,29.1,511.0,VICTORAY,IMO8961444,WDG9292,30,,22,6,,,B
367586320,2022-01-02T14:25:28,38.94877,-74.90645,0.0,29.1,511.0,VICTORAY,IMO8961444,WDG9292,30,,22,6,,,B
367586320,2022-01-02T15:10:28,38.94877,-74.90645,0.0,29.1,511.0,VICTORAY,IMO8961444,WDG9292,30,,22,6,,,B
367586320,2022-01-02T15:13:29,38.94877,-74.90645,0.0,29.1,511.0,VICTORAY,IMO8961444,WDG9292,30,,22,6,,,B
367586320,2022-01-02T14:46:29,38.94877,-74.90645,0.0,29.1,511.0,VICTORAY,IMO8961444,WDG9292,30,,22,6,,,B
367586320,2022-01-02T14:31:28,38.94877,-74.90645,0.0,29.1,511.0,VICTORAY,IMO8961444,WDG9292,30,,22,6,,,B
367586320,2022-01-02T14:52:28,38.94877,-74.90645,0.0,29.1,511.0,VICTORAY,IMO8961444,WDG9292,30,,22,6,,,B
367586320,2022-01-02T15:25:28,38.94878,-74.90645,0.0,29.1,511.0,VICTORAY,IMO8961444,WDG9292,30,,22,6,,,B
367586320,2022-01-02T14:55:29,38.94877,-74.90645,0.0,29.1,511.0,VICTORAY,IMO8961444,WDG9292,30,,22,6,,,B
367586320,2022-01-02T15:07:29,38.94877,-74.90645,0.0,29.1,511.0,VICTORAY,IMO8961444,WDG9292,30,,22,6,,,B
367586320,2022-01-02T14:49:28,38.94877,-74.90645,0.0,29.1,511.0,VICTORAY,IMO8961444,WDG9292,30,,22,6,,,B
367586320,2022-01-02T15:52:28,38.94878,-74.90644,0.0,29.1,511.0,VICTORAY,IMO8961444,WDG9292,30,,22,6,,,B
367586320,2022-01-02T15:58:29,38.94879,-74.90644,0.0,29.1,511.0,VICTORAY,IMO8961444,WDG9292,30,,22,6,,,B
367586320,2022-01-02T15:55:28,38.94878,-74.90644,0.0,29.1,511.0,VICTORAY,IMO8961444,WDG9292,30,,22,6,,,B
367586320,2022-01-02T16:10:29,38.94879,-74.90644,0.0,29.1,511.0,VICTORAY,IMO8961444,WDG9292,30,,22,6,,,B
367586320,2022-01-02T07:01:28,38.94877,-74.90645,0.0,29.1,511.0,VICTORAY,IMO8961444,WDG9292,30,,22,6,,,B
367586320,2022-01-02T15:28:28,38.94878,-74.90645,0.0,29.1,511.0,VICTORAY,IMO8961444,WDG9292,30,,22,6,,,B
367586320,2022-01-02T16:07:28,38.94879,-74.90644,0.0,29.1,511.0,VICTORAY,IMO8961444,WDG9292,30,,22,6,,,B
367586320,2022-01-02T16:16:28,38.94879,-74.90643,0.0,29.1,511.0,VICTORAY,IMO8961444,WDG9292,30,,22,6,,,B
367586320,2022-01-02T15:49:28,38.94878,-74.90644,0.0,29.1,511.0,VICTORAY,IMO8961444,WDG9292,30,,22,6,,,B
367586320,2022-01-02T15:34:29,38.94878,-74.90645,0.0,29.1,511.0,VICTORAY,IMO8961444,WDG9292,30,,22,6,,,B
367586320,2022-01-02T15:37:29,38.94878,-74.90644,0.0,29.1,511.0,VICTORAY,IMO8961444,WDG9292,30,,22,6,,,B
367586320,2022-01-02T15:40:28,38.94878,-74.90644,0.0,29.1,511.0,VICTORAY,IMO8961444,WDG9292,30,,22,6,,,B
367586320,2022-01-02T16:22:29,38.94879,-74.90644,0.0,29.1,511.0,VICTORAY,IMO8961444,WDG9292,30,,22,6,,,B
367586320,2022-01-02T16:31:29,38.94879,-74.90643,0.0,29.1,511.0,VICTORAY,IMO8961444,WDG9292,30,,22,6,,,B
367586320,2022-01-02T16:01:29,38.94879,-74.90644,0.0,29.1,511.0,VICTORAY,IMO8961444,WDG9292,30,,22,6,,,B
367586320,2022-01-02T16:43:29,38.94879,-74.90643,0.0,29.1,511.0,VICTORAY,IMO8961444,WDG9292,30,,22,6,,,B
367586320,2022-01-02T16:34:28,38.94879,-74.90643,0.0,29.1,511.0,VICTORAY,IMO8961444,WDG9292,30,,22,6,,,B
367586320,2022-01-02T16:13:28,38.94879,-74.90644,0.0,29.1,511.0,VICTORAY,IMO8961444,WDG9292,30,,22,6,,,B
367586320,2022-01-02T16:37:28,38.94879,-74.90643,0.0,29.1,511.0,VICTORAY,IMO8961444,WDG9292,30,,22,6,,,B
367586320,2022-01-02T16:40:28,38.94879,-74.90643,0.0,29.1,511.0,VICTORAY,IMO8961444,WDG9292,30,,22,6,,,B
367586320,2022-01-02T16:19:28,38.94879,-74.90644,0.0,29.1,511.0,VICTORAY,IMO8961444,WDG9292,30,,22,6,,,B
367586320,2022-01-02T16:04:29,38.94879,-74.90644,0.0,29.1,511.0,VICTORAY,IMO8961444,WDG9292,30,,22,6,,,B
367586320,2022-01-02T16:52:28,38.94879,-74.90643,0.0,29.1,511.0,VICTORAY,IMO8961444,WDG9292,30,,22,6,,,B
367586320,2022-01-02T17:01:28,38.94878,-74.90643,0.0,29.1,511.0,VICTORAY,IMO8961444,WDG9292,30,,22,6,,,B
367586320,2022-01-02T17:07:28,38.94879,-74.90643,0.0,29.1,511.0,VICTORAY,IMO8961444,WDG9292,30,,22,6,,,B
367586320,2022-01-02T16:25:28,38.94879,-74.90644,0.0,29.1,511.0,VICTORAY,IMO8961444,WDG9292,30,,22,6,,,B
367586320,2022-01-02T16:28:29,38.94879,-74.90644,0.0,29.1,511.0,VICTORAY,IMO8961444,WDG9292,30,,22,6,,,B
367586320,2022-01-02T17:16:29,38.94879,-74.90643,0.0,29.1,511.0,VICTORAY,IMO8961444,WDG9292,30,,22,6,,,B
367586320,2022-01-02T16:55:28,38.94879,-74.90643,0.0,29.1,511.0,VICTORAY,IMO8961444,WDG9292,30,,22,6,,,B
367586320,2022-01-02T17:22:28,38.94879,-74.90643,0.0,29.1,511.0,VICTORAY,IMO8961444,WDG9292,30,,22,6,,,B
367586320,2022-01-02T17:04:28,38.94879,-74.90643,0.0,29.1,511.0,VICTORAY,IMO8961444,WDG9292,30,,22,6,,,B
367586320,2022-01-02T17:37:28,38.94879,-74.90642,0.0,29.1,511.0,VICTORAY,IMO8961444,WDG9292,30,,22,6,,,B
367586320,2022-01-02T16:49:28,38.94879,-74.90643,0.0,29.1,511.0,VICTORAY,IMO8961444,WDG9292,30,,22,6,,,B
367586320,2022-01-02T17:49:28,38.94879,-74.90642,0.0,29.1,511.0,VICTORAY,IMO8961444,WDG9292,30,,22,6,,,B
367586320,2022-01-02T16:58:29,38.94879,-74.90643,0.0,29.1,511.0,VICTORAY,IMO8961444,WDG9292,30,,22,6,,,B
367586320,2022-01-02T17:19:28,38.94879,-74.90643,0.0,29.1,511.0,VICTORAY,IMO8961444,WDG9292,30,,22,6,,,B
367586320,2022-01-02T17:43:29,38.94879,-74.90642,0.0,29.1,511.0,VICTORAY,IMO8961444,WDG9292,30,,22,6,,,B
367586320,2022-01-02T17:10:28,38.94879,-74.90643,0.0,29.1,511.0,VICTORAY,IMO8961444,WDG9292,30,,22,6,,,B
367586320,2022-01-02T17:13:28,38.94879,-74.90643,0.0,29.1,511.0,VICTORAY,IMO8961444,WDG9292,30,,22,6,,,B
367586320,2022-01-02T17:28:29,38.94879,-74.90643,0.0,29.1,511.0,VICTORAY,IMO8961444,WDG9292,30,,22,6,,,B
367586320,2022-01-02T18:19:29,38.94879,-74.90642,0.0,29.1,511.0,VICTORAY,IMO8961444,WDG9292,30,,22,6,,,B
367586320,2022-01-02T17:46:28,38.94879,-74.90642,0.0,29.1,511.0,VICTORAY,IMO8961444,WDG9292,30,,22,6,,,B
367586320,2022-01-02T07:55:28,38.94879,-74.90644,0.0,29.1,511.0,VICTORAY,IMO8961444,WDG9292,30,,22,6,,,B
367586320,2022-01-02T17:40:28,38.94879,-74.90642,0.0,29.1,511.0,VICTORAY,IMO8961444,WDG9292,30,,22,6,,,B
367586320,2022-01-02T18:34:28,38.94879,-74.90642,0.0,29.1,511.0,VICTORAY,IMO8961444,WDG9292,30,,22,6,,,B
367586320,2022-01-02T18:22:29,38.94879,-74.90642,0.0,29.1,511.0,VICTORAY,IMO8961444,WDG9292,30,,22,6,,,B
367586320,2022-01-02T18:43:29,38.94879,-74.90642,0.0,29.1,511.0,VICTORAY,IMO8961444,WDG9292,30,,22,6,,,B
367586320,2022-01-02T17:55:29,38.94878,-74.90642,0.0,29.1,511.0,VICTORAY,IMO8961444,WDG9292,30,,22,6,,,B
367586320,2022-01-02T18:10:29,38.94879,-74.90642,0.0,29.1,511.0,VICTORAY,IMO8961444,WDG9292,30,,22,6,,,B
367586320,2022-01-02T17:52:28,38.94878,-74.90642,0.0,29.1,511.0,VICTORAY,IMO8961444,WDG9292,30,,22,6,,,B
367586320,2022-01-02T18:13:29,38.94879,-74.90642,0.0,29.1,511.0,VICTORAY,IMO8961444,WDG9292,30,,22,6,,,B
367586320,2022-01-02T17:58:29,38.94878,-74.90642,0.0,29.1,511.0,VICTORAY,IMO8961444,WDG9292,30,,22,6,,,B
367586320,2022-01-02T08:04:29,38.94879,-74.90644,0.0,29.1,511.0,VICTORAY,IMO8961444,WDG9292,30,,22,6,,,B
367586320,2022-01-02T18:16:29,38.94879,-74.90642,0.0,29.1,511.0,VICTORAY,IMO8961444,WDG9292,30,,22,6,,,B
367586320,2022-01-02T18:04:29,38.94878,-74.90642,0.0,29.1,511.0,VICTORAY,IMO8961444,WDG9292,30,,22,6,,,B
367586320,2022-01-02T18:07:28,38.94879,-74.90642,0.0,29.1,511.0,VICTORAY,IMO8961444,WDG9292,30,,22,6,,,B
367586320,2022-01-02T18:31:29,38.94879,-74.90642,0.0,29.1,511.0,VICTORAY,IMO8961444,WDG9292,30,,22,6,,,B
367586320,2022-01-02T19:13:29,38.94879,-74.90642,0.0,29.1,511.0,VICTORAY,IMO8961444,WDG9292,30,,22,6,,,B
367586320,2022-01-02T18:58:28,38.94880,-74.90642,0.0,29.1,511.0,VICTORAY,IMO8961444,WDG9292,30,,22,6,,,B
367586320,2022-01-02T18:28:29,38.94879,-74.90642,0.0,29.1,511.0,VICTORAY,IMO8961444,WDG9292,30,,22,6,,,B
367586320,2022-01-02T18:40:28,38.94879,-74.90642,0.0,29.1,511.0,VICTORAY,IMO8961444,WDG9292,30,,22,6,,,B
367586320,2022-01-02T18:37:28,38.94879,-74.90642,0.0,29.1,511.0,VICTORAY,IMO8961444,WDG9292,30,,22,6,,,B
367586320,2022-01-02T19:04:28,38.94879,-74.90642,0.0,29.1,511.0,VICTORAY,IMO8961444,WDG9292,30,,22,6,,,B
367586320,2022-01-02T18:52:28,38.94879,-74.90642,0.0,29.1,511.0,VICTORAY,IMO8961444,WDG9292,30,,22,6,,,B
367586320,2022-01-02T18:46:29,38.94879,-74.90642,0.0,29.1,511.0,VICTORAY,IMO8961444,WDG9292,30,,22,6,,,B
367586320,2022-01-02T19:46:29,38.94879,-74.90642,0.0,29.1,511.0,VICTORAY,IMO8961444,WDG9292,30,,22,6,,,B
367586320,2022-01-02T18:55:29,38.94880,-74.90642,0.0,29.1,511.0,VICTORAY,IMO8961444,WDG9292,30,,22,6,,,B
367586320,2022-01-02T19:58:29,38.94879,-74.90642,0.0,29.1,511.0,VICTORAY,IMO8961444,WDG9292,30,,22,6,,,B
367586320,2022-01-02T19:19:28,38.94879,-74.90642,0.0,29.1,511.0,VICTORAY,IMO8961444,WDG9292,30,,22,6,,,B
367586320,2022-01-02T19:40:29,38.94879,-74.90643,0.0,29.1,511.0,VICTORAY,IMO8961444,WDG9292,30,,22,6,,,B
367586320,2022-01-02T19:01:29,38.94879,-74.90642,0.0,29.1,511.0,VICTORAY,IMO8961444,WDG9292,30,,22,6,,,B
367586320,2022-01-02T19:22:28,38.94879,-74.90642,0.0,29.1,511.0,VICTORAY,IMO8961444,WDG9292,30,,22,6,,,B
367586320,2022-01-02T19:25:29,38.94879,-74.90642,0.0,29.1,511.0,VICTORAY,IMO8961444,WDG9292,30,,22,6,,,B
367586320,2022-01-02T20:13:28,38.94879,-74.90643,0.0,29.1,511.0,VICTORAY,IMO8961444,WDG9292,30,,22,6,,,B
367586320,2022-01-02T19:31:29,38.94879,-74.90642,0.0,29.1,511.0,VICTORAY,IMO8961444,WDG9292,30,,22,6,,,B
367586320,2022-01-02T19:34:28,38.94879,-74.90642,0.0,29.1,511.0,VICTORAY,IMO8961444,WDG9292,30,,22,6,,,B
367586320,2022-01-02T19:37:28,38.94879,-74.90642,0.0,29.1,511.0,VICTORAY,IMO8961444,WDG9292,30,,22,6,,,B
367586320,2022-01-02T19:55:28,38.94879,-74.90642,0.0,29.1,511.0,VICTORAY,IMO8961444,WDG9292,30,,22,6,,,B
367586320,2022-01-02T19:43:28,38.94879,-74.90642,0.0,29.1,511.0,VICTORAY,IMO8961444,WDG9292,30,,22,6,,,B
367586320,2022-01-02T20:31:28,38.94879,-74.90643,0.0,29.1,511.0,VICTORAY,IMO8961444,WDG9292,30,,22,6,,,B
367586320,2022-01-02T20:04:28,38.94879,-74.90643,0.0,29.1,511.0,VICTORAY,IMO8961444,WDG9292,30,,22,6,,,B
367586320,2022-01-02T20:19:28,38.94879,-74.90643,0.0,29.1,511.0,VICTORAY,IMO8961444,WDG9292,30,,22,6,,,B
367586320,2022-01-02T20:07:29,38.94879,-74.90643,0.0,29.1,511.0,VICTORAY,IMO8961444,WDG9292,30,,22,6,,,B
367586320,2022-01-02T20:16:29,38.94879,-74.90643,0.0,29.1,511.0,VICTORAY,IMO8961444,WDG9292,30,,22,6,,,B
367586320,2022-01-02T20:37:28,38.94879,-74.90643,0.0,29.1,511.0,VICTORAY,IMO8961444,WDG9292,30,,22,6,,,B
367586320,2022-01-02T20:28:28,38.94879,-74.90643,0.0,29.1,511.0,VICTORAY,IMO8961444,WDG9292,30,,22,6,,,B
367586320,2022-01-02T21:01:29,38.94879,-74.90643,0.0,29.1,511.0,VICTORAY,IMO8961444,WDG9292,30,,22,6,,,B
367586320,2022-01-02T20:46:28,38.94879,-74.90643,0.0,29.1,511.0,VICTORAY,IMO8961444,WDG9292,30,,22,6,,,B
367586320,2022-01-02T20:22:29,38.94879,-74.90643,0.0,29.1,511.0,VICTORAY,IMO8961444,WDG9292,30,,22,6,,,B
367586320,2022-01-02T20:49:28,38.94879,-74.90643,0.0,29.1,511.0,VICTORAY,IMO8961444,WDG9292,30,,22,6,,,B
367586320,2022-01-02T20:25:29,38.94879,-74.90643,0.0,29.1,511.0,VICTORAY,IMO8961444,WDG9292,30,,22,6,,,B
367586320,2022-01-02T21:10:28,38.94879,-74.90643,0.0,29.1,511.0,VICTORAY,IMO8961444,WDG9292,30,,22,6,,,B
367586320,2022-01-02T20:34:29,38.94879,-74.90643,0.0,29.1,511.0,VICTORAY,IMO8961444,WDG9292,30,,22,6,,,B
367586320,2022-01-02T21:04:29,38.94879,-74.90643,0.0,29.1,511.0,VICTORAY,IMO8961444,WDG9292,30,,22,6,,,B
367586320,2022-01-02T20:52:29,38.94879,-74.90643,0.0,29.1,511.0,VICTORAY,IMO8961444,WDG9292,30,,22,6,,,B
367586320,2022-01-02T21:43:28,38.94879,-74.90644,0.0,29.1,511.0,VICTORAY,IMO8961444,WDG9292,30,,22,6,,,B
367586320,2022-01-02T21:28:29,38.94879,-74.90643,0.0,29.1,511.0,VICTORAY,IMO8961444,WDG9292,30,,22,6,,,B
367586320,2022-01-02T20:55:29,38.94879,-74.90643,0.0,29.1,511.0,VICTORAY,IMO8961444,WDG9292,30,,22,6,,,B
367586320,2022-01-02T20:43:29,38.94879,-74.90643,0.0,29.1,511.0,VICTORAY,IMO8961444,WDG9292,30,,22,6,,,B
367586320,2022-01-02T21:25:29,38.94879,-74.90643,0.0,29.1,511.0,VICTORAY,IMO8961444,WDG9292,30,,22,6,,,B
367586320,2022-01-02T21:31:28,38.94879,-74.90643,0.0,29.1,511.0,VICTORAY,IMO8961444,WDG9292,30,,22,6,,,B
367586320,2022-01-02T21:19:28,38.94879,-74.90643,0.0,29.1,511.0,VICTORAY,IMO8961444,WDG9292,30,,22,6,,,B
367586320,2022-01-02T21:40:29,38.94879,-74.90644,0.0,29.1,511.0,VICTORAY,IMO8961444,WDG9292,30,,22,6,,,B
367586320,2022-01-02T21:16:29,38.94880,-74.90643,0.0,29.1,511.0,VICTORAY,IMO8961444,WDG9292,30,,22,6,,,B
367586320,2022-01-02T21:55:28,38.94879,-74.90643,0.0,29.1,511.0,VICTORAY,IMO8961444,WDG9292,30,,22,6,,,B
367586320,2022-01-02T21:07:29,38.94879,-74.90643,0.0,29.1,511.0,VICTORAY,IMO8961444,WDG9292,30,,22,6,,,B
367586320,2022-01-02T20:58:28,38.94879,-74.90643,0.0,29.1,511.0,VICTORAY,IMO8961444,WDG9292,30,,22,6,,,B
367586320,2022-01-02T21:22:29,38.94879,-74.90643,0.0,29.1,511.0,VICTORAY,IMO8961444,WDG9292,30,,22,6,,,B
367586320,2022-01-02T21:34:29,38.94879,-74.90643,0.0,29.1,511.0,VICTORAY,IMO8961444,WDG9292,30,,22,6,,,B
367586320,2022-01-02T21:58:29,38.94879,-74.90643,0.0,29.1,511.0,VICTORAY,IMO8961444,WDG9292,30,,22,6,,,B
367586320,2022-01-02T22:01:28,38.94879,-74.90643,0.0,29.1,511.0,VICTORAY,IMO8961444,WDG9292,30,,22,6,,,B
367586320,2022-01-02T09:25:28,38.94877,-74.90643,0.0,29.1,511.0,VICTORAY,IMO8961444,WDG9292,30,,22,6,,,B
367586320,2022-01-02T22:04:28,38.94879,-74.90643,0.0,29.1,511.0,VICTORAY,IMO8961444,WDG9292,30,,22,6,,,B
367586320,2022-01-02T21:37:28,38.94879,-74.90644,0.0,29.1,511.0,VICTORAY,IMO8961444,WDG9292,30,,22,6,,,B
367586320,2022-01-02T21:46:30,38.94879,-74.90644,0.0,29.1,511.0,VICTORAY,IMO8961444,WDG9292,30,,22,6,,,B
367586320,2022-01-02T21:49:29,38.94879,-74.90643,0.0,29.1,511.0,VICTORAY,IMO8961444,WDG9292,30,,22,6,,,B
367586320,2022-01-02T21:52:28,38.94879,-74.90643,0.0,29.1,511.0,VICTORAY,IMO8961444,WDG9292,30,,22,6,,,B
367586320,2022-01-02T22:19:28,38.94878,-74.90643,0.0,29.1,511.0,VICTORAY,IMO8961444,WDG9292,30,,22,6,,,B
367586320,2022-01-02T22:10:28,38.94879,-74.90643,0.0,29.1,511.0,VICTORAY,IMO8961444,WDG9292,30,,22,6,,,B
367586320,2022-01-02T22:13:29,38.94878,-74.90642,0.0,29.1,511.0,VICTORAY,IMO8961444,WDG9292,30,,22,6,,,B
367586320,2022-01-02T22:52:28,38.94879,-74.90644,0.0,29.1,511.0,VICTORAY,IMO8961444,WDG9292,30,,22,6,,,B
367586320,2022-01-02T22:40:28,38.94879,-74.90643,0.0,29.1,511.0,VICTORAY,IMO8961444,WDG9292,30,,22,6,,,B
367586320,2022-01-02T22:22:29,38.94879,-74.90642,0.0,29.1,511.0,VICTORAY,IMO8961444,WDG9292,30,,22,6,,,B
367586320,2022-01-02T22:25:28,38.94878,-74.90642,0.0,29.1,511.0,VICTORAY,IMO8961444,WDG9292,30,,22,6,,,B
367586320,2022-01-02T22:07:28,38.94879,-74.90643,0.0,29.1,511.0,VICTORAY,IMO8961444,WDG9292,30,,22,6,,,B
367586320,2022-01-02T22:28:28,38.94878,-74.90643,0.0,29.1,511.0,VICTORAY,IMO8961444,WDG9292,30,,22,6,,,B
367586320,2022-01-02T09:46:29,38.94878,-74.90643,0.0,29.1,511.0,VICTORAY,IMO8961444,WDG9292,30,,22,6,,,B
367586320,2022-01-02T22:37:29,38.94879,-74.90643,0.0,29.1,511.0,VICTORAY,IMO8961444,WDG9292,30,,22,6,,,B
367586320,2022-01-02T23:16:28,38.94878,-74.90645,0.0,29.1,511.0,VICTORAY,IMO8961444,WDG9292,30,,22,6,,,B
367586320,2022-01-02T23:04:28,38.94879,-74.90644,0.0,29.1,511.0,VICTORAY,IMO8961444,WDG9292,30,,22,6,,,B
367586320,2022-01-02T22:49:28,38.94879,-74.90644,0.0,29.1,511.0,VICTORAY,IMO8961444,WDG9292,30,,22,6,,,B
367586320,2022-01-02T22:46:28,38.94879,-74.90644,0.0,29.1,511.0,VICTORAY,IMO8961444,WDG9292,30,,22,6,,,B
367586320,2022-01-02T22:34:29,38.94879,-74.90643,0.0,29.1,511.0,VICTORAY,IMO8961444,WDG9292,30,,22,6,,,B
367586320,2022-01-02T23:19:28,38.94878,-74.90645,0.0,29.1,511.0,VICTORAY,IMO8961444,WDG9292,30,,22,6,,,B
367586320,2022-01-02T23:01:29,38.94879,-74.90644,0.0,29.1,511.0,VICTORAY,IMO8961444,WDG9292,30,,22,6,,,B
367586320,2022-01-02T23:07:28,38.94879,-74.90644,0.0,29.1,511.0,VICTORAY,IMO8961444,WDG9292,30,,22,6,,,B
367586320,2022-01-02T23:31:28,38.94878,-74.90645,0.0,29.1,511.0,VICTORAY,IMO8961444,WDG9292,30,,22,6,,,B
367586320,2022-01-02T23:34:28,38.94878,-74.90645,0.0,29.1,511.0,VICTORAY,IMO8961444,WDG9292,30,,22,6,,,B
367586320,2022-01-02T23:40:28,38.94878,-74.90645,0.0,29.1,511.0,VICTORAY,IMO8961444,WDG9292,30,,22,6,,,B
367586320,2022-01-02T23:22:29,38.94878,-74.90645,0.0,29.1,511.0,VICTORAY,IMO8961444,WDG9292,30,,22,6,,,B
367586320,2022-01-02T23:13:29,38.94878,-74.90645,0.0,29.1,511.0,VICTORAY,IMO8961444,WDG9292,30,,22,6,,,B
367586320,2022-01-02T22:58:29,38.94879,-74.90644,0.0,29.1,511.0,VICTORAY,IMO8961444,WDG9292,30,,22,6,,,B
367586320,2022-01-02T23:52:28,38.94878,-74.90645,0.0,29.1,511.0,VICTORAY,IMO8961444,WDG9292,30,,22,6,,,B
367586320,2022-01-02T23:37:28,38.94878,-74.90645,0.0,29.1,511.0,VICTORAY,IMO8961444,WDG9292,30,,22,6,,,B
367586320,2022-01-02T23:28:29,38.94878,-74.90645,0.0,29.1,511.0,VICTORAY,IMO8961444,WDG9292,30,,22,6,,,B
367586320,2022-01-02T23:49:29,38.94878,-74.90645,0.0,29.1,511.0,VICTORAY,IMO8961444,WDG9292,30,,22,6,,,B
367586320,2022-01-02T23:55:28,38.94878,-74.90645,0.0,29.1,511.0,VICTORAY,IMO8961444,WDG9292,30,,22,6,,,B
367586320,2022-01-02T10:25:29,38.94878,-74.90643,0.0,29.1,511.0,VICTORAY,IMO8961444,WDG9292,30,,22,6,,,B
367586320,2022-01-02T23:58:29,38.94878,-74.90645,0.0,29.1,511.0,VICTORAY,IMO8961444,WDG9292,30,,22,6,,,B
367586320,2022-01-02T10:58:28,38.94880,-74.90642,0.0,29.1,511.0,VICTORAY,IMO8961444,WDG9292,30,,22,6,,,B
367586320,2022-01-02T11:07:28,38.94880,-74.90642,0.0,29.1,511.0,VICTORAY,IMO8961444,WDG9292,30,,22,6,,,B
367586320,2022-01-02T11:28:28,38.94881,-74.90642,0.0,29.1,511.0,VICTORAY,IMO8961444,WDG9292,30,,22,6,,,B
367586320,2022-01-02T11:46:29,38.94882,-74.90642,0.0,29.1,511.0,VICTORAY,IMO8961444,WDG9292,30,,22,6,,,B
367586320,2022-01-02T12:13:28,38.94882,-74.90642,0.0,29.1,511.0,VICTORAY,IMO8961444,WDG9292,30,,22,6,,,B
367586320,2022-01-02T12:19:28,38.94881,-74.90642,0.0,29.1,511.0,VICTORAY,IMO8961444,WDG9292,30,,22,6,,,B
367586320,2022-01-02T12:31:29,38.94880,-74.90642,0.0,29.1,511.0,VICTORAY,IMO8961444,WDG9292,30,,22,6,,,B
367586320,2022-01-02T12:34:28,38.94880,-74.90642,0.0,29.1,511.0,VICTORAY,IMO8961444,WDG9292,30,,22,6,,,B
367586320,2022-01-02T13:07:28,38.94878,-74.90642,0.0,29.1,511.0,VICTORAY,IMO8961444,WDG9292,30,,22,6,,,B
367586320,2022-01-02T13:25:28,38.94878,-74.90642,0.0,29.1,511.0,VICTORAY,IMO8961444,WDG9292,30,,22,6,,,B
367586320,2022-01-02T13:55:29,38.94878,-74.90644,0.0,29.1,511.0,VICTORAY,IMO8961444,WDG9292,30,,22,6,,,B
367586320,2022-01-02T14:13:28,38.94877,-74.90644,0.0,29.1,511.0,VICTORAY,IMO8961444,WDG9292,30,,22,6,,,B
367586320,2022-01-02T14:43:28,38.94877,-74.90645,0.0,29.1,511.0,VICTORAY,IMO8961444,WDG9292,30,,22,6,,,B
367586320,2022-01-02T15:16:28,38.94877,-74.90645,0.0,29.1,511.0,VICTORAY,IMO8961444,WDG9292,30,,22,6,,,B
367586320,2022-01-02T15:19:28,38.94877,-74.90645,0.0,29.1,511.0,VICTORAY,IMO8961444,WDG9292,30,,22,6,,,B
367586320,2022-01-02T15:31:28,38.94878,-74.90645,0.0,29.1,511.0,VICTORAY,IMO8961444,WDG9292,30,,22,6,,,B
367586320,2022-01-02T15:43:28,38.94878,-74.90644,0.0,29.1,511.0,VICTORAY,IMO8961444,WDG9292,30,,22,6,,,B
367586320,2022-01-02T16:46:29,38.94879,-74.90643,0.0,29.1,511.0,VICTORAY,IMO8961444,WDG9292,30,,22,6,,,B
367586320,2022-01-02T17:25:28,38.94879,-74.90643,0.0,29.1,511.0,VICTORAY,IMO8961444,WDG9292,30,,22,6,,,B
367586320,2022-01-02T17:34:28,38.94879,-74.90642,0.0,29.1,511.0,VICTORAY,IMO8961444,WDG9292,30,,22,6,,,B
367586320,2022-01-02T18:01:29,38.94878,-74.90643,0.0,29.1,511.0,VICTORAY,IMO8961444,WDG9292,30,,22,6,,,B
367586320,2022-01-02T18:25:28,38.94879,-74.90642,0.0,29.1,511.0,VICTORAY,IMO8961444,WDG9292,30,,22,6,,,B
367586320,2022-01-02T19:10:29,38.94879,-74.90642,0.0,29.1,511.0,VICTORAY,IMO8961444,WDG9292,30,,22,6,,,B
367586320,2022-01-02T19:16:28,38.94879,-74.90642,0.0,29.1,511.0,VICTORAY,IMO8961444,WDG9292,30,,22,6,,,B
367586320,2022-01-02T19:28:29,38.94879,-74.90642,0.0,29.1,511.0,VICTORAY,IMO8961444,WDG9292,30,,22,6,,,B
367586320,2022-01-02T19:49:28,38.94879,-74.90642,0.0,29.1,511.0,VICTORAY,IMO8961444,WDG9292,30,,22,6,,,B
367586320,2022-01-02T19:52:28,38.94879,-74.90642,0.0,29.1,511.0,VICTORAY,IMO8961444,WDG9292,30,,22,6,,,B
367586320,2022-01-02T20:10:28,38.94879,-74.90643,0.0,29.1,511.0,VICTORAY,IMO8961444,WDG9292,30,,22,6,,,B
367586320,2022-01-02T20:40:28,38.94879,-74.90643,0.0,29.1,511.0,VICTORAY,IMO8961444,WDG9292,30,,22,6,,,B
367586320,2022-01-02T21:13:30,38.94880,-74.90643,0.0,29.1,511.0,VICTORAY,IMO8961444,WDG9292,30,,22,6,,,B
367586320,2022-01-02T22:55:28,38.94879,-74.90644,0.0,29.1,511.0,VICTORAY,IMO8961444,WDG9292,30,,22,6,,,B
367586320,2022-01-02T23:46:28,38.94878,-74.90645,0.0,29.1,511.0,VICTORAY,IMO8961444,WDG9292,30,,22,6,,,B
367586320,2022-01-03T00:07:28,38.94878,-74.90646,0.0,29.1,511.0,VICTORAY,IMO8961444,WDG9292,30,,22,6,,,B
367586320,2022-01-03T00:10:28,38.94878,-74.90646,0.0,29.1,511.0,VICTORAY,IMO8961444,WDG9292,30,,22,6,,,B
367586320,2022-01-03T00:13:28,38.94878,-74.90646,0.0,29.1,511.0,VICTORAY,IMO8961444,WDG9292,30,,22,6,,,B
367586320,2022-01-03T00:16:28,38.94878,-74.90646,0.0,29.1,511.0,VICTORAY,IMO8961444,WDG9292,30,,22,6,,,B
367586320,2022-01-03T00:25:29,38.94878,-74.90645,0.0,29.1,511.0,VICTORAY,IMO8961444,WDG9292,30,,22,6,,,B
367586320,2022-01-03T00:31:28,38.94878,-74.90645,0.0,29.1,511.0,VICTORAY,IMO8961444,WDG9292,30,,22,6,,,B
367586320,2022-01-03T00:34:29,38.94879,-74.90645,0.0,29.1,511.0,VICTORAY,IMO8961444,WDG9292,30,,22,6,,,B
367586320,2022-01-03T00:37:28,38.94879,-74.90645,0.0,29.1,511.0,VICTORAY,IMO8961444,WDG9292,30,,22,6,,,B
367586320,2022-01-03T00:43:28,38.94879,-74.90646,0.0,29.1,511.0,VICTORAY,IMO8961444,WDG9292,30,,22,6,,,B
367586320,2022-01-03T00:19:29,38.94878,-74.90645,0.0,29.1,511.0,VICTORAY,IMO8961444,WDG9292,30,,22,6,,,B
367586320,2022-01-03T00:46:28,38.94879,-74.90646,0.0,29.1,511.0,VICTORAY,IMO8961444,WDG9292,30,,22,6,,,B
367586320,2022-01-03T00:55:28,38.94879,-74.90646,0.0,29.1,511.0,VICTORAY,IMO8961444,WDG9292,30,,22,6,,,B
367586320,2022-01-03T00:22:29,38.94878,-74.90645,0.0,29.1,511.0,VICTORAY,IMO8961444,WDG9292,30,,22,6,,,B
367586320,2022-01-03T00:58:28,38.94879,-74.90646,0.0,29.1,511.0,VICTORAY,IMO8961444,WDG9292,30,,22,6,,,B
367586320,2022-01-03T00:28:28,38.94878,-74.90645,0.0,29.1,511.0,VICTORAY,IMO8961444,WDG9292,30,,22,6,,,B
367586320,2022-01-03T01:04:28,38.94879,-74.90646,0.0,29.1,511.0,VICTORAY,IMO8961444,WDG9292,30,,22,6,,,B
367586320,2022-01-03T01:07:28,38.94879,-74.90646,0.0,29.1,511.0,VICTORAY,IMO8961444,WDG9292,30,,22,6,,,B
367586320,2022-01-03T01:13:28,38.94879,-74.90647,0.0,29.1,511.0,VICTORAY,IMO8961444,WDG9292,30,,22,6,,,B
367586320,2022-01-03T01:16:29,38.94879,-74.90647,0.0,29.1,511.0,VICTORAY,IMO8961444,WDG9292,30,,22,6,,,B
367586320,2022-01-03T01:10:28,38.94879,-74.90646,0.0,29.1,511.0,VICTORAY,IMO8961444,WDG9292,30,,22,6,,,B
367586320,2022-01-03T01:19:28,38.94879,-74.90647,0.0,29.1,511.0,VICTORAY,IMO8961444,WDG9292,30,,22,6,,,B
367586320,2022-01-03T01:22:29,38.94879,-74.90647,0.0,29.1,511.0,VICTORAY,IMO8961444,WDG9292,30,,22,6,,,B
367586320,2022-01-03T00:40:28,38.94879,-74.90646,0.0,29.1,511.0,VICTORAY,IMO8961444,WDG9292,30,,22,6,,,B
367586320,2022-01-03T01:31:29,38.94879,-74.90646,0.0,29.1,511.0,VICTORAY,IMO8961444,WDG9292,30,,22,6,,,B
367586320,2022-01-03T01:40:29,38.94880,-74.90646,0.0,29.1,511.0,VICTORAY,IMO8961444,WDG9292,30,,22,6,,,B
367586320,2022-01-03T01:34:29,38.94879,-74.90647,0.0,29.1,511.0,VICTORAY,IMO8961444,WDG9292,30,,22,6,,,B
367586320,2022-01-03T01:46:28,38.94880,-74.90646,0.0,29.1,511.0,VICTORAY,IMO8961444,WDG9292,30,,22,6,,,B
367586320,2022-01-03T01:37:29,38.94880,-74.90646,0.0,29.1,511.0,VICTORAY,IMO8961444,WDG9292,30,,22,6,,,B
367586320,2022-01-03T02:01:28,38.94880,-74.90646,0.0,29.1,511.0,VICTORAY,IMO8961444,WDG9292,30,,22,6,,,B
367586320,2022-01-03T01:49:28,38.94880,-74.90646,0.0,29.1,511.0,VICTORAY,IMO8961444,WDG9292,30,,22,6,,,B
367586320,2022-01-03T01:52:29,38.94881,-74.90646,0.0,29.1,511.0,VICTORAY,IMO8961444,WDG9292,30,,22,6,,,B
367586320,2022-01-03T02:04:28,38.94880,-74.90646,0.0,29.1,511.0,VICTORAY,IMO8961444,WDG9292,30,,22,6,,,B
367586320,2022-01-03T00:52:28,38.94879,-74.90646,0.0,29.1,511.0,VICTORAY,IMO8961444,WDG9292,30,,22,6,,,B
367586320,2022-01-03T02:10:28,38.94880,-74.90646,0.0,29.1,511.0,VICTORAY,IMO8961444,WDG9292,30,,22,6,,,B
367586320,2022-01-03T01:55:28,38.94880,-74.90646,0.0,29.1,511.0,VICTORAY,IMO8961444,WDG9292,30,,22,6,,,B
367586320,2022-01-03T01:58:29,38.94880,-74.90646,0.0,29.1,511.0,VICTORAY,IMO8961444,WDG9292,30,,22,6,,,B
367586320,2022-01-03T02:07:28,38.94880,-74.90646,0.0,29.1,511.0,VICTORAY,IMO8961444,WDG9292,30,,22,6,,,B
367586320,2022-01-03T02:16:29,38.94880,-74.90646,0.0,29.1,511.0,VICTORAY,IMO8961444,WDG9292,30,,22,6,,,B
367586320,2022-01-03T02:13:28,38.94880,-74.90646,0.0,29.1,511.0,VICTORAY,IMO8961444,WDG9292,30,,22,6,,,B
367586320,2022-01-03T02:22:28,38.94880,-74.90646,0.0,29.1,511.0,VICTORAY,IMO8961444,WDG9292,30,,22,6,,,B
367586320,2022-01-03T02:25:29,38.94880,-74.90646,0.0,29.1,511.0,VICTORAY,IMO8961444,WDG9292,30,,22,6,,,B
367586320,2022-01-03T02:28:29,38.94880,-74.90646,0.0,29.1,511.0,VICTORAY,IMO8961444,WDG9292,30,,22,6,,,B
367586320,2022-01-03T02:31:28,38.94880,-74.90645,0.0,29.1,511.0,VICTORAY,IMO8961444,WDG9292,30,,22,6,,,B
367586320,2022-01-03T02:37:29,38.94880,-74.90645,0.0,29.1,511.0,VICTORAY,IMO8961444,WDG9292,30,,22,6,,,B
367586320,2022-01-03T02:34:28,38.94880,-74.90646,0.0,29.1,511.0,VICTORAY,IMO8961444,WDG9292,30,,22,6,,,B
367586320,2022-01-03T02:55:29,38.94880,-74.90645,0.0,29.1,511.0,VICTORAY,IMO8961444,WDG9292,30,,22,6,,,B
367586320,2022-01-03T01:25:28,38.94879,-74.90646,0.0,29.1,511.0,VICTORAY,IMO8961444,WDG9292,30,,22,6,,,B
367586320,2022-01-03T02:46:28,38.94880,-74.90645,0.0,29.1,511.0,VICTORAY,IMO8961444,WDG9292,30,,22,6,,,B
367586320,2022-01-03T02:40:29,38.94880,-74.90645,0.0,29.1,511.0,VICTORAY,IMO8961444,WDG9292,30,,22,6,,,B
367586320,2022-01-03T01:28:29,38.94879,-74.90646,0.0,29.1,511.0,VICTORAY,IMO8961444,WDG9292,30,,22,6,,,B
367586320,2022-01-03T02:52:28,38.94880,-74.90645,0.0,29.1,511.0,VICTORAY,IMO8961444,WDG9292,30,,22,6,,,B
367586320,2022-01-03T02:58:28,38.94880,-74.90645,0.0,29.1,511.0,VICTORAY,IMO8961444,WDG9292,30,,22,6,,,B
367586320,2022-01-03T03:01:28,38.94880,-74.90645,0.0,29.1,511.0,VICTORAY,IMO8961444,WDG9292,30,,22,6,,,B
367586320,2022-01-03T03:04:28,38.94880,-74.90645,0.0,29.1,511.0,VICTORAY,IMO8961444,WDG9292,30,,22,6,,,B
367586320,2022-01-03T03:19:29,38.94879,-74.90645,0.0,29.1,511.0,VICTORAY,IMO8961444,WDG9292,30,,22,6,,,B
367586320,2022-01-03T03:07:29,38.94880,-74.90645,0.0,29.1,511.0,VICTORAY,IMO8961444,WDG9292,30,,22,6,,,B
367586320,2022-01-03T01:43:28,38.94880,-74.90646,0.0,29.1,511.0,VICTORAY,IMO8961444,WDG9292,30,,22,6,,,B
367586320,2022-01-03T03:10:29,38.94880,-74.90644,0.0,29.1,511.0,VICTORAY,IMO8961444,WDG9292,30,,22,6,,,B
367586320,2022-01-03T03:13:28,38.94879,-74.90644,0.0,29.1,511.0,VICTORAY,IMO8961444,WDG9292,30,,22,6,,,B
367586320,2022-01-03T03:22:29,38.94879,-74.90645,0.0,29.1,511.0,VICTORAY,IMO8961444,WDG9292,30,,22,6,,,B
367586320,2022-01-03T03:25:29,38.94879,-74.90645,0.0,29.1,511.0,VICTORAY,IMO8961444,WDG9292,30,,22,6,,,B
367586320,2022-01-03T03:28:28,38.94879,-74.90645,0.0,29.1,511.0,VICTORAY,IMO8961444,WDG9292,30,,22,6,,,B
367586320,2022-01-03T03:31:28,38.94879,-74.90645,0.0,29.1,511.0,VICTORAY,IMO8961444,WDG9292,30,,22,6,,,B
367586320,2022-01-03T03:16:29,38.94879,-74.90644,0.0,29.1,511.0,VICTORAY,IMO8961444,WDG9292,30,,22,6,,,B
367586320,2022-01-03T03:34:28,38.94879,-74.90645,0.0,29.1,511.0,VICTORAY,IMO8961444,WDG9292,30,,22,6,,,B
367586320,2022-01-03T03:40:29,38.94878,-74.90645,0.0,29.1,511.0,VICTORAY,IMO8961444,WDG9292,30,,22,6,,,B
367586320,2022-01-03T03:46:28,38.94878,-74.90645,0.0,29.1,511.0,VICTORAY,IMO8961444,WDG9292,30,,22,6,,,B
367586320,2022-01-03T03:52:28,38.94878,-74.90645,0.0,29.1,511.0,VICTORAY,IMO8961444,WDG9292,30,,22,6,,,B
367586320,2022-01-03T04:01:28,38.94878,-74.90644,0.0,29.1,511.0,VICTORAY,IMO8961444,WDG9292,30,,22,6,,,B
367586320,2022-01-03T04:10:29,38.94878,-74.90644,0.0,29.1,511.0,VICTORAY,IMO8961444,WDG9292,30,,22,6,,,B
367586320,2022-01-03T04:04:28,38.94878,-74.90644,0.0,29.1,511.0,VICTORAY,IMO8961444,WDG9292,30,,22,6,,,B
367586320,2022-01-03T04:07:28,38.94878,-74.90644,0.0,29.1,511.0,VICTORAY,IMO8961444,WDG9292,30,,22,6,,,B
367586320,2022-01-03T03:49:29,38.94878,-74.90645,0.0,29.1,511.0,VICTORAY,IMO8961444,WDG9292,30,,22,6,,,B
367586320,2022-01-03T04:25:28,38.94878,-74.90644,0.0,29.1,511.0,VICTORAY,IMO8961444,WDG9292,30,,22,6,,,B
367586320,2022-01-03T03:55:29,38.94878,-74.90644,0.0,29.1,511.0,VICTORAY,IMO8961444,WDG9292,30,,22,6,,,B
367586320,2022-01-03T04:28:28,38.94878,-74.90644,0.0,29.1,511.0,VICTORAY,IMO8961444,WDG9292,30,,22,6,,,B
367586320,2022-01-03T04:13:29,38.94878,-74.90644,0.0,29.1,511.0,VICTORAY,IMO8961444,WDG9292,30,,22,6,,,B
367586320,2022-01-03T02:19:29,38.94880,-74.90646,0.0,29.1,511.0,VICTORAY,IMO8961444,WDG9292,30,,22,6,,,B
367586320,2022-01-03T04:16:28,38.94878,-74.90644,0.0,29.1,511.0,VICTORAY,IMO8961444,WDG9292,30,,22,6,,,B
367586320,2022-01-03T04:55:29,38.94878,-74.90645,0.0,29.1,511.0,VICTORAY,IMO8961444,WDG9292,30,,22,6,,,B
367586320,2022-01-03T04:34:28,38.94878,-74.90644,0.0,29.1,511.0,VICTORAY,IMO8961444,WDG9292,30,,22,6,,,B
367586320,2022-01-03T04:52:29,38.94878,-74.90645,0.0,29.1,511.0,VICTORAY,IMO8961444,WDG9292,30,,22,6,,,B
367586320,2022-01-03T04:37:28,38.94878,-74.90644,0.0,29.1,511.0,VICTORAY,IMO8961444,WDG9292,30,,22,6,,,B
367586320,2022-01-03T04:46:28,38.94878,-74.90644,0.0,29.1,511.0,VICTORAY,IMO8961444,WDG9292,30,,22,6,,,B
367586320,2022-01-03T04:43:28,38.94878,-74.90644,0.0,29.1,511.0,VICTORAY,IMO8961444,WDG9292,30,,22,6,,,B
367586320,2022-01-03T05:01:28,38.94877,-74.90645,0.0,29.1,511.0,VICTORAY,IMO8961444,WDG9292,30,,22,6,,,B
367586320,2022-01-03T04:58:28,38.94877,-74.90645,0.0,29.1,511.0,VICTORAY,IMO8961444,WDG9292,30,,22,6,,,B
367586320,2022-01-03T04:40:28,38.94878,-74.90644,0.0,29.1,511.0,VICTORAY,IMO8961444,WDG9292,30,,22,6,,,B
367586320,2022-01-03T04:49:29,38.94878,-74.90644,0.0,29.1,511.0,VICTORAY,IMO8961444,WDG9292,30,,22,6,,,B
367586320,2022-01-03T05:07:28,38.94877,-74.90645,0.0,29.1,511.0,VICTORAY,IMO8961444,WDG9292,30,,22,6,,,B
367586320,2022-01-03T05:10:28,38.94878,-74.90645,0.0,29.1,511.0,VICTORAY,IMO8961444,WDG9292,30,,22,6,,,B
367586320,2022-01-03T05:22:28,38.94877,-74.90645,0.0,29.1,511.0,VICTORAY,IMO8961444,WDG9292,30,,22,6,,,B
367586320,2022-01-03T05:13:28,38.94877,-74.90645,0.0,29.1,511.0,VICTORAY,IMO8961444,WDG9292,30,,22,6,,,B
367586320,2022-01-03T05:28:28,38.94876,-74.90645,0.0,29.1,511.0,VICTORAY,IMO8961444,WDG9292,30,,22,6,,,B
367586320,2022-01-03T05:19:28,38.94877,-74.90645,0.0,29.1,511.0,VICTORAY,IMO8961444,WDG9292,30,,22,6,,,B
367586320,2022-01-03T05:16:29,38.94877,-74.90645,0.0,29.1,511.0,VICTORAY,IMO8961444,WDG9292,30,,22,6,,,B
367586320,2022-01-03T05:04:28,38.94877,-74.90645,0.0,29.1,511.0,VICTORAY,IMO8961444,WDG9292,30,,22,6,,,B
367586320,2022-01-03T05:46:29,38.94876,-74.90645,0.0,29.1,511.0,VICTORAY,IMO8961444,WDG9292,30,,22,6,,,B
367586320,2022-01-03T02:43:28,38.94880,-74.90645,0.0,29.1,511.0,VICTORAY,IMO8961444,WDG9292,30,,22,6,,,B
367586320,2022-01-03T05:25:28,38.94877,-74.90645,0.0,29.1,511.0,VICTORAY,IMO8961444,WDG9292,30,,22,6,,,B
367586320,2022-01-03T05:31:28,38.94876,-74.90645,0.0,29.1,511.0,VICTORAY,IMO8961444,WDG9292,30,,22,6,,,B
367586320,2022-01-03T05:34:28,38.94876,-74.90645,0.0,29.1,511.0,VICTORAY,IMO8961444,WDG9292,30,,22,6,,,B
367586320,2022-01-03T05:43:29,38.94876,-74.90645,0.0,29.1,511.0,VICTORAY,IMO8961444,WDG9292,30,,22,6,,,B
367586320,2022-01-03T06:10:29,38.94876,-74.90645,0.0,29.1,511.0,VICTORAY,IMO8961444,WDG9292,30,,22,6,,,B
367586320,2022-01-03T05:40:28,38.94876,-74.90644,0.0,29.1,511.0,VICTORAY,IMO8961444,WDG9292,30,,22,6,,,B
367586320,2022-01-03T05:58:28,38.94876,-74.90644,0.0,29.1,511.0,VICTORAY,IMO8961444,WDG9292,30,,22,6,,,B
367586320,2022-01-03T06:07:28,38.94876,-74.90645,0.0,29.1,511.0,VICTORAY,IMO8961444,WDG9292,30,,22,6,,,B
367586320,2022-01-03T05:49:28,38.94876,-74.90644,0.0,29.1,511.0,VICTORAY,IMO8961444,WDG9292,30,,22,6,,,B
367586320,2022-01-03T05:37:29,38.94876,-74.90645,0.0,29.1,511.0,VICTORAY,IMO8961444,WDG9292,30,,22,6,,,B
367586320,2022-01-03T05:55:28,38.94876,-74.90644,0.0,29.1,511.0,VICTORAY,IMO8961444,WDG9292,30,,22,6,,,B
367586320,2022-01-03T06:16:29,38.94877,-74.90645,0.0,29.1,511.0,VICTORAY,IMO8961444,WDG9292,30,,22,6,,,B
367586320,2022-01-03T05:52:29,38.94876,-74.90644,0.0,29.1,511.0,VICTORAY,IMO8961444,WDG9292,30,,22,6,,,B
367586320,2022-01-03T06:43:29,38.94877,-74.90645,0.0,29.1,511.0,VICTORAY,IMO8961444,WDG9292,30,,22,6,,,B
367586320,2022-01-03T06:13:28,38.94876,-74.90645,0.0,29.1,511.0,VICTORAY,IMO8961444,WDG9292,30,,22,6,,,B
367586320,2022-01-03T06:01:28,38.94876,-74.90644,0.0,29.1,511.0,VICTORAY,IMO8961444,WDG9292,30,,22,6,,,B
367586320,2022-01-03T06:49:29,38.94877,-74.90645,0.0,29.1,511.0,VICTORAY,IMO8961444,WDG9292,30,,22,6,,,B
367586320,2022-01-03T06:04:28,38.94876,-74.90645,0.0,29.1,511.0,VICTORAY,IMO8961444,WDG9292,30,,22,6,,,B
367586320,2022-01-03T06:19:29,38.94877,-74.90645,0.0,29.1,511.0,VICTORAY,IMO8961444,WDG9292,30,,22,6,,,B
367586320,2022-01-03T06:25:29,38.94877,-74.90645,0.0,29.1,511.0,VICTORAY,IMO8961444,WDG9292,30,,22,6,,,B
367586320,2022-01-03T06:31:29,38.94877,-74.90645,0.0,29.1,511.0,VICTORAY,IMO8961444,WDG9292,30,,22,6,,,B
367586320,2022-01-03T06:34:28,38.94877,-74.90645,0.0,29.1,511.0,VICTORAY,IMO8961444,WDG9292,30,,22,6,,,B
367586320,2022-01-03T06:40:28,38.94877,-74.90645,0.0,29.1,511.0,VICTORAY,IMO8961444,WDG9292,30,,22,6,,,B
367586320,2022-01-03T07:10:28,38.94877,-74.90644,0.0,29.1,511.0,VICTORAY,IMO8961444,WDG9292,30,,22,6,,,B
367586320,2022-01-03T06:46:28,38.94877,-74.90645,0.0,29.1,511.0,VICTORAY,IMO8961444,WDG9292,30,,22,6,,,B
367586320,2022-01-03T06:52:29,38.94877,-74.90645,0.0,29.1,511.0,VICTORAY,IMO8961444,WDG9292,30,,22,6,,,B
367586320,2022-01-03T07:04:29,38.94877,-74.90645,0.0,29.1,511.0,VICTORAY,IMO8961444,WDG9292,30,,22,6,,,B
367586320,2022-01-03T07:16:28,38.94877,-74.90644,0.0,29.1,511.0,VICTORAY,IMO8961444,WDG9292,30,,22,6,,,B
367586320,2022-01-03T07:07:28,38.94877,-74.90644,0.0,29.1,511.0,VICTORAY,IMO8961444,WDG9292,30,,22,6,,,B
367586320,2022-01-03T07:01:28,38.94877,-74.90645,0.0,29.1,511.0,VICTORAY,IMO8961444,WDG9292,30,,22,6,,,B
367586320,2022-01-03T06:55:28,38.94877,-74.90645,0.0,29.1,511.0,VICTORAY,IMO8961444,WDG9292,30,,22,6,,,B
367586320,2022-01-03T07:43:29,38.94878,-74.90644,0.0,29.1,511.0,VICTORAY,IMO8961444,WDG9292,30,,22,6,,,B
367586320,2022-01-03T03:37:29,38.94878,-74.90645,0.0,29.1,511.0,VICTORAY,IMO8961444,WDG9292,30,,22,6,,,B
367586320,2022-01-03T07:19:29,38.94877,-74.90644,0.0,29.1,511.0,VICTORAY,IMO8961444,WDG9292,30,,22,6,,,B
367586320,2022-01-03T07:22:28,38.94877,-74.90644,0.0,29.1,511.0,VICTORAY,IMO8961444,WDG9292,30,,22,6,,,B
367586320,2022-01-03T07:37:28,38.94878,-74.90644,0.0,29.1,511.0,VICTORAY,IMO8961444,WDG9292,30,,22,6,,,B
367586320,2022-01-03T08:01:28,38.94877,-74.90644,0.0,29.1,511.0,VICTORAY,IMO8961444,WDG9292,30,,22,6,,,B
367586320,2022-01-03T07:28:29,38.94877,-74.90644,0.0,29.1,511.0,VICTORAY,IMO8961444,WDG9292,30,,22,6,,,B
367586320,2022-01-03T07:13:28,38.94877,-74.90644,0.0,29.1,511.0,VICTORAY,IMO8961444,WDG9292,30,,22,6,,,B
367586320,2022-01-03T07:31:28,38.94878,-74.90644,0.0,29.1,511.0,VICTORAY,IMO8961444,WDG9292,30,,22,6,,,B
367586320,2022-01-03T07:40:28,38.94877,-74.90644,0.0,29.1,511.0,VICTORAY,IMO8961444,WDG9292,30,,22,6,,,B
367586320,2022-01-03T07:46:29,38.94878,-74.90644,0.0,29.1,511.0,VICTORAY,IMO8961444,WDG9292,30,,22,6,,,B
367586320,2022-01-03T08:22:29,38.94878,-74.90644,0.0,29.1,511.0,VICTORAY,IMO8961444,WDG9292,30,,22,6,,,B
367586320,2022-01-03T07:49:28,38.94878,-74.90644,0.0,29.1,511.0,VICTORAY,IMO8961444,WDG9292,30,,22,6,,,B
367586320,2022-01-03T07:34:29,38.94878,-74.90645,0.0,29.1,511.0,VICTORAY,IMO8961444,WDG9292,30,,22,6,,,B
367586320,2022-01-03T07:58:29,38.94877,-74.90644,0.0,29.1,511.0,VICTORAY,IMO8961444,WDG9292,30,,22,6,,,B
367586320,2022-01-03T03:58:29,38.94879,-74.90644,0.0,29.1,511.0,VICTORAY,IMO8961444,WDG9292,30,,22,6,,,B
367586320,2022-01-03T08:07:29,38.94878,-74.90645,0.0,29.1,511.0,VICTORAY,IMO8961444,WDG9292,30,,22,6,,,B
367586320,2022-01-03T08:46:28,38.94878,-74.90645,0.0,29.1,511.0,VICTORAY,IMO8961444,WDG9292,30,,22,6,,,B
367586320,2022-01-03T08:10:28,38.94878,-74.90645,0.0,29.1,511.0,VICTORAY,IMO8961444,WDG9292,30,,22,6,,,B
367586320,2022-01-03T08:52:29,38.94878,-74.90645,0.0,29.1,511.0,VICTORAY,IMO8961444,WDG9292,30,,22,6,,,B
367586320,2022-01-03T08:13:28,38.94878,-74.90645,0.0,29.1,511.0,VICTORAY,IMO8961444,WDG9292,30,,22,6,,,B
367586320,2022-01-03T08:19:29,38.94878,-74.90644,0.0,29.1,511.0,VICTORAY,IMO8961444,WDG9292,30,,22,6,,,B
367586320,2022-01-03T08:55:28,38.94878,-74.90645,0.0,29.1,511.0,VICTORAY,IMO8961444,WDG9292,30,,22,6,,,B
367586320,2022-01-03T08:04:29,38.94877,-74.90644,0.0,29.1,511.0,VICTORAY,IMO8961444,WDG9292,30,,22,6,,,B
367586320,2022-01-03T08:25:29,38.94878,-74.90644,0.0,29.1,511.0,VICTORAY,IMO8961444,WDG9292,30,,22,6,,,B
367586320,2022-01-03T08:28:28,38.94878,-74.90644,0.0,29.1,511.0,VICTORAY,IMO8961444,WDG9292,30,,22,6,,,B
367586320,2022-01-03T08:34:28,38.94878,-74.90644,0.0,29.1,511.0,VICTORAY,IMO8961444,WDG9292,30,,22,6,,,B
367586320,2022-01-03T08:31:29,38.94878,-74.90644,0.0,29.1,511.0,VICTORAY,IMO8961444,WDG9292,30,,22,6,,,B
367586320,2022-01-03T08:37:29,38.94878,-74.90644,0.0,29.1,511.0,VICTORAY,IMO8961444,WDG9292,30,,22,6,,,B
367586320,2022-01-03T08:40:28,38.94878,-74.90644,0.0,29.1,511.0,VICTORAY,IMO8961444,WDG9292,30,,22,6,,,B
367586320,2022-01-03T08:43:28,38.94878,-74.90645,0.0,29.1,511.0,VICTORAY,IMO8961444,WDG9292,30,,22,6,,,B
367586320,2022-01-03T04:22:28,38.94878,-74.90644,0.0,29.1,511.0,VICTORAY,IMO8961444,WDG9292,30,,22,6,,,B
367586320,2022-01-03T08:49:28,38.94878,-74.90645,0.0,29.1,511.0,VICTORAY,IMO8961444,WDG9292,30,,22,6,,,B
367586320,2022-01-03T09:01:29,38.94878,-74.90645,0.0,29.1,511.0,VICTORAY,IMO8961444,WDG9292,30,,22,6,,,B
367586320,2022-01-03T09:04:29,38.94878,-74.90645,0.0,29.1,511.0,VICTORAY,IMO8961444,WDG9292,30,,22,6,,,B
367586320,2022-01-03T09:55:29,38.94878,-74.90645,0.0,29.1,511.0,VICTORAY,IMO8961444,WDG9292,30,,22,6,,,B
367586320,2022-01-03T09:07:29,38.94877,-74.90645,0.0,29.1,511.0,VICTORAY,IMO8961444,WDG9292,30,,22,6,,,B
367586320,2022-01-03T09:10:29,38.94877,-74.90645,0.0,29.1,511.0,VICTORAY,IMO8961444,WDG9292,30,,22,6,,,B
367586320,2022-01-03T09:25:29,38.94877,-74.90644,0.0,29.1,511.0,VICTORAY,IMO8961444,WDG9292,30,,22,6,,,B
367586320,2022-01-03T09:13:29,38.94877,-74.90644,0.0,29.1,511.0,VICTORAY,IMO8961444,WDG9292,30,,22,6,,,B
367586320,2022-01-03T09:19:28,38.94877,-74.90644,0.0,29.1,511.0,VICTORAY,IMO8961444,WDG9292,30,,22,6,,,B
367586320,2022-01-03T09:28:29,38.94877,-74.90644,0.0,29.1,511.0,VICTORAY,IMO8961444,WDG9292,30,,22,6,,,B
367586320,2022-01-03T09:40:28,38.94878,-74.90645,0.0,29.1,511.0,VICTORAY,IMO8961444,WDG9292,30,,22,6,,,B
367586320,2022-01-03T09:31:28,38.94877,-74.90644,0.0,29.1,511.0,VICTORAY,IMO8961444,WDG9292,30,,22,6,,,B
367586320,2022-01-03T09:43:29,38.94878,-74.90644,0.0,29.1,511.0,VICTORAY,IMO8961444,WDG9292,30,,22,6,,,B
367586320,2022-01-03T09:16:29,38.94877,-74.90644,0.0,29.1,511.0,VICTORAY,IMO8961444,WDG9292,30,,22,6,,,B
367586320,2022-01-03T09:34:29,38.94877,-74.90645,0.0,29.1,511.0,VICTORAY,IMO8961444,WDG9292,30,,22,6,,,B
367586320,2022-01-03T09:52:29,38.94878,-74.90645,0.0,29.1,511.0,VICTORAY,IMO8961444,WDG9292,30,,22,6,,,B
367586320,2022-01-03T09:46:28,38.94878,-74.90645,0.0,29.1,511.0,VICTORAY,IMO8961444,WDG9292,30,,22,6,,,B
367586320,2022-01-03T10:01:28,38.94879,-74.90645,0.0,29.1,511.0,VICTORAY,IMO8961444,WDG9292,30,,22,6,,,B
367586320,2022-01-03T10:10:28,38.94879,-74.90645,0.0,29.1,511.0,VICTORAY,IMO8961444,WDG9292,30,,22,6,,,B
367586320,2022-01-03T10:07:29,38.94879,-74.90645,0.0,29.1,511.0,VICTORAY,IMO8961444,WDG9292,30,,22,6,,,B
367586320,2022-01-03T10:22:28,38.94879,-74.90645,0.0,29.1,511.0,VICTORAY,IMO8961444,WDG9292,30,,22,6,,,B
367586320,2022-01-03T10:13:28,38.94879,-74.90645,0.0,29.1,511.0,VICTORAY,IMO8961444,WDG9292,30,,22,6,,,B
367586320,2022-01-03T11:58:29,38.94881,-74.90643,0.0,29.1,511.0,VICTORAY,IMO8961444,WDG9292,30,,22,6,,,B
367586320,2022-01-03T11:28:28,38.94881,-74.90643,0.0,29.1,511.0,VICTORAY,IMO8961444,WDG9292,30,,22,6,,,B
367586320,2022-01-03T11:31:29,38.94881,-74.90643,0.0,29.1,511.0,VICTORAY,IMO8961444,WDG9292,30,,22,6,,,B
367586320,2022-01-03T12:31:29,38.94879,-74.90643,0.0,29.1,511.0,VICTORAY,IMO8961444,WDG9292,30,,22,6,,,B
367586320,2022-01-03T12:10:28,38.94881,-74.90643,0.0,29.1,511.0,VICTORAY,IMO8961444,WDG9292,30,,22,6,,,B
367586320,2022-01-03T12:04:28,38.94881,-74.90644,0.0,29.1,511.0,VICTORAY,IMO8961444,WDG9292,30,,22,6,,,B
367586320,2022-01-03T12:13:28,38.94880,-74.90643,0.0,29.1,511.0,VICTORAY,IMO8961444,WDG9292,30,,22,6,,,B
367586320,2022-01-03T12:34:28,38.94879,-74.90643,0.0,29.1,511.0,VICTORAY,IMO8961444,WDG9292,30,,22,6,,,B
367586320,2022-01-03T06:22:29,38.94877,-74.90645,0.0,29.1,511.0,VICTORAY,IMO8961444,WDG9292,30,,22,6,,,B
367586320,2022-01-03T13:01:29,38.94877,-74.90642,0.0,29.1,511.0,VICTORAY,IMO8961444,WDG9292,30,,22,6,,,B
367586320,2022-01-03T12:55:28,38.94878,-74.90642,0.0,29.1,511.0,VICTORAY,IMO8961444,WDG9292,30,,22,6,,,B
367586320,2022-01-03T13:52:29,38.94877,-74.90644,0.0,29.1,511.0,VICTORAY,IMO8961444,WDG9292,30,,22,6,,,B
367586320,2022-01-03T12:52:28,38.94878,-74.90642,0.0,29.1,511.0,VICTORAY,IMO8961444,WDG9292,30,,22,6,,,B
367586320,2022-01-03T13:55:28,38.94877,-74.90644,0.0,29.1,511.0,VICTORAY,IMO8961444,WDG9292,30,,22,6,,,B
367586320,2022-01-03T06:37:28,38.94877,-74.90645,0.0,29.1,511.0,VICTORAY,IMO8961444,WDG9292,30,,22,6,,,B
367586320,2022-01-03T13:19:28,38.94877,-74.90642,0.0,29.1,511.0,VICTORAY,IMO8961444,WDG9292,30,,22,6,,,B
367586320,2022-01-03T13:34:28,38.94877,-74.90643,0.0,29.1,511.0,VICTORAY,IMO8961444,WDG9292,30,,22,6,,,B
367586320,2022-01-03T13:46:29,38.94877,-74.90644,0.0,29.1,511.0,VICTORAY,IMO8961444,WDG9292,30,,22,6,,,B
367586320,2022-01-03T13:40:28,38.94878,-74.90643,0.0,29.1,511.0,VICTORAY,IMO8961444,WDG9292,30,,22,6,,,B
367586320,2022-01-03T14:19:28,38.94878,-74.90644,0.0,29.1,511.0,VICTORAY,IMO8961444,WDG9292,30,,22,6,,,B
367586320,2022-01-03T14:13:29,38.94878,-74.90644,0.0,29.1,511.0,VICTORAY,IMO8961444,WDG9292,30,,22,6,,,B
367586320,2022-01-03T14:07:28,38.94878,-74.90644,0.0,29.1,511.0,VICTORAY,IMO8961444,WDG9292,30,,22,6,,,B
367586320,2022-01-03T14:31:29,38.94878,-74.90645,0.0,29.1,511.0,VICTORAY,IMO8961444,WDG9292,30,,22,6,,,B
367586320,2022-01-03T14:16:29,38.94878,-74.90644,0.0,29.1,511.0,VICTORAY,IMO8961444,WDG9292,30,,22,6,,,B
367586320,2022-01-03T15:16:29,38.94877,-74.90644,0.0,29.1,511.0,VICTORAY,IMO8961444,WDG9292,30,,22,6,,,B
367586320,2022-01-03T14:52:29,38.94877,-74.90645,0.0,29.1,511.0,VICTORAY,IMO8961444,WDG9292,30,,22,6,,,B
367586320,2022-01-03T14:37:29,38.94878,-74.90645,0.0,29.1,511.0,VICTORAY,IMO8961444,WDG9292,30,,22,6,,,B
367586320,2022-01-03T14:58:28,38.94877,-74.90645,0.0,29.1,511.0,VICTORAY,IMO8961444,WDG9292,30,,22,6,,,B
367586320,2022-01-03T14:28:29,38.94878,-74.90645,0.0,29.1,511.0,VICTORAY,IMO8961444,WDG9292,30,,22,6,,,B
367586320,2022-01-03T15:31:29,38.94879,-74.90644,0.0,29.1,511.0,VICTORAY,IMO8961444,WDG9292,30,,22,6,,,B
367586320,2022-01-03T14:55:28,38.94877,-74.90645,0.0,29.1,511.0,VICTORAY,IMO8961444,WDG9292,30,,22,6,,,B
367586320,2022-01-03T15:07:28,38.94877,-74.90645,0.0,29.1,511.0,VICTORAY,IMO8961444,WDG9292,30,,22,6,,,B
367586320,2022-01-03T15:13:29,38.94877,-74.90644,0.0,29.1,511.0,VICTORAY,IMO8961444,WDG9292,30,,22,6,,,B
367586320,2022-01-03T16:07:29,38.94880,-74.90645,0.0,29.1,511.0,VICTORAY,IMO8961444,WDG9292,30,,22,6,,,B
367586320,2022-01-03T15:10:29,38.94877,-74.90644,0.0,29.1,511.0,VICTORAY,IMO8961444,WDG9292,30,,22,6,,,B
367586320,2022-01-03T15:22:29,38.94878,-74.90645,0.0,29.1,511.0,VICTORAY,IMO8961444,WDG9292,30,,22,6,,,B
367586320,2022-01-03T15:34:29,38.94879,-74.90645,0.0,29.1,511.0,VICTORAY,IMO8961444,WDG9292,30,,22,6,,,B
367586320,2022-01-03T15:37:29,38.94879,-74.90645,0.0,29.1,511.0,VICTORAY,IMO8961444,WDG9292,30,,22,6,,,B
367586320,2022-01-03T16:01:29,38.94880,-74.90645,0.0,29.1,511.0,VICTORAY,IMO8961444,WDG9292,30,,22,6,,,B
367586320,2022-01-03T15:46:28,38.94879,-74.90645,0.0,29.1,511.0,VICTORAY,IMO8961444,WDG9292,30,,22,6,,,B
367586320,2022-01-03T16:34:29,38.94879,-74.90644,0.0,29.1,511.0,VICTORAY,IMO8961444,WDG9292,30,,22,6,,,B
367586320,2022-01-03T15:43:29,38.94879,-74.90645,0.0,29.1,511.0,VICTORAY,IMO8961444,WDG9292,30,,22,6,,,B
367586320,2022-01-03T07:25:29,38.94877,-74.90644,0.0,29.1,511.0,VICTORAY,IMO8961444,WDG9292,30,,22,6,,,B
367586320,2022-01-03T15:58:28,38.94880,-74.90645,0.0,29.1,511.0,VICTORAY,IMO8961444,WDG9292,30,,22,6,,,B
367586320,2022-01-03T15:49:28,38.94879,-74.90645,0.0,29.1,511.0,VICTORAY,IMO8961444,WDG9292,30,,22,6,,,B
367586320,2022-01-03T16:49:28,38.94879,-74.90644,0.0,29.1,511.0,VICTORAY,IMO8961444,WDG9292,30,,22,6,,,B
367586320,2022-01-03T15:52:29,38.94879,-74.90645,0.0,29.1,511.0,VICTORAY,IMO8961444,WDG9292,30,,22,6,,,B
367586320,2022-01-03T16:04:28,38.94880,-74.90645,0.0,29.1,511.0,VICTORAY,IMO8961444,WDG9292,30,,22,6,,,B
367586320,2022-01-03T16:28:29,38.94879,-74.90644,0.0,29.1,511.0,VICTORAY,IMO8961444,WDG9292,30,,22,6,,,B
367586320,2022-01-03T17:01:29,38.94879,-74.90645,0.0,29.1,511.0,VICTORAY,IMO8961444,WDG9292,30,,22,6,,,B
367586320,2022-01-03T16:10:29,38.94880,-74.90645,0.0,29.1,511.0,VICTORAY,IMO8961444,WDG9292,30,,22,6,,,B
367586320,2022-01-03T16:13:29,38.94880,-74.90645,0.0,29.1,511.0,VICTORAY,IMO8961444,WDG9292,30,,22,6,,,B
367586320,2022-01-03T16:19:28,38.94880,-74.90645,0.0,29.1,511.0,VICTORAY,IMO8961444,WDG9292,30,,22,6,,,B
367586320,2022-01-03T16:25:28,38.94879,-74.90645,0.0,29.1,511.0,VICTORAY,IMO8961444,WDG9292,30,,22,6,,,B
367586320,2022-01-03T07:52:29,38.94878,-74.90644,0.0,29.1,511.0,VICTORAY,IMO8961444,WDG9292,30,,22,6,,,B
367586320,2022-01-03T16:31:29,38.94879,-74.90644,0.0,29.1,511.0,VICTORAY,IMO8961444,WDG9292,30,,22,6,,,B
367586320,2022-01-03T17:10:29,38.94879,-74.90645,0.0,29.1,511.0,VICTORAY,IMO8961444,WDG9292,30,,22,6,,,B
367586320,2022-01-03T16:37:28,38.94879,-74.90644,0.0,29.1,511.0,VICTORAY,IMO8961444,WDG9292,30,,22,6,,,B
367586320,2022-01-03T07:55:28,38.94878,-74.90644,0.0,29.1,511.0,VICTORAY,IMO8961444,WDG9292,30,,22,6,,,B
367586320,2022-01-03T17:13:29,38.94879,-74.90644,0.0,29.1,511.0,VICTORAY,IMO8961444,WDG9292,30,,22,6,,,B
367586320,2022-01-03T16:43:28,38.94879,-74.90644,0.0,29.1,511.0,VICTORAY,IMO8961444,WDG9292,30,,22,6,,,B
367586320,2022-01-03T17:16:28,38.94879,-74.90644,0.0,29.1,511.0,VICTORAY,IMO8961444,WDG9292,30,,22,6,,,B
367586320,2022-01-03T17:37:29,38.94879,-74.90644,0.0,29.1,511.0,VICTORAY,IMO8961444,WDG9292,30,,22,6,,,B
367586320,2022-01-03T17:40:28,38.94879,-74.90644,0.0,29.1,511.0,VICTORAY,IMO8961444,WDG9292,30,,22,6,,,B
367586320,2022-01-03T17:34:28,38.94879,-74.90644,0.0,29.1,511.0,VICTORAY,IMO8961444,WDG9292,30,,22,6,,,B
367586320,2022-01-03T17:22:28,38.94879,-74.90645,0.0,29.1,511.0,VICTORAY,IMO8961444,WDG9292,30,,22,6,,,B
367586320,2022-01-03T17:25:28,38.94879,-74.90644,0.0,29.1,511.0,VICTORAY,IMO8961444,WDG9292,30,,22,6,,,B
367586320,2022-01-03T18:04:28,38.94878,-74.90643,0.0,29.1,511.0,VICTORAY,IMO8961444,WDG9292,30,,22,6,,,B
367586320,2022-01-03T17:58:29,38.94878,-74.90643,0.0,29.1,511.0,VICTORAY,IMO8961444,WDG9292,30,,22,6,,,B
367586320,2022-01-03T17:55:29,38.94878,-74.90643,0.0,29.1,511.0,VICTORAY,IMO8961444,WDG9292,30,,22,6,,,B
367586320,2022-01-03T17:52:28,38.94878,-74.90643,0.0,29.1,511.0,VICTORAY,IMO8961444,WDG9292,30,,22,6,,,B
367586320,2022-01-03T18:07:29,38.94878,-74.90643,0.0,29.1,511.0,VICTORAY,IMO8961444,WDG9292,30,,22,6,,,B
367586320,2022-01-03T08:58:28,38.94878,-74.90645,0.0,29.1,511.0,VICTORAY,IMO8961444,WDG9292,30,,22,6,,,B
367586320,2022-01-03T09:58:28,38.94879,-74.90645,0.0,29.1,511.0,VICTORAY,IMO8961444,WDG9292,30,,22,6,,,B
367586320,2022-01-03T12:01:29,38.94881,-74.90644,0.0,29.1,511.0,VICTORAY,IMO8961444,WDG9292,30,,22,6,,,B
367586320,2022-01-03T12:07:29,38.94881,-74.90643,0.0,29.1,511.0,VICTORAY,IMO8961444,WDG9292,30,,22,6,,,B
367586320,2022-01-03T12:16:29,38.94880,-74.90643,0.0,29.1,511.0,VICTORAY,IMO8961444,WDG9292,30,,22,6,,,B
367586320,2022-01-03T13:49:28,38.94877,-74.90644,0.0,29.1,511.0,VICTORAY,IMO8961444,WDG9292,30,,22,6,,,B
367586320,2022-01-03T15:04:28,38.94877,-74.90645,0.0,29.1,511.0,VICTORAY,IMO8961444,WDG9292,30,,22,6,,,B
367586320,2022-01-03T15:19:28,38.94878,-74.90645,0.0,29.1,511.0,VICTORAY,IMO8961444,WDG9292,30,,22,6,,,B
367586320,2022-01-03T16:16:28,38.94880,-74.90645,0.0,29.1,511.0,VICTORAY,IMO8961444,WDG9292,30,,22,6,,,B
367586320,2022-01-03T16:55:28,38.94879,-74.90644,0.0,29.1,511.0,VICTORAY,IMO8961444,WDG9292,30,,22,6,,,B
367586320,2022-01-03T17:43:29,38.94879,-74.90644,0.0,29.1,511.0,VICTORAY,IMO8961444,WDG9292,30,,22,6,,,B
367586320,2022-01-03T18:13:28,38.94879,-74.90643,0.0,29.1,511.0,VICTORAY,IMO8961444,WDG9292,30,,22,6,,,B
367586320,2022-01-04T13:07:29,38.94877,-74.90643,0.0,29.1,511.0,VICTORAY,IMO8961444,WDG9292,30,,22,6,,,B
367586320,2022-01-04T13:34:28,38.94878,-74.90644,0.0,29.1,511.0,VICTORAY,IMO8961444,WDG9292,30,,22,6,,,B
367586320,2022-01-04T13:40:28,38.94878,-74.90644,0.0,29.1,511.0,VICTORAY,IMO8961444,WDG9292,30,,22,6,,,B
367586320,2022-01-04T13:25:29,38.94878,-74.90643,0.0,29.1,511.0,VICTORAY,IMO8961444,WDG9292,30,,22,6,,,B
367586320,2022-01-04T13:16:29,38.94877,-74.90644,0.0,29.1,511.0,VICTORAY,IMO8961444,WDG9292,30,,22,6,,,B
367586320,2022-01-04T13:10:28,38.94877,-74.90643,0.0,29.1,511.0,VICTORAY,IMO8961444,WDG9292,30,,22,6,,,B
367586320,2022-01-04T13:37:28,38.94878,-74.90644,0.0,29.1,511.0,VICTORAY,IMO8961444,WDG9292,30,,22,6,,,B
367586320,2022-01-04T13:46:29,38.94877,-74.90644,0.0,29.1,511.0,VICTORAY,IMO8961444,WDG9292,30,,22,6,,,B
367586320,2022-01-04T14:16:29,38.94878,-74.90645,0.0,29.1,511.0,VICTORAY,IMO8961444,WDG9292,30,,22,6,,,B
367586320,2022-01-04T13:22:28,38.94877,-74.90643,0.0,29.1,511.0,VICTORAY,IMO8961444,WDG9292,30,,22,6,,,B
367586320,2022-01-04T13:49:29,38.94877,-74.90644,0.0,29.1,511.0,VICTORAY,IMO8961444,WDG9292,30,,22,6,,,B
367586320,2022-01-04T14:22:28,38.94878,-74.90645,0.0,29.1,511.0,VICTORAY,IMO8961444,WDG9292,30,,22,6,,,B
367586320,2022-01-04T14:25:28,38.94878,-74.90645,0.0,29.1,511.0,VICTORAY,IMO8961444,WDG9292,30,,22,6,,,B
367586320,2022-01-04T14:40:29,38.94877,-74.90646,0.0,29.1,511.0,VICTORAY,IMO8961444,WDG9292,30,,22,6,,,B
367586320,2022-01-04T13:43:29,38.94877,-74.90644,0.0,29.1,511.0,VICTORAY,IMO8961444,WDG9292,30,,22,6,,,B
367586320,2022-01-04T13:52:28,38.94878,-74.90644,0.0,29.1,511.0,VICTORAY,IMO8961444,WDG9292,30,,22,6,,,B
367586320,2022-01-04T13:55:28,38.94878,-74.90644,0.0,29.1,511.0,VICTORAY,IMO8961444,WDG9292,30,,22,6,,,B
367586320,2022-01-04T14:55:29,38.94877,-74.90646,0.0,29.1,511.0,VICTORAY,IMO8961444,WDG9292,30,,22,6,,,B
367586320,2022-01-04T14:31:29,38.94878,-74.90645,0.0,29.1,511.0,VICTORAY,IMO8961444,WDG9292,30,,22,6,,,B
367586320,2022-01-04T15:04:28,38.94877,-74.90645,0.0,29.1,511.0,VICTORAY,IMO8961444,WDG9292,30,,22,6,,,B
367586320,2022-01-04T13:31:28,38.94878,-74.90644,0.0,29.1,511.0,VICTORAY,IMO8961444,WDG9292,30,,22,6,,,B
367586320,2022-01-04T15:13:29,38.94878,-74.90645,0.0,29.1,511.0,VICTORAY,IMO8961444,WDG9292,30,,22,6,,,B
367586320,2022-01-04T14:43:29,38.94877,-74.90645,0.0,29.1,511.0,VICTORAY,IMO8961444,WDG9292,30,,22,6,,,B
367586320,2022-01-04T14:49:29,38.94877,-74.90645,0.0,29.1,511.0,VICTORAY,IMO8961444,WDG9292,30,,22,6,,,B
367586320,2022-01-04T14:52:29,38.94877,-74.90646,0.0,29.1,511.0,VICTORAY,IMO8961444,WDG9292,30,,22,6,,,B
367586320,2022-01-04T14:58:28,38.94877,-74.90646,0.0,29.1,511.0,VICTORAY,IMO8961444,WDG9292,30,,22,6,,,B
367586320,2022-01-04T15:16:29,38.94878,-74.90645,0.0,29.1,511.0,VICTORAY,IMO8961444,WDG9292,30,,22,6,,,B
367586320,2022-01-04T15:19:28,38.94878,-74.90645,0.0,29.1,511.0,VICTORAY,IMO8961444,WDG9292,30,,22,6,,,B
367586320,2022-01-04T14:19:28,38.94878,-74.90645,0.0,29.1,511.0,VICTORAY,IMO8961444,WDG9292,30,,22,6,,,B
367586320,2022-01-04T15:01:29,38.94877,-74.90645,0.0,29.1,511.0,VICTORAY,IMO8961444,WDG9292,30,,22,6,,,B
367586320,2022-01-04T15:31:29,38.94878,-74.90645,0.0,29.1,511.0,VICTORAY,IMO8961444,WDG9292,30,,22,6,,,B
367586320,2022-01-04T15:37:28,38.94878,-74.90645,0.0,29.1,511.0,VICTORAY,IMO8961444,WDG9292,30,,22,6,,,B
367586320,2022-01-04T15:46:29,38.94879,-74.90645,0.0,29.1,511.0,VICTORAY,IMO8961444,WDG9292,30,,22,6,,,B
367586320,2022-01-04T15:55:29,38.94880,-74.90644,0.0,29.1,511.0,VICTORAY,IMO8961444,WDG9292,30,,22,6,,,B
367586320,2022-01-04T16:22:28,38.94880,-74.90644,0.0,29.1,511.0,VICTORAY,IMO8961444,WDG9292,30,,22,6,,,B
367586320,2022-01-04T15:28:28,38.94878,-74.90645,0.0,29.1,511.0,VICTORAY,IMO8961444,WDG9292,30,,22,6,,,B
367586320,2022-01-04T15:58:29,38.94880,-74.90645,0.0,29.1,511.0,VICTORAY,IMO8961444,WDG9292,30,,22,6,,,B
367586320,2022-01-04T16:07:28,38.94880,-74.90644,0.0,29.1,511.0,VICTORAY,IMO8961444,WDG9292,30,,22,6,,,B
367586320,2022-01-04T16:31:29,38.94880,-74.90644,0.0,29.1,511.0,VICTORAY,IMO8961444,WDG9292,30,,22,6,,,B
367586320,2022-01-04T16:10:29,38.94880,-74.90644,0.0,29.1,511.0,VICTORAY,IMO8961444,WDG9292,30,,22,6,,,B
367586320,2022-01-04T16:37:28,38.94880,-74.90644,0.0,29.1,511.0,VICTORAY,IMO8961444,WDG9292,30,,22,6,,,B
367586320,2022-01-04T16:19:28,38.94880,-74.90644,0.0,29.1,511.0,VICTORAY,IMO8961444,WDG9292,30,,22,6,,,B
367586320,2022-01-04T16:28:29,38.94880,-74.90644,0.0,29.1,511.0,VICTORAY,IMO8961444,WDG9292,30,,22,6,,,B
367586320,2022-01-04T17:04:28,38.94879,-74.90644,0.0,29.1,511.0,VICTORAY,IMO8961444,WDG9292,30,,22,6,,,B
367586320,2022-01-04T15:10:29,38.94877,-74.90645,0.0,29.1,511.0,VICTORAY,IMO8961444,WDG9292,30,,22,6,,,B
367586320,2022-01-04T16:34:29,38.94880,-74.90644,0.0,29.1,511.0,VICTORAY,IMO8961444,WDG9292,30,,22,6,,,B
367586320,2022-01-04T16:58:29,38.94879,-74.90644,0.0,29.1,511.0,VICTORAY,IMO8961444,WDG9292,30,,22,6,,,B
367586320,2022-01-04T16:13:28,38.94880,-74.90644,0.0,29.1,511.0,VICTORAY,IMO8961444,WDG9292,30,,22,6,,,B
367586320,2022-01-04T17:10:28,38.94879,-74.90644,0.0,29.1,511.0,VICTORAY,IMO8961444,WDG9292,30,,22,6,,,B
367586320,2022-01-04T15:22:28,38.94878,-74.90645,0.0,29.1,511.0,VICTORAY,IMO8961444,WDG9292,30,,22,6,,,B
367586320,2022-01-04T15:25:28,38.94878,-74.90645,0.0,29.1,511.0,VICTORAY,IMO8961444,WDG9292,30,,22,6,,,B
367586320,2022-01-04T17:31:28,38.94879,-74.90644,0.0,29.1,511.0,VICTORAY,IMO8961444,WDG9292,30,,22,6,,,B
367586320,2022-01-04T17:34:29,38.94879,-74.90644,0.0,29.1,511.0,VICTORAY,IMO8961444,WDG9292,30,,22,6,,,B
367586320,2022-01-04T15:34:29,38.94878,-74.90645,0.0,29.1,511.0,VICTORAY,IMO8961444,WDG9292,30,,22,6,,,B
367586320,2022-01-04T17:01:28,38.94879,-74.90644,0.0,29.1,511.0,VICTORAY,IMO8961444,WDG9292,30,,22,6,,,B
367586320,2022-01-04T17:25:29,38.94879,-74.90644,0.0,29.1,511.0,VICTORAY,IMO8961444,WDG9292,30,,22,6,,,B
367586320,2022-01-04T17:16:29,38.94879,-74.90644,0.0,29.1,511.0,VICTORAY,IMO8961444,WDG9292,30,,22,6,,,B
367586320,2022-01-04T17:13:29,38.94879,-74.90644,0.0,29.1,511.0,VICTORAY,IMO8961444,WDG9292,30,,22,6,,,B
367586320,2022-01-04T15:40:29,38.94879,-74.90645,0.0,29.1,511.0,VICTORAY,IMO8961444,WDG9292,30,,22,6,,,B
367586320,2022-01-04T17:28:29,38.94879,-74.90644,0.0,29.1,511.0,VICTORAY,IMO8961444,WDG9292,30,,22,6,,,B
367586320,2022-01-04T15:49:28,38.94879,-74.90644,0.0,29.1,511.0,VICTORAY,IMO8961444,WDG9292,30,,22,6,,,B
367586320,2022-01-04T16:52:29,38.94879,-74.90644,0.0,29.1,511.0,VICTORAY,IMO8961444,WDG9292,30,,22,6,,,B
367586320,2022-01-04T17:55:28,38.94878,-74.90644,0.0,29.1,511.0,VICTORAY,IMO8961444,WDG9292,30,,22,6,,,B
367586320,2022-01-04T18:31:29,38.94878,-74.90643,0.0,29.1,511.0,VICTORAY,IMO8961444,WDG9292,30,,22,6,,,B
367586320,2022-01-04T16:16:29,38.94880,-74.90644,0.0,29.1,511.0,VICTORAY,IMO8961444,WDG9292,30,,22,6,,,B
367586320,2022-01-04T17:58:29,38.94878,-74.90644,0.0,29.1,511.0,VICTORAY,IMO8961444,WDG9292,30,,22,6,,,B
367586320,2022-01-04T16:25:28,38.94880,-74.90644,0.0,29.1,511.0,VICTORAY,IMO8961444,WDG9292,30,,22,6,,,B
367586320,2022-01-04T13:19:29,38.94877,-74.90643,0.0,29.1,511.0,VICTORAY,IMO8961444,WDG9292,30,,22,6,,,B
367586320,2022-01-04T18:01:29,38.94878,-74.90644,0.0,29.1,511.0,VICTORAY,IMO8961444,WDG9292,30,,22,6,,,B
367586320,2022-01-04T18:34:29,38.94878,-74.90643,0.0,29.1,511.0,VICTORAY,IMO8961444,WDG9292,30,,22,6,,,B
367586320,2022-01-04T18:37:28,38.94878,-74.90643,0.0,29.1,511.0,VICTORAY,IMO8961444,WDG9292,30,,22,6,,,B
367586320,2022-01-04T18:07:28,38.94878,-74.90644,0.0,29.1,511.0,VICTORAY,IMO8961444,WDG9292,30,,22,6,,,B
367586320,2022-01-04T17:37:29,38.94878,-74.90644,0.0,29.1,511.0,VICTORAY,IMO8961444,WDG9292,30,,22,6,,,B
367586320,2022-01-04T18:13:28,38.94878,-74.90644,0.0,29.1,511.0,VICTORAY,IMO8961444,WDG9292,30,,22,6,,,B
367586320,2022-01-04T18:16:29,38.94878,-74.90643,0.0,29.1,511.0,VICTORAY,IMO8961444,WDG9292,30,,22,6,,,B
367586320,2022-01-04T16:40:29,38.94879,-74.90644,0.0,29.1,511.0,VICTORAY,IMO8961444,WDG9292,30,,22,6,,,B
367586320,2022-01-04T18:19:29,38.94878,-74.90644,0.0,29.1,511.0,VICTORAY,IMO8961444,WDG9292,30,,22,6,,,B
367586320,2022-01-04T18:22:29,38.94878,-74.90644,0.0,29.1,511.0,VICTORAY,IMO8961444,WDG9292,30,,22,6,,,B
367586320,2022-01-04T19:10:28,38.94878,-74.90642,0.0,29.1,511.0,VICTORAY,IMO8961444,WDG9292,30,,22,6,,,B
367586320,2022-01-04T19:01:29,38.94878,-74.90642,0.0,29.1,511.0,VICTORAY,IMO8961444,WDG9292,30,,22,6,,,B
367586320,2022-01-04T17:52:28,38.94878,-74.90644,0.0,29.1,511.0,VICTORAY,IMO8961444,WDG9292,30,,22,6,,,B
367586320,2022-01-04T16:55:29,38.94879,-74.90644,0.0,29.1,511.0,VICTORAY,IMO8961444,WDG9292,30,,22,6,,,B
367586320,2022-01-04T18:40:28,38.94878,-74.90643,0.0,29.1,511.0,VICTORAY,IMO8961444,WDG9292,30,,22,6,,,B
367586320,2022-01-04T13:58:29,38.94878,-74.90644,0.0,29.1,511.0,VICTORAY,IMO8961444,WDG9292,30,,22,6,,,B
367586320,2022-01-04T18:49:28,38.94878,-74.90642,0.0,29.1,511.0,VICTORAY,IMO8961444,WDG9292,30,,22,6,,,B
367586320,2022-01-04T17:07:29,38.94879,-74.90644,0.0,29.1,511.0,VICTORAY,IMO8961444,WDG9292,30,,22,6,,,B
367586320,2022-01-04T19:22:29,38.94878,-74.90643,0.0,29.1,511.0,VICTORAY,IMO8961444,WDG9292,30,,22,6,,,B
367586320,2022-01-04T18:58:28,38.94878,-74.90642,0.0,29.1,511.0,VICTORAY,IMO8961444,WDG9292,30,,22,6,,,B
367586320,2022-01-04T18:28:29,38.94878,-74.90644,0.0,29.1,511.0,VICTORAY,IMO8961444,WDG9292,30,,22,6,,,B
367586320,2022-01-04T19:16:29,38.94878,-74.90643,0.0,29.1,511.0,VICTORAY,IMO8961444,WDG9292,30,,22,6,,,B
367586320,2022-01-04T20:01:29,38.94879,-74.90645,0.0,29.1,511.0,VICTORAY,IMO8961444,WDG9292,30,,22,6,,,B
367586320,2022-01-04T19:25:28,38.94878,-74.90643,0.0,29.1,511.0,VICTORAY,IMO8961444,WDG9292,30,,22,6,,,B
367586320,2022-01-04T18:43:28,38.94878,-74.90643,0.0,29.1,511.0,VICTORAY,IMO8961444,WDG9292,30,,22,6,,,B
367586320,2022-01-04T18:52:28,38.94878,-74.90642,0.0,29.1,511.0,VICTORAY,IMO8961444,WDG9292,30,,22,6,,,B
367586320,2022-01-04T19:37:28,38.94878,-74.90642,0.0,29.1,511.0,VICTORAY,IMO8961444,WDG9292,30,,22,6,,,B
367586320,2022-01-04T17:40:28,38.94878,-74.90644,0.0,29.1,511.0,VICTORAY,IMO8961444,WDG9292,30,,22,6,,,B
367586320,2022-01-04T14:46:29,38.94877,-74.90645,0.0,29.1,511.0,VICTORAY,IMO8961444,WDG9292,30,,22,6,,,B
367586320,2022-01-04T20:16:28,38.94879,-74.90644,0.0,29.1,511.0,VICTORAY,IMO8961444,WDG9292,30,,22,6,,,B
367586320,2022-01-04T17:46:29,38.94878,-74.90644,0.0,29.1,511.0,VICTORAY,IMO8961444,WDG9292,30,,22,6,,,B
367586320,2022-01-04T20:25:29,38.94879,-74.90645,0.0,29.1,511.0,VICTORAY,IMO8961444,WDG9292,30,,22,6,,,B
367586320,2022-01-04T19:58:29,38.94878,-74.90644,0.0,29.1,511.0,VICTORAY,IMO8961444,WDG9292,30,,22,6,,,B
367586320,2022-01-04T15:07:29,38.94877,-74.90645,0.0,29.1,511.0,VICTORAY,IMO8961444,WDG9292,30,,22,6,,,B
367586320,2022-01-04T20:40:29,38.94880,-74.90645,0.0,29.1,511.0,VICTORAY,IMO8961444,WDG9292,30,,22,6,,,B
367586320,2022-01-04T18:10:29,38.94878,-74.90644,0.0,29.1,511.0,VICTORAY,IMO8961444,WDG9292,30,,22,6,,,B
367586320,2022-01-04T20:13:28,38.94879,-74.90644,0.0,29.1,511.0,VICTORAY,IMO8961444,WDG9292,30,,22,6,,,B
367586320,2022-01-04T20:07:29,38.94879,-74.90644,0.0,29.1,511.0,VICTORAY,IMO8961444,WDG9292,30,,22,6,,,B
367586320,2022-01-04T20:46:28,38.94880,-74.90645,0.0,29.1,511.0,VICTORAY,IMO8961444,WDG9292,30,,22,6,,,B
367586320,2022-01-04T20:10:28,38.94879,-74.90644,0.0,29.1,511.0,VICTORAY,IMO8961444,WDG9292,30,,22,6,,,B
367586320,2022-01-04T20:22:29,38.94879,-74.90644,0.0,29.1,511.0,VICTORAY,IMO8961444,WDG9292,30,,22,6,,,B
367586320,2022-01-04T18:25:29,38.94878,-74.90644,0.0,29.1,511.0,VICTORAY,IMO8961444,WDG9292,30,,22,6,,,B
367586320,2022-01-04T21:13:28,38.94881,-74.90644,0.0,29.1,511.0,VICTORAY,IMO8961444,WDG9292,30,,22,6,,,B
367586320,2022-01-04T21:16:29,38.94880,-74.90644,0.0,29.1,511.0,VICTORAY,IMO8961444,WDG9292,30,,22,6,,,B
367586320,2022-01-04T20:28:29,38.94879,-74.90645,0.0,29.1,511.0,VICTORAY,IMO8961444,WDG9292,30,,22,6,,,B
367586320,2022-01-04T20:31:29,38.94880,-74.90645,0.0,29.1,511.0,VICTORAY,IMO8961444,WDG9292,30,,22,6,,,B
367586320,2022-01-04T20:34:29,38.94880,-74.90645,0.0,29.1,511.0,VICTORAY,IMO8961444,WDG9292,30,,22,6,,,B
367586320,2022-01-04T19:49:29,38.94878,-74.90643,0.0,29.1,511.0,VICTORAY,IMO8961444,WDG9292,30,,22,6,,,B
367586320,2022-01-04T20:43:29,38.94880,-74.90645,0.0,29.1,511.0,VICTORAY,IMO8961444,WDG9292,30,,22,6,,,B
367586320,2022-01-04T21:28:28,38.94880,-74.90644,0.0,29.1,511.0,VICTORAY,IMO8961444,WDG9292,30,,22,6,,,B
367586320,2022-01-04T21:22:28,38.94880,-74.90644,0.0,29.1,511.0,VICTORAY,IMO8961444,WDG9292,30,,22,6,,,B
367586320,2022-01-04T20:49:29,38.94880,-74.90644,0.0,29.1,511.0,VICTORAY,IMO8961444,WDG9292,30,,22,6,,,B
367586320,2022-01-04T20:52:28,38.94880,-74.90644,0.0,29.1,511.0,VICTORAY,IMO8961444,WDG9292,30,,22,6,,,B
367586320,2022-01-04T20:55:29,38.94880,-74.90644,0.0,29.1,511.0,VICTORAY,IMO8961444,WDG9292,30,,22,6,,,B
367586320,2022-01-04T18:55:28,38.94878,-74.90642,0.0,29.1,511.0,VICTORAY,IMO8961444,WDG9292,30,,22,6,,,B
367586320,2022-01-04T21:46:28,38.94879,-74.90644,0.0,29.1,511.0,VICTORAY,IMO8961444,WDG9292,30,,22,6,,,B
367586320,2022-01-04T15:52:29,38.94879,-74.90644,0.0,29.1,511.0,VICTORAY,IMO8961444,WDG9292,30,,22,6,,,B
367586320,2022-01-04T21:01:28,38.94881,-74.90644,0.0,29.1,511.0,VICTORAY,IMO8961444,WDG9292,30,,22,6,,,B
367586320,2022-01-04T20:19:29,38.94879,-74.90644,0.0,29.1,511.0,VICTORAY,IMO8961444,WDG9292,30,,22,6,,,B
367586320,2022-01-04T16:01:29,38.94880,-74.90644,0.0,29.1,511.0,VICTORAY,IMO8961444,WDG9292,30,,22,6,,,B
367586320,2022-01-04T21:19:29,38.94880,-74.90644,0.0,29.1,511.0,VICTORAY,IMO8961444,WDG9292,30,,22,6,,,B
367586320,2022-01-04T21:10:29,38.94881,-74.90644,0.0,29.1,511.0,VICTORAY,IMO8961444,WDG9292,30,,22,6,,,B
367586320,2022-01-04T16:04:28,38.94880,-74.90644,0.0,29.1,511.0,VICTORAY,IMO8961444,WDG9292,30,,22,6,,,B
367586320,2022-01-04T21:58:29,38.94879,-74.90643,0.0,29.1,511.0,VICTORAY,IMO8961444,WDG9292,30,,22,6,,,B
367586320,2022-01-04T19:04:29,38.94878,-74.90642,0.0,29.1,511.0,VICTORAY,IMO8961444,WDG9292,30,,22,6,,,B
367586320,2022-01-04T19:07:28,38.94878,-74.90642,0.0,29.1,511.0,VICTORAY,IMO8961444,WDG9292,30,,22,6,,,B
367586320,2022-01-04T21:25:29,38.94880,-74.90644,0.0,29.1,511.0,VICTORAY,IMO8961444,WDG9292,30,,22,6,,,B
367586320,2022-01-04T22:13:29,38.94880,-74.90643,0.0,29.1,511.0,VICTORAY,IMO8961444,WDG9292,30,,22,6,,,B
367586320,2022-01-04T19:19:29,38.94878,-74.90643,0.0,29.1,511.0,VICTORAY,IMO8961444,WDG9292,30,,22,6,,,B
367586320,2022-01-04T21:40:29,38.94880,-74.90644,0.0,29.1,511.0,VICTORAY,IMO8961444,WDG9292,30,,22,6,,,B
367586320,2022-01-04T21:31:29,38.94880,-74.90644,0.0,29.1,511.0,VICTORAY,IMO8961444,WDG9292,30,,22,6,,,B
367586320,2022-01-04T19:28:29,38.94878,-74.90643,0.0,29.1,511.0,VICTORAY,IMO8961444,WDG9292,30,,22,6,,,B
367586320,2022-01-04T21:43:28,38.94879,-74.90644,0.0,29.1,511.0,VICTORAY,IMO8961444,WDG9292,30,,22,6,,,B
367586320,2022-01-04T19:34:28,38.94878,-74.90642,0.0,29.1,511.0,VICTORAY,IMO8961444,WDG9292,30,,22,6,,,B
367586320,2022-01-04T21:52:29,38.94879,-74.90644,0.0,29.1,511.0,VICTORAY,IMO8961444,WDG9292,30,,22,6,,,B
367586320,2022-01-04T22:10:29,38.94879,-74.90643,0.0,29.1,511.0,VICTORAY,IMO8961444,WDG9292,30,,22,6,,,B
367586320,2022-01-04T19:40:28,38.94878,-74.90642,0.0,29.1,511.0,VICTORAY,IMO8961444,WDG9292,30,,22,6,,,B
367586320,2022-01-04T16:43:28,38.94879,-74.90644,0.0,29.1,511.0,VICTORAY,IMO8961444,WDG9292,30,,22,6,,,B
367586320,2022-01-04T16:46:29,38.94879,-74.90644,0.0,29.1,511.0,VICTORAY,IMO8961444,WDG9292,30,,22,6,,,B
367586320,2022-01-04T19:46:29,38.94878,-74.90642,0.0,29.1,511.0,VICTORAY,IMO8961444,WDG9292,30,,22,6,,,B
367586320,2022-01-04T19:55:28,38.94878,-74.90644,0.0,29.1,511.0,VICTORAY,IMO8961444,WDG9292,30,,22,6,,,B
367586320,2022-01-04T21:34:28,38.94880,-74.90644,0.0,29.1,511.0,VICTORAY,IMO8961444,WDG9292,30,,22,6,,,B
367586320,2022-01-04T20:04:29,38.94879,-74.90644,0.0,29.1,511.0,VICTORAY,IMO8961444,WDG9292,30,,22,6,,,B
367586320,2022-01-04T21:49:28,38.94879,-74.90644,0.0,29.1,511.0,VICTORAY,IMO8961444,WDG9292,30,,22,6,,,B
367586320,2022-01-04T21:55:29,38.94879,-74.90644,0.0,29.1,511.0,VICTORAY,IMO8961444,WDG9292,30,,22,6,,,B
367586320,2022-01-04T17:22:29,38.94879,-74.90644,0.0,29.1,511.0,VICTORAY,IMO8961444,WDG9292,30,,22,6,,,B
367586320,2022-01-04T20:37:28,38.94880,-74.90645,0.0,29.1,511.0,VICTORAY,IMO8961444,WDG9292,30,,22,6,,,B
367586320,2022-01-04T21:07:29,38.94881,-74.90645,0.0,29.1,511.0,VICTORAY,IMO8961444,WDG9292,30,,22,6,,,B
367586320,2022-01-04T21:37:29,38.94880,-74.90644,0.0,29.1,511.0,VICTORAY,IMO8961444,WDG9292,30,,22,6,,,B
367586320,2022-01-04T18:46:28,38.94878,-74.90643,0.0,29.1,511.0,VICTORAY,IMO8961444,WDG9292,30,,22,6,,,B
367586320,2022-01-04T19:13:29,38.94878,-74.90643,0.0,29.1,511.0,VICTORAY,IMO8961444,WDG9292,30,,22,6,,,B
367586320,2022-01-04T19:31:29,38.94878,-74.90643,0.0,29.1,511.0,VICTORAY,IMO8961444,WDG9292,30,,22,6,,,B
367586320,2022-01-04T19:43:28,38.94878,-74.90642,0.0,29.1,511.0,VICTORAY,IMO8961444,WDG9292,30,,22,6,,,B
367586320,2022-01-04T19:52:29,38.94878,-74.90643,0.0,29.1,511.0,VICTORAY,IMO8961444,WDG9292,30,,22,6,,,B
367586320,2022-01-04T20:58:29,38.94880,-74.90644,0.0,29.1,511.0,VICTORAY,IMO8961444,WDG9292,30,,22,6,,,B
367586320,2022-01-05T10:07:28,38.94878,-74.90644,0.0,29.1,511.0,VICTORAY,IMO8961444,WDG9292,30,,22,6,,,B
367586320,2022-01-05T13:55:29,38.94879,-74.90645,0.0,29.1,511.0,VICTORAY,IMO8961444,WDG9292,30,,22,6,,,B
367586320,2022-01-05T14:37:29,38.94878,-74.90646,0.0,29.1,511.0,VICTORAY,IMO8961444,WDG9292,30,,22,6,,,B
367586320,2022-01-05T16:55:29,38.94879,-74.90644,0.0,29.1,511.0,VICTORAY,IMO8961444,WDG9292,30,,22,6,,,B
367586320,2022-01-05T18:46:29,38.94878,-74.90642,0.0,29.1,511.0,VICTORAY,IMO8961444,WDG9292,30,,22,6,,,B
367586320,2022-01-05T13:13:28,38.94878,-74.90643,0.0,29.1,511.0,VICTORAY,IMO8961444,WDG9292,30,,22,6,,,B
367586320,2022-01-05T13:31:28,38.94878,-74.90644,0.0,29.1,511.0,VICTORAY,IMO8961444,WDG9292,30,,22,6,,,B
367586320,2022-01-05T22:37:29,38.94879,-74.90645,0.0,29.1,511.0,VICTORAY,IMO8961444,WDG9292,30,,22,6,,,B
367586320,2022-01-06T00:13:29,38.94878,-74.90648,0.0,29.1,511.0,VICTORAY,IMO8961444,WDG9292,30,,22,6,,,B
367586320,2022-01-06T00:25:29,38.94879,-74.90647,0.0,29.1,511.0,VICTORAY,IMO8961444,WDG9292,30,,22,6,,,B
367586320,2022-01-06T17:10:29,38.94880,-74.90644,0.0,29.1,511.0,VICTORAY,IMO8961444,WDG9292,30,,22,6,,,B
367586320,2022-01-06T17:25:28,38.94879,-74.90644,0.0,29.1,511.0,VICTORAY,IMO8961444,WDG9292,30,,22,6,,,B
367586320,2022-01-06T17:34:29,38.94879,-74.90644,0.0,29.1,511.0,VICTORAY,IMO8961444,WDG9292,30,,22,6,,,B
367586320,2022-01-06T17:13:29,38.94879,-74.90644,0.0,29.1,511.0,VICTORAY,IMO8961444,WDG9292,30,,22,6,,,B
367586320,2022-01-06T17:16:29,38.94879,-74.90644,0.0,29.1,511.0,VICTORAY,IMO8961444,WDG9292,30,,22,6,,,B
367586320,2022-01-06T17:19:29,38.94879,-74.90644,0.0,29.1,511.0,VICTORAY,IMO8961444,WDG9292,30,,22,6,,,B
367586320,2022-01-06T17:22:29,38.94879,-74.90644,0.0,29.1,511.0,VICTORAY,IMO8961444,WDG9292,30,,22,6,,,B
367586320,2022-01-06T18:01:29,38.94879,-74.90643,0.0,29.1,511.0,VICTORAY,IMO8961444,WDG9292,30,,22,6,,,B
367586320,2022-01-06T17:37:29,38.94879,-74.90643,0.0,29.1,511.0,VICTORAY,IMO8961444,WDG9292,30,,22,6,,,B
367586320,2022-01-06T18:13:30,38.94879,-74.90643,0.0,29.1,511.0,VICTORAY,IMO8961444,WDG9292,30,,22,6,,,B
367586320,2022-01-06T17:46:29,38.94879,-74.90644,0.0,29.1,511.0,VICTORAY,IMO8961444,WDG9292,30,,22,6,,,B
367586320,2022-01-06T17:04:29,38.94880,-74.90644,0.0,29.1,511.0,VICTORAY,IMO8961444,WDG9292,30,,22,6,,,B
367586320,2022-01-06T17:07:29,38.94880,-74.90644,0.0,29.1,511.0,VICTORAY,IMO8961444,WDG9292,30,,22,6,,,B
367586320,2022-01-06T18:22:29,38.94879,-74.90644,0.0,29.1,511.0,VICTORAY,IMO8961444,WDG9292,30,,22,6,,,B
367586320,2022-01-06T18:25:29,38.94879,-74.90644,0.0,29.1,511.0,VICTORAY,IMO8961444,WDG9292,30,,22,6,,,B
367586320,2022-01-06T18:07:29,38.94879,-74.90643,0.0,29.1,511.0,VICTORAY,IMO8961444,WDG9292,30,,22,6,,,B
367586320,2022-01-06T18:37:29,38.94879,-74.90643,0.0,29.1,511.0,VICTORAY,IMO8961444,WDG9292,30,,22,6,,,B
367586320,2022-01-06T17:28:29,38.94879,-74.90644,0.0,29.1,511.0,VICTORAY,IMO8961444,WDG9292,30,,22,6,,,B
367586320,2022-01-06T18:46:29,38.94879,-74.90643,0.0,29.1,511.0,VICTORAY,IMO8961444,WDG9292,30,,22,6,,,B
367586320,2022-01-06T18:52:28,38.94878,-74.90643,0.0,29.1,511.0,VICTORAY,IMO8961444,WDG9292,30,,22,6,,,B
367586320,2022-01-06T17:40:29,38.94879,-74.90643,0.0,29.1,511.0,VICTORAY,IMO8961444,WDG9292,30,,22,6,,,B
367586320,2022-01-06T18:28:29,38.94879,-74.90643,0.0,29.1,511.0,VICTORAY,IMO8961444,WDG9292,30,,22,6,,,B
367586320,2022-01-06T18:31:29,38.94879,-74.90643,0.0,29.1,511.0,VICTORAY,IMO8961444,WDG9292,30,,22,6,,,B
367586320,2022-01-06T19:10:29,38.94878,-74.90643,0.0,29.1,511.0,VICTORAY,IMO8961444,WDG9292,30,,22,6,,,B
367586320,2022-01-06T19:01:29,38.94878,-74.90643,0.0,29.1,511.0,VICTORAY,IMO8961444,WDG9292,30,,22,6,,,B
367586320,2022-01-06T17:49:28,38.94879,-74.90644,0.0,29.1,511.0,VICTORAY,IMO8961444,WDG9292,30,,22,6,,,B
367586320,2022-01-06T17:52:29,38.94879,-74.90643,0.0,29.1,511.0,VICTORAY,IMO8961444,WDG9292,30,,22,6,,,B
367586320,2022-01-06T18:43:29,38.94879,-74.90643,0.0,29.1,511.0,VICTORAY,IMO8961444,WDG9292,30,,22,6,,,B
367586320,2022-01-06T19:22:29,38.94879,-74.90643,0.0,29.1,511.0,VICTORAY,IMO8961444,WDG9292,30,,22,6,,,B
367586320,2022-01-06T17:58:29,38.94879,-74.90643,0.0,29.1,511.0,VICTORAY,IMO8961444,WDG9292,30,,22,6,,,B
367586320,2022-01-06T19:34:29,38.94878,-74.90643,0.0,29.1,511.0,VICTORAY,IMO8961444,WDG9292,30,,22,6,,,B
367586320,2022-01-06T19:07:29,38.94878,-74.90643,0.0,29.1,511.0,VICTORAY,IMO8961444,WDG9292,30,,22,6,,,B
367586320,2022-01-06T18:58:29,38.94878,-74.90643,0.0,29.1,511.0,VICTORAY,IMO8961444,WDG9292,30,,22,6,,,B
367586320,2022-01-06T18:19:29,38.94879,-74.90644,0.0,29.1,511.0,VICTORAY,IMO8961444,WDG9292,30,,22,6,,,B
367586320,2022-01-06T19:43:28,38.94878,-74.90644,0.0,29.1,511.0,VICTORAY,IMO8961444,WDG9292,30,,22,6,,,B
367586320,2022-01-06T19:46:28,38.94878,-74.90644,0.0,29.1,511.0,VICTORAY,IMO8961444,WDG9292,30,,22,6,,,B
367586320,2022-01-06T19:13:29,38.94879,-74.90643,0.0,29.1,511.0,VICTORAY,IMO8961444,WDG9292,30,,22,6,,,B
367586320,2022-01-06T18:40:29,38.94879,-74.90643,0.0,29.1,511.0,VICTORAY,IMO8961444,WDG9292,30,,22,6,,,B
367586320,2022-01-06T19:58:29,38.94878,-74.90644,0.0,29.1,511.0,VICTORAY,IMO8961444,WDG9292,30,,22,6,,,B
367586320,2022-01-06T20:16:29,38.94879,-74.90643,0.0,29.1,511.0,VICTORAY,IMO8961444,WDG9292,30,,22,6,,,B
367586320,2022-01-06T20:22:29,38.94879,-74.90643,0.0,29.1,511.0,VICTORAY,IMO8961444,WDG9292,30,,22,6,,,B
367586320,2022-01-06T19:55:29,38.94878,-74.90644,0.0,29.1,511.0,VICTORAY,IMO8961444,WDG9292,30,,22,6,,,B
367586320,2022-01-06T20:28:29,38.94879,-74.90643,0.0,29.1,511.0,VICTORAY,IMO8961444,WDG9292,30,,22,6,,,B
367586320,2022-01-06T19:52:29,38.94878,-74.90644,0.0,29.1,511.0,VICTORAY,IMO8961444,WDG9292,30,,22,6,,,B
367586320,2022-01-06T20:25:29,38.94879,-74.90643,0.0,29.1,511.0,VICTORAY,IMO8961444,WDG9292,30,,22,6,,,B
367586320,2022-01-06T19:16:29,38.94879,-74.90643,0.0,29.1,511.0,VICTORAY,IMO8961444,WDG9292,30,,22,6,,,B
367586320,2022-01-06T20:10:28,38.94879,-74.90644,0.0,29.1,511.0,VICTORAY,IMO8961444,WDG9292,30,,22,6,,,B
367586320,2022-01-06T20:46:29,38.94880,-74.90644,0.0,29.1,511.0,VICTORAY,IMO8961444,WDG9292,30,,22,6,,,B
367586320,2022-01-06T20:07:29,38.94879,-74.90644,0.0,29.1,511.0,VICTORAY,IMO8961444,WDG9292,30,,22,6,,,B
367586320,2022-01-06T20:43:29,38.94879,-74.90643,0.0,29.1,511.0,VICTORAY,IMO8961444,WDG9292,30,,22,6,,,B
367586320,2022-01-06T19:25:29,38.94878,-74.90643,0.0,29.1,511.0,VICTORAY,IMO8961444,WDG9292,30,,22,6,,,B
367586320,2022-01-06T20:13:29,38.94879,-74.90643,0.0,29.1,511.0,VICTORAY,IMO8961444,WDG9292,30,,22,6,,,B
367586320,2022-01-06T19:31:28,38.94878,-74.90642,0.0,29.1,511.0,VICTORAY,IMO8961444,WDG9292,30,,22,6,,,B
367586320,2022-01-06T20:34:29,38.94879,-74.90644,0.0,29.1,511.0,VICTORAY,IMO8961444,WDG9292,30,,22,6,,,B
367586320,2022-01-06T19:40:29,38.94878,-74.90643,0.0,29.1,511.0,VICTORAY,IMO8961444,WDG9292,30,,22,6,,,B
367586320,2022-01-06T20:31:29,38.94879,-74.90643,0.0,29.1,511.0,VICTORAY,IMO8961444,WDG9292,30,,22,6,,,B
367586320,2022-01-06T20:40:29,38.94879,-74.90644,0.0,29.1,511.0,VICTORAY,IMO8961444,WDG9292,30,,22,6,,,B
367586320,2022-01-06T21:28:28,38.94879,-74.90644,0.0,29.1,511.0,VICTORAY,IMO8961444,WDG9292,30,,22,6,,,B
367586320,2022-01-06T20:58:28,38.94880,-74.90644,0.0,29.1,511.0,VICTORAY,IMO8961444,WDG9292,30,,22,6,,,B
367586320,2022-01-06T21:07:29,38.94880,-74.90644,0.0,29.1,511.0,VICTORAY,IMO8961444,WDG9292,30,,22,6,,,B
367586320,2022-01-06T21:01:28,38.94880,-74.90644,0.0,29.1,511.0,VICTORAY,IMO8961444,WDG9292,30,,22,6,,,B
367586320,2022-01-06T21:10:29,38.94880,-74.90644,0.0,29.1,511.0,VICTORAY,IMO8961444,WDG9292,30,,22,6,,,B
367586320,2022-01-06T21:19:29,38.94879,-74.90644,0.0,29.1,511.0,VICTORAY,IMO8961444,WDG9292,30,,22,6,,,B
367586320,2022-01-06T21:13:29,38.94879,-74.90644,0.0,29.1,511.0,VICTORAY,IMO8961444,WDG9292,30,,22,6,,,B
367586320,2022-01-06T21:16:29,38.94879,-74.90644,0.0,29.1,511.0,VICTORAY,IMO8961444,WDG9292,30,,22,6,,,B
367586320,2022-01-06T21:58:29,38.94879,-74.90643,0.0,29.1,511.0,VICTORAY,IMO8961444,WDG9292,30,,22,6,,,B
367586320,2022-01-06T21:49:28,38.94879,-74.90643,0.0,29.1,511.0,VICTORAY,IMO8961444,WDG9292,30,,22,6,,,B
367586320,2022-01-06T17:31:29,38.94879,-74.90644,0.0,29.1,511.0,VICTORAY,IMO8961444,WDG9292,30,,22,6,,,B
367586320,2022-01-06T21:22:29,38.94879,-74.90644,0.0,29.1,511.0,VICTORAY,IMO8961444,WDG9292,30,,22,6,,,B
367586320,2022-01-06T21:34:29,38.94879,-74.90644,0.0,29.1,511.0,VICTORAY,IMO8961444,WDG9292,30,,22,6,,,B
367586320,2022-01-06T22:13:29,38.94878,-74.90643,0.0,29.1,511.0,VICTORAY,IMO8961444,WDG9292,30,,22,6,,,B
367586320,2022-01-06T21:43:29,38.94879,-74.90643,0.0,29.1,511.0,VICTORAY,IMO8961444,WDG9292,30,,22,6,,,B
367586320,2022-01-06T21:37:29,38.94879,-74.90644,0.0,29.1,511.0,VICTORAY,IMO8961444,WDG9292,30,,22,6,,,B
367586320,2022-01-06T17:55:29,38.94879,-74.90643,0.0,29.1,511.0,VICTORAY,IMO8961444,WDG9292,30,,22,6,,,B
367586320,2022-01-06T20:52:29,38.94880,-74.90643,0.0,29.1,511.0,VICTORAY,IMO8961444,WDG9292,30,,22,6,,,B
367586320,2022-01-06T20:55:28,38.94880,-74.90644,0.0,29.1,511.0,VICTORAY,IMO8961444,WDG9292,30,,22,6,,,B
367586320,2022-01-06T21:55:29,38.94879,-74.90643,0.0,29.1,511.0,VICTORAY,IMO8961444,WDG9292,30,,22,6,,,B
367586320,2022-01-06T18:04:29,38.94879,-74.90643,0.0,29.1,511.0,VICTORAY,IMO8961444,WDG9292,30,,22,6,,,B
367586320,2022-01-06T18:10:29,38.94879,-74.90643,0.0,29.1,511.0,VICTORAY,IMO8961444,WDG9292,30,,22,6,,,B
367586320,2022-01-06T18:34:29,38.94879,-74.90643,0.0,29.1,511.0,VICTORAY,IMO8961444,WDG9292,30,,22,6,,,B
367586320,2022-01-06T22:31:29,38.94878,-74.90644,0.0,29.1,511.0,VICTORAY,IMO8961444,WDG9292,30,,22,6,,,B
367586320,2022-01-06T17:43:28,38.94879,-74.90643,0.0,29.1,511.0,VICTORAY,IMO8961444,WDG9292,30,,22,6,,,B
367586320,2022-01-06T21:46:29,38.94879,-74.90644,0.0,29.1,511.0,VICTORAY,IMO8961444,WDG9292,30,,22,6,,,B
367586320,2022-01-06T18:49:29,38.94879,-74.90643,0.0,29.1,511.0,VICTORAY,IMO8961444,WDG9292,30,,22,6,,,B
367586320,2022-01-06T22:07:29,38.94878,-74.90643,0.0,29.1,511.0,VICTORAY,IMO8961444,WDG9292,30,,22,6,,,B
367586320,2022-01-06T19:19:29,38.94879,-74.90643,0.0,29.1,511.0,VICTORAY,IMO8961444,WDG9292,30,,22,6,,,B
367586320,2022-01-06T19:37:29,38.94878,-74.90643,0.0,29.1,511.0,VICTORAY,IMO8961444,WDG9292,30,,22,6,,,B
367586320,2022-01-06T20:01:29,38.94878,-74.90644,0.0,29.1,511.0,VICTORAY,IMO8961444,WDG9292,30,,22,6,,,B
367586320,2022-01-06T19:04:29,38.94879,-74.90642,0.0,29.1,511.0,VICTORAY,IMO8961444,WDG9292,30,,22,6,,,B
367586320,2022-01-06T20:19:29,38.94879,-74.90643,0.0,29.1,511.0,VICTORAY,IMO8961444,WDG9292,30,,22,6,,,B
367586320,2022-01-06T19:28:29,38.94878,-74.90643,0.0,29.1,511.0,VICTORAY,IMO8961444,WDG9292,30,,22,6,,,B
367586320,2022-01-06T19:49:28,38.94878,-74.90644,0.0,29.1,511.0,VICTORAY,IMO8961444,WDG9292,30,,22,6,,,B
367586320,2022-01-06T20:04:29,38.94879,-74.90644,0.0,29.1,511.0,VICTORAY,IMO8961444,WDG9292,30,,22,6,,,B
367586320,2022-01-06T20:37:29,38.94879,-74.90644,0.0,29.1,511.0,VICTORAY,IMO8961444,WDG9292,30,,22,6,,,B
367586320,2022-01-06T20:49:28,38.94880,-74.90644,0.0,29.1,511.0,VICTORAY,IMO8961444,WDG9292,30,,22,6,,,B
367586320,2022-01-06T21:31:29,38.94879,-74.90644,0.0,29.1,511.0,VICTORAY,IMO8961444,WDG9292,30,,22,6,,,B
367586320,2022-01-06T22:16:29,38.94878,-74.90644,0.0,29.1,511.0,VICTORAY,IMO8961444,WDG9292,30,,22,6,,,B
367586320,2022-01-06T21:52:29,38.94879,-74.90644,0.0,29.1,511.0,VICTORAY,IMO8961444,WDG9292,30,,22,6,,,B
367586320,2022-01-06T22:04:29,38.94878,-74.90643,0.0,29.1,511.0,VICTORAY,IMO8961444,WDG9292,30,,22,6,,,B
367586320,2022-01-06T22:10:29,38.94878,-74.90643,0.0,29.1,511.0,VICTORAY,IMO8961444,WDG9292,30,,22,6,,,B
367586320,2022-01-06T22:34:29,38.94878,-74.90644,0.0,29.1,511.0,VICTORAY,IMO8961444,WDG9292,30,,22,6,,,B
