367602770,2022-01-04T16:20:43,37.83360,-87.60235,0.0,360.0,511.0,NEW BLAINE,,WDH2945,31,0,14,,,31,A
367602770,2022-01-04T16:11:44,37.83360,-87.60236,0.0,360.0,511.0,NEW BLAINE,,WDH2945,31,0,14,,,31,A
367602770,2022-01-04T16:34:25,37.83362,-87.60234,0.0,360.0,511.0,NEW BLAINE,,WDH2945,31,0,14,,,31,A
367602770,2022-01-04T16:28:44,37.83362,-87.60234,0.0,360.0,511.0,NEW BLAINE,,WDH2945,31,0,14,,,31,A
367602770,2022-01-04T16:17:43,37.83361,-87.60233,0.0,360.0,511.0,NEW BLAINE,,WDH2945,31,0,14,,,31,A
367602770,2022-01-04T16:54:44,37.83361,-87.60234,0.0,360.0,511.0,NEW BLAINE,,WDH2945,31,0,14,,,31,A
367602770,2022-01-04T16:52:44,37.83361,-87.60234,0.0,360.0,511.0,NEW BLAINE,,WDH2945,31,0,14,,,31,A
367602770,2022-01-04T17:02:44,37.83361,-87.60232,0.0,360.0,511.0,NEW BLAINE,,WDH2945,31,0,14,,,31,A
367602770,2022-01-04T16:38:43,37.83362,-87.60235,0.0,360.0,511.0,NEW BLAINE,,WDH2945,31,0,14,,,31,A
367602770,2022-01-04T17:18:43,37.83360,-87.60233,0.0,360.0,511.0,NEW BLAINE,,WDH2945,31,0,14,,,31,A
367602770,2022-01-04T16:44:05,37.83361,-87.60234,0.0,360.0,511.0,NEW BLAINE,,WDH2945,31,0,14,,,31,A
367602770,2022-01-04T16:47:44,37.83361,-87.60234,0.0,360.0,511.0,NEW BLAINE,,WDH2945,31,0,14,,,31,A
367602770,2022-01-04T18:40:43,37.83360,-87.60235,0.0,360.0,511.0,NEW BLAINE,,WDH2945,31,0,14,,,31,A
367602770,2022-01-04T18:00:44,37.83362,-87.60234,0.0,360.0,511.0,NEW BLAINE,,WDH2945,31,0,14,,,31,A
367602770,2022-01-04T18:47:05,37.83361,-87.60234,0.0,360.0,511.0,NEW BLAINE,,WDH2945,31,0,14,,,31,A
367602770,2022-01-04T18:37:43,37.83361,-87.60234,0.0,360.0,511.0,NEW BLAINE,,WDH2945,31,0,14,,,31,A
367602770,2022-01-04T18:13:05,37.83362,-87.60234,0.0,360.0,511.0,NEW BLAINE,,WDH2945,31,0,14,,,31,A
367602770,2022-01-04T18:16:05,37.83362,-87.60236,0.0,360.0,511.0,NEW BLAINE,,WDH2945,31,0,14,,,31,A
367602770,2022-01-04T19:28:44,37.83360,-87.60235,0.0,360.0,511.0,NEW BLAINE,,WDH2945,31,0,14,,,31,A
367602770,2022-01-04T19:16:04,37.83361,-87.60234,0.0,360.0,511.0,NEW BLAINE,,WDH2945,31,0,14,,,31,A
367602770,2022-01-04T19:19:03,37.83361,-87.60235,0.0,360.0,511.0,NEW BLAINE,,WDH2945,31,0,14,,,31,A
367602770,2022-01-04T18:39:05,37.83361,-87.60235,0.0,360.0,511.0,NEW BLAINE,,WDH2945,31,0,14,,,31,A
367602770,2022-01-04T19:31:44,37.83361,-87.60234,0.0,360.0,511.0,NEW BLAINE,,WDH2945,31,0,14,,,31,A
367602770,2022-01-04T19:05:23,37.83360,-87.60234,0.0,360.0,511.0,NEW BLAINE,,WDH2945,31,0,14,,,31,A
367602770,2022-01-04T18:06:44,37.83360,-87.60234,0.0,360.0,511.0,NEW BLAINE,,WDH2945,31,0,14,,,31,A
367602770,2022-01-04T20:18:54,37.83360,-87.60234,0.0,360.0,511.0,NEW BLAINE,,WDH2945,31,0,14,,,31,A
367602770,2022-01-04T18:36:04,37.83361,-87.60234,0.0,360.0,511.0,NEW BLAINE,,WDH2945,31,0,14,,,31,A
367602770,2022-01-04T21:32:44,37.83361,-87.60235,0.0,360.0,511.0,NEW BLAINE,,WDH2945,31,0,14,,,31,A
367602770,2022-01-04T20:00:03,37.83361,-87.60235,0.0,360.0,511.0,NEW BLAINE,,WDH2945,31,0,14,,,31,A
367602770,2022-01-04T21:00:44,37.83361,-87.60234,0.0,360.0,511.0,NEW BLAINE,,WDH2945,31,0,14,,,31,A
367602770,2022-01-04T21:39:44,37.83360,-87.60235,0.0,360.0,511.0,NEW BLAINE,,WDH2945,31,0,14,,,31,A
367602770,2022-01-04T21:42:23,37.83361,-87.60234,0.0,360.0,511.0,NEW BLAINE,,WDH2945,31,0,14,,,31,A
367602770,2022-01-04T21:04:04,37.83362,-87.60234,0.0,360.0,511.0,NEW BLAINE,,WDH2945,31,0,14,,,31,A
367602770,2022-01-04T21:45:04,37.83361,-87.60234,0.0,360.0,511.0,NEW BLAINE,,WDH2945,31,0,14,,,31,A
367602770,2022-01-04T16:46:24,37.83361,-87.60233,0.0,360.0,511.0,NEW BLAINE,,WDH2945,31,0,14,,,31,A
367602770,2022-01-04T22:33:24,37.83361,-87.60235,0.0,360.0,511.0,NEW BLAINE,,WDH2945,31,0,14,,,31,A
367602770,2022-01-04T22:35:24,37.83361,-87.60234,0.0,360.0,511.0,NEW BLAINE,,WDH2945,31,0,14,,,31,A
367602770,2022-01-04T23:32:04,37.83359,-87.60235,0.0,360.0,511.0,NEW BLAINE,,WDH2945,31,0,14,,,31,A
367602770,2022-01-04T22:41:03,37.83360,-87.60235,0.0,360.0,511.0,NEW BLAINE,,WDH2945,31,0,14,,,31,A
367602770,2022-01-04T17:14:24,37.83361,-87.60233,0.0,360.0,511.0,NEW BLAINE,,WDH2945,31,0,14,,,31,A
367602770,2022-01-04T17:17:24,37.83361,-87.60233,0.0,360.0,511.0,NEW BLAINE,,WDH2945,31,0,14,,,31,A
367602770,2022-01-04T23:44:25,37.83359,-87.60234,0.0,360.0,511.0,NEW BLAINE,,WDH2945,31,0,14,,,31,A
367602770,2022-01-04T20:51:23,37.83360,-87.60235,0.0,360.0,511.0,NEW BLAINE,,WDH2945,31,0,14,,,31,A
367602770,2022-01-04T20:53:04,37.83361,-87.60236,0.0,360.0,511.0,NEW BLAINE,,WDH2945,31,0,14,,,31,A
367602770,2022-01-04T19:42:03,37.83360,-87.60234,0.0,360.0,511.0,NEW BLAINE,,WDH2945,31,0,14,,,31,A
367602770,2022-01-04T23:51:04,37.83360,-87.60234,0.0,360.0,511.0,NEW BLAINE,,WDH2945,31,0,14,,,31,A
367602770,2022-01-04T22:30:04,37.83361,-87.60235,0.0,360.0,511.0,NEW BLAINE,,WDH2945,31,0,14,,,31,A
367602770,2022-01-05T00:13:43,37.83360,-87.60234,0.0,360.0,511.0,NEW BLAINE,,WDH2945,31,0,14,,,31,A
367602770,2022-01-05T00:26:23,37.83361,-87.60235,0.0,360.0,511.0,NEW BLAINE,,WDH2945,31,0,14,,,31,A
367602770,2022-01-05T00:31:23,37.83360,-87.60234,0.0,360.0,511.0,NEW BLAINE,,WDH2945,31,0,14,,,31,A
367602770,2022-01-05T01:55:25,37.83362,-87.60233,0.0,360.0,511.0,NEW BLAINE,,WDH2945,31,0,14,,,31,A
367602770,2022-01-05T02:26:24,37.83360,-87.60233,0.0,360.0,511.0,NEW BLAINE,,WDH2945,31,0,14,,,31,A
367602770,2022-01-05T02:23:04,37.83360,-87.60233,0.0,360.0,511.0,NEW BLAINE,,WDH2945,31,0,14,,,31,A
367602770,2022-01-05T02:30:44,37.83360,-87.60234,0.0,360.0,511.0,NEW BLAINE,,WDH2945,31,0,14,,,31,A
367602770,2022-01-05T02:47:05,37.83359,-87.60232,0.0,360.0,511.0,NEW BLAINE,,WDH2945,31,0,14,,,31,A
367602770,2022-01-05T03:12:44,37.83361,-87.60233,0.0,360.0,511.0,NEW BLAINE,,WDH2945,31,0,14,,,31,A
367602770,2022-01-05T03:51:03,37.83360,-87.60232,0.0,360.0,511.0,NEW BLAINE,,WDH2945,31,0,14,,,31,A
367602770,2022-01-05T04:23:24,37.83360,-87.60233,0.0,360.0,511.0,NEW BLAINE,,WDH2945,31,0,14,,,31,A
367602770,2022-01-05T05:17:03,37.83362,-87.60233,0.0,360.0,511.0,NEW BLAINE,,WDH2945,31,0,14,,,31,A
367602770,2022-01-05T06:46:04,37.83360,-87.60236,0.0,360.0,511.0,NEW BLAINE,,WDH2945,31,0,14,,,31,A
367602770,2022-01-05T06:53:04,37.83360,-87.60235,0.0,360.0,511.0,NEW BLAINE,,WDH2945,31,0,14,,,31,A
367602770,2022-01-05T08:38:43,37.83361,-87.60235,0.0,360.0,511.0,NEW BLAINE,,WDH2945,31,0,14,,,31,A
367602770,2022-01-05T12:11:35,37.83361,-87.60235,0.1,360.0,511.0,NEW BLAINE,,WDH2945,31,0,14,,,31,A
367602770,2022-01-05T05:13:25,37.83362,-87.60233,0.0,360.0,511.0,NEW BLAINE,,WDH2945,31,0,14,,,31,A
367602770,2022-01-05T17:33:03,37.83360,-87.60235,0.0,360.0,511.0,NEW BLAINE,,WDH2945,31,0,14,,,31,A
367602770,2022-01-05T17:53:23,37.83360,-87.60234,0.0,360.0,511.0,NEW BLAINE,,WDH2945,31,0,14,,,31,A
367602770,2022-01-05T10:45:04,37.83359,-87.60235,0.0,360.0,511.0,NEW BLAINE,,WDH2945,31,0,14,,,31,A
367602770,2022-01-06T06:45:24,37.83360,-87.60235,0.0,360.0,511.0,NEW BLAINE,,WDH2945,31,0,14,,,31,A
367602770,2022-01-06T08:26:43,37.83359,-87.60235,0.0,360.0,511.0,NEW BLAINE,,WDH2945,31,0,14,,,31,A
367602770,2022-01-06T09:30:04,37.83361,-87.60235,0.1,360.0,511.0,NEW BLAINE,,WDH2945,31,0,14,,,31,A
367602770,2022-01-06T09:25:23,37.83362,-87.60235,0.0,360.0,511.0,NEW BLAINE,,WDH2945,31,0,14,,,31,A
367602770,2022-01-06T09:18:45,37.83361,-87.60234,0.0,360.0,511.0,NEW BLAINE,,WDH2945,31,0,14,,,31,A
367602770,2022-01-06T10:06:04,37.83363,-87.60235,0.0,360.0,511.0,NEW BLAINE,,WDH2945,31,0,14,,,31,A
367602770,2022-01-06T07:41:44,37.83360,-87.60235,0.0,360.0,511.0,NEW BLAINE,,WDH2945,31,0,14,,,31,A
367602770,2022-01-06T10:39:43,37.83361,-87.60235,0.0,360.0,511.0,NEW BLAINE,,WDH2945,31,0,14,,,31,A
367602770,2022-01-06T10:21:23,37.83361,-87.60234,0.0,360.0,511.0,NEW BLAINE,,WDH2945,31,0,14,,,31,A
367602770,2022-01-06T10:57:23,37.83361,-87.60235,0.0,360.0,511.0,NEW BLAINE,,WDH2945,31,0,14,,,31,A
367602770,2022-01-06T10:08:44,37.83363,-87.60234,0.0,360.0,511.0,NEW BLAINE,,WDH2945,31,0,14,,,31,A
367602770,2022-01-06T11:03:44,37.83360,-87.60236,0.0,360.0,511.0,NEW BLAINE,,WDH2945,31,0,14,,,31,A
367602770,2022-01-06T10:23:03,37.83361,-87.60234,0.0,360.0,511.0,NEW BLAINE,,WDH2945,31,0,14,,,31,A
367602770,2022-01-06T08:30:03,37.83359,-87.60235,0.0,360.0,511.0,NEW BLAINE,,WDH2945,31,0,14,,,31,A
367602770,2022-01-06T11:22:24,37.83361,-87.60235,0.0,360.0,511.0,NEW BLAINE,,WDH2945,31,0,14,,,31,A
367602770,2022-01-06T10:32:44,37.83361,-87.60235,0.0,360.0,511.0,NEW BLAINE,,WDH2945,31,0,14,,,31,A
367602770,2022-01-06T08:36:23,37.83361,-87.60234,0.0,360.0,511.0,NEW BLAINE,,WDH2945,31,0,14,,,31,A
367602770,2022-01-06T11:35:05,37.83362,-87.60235,0.0,360.0,511.0,NEW BLAINE,,WDH2945,31,0,14,,,31,A
367602770,2022-01-06T09:02:43,37.83361,-87.60234,0.0,360.0,511.0,NEW BLAINE,,WDH2945,31,0,14,,,31,A
367602770,2022-01-06T11:07:43,37.83360,-87.60235,0.0,360.0,511.0,NEW BLAINE,,WDH2945,31,0,14,,,31,A
367602770,2022-01-06T11:20:43,37.83361,-87.60235,0.0,360.0,511.0,NEW BLAINE,,WDH2945,31,0,14,,,31,A
367602770,2022-01-06T11:46:05,37.83361,-87.60235,0.0,360.0,511.0,NEW BLAINE,,WDH2945,31,0,14,,,31,A
367602770,2022-01-06T08:58:24,37.83361,-87.60234,0.0,360.0,511.0,NEW BLAINE,,WDH2945,31,0,14,,,31,A
367602770,2022-01-06T11:24:24,37.83362,-87.60234,0.0,360.0,511.0,NEW BLAINE,,WDH2945,31,0,14,,,31,A
367602770,2022-01-06T11:25:44,37.83361,-87.60235,0.0,360.0,511.0,NEW BLAINE,,WDH2945,31,0,14,,,31,A
367602770,2022-01-06T09:20:43,37.83361,-87.60234,0.0,360.0,511.0,NEW BLAINE,,WDH2945,31,0,14,,,31,A
367602770,2022-01-06T12:21:44,37.83361,-87.60235,0.0,360.0,511.0,NEW BLAINE,,WDH2945,31,0,14,,,31,A
367602770,2022-01-06T11:55:44,37.83360,-87.60235,0.0,360.0,511.0,NEW BLAINE,,WDH2945,31,0,14,,,31,A
367602770,2022-01-06T09:40:23,37.83362,-87.60235,0.0,360.0,511.0,NEW BLAINE,,WDH2945,31,0,14,,,31,A
367602770,2022-01-06T12:23:05,37.83361,-87.60235,0.0,360.0,511.0,NEW BLAINE,,WDH2945,31,0,14,,,31,A
367602770,2022-01-06T12:35:45,37.83361,-87.60235,0.0,360.0,511.0,NEW BLAINE,,WDH2945,31,0,14,,,31,A
367602770,2022-01-06T13:15:05,37.83361,-87.60234,0.0,360.0,511.0,NEW BLAINE,,WDH2945,31,0,14,,,31,A
367602770,2022-01-06T10:13:44,37.83360,-87.60234,0.0,360.0,511.0,NEW BLAINE,,WDH2945,31,0,14,,,31,A
367602770,2022-01-06T10:18:45,37.83361,-87.60233,0.0,360.0,511.0,NEW BLAINE,,WDH2945,31,0,14,,,31,A
367602770,2022-01-06T12:59:45,37.83362,-87.60235,0.0,360.0,511.0,NEW BLAINE,,WDH2945,31,0,14,,,31,A
367602770,2022-01-06T13:05:04,37.83361,-87.60234,0.0,360.0,511.0,NEW BLAINE,,WDH2945,31,0,14,,,31,A
367602770,2022-01-06T10:28:04,37.83362,-87.60235,0.0,360.0,511.0,NEW BLAINE,,WDH2945,31,0,14,,,31,A
367602770,2022-01-06T13:09:44,37.83362,-87.60234,0.0,360.0,511.0,NEW BLAINE,,WDH2945,31,0,14,,,31,A
367602770,2022-01-06T13:52:04,37.83363,-87.60232,0.0,360.0,511.0,NEW BLAINE,,WDH2945,31,0,14,,,31,A
367602770,2022-01-06T10:43:43,37.83361,-87.60235,0.0,360.0,511.0,NEW BLAINE,,WDH2945,31,0,14,,,31,A
367602770,2022-01-06T13:21:03,37.83362,-87.60234,0.0,360.0,511.0,NEW BLAINE,,WDH2945,31,0,14,,,31,A
367602770,2022-01-06T14:05:05,37.83362,-87.60234,0.0,360.0,511.0,NEW BLAINE,,WDH2945,31,0,14,,,31,A
367602770,2022-01-06T13:37:43,37.83364,-87.60232,0.0,360.0,511.0,NEW BLAINE,,WDH2945,31,0,14,,,31,A
367602770,2022-01-06T13:32:23,37.83362,-87.60234,0.0,360.0,511.0,NEW BLAINE,,WDH2945,31,0,14,,,31,A
367602770,2022-01-06T10:54:23,37.83361,-87.60234,0.0,360.0,511.0,NEW BLAINE,,WDH2945,31,0,14,,,31,A
367602770,2022-01-06T14:16:24,37.83361,-87.60233,0.0,360.0,511.0,NEW BLAINE,,WDH2945,31,0,14,,,31,A
367602770,2022-01-06T13:39:24,37.83363,-87.60232,0.0,360.0,511.0,NEW BLAINE,,WDH2945,31,0,14,,,31,A
367602770,2022-01-06T13:43:45,37.83364,-87.60232,0.0,360.0,511.0,NEW BLAINE,,WDH2945,31,0,14,,,31,A
367602770,2022-01-06T13:45:24,37.83364,-87.60232,0.0,360.0,511.0,NEW BLAINE,,WDH2945,31,0,14,,,31,A
367602770,2022-01-06T14:26:24,37.83360,-87.60235,0.0,360.0,511.0,NEW BLAINE,,WDH2945,31,0,14,,,31,A
367602770,2022-01-06T11:05:04,37.83360,-87.60235,0.0,360.0,511.0,NEW BLAINE,,WDH2945,31,0,14,,,31,A
367602770,2022-01-06T14:39:23,37.83360,-87.60234,0.0,360.0,511.0,NEW BLAINE,,WDH2945,31,0,14,,,31,A
367602770,2022-01-06T13:24:43,37.83362,-87.60233,0.0,360.0,511.0,NEW BLAINE,,WDH2945,31,0,14,,,31,A
367602770,2022-01-06T14:09:04,37.83362,-87.60233,0.0,360.0,511.0,NEW BLAINE,,WDH2945,31,0,14,,,31,A
367602770,2022-01-06T14:20:44,37.83362,-87.60233,0.0,360.0,511.0,NEW BLAINE,,WDH2945,31,0,14,,,31,A
367602770,2022-01-06T15:07:03,37.83360,-87.60236,0.0,360.0,511.0,NEW BLAINE,,WDH2945,31,0,14,,,31,A
367602770,2022-01-06T11:41:23,37.83360,-87.60236,0.0,360.0,511.0,NEW BLAINE,,WDH2945,31,0,14,,,31,A
367602770,2022-01-06T15:11:25,37.83360,-87.60235,0.0,360.0,511.0,NEW BLAINE,,WDH2945,31,0,14,,,31,A
367602770,2022-01-06T14:45:04,37.83361,-87.60234,0.1,360.0,511.0,NEW BLAINE,,WDH2945,31,0,14,,,31,A
367602770,2022-01-06T14:42:45,37.83360,-87.60234,0.0,360.0,511.0,NEW BLAINE,,WDH2945,31,0,14,,,31,A
367602770,2022-01-06T14:50:04,37.83361,-87.60234,0.0,360.0,511.0,NEW BLAINE,,WDH2945,31,0,14,,,31,A
367602770,2022-01-06T14:47:45,37.83361,-87.60234,0.0,360.0,511.0,NEW BLAINE,,WDH2945,31,0,14,,,31,A
367602770,2022-01-06T14:58:23,37.83360,-87.60234,0.0,360.0,511.0,NEW BLAINE,,WDH2945,31,0,14,,,31,A
367602770,2022-01-06T15:24:03,37.83360,-87.60234,0.0,360.0,511.0,NEW BLAINE,,WDH2945,31,0,14,,,31,A
367602770,2022-01-06T14:12:24,37.83362,-87.60234,0.0,360.0,511.0,NEW BLAINE,,WDH2945,31,0,14,,,31,A
367602770,2022-01-06T15:44:25,37.83361,-87.60234,0.0,360.0,511.0,NEW BLAINE,,WDH2945,31,0,14,,,31,A
367602770,2022-01-06T15:47:43,37.83361,-87.60234,0.0,360.0,511.0,NEW BLAINE,,WDH2945,31,0,14,,,31,A
367602770,2022-01-06T15:22:25,37.83360,-87.60234,0.0,360.0,511.0,NEW BLAINE,,WDH2945,31,0,14,,,31,A
367602770,2022-01-06T15:52:25,37.83361,-87.60234,0.0,360.0,511.0,NEW BLAINE,,WDH2945,31,0,14,,,31,A
367602770,2022-01-06T12:30:23,37.83361,-87.60235,0.0,360.0,511.0,NEW BLAINE,,WDH2945,31,0,14,,,31,A
367602770,2022-01-06T15:26:44,37.83360,-87.60234,0.0,360.0,511.0,NEW BLAINE,,WDH2945,31,0,14,,,31,A
367602770,2022-01-06T16:14:44,37.83360,-87.60234,0.0,360.0,511.0,NEW BLAINE,,WDH2945,31,0,14,,,31,A
367602770,2022-01-06T15:54:44,37.83360,-87.60233,0.0,360.0,511.0,NEW BLAINE,,WDH2945,31,0,14,,,31,A
367602770,2022-01-06T12:57:23,37.83362,-87.60235,0.0,360.0,511.0,NEW BLAINE,,WDH2945,31,0,14,,,31,A
367602770,2022-01-06T16:00:23,37.83360,-87.60233,0.0,360.0,511.0,NEW BLAINE,,WDH2945,31,0,14,,,31,A
367602770,2022-01-06T15:58:44,37.83360,-87.60234,0.0,360.0,511.0,NEW BLAINE,,WDH2945,31,0,14,,,31,A
367602770,2022-01-06T15:18:44,37.83360,-87.60234,0.0,360.0,511.0,NEW BLAINE,,WDH2945,31,0,14,,,31,A
367602770,2022-01-06T12:49:43,37.83361,-87.60235,0.0,360.0,511.0,NEW BLAINE,,WDH2945,31,0,14,,,31,A
367602770,2022-01-06T13:07:45,37.83362,-87.60235,0.0,360.0,511.0,NEW BLAINE,,WDH2945,31,0,14,,,31,A
367602770,2022-01-06T16:48:04,37.83361,-87.60234,0.0,360.0,511.0,NEW BLAINE,,WDH2945,31,0,14,,,31,A
367602770,2022-01-06T16:16:04,37.83360,-87.60234,0.0,360.0,511.0,NEW BLAINE,,WDH2945,31,0,14,,,31,A
367602770,2022-01-06T16:18:04,37.83360,-87.60234,0.0,360.0,511.0,NEW BLAINE,,WDH2945,31,0,14,,,31,A
367602770,2022-01-06T16:53:44,37.83360,-87.60234,0.0,360.0,511.0,NEW BLAINE,,WDH2945,31,0,14,,,31,A
367602770,2022-01-06T16:49:24,37.83360,-87.60234,0.0,360.0,511.0,NEW BLAINE,,WDH2945,31,0,14,,,31,A
367602770,2022-01-06T16:56:44,37.83361,-87.60234,0.0,360.0,511.0,NEW BLAINE,,WDH2945,31,0,14,,,31,A
367602770,2022-01-06T16:30:43,37.83360,-87.60235,0.0,360.0,511.0,NEW BLAINE,,WDH2945,31,0,14,,,31,A
367602770,2022-01-06T16:25:04,37.83360,-87.60234,0.0,360.0,511.0,NEW BLAINE,,WDH2945,31,0,14,,,31,A
367602770,2022-01-06T16:27:04,37.83360,-87.60235,0.0,360.0,511.0,NEW BLAINE,,WDH2945,31,0,14,,,31,A
367602770,2022-01-06T17:00:04,37.83361,-87.60234,0.0,360.0,511.0,NEW BLAINE,,WDH2945,31,0,14,,,31,A
367602770,2022-01-06T13:06:24,37.83361,-87.60234,0.0,360.0,511.0,NEW BLAINE,,WDH2945,31,0,14,,,31,A
367602770,2022-01-06T16:37:24,37.83360,-87.60234,0.0,360.0,511.0,NEW BLAINE,,WDH2945,31,0,14,,,31,A
367602770,2022-01-06T17:07:23,37.83361,-87.60234,0.0,360.0,511.0,NEW BLAINE,,WDH2945,31,0,14,,,31,A
367602770,2022-01-06T13:11:23,37.83362,-87.60234,0.0,360.0,511.0,NEW BLAINE,,WDH2945,31,0,14,,,31,A
367602770,2022-01-06T17:16:04,37.83360,-87.60234,0.0,360.0,511.0,NEW BLAINE,,WDH2945,31,0,14,,,31,A
367602770,2022-01-06T16:51:44,37.83361,-87.60234,0.0,360.0,511.0,NEW BLAINE,,WDH2945,31,0,14,,,31,A
367602770,2022-01-06T13:23:03,37.83362,-87.60233,0.0,360.0,511.0,NEW BLAINE,,WDH2945,31,0,14,,,31,A
367602770,2022-01-06T13:49:04,37.83363,-87.60232,0.0,360.0,511.0,NEW BLAINE,,WDH2945,31,0,14,,,31,A
367602770,2022-01-06T16:58:23,37.83361,-87.60234,0.0,360.0,511.0,NEW BLAINE,,WDH2945,31,0,14,,,31,A
367602770,2022-01-06T13:30:23,37.83362,-87.60234,0.0,360.0,511.0,NEW BLAINE,,WDH2945,31,0,14,,,31,A
367602770,2022-01-06T17:30:43,37.83359,-87.60234,0.0,360.0,511.0,NEW BLAINE,,WDH2945,31,0,14,,,31,A
367602770,2022-01-06T16:23:24,37.83361,-87.60233,0.0,360.0,511.0,NEW BLAINE,,WDH2945,31,0,14,,,31,A
367602770,2022-01-06T16:35:45,37.83360,-87.60234,0.0,360.0,511.0,NEW BLAINE,,WDH2945,31,0,14,,,31,A
367602770,2022-01-06T17:48:44,37.83362,-87.60234,0.0,360.0,511.0,NEW BLAINE,,WDH2945,31,0,14,,,31,A
367602770,2022-01-06T17:20:25,37.83360,-87.60234,0.0,360.0,511.0,NEW BLAINE,,WDH2945,31,0,14,,,31,A
367602770,2022-01-06T17:22:25,37.83360,-87.60233,0.0,360.0,511.0,NEW BLAINE,,WDH2945,31,0,14,,,31,A
367602770,2022-01-06T16:43:04,37.83361,-87.60234,0.0,360.0,511.0,NEW BLAINE,,WDH2945,31,0,14,,,31,A
367602770,2022-01-06T17:26:23,37.83360,-87.60234,0.0,360.0,511.0,NEW BLAINE,,WDH2945,31,0,14,,,31,A
367602770,2022-01-06T13:53:24,37.83363,-87.60232,0.0,360.0,511.0,NEW BLAINE,,WDH2945,31,0,14,,,31,A
367602770,2022-01-06T16:46:43,37.83361,-87.60235,0.0,360.0,511.0,NEW BLAINE,,WDH2945,31,0,14,,,31,A
367602770,2022-01-06T13:54:45,37.83362,-87.60231,0.0,360.0,511.0,NEW BLAINE,,WDH2945,31,0,14,,,31,A
367602770,2022-01-06T13:57:04,37.83362,-87.60232,0.0,360.0,511.0,NEW BLAINE,,WDH2945,31,0,14,,,31,A
367602770,2022-01-06T14:27:43,37.83360,-87.60235,0.0,360.0,511.0,NEW BLAINE,,WDH2945,31,0,14,,,31,A
367602770,2022-01-06T17:43:44,37.83361,-87.60235,0.0,360.0,511.0,NEW BLAINE,,WDH2945,31,0,14,,,31,A
367602770,2022-01-06T17:41:04,37.83361,-87.60235,0.0,360.0,511.0,NEW BLAINE,,WDH2945,31,0,14,,,31,A
367602770,2022-01-06T17:52:24,37.83362,-87.60234,0.0,360.0,511.0,NEW BLAINE,,WDH2945,31,0,14,,,31,A
367602770,2022-01-06T18:24:04,37.83362,-87.60235,0.0,360.0,511.0,NEW BLAINE,,WDH2945,31,0,14,,,31,A
367602770,2022-01-06T17:09:43,37.83361,-87.60233,0.0,360.0,511.0,NEW BLAINE,,WDH2945,31,0,14,,,31,A
367602770,2022-01-06T17:53:44,37.83361,-87.60234,0.0,360.0,511.0,NEW BLAINE,,WDH2945,31,0,14,,,31,A
367602770,2022-01-06T17:17:25,37.83361,-87.60234,0.0,360.0,511.0,NEW BLAINE,,WDH2945,31,0,14,,,31,A
367602770,2022-01-06T18:02:05,37.83360,-87.60235,0.0,360.0,511.0,NEW BLAINE,,WDH2945,31,0,14,,,31,A
367602770,2022-01-06T14:51:24,37.83361,-87.60234,0.0,360.0,511.0,NEW BLAINE,,WDH2945,31,0,14,,,31,A
367602770,2022-01-06T14:22:04,37.83361,-87.60233,0.0,360.0,511.0,NEW BLAINE,,WDH2945,31,0,14,,,31,A
367602770,2022-01-06T18:36:05,37.83361,-87.60234,0.0,360.0,511.0,NEW BLAINE,,WDH2945,31,0,14,,,31,A
367602770,2022-01-06T18:45:04,37.83361,-87.60233,0.0,360.0,511.0,NEW BLAINE,,WDH2945,31,0,14,,,31,A
367602770,2022-01-06T18:22:23,37.83361,-87.60235,0.0,360.0,511.0,NEW BLAINE,,WDH2945,31,0,14,,,31,A
367602770,2022-01-06T18:49:23,37.83360,-87.60232,0.0,360.0,511.0,NEW BLAINE,,WDH2945,31,0,14,,,31,A
367602770,2022-01-06T18:26:45,37.83362,-87.60235,0.0,360.0,511.0,NEW BLAINE,,WDH2945,31,0,14,,,31,A
367602770,2022-01-06T15:10:03,37.83360,-87.60235,0.0,360.0,511.0,NEW BLAINE,,WDH2945,31,0,14,,,31,A
367602770,2022-01-06T15:14:03,37.83360,-87.60234,0.0,360.0,511.0,NEW BLAINE,,WDH2945,31,0,14,,,31,A
367602770,2022-01-06T19:18:24,37.83360,-87.60234,0.0,360.0,511.0,NEW BLAINE,,WDH2945,31,0,14,,,31,A
367602770,2022-01-06T19:03:23,37.83362,-87.60235,0.0,360.0,511.0,NEW BLAINE,,WDH2945,31,0,14,,,31,A
367602770,2022-01-06T19:39:23,37.83359,-87.60234,0.0,360.0,511.0,NEW BLAINE,,WDH2945,31,0,14,,,31,A
367602770,2022-01-06T19:07:24,37.83361,-87.60234,0.0,360.0,511.0,NEW BLAINE,,WDH2945,31,0,14,,,31,A
367602770,2022-01-06T19:09:45,37.83362,-87.60234,0.0,360.0,511.0,NEW BLAINE,,WDH2945,31,0,14,,,31,A
367602770,2022-01-06T19:36:44,37.83360,-87.60233,0.0,360.0,511.0,NEW BLAINE,,WDH2945,31,0,14,,,31,A
367602770,2022-01-06T19:46:25,37.83360,-87.60233,0.0,360.0,511.0,NEW BLAINE,,WDH2945,31,0,14,,,31,A
367602770,2022-01-06T19:49:25,37.83360,-87.60233,0.0,360.0,511.0,NEW BLAINE,,WDH2945,31,0,14,,,31,A
367602770,2022-01-06T19:44:34,37.83361,-87.60233,0.0,360.0,511.0,NEW BLAINE,,WDH2945,31,0,14,,,31,A
367602770,2022-01-06T19:48:03,37.83360,-87.60234,0.0,360.0,511.0,NEW BLAINE,,WDH2945,31,0,14,,,31,A
367602770,2022-01-06T19:23:44,37.83360,-87.60233,0.0,360.0,511.0,NEW BLAINE,,WDH2945,31,0,14,,,31,A
367602770,2022-01-06T19:22:24,37.83360,-87.60233,0.0,360.0,511.0,NEW BLAINE,,WDH2945,31,0,14,,,31,A
367602770,2022-01-06T19:29:24,37.83361,-87.60234,0.0,360.0,511.0,NEW BLAINE,,WDH2945,31,0,14,,,31,A
367602770,2022-01-06T18:39:23,37.83361,-87.60234,0.0,360.0,511.0,NEW BLAINE,,WDH2945,31,0,14,,,31,A
367602770,2022-01-06T18:42:44,37.83360,-87.60234,0.0,360.0,511.0,NEW BLAINE,,WDH2945,31,0,14,,,31,A
367602770,2022-01-06T19:59:23,37.83361,-87.60234,0.0,360.0,511.0,NEW BLAINE,,WDH2945,31,0,14,,,31,A
367602770,2022-01-06T19:35:24,37.83360,-87.60234,0.0,360.0,511.0,NEW BLAINE,,WDH2945,31,0,14,,,31,A
367602770,2022-01-06T19:33:03,37.83360,-87.60234,0.0,360.0,511.0,NEW BLAINE,,WDH2945,31,0,14,,,31,A
367602770,2022-01-06T15:59:45,37.83360,-87.60234,0.0,360.0,511.0,NEW BLAINE,,WDH2945,31,0,14,,,31,A
367602770,2022-01-06T20:05:24,37.83360,-87.60235,0.0,360.0,511.0,NEW BLAINE,,WDH2945,31,0,14,,,31,A
367602770,2022-01-06T20:17:44,37.83361,-87.60233,0.0,360.0,511.0,NEW BLAINE,,WDH2945,31,0,14,,,31,A
367602770,2022-01-06T20:00:23,37.83360,-87.60234,0.0,360.0,511.0,NEW BLAINE,,WDH2945,31,0,14,,,31,A
367602770,2022-01-06T19:58:04,37.83360,-87.60234,0.0,360.0,511.0,NEW BLAINE,,WDH2945,31,0,14,,,31,A
367602770,2022-01-06T19:13:23,37.83362,-87.60235,0.0,360.0,511.0,NEW BLAINE,,WDH2945,31,0,14,,,31,A
367602770,2022-01-06T20:37:23,37.83360,-87.60236,0.0,360.0,511.0,NEW BLAINE,,WDH2945,31,0,14,,,31,A
367602770,2022-01-06T20:06:43,37.83360,-87.60233,0.0,360.0,511.0,NEW BLAINE,,WDH2945,31,0,14,,,31,A
367602770,2022-01-06T16:13:25,37.83360,-87.60234,0.0,360.0,511.0,NEW BLAINE,,WDH2945,31,0,14,,,31,A
367602770,2022-01-06T21:10:43,37.83359,-87.60234,0.0,360.0,511.0,NEW BLAINE,,WDH2945,31,0,14,,,31,A
367602770,2022-01-06T21:21:04,37.83361,-87.60235,0.0,360.0,511.0,NEW BLAINE,,WDH2945,31,0,14,,,31,A
367602770,2022-01-06T19:54:43,37.83360,-87.60233,0.0,360.0,511.0,NEW BLAINE,,WDH2945,31,0,14,,,31,A
367602770,2022-01-06T16:55:23,37.83360,-87.60234,0.0,360.0,511.0,NEW BLAINE,,WDH2945,31,0,14,,,31,A
367602770,2022-01-06T21:27:23,37.83361,-87.60235,0.0,360.0,511.0,NEW BLAINE,,WDH2945,31,0,14,,,31,A
367602770,2022-01-06T17:02:04,37.83362,-87.60235,0.0,360.0,511.0,NEW BLAINE,,WDH2945,31,0,14,,,31,A
367602770,2022-01-06T16:32:43,37.83361,-87.60236,0.0,360.0,511.0,NEW BLAINE,,WDH2945,31,0,14,,,31,A
367602770,2022-01-06T21:40:23,37.83360,-87.60235,0.0,360.0,511.0,NEW BLAINE,,WDH2945,31,0,14,,,31,A
367602770,2022-01-06T21:35:03,37.83360,-87.60235,0.0,360.0,511.0,NEW BLAINE,,WDH2945,31,0,14,,,31,A
367602770,2022-01-06T16:41:04,37.83361,-87.60234,0.0,360.0,511.0,NEW BLAINE,,WDH2945,31,0,14,,,31,A
367602770,2022-01-06T21:14:43,37.83360,-87.60234,0.0,360.0,511.0,NEW BLAINE,,WDH2945,31,0,14,,,31,A
367602770,2022-01-06T21:56:45,37.83361,-87.60234,0.0,360.0,511.0,NEW BLAINE,,WDH2945,31,0,14,,,31,A
367602770,2022-01-06T21:17:24,37.83361,-87.60235,0.0,360.0,511.0,NEW BLAINE,,WDH2945,31,0,14,,,31,A
367602770,2022-01-06T21:25:43,37.83361,-87.60235,0.0,360.0,511.0,NEW BLAINE,,WDH2945,31,0,14,,,31,A
367602770,2022-01-06T22:03:24,37.83359,-87.60234,0.0,360.0,511.0,NEW BLAINE,,WDH2945,31,0,14,,,31,A
367602770,2022-01-06T21:33:24,37.83360,-87.60235,0.0,360.0,511.0,NEW BLAINE,,WDH2945,31,0,14,,,31,A
367602770,2022-01-06T21:32:04,37.83360,-87.60235,0.0,360.0,511.0,NEW BLAINE,,WDH2945,31,0,14,,,31,A
367602770,2022-01-06T17:04:04,37.83361,-87.60234,0.0,360.0,511.0,NEW BLAINE,,WDH2945,31,0,14,,,31,A
367602770,2022-01-06T17:06:04,37.83360,-87.60234,0.0,360.0,511.0,NEW BLAINE,,WDH2945,31,0,14,,,31,A
367602770,2022-01-06T21:37:23,37.83360,-87.60235,0.0,360.0,511.0,NEW BLAINE,,WDH2945,31,0,14,,,31,A
367602770,2022-01-06T21:48:44,37.83361,-87.60234,0.0,360.0,511.0,NEW BLAINE,,WDH2945,31,0,14,,,31,A
367602770,2022-01-06T21:42:44,37.83360,-87.60235,0.0,360.0,511.0,NEW BLAINE,,WDH2945,31,0,14,,,31,A
367602770,2022-01-06T21:53:04,37.83360,-87.60234,0.0,360.0,511.0,NEW BLAINE,,WDH2945,31,0,14,,,31,A
367602770,2022-01-06T22:28:13,37.83360,-87.60234,0.0,360.0,511.0,NEW BLAINE,,WDH2945,31,0,14,,,31,A
367602770,2022-01-06T21:50:24,37.83360,-87.60234,0.0,360.0,511.0,NEW BLAINE,,WDH2945,31,0,14,,,31,A
367602770,2022-01-06T22:23:45,37.83360,-87.60234,0.0,360.0,511.0,NEW BLAINE,,WDH2945,31,0,14,,,31,A
367602770,2022-01-06T21:06:24,37.83359,-87.60234,0.0,360.0,511.0,NEW BLAINE,,WDH2945,31,0,14,,,31,A
367602770,2022-01-06T22:05:24,37.83359,-87.60235,0.0,360.0,511.0,NEW BLAINE,,WDH2945,31,0,14,,,31,A
367602770,2022-01-06T21:09:24,37.83359,-87.60235,0.0,360.0,511.0,NEW BLAINE,,WDH2945,31,0,14,,,31,A
367602770,2022-01-06T22:10:43,37.83359,-87.60234,0.0,360.0,511.0,NEW BLAINE,,WDH2945,31,0,14,,,31,A
367602770,2022-01-06T22:32:25,37.83359,-87.60235,0.0,360.0,511.0,NEW BLAINE,,WDH2945,31,0,14,,,31,A
367602770,2022-01-06T22:33:43,37.83360,-87.60236,0.0,360.0,511.0,NEW BLAINE,,WDH2945,31,0,14,,,31,A
367602770,2022-01-06T22:46:23,37.83359,-87.60235,0.0,360.0,511.0,NEW BLAINE,,WDH2945,31,0,14,,,31,A
367602770,2022-01-06T17:23:45,37.83359,-87.60233,0.0,360.0,511.0,NEW BLAINE,,WDH2945,31,0,14,,,31,A
367602770,2022-01-06T22:54:23,37.83360,-87.60234,0.0,360.0,511.0,NEW BLAINE,,WDH2945,31,0,14,,,31,A
367602770,2022-01-06T17:36:44,37.83361,-87.60233,0.0,360.0,511.0,NEW BLAINE,,WDH2945,31,0,14,,,31,A
367602770,2022-01-06T23:16:24,37.83359,-87.60235,0.0,360.0,511.0,NEW BLAINE,,WDH2945,31,0,14,,,31,A
367602770,2022-01-06T21:36:05,37.83360,-87.60235,0.0,360.0,511.0,NEW BLAINE,,WDH2945,31,0,14,,,31,A
367602770,2022-01-06T17:39:44,37.83361,-87.60234,0.0,360.0,511.0,NEW BLAINE,,WDH2945,31,0,14,,,31,A
367602770,2022-01-06T22:35:03,37.83360,-87.60236,0.0,360.0,511.0,NEW BLAINE,,WDH2945,31,0,14,,,31,A
367602770,2022-01-06T23:11:44,37.83359,-87.60234,0.0,360.0,511.0,NEW BLAINE,,WDH2945,31,0,14,,,31,A
367602770,2022-01-06T23:13:24,37.83359,-87.60235,0.0,360.0,511.0,NEW BLAINE,,WDH2945,31,0,14,,,31,A
367602770,2022-01-06T22:48:05,37.83359,-87.60235,0.0,360.0,511.0,NEW BLAINE,,WDH2945,31,0,14,,,31,A
367602770,2022-01-06T17:45:03,37.83361,-87.60235,0.0,360.0,511.0,NEW BLAINE,,WDH2945,31,0,14,,,31,A
367602770,2022-01-06T22:41:43,37.83359,-87.60236,0.0,360.0,511.0,NEW BLAINE,,WDH2945,31,0,14,,,31,A
367602770,2022-01-06T22:43:23,37.83359,-87.60236,0.0,360.0,511.0,NEW BLAINE,,WDH2945,31,0,14,,,31,A
367602770,2022-01-06T21:55:04,37.83361,-87.60233,0.0,360.0,511.0,NEW BLAINE,,WDH2945,31,0,14,,,31,A
367602770,2022-01-06T17:55:44,37.83360,-87.60234,0.0,360.0,511.0,NEW BLAINE,,WDH2945,31,0,14,,,31,A
367602770,2022-01-06T22:00:24,37.83361,-87.60234,0.0,360.0,511.0,NEW BLAINE,,WDH2945,31,0,14,,,31,A
367602770,2022-01-06T23:31:24,37.83360,-87.60234,0.0,360.0,511.0,NEW BLAINE,,WDH2945,31,0,14,,,31,A
367602770,2022-01-06T19:05:04,37.83361,-87.60234,0.0,360.0,511.0,NEW BLAINE,,WDH2945,31,0,14,,,31,A
367602770,2022-01-06T22:59:05,37.83360,-87.60234,0.0,360.0,511.0,NEW BLAINE,,WDH2945,31,0,14,,,31,A
367602770,2022-01-06T23:49:45,37.83359,-87.60235,0.0,360.0,511.0,NEW BLAINE,,WDH2945,31,0,14,,,31,A
367602770,2022-01-06T23:51:24,37.83359,-87.60234,0.0,360.0,511.0,NEW BLAINE,,WDH2945,31,0,14,,,31,A
367602770,2022-01-06T19:19:44,37.83360,-87.60233,0.0,360.0,511.0,NEW BLAINE,,WDH2945,31,0,14,,,31,A
367602770,2022-01-06T23:24:03,37.83360,-87.60234,0.0,360.0,511.0,NEW BLAINE,,WDH2945,31,0,14,,,31,A
367602770,2022-01-06T23:56:04,37.83359,-87.60235,0.0,360.0,511.0,NEW BLAINE,,WDH2945,31,0,14,,,31,A
367602770,2022-01-06T23:25:23,37.83361,-87.60234,0.0,360.0,511.0,NEW BLAINE,,WDH2945,31,0,14,,,31,A
367602770,2022-01-06T23:34:44,37.83360,-87.60234,0.0,360.0,511.0,NEW BLAINE,,WDH2945,31,0,14,,,31,A
367602770,2022-01-06T22:26:23,37.83360,-87.60234,0.0,360.0,511.0,NEW BLAINE,,WDH2945,31,0,14,,,31,A
367602770,2022-01-06T23:43:04,37.83360,-87.60234,0.0,360.0,511.0,NEW BLAINE,,WDH2945,31,0,14,,,31,A
367602770,2022-01-06T23:44:24,37.83359,-87.60234,0.0,360.0,511.0,NEW BLAINE,,WDH2945,31,0,14,,,31,A
367602770,2022-01-06T23:45:44,37.83359,-87.60234,0.0,360.0,511.0,NEW BLAINE,,WDH2945,31,0,14,,,31,A
367602770,2022-01-06T18:41:24,37.83361,-87.60234,0.0,360.0,511.0,NEW BLAINE,,WDH2945,31,0,14,,,31,A
367602770,2022-01-06T23:01:05,37.83360,-87.60234,0.0,360.0,511.0,NEW BLAINE,,WDH2945,31,0,14,,,31,A
367602770,2022-01-06T18:56:24,37.83359,-87.60235,0.0,360.0,511.0,NEW BLAINE,,WDH2945,31,0,14,,,31,A
367602770,2022-01-06T20:01:45,37.83360,-87.60234,0.0,360.0,511.0,NEW BLAINE,,WDH2945,31,0,14,,,31,A
367602770,2022-01-06T23:10:04,37.83359,-87.60234,0.0,360.0,511.0,NEW BLAINE,,WDH2945,31,0,14,,,31,A
367602770,2022-01-06T19:11:45,37.83362,-87.60235,0.0,360.0,511.0,NEW BLAINE,,WDH2945,31,0,14,,,31,A
367602770,2022-01-06T19:17:05,37.83361,-87.60235,0.0,360.0,511.0,NEW BLAINE,,WDH2945,31,0,14,,,31,A
367602770,2022-01-06T23:39:04,37.83360,-87.60234,0.0,360.0,511.0,NEW BLAINE,,WDH2945,31,0,14,,,31,A
367602770,2022-01-06T23:41:44,37.83360,-87.60234,0.0,360.0,511.0,NEW BLAINE,,WDH2945,31,0,14,,,31,A
367602770,2022-01-06T19:30:43,37.83361,-87.60234,0.0,360.0,511.0,NEW BLAINE,,WDH2945,31,0,14,,,31,A
367602770,2022-01-06T21:24:04,37.83361,-87.60235,0.0,360.0,511.0,NEW BLAINE,,WDH2945,31,0,14,,,31,A
367602770,2022-01-06T21:30:44,37.83361,-87.60235,0.0,360.0,511.0,NEW BLAINE,,WDH2945,31,0,14,,,31,A
367602770,2022-01-06T21:58:45,37.83360,-87.60234,0.0,360.0,511.0,NEW BLAINE,,WDH2945,31,0,14,,,31,A
367602770,2022-01-06T21:19:24,37.83360,-87.60235,0.0,360.0,511.0,NEW BLAINE,,WDH2945,31,0,14,,,31,A
367602770,2022-01-06T22:20:05,37.83360,-87.60235,0.0,360.0,511.0,NEW BLAINE,,WDH2945,31,0,14,,,31,A
367602770,2022-01-06T21:45:35,37.83360,-87.60235,0.0,360.0,511.0,NEW BLAINE,,WDH2945,31,0,14,,,31,A
367602770,2022-01-06T21:46:44,37.83361,-87.60235,0.0,360.0,511.0,NEW BLAINE,,WDH2945,31,0,14,,,31,A
367602770,2022-01-06T22:37:03,37.83360,-87.60236,0.0,360.0,511.0,NEW BLAINE,,WDH2945,31,0,14,,,31,A
367602770,2022-01-06T22:01:44,37.83360,-87.60234,0.0,360.0,511.0,NEW BLAINE,,WDH2945,31,0,14,,,31,A
367602770,2022-01-06T22:09:04,37.83359,-87.60235,0.0,360.0,511.0,NEW BLAINE,,WDH2945,31,0,14,,,31,A
367602770,2022-01-06T22:51:23,37.83360,-87.60235,0.0,360.0,511.0,NEW BLAINE,,WDH2945,31,0,14,,,31,A
367602770,2022-01-06T23:03:05,37.83361,-87.60234,0.0,360.0,511.0,NEW BLAINE,,WDH2945,31,0,14,,,31,A
367602770,2022-01-06T23:04:44,37.83360,-87.60234,0.0,360.0,511.0,NEW BLAINE,,WDH2945,31,0,14,,,31,A
367602770,2022-01-06T23:06:23,37.83359,-87.60234,0.0,360.0,511.0,NEW BLAINE,,WDH2945,31,0,14,,,31,A
367602770,2022-01-06T23:08:44,37.83359,-87.60235,0.0,360.0,511.0,NEW BLAINE,,WDH2945,31,0,14,,,31,A
367602770,2022-01-06T22:53:05,37.83360,-87.60234,0.0,360.0,511.0,NEW BLAINE,,WDH2945,31,0,14,,,31,A
367602770,2022-01-06T22:58:03,37.83360,-87.60234,0.0,360.0,511.0,NEW BLAINE,,WDH2945,31,0,14,,,31,A
367602770,2022-01-06T23:33:24,37.83360,-87.60234,0.0,360.0,511.0,NEW BLAINE,,WDH2945,31,0,14,,,31,A
367602770,2022-01-06T23:37:44,37.83360,-87.60234,0.0,360.0,511.0,NEW BLAINE,,WDH2945,31,0,14,,,31,A
367602770,2022-01-06T23:53:04,37.83360,-87.60234,0.0,360.0,511.0,NEW BLAINE,,WDH2945,31,0,14,,,31,A
367602770,2022-01-06T23:29:24,37.83360,-87.60235,0.0,360.0,511.0,NEW BLAINE,,WDH2945,31,0,14,,,31,A
367602770,2022-01-06T23:57:23,37.83360,-87.60234,0.0,360.0,511.0,NEW BLAINE,,WDH2945,31,0,14,,,31,A
