367689040,2022-01-01T00:00:54,30.02058,-90.70791,6.3,234.0,238.0,RICK CALHOUN,,WDI3506,31,12,52,,,57,A
367689040,2022-01-01T00:02:04,30.01940,-90.70983,6.3,234.0,238.0,RICK CALHOUN,,WDI3506,31,12,52,,,57,A
367689040,2022-01-01T00:04:23,30.01717,-90.71376,6.2,237.0,241.0,RICK CALHOUN,,WDI3506,31,12,52,,,57,A
367689040,2022-01-01T00:05:34,30.01611,-90.71568,6.1,237.0,243.0,RICK CALHOUN,,WDI3506,31,12,52,,,57,A
367689040,2022-01-01T00:03:14,30.01826,-90.71178,6.3,237.0,240.0,RICK CALHOUN,,WDI3506,31,12,52,,,57,A
367689040,2022-01-01T00:06:43,30.01508,-90.71761,6.0,241.0,249.0,RICK CALHOUN,,WDI3506,31,12,52,,,57,A
367689040,2022-01-01T00:07:55,30.01422,-90.71967,6.0,242.0,253.0,RICK CALHOUN,,WDI3506,31,12,52,,,57,A
367689040,2022-01-01T00:09:04,30.01346,-90.72172,6.0,251.0,262.0,RICK CALHOUN,,WDI3506,31,12,52,,,57,A
367689040,2022-01-01T00:10:14,30.01295,-90.72387,6.1,258.1,269.0,RICK CALHOUN,,WDI3506,31,12,52,,,57,A
367689040,2022-01-01T00:14:54,30.01301,-90.73311,6.3,277.0,279.0,RICK CALHOUN,,WDI3506,31,12,52,,,57,A
367689040,2022-01-01T00:11:24,30.01272,-90.72615,6.1,267.0,274.0,RICK CALHOUN,,WDI3506,31,12,52,,,57,A
367689040,2022-01-01T00:12:34,30.01272,-90.72840,6.2,270.9,276.0,RICK CALHOUN,,WDI3506,31,12,52,,,57,A
367689040,2022-01-01T00:16:04,30.01327,-90.73541,6.3,277.0,281.0,RICK CALHOUN,,WDI3506,31,12,52,,,57,A
367689040,2022-01-01T00:13:43,30.01279,-90.73077,6.2,274.0,278.0,RICK CALHOUN,,WDI3506,31,12,52,,,57,A
367689040,2022-01-01T00:18:24,30.01402,-90.73995,6.1,278.0,277.0,RICK CALHOUN,,WDI3506,31,12,52,,,57,A
367689040,2022-01-01T00:17:14,30.01366,-90.73768,6.2,281.9,279.0,RICK CALHOUN,,WDI3506,31,12,52,,,57,A
367689040,2022-01-01T00:20:44,30.01448,-90.74448,6.1,275.0,273.0,RICK CALHOUN,,WDI3506,31,12,52,,,57,A
367689040,2022-01-01T00:21:54,30.01464,-90.74673,6.0,272.8,272.0,RICK CALHOUN,,WDI3506,31,12,52,,,57,A
367689040,2022-01-01T00:24:14,30.01477,-90.75117,6.0,267.0,266.0,RICK CALHOUN,,WDI3506,31,12,52,,,57,A
367689040,2022-01-01T00:26:34,30.01446,-90.75562,6.0,266.0,264.0,RICK CALHOUN,,WDI3506,31,12,52,,,57,A
367689040,2022-01-01T00:25:24,30.01463,-90.75338,6.0,264.0,264.0,RICK CALHOUN,,WDI3506,31,12,52,,,57,A
367689040,2022-01-01T00:19:34,30.01432,-90.74220,6.1,276.0,274.0,RICK CALHOUN,,WDI3506,31,12,52,,,57,A
367689040,2022-01-01T00:28:55,30.01400,-90.75999,5.9,257.0,256.0,RICK CALHOUN,,WDI3506,31,12,52,,,57,A
367689040,2022-01-01T00:32:23,30.01267,-90.76636,5.9,263.1,258.0,RICK CALHOUN,,WDI3506,31,12,52,,,57,A
367689040,2022-01-01T00:23:03,30.01476,-90.74892,6.0,273.1,269.0,RICK CALHOUN,,WDI3506,31,12,52,,,57,A
367689040,2022-01-01T00:30:04,30.01348,-90.76211,5.9,249.0,257.0,RICK CALHOUN,,WDI3506,31,12,52,,,57,A
367689040,2022-01-01T00:31:14,30.01293,-90.76422,5.9,258.0,261.0,RICK CALHOUN,,WDI3506,31,12,52,,,57,A
367689040,2022-01-01T00:36:54,30.01078,-90.77449,5.7,245.8,240.0,RICK CALHOUN,,WDI3506,31,12,52,,,57,A
367689040,2022-01-01T00:33:34,30.01234,-90.76857,5.9,257.0,254.0,RICK CALHOUN,,WDI3506,31,12,52,,,57,A
367689040,2022-01-01T00:38:03,30.00994,-90.77637,5.7,239.0,235.0,RICK CALHOUN,,WDI3506,31,12,52,,,57,A
367689040,2022-01-01T00:40:25,30.00765,-90.77985,5.9,226.0,230.0,RICK CALHOUN,,WDI3506,31,12,52,,,57,A
367689040,2022-01-01T00:41:34,30.00629,-90.78143,6.0,225.0,232.0,RICK CALHOUN,,WDI3506,31,12,52,,,57,A
367689040,2022-01-01T00:39:14,30.00889,-90.77816,5.8,234.9,231.0,RICK CALHOUN,,WDI3506,31,12,52,,,57,A
367689040,2022-01-01T00:46:13,30.00125,-90.78846,6.2,225.0,228.0,RICK CALHOUN,,WDI3506,31,12,52,,,57,A
367689040,2022-01-01T00:47:24,29.99986,-90.79015,6.2,227.0,231.0,RICK CALHOUN,,WDI3506,31,12,52,,,57,A
367689040,2022-01-01T00:45:04,30.00253,-90.78676,6.1,232.0,229.0,RICK CALHOUN,,WDI3506,31,12,52,,,57,A
367689040,2022-01-01T00:42:44,30.00497,-90.78309,6.1,228.0,234.0,RICK CALHOUN,,WDI3506,31,12,52,,,57,A
367689040,2022-01-01T00:27:43,30.01435,-90.75784,5.9,264.0,259.0,RICK CALHOUN,,WDI3506,31,12,52,,,57,A
367689040,2022-01-01T00:50:43,29.99616,-90.79518,6.2,228.0,233.0,RICK CALHOUN,,WDI3506,31,12,52,,,57,A
367689040,2022-01-01T00:48:34,29.99855,-90.79191,6.2,231.0,232.0,RICK CALHOUN,,WDI3506,31,12,52,,,57,A
367689040,2022-01-01T00:54:14,29.99262,-90.80071,6.0,230.1,227.0,RICK CALHOUN,,WDI3506,31,12,52,,,57,A
367689040,2022-01-01T00:49:35,29.99744,-90.79348,6.2,229.0,232.0,RICK CALHOUN,,WDI3506,31,12,52,,,57,A
367689040,2022-01-01T00:51:55,29.99490,-90.79702,6.2,235.0,233.0,RICK CALHOUN,,WDI3506,31,12,52,,,57,A
367689040,2022-01-01T00:56:33,29.98996,-90.80407,6.1,226.9,227.0,RICK CALHOUN,,WDI3506,31,12,52,,,57,A
367689040,2022-01-01T00:58:53,29.98739,-90.80716,5.5,221.0,222.0,RICK CALHOUN,,WDI3506,31,12,52,,,57,A
367689040,2022-01-01T01:04:33,29.98121,-90.81447,5.5,239.0,267.0,RICK CALHOUN,,WDI3506,31,12,52,,,57,A
367689040,2022-01-01T00:57:43,29.98870,-90.80565,5.7,227.0,223.0,RICK CALHOUN,,WDI3506,31,12,52,,,57,A
367689040,2022-01-01T01:03:24,29.98221,-90.81276,5.8,232.0,253.0,RICK CALHOUN,,WDI3506,31,12,52,,,57,A
367689040,2022-01-01T01:02:14,29.98342,-90.81111,5.7,225.5,242.0,RICK CALHOUN,,WDI3506,31,12,52,,,57,A
367689040,2022-01-01T01:05:44,29.98051,-90.81636,5.4,253.0,285.0,RICK CALHOUN,,WDI3506,31,12,52,,,57,A
367689040,2022-01-01T00:34:35,30.01195,-90.77042,5.8,254.0,250.0,RICK CALHOUN,,WDI3506,31,12,52,,,57,A
367689040,2022-01-01T00:35:44,30.01145,-90.77252,5.8,254.0,246.0,RICK CALHOUN,,WDI3506,31,12,52,,,57,A
367689040,2022-01-01T01:09:13,29.98212,-90.82151,5.6,309.0,314.0,RICK CALHOUN,,WDI3506,31,12,52,,,57,A
367689040,2022-01-01T01:06:54,29.98035,-90.81833,5.2,273.0,304.0,RICK CALHOUN,,WDI3506,31,12,52,,,57,A
367689040,2022-01-01T01:08:03,29.98101,-90.82003,5.1,308.0,313.0,RICK CALHOUN,,WDI3506,31,12,52,,,57,A
367689040,2022-01-01T01:11:24,29.98438,-90.82470,5.8,313.0,326.0,RICK CALHOUN,,WDI3506,31,12,52,,,57,A
367689040,2022-01-01T01:12:34,29.98578,-90.82612,5.8,323.0,332.0,RICK CALHOUN,,WDI3506,31,12,52,,,57,A
367689040,2022-01-01T01:10:23,29.98326,-90.82326,5.8,307.0,321.0,RICK CALHOUN,,WDI3506,31,12,52,,,57,A
367689040,2022-01-01T01:17:33,29.99311,-90.83037,6.0,345.0,349.0,RICK CALHOUN,,WDI3506,31,12,52,,,57,A
367689040,2022-01-01T01:19:53,29.99702,-90.83132,6.1,345.0,346.0,RICK CALHOUN,,WDI3506,31,12,52,,,57,A
367689040,2022-01-01T00:43:55,30.00371,-90.78491,6.2,234.0,233.0,RICK CALHOUN,,WDI3506,31,12,52,,,57,A
367689040,2022-01-01T01:14:04,29.98783,-90.82763,5.9,328.0,336.0,RICK CALHOUN,,WDI3506,31,12,52,,,57,A
367689040,2022-01-01T01:15:13,29.98948,-90.82874,6.0,329.0,341.0,RICK CALHOUN,,WDI3506,31,12,52,,,57,A
367689040,2022-01-01T01:26:54,30.00876,-90.83413,6.2,347.0,351.0,RICK CALHOUN,,WDI3506,31,12,52,,,57,A
367689040,2022-01-01T01:25:43,30.00678,-90.83357,6.2,345.0,349.0,RICK CALHOUN,,WDI3506,31,12,52,,,57,A
367689040,2022-01-01T01:22:14,30.00086,-90.83250,6.2,351.0,353.0,RICK CALHOUN,,WDI3506,31,12,52,,,57,A
367689040,2022-01-01T01:16:23,29.99121,-90.82970,6.0,340.0,347.0,RICK CALHOUN,,WDI3506,31,12,52,,,57,A
367689040,2022-01-01T01:28:04,30.01072,-90.83460,6.2,348.4,351.0,RICK CALHOUN,,WDI3506,31,12,52,,,57,A
367689040,2022-01-01T01:18:44,29.99506,-90.83087,6.1,348.0,348.0,RICK CALHOUN,,WDI3506,31,12,52,,,57,A
367689040,2022-01-01T01:30:53,30.01559,-90.83567,6.3,350.0,352.0,RICK CALHOUN,,WDI3506,31,12,52,,,57,A
367689040,2022-01-01T01:33:14,30.01964,-90.83653,6.3,349.0,354.0,RICK CALHOUN,,WDI3506,31,12,52,,,57,A
367689040,2022-01-01T01:32:03,30.01761,-90.83610,6.3,349.0,353.0,RICK CALHOUN,,WDI3506,31,12,52,,,57,A
367689040,2022-01-01T01:40:05,30.03152,-90.83831,6.4,352.0,353.0,RICK CALHOUN,,WDI3506,31,12,52,,,57,A
367689040,2022-01-01T01:23:24,30.00286,-90.83275,6.2,352.0,351.0,RICK CALHOUN,,WDI3506,31,12,52,,,57,A
367689040,2022-01-01T00:53:04,29.99380,-90.79894,6.1,235.0,230.0,RICK CALHOUN,,WDI3506,31,12,52,,,57,A
367689040,2022-01-01T01:43:34,30.03763,-90.83940,6.4,349.0,351.0,RICK CALHOUN,,WDI3506,31,12,52,,,57,A
367689040,2022-01-01T00:55:24,29.99130,-90.80244,6.1,227.1,226.0,RICK CALHOUN,,WDI3506,31,12,52,,,57,A
367689040,2022-01-01T01:38:54,30.02944,-90.83801,6.4,352.0,353.0,RICK CALHOUN,,WDI3506,31,12,52,,,57,A
367689040,2022-01-01T01:29:14,30.01274,-90.83506,6.3,348.0,352.0,RICK CALHOUN,,WDI3506,31,12,52,,,57,A
367689040,2022-01-01T01:35:33,30.02364,-90.83705,6.2,347.0,351.0,RICK CALHOUN,,WDI3506,31,12,52,,,57,A
367689040,2022-01-01T01:41:13,30.03352,-90.83858,6.4,354.0,352.0,RICK CALHOUN,,WDI3506,31,12,52,,,57,A
367689040,2022-01-01T01:48:05,30.04573,-90.84099,6.5,352.2,345.0,RICK CALHOUN,,WDI3506,31,12,52,,,57,A
367689040,2022-01-01T01:49:14,30.04777,-90.84139,6.3,346.0,338.0,RICK CALHOUN,,WDI3506,31,12,52,,,57,A
367689040,2022-01-01T01:42:23,30.03556,-90.83895,6.4,348.0,351.0,RICK CALHOUN,,WDI3506,31,12,52,,,57,A
367689040,2022-01-01T01:44:44,30.03967,-90.83983,6.5,351.0,352.0,RICK CALHOUN,,WDI3506,31,12,52,,,57,A
367689040,2022-01-01T01:45:54,30.04180,-90.84019,6.6,347.0,350.0,RICK CALHOUN,,WDI3506,31,12,52,,,57,A
367689040,2022-01-01T01:50:24,30.04967,-90.84208,6.0,340.0,330.0,RICK CALHOUN,,WDI3506,31,12,52,,,57,A
367689040,2022-01-01T01:46:55,30.04361,-90.84059,6.6,349.5,349.0,RICK CALHOUN,,WDI3506,31,12,52,,,57,A
367689040,2022-01-01T02:00:53,30.06096,-90.85550,6.0,303.0,297.0,RICK CALHOUN,,WDI3506,31,12,52,,,57,A
367689040,2022-01-01T01:51:33,30.05137,-90.84293,5.8,333.0,322.0,RICK CALHOUN,,WDI3506,31,12,52,,,57,A
367689040,2022-01-01T01:59:33,30.05983,-90.85332,5.9,296.6,298.0,RICK CALHOUN,,WDI3506,31,12,52,,,57,A
367689040,2022-01-01T01:56:05,30.05712,-90.84796,5.5,313.0,300.0,RICK CALHOUN,,WDI3506,31,12,52,,,57,A
367689040,2022-01-01T01:55:04,30.05592,-90.84684,5.9,326.0,310.0,RICK CALHOUN,,WDI3506,31,12,52,,,57,A
367689040,2022-01-01T02:06:25,30.06395,-90.86516,6.0,268.4,267.0,RICK CALHOUN,,WDI3506,31,12,52,,,57,A
367689040,2022-01-01T01:57:13,30.05812,-90.84958,5.5,301.4,297.0,RICK CALHOUN,,WDI3506,31,12,52,,,57,A
367689040,2022-01-01T01:52:43,30.05292,-90.84405,5.7,321.0,317.0,RICK CALHOUN,,WDI3506,31,12,52,,,57,A
367689040,2022-01-01T02:01:54,30.06197,-90.85710,6.1,307.0,288.0,RICK CALHOUN,,WDI3506,31,12,52,,,57,A
367689040,2022-01-01T01:53:55,30.05436,-90.84555,5.9,318.0,318.0,RICK CALHOUN,,WDI3506,31,12,52,,,57,A
367689040,2022-01-01T02:03:04,30.06288,-90.85903,5.7,288.0,279.0,RICK CALHOUN,,WDI3506,31,12,52,,,57,A
367689040,2022-01-01T02:04:14,30.06339,-90.86110,5.9,284.0,277.0,RICK CALHOUN,,WDI3506,31,12,52,,,57,A
367689040,2022-01-01T01:58:24,30.05906,-90.85145,5.7,299.5,295.0,RICK CALHOUN,,WDI3506,31,12,52,,,57,A
367689040,2022-01-01T02:12:14,30.06329,-90.87691,6.7,256.0,250.0,RICK CALHOUN,,WDI3506,31,12,52,,,57,A
367689040,2022-01-01T02:07:44,30.06393,-90.86779,6.3,271.0,267.0,RICK CALHOUN,,WDI3506,31,12,52,,,57,A
367689040,2022-01-01T02:09:54,30.06397,-90.87216,6.3,269.0,258.0,RICK CALHOUN,,WDI3506,31,12,52,,,57,A
367689040,2022-01-01T02:11:03,30.06373,-90.87450,6.3,257.8,254.0,RICK CALHOUN,,WDI3506,31,12,52,,,57,A
367689040,2022-01-01T02:15:34,30.06049,-90.88313,6.2,232.0,262.0,RICK CALHOUN,,WDI3506,31,12,52,,,57,A
367689040,2022-01-01T02:16:35,30.05967,-90.88468,5.5,244.0,278.0,RICK CALHOUN,,WDI3506,31,12,52,,,57,A
367689040,2022-01-01T02:20:03,30.06068,-90.88993,5.6,301.0,306.0,RICK CALHOUN,,WDI3506,31,12,52,,,57,A
367689040,2022-01-01T02:21:04,30.06149,-90.89154,5.8,302.0,311.0,RICK CALHOUN,,WDI3506,31,12,52,,,57,A
367689040,2022-01-01T02:08:45,30.06387,-90.86985,6.4,268.0,267.0,RICK CALHOUN,,WDI3506,31,12,52,,,57,A
367689040,2022-01-01T02:17:44,30.05927,-90.88646,4.9,266.0,295.0,RICK CALHOUN,,WDI3506,31,12,52,,,57,A
367689040,2022-01-01T02:18:53,30.05971,-90.88823,5.2,298.0,305.0,RICK CALHOUN,,WDI3506,31,12,52,,,57,A
367689040,2022-01-01T02:26:55,30.06802,-90.89970,5.9,320.0,326.0,RICK CALHOUN,,WDI3506,31,12,52,,,57,A
367689040,2022-01-01T02:13:23,30.06259,-90.87924,6.7,246.0,247.0,RICK CALHOUN,,WDI3506,31,12,52,,,57,A
367689040,2022-01-01T02:14:25,30.06176,-90.88121,6.5,240.0,247.0,RICK CALHOUN,,WDI3506,31,12,52,,,57,A
367689040,2022-01-01T02:29:14,30.07107,-90.90247,6.0,324.0,331.0,RICK CALHOUN,,WDI3506,31,12,52,,,57,A
367689040,2022-01-01T02:23:24,30.06397,-90.89483,6.0,310.8,314.0,RICK CALHOUN,,WDI3506,31,12,52,,,57,A
367689040,2022-01-01T02:24:34,30.06524,-90.89658,6.0,311.4,319.0,RICK CALHOUN,,WDI3506,31,12,52,,,57,A
367689040,2022-01-01T02:35:33,30.08043,-90.90820,6.1,342.0,348.0,RICK CALHOUN,,WDI3506,31,12,52,,,57,A
367689040,2022-01-01T02:22:14,30.06270,-90.89321,5.9,311.0,313.0,RICK CALHOUN,,WDI3506,31,12,52,,,57,A
367689040,2022-01-01T02:36:44,30.08239,-90.90870,6.2,350.0,347.0,RICK CALHOUN,,WDI3506,31,12,52,,,57,A
367689040,2022-01-01T02:39:04,30.08618,-90.90988,6.0,338.0,343.0,RICK CALHOUN,,WDI3506,31,12,52,,,57,A
367689040,2022-01-01T02:37:54,30.08431,-90.90911,6.0,344.0,341.0,RICK CALHOUN,,WDI3506,31,12,52,,,57,A
367689040,2022-01-01T02:28:04,30.06953,-90.90106,6.0,321.0,326.0,RICK CALHOUN,,WDI3506,31,12,52,,,57,A
367689040,2022-01-01T02:34:24,30.07862,-90.90738,6.1,334.0,343.0,RICK CALHOUN,,WDI3506,31,12,52,,,57,A
367689040,2022-01-01T02:32:04,30.07512,-90.90533,6.0,331.3,335.0,RICK CALHOUN,,WDI3506,31,12,52,,,57,A
367689040,2022-01-01T02:46:04,30.09793,-90.91418,6.3,352.0,352.0,RICK CALHOUN,,WDI3506,31,12,52,,,57,A
367689040,2022-01-01T02:30:54,30.07342,-90.90420,6.0,328.0,333.0,RICK CALHOUN,,WDI3506,31,12,52,,,57,A
367689040,2022-01-01T02:40:14,30.08802,-90.91064,6.2,340.0,346.0,RICK CALHOUN,,WDI3506,31,12,52,,,57,A
367689040,2022-01-01T02:41:23,30.08996,-90.91133,6.3,346.0,346.0,RICK CALHOUN,,WDI3506,31,12,52,,,57,A
367689040,2022-01-01T02:33:13,30.07684,-90.90633,6.1,332.0,337.0,RICK CALHOUN,,WDI3506,31,12,52,,,57,A
367689040,2022-01-01T02:42:34,30.09197,-90.91195,6.3,339.0,342.0,RICK CALHOUN,,WDI3506,31,12,52,,,57,A
367689040,2022-01-01T01:21:05,29.99890,-90.83204,6.1,344.0,352.0,RICK CALHOUN,,WDI3506,31,12,52,,,57,A
367689040,2022-01-01T02:44:54,30.09585,-90.91362,6.4,345.0,353.0,RICK CALHOUN,,WDI3506,31,12,52,,,57,A
367689040,2022-01-01T02:47:13,30.09987,-90.91430,6.3,351.6,349.0,RICK CALHOUN,,WDI3506,31,12,52,,,57,A
367689040,2022-01-01T02:49:33,30.10389,-90.91525,6.3,352.0,354.0,RICK CALHOUN,,WDI3506,31,12,52,,,57,A
367689040,2022-01-01T01:24:34,30.00484,-90.83312,6.2,348.0,349.0,RICK CALHOUN,,WDI3506,31,12,52,,,57,A
367689040,2022-01-01T02:51:54,30.10796,-90.91593,6.3,349.0,349.0,RICK CALHOUN,,WDI3506,31,12,52,,,57,A
367689040,2022-01-01T03:06:13,30.11412,-90.91604,0.1,187.0,334.0,RICK CALHOUN,,WDI3506,31,12,52,,,57,A
367689040,2022-01-01T02:54:14,30.11178,-90.91693,5.1,350.0,354.0,RICK CALHOUN,,WDI3506,31,12,52,,,57,A
367689040,2022-01-01T03:02:43,30.11415,-90.91662,0.8,104.0,349.0,RICK CALHOUN,,WDI3506,31,12,52,,,57,A
367689040,2022-01-01T01:34:23,30.02161,-90.83673,6.2,356.0,352.0,RICK CALHOUN,,WDI3506,31,12,52,,,57,A
367689040,2022-01-01T02:53:05,30.10995,-90.91648,6.3,344.0,350.0,RICK CALHOUN,,WDI3506,31,12,52,,,57,A
367689040,2022-01-01T03:09:44,30.11418,-90.91656,0.9,280.0,337.0,RICK CALHOUN,,WDI3506,31,12,52,,,57,A
367689040,2022-01-01T01:36:44,30.02566,-90.83755,6.3,348.0,354.0,RICK CALHOUN,,WDI3506,31,12,52,,,57,A
367689040,2022-01-01T03:10:53,30.11422,-90.91685,0.7,276.0,343.0,RICK CALHOUN,,WDI3506,31,12,52,,,57,A
367689040,2022-01-01T03:15:44,30.11417,-90.91723,0.2,52.0,351.0,RICK CALHOUN,,WDI3506,31,12,52,,,57,A
367689040,2022-01-01T03:03:53,30.11412,-90.91632,0.8,91.2,343.0,RICK CALHOUN,,WDI3506,31,12,52,,,57,A
367689040,2022-01-01T01:37:53,30.02763,-90.83782,6.3,355.0,354.0,RICK CALHOUN,,WDI3506,31,12,52,,,57,A
367689040,2022-01-01T03:12:14,30.11421,-90.91712,0.4,258.7,347.0,RICK CALHOUN,,WDI3506,31,12,52,,,57,A
367689040,2022-01-01T03:13:15,30.11417,-90.91722,0.3,229.7,349.0,RICK CALHOUN,,WDI3506,31,12,52,,,57,A
367689040,2022-01-01T02:55:24,30.11316,-90.91711,3.6,353.0,353.0,RICK CALHOUN,,WDI3506,31,12,52,,,57,A
367689040,2022-01-01T02:56:34,30.11401,-90.91725,2.0,352.0,354.0,RICK CALHOUN,,WDI3506,31,12,52,,,57,A
367689040,2022-01-01T03:20:14,30.11455,-90.91709,0.3,353.0,345.0,RICK CALHOUN,,WDI3506,31,12,52,,,57,A
367689040,2022-01-01T03:07:24,30.11407,-90.91613,0.3,264.0,334.0,RICK CALHOUN,,WDI3506,31,12,52,,,57,A
367689040,2022-01-01T02:57:43,30.11439,-90.91728,0.7,3.7,356.0,RICK CALHOUN,,WDI3506,31,12,52,,,57,A
367689040,2022-01-01T02:58:54,30.11446,-90.91718,0.3,96.0,356.0,RICK CALHOUN,,WDI3506,31,12,52,,,57,A
367689040,2022-01-01T03:17:54,30.11431,-90.91714,0.4,22.0,347.0,RICK CALHOUN,,WDI3506,31,12,52,,,57,A
367689040,2022-01-01T03:19:03,30.11443,-90.91710,0.4,2.7,346.0,RICK CALHOUN,,WDI3506,31,12,52,,,57,A
367689040,2022-01-01T03:24:53,30.11456,-90.91713,0.1,342.3,346.0,RICK CALHOUN,,WDI3506,31,12,52,,,57,A
367689040,2022-01-01T03:05:03,30.11413,-90.91612,0.4,84.0,337.0,RICK CALHOUN,,WDI3506,31,12,52,,,57,A
367689040,2022-01-01T03:08:35,30.11411,-90.91630,0.6,291.0,335.0,RICK CALHOUN,,WDI3506,31,12,52,,,57,A
367689040,2022-01-01T03:22:34,30.11458,-90.91711,0.1,180.0,345.0,RICK CALHOUN,,WDI3506,31,12,52,,,57,A
367689040,2022-01-01T03:29:13,30.11481,-90.91709,0.3,345.0,344.0,RICK CALHOUN,,WDI3506,31,12,52,,,57,A
367689040,2022-01-01T03:23:44,30.11456,-90.91713,0.0,204.8,345.0,RICK CALHOUN,,WDI3506,31,12,52,,,57,A
367689040,2022-01-01T03:28:04,30.11473,-90.91711,0.3,22.0,345.0,RICK CALHOUN,,WDI3506,31,12,52,,,57,A
367689040,2022-01-01T03:25:54,30.11460,-90.91715,0.2,349.0,346.0,RICK CALHOUN,,WDI3506,31,12,52,,,57,A
367689040,2022-01-01T03:27:03,30.11466,-90.91714,0.2,15.1,346.0,RICK CALHOUN,,WDI3506,31,12,52,,,57,A
367689040,2022-01-01T03:14:34,30.11414,-90.91727,0.1,20.4,351.0,RICK CALHOUN,,WDI3506,31,12,52,,,57,A
367689040,2022-01-01T03:34:53,30.11512,-90.91713,0.2,125.0,345.0,RICK CALHOUN,,WDI3506,31,12,52,,,57,A
367689040,2022-01-01T03:37:25,30.11506,-90.91702,0.2,1.0,345.0,RICK CALHOUN,,WDI3506,31,12,52,,,57,A
367689040,2022-01-01T03:16:53,30.11423,-90.91715,0.3,32.0,349.0,RICK CALHOUN,,WDI3506,31,12,52,,,57,A
367689040,2022-01-01T03:30:54,30.11494,-90.91722,0.4,313.2,346.0,RICK CALHOUN,,WDI3506,31,12,52,,,57,A
367689040,2022-01-01T03:42:03,30.11602,-90.91744,1.1,345.0,347.0,RICK CALHOUN,,WDI3506,31,12,52,,,57,A
367689040,2022-01-01T03:32:04,30.11503,-90.91728,0.3,3.0,348.0,RICK CALHOUN,,WDI3506,31,12,52,,,57,A
367689040,2022-01-01T03:21:23,30.11460,-90.91711,0.1,337.0,345.0,RICK CALHOUN,,WDI3506,31,12,52,,,57,A
367689040,2022-01-01T03:36:04,30.11505,-90.91706,0.3,149.0,344.0,RICK CALHOUN,,WDI3506,31,12,52,,,57,A
367689040,2022-01-01T03:40:53,30.11568,-90.91735,1.1,340.8,347.0,RICK CALHOUN,,WDI3506,31,12,52,,,57,A
367689040,2022-01-01T03:44:23,30.11647,-90.91758,0.3,351.0,345.0,RICK CALHOUN,,WDI3506,31,12,52,,,57,A
367689040,2022-01-01T03:39:44,30.11540,-90.91719,0.9,331.0,346.0,RICK CALHOUN,,WDI3506,31,12,52,,,57,A
367689040,2022-01-01T03:50:23,30.11657,-90.91801,0.3,289.0,352.0,RICK CALHOUN,,WDI3506,31,12,52,,,57,A
367689040,2022-01-01T03:45:34,30.11654,-90.91759,0.1,334.0,345.0,RICK CALHOUN,,WDI3506,31,12,52,,,57,A
367689040,2022-01-01T03:53:55,30.11675,-90.91802,0.2,3.8,354.0,RICK CALHOUN,,WDI3506,31,12,52,,,57,A
367689040,2022-01-01T03:52:44,30.11667,-90.91803,0.2,354.0,354.0,RICK CALHOUN,,WDI3506,31,12,52,,,57,A
367689040,2022-01-01T03:38:34,30.11518,-90.91705,0.6,338.0,345.0,RICK CALHOUN,,WDI3506,31,12,52,,,57,A
367689040,2022-01-01T04:03:55,30.11721,-90.91751,0.8,354.0,341.0,RICK CALHOUN,,WDI3506,31,12,52,,,57,A
367689040,2022-01-01T03:43:14,30.11633,-90.91754,0.7,346.0,347.0,RICK CALHOUN,,WDI3506,31,12,52,,,57,A
367689040,2022-01-01T03:48:04,30.11656,-90.91770,0.3,277.0,344.0,RICK CALHOUN,,WDI3506,31,12,52,,,57,A
367689040,2022-01-01T04:06:13,30.11900,-90.91832,4.5,340.0,338.0,RICK CALHOUN,,WDI3506,31,12,52,,,57,A
367689040,2022-01-01T04:07:24,30.12054,-90.91900,5.3,339.0,336.0,RICK CALHOUN,,WDI3506,31,12,52,,,57,A
367689040,2022-01-01T03:51:35,30.11661,-90.91800,0.1,6.0,353.0,RICK CALHOUN,,WDI3506,31,12,52,,,57,A
367689040,2022-01-01T03:49:14,30.11656,-90.91784,0.5,269.0,348.0,RICK CALHOUN,,WDI3506,31,12,52,,,57,A
367689040,2022-01-01T04:02:43,30.11707,-90.91754,0.1,84.0,345.0,RICK CALHOUN,,WDI3506,31,12,52,,,57,A
367689040,2022-01-01T02:05:23,30.06382,-90.86323,6.0,282.0,271.0,RICK CALHOUN,,WDI3506,31,12,52,,,57,A
367689040,2022-01-01T03:55:04,30.11683,-90.91798,0.4,42.0,354.0,RICK CALHOUN,,WDI3506,31,12,52,,,57,A
367689040,2022-01-01T04:12:04,30.12759,-90.92224,6.0,344.0,334.0,RICK CALHOUN,,WDI3506,31,12,52,,,57,A
367689040,2022-01-01T03:57:23,30.11704,-90.91772,0.4,30.0,350.0,RICK CALHOUN,,WDI3506,31,12,52,,,57,A
367689040,2022-01-01T03:58:34,30.11714,-90.91768,0.2,32.0,349.0,RICK CALHOUN,,WDI3506,31,12,52,,,57,A
367689040,2022-01-01T04:09:43,30.12385,-90.92090,6.0,330.1,339.0,RICK CALHOUN,,WDI3506,31,12,52,,,57,A
367689040,2022-01-01T04:10:54,30.12565,-90.92176,6.0,345.0,341.0,RICK CALHOUN,,WDI3506,31,12,52,,,57,A
367689040,2022-01-01T03:59:43,30.11717,-90.91765,0.1,78.7,348.0,RICK CALHOUN,,WDI3506,31,12,52,,,57,A
367689040,2022-01-01T04:17:54,30.13556,-90.92741,5.2,306.0,288.0,RICK CALHOUN,,WDI3506,31,12,52,,,57,A
367689040,2022-01-01T04:16:43,30.13445,-90.92590,5.4,323.0,297.0,RICK CALHOUN,,WDI3506,31,12,52,,,57,A
367689040,2022-01-01T04:20:05,30.13697,-90.93072,5.4,289.0,278.0,RICK CALHOUN,,WDI3506,31,12,52,,,57,A
367689040,2022-01-01T04:05:03,30.11783,-90.91775,2.9,336.0,338.0,RICK CALHOUN,,WDI3506,31,12,52,,,57,A
367689040,2022-01-01T04:24:43,30.13792,-90.93858,5.1,262.0,239.0,RICK CALHOUN,,WDI3506,31,12,52,,,57,A
367689040,2022-01-01T04:22:24,30.13804,-90.93469,5.5,283.0,258.0,RICK CALHOUN,,WDI3506,31,12,52,,,57,A
367689040,2022-01-01T04:23:33,30.13812,-90.93663,5.1,262.0,249.0,RICK CALHOUN,,WDI3506,31,12,52,,,57,A
367689040,2022-01-01T04:14:25,30.13130,-90.92383,5.9,336.0,320.0,RICK CALHOUN,,WDI3506,31,12,52,,,57,A
367689040,2022-01-01T04:27:04,30.13723,-90.94127,2.8,240.7,226.0,RICK CALHOUN,,WDI3506,31,12,52,,,57,A
367689040,2022-01-01T04:31:43,30.13537,-90.94463,1.9,233.0,211.0,RICK CALHOUN,,WDI3506,31,12,52,,,57,A
367689040,2022-01-01T04:28:14,30.13683,-90.94216,2.6,242.0,224.0,RICK CALHOUN,,WDI3506,31,12,52,,,57,A
367689040,2022-01-01T04:15:34,30.13290,-90.92481,5.8,330.0,311.0,RICK CALHOUN,,WDI3506,31,12,52,,,57,A
367689040,2022-01-01T04:29:23,30.13632,-90.94299,2.9,231.8,221.0,RICK CALHOUN,,WDI3506,31,12,52,,,57,A
367689040,2022-01-01T04:21:14,30.13749,-90.93272,5.6,286.5,271.0,RICK CALHOUN,,WDI3506,31,12,52,,,57,A
367689040,2022-01-01T04:19:04,30.13639,-90.92911,5.3,294.0,282.0,RICK CALHOUN,,WDI3506,31,12,52,,,57,A
367689040,2022-01-01T04:36:14,30.13465,-90.94581,0.5,269.0,203.0,RICK CALHOUN,,WDI3506,31,12,52,,,57,A
367689040,2022-01-01T04:37:23,30.13470,-90.94598,0.5,300.0,201.0,RICK CALHOUN,,WDI3506,31,12,52,,,57,A
367689040,2022-01-01T04:25:54,30.13761,-90.94018,3.7,253.0,230.0,RICK CALHOUN,,WDI3506,31,12,52,,,57,A
367689040,2022-01-01T04:30:34,30.13579,-90.94393,2.7,236.9,216.0,RICK CALHOUN,,WDI3506,31,12,52,,,57,A
367689040,2022-01-01T04:40:54,30.13491,-90.94637,0.3,194.0,185.0,RICK CALHOUN,,WDI3506,31,12,52,,,57,A
367689040,2022-01-01T04:32:55,30.13505,-90.94509,1.3,230.0,208.0,RICK CALHOUN,,WDI3506,31,12,52,,,57,A
367689040,2022-01-01T04:42:04,30.13473,-90.94636,0.7,160.0,184.0,RICK CALHOUN,,WDI3506,31,12,52,,,57,A
367689040,2022-01-01T04:52:24,30.13323,-90.94537,0.2,276.0,217.0,RICK CALHOUN,,WDI3506,31,12,52,,,57,A
367689040,2022-01-01T04:43:15,30.13451,-90.94620,0.9,138.0,187.0,RICK CALHOUN,,WDI3506,31,12,52,,,57,A
367689040,2022-01-01T04:38:33,30.13482,-90.94615,0.6,321.7,196.0,RICK CALHOUN,,WDI3506,31,12,52,,,57,A
367689040,2022-01-01T04:44:23,30.13429,-90.94595,1.1,134.0,192.0,RICK CALHOUN,,WDI3506,31,12,52,,,57,A
367689040,2022-01-01T04:45:33,30.13404,-90.94570,0.9,143.0,198.0,RICK CALHOUN,,WDI3506,31,12,52,,,57,A
367689040,2022-01-01T02:25:44,30.06657,-90.89819,6.0,314.0,323.0,RICK CALHOUN,,WDI3506,31,12,52,,,57,A
367689040,2022-01-01T04:46:43,30.13380,-90.94552,0.8,154.0,203.0,RICK CALHOUN,,WDI3506,31,12,52,,,57,A
367689040,2022-01-01T04:49:04,30.13338,-90.94539,0.5,166.0,210.0,RICK CALHOUN,,WDI3506,31,12,52,,,57,A
367689040,2022-01-01T04:39:44,30.13493,-90.94630,0.4,292.6,189.0,RICK CALHOUN,,WDI3506,31,12,52,,,57,A
367689040,2022-01-01T04:51:23,30.13322,-90.94531,0.1,114.0,216.0,RICK CALHOUN,,WDI3506,31,12,52,,,57,A
367689040,2022-01-01T05:07:34,30.13427,-90.94608,0.3,127.0,198.0,RICK CALHOUN,,WDI3506,31,12,52,,,57,A
367689040,2022-01-01T04:56:03,30.13337,-90.94573,0.5,338.0,214.0,RICK CALHOUN,,WDI3506,31,12,52,,,57,A
367689040,2022-01-01T04:47:54,30.13357,-90.94545,0.7,165.2,207.0,RICK CALHOUN,,WDI3506,31,12,52,,,57,A
367689040,2022-01-01T04:58:24,30.13369,-90.94595,0.7,320.0,208.0,RICK CALHOUN,,WDI3506,31,12,52,,,57,A
367689040,2022-01-01T05:04:03,30.13435,-90.94637,0.3,26.0,191.0,RICK CALHOUN,,WDI3506,31,12,52,,,57,A
367689040,2022-01-01T05:12:15,30.13408,-90.94569,0.3,164.0,209.0,RICK CALHOUN,,WDI3506,31,12,52,,,57,A
367689040,2022-01-01T04:57:14,30.13352,-90.94577,0.5,333.0,212.0,RICK CALHOUN,,WDI3506,31,12,52,,,57,A
367689040,2022-01-01T05:02:54,30.13423,-90.94640,0.4,347.0,193.0,RICK CALHOUN,,WDI3506,31,12,52,,,57,A
367689040,2022-01-01T05:14:34,30.13384,-90.94566,0.3,204.0,216.0,RICK CALHOUN,,WDI3506,31,12,52,,,57,A
367689040,2022-01-01T04:54:43,30.13326,-90.94563,0.3,291.0,216.0,RICK CALHOUN,,WDI3506,31,12,52,,,57,A
367689040,2022-01-01T05:18:05,30.13380,-90.94594,0.2,301.0,216.0,RICK CALHOUN,,WDI3506,31,12,52,,,57,A
367689040,2022-01-01T05:06:25,30.13434,-90.94614,0.3,128.0,196.0,RICK CALHOUN,,WDI3506,31,12,52,,,57,A
367689040,2022-01-01T05:20:23,30.13390,-90.94629,0.5,289.0,211.0,RICK CALHOUN,,WDI3506,31,12,52,,,57,A
367689040,2022-01-01T05:05:13,30.13439,-90.94628,0.4,95.0,193.0,RICK CALHOUN,,WDI3506,31,12,52,,,57,A
367689040,2022-01-01T05:22:33,30.13400,-90.94663,0.4,295.0,204.0,RICK CALHOUN,,WDI3506,31,12,52,,,57,A
367689040,2022-01-01T05:00:05,30.13391,-90.94610,0.6,318.0,203.0,RICK CALHOUN,,WDI3506,31,12,52,,,57,A
367689040,2022-01-01T05:01:44,30.13410,-90.94633,0.5,326.0,196.0,RICK CALHOUN,,WDI3506,31,12,52,,,57,A
367689040,2022-01-01T05:11:14,30.13416,-90.94575,0.3,138.2,207.0,RICK CALHOUN,,WDI3506,31,12,52,,,57,A
367689040,2022-01-01T05:28:13,30.13393,-90.94693,0.0,175.0,200.0,RICK CALHOUN,,WDI3506,31,12,52,,,57,A
367689040,2022-01-01T05:21:24,30.13395,-90.94646,0.6,285.0,207.0,RICK CALHOUN,,WDI3506,31,12,52,,,57,A
367689040,2022-01-01T05:16:53,30.13378,-90.94588,0.2,272.0,216.0,RICK CALHOUN,,WDI3506,31,12,52,,,57,A
367689040,2022-01-01T05:08:45,30.13423,-90.94598,0.3,103.6,200.0,RICK CALHOUN,,WDI3506,31,12,52,,,57,A
367689040,2022-01-01T05:09:54,30.13423,-90.94585,0.3,99.0,203.0,RICK CALHOUN,,WDI3506,31,12,52,,,57,A
367689040,2022-01-01T05:23:43,30.13406,-90.94675,0.3,308.0,202.0,RICK CALHOUN,,WDI3506,31,12,52,,,57,A
367689040,2022-01-01T05:25:54,30.13401,-90.94687,0.3,213.0,200.0,RICK CALHOUN,,WDI3506,31,12,52,,,57,A
367689040,2022-01-01T05:13:25,30.13396,-90.94566,0.4,170.0,212.0,RICK CALHOUN,,WDI3506,31,12,52,,,57,A
367689040,2022-01-01T05:35:13,30.13388,-90.94695,0.1,254.0,196.0,RICK CALHOUN,,WDI3506,31,12,52,,,57,A
367689040,2022-01-01T05:36:23,30.13384,-90.94692,0.3,119.0,196.0,RICK CALHOUN,,WDI3506,31,12,52,,,57,A
367689040,2022-01-01T05:15:44,30.13379,-90.94577,0.3,253.0,216.0,RICK CALHOUN,,WDI3506,31,12,52,,,57,A
367689040,2022-01-01T05:39:44,30.13354,-90.94674,0.3,162.0,200.0,RICK CALHOUN,,WDI3506,31,12,52,,,57,A
367689040,2022-01-01T05:19:13,30.13384,-90.94608,0.5,288.0,215.0,RICK CALHOUN,,WDI3506,31,12,52,,,57,A
367689040,2022-01-01T05:30:34,30.13388,-90.94692,0.2,211.0,200.0,RICK CALHOUN,,WDI3506,31,12,52,,,57,A
367689040,2022-01-01T02:43:44,30.09388,-90.91289,6.4,338.0,349.0,RICK CALHOUN,,WDI3506,31,12,52,,,57,A
367689040,2022-01-01T05:31:44,30.13382,-90.94695,0.2,211.4,199.0,RICK CALHOUN,,WDI3506,31,12,52,,,57,A
367689040,2022-01-01T05:32:53,30.13382,-90.94696,0.1,39.3,199.0,RICK CALHOUN,,WDI3506,31,12,52,,,57,A
367689040,2022-01-01T05:34:04,30.13386,-90.94690,0.1,12.0,198.0,RICK CALHOUN,,WDI3506,31,12,52,,,57,A
367689040,2022-01-01T05:38:43,30.13363,-90.94676,0.4,152.4,200.0,RICK CALHOUN,,WDI3506,31,12,52,,,57,A
367689040,2022-01-01T05:29:24,30.13393,-90.94691,0.0,82.0,201.0,RICK CALHOUN,,WDI3506,31,12,52,,,57,A
367689040,2022-01-01T05:42:24,30.13346,-90.94674,0.2,232.0,200.0,RICK CALHOUN,,WDI3506,31,12,52,,,57,A
367689040,2022-01-01T05:27:03,30.13395,-90.94691,0.1,203.4,200.0,RICK CALHOUN,,WDI3506,31,12,52,,,57,A
367689040,2022-01-01T05:57:34,30.12540,-90.94714,5.9,168.0,166.0,RICK CALHOUN,,WDI3506,31,12,52,,,57,A
367689040,2022-01-01T05:43:35,30.13342,-90.94679,0.2,234.0,199.0,RICK CALHOUN,,WDI3506,31,12,52,,,57,A
367689040,2022-01-01T02:48:24,30.10188,-90.91490,6.3,346.0,352.0,RICK CALHOUN,,WDI3506,31,12,52,,,57,A
367689040,2022-01-01T06:00:03,30.12140,-90.94573,5.9,174.0,181.0,RICK CALHOUN,,WDI3506,31,12,52,,,57,A
367689040,2022-01-01T05:45:44,30.13329,-90.94693,0.2,207.3,196.0,RICK CALHOUN,,WDI3506,31,12,52,,,57,A
367689040,2022-01-01T05:44:43,30.13335,-90.94688,0.3,216.3,197.0,RICK CALHOUN,,WDI3506,31,12,52,,,57,A
367689040,2022-01-01T06:03:44,30.11514,-90.94586,6.1,193.3,217.0,RICK CALHOUN,,WDI3506,31,12,52,,,57,A
367689040,2022-01-01T06:04:54,30.11333,-90.94651,5.7,201.8,233.0,RICK CALHOUN,,WDI3506,31,12,52,,,57,A
367689040,2022-01-01T05:37:34,30.13375,-90.94683,0.4,156.0,198.0,RICK CALHOUN,,WDI3506,31,12,52,,,57,A
367689040,2022-01-01T05:49:23,30.13325,-90.94688,0.2,54.0,192.0,RICK CALHOUN,,WDI3506,31,12,52,,,57,A
367689040,2022-01-01T05:50:34,30.13319,-90.94682,0.4,165.0,192.0,RICK CALHOUN,,WDI3506,31,12,52,,,57,A
367689040,2022-01-01T02:50:43,30.10592,-90.91551,6.3,352.0,351.0,RICK CALHOUN,,WDI3506,31,12,52,,,57,A
367689040,2022-01-01T05:51:43,30.13293,-90.94688,1.5,208.0,191.0,RICK CALHOUN,,WDI3506,31,12,52,,,57,A
367689040,2022-01-01T05:54:04,30.13066,-90.94749,5.0,198.0,182.0,RICK CALHOUN,,WDI3506,31,12,52,,,57,A
367689040,2022-01-01T05:40:55,30.13350,-90.94669,0.1,137.0,202.0,RICK CALHOUN,,WDI3506,31,12,52,,,57,A
367689040,2022-01-01T06:14:34,30.10836,-90.96154,5.6,272.0,275.0,RICK CALHOUN,,WDI3506,31,12,52,,,57,A
367689040,2022-01-01T05:55:14,30.12900,-90.94776,5.3,180.0,171.0,RICK CALHOUN,,WDI3506,31,12,52,,,57,A
367689040,2022-01-01T05:48:14,30.13323,-90.94691,0.1,76.4,193.0,RICK CALHOUN,,WDI3506,31,12,52,,,57,A
367689040,2022-01-01T05:56:24,30.12722,-90.94752,5.6,169.0,168.0,RICK CALHOUN,,WDI3506,31,12,52,,,57,A
367689040,2022-01-01T05:47:03,30.13324,-90.94692,0.1,171.0,194.0,RICK CALHOUN,,WDI3506,31,12,52,,,57,A
367689040,2022-01-01T06:21:44,30.10939,-90.97447,5.7,282.0,286.0,RICK CALHOUN,,WDI3506,31,12,52,,,57,A
367689040,2022-01-01T06:09:53,30.10921,-90.95329,5.5,250.8,263.0,RICK CALHOUN,,WDI3506,31,12,52,,,57,A
367689040,2022-01-01T05:59:54,30.12167,-90.94576,5.9,171.0,180.0,RICK CALHOUN,,WDI3506,31,12,52,,,57,A
367689040,2022-01-01T05:52:54,30.13208,-90.94713,3.6,190.0,189.0,RICK CALHOUN,,WDI3506,31,12,52,,,57,A
367689040,2022-01-01T03:01:33,30.11425,-90.91683,0.6,137.0,353.0,RICK CALHOUN,,WDI3506,31,12,52,,,57,A
367689040,2022-01-01T06:12:13,30.10848,-90.95733,5.5,263.8,272.0,RICK CALHOUN,,WDI3506,31,12,52,,,57,A
367689040,2022-01-01T06:28:35,30.11219,-90.98639,5.6,281.0,277.0,RICK CALHOUN,,WDI3506,31,12,52,,,57,A
367689040,2022-01-01T06:30:44,30.11270,-90.99018,5.5,281.0,271.0,RICK CALHOUN,,WDI3506,31,12,52,,,57,A
367689040,2022-01-01T06:08:43,30.10986,-90.95142,5.4,246.0,257.0,RICK CALHOUN,,WDI3506,31,12,52,,,57,A
367689040,2022-01-01T06:15:44,30.10841,-90.96366,5.7,268.0,276.0,RICK CALHOUN,,WDI3506,31,12,52,,,57,A
367689040,2022-01-01T06:33:03,30.11271,-90.99412,5.4,265.0,267.0,RICK CALHOUN,,WDI3506,31,12,52,,,57,A
367689040,2022-01-01T06:13:24,30.10838,-90.95942,5.6,268.0,275.0,RICK CALHOUN,,WDI3506,31,12,52,,,57,A
367689040,2022-01-01T06:18:04,30.10859,-90.96786,5.7,275.0,278.0,RICK CALHOUN,,WDI3506,31,12,52,,,57,A
367689040,2022-01-01T06:37:03,30.11223,-91.00092,4.3,266.0,274.0,RICK CALHOUN,,WDI3506,31,12,52,,,57,A
367689040,2022-01-01T06:07:34,30.11064,-90.94967,5.3,236.0,253.0,RICK CALHOUN,,WDI3506,31,12,52,,,57,A
367689040,2022-01-01T06:22:53,30.10983,-90.97653,5.7,284.7,287.0,RICK CALHOUN,,WDI3506,31,12,52,,,57,A
367689040,2022-01-01T06:11:03,30.10873,-90.95529,5.5,255.0,268.0,RICK CALHOUN,,WDI3506,31,12,52,,,57,A
367689040,2022-01-01T06:20:35,30.10905,-90.97243,5.7,277.0,284.0,RICK CALHOUN,,WDI3506,31,12,52,,,57,A
367689040,2022-01-01T06:42:53,30.11279,-91.00473,1.0,242.0,253.0,RICK CALHOUN,,WDI3506,31,12,52,,,57,A
367689040,2022-01-01T06:47:33,30.11191,-91.00567,0.8,223.2,256.0,RICK CALHOUN,,WDI3506,31,12,52,,,57,A
367689040,2022-01-01T06:24:03,30.11034,-90.97858,5.7,286.0,288.0,RICK CALHOUN,,WDI3506,31,12,52,,,57,A
367689040,2022-01-01T06:25:14,30.11099,-90.98058,5.6,287.0,282.0,RICK CALHOUN,,WDI3506,31,12,52,,,57,A
367689040,2022-01-01T06:16:53,30.10849,-90.96574,5.7,272.0,277.0,RICK CALHOUN,,WDI3506,31,12,52,,,57,A
367689040,2022-01-01T06:26:24,30.11140,-90.98262,5.6,283.0,281.0,RICK CALHOUN,,WDI3506,31,12,52,,,57,A
367689040,2022-01-01T06:53:04,30.11131,-91.00597,0.1,154.0,257.0,RICK CALHOUN,,WDI3506,31,12,52,,,57,A
367689040,2022-01-01T06:34:13,30.11252,-90.99614,5.4,267.0,270.0,RICK CALHOUN,,WDI3506,31,12,52,,,57,A
367689040,2022-01-01T06:35:34,30.11232,-90.99850,5.5,264.0,272.0,RICK CALHOUN,,WDI3506,31,12,52,,,57,A
367689040,2022-01-01T07:00:04,30.11150,-91.00603,0.1,343.6,253.0,RICK CALHOUN,,WDI3506,31,12,52,,,57,A
367689040,2022-01-01T06:41:44,30.11280,-91.00429,1.4,292.6,257.0,RICK CALHOUN,,WDI3506,31,12,52,,,57,A
367689040,2022-01-01T06:29:43,30.11246,-90.98842,5.5,276.3,275.0,RICK CALHOUN,,WDI3506,31,12,52,,,57,A
367689040,2022-01-01T06:40:33,30.11260,-91.00376,1.7,293.0,266.0,RICK CALHOUN,,WDI3506,31,12,52,,,57,A
367689040,2022-01-01T06:31:53,30.11278,-90.99212,5.3,267.0,268.0,RICK CALHOUN,,WDI3506,31,12,52,,,57,A
367689040,2022-01-01T06:44:03,30.11257,-91.00500,1.0,226.3,254.0,RICK CALHOUN,,WDI3506,31,12,52,,,57,A
367689040,2022-01-01T06:27:34,30.11184,-90.98462,5.6,283.9,279.0,RICK CALHOUN,,WDI3506,31,12,52,,,57,A
367689040,2022-01-01T07:15:13,30.11159,-91.00606,0.0,352.0,251.0,RICK CALHOUN,,WDI3506,31,12,52,,,57,A
367689040,2022-01-01T06:48:34,30.11176,-91.00585,0.6,219.3,256.0,RICK CALHOUN,,WDI3506,31,12,52,,,57,A
367689040,2022-01-01T06:54:15,30.11130,-91.00597,0.1,135.0,258.0,RICK CALHOUN,,WDI3506,31,12,52,,,57,A
367689040,2022-01-01T06:49:35,30.11163,-91.00595,0.5,217.6,256.0,RICK CALHOUN,,WDI3506,31,12,52,,,57,A
367689040,2022-01-01T07:18:33,30.11159,-91.00605,0.0,352.0,250.0,RICK CALHOUN,,WDI3506,31,12,52,,,57,A
367689040,2022-01-01T06:46:24,30.11213,-91.00546,1.1,206.1,255.0,RICK CALHOUN,,WDI3506,31,12,52,,,57,A
367689040,2022-01-01T06:57:53,30.11141,-91.00598,0.2,344.0,254.0,RICK CALHOUN,,WDI3506,31,12,52,,,57,A
367689040,2022-01-01T07:05:54,30.11156,-91.00604,0.0,352.3,252.0,RICK CALHOUN,,WDI3506,31,12,52,,,57,A
367689040,2022-01-01T07:01:44,30.11153,-91.00602,0.1,356.0,252.0,RICK CALHOUN,,WDI3506,31,12,52,,,57,A
367689040,2022-01-01T06:45:13,30.11243,-91.00525,0.9,222.0,253.0,RICK CALHOUN,,WDI3506,31,12,52,,,57,A
367689040,2022-01-01T07:04:24,30.11155,-91.00604,0.0,352.3,252.0,RICK CALHOUN,,WDI3506,31,12,52,,,57,A
367689040,2022-01-01T07:08:14,30.11158,-91.00604,0.0,352.0,252.0,RICK CALHOUN,,WDI3506,31,12,52,,,57,A
367689040,2022-01-01T07:09:23,30.11157,-91.00604,0.0,352.0,252.0,RICK CALHOUN,,WDI3506,31,12,52,,,57,A
367689040,2022-01-01T07:12:53,30.11158,-91.00606,0.0,352.0,251.0,RICK CALHOUN,,WDI3506,31,12,52,,,57,A
367689040,2022-01-01T06:55:35,30.11133,-91.00594,0.1,348.0,257.0,RICK CALHOUN,,WDI3506,31,12,52,,,57,A
367689040,2022-01-01T06:56:44,30.11136,-91.00596,0.2,348.0,256.0,RICK CALHOUN,,WDI3506,31,12,52,,,57,A
367689040,2022-01-01T07:41:23,30.11152,-91.00577,0.0,146.0,252.0,RICK CALHOUN,,WDI3506,31,12,52,,,57,A
367689040,2022-01-01T07:19:43,30.11160,-91.00603,0.1,64.2,250.0,RICK CALHOUN,,WDI3506,31,12,52,,,57,A
367689040,2022-01-01T07:47:03,30.11158,-91.00580,0.0,344.0,251.0,RICK CALHOUN,,WDI3506,31,12,52,,,57,A
367689040,2022-01-01T07:22:04,30.11161,-91.00597,0.1,97.0,249.0,RICK CALHOUN,,WDI3506,31,12,52,,,57,A
367689040,2022-01-01T07:23:05,30.11161,-91.00593,0.1,95.4,249.0,RICK CALHOUN,,WDI3506,31,12,52,,,57,A
367689040,2022-01-01T07:25:23,30.11159,-91.00584,0.1,113.0,250.0,RICK CALHOUN,,WDI3506,31,12,52,,,57,A
367689040,2022-01-01T07:52:54,30.11155,-91.00578,0.0,154.3,251.0,RICK CALHOUN,,WDI3506,31,12,52,,,57,A
367689040,2022-01-01T07:16:24,30.11159,-91.00604,0.0,352.0,250.0,RICK CALHOUN,,WDI3506,31,12,52,,,57,A
367689040,2022-01-01T07:11:44,30.11158,-91.00607,0.0,352.3,252.0,RICK CALHOUN,,WDI3506,31,12,52,,,57,A
367689040,2022-01-01T07:29:14,30.11157,-91.00577,0.0,92.0,251.0,RICK CALHOUN,,WDI3506,31,12,52,,,57,A
367689040,2022-01-01T07:33:24,30.11154,-91.00576,0.0,146.6,252.0,RICK CALHOUN,,WDI3506,31,12,52,,,57,A
367689040,2022-01-01T03:33:13,30.11512,-90.91721,0.2,43.0,346.0,RICK CALHOUN,,WDI3506,31,12,52,,,57,A
367689040,2022-01-01T07:34:25,30.11153,-91.00576,0.0,146.0,252.0,RICK CALHOUN,,WDI3506,31,12,52,,,57,A
367689040,2022-01-01T07:28:03,30.11157,-91.00580,0.0,92.8,251.0,RICK CALHOUN,,WDI3506,31,12,52,,,57,A
367689040,2022-01-01T07:48:13,30.11159,-91.00580,0.0,344.0,250.0,RICK CALHOUN,,WDI3506,31,12,52,,,57,A
367689040,2022-01-01T07:43:34,30.11154,-91.00576,0.0,353.0,251.0,RICK CALHOUN,,WDI3506,31,12,52,,,57,A
367689040,2022-01-01T07:30:54,30.11157,-91.00577,0.0,92.0,251.0,RICK CALHOUN,,WDI3506,31,12,52,,,57,A
367689040,2022-01-01T07:26:24,30.11158,-91.00583,0.1,119.0,251.0,RICK CALHOUN,,WDI3506,31,12,52,,,57,A
367689040,2022-01-01T07:50:34,30.11157,-91.00577,0.0,344.8,250.0,RICK CALHOUN,,WDI3506,31,12,52,,,57,A
367689040,2022-01-01T07:37:54,30.11153,-91.00576,0.0,146.6,251.0,RICK CALHOUN,,WDI3506,31,12,52,,,57,A
367689040,2022-01-01T07:39:04,30.11152,-91.00576,0.0,146.6,251.0,RICK CALHOUN,,WDI3506,31,12,52,,,57,A
367689040,2022-01-01T07:40:14,30.11152,-91.00576,0.0,146.0,252.0,RICK CALHOUN,,WDI3506,31,12,52,,,57,A
367689040,2022-01-01T07:51:44,30.11156,-91.00578,0.1,154.0,250.0,RICK CALHOUN,,WDI3506,31,12,52,,,57,A
367689040,2022-01-01T07:54:04,30.11154,-91.00575,0.0,154.0,251.0,RICK CALHOUN,,WDI3506,31,12,52,,,57,A
367689040,2022-01-01T07:36:43,30.11153,-91.00576,0.0,146.0,251.0,RICK CALHOUN,,WDI3506,31,12,52,,,57,A
367689040,2022-01-01T07:45:54,30.11157,-91.00578,0.1,340.9,251.0,RICK CALHOUN,,WDI3506,31,12,52,,,57,A
367689040,2022-01-01T07:58:34,30.11154,-91.00575,0.0,156.0,251.0,RICK CALHOUN,,WDI3506,31,12,52,,,57,A
367689040,2022-01-01T07:49:25,30.11159,-91.00580,0.0,344.0,250.0,RICK CALHOUN,,WDI3506,31,12,52,,,57,A
367689040,2022-01-01T08:01:54,30.11155,-91.00578,0.0,156.0,251.0,RICK CALHOUN,,WDI3506,31,12,52,,,57,A
367689040,2022-01-01T03:46:53,30.11655,-90.91762,0.1,265.0,344.0,RICK CALHOUN,,WDI3506,31,12,52,,,57,A
367689040,2022-01-01T07:57:24,30.11154,-91.00575,0.0,156.7,251.0,RICK CALHOUN,,WDI3506,31,12,52,,,57,A
367689040,2022-01-01T08:04:13,30.11155,-91.00575,0.0,156.7,251.0,RICK CALHOUN,,WDI3506,31,12,52,,,57,A
367689040,2022-01-01T08:06:23,30.11155,-91.00575,0.0,156.7,251.0,RICK CALHOUN,,WDI3506,31,12,52,,,57,A
367689040,2022-01-01T07:42:33,30.11153,-91.00576,0.0,146.0,251.0,RICK CALHOUN,,WDI3506,31,12,52,,,57,A
367689040,2022-01-01T08:33:14,30.11153,-91.00576,0.0,154.9,251.0,RICK CALHOUN,,WDI3506,31,12,52,,,57,A
367689040,2022-01-01T07:44:44,30.11155,-91.00579,0.0,353.0,251.0,RICK CALHOUN,,WDI3506,31,12,52,,,57,A
367689040,2022-01-01T07:59:44,30.11155,-91.00575,0.0,156.0,251.0,RICK CALHOUN,,WDI3506,31,12,52,,,57,A
367689040,2022-01-01T08:12:13,30.11159,-91.00580,0.0,156.7,251.0,RICK CALHOUN,,WDI3506,31,12,52,,,57,A
367689040,2022-01-01T08:13:23,30.11158,-91.00577,0.0,156.0,251.0,RICK CALHOUN,,WDI3506,31,12,52,,,57,A
367689040,2022-01-01T08:16:04,30.11157,-91.00577,0.0,156.0,250.0,RICK CALHOUN,,WDI3506,31,12,52,,,57,A
367689040,2022-01-01T08:03:04,30.11155,-91.00578,0.0,156.0,251.0,RICK CALHOUN,,WDI3506,31,12,52,,,57,A
367689040,2022-01-01T08:19:54,30.11158,-91.00577,0.0,156.0,249.0,RICK CALHOUN,,WDI3506,31,12,52,,,57,A
367689040,2022-01-01T07:56:23,30.11153,-91.00576,0.0,156.0,251.0,RICK CALHOUN,,WDI3506,31,12,52,,,57,A
367689040,2022-01-01T08:22:14,30.11158,-91.00578,0.0,156.0,249.0,RICK CALHOUN,,WDI3506,31,12,52,,,57,A
367689040,2022-01-01T08:08:43,30.11156,-91.00578,0.0,156.0,251.0,RICK CALHOUN,,WDI3506,31,12,52,,,57,A
367689040,2022-01-01T08:23:15,30.11157,-91.00578,0.0,156.0,249.0,RICK CALHOUN,,WDI3506,31,12,52,,,57,A
367689040,2022-01-01T08:09:54,30.11157,-91.00577,0.0,156.0,251.0,RICK CALHOUN,,WDI3506,31,12,52,,,57,A
367689040,2022-01-01T08:11:04,30.11158,-91.00580,0.0,156.0,251.0,RICK CALHOUN,,WDI3506,31,12,52,,,57,A
367689040,2022-01-01T08:26:34,30.11157,-91.00578,0.0,156.7,250.0,RICK CALHOUN,,WDI3506,31,12,52,,,57,A
367689040,2022-01-01T08:27:35,30.11157,-91.00578,0.0,156.0,251.0,RICK CALHOUN,,WDI3506,31,12,52,,,57,A
367689040,2022-01-01T08:18:43,30.11158,-91.00578,0.0,156.0,250.0,RICK CALHOUN,,WDI3506,31,12,52,,,57,A
367689040,2022-01-01T08:29:53,30.11156,-91.00579,0.0,156.0,251.0,RICK CALHOUN,,WDI3506,31,12,52,,,57,A
367689040,2022-01-01T03:56:13,30.11693,-90.91782,0.5,50.1,352.0,RICK CALHOUN,,WDI3506,31,12,52,,,57,A
367689040,2022-01-01T08:07:35,30.11155,-91.00579,0.0,156.0,251.0,RICK CALHOUN,,WDI3506,31,12,52,,,57,A
367689040,2022-01-01T08:31:03,30.11155,-91.00578,0.0,156.7,251.0,RICK CALHOUN,,WDI3506,31,12,52,,,57,A
367689040,2022-01-01T08:37:54,30.11150,-91.00574,0.0,154.9,252.0,RICK CALHOUN,,WDI3506,31,12,52,,,57,A
367689040,2022-01-01T08:25:25,30.11158,-91.00578,0.0,156.0,250.0,RICK CALHOUN,,WDI3506,31,12,52,,,57,A
367689040,2022-01-01T08:34:24,30.11152,-91.00576,0.0,154.0,251.0,RICK CALHOUN,,WDI3506,31,12,52,,,57,A
367689040,2022-01-01T08:39:05,30.11149,-91.00572,0.0,154.0,252.0,RICK CALHOUN,,WDI3506,31,12,52,,,57,A
367689040,2022-01-01T08:28:43,30.11156,-91.00579,0.0,156.0,251.0,RICK CALHOUN,,WDI3506,31,12,52,,,57,A
367689040,2022-01-01T08:41:23,30.11147,-91.00572,0.0,154.0,252.0,RICK CALHOUN,,WDI3506,31,12,52,,,57,A
367689040,2022-01-01T08:36:43,30.11151,-91.00576,0.0,154.0,252.0,RICK CALHOUN,,WDI3506,31,12,52,,,57,A
367689040,2022-01-01T08:42:34,30.11146,-91.00572,0.0,154.0,253.0,RICK CALHOUN,,WDI3506,31,12,52,,,57,A
367689040,2022-01-01T08:47:13,30.11146,-91.00573,0.0,154.0,254.0,RICK CALHOUN,,WDI3506,31,12,52,,,57,A
367689040,2022-01-01T04:01:34,30.11712,-90.91758,0.2,155.5,346.0,RICK CALHOUN,,WDI3506,31,12,52,,,57,A
367689040,2022-01-01T08:48:24,30.11145,-91.00573,0.0,154.9,254.0,RICK CALHOUN,,WDI3506,31,12,52,,,57,A
367689040,2022-01-01T08:35:34,30.11151,-91.00576,0.0,154.0,251.0,RICK CALHOUN,,WDI3506,31,12,52,,,57,A
367689040,2022-01-01T08:49:33,30.11145,-91.00573,0.0,154.0,254.0,RICK CALHOUN,,WDI3506,31,12,52,,,57,A
367689040,2022-01-01T08:50:44,30.11144,-91.00570,0.0,154.0,254.0,RICK CALHOUN,,WDI3506,31,12,52,,,57,A
367689040,2022-01-01T08:51:55,30.11144,-91.00570,0.0,154.0,254.0,RICK CALHOUN,,WDI3506,31,12,52,,,57,A
367689040,2022-01-01T09:18:44,30.11133,-91.00565,0.0,163.0,257.0,RICK CALHOUN,,WDI3506,31,12,52,,,57,A
367689040,2022-01-01T08:56:24,30.11145,-91.00573,0.0,154.9,253.0,RICK CALHOUN,,WDI3506,31,12,52,,,57,A
367689040,2022-01-01T08:57:34,30.11145,-91.00573,0.0,154.0,253.0,RICK CALHOUN,,WDI3506,31,12,52,,,57,A
367689040,2022-01-01T08:55:14,30.11145,-91.00573,0.0,154.0,253.0,RICK CALHOUN,,WDI3506,31,12,52,,,57,A
367689040,2022-01-01T08:53:03,30.11144,-91.00570,0.0,154.9,254.0,RICK CALHOUN,,WDI3506,31,12,52,,,57,A
367689040,2022-01-01T08:59:42,30.11145,-91.00571,0.0,154.0,252.0,RICK CALHOUN,,WDI3506,31,12,52,,,57,A
367689040,2022-01-01T04:08:34,30.12218,-90.91982,5.7,330.0,335.0,RICK CALHOUN,,WDI3506,31,12,52,,,57,A
367689040,2022-01-01T09:05:23,30.11143,-91.00569,0.1,154.9,254.0,RICK CALHOUN,,WDI3506,31,12,52,,,57,A
367689040,2022-01-01T09:01:52,30.11144,-91.00571,0.0,154.0,252.0,RICK CALHOUN,,WDI3506,31,12,52,,,57,A
367689040,2022-01-01T09:33:43,30.11131,-91.00566,0.0,163.0,256.0,RICK CALHOUN,,WDI3506,31,12,52,,,57,A
367689040,2022-01-01T08:40:14,30.11148,-91.00572,0.0,154.9,252.0,RICK CALHOUN,,WDI3506,31,12,52,,,57,A
367689040,2022-01-01T09:08:52,30.11136,-91.00567,0.1,159.9,255.0,RICK CALHOUN,,WDI3506,31,12,52,,,57,A
367689040,2022-01-01T09:06:33,30.11141,-91.00567,0.1,155.0,254.0,RICK CALHOUN,,WDI3506,31,12,52,,,57,A
367689040,2022-01-01T08:58:35,30.11145,-91.00570,0.0,154.0,253.0,RICK CALHOUN,,WDI3506,31,12,52,,,57,A
367689040,2022-01-01T04:13:13,30.12942,-90.92299,6.0,339.0,329.0,RICK CALHOUN,,WDI3506,31,12,52,,,57,A
367689040,2022-01-01T09:39:33,30.11134,-91.00566,0.0,163.0,256.0,RICK CALHOUN,,WDI3506,31,12,52,,,57,A
367689040,2022-01-01T09:00:04,30.11145,-91.00571,0.0,154.0,252.0,RICK CALHOUN,,WDI3506,31,12,52,,,57,A
367689040,2022-01-01T08:44:55,30.11146,-91.00575,0.0,154.0,254.0,RICK CALHOUN,,WDI3506,31,12,52,,,57,A
367689040,2022-01-01T09:17:34,30.11134,-91.00568,0.0,163.0,257.0,RICK CALHOUN,,WDI3506,31,12,52,,,57,A
367689040,2022-01-01T09:23:24,30.11133,-91.00568,0.0,163.0,258.0,RICK CALHOUN,,WDI3506,31,12,52,,,57,A
367689040,2022-01-01T09:22:13,30.11134,-91.00568,0.0,163.0,258.0,RICK CALHOUN,,WDI3506,31,12,52,,,57,A
367689040,2022-01-01T09:25:42,30.11133,-91.00568,0.0,163.0,257.0,RICK CALHOUN,,WDI3506,31,12,52,,,57,A
367689040,2022-01-01T09:14:03,30.11132,-91.00568,0.0,163.0,257.0,RICK CALHOUN,,WDI3506,31,12,52,,,57,A
367689040,2022-01-01T09:26:54,30.11133,-91.00568,0.0,163.0,257.0,RICK CALHOUN,,WDI3506,31,12,52,,,57,A
367689040,2022-01-01T09:28:04,30.11134,-91.00568,0.0,163.0,258.0,RICK CALHOUN,,WDI3506,31,12,52,,,57,A
367689040,2022-01-01T09:29:14,30.11134,-91.00568,0.0,163.0,257.0,RICK CALHOUN,,WDI3506,31,12,52,,,57,A
367689040,2022-01-01T09:32:33,30.11133,-91.00566,0.0,163.0,256.0,RICK CALHOUN,,WDI3506,31,12,52,,,57,A
367689040,2022-01-01T09:03:04,30.11144,-91.00572,0.0,154.0,253.0,RICK CALHOUN,,WDI3506,31,12,52,,,57,A
367689040,2022-01-01T09:21:04,30.11134,-91.00568,0.0,163.0,258.0,RICK CALHOUN,,WDI3506,31,12,52,,,57,A
367689040,2022-01-01T09:31:23,30.11132,-91.00565,0.0,163.0,257.0,RICK CALHOUN,,WDI3506,31,12,52,,,57,A
367689040,2022-01-01T09:37:13,30.11134,-91.00568,0.0,163.0,256.0,RICK CALHOUN,,WDI3506,31,12,52,,,57,A
367689040,2022-01-01T09:07:43,30.11138,-91.00570,0.1,158.0,255.0,RICK CALHOUN,,WDI3506,31,12,52,,,57,A
367689040,2022-01-01T09:10:03,30.11134,-91.00567,0.1,162.0,255.0,RICK CALHOUN,,WDI3506,31,12,52,,,57,A
367689040,2022-01-01T09:12:52,30.11131,-91.00568,0.0,163.0,256.0,RICK CALHOUN,,WDI3506,31,12,52,,,57,A
367689040,2022-01-01T09:41:53,30.11134,-91.00569,0.0,163.0,256.0,RICK CALHOUN,,WDI3506,31,12,52,,,57,A
367689040,2022-01-01T09:30:22,30.11133,-91.00569,0.0,163.0,257.0,RICK CALHOUN,,WDI3506,31,12,52,,,57,A
367689040,2022-01-01T09:43:04,30.11134,-91.00568,0.0,163.0,256.0,RICK CALHOUN,,WDI3506,31,12,52,,,57,A
367689040,2022-01-01T09:40:42,30.11134,-91.00566,0.0,163.0,256.0,RICK CALHOUN,,WDI3506,31,12,52,,,57,A
367689040,2022-01-01T09:44:13,30.11135,-91.00568,0.0,163.0,256.0,RICK CALHOUN,,WDI3506,31,12,52,,,57,A
367689040,2022-01-01T10:13:13,30.11137,-91.00567,0.0,163.0,255.0,RICK CALHOUN,,WDI3506,31,12,52,,,57,A
367689040,2022-01-01T09:46:33,30.11136,-91.00568,0.0,163.0,256.0,RICK CALHOUN,,WDI3506,31,12,52,,,57,A
367689040,2022-01-01T09:48:04,30.11137,-91.00568,0.0,163.0,256.0,RICK CALHOUN,,WDI3506,31,12,52,,,57,A
367689040,2022-01-01T09:19:54,30.11133,-91.00569,0.0,163.0,257.0,RICK CALHOUN,,WDI3506,31,12,52,,,57,A
367689040,2022-01-01T09:34:53,30.11130,-91.00567,0.0,163.0,256.0,RICK CALHOUN,,WDI3506,31,12,52,,,57,A
367689040,2022-01-01T09:24:32,30.11133,-91.00565,0.0,163.0,257.0,RICK CALHOUN,,WDI3506,31,12,52,,,57,A
367689040,2022-01-01T09:51:32,30.11135,-91.00569,0.0,163.0,255.0,RICK CALHOUN,,WDI3506,31,12,52,,,57,A
367689040,2022-01-01T10:22:23,30.11134,-91.00569,0.0,163.0,256.0,RICK CALHOUN,,WDI3506,31,12,52,,,57,A
367689040,2022-01-01T04:34:03,30.13483,-90.94540,0.9,229.0,207.0,RICK CALHOUN,,WDI3506,31,12,52,,,57,A
367689040,2022-01-01T09:45:23,30.11136,-91.00568,0.0,163.0,256.0,RICK CALHOUN,,WDI3506,31,12,52,,,57,A
367689040,2022-01-01T10:04:03,30.11135,-91.00568,0.0,163.0,257.0,RICK CALHOUN,,WDI3506,31,12,52,,,57,A
367689040,2022-01-01T09:36:03,30.11131,-91.00566,0.0,163.0,255.0,RICK CALHOUN,,WDI3506,31,12,52,,,57,A
367689040,2022-01-01T09:49:13,30.11136,-91.00568,0.0,163.0,256.0,RICK CALHOUN,,WDI3506,31,12,52,,,57,A
367689040,2022-01-01T10:07:33,30.11135,-91.00568,0.0,163.0,256.0,RICK CALHOUN,,WDI3506,31,12,52,,,57,A
367689040,2022-01-01T04:35:04,30.13470,-90.94559,0.7,241.0,206.0,RICK CALHOUN,,WDI3506,31,12,52,,,57,A
367689040,2022-01-01T09:54:43,30.11134,-91.00568,0.0,163.0,255.0,RICK CALHOUN,,WDI3506,31,12,52,,,57,A
367689040,2022-01-01T09:53:34,30.11134,-91.00568,0.0,163.0,255.0,RICK CALHOUN,,WDI3506,31,12,52,,,57,A
367689040,2022-01-01T10:05:14,30.11135,-91.00568,0.0,163.0,257.0,RICK CALHOUN,,WDI3506,31,12,52,,,57,A
367689040,2022-01-01T10:10:54,30.11137,-91.00567,0.0,163.0,255.0,RICK CALHOUN,,WDI3506,31,12,52,,,57,A
367689040,2022-01-01T10:15:33,30.11136,-91.00568,0.0,163.0,255.0,RICK CALHOUN,,WDI3506,31,12,52,,,57,A
367689040,2022-01-01T09:58:12,30.11133,-91.00568,0.0,163.0,257.0,RICK CALHOUN,,WDI3506,31,12,52,,,57,A
367689040,2022-01-01T10:12:04,30.11137,-91.00568,0.0,163.0,255.0,RICK CALHOUN,,WDI3506,31,12,52,,,57,A
367689040,2022-01-01T09:50:22,30.11135,-91.00568,0.0,163.0,256.0,RICK CALHOUN,,WDI3506,31,12,52,,,57,A
367689040,2022-01-01T10:45:24,30.11122,-91.00568,0.1,252.0,259.0,RICK CALHOUN,,WDI3506,31,12,52,,,57,A
367689040,2022-01-01T10:08:34,30.11136,-91.00567,0.0,163.0,256.0,RICK CALHOUN,,WDI3506,31,12,52,,,57,A
367689040,2022-01-01T10:14:24,30.11136,-91.00567,0.0,163.0,255.0,RICK CALHOUN,,WDI3506,31,12,52,,,57,A
367689040,2022-01-01T10:09:43,30.11137,-91.00567,0.0,163.0,255.0,RICK CALHOUN,,WDI3506,31,12,52,,,57,A
367689040,2022-01-01T10:49:49,30.11135,-91.00573,0.0,339.0,256.0,RICK CALHOUN,,WDI3506,31,1,52,,,57,A
367689040,2022-01-01T09:55:54,30.11134,-91.00568,0.0,163.0,256.0,RICK CALHOUN,,WDI3506,31,12,52,,,57,A
367689040,2022-01-01T09:57:04,30.11133,-91.00568,0.0,163.0,256.0,RICK CALHOUN,,WDI3506,31,12,52,,,57,A
367689040,2022-01-01T10:19:03,30.11135,-91.00568,0.0,163.0,256.0,RICK CALHOUN,,WDI3506,31,12,52,,,57,A
367689040,2022-01-01T10:20:04,30.11135,-91.00568,0.0,163.0,256.0,RICK CALHOUN,,WDI3506,31,12,52,,,57,A
367689040,2022-01-01T09:59:24,30.11133,-91.00568,0.0,163.0,256.0,RICK CALHOUN,,WDI3506,31,12,52,,,57,A
367689040,2022-01-01T10:31:34,30.11136,-91.00568,0.0,163.0,254.0,RICK CALHOUN,,WDI3506,31,12,52,,,57,A
367689040,2022-01-01T10:21:13,30.11134,-91.00568,0.0,163.0,256.0,RICK CALHOUN,,WDI3506,31,12,52,,,57,A
367689040,2022-01-01T10:28:13,30.11136,-91.00568,0.0,163.0,255.0,RICK CALHOUN,,WDI3506,31,12,52,,,57,A
367689040,2022-01-01T10:33:54,30.11136,-91.00568,0.0,163.0,255.0,RICK CALHOUN,,WDI3506,31,12,52,,,57,A
367689040,2022-01-01T10:30:24,30.11136,-91.00568,0.0,163.0,255.0,RICK CALHOUN,,WDI3506,31,12,52,,,57,A
367689040,2022-01-01T11:07:49,30.11131,-91.00571,0.1,165.0,256.0,RICK CALHOUN,,WDI3506,31,1,52,,,57,A
367689040,2022-01-01T10:24:44,30.11133,-91.00566,0.0,163.0,256.0,RICK CALHOUN,,WDI3506,31,12,52,,,57,A
367689040,2022-01-01T10:25:53,30.11134,-91.00566,0.0,163.0,256.0,RICK CALHOUN,,WDI3506,31,12,52,,,57,A
367689040,2022-01-01T10:17:53,30.11136,-91.00568,0.0,163.0,255.0,RICK CALHOUN,,WDI3506,31,12,52,,,57,A
367689040,2022-01-01T10:29:23,30.11136,-91.00567,0.0,163.0,255.0,RICK CALHOUN,,WDI3506,31,12,52,,,57,A
367689040,2022-01-01T10:38:34,30.11136,-91.00568,0.0,163.0,256.0,RICK CALHOUN,,WDI3506,31,12,52,,,57,A
367689040,2022-01-01T10:35:03,30.11136,-91.00568,0.0,163.0,255.0,RICK CALHOUN,,WDI3506,31,12,52,,,57,A
367689040,2022-01-01T11:16:49,30.11128,-91.00569,0.0,332.4,259.0,RICK CALHOUN,,WDI3506,31,1,52,,,57,A
367689040,2022-01-01T04:50:14,30.13327,-90.94534,0.3,155.0,213.0,RICK CALHOUN,,WDI3506,31,12,52,,,57,A
367689040,2022-01-01T10:40:54,30.11136,-91.00567,0.0,163.0,255.0,RICK CALHOUN,,WDI3506,31,12,52,,,57,A
367689040,2022-01-01T10:44:23,30.11126,-91.00566,0.2,183.0,258.0,RICK CALHOUN,,WDI3506,31,12,52,,,57,A
367689040,2022-01-01T11:19:49,30.11129,-91.00572,0.0,206.0,259.0,RICK CALHOUN,,WDI3506,31,1,52,,,57,A
367689040,2022-01-01T10:36:13,30.11136,-91.00567,0.0,163.0,255.0,RICK CALHOUN,,WDI3506,31,12,52,,,57,A
367689040,2022-01-01T10:46:34,30.11126,-91.00569,0.2,338.0,258.0,RICK CALHOUN,,WDI3506,31,12,52,,,57,A
367689040,2022-01-01T10:39:44,30.11136,-91.00568,0.0,163.0,256.0,RICK CALHOUN,,WDI3506,31,12,52,,,57,A
367689040,2022-01-01T10:47:43,30.11131,-91.00571,0.1,340.0,257.0,RICK CALHOUN,,WDI3506,31,1,52,,,57,A
367689040,2022-01-01T04:53:33,30.13323,-90.94549,0.4,272.0,216.0,RICK CALHOUN,,WDI3506,31,12,52,,,57,A
367689040,2022-01-01T10:42:04,30.11136,-91.00568,0.0,163.0,255.0,RICK CALHOUN,,WDI3506,31,12,52,,,57,A
367689040,2022-01-01T10:32:43,30.11136,-91.00568,0.0,163.0,254.0,RICK CALHOUN,,WDI3506,31,12,52,,,57,A
367689040,2022-01-01T11:04:49,30.11133,-91.00573,0.0,336.2,257.0,RICK CALHOUN,,WDI3506,31,1,52,,,57,A
367689040,2022-01-01T10:52:49,30.11135,-91.00572,0.0,336.0,256.0,RICK CALHOUN,,WDI3506,31,1,52,,,57,A
367689040,2022-01-01T10:43:14,30.11133,-91.00569,0.2,172.0,257.0,RICK CALHOUN,,WDI3506,31,12,52,,,57,A
367689040,2022-01-01T11:22:49,30.11126,-91.00576,0.1,266.0,259.0,RICK CALHOUN,,WDI3506,31,1,52,,,57,A
367689040,2022-01-01T10:55:49,30.11132,-91.00574,0.0,336.0,256.0,RICK CALHOUN,,WDI3506,31,1,52,,,57,A
367689040,2022-01-01T10:58:49,30.11130,-91.00571,0.0,336.2,257.0,RICK CALHOUN,,WDI3506,31,1,52,,,57,A
367689040,2022-01-01T11:25:49,30.11121,-91.00585,0.1,268.8,259.0,RICK CALHOUN,,WDI3506,31,1,52,,,57,A
367689040,2022-01-01T11:37:49,30.11124,-91.00589,0.0,172.0,259.0,RICK CALHOUN,,WDI3506,31,1,52,,,57,A
367689040,2022-01-01T11:43:49,30.11125,-91.00592,0.0,172.0,258.0,RICK CALHOUN,,WDI3506,31,1,52,,,57,A
367689040,2022-01-01T11:34:49,30.11122,-91.00589,0.0,172.0,259.0,RICK CALHOUN,,WDI3506,31,1,52,,,57,A
367689040,2022-01-01T11:40:49,30.11124,-91.00589,0.0,172.6,258.0,RICK CALHOUN,,WDI3506,31,1,52,,,57,A
367689040,2022-01-01T12:27:58,30.11230,-91.02024,5.6,285.0,292.0,RICK CALHOUN,,WDI3506,31,12,52,,,57,A
367689040,2022-01-01T12:04:49,30.11115,-91.00587,0.0,172.0,259.0,RICK CALHOUN,,WDI3506,31,1,52,,,57,A
367689040,2022-01-01T11:49:49,30.11122,-91.00589,0.0,172.0,258.0,RICK CALHOUN,,WDI3506,31,1,52,,,57,A
367689040,2022-01-01T12:13:49,30.11102,-91.00565,0.3,272.0,268.0,RICK CALHOUN,,WDI3506,31,1,52,,,57,A
367689040,2022-01-01T12:39:40,30.12458,-91.03090,6.0,37.0,48.0,RICK CALHOUN,,WDI3506,31,12,52,,,57,A
367689040,2022-01-01T12:01:49,30.11117,-91.00587,0.0,172.0,259.0,RICK CALHOUN,,WDI3506,31,1,52,,,57,A
367689040,2022-01-01T12:20:50,30.11122,-91.00946,3.3,271.0,274.0,RICK CALHOUN,,WDI3506,31,1,52,,,57,A
367689040,2022-01-01T12:10:49,30.11117,-91.00584,0.3,106.0,260.0,RICK CALHOUN,,WDI3506,31,1,52,,,57,A
367689040,2022-01-01T11:58:49,30.11117,-91.00588,0.0,172.0,259.0,RICK CALHOUN,,WDI3506,31,1,52,,,57,A
367689040,2022-01-01T05:24:53,30.13407,-90.94683,0.2,243.5,200.0,RICK CALHOUN,,WDI3506,31,12,52,,,57,A
367689040,2022-01-01T12:52:30,30.13803,-91.00785,7.2,53.0,42.0,RICK CALHOUN,,WDI3506,31,12,52,,,57,A
367689040,2022-01-01T12:30:19,30.11362,-91.02435,6.0,292.0,305.0,RICK CALHOUN,,WDI3506,31,12,52,,,57,A
367689040,2022-01-01T12:32:38,30.11557,-91.02825,5.9,306.0,330.0,RICK CALHOUN,,WDI3506,31,12,52,,,57,A
367689040,2022-01-01T12:33:39,30.11662,-91.02961,5.6,314.0,342.0,RICK CALHOUN,,WDI3506,31,12,52,,,57,A
367689040,2022-01-01T11:52:49,30.11121,-91.00590,0.0,172.6,258.0,RICK CALHOUN,,WDI3506,31,1,52,,,57,A
367689040,2022-01-01T12:19:49,30.11122,-91.00847,2.8,268.0,272.0,RICK CALHOUN,,WDI3506,31,1,52,,,57,A
367689040,2022-01-01T11:55:49,30.11119,-91.00587,0.0,172.0,259.0,RICK CALHOUN,,WDI3506,31,1,52,,,57,A
367689040,2022-01-01T12:23:19,30.11132,-91.01268,4.6,266.0,275.0,RICK CALHOUN,,WDI3506,31,12,52,,,57,A
367689040,2022-01-01T12:31:28,30.11448,-91.02636,6.0,301.1,317.0,RICK CALHOUN,,WDI3506,31,12,52,,,57,A
367689040,2022-01-01T13:10:10,30.16593,-91.00726,6.9,334.0,332.0,RICK CALHOUN,,WDI3506,31,12,52,,,57,A
367689040,2022-01-01T12:21:59,30.11132,-91.01084,3.9,274.6,273.0,RICK CALHOUN,,WDI3506,31,12,52,,,57,A
367689040,2022-01-01T12:35:59,30.11944,-91.03198,5.2,334.0,13.0,RICK CALHOUN,,WDI3506,31,12,52,,,57,A
367689040,2022-01-01T13:13:40,30.17194,-91.01099,7.1,328.0,330.0,RICK CALHOUN,,WDI3506,31,12,52,,,57,A
367689040,2022-01-01T12:48:59,30.13443,-91.01449,6.9,67.0,59.0,RICK CALHOUN,,WDI3506,31,12,52,,,57,A
367689040,2022-01-01T13:16:59,30.17762,-91.01484,7.2,328.0,329.0,RICK CALHOUN,,WDI3506,31,12,52,,,57,A
367689040,2022-01-01T12:50:10,30.13554,-91.01226,7.0,60.0,56.0,RICK CALHOUN,,WDI3506,31,12,52,,,57,A
367689040,2022-01-01T12:34:48,30.11796,-91.03095,5.3,322.0,357.0,RICK CALHOUN,,WDI3506,31,12,52,,,57,A
367689040,2022-01-01T12:37:30,30.12155,-91.03252,5.1,3.0,34.0,RICK CALHOUN,,WDI3506,31,12,52,,,57,A
367689040,2022-01-01T12:40:49,30.12609,-91.02935,6.5,43.0,51.0,RICK CALHOUN,,WDI3506,31,12,52,,,57,A
367689040,2022-01-01T13:26:18,30.19357,-91.02594,7.2,323.9,321.0,RICK CALHOUN,,WDI3506,31,12,52,,,57,A
367689040,2022-01-01T12:57:09,30.14423,-91.00190,5.6,9.0,5.0,RICK CALHOUN,,WDI3506,31,12,52,,,57,A
367689040,2022-01-01T12:58:19,30.14609,-91.00148,5.8,9.0,0.0,RICK CALHOUN,,WDI3506,31,12,52,,,57,A
367689040,2022-01-01T12:51:19,30.13669,-91.01002,7.0,56.0,49.0,RICK CALHOUN,,WDI3506,31,12,52,,,57,A
367689040,2022-01-01T12:45:39,30.13172,-91.02112,6.8,58.0,65.0,RICK CALHOUN,,WDI3506,31,12,52,,,57,A
367689040,2022-01-01T12:46:49,30.13275,-91.01884,6.8,63.0,66.0,RICK CALHOUN,,WDI3506,31,12,52,,,57,A
367689040,2022-01-01T12:43:19,30.12919,-91.02530,6.8,52.0,58.0,RICK CALHOUN,,WDI3506,31,12,52,,,57,A
367689040,2022-01-01T12:44:29,30.13052,-91.02325,6.8,55.0,62.0,RICK CALHOUN,,WDI3506,31,12,52,,,57,A
367689040,2022-01-01T12:47:58,30.13365,-91.01654,6.9,64.0,63.0,RICK CALHOUN,,WDI3506,31,12,52,,,57,A
367689040,2022-01-01T12:24:29,30.11132,-91.01448,5.0,273.0,280.0,RICK CALHOUN,,WDI3506,31,12,52,,,57,A
367689040,2022-01-01T13:08:59,30.16387,-91.00614,6.8,334.0,334.0,RICK CALHOUN,,WDI3506,31,12,52,,,57,A
367689040,2022-01-01T12:25:38,30.11148,-91.01640,5.2,277.0,285.0,RICK CALHOUN,,WDI3506,31,12,52,,,57,A
367689040,2022-01-01T12:26:48,30.11179,-91.01829,5.3,284.5,289.0,RICK CALHOUN,,WDI3506,31,12,52,,,57,A
367689040,2022-01-01T13:12:28,30.16988,-91.00966,7.0,331.3,330.0,RICK CALHOUN,,WDI3506,31,12,52,,,57,A
367689040,2022-01-01T13:05:28,30.15794,-91.00324,6.4,339.0,337.0,RICK CALHOUN,,WDI3506,31,12,52,,,57,A
367689040,2022-01-01T12:54:48,30.14100,-91.00380,6.6,46.4,22.0,RICK CALHOUN,,WDI3506,31,12,52,,,57,A
367689040,2022-01-01T12:55:59,30.14255,-91.00241,5.6,27.0,7.0,RICK CALHOUN,,WDI3506,31,12,52,,,57,A
367689040,2022-01-01T13:07:50,30.16191,-91.00511,6.7,336.0,335.0,RICK CALHOUN,,WDI3506,31,12,52,,,57,A
367689040,2022-01-01T13:04:20,30.15606,-91.00250,6.3,345.0,339.0,RICK CALHOUN,,WDI3506,31,12,52,,,57,A
367689040,2022-01-01T12:59:28,30.14795,-91.00129,5.9,2.0,356.0,RICK CALHOUN,,WDI3506,31,12,52,,,57,A
367689040,2022-01-01T13:00:49,30.15019,-91.00125,6.0,358.0,349.0,RICK CALHOUN,,WDI3506,31,12,52,,,57,A
367689040,2022-01-01T13:59:48,30.20945,-91.08983,6.1,252.0,246.0,RICK CALHOUN,,WDI3506,31,12,52,,,57,A
367689040,2022-01-01T05:58:43,30.12352,-90.94651,6.0,164.0,168.0,RICK CALHOUN,,WDI3506,31,12,52,,,57,A
367689040,2022-01-01T13:20:29,30.18366,-91.01889,7.2,331.1,330.0,RICK CALHOUN,,WDI3506,31,12,52,,,57,A
367689040,2022-01-01T13:27:28,30.19538,-91.02759,7.1,318.0,319.0,RICK CALHOUN,,WDI3506,31,12,52,,,57,A
367689040,2022-01-01T13:11:19,30.16791,-91.00841,7.0,332.0,330.0,RICK CALHOUN,,WDI3506,31,12,52,,,57,A
367689040,2022-01-01T13:21:40,30.18573,-91.02028,7.2,329.0,329.0,RICK CALHOUN,,WDI3506,31,12,52,,,57,A
367689040,2022-01-01T13:22:49,30.18774,-91.02160,7.3,327.0,328.0,RICK CALHOUN,,WDI3506,31,12,52,,,57,A
367689040,2022-01-01T13:14:49,30.17390,-91.01238,7.2,329.0,330.0,RICK CALHOUN,,WDI3506,31,12,52,,,57,A
367689040,2022-01-01T14:11:40,30.19971,-91.11111,6.7,239.0,233.0,RICK CALHOUN,,WDI3506,31,12,52,,,57,A
367689040,2022-01-01T06:06:04,30.11196,-90.94770,5.1,228.0,243.0,RICK CALHOUN,,WDI3506,31,12,52,,,57,A
367689040,2022-01-01T13:39:09,30.20900,-91.04767,6.7,291.0,288.0,RICK CALHOUN,,WDI3506,31,12,52,,,57,A
367689040,2022-01-01T13:25:08,30.19168,-91.02440,7.2,326.0,323.0,RICK CALHOUN,,WDI3506,31,12,52,,,57,A
367689040,2022-01-01T14:21:30,30.18858,-91.12760,6.7,225.0,221.0,RICK CALHOUN,,WDI3506,31,12,52,,,57,A
367689040,2022-01-01T13:23:59,30.18974,-91.02291,7.2,328.0,326.0,RICK CALHOUN,,WDI3506,31,12,52,,,57,A
367689040,2022-01-01T13:42:39,30.21100,-91.05506,7.1,283.0,280.0,RICK CALHOUN,,WDI3506,31,12,52,,,57,A
367689040,2022-01-01T13:29:48,30.19883,-91.03106,6.9,316.0,313.0,RICK CALHOUN,,WDI3506,31,12,52,,,57,A
367689040,2022-01-01T14:26:31,30.18117,-91.13494,7.1,223.0,241.0,RICK CALHOUN,,WDI3506,31,12,52,,,57,A
367689040,2022-01-01T13:30:50,30.20019,-91.03268,6.8,313.0,309.0,RICK CALHOUN,,WDI3506,31,12,52,,,57,A
367689040,2022-01-01T13:03:08,30.15406,-91.00187,6.1,345.0,342.0,RICK CALHOUN,,WDI3506,31,12,52,,,57,A
367689040,2022-01-01T13:31:59,30.20160,-91.03465,6.8,308.0,308.0,RICK CALHOUN,,WDI3506,31,12,52,,,57,A
367689040,2022-01-01T13:34:29,30.20445,-91.03899,6.8,306.0,303.0,RICK CALHOUN,,WDI3506,31,12,52,,,57,A
367689040,2022-01-01T13:28:40,30.19721,-91.02935,7.1,320.0,316.0,RICK CALHOUN,,WDI3506,31,12,52,,,57,A
367689040,2022-01-01T14:30:01,30.17822,-91.14116,6.0,261.9,281.0,RICK CALHOUN,,WDI3506,31,12,52,,,57,A
367689040,2022-01-01T13:37:59,30.20807,-91.04541,6.8,299.8,292.0,RICK CALHOUN,,WDI3506,31,12,52,,,57,A
367689040,2022-01-01T13:49:30,30.21223,-91.06963,6.5,270.0,269.0,RICK CALHOUN,,WDI3506,31,12,52,,,57,A
367689040,2022-01-01T13:36:50,30.20694,-91.04325,6.8,303.0,296.0,RICK CALHOUN,,WDI3506,31,12,52,,,57,A
367689040,2022-01-01T14:32:20,30.17897,-91.14558,6.4,284.0,288.0,RICK CALHOUN,,WDI3506,31,12,52,,,57,A
367689040,2022-01-01T13:41:30,30.21047,-91.05257,7.0,284.0,282.0,RICK CALHOUN,,WDI3506,31,12,52,,,57,A
367689040,2022-01-01T13:35:40,30.20576,-91.04109,6.8,304.0,299.0,RICK CALHOUN,,WDI3506,31,12,52,,,57,A
367689040,2022-01-01T13:40:18,30.20978,-91.05005,6.9,290.0,284.0,RICK CALHOUN,,WDI3506,31,12,52,,,57,A
367689040,2022-01-01T13:55:19,30.21128,-91.08115,6.3,259.0,257.0,RICK CALHOUN,,WDI3506,31,12,52,,,57,A
367689040,2022-01-01T13:50:39,30.21234,-91.07200,6.3,271.0,263.0,RICK CALHOUN,,WDI3506,31,12,52,,,57,A
367689040,2022-01-01T13:51:49,30.21226,-91.07432,6.2,267.0,261.0,RICK CALHOUN,,WDI3506,31,12,52,,,57,A
367689040,2022-01-01T13:52:59,30.21205,-91.07659,6.2,261.7,258.0,RICK CALHOUN,,WDI3506,31,12,52,,,57,A
367689040,2022-01-01T13:48:19,30.21226,-91.06714,6.5,267.0,269.0,RICK CALHOUN,,WDI3506,31,12,52,,,57,A
367689040,2022-01-01T13:19:19,30.18166,-91.01760,7.2,329.0,331.0,RICK CALHOUN,,WDI3506,31,12,52,,,57,A
367689040,2022-01-01T13:56:20,30.21096,-91.08318,6.2,258.0,254.0,RICK CALHOUN,,WDI3506,31,12,52,,,57,A
367689040,2022-01-01T13:47:10,30.21224,-91.06471,6.5,272.0,270.0,RICK CALHOUN,,WDI3506,31,12,52,,,57,A
367689040,2022-01-01T13:58:40,30.21008,-91.08767,6.1,253.0,247.0,RICK CALHOUN,,WDI3506,31,12,52,,,57,A
367689040,2022-01-01T14:03:30,30.20696,-91.09655,6.3,245.0,242.0,RICK CALHOUN,,WDI3506,31,12,52,,,57,A
367689040,2022-01-01T14:54:10,30.20855,-91.15996,6.3,31.0,35.0,RICK CALHOUN,,WDI3506,31,12,52,,,57,A
367689040,2022-01-01T13:33:20,30.20316,-91.03697,6.8,307.0,307.0,RICK CALHOUN,,WDI3506,31,12,52,,,57,A
367689040,2022-01-01T14:55:20,30.21031,-91.15875,6.4,32.0,37.0,RICK CALHOUN,,WDI3506,31,12,52,,,57,A
367689040,2022-01-01T14:04:40,30.20613,-91.09866,6.3,245.0,240.0,RICK CALHOUN,,WDI3506,31,12,52,,,57,A
367689040,2022-01-01T14:13:09,30.19826,-91.11380,6.7,238.0,231.0,RICK CALHOUN,,WDI3506,31,12,52,,,57,A
367689040,2022-01-01T06:19:13,30.10879,-90.96998,5.7,275.6,280.0,RICK CALHOUN,,WDI3506,31,12,52,,,57,A
367689040,2022-01-01T14:14:19,30.19704,-91.11587,6.7,234.0,230.0,RICK CALHOUN,,WDI3506,31,12,52,,,57,A
367689040,2022-01-01T14:15:30,30.19580,-91.11800,6.7,235.0,228.0,RICK CALHOUN,,WDI3506,31,12,52,,,57,A
367689040,2022-01-01T14:58:51,30.21539,-91.15444,6.5,36.4,38.0,RICK CALHOUN,,WDI3506,31,12,52,,,57,A
367689040,2022-01-01T14:07:00,30.20422,-91.10291,6.3,241.0,236.0,RICK CALHOUN,,WDI3506,31,12,52,,,57,A
367689040,2022-01-01T14:08:10,30.20320,-91.10495,6.4,239.0,232.0,RICK CALHOUN,,WDI3506,31,12,52,,,57,A
367689040,2022-01-01T14:16:39,30.19448,-91.11989,6.7,230.0,228.0,RICK CALHOUN,,WDI3506,31,12,52,,,57,A
367689040,2022-01-01T14:09:18,30.20208,-91.10689,6.5,234.0,233.0,RICK CALHOUN,,WDI3506,31,12,52,,,57,A
367689040,2022-01-01T13:45:59,30.21211,-91.06223,6.6,273.5,272.0,RICK CALHOUN,,WDI3506,31,12,52,,,57,A
367689040,2022-01-01T15:09:31,30.23100,-91.13972,6.9,49.8,59.0,RICK CALHOUN,,WDI3506,31,12,52,,,57,A
367689040,2022-01-01T14:17:59,30.19297,-91.12211,6.6,230.7,226.0,RICK CALHOUN,,WDI3506,31,12,52,,,57,A
367689040,2022-01-01T14:24:09,30.18478,-91.13145,7.1,223.0,224.0,RICK CALHOUN,,WDI3506,31,12,52,,,57,A
367689040,2022-01-01T15:16:50,30.23737,-91.12524,7.0,65.0,63.0,RICK CALHOUN,,WDI3506,31,12,52,,,57,A
367689040,2022-01-01T14:19:01,30.19174,-91.12378,6.6,227.0,225.0,RICK CALHOUN,,WDI3506,31,12,52,,,57,A
367689040,2022-01-01T15:19:10,30.23929,-91.12043,7.1,63.6,58.0,RICK CALHOUN,,WDI3506,31,12,52,,,57,A
367689040,2022-01-01T14:20:09,30.19030,-91.12556,6.6,227.0,223.0,RICK CALHOUN,,WDI3506,31,12,52,,,57,A
367689040,2022-01-01T14:28:51,30.17871,-91.13896,6.2,247.0,269.0,RICK CALHOUN,,WDI3506,31,12,52,,,57,A
367689040,2022-01-01T15:20:11,30.24013,-91.11840,7.0,63.0,53.0,RICK CALHOUN,,WDI3506,31,12,52,,,57,A
367689040,2022-01-01T14:39:01,30.18459,-91.15871,6.6,312.0,323.0,RICK CALHOUN,,WDI3506,31,12,52,,,57,A
367689040,2022-01-01T14:31:11,30.17848,-91.14333,6.0,284.0,285.0,RICK CALHOUN,,WDI3506,31,12,52,,,57,A
367689040,2022-01-01T14:27:41,30.17969,-91.13684,6.6,234.0,255.0,RICK CALHOUN,,WDI3506,31,12,52,,,57,A
367689040,2022-01-01T14:42:30,30.18934,-91.16322,6.0,334.5,350.0,RICK CALHOUN,,WDI3506,31,12,52,,,57,A
367689040,2022-01-01T14:33:29,30.17957,-91.14793,6.7,287.0,293.0,RICK CALHOUN,,WDI3506,31,12,52,,,57,A
367689040,2022-01-01T14:05:50,30.20523,-91.10080,6.3,242.0,238.0,RICK CALHOUN,,WDI3506,31,12,52,,,57,A
367689040,2022-01-01T14:46:00,30.19522,-91.16415,6.2,0.0,9.0,RICK CALHOUN,,WDI3506,31,12,52,,,57,A
367689040,2022-01-01T14:37:51,30.18327,-91.15663,7.2,297.0,314.0,RICK CALHOUN,,WDI3506,31,12,52,,,57,A
367689040,2022-01-01T15:27:09,30.24889,-91.11043,5.4,356.0,345.0,RICK CALHOUN,,WDI3506,31,12,52,,,57,A
367689040,2022-01-01T14:36:50,30.18242,-91.15456,7.2,295.0,305.0,RICK CALHOUN,,WDI3506,31,12,52,,,57,A
367689040,2022-01-01T06:38:05,30.11219,-91.00204,3.1,271.0,276.0,RICK CALHOUN,,WDI3506,31,12,52,,,57,A
367689040,2022-01-01T15:31:59,30.25630,-91.11349,6.3,331.0,330.0,RICK CALHOUN,,WDI3506,31,12,52,,,57,A
367689040,2022-01-01T14:56:30,30.21203,-91.15740,6.4,35.0,38.0,RICK CALHOUN,,WDI3506,31,12,52,,,57,A
367689040,2022-01-01T14:40:10,30.18607,-91.16043,6.6,316.0,329.0,RICK CALHOUN,,WDI3506,31,12,52,,,57,A
367689040,2022-01-01T14:47:20,30.19743,-91.16359,6.1,6.0,5.0,RICK CALHOUN,,WDI3506,31,12,52,,,57,A
367689040,2022-01-01T14:57:40,30.21369,-91.15597,6.4,36.0,39.0,RICK CALHOUN,,WDI3506,31,12,52,,,57,A
367689040,2022-01-01T06:39:14,30.11234,-91.00299,2.3,286.0,273.0,RICK CALHOUN,,WDI3506,31,12,52,,,57,A
367689040,2022-01-01T14:49:40,30.20145,-91.16340,6.3,6.4,17.0,RICK CALHOUN,,WDI3506,31,12,52,,,57,A
367689040,2022-01-01T15:01:10,30.21884,-91.15165,6.7,35.0,42.0,RICK CALHOUN,,WDI3506,31,12,52,,,57,A
367689040,2022-01-01T14:51:50,30.20505,-91.16221,6.1,23.0,30.0,RICK CALHOUN,,WDI3506,31,12,52,,,57,A
367689040,2022-01-01T15:42:11,30.26913,-91.12749,6.4,304.0,302.0,RICK CALHOUN,,WDI3506,31,12,52,,,57,A
367689040,2022-01-01T14:44:51,30.19320,-91.16405,6.2,355.0,2.0,RICK CALHOUN,,WDI3506,31,12,52,,,57,A
367689040,2022-01-01T14:25:20,30.18296,-91.13320,7.3,217.0,229.0,RICK CALHOUN,,WDI3506,31,12,52,,,57,A
367689040,2022-01-01T14:50:49,30.20343,-91.16292,6.1,15.0,26.0,RICK CALHOUN,,WDI3506,31,12,52,,,57,A
367689040,2022-01-01T14:53:01,30.20683,-91.16120,6.1,30.0,34.0,RICK CALHOUN,,WDI3506,31,12,52,,,57,A
367689040,2022-01-01T14:34:40,30.18035,-91.15027,6.8,295.0,301.0,RICK CALHOUN,,WDI3506,31,12,52,,,57,A
367689040,2022-01-01T15:04:39,30.22389,-91.14680,6.8,38.0,42.0,RICK CALHOUN,,WDI3506,31,12,52,,,57,A
367689040,2022-01-01T15:51:19,30.27473,-91.14421,6.2,278.8,281.0,RICK CALHOUN,,WDI3506,31,12,52,,,57,A
367689040,2022-01-01T15:52:29,30.27508,-91.14653,6.3,280.0,280.0,RICK CALHOUN,,WDI3506,31,12,52,,,57,A
367689040,2022-01-01T14:35:41,30.18129,-91.15221,7.0,300.7,302.0,RICK CALHOUN,,WDI3506,31,12,52,,,57,A
367689040,2022-01-01T15:56:01,30.27615,-91.15367,6.5,277.0,280.0,RICK CALHOUN,,WDI3506,31,12,52,,,57,A
367689040,2022-01-01T14:59:59,30.21707,-91.15309,6.6,34.0,39.0,RICK CALHOUN,,WDI3506,31,12,52,,,57,A
367689040,2022-01-01T15:06:59,30.22749,-91.14366,7.1,35.3,48.0,RICK CALHOUN,,WDI3506,31,12,52,,,57,A
367689040,2022-01-01T15:10:39,30.23230,-91.13768,6.9,54.8,63.0,RICK CALHOUN,,WDI3506,31,12,52,,,57,A
367689040,2022-01-01T15:14:31,30.23556,-91.13002,7.0,66.0,65.0,RICK CALHOUN,,WDI3506,31,12,52,,,57,A
367689040,2022-01-01T15:23:40,30.24390,-91.11248,6.2,41.0,19.0,RICK CALHOUN,,WDI3506,31,12,52,,,57,A
367689040,2022-01-01T15:05:50,30.22567,-91.14520,6.9,37.8,42.0,RICK CALHOUN,,WDI3506,31,12,52,,,57,A
367689040,2022-01-01T14:48:30,30.19944,-91.16353,6.2,0.0,9.0,RICK CALHOUN,,WDI3506,31,12,52,,,57,A
367689040,2022-01-01T15:30:50,30.25447,-91.11247,6.1,333.5,332.0,RICK CALHOUN,,WDI3506,31,12,52,,,57,A
367689040,2022-01-01T15:33:11,30.25811,-91.11459,6.3,329.0,324.0,RICK CALHOUN,,WDI3506,31,12,52,,,57,A
367689040,2022-01-01T15:22:31,30.24249,-91.11412,6.5,49.0,32.0,RICK CALHOUN,,WDI3506,31,12,52,,,57,A
367689040,2022-01-01T15:13:20,30.23466,-91.13246,6.9,67.0,66.0,RICK CALHOUN,,WDI3506,31,12,52,,,57,A
367689040,2022-01-01T06:50:43,30.11152,-91.00603,0.4,172.0,254.0,RICK CALHOUN,,WDI3506,31,12,52,,,57,A
367689040,2022-01-01T06:51:55,30.11140,-91.00599,0.4,158.0,255.0,RICK CALHOUN,,WDI3506,31,12,52,,,57,A
367689040,2022-01-01T15:28:21,30.25066,-91.11080,5.6,343.0,340.0,RICK CALHOUN,,WDI3506,31,12,52,,,57,A
367689040,2022-01-01T15:38:50,30.26531,-91.12220,6.4,311.0,310.0,RICK CALHOUN,,WDI3506,31,12,52,,,57,A
367689040,2022-01-01T15:41:01,30.26788,-91.12555,6.4,307.9,304.0,RICK CALHOUN,,WDI3506,31,12,52,,,57,A
367689040,2022-01-01T15:21:20,30.24118,-91.11616,6.7,58.1,43.0,RICK CALHOUN,,WDI3506,31,12,52,,,57,A
367689040,2022-01-01T15:03:30,30.22222,-91.14843,6.7,39.0,42.0,RICK CALHOUN,,WDI3506,31,12,52,,,57,A
367689040,2022-01-01T15:26:00,30.24716,-91.11045,5.4,10.0,352.0,RICK CALHOUN,,WDI3506,31,12,52,,,57,A
367689040,2022-01-01T16:25:31,30.28502,-91.21506,6.7,292.0,295.0,RICK CALHOUN,,WDI3506,31,12,52,,,57,A
367689040,2022-01-01T15:46:51,30.27296,-91.13563,6.0,287.0,285.0,RICK CALHOUN,,WDI3506,31,12,52,,,57,A
367689040,2022-01-01T15:37:40,30.26399,-91.12037,6.3,308.6,309.0,RICK CALHOUN,,WDI3506,31,12,52,,,57,A
367689040,2022-01-01T15:36:39,30.26289,-91.11878,6.1,310.0,309.0,RICK CALHOUN,,WDI3506,31,12,52,,,57,A
367689040,2022-01-01T15:48:00,30.27353,-91.13780,6.1,284.0,283.0,RICK CALHOUN,,WDI3506,31,12,52,,,57,A
367689040,2022-01-01T15:34:20,30.25981,-91.11584,6.3,327.0,319.0,RICK CALHOUN,,WDI3506,31,12,52,,,57,A
367689040,2022-01-01T16:32:20,30.29150,-91.22760,6.8,319.0,330.0,RICK CALHOUN,,WDI3506,31,12,52,,,57,A
367689040,2022-01-01T15:35:31,30.26149,-91.11726,6.2,321.7,314.0,RICK CALHOUN,,WDI3506,31,12,52,,,57,A
367689040,2022-01-01T15:15:39,30.23649,-91.12771,7.0,64.0,66.0,RICK CALHOUN,,WDI3506,31,12,52,,,57,A
367689040,2022-01-01T15:44:31,30.27132,-91.13152,6.3,299.0,294.0,RICK CALHOUN,,WDI3506,31,12,52,,,57,A
367689040,2022-01-01T15:18:00,30.23832,-91.12284,7.1,64.0,62.0,RICK CALHOUN,,WDI3506,31,12,52,,,57,A
367689040,2022-01-01T06:59:04,30.11147,-91.00600,0.1,345.0,253.0,RICK CALHOUN,,WDI3506,31,12,52,,,57,A
367689040,2022-01-01T16:38:11,30.30103,-91.23338,5.6,353.0,14.0,RICK CALHOUN,,WDI3506,31,12,52,,,57,A
367689040,2022-01-01T15:43:19,30.27022,-91.12942,6.3,301.0,299.0,RICK CALHOUN,,WDI3506,31,12,52,,,57,A
367689040,2022-01-01T15:45:40,30.27224,-91.13351,6.1,296.0,289.0,RICK CALHOUN,,WDI3506,31,12,52,,,57,A
367689040,2022-01-01T16:00:11,30.27774,-91.16214,6.4,284.6,278.0,RICK CALHOUN,,WDI3506,31,12,52,,,57,A
367689040,2022-01-01T16:03:39,30.27930,-91.16890,6.3,280.0,274.0,RICK CALHOUN,,WDI3506,31,12,52,,,57,A
367689040,2022-01-01T15:53:40,30.27544,-91.14889,6.4,280.0,280.0,RICK CALHOUN,,WDI3506,31,12,52,,,57,A
367689040,2022-01-01T07:03:23,30.11155,-91.00605,0.0,352.0,251.0,RICK CALHOUN,,WDI3506,31,12,52,,,57,A
367689040,2022-01-01T16:08:50,30.27986,-91.17949,6.7,266.0,269.0,RICK CALHOUN,,WDI3506,31,12,52,,,57,A
367689040,2022-01-01T15:58:11,30.27688,-91.15813,6.5,282.0,279.0,RICK CALHOUN,,WDI3506,31,12,52,,,57,A
367689040,2022-01-01T16:10:01,30.27985,-91.18207,6.8,271.0,270.0,RICK CALHOUN,,WDI3506,31,12,52,,,57,A
367689040,2022-01-01T16:02:30,30.27884,-91.16668,6.2,284.0,276.0,RICK CALHOUN,,WDI3506,31,12,52,,,57,A
367689040,2022-01-01T16:14:21,30.28018,-91.19155,6.8,273.0,273.0,RICK CALHOUN,,WDI3506,31,12,52,,,57,A
367689040,2022-01-01T16:15:29,30.28028,-91.19399,6.8,273.0,275.0,RICK CALHOUN,,WDI3506,31,12,52,,,57,A
367689040,2022-01-01T16:13:20,30.28007,-91.18929,6.8,274.1,273.0,RICK CALHOUN,,WDI3506,31,12,52,,,57,A
367689040,2022-01-01T07:07:04,30.11157,-91.00604,0.0,352.3,253.0,RICK CALHOUN,,WDI3506,31,12,52,,,57,A
367689040,2022-01-01T07:10:35,30.11158,-91.00604,0.0,352.0,252.0,RICK CALHOUN,,WDI3506,31,12,52,,,57,A
367689040,2022-01-01T16:21:00,30.28193,-91.20594,6.9,286.0,290.0,RICK CALHOUN,,WDI3506,31,12,52,,,57,A
367689040,2022-01-01T17:03:29,30.31998,-91.19364,6.5,97.0,101.0,RICK CALHOUN,,WDI3506,31,12,52,,,57,A
367689040,2022-01-01T16:18:41,30.28095,-91.20095,6.9,277.8,283.0,RICK CALHOUN,,WDI3506,31,12,52,,,57,A
367689040,2022-01-01T16:19:51,30.28138,-91.20349,6.9,281.0,286.0,RICK CALHOUN,,WDI3506,31,12,52,,,57,A
367689040,2022-01-01T15:50:10,30.27433,-91.14193,6.2,282.0,282.0,RICK CALHOUN,,WDI3506,31,12,52,,,57,A
367689040,2022-01-01T16:28:50,30.28760,-91.22166,6.8,295.0,304.0,RICK CALHOUN,,WDI3506,31,12,52,,,57,A
367689040,2022-01-01T16:16:39,30.28048,-91.19655,6.8,275.0,278.0,RICK CALHOUN,,WDI3506,31,12,52,,,57,A
367689040,2022-01-01T16:17:40,30.28072,-91.19874,6.8,277.0,280.0,RICK CALHOUN,,WDI3506,31,12,52,,,57,A
367689040,2022-01-01T07:14:03,30.11159,-91.00606,0.0,352.0,251.0,RICK CALHOUN,,WDI3506,31,12,52,,,57,A
367689040,2022-01-01T15:57:10,30.27651,-91.15609,6.6,280.0,280.0,RICK CALHOUN,,WDI3506,31,12,52,,,57,A
367689040,2022-01-01T16:22:10,30.28262,-91.20834,6.9,288.0,293.0,RICK CALHOUN,,WDI3506,31,12,52,,,57,A
367689040,2022-01-01T16:23:20,30.28346,-91.21075,6.8,292.0,293.0,RICK CALHOUN,,WDI3506,31,12,52,,,57,A
367689040,2022-01-01T16:37:01,30.29921,-91.23296,6.1,339.0,5.0,RICK CALHOUN,,WDI3506,31,12,52,,,57,A
367689040,2022-01-01T15:59:20,30.27736,-91.16050,6.5,284.0,279.0,RICK CALHOUN,,WDI3506,31,12,52,,,57,A
367689040,2022-01-01T07:17:25,30.11159,-91.00604,0.0,352.0,250.0,RICK CALHOUN,,WDI3506,31,12,52,,,57,A
367689040,2022-01-01T16:30:01,30.28864,-91.22389,6.7,302.0,314.0,RICK CALHOUN,,WDI3506,31,12,52,,,57,A
367689040,2022-01-01T16:01:20,30.27830,-91.16440,6.3,285.0,277.0,RICK CALHOUN,,WDI3506,31,12,52,,,57,A
367689040,2022-01-01T16:26:39,30.28592,-91.21730,6.7,295.4,296.0,RICK CALHOUN,,WDI3506,31,12,52,,,57,A
367689040,2022-01-01T16:31:10,30.28996,-91.22588,6.7,313.0,322.0,RICK CALHOUN,,WDI3506,31,12,52,,,57,A
367689040,2022-01-01T16:06:30,30.27998,-91.17460,6.3,268.5,266.0,RICK CALHOUN,,WDI3506,31,12,52,,,57,A
367689040,2022-01-01T16:07:39,30.27992,-91.17701,6.6,268.0,267.0,RICK CALHOUN,,WDI3506,31,12,52,,,57,A
367689040,2022-01-01T16:33:30,30.29332,-91.22915,7.0,326.0,335.0,RICK CALHOUN,,WDI3506,31,12,52,,,57,A
367689040,2022-01-01T16:34:39,30.29526,-91.23058,7.1,327.0,342.0,RICK CALHOUN,,WDI3506,31,12,52,,,57,A
367689040,2022-01-01T07:20:54,30.11160,-91.00600,0.1,68.0,249.0,RICK CALHOUN,,WDI3506,31,12,52,,,57,A
367689040,2022-01-01T16:35:49,30.29728,-91.23181,6.9,332.0,349.0,RICK CALHOUN,,WDI3506,31,12,52,,,57,A
367689040,2022-01-01T16:40:31,30.30459,-91.23313,5.6,12.0,39.0,RICK CALHOUN,,WDI3506,31,12,52,,,57,A
367689040,2022-01-01T16:39:20,30.30279,-91.23334,5.5,1.0,22.0,RICK CALHOUN,,WDI3506,31,12,52,,,57,A
367689040,2022-01-01T07:24:14,30.11161,-91.00587,0.1,100.0,249.0,RICK CALHOUN,,WDI3506,31,12,52,,,57,A
367689040,2022-01-01T16:50:10,30.31401,-91.21872,6.0,66.2,66.0,RICK CALHOUN,,WDI3506,31,12,52,,,57,A
367689040,2022-01-01T16:51:19,30.31479,-91.21666,6.1,66.0,67.0,RICK CALHOUN,,WDI3506,31,12,52,,,57,A
367689040,2022-01-01T16:44:20,30.30896,-91.22832,6.1,50.0,54.0,RICK CALHOUN,,WDI3506,31,12,52,,,57,A
367689040,2022-01-01T16:41:40,30.30614,-91.23217,5.4,41.6,50.0,RICK CALHOUN,,WDI3506,31,12,52,,,57,A
367689040,2022-01-01T16:53:41,30.31644,-91.21246,6.1,62.0,69.0,RICK CALHOUN,,WDI3506,31,12,52,,,57,A
367689040,2022-01-01T16:46:41,30.31129,-91.22459,6.0,58.0,59.0,RICK CALHOUN,,WDI3506,31,12,52,,,57,A
367689040,2022-01-01T16:54:51,30.31735,-91.21039,6.2,64.0,73.0,RICK CALHOUN,,WDI3506,31,12,52,,,57,A
367689040,2022-01-01T17:39:51,30.33309,-91.14561,6.0,319.0,325.0,RICK CALHOUN,,WDI3506,31,12,52,,,57,A
367689040,2022-01-01T16:56:01,30.31817,-91.20828,6.2,65.0,75.0,RICK CALHOUN,,WDI3506,31,12,52,,,57,A
367689040,2022-01-01T16:45:31,30.31018,-91.22652,6.1,52.7,57.0,RICK CALHOUN,,WDI3506,31,12,52,,,57,A
367689040,2022-01-01T16:24:21,30.28418,-91.21277,6.7,292.0,293.0,RICK CALHOUN,,WDI3506,31,12,52,,,57,A
367689040,2022-01-01T17:04:40,30.31967,-91.19119,6.6,100.0,101.0,RICK CALHOUN,,WDI3506,31,12,52,,,57,A
367689040,2022-01-01T17:08:10,30.31865,-91.18371,6.9,97.0,102.0,RICK CALHOUN,,WDI3506,31,12,52,,,57,A
367689040,2022-01-01T17:00:01,30.32012,-91.20069,6.2,84.2,94.0,RICK CALHOUN,,WDI3506,31,12,52,,,57,A
367689040,2022-01-01T17:16:11,30.31604,-91.16655,6.8,91.0,100.0,RICK CALHOUN,,WDI3506,31,12,52,,,57,A
367689040,2022-01-01T16:59:49,30.32008,-91.20109,6.2,84.0,93.0,RICK CALHOUN,,WDI3506,31,12,52,,,57,A
367689040,2022-01-01T17:02:21,30.32018,-91.19601,6.4,93.0,99.0,RICK CALHOUN,,WDI3506,31,12,52,,,57,A
367689040,2022-01-01T17:05:50,30.31930,-91.18875,6.7,97.0,100.0,RICK CALHOUN,,WDI3506,31,12,52,,,57,A
367689040,2022-01-01T18:03:51,30.34675,-91.18613,6.0,264.0,260.0,RICK CALHOUN,,WDI3506,31,12,52,,,57,A
367689040,2022-01-01T17:07:00,30.31895,-91.18627,6.8,99.0,101.0,RICK CALHOUN,,WDI3506,31,12,52,,,57,A
367689040,2022-01-01T17:09:12,30.31834,-91.18149,6.9,101.3,103.0,RICK CALHOUN,,WDI3506,31,12,52,,,57,A
367689040,2022-01-01T18:06:01,30.34649,-91.19041,6.2,264.0,258.0,RICK CALHOUN,,WDI3506,31,12,52,,,57,A
367689040,2022-01-01T17:10:20,30.31793,-91.17906,6.9,100.0,103.0,RICK CALHOUN,,WDI3506,31,12,52,,,57,A
367689040,2022-01-01T17:11:31,30.31745,-91.17648,6.8,105.3,104.0,RICK CALHOUN,,WDI3506,31,12,52,,,57,A
367689040,2022-01-01T16:49:01,30.31320,-91.22074,6.0,62.0,65.0,RICK CALHOUN,,WDI3506,31,12,52,,,57,A
367689040,2022-01-01T17:13:51,30.31654,-91.17160,6.7,99.0,99.0,RICK CALHOUN,,WDI3506,31,12,52,,,57,A
367689040,2022-01-01T17:29:20,30.31901,-91.14178,4.9,30.0,12.0,RICK CALHOUN,,WDI3506,31,12,52,,,57,A
367689040,2022-01-01T16:52:29,30.31558,-91.21461,6.1,66.3,68.0,RICK CALHOUN,,WDI3506,31,12,52,,,57,A
367689040,2022-01-01T17:17:21,30.31572,-91.16410,6.7,101.6,99.0,RICK CALHOUN,,WDI3506,31,12,52,,,57,A
367689040,2022-01-01T17:18:30,30.31539,-91.16161,6.8,95.0,97.0,RICK CALHOUN,,WDI3506,31,12,52,,,57,A
367689040,2022-01-01T07:35:33,30.11152,-91.00576,0.0,146.0,251.0,RICK CALHOUN,,WDI3506,31,12,52,,,57,A
367689040,2022-01-01T17:23:11,30.31472,-91.15157,6.3,76.7,68.0,RICK CALHOUN,,WDI3506,31,12,52,,,57,A
367689040,2022-01-01T16:58:19,30.31962,-91.20401,6.2,72.0,87.0,RICK CALHOUN,,WDI3506,31,12,52,,,57,A
367689040,2022-01-01T18:19:20,30.33904,-91.21633,6.9,251.0,261.0,RICK CALHOUN,,WDI3506,31,12,52,,,57,A
367689040,2022-01-01T17:37:41,30.33062,-91.14291,5.4,332.0,319.0,RICK CALHOUN,,WDI3506,31,12,52,,,57,A
367689040,2022-01-01T17:24:20,30.31527,-91.14923,6.6,79.0,65.0,RICK CALHOUN,,WDI3506,31,12,52,,,57,A
367689040,2022-01-01T17:41:00,30.33475,-91.14673,6.0,332.0,318.0,RICK CALHOUN,,WDI3506,31,12,52,,,57,A
367689040,2022-01-01T17:26:42,30.31643,-91.14485,5.5,61.0,38.0,RICK CALHOUN,,WDI3506,31,12,52,,,57,A
367689040,2022-01-01T17:30:51,30.32103,-91.14102,5.2,16.0,3.0,RICK CALHOUN,,WDI3506,31,12,52,,,57,A
367689040,2022-01-01T17:32:01,30.32267,-91.14055,5.1,6.0,352.0,RICK CALHOUN,,WDI3506,31,12,52,,,57,A
367689040,2022-01-01T18:29:41,30.34254,-91.23706,5.9,307.0,318.0,RICK CALHOUN,,WDI3506,31,12,52,,,57,A
367689040,2022-01-01T17:36:31,30.32915,-91.14187,5.2,330.8,324.0,RICK CALHOUN,,WDI3506,31,12,52,,,57,A
367689040,2022-01-01T17:38:42,30.33175,-91.14405,5.6,313.0,318.0,RICK CALHOUN,,WDI3506,31,12,52,,,57,A
367689040,2022-01-01T17:12:41,30.31691,-91.17405,6.7,101.0,100.0,RICK CALHOUN,,WDI3506,31,12,52,,,57,A
367689040,2022-01-01T17:44:31,30.33891,-91.15100,5.6,305.0,296.0,RICK CALHOUN,,WDI3506,31,12,52,,,57,A
367689040,2022-01-01T17:48:01,30.34130,-91.15661,5.8,289.9,289.0,RICK CALHOUN,,WDI3506,31,12,52,,,57,A
367689040,2022-01-01T17:49:10,30.34193,-91.15867,6.0,287.0,288.0,RICK CALHOUN,,WDI3506,31,12,52,,,57,A
367689040,2022-01-01T17:46:51,30.34057,-91.15462,5.7,291.0,291.0,RICK CALHOUN,,WDI3506,31,12,52,,,57,A
367689040,2022-01-01T18:02:42,30.34694,-91.18389,5.9,266.0,260.0,RICK CALHOUN,,WDI3506,31,12,52,,,57,A
367689040,2022-01-01T17:50:21,30.34252,-91.16090,6.1,288.0,288.0,RICK CALHOUN,,WDI3506,31,12,52,,,57,A
367689040,2022-01-01T17:20:51,30.31483,-91.15655,6.8,97.0,88.0,RICK CALHOUN,,WDI3506,31,12,52,,,57,A
367689040,2022-01-01T18:00:01,30.34687,-91.17894,5.8,275.0,267.0,RICK CALHOUN,,WDI3506,31,12,52,,,57,A
367689040,2022-01-01T17:51:30,30.34311,-91.16304,6.2,290.0,287.0,RICK CALHOUN,,WDI3506,31,12,52,,,57,A
367689040,2022-01-01T17:22:00,30.31463,-91.15404,6.7,93.8,79.0,RICK CALHOUN,,WDI3506,31,12,52,,,57,A
367689040,2022-01-01T18:42:30,30.36154,-91.24324,6.0,19.0,25.0,RICK CALHOUN,,WDI3506,31,12,52,,,57,A
367689040,2022-01-01T17:52:41,30.34375,-91.16526,6.2,283.0,286.0,RICK CALHOUN,,WDI3506,31,12,52,,,57,A
367689040,2022-01-01T17:53:51,30.34432,-91.16748,6.2,285.0,286.0,RICK CALHOUN,,WDI3506,31,12,52,,,57,A
367689040,2022-01-01T17:25:30,30.31569,-91.14687,6.3,74.0,52.0,RICK CALHOUN,,WDI3506,31,12,52,,,57,A
367689040,2022-01-01T17:55:01,30.34499,-91.16964,6.1,292.7,284.0,RICK CALHOUN,,WDI3506,31,12,52,,,57,A
367689040,2022-01-01T17:58:31,30.34655,-91.17618,5.9,283.5,273.0,RICK CALHOUN,,WDI3506,31,12,52,,,57,A
367689040,2022-01-01T17:59:41,30.34682,-91.17833,5.8,274.0,268.0,RICK CALHOUN,,WDI3506,31,12,52,,,57,A
367689040,2022-01-01T18:13:00,30.34393,-91.20405,6.3,248.0,241.0,RICK CALHOUN,,WDI3506,31,12,52,,,57,A
367689040,2022-01-01T18:14:32,30.34274,-91.20682,6.5,250.0,246.0,RICK CALHOUN,,WDI3506,31,12,52,,,57,A
367689040,2022-01-01T17:33:11,30.32434,-91.14080,5.3,352.0,349.0,RICK CALHOUN,,WDI3506,31,12,52,,,57,A
367689040,2022-01-01T18:15:41,30.34193,-91.20911,6.6,248.0,245.0,RICK CALHOUN,,WDI3506,31,12,52,,,57,A
367689040,2022-01-01T18:18:00,30.34009,-91.21364,6.9,243.0,250.0,RICK CALHOUN,,WDI3506,31,12,52,,,57,A
367689040,2022-01-01T18:07:11,30.34633,-91.19273,6.1,263.0,254.0,RICK CALHOUN,,WDI3506,31,12,52,,,57,A
367689040,2022-01-01T18:08:20,30.34605,-91.19497,6.2,262.0,252.0,RICK CALHOUN,,WDI3506,31,12,52,,,57,A
367689040,2022-01-01T19:00:02,30.38556,-91.22238,6.2,46.0,47.0,RICK CALHOUN,,WDI3506,31,12,52,,,57,A
367689040,2022-01-01T17:42:11,30.33636,-91.14794,5.7,316.0,309.0,RICK CALHOUN,,WDI3506,31,12,52,,,57,A
367689040,2022-01-01T18:26:21,30.34010,-91.23076,6.8,288.0,296.0,RICK CALHOUN,,WDI3506,31,12,52,,,57,A
367689040,2022-01-01T19:04:42,30.39080,-91.21537,6.1,46.0,41.0,RICK CALHOUN,,WDI3506,31,12,52,,,57,A
367689040,2022-01-01T18:27:31,30.34081,-91.23320,6.7,289.0,303.0,RICK CALHOUN,,WDI3506,31,12,52,,,57,A
367689040,2022-01-01T18:16:51,30.34100,-91.21136,6.7,244.0,247.0,RICK CALHOUN,,WDI3506,31,12,52,,,57,A
367689040,2022-01-01T18:32:01,30.34527,-91.24021,5.9,322.0,328.0,RICK CALHOUN,,WDI3506,31,12,52,,,57,A
367689040,2022-01-01T07:55:14,30.11153,-91.00576,0.0,156.0,251.0,RICK CALHOUN,,WDI3506,31,12,52,,,57,A
367689040,2022-01-01T18:20:31,30.33832,-91.21880,6.7,256.0,271.0,RICK CALHOUN,,WDI3506,31,12,52,,,57,A
367689040,2022-01-01T18:21:40,30.33799,-91.22125,6.5,265.0,282.0,RICK CALHOUN,,WDI3506,31,12,52,,,57,A
367689040,2022-01-01T17:57:20,30.34613,-91.17396,6.0,285.0,277.0,RICK CALHOUN,,WDI3506,31,12,52,,,57,A
367689040,2022-01-01T18:01:10,30.34692,-91.18106,5.8,268.0,265.0,RICK CALHOUN,,WDI3506,31,12,52,,,57,A
367689040,2022-01-01T18:28:40,30.34170,-91.23535,6.3,298.5,309.0,RICK CALHOUN,,WDI3506,31,12,52,,,57,A
367689040,2022-01-01T19:20:51,30.40445,-91.20297,0.3,97.0,37.0,RICK CALHOUN,,WDI3506,31,12,52,,,57,A
367689040,2022-01-01T18:30:50,30.34384,-91.23867,5.9,313.8,323.0,RICK CALHOUN,,WDI3506,31,12,52,,,57,A
367689040,2022-01-01T18:43:40,30.36336,-91.24239,6.0,28.0,30.0,RICK CALHOUN,,WDI3506,31,12,52,,,57,A
367689040,2022-01-01T18:05:00,30.34658,-91.18837,6.2,267.0,260.0,RICK CALHOUN,,WDI3506,31,12,52,,,57,A
367689040,2022-01-01T18:46:02,30.36688,-91.24017,6.2,27.0,34.0,RICK CALHOUN,,WDI3506,31,12,52,,,57,A
367689040,2022-01-01T19:26:40,30.40428,-91.20286,0.1,228.0,34.0,RICK CALHOUN,,WDI3506,31,12,52,,,57,A
367689040,2022-01-01T18:33:11,30.34680,-91.24165,6.0,322.0,335.0,RICK CALHOUN,,WDI3506,31,12,52,,,57,A
367689040,2022-01-01T18:48:21,30.37034,-91.23776,6.3,32.5,40.0,RICK CALHOUN,,WDI3506,31,12,52,,,57,A
367689040,2022-01-01T18:35:31,30.35022,-91.24363,6.0,340.9,351.0,RICK CALHOUN,,WDI3506,31,12,52,,,57,A
367689040,2022-01-01T18:49:30,30.37198,-91.23648,6.2,36.9,43.0,RICK CALHOUN,,WDI3506,31,12,52,,,57,A
367689040,2022-01-01T18:10:40,30.34516,-91.19951,6.2,252.0,247.0,RICK CALHOUN,,WDI3506,31,12,52,,,57,A
367689040,2022-01-01T18:37:51,30.35405,-91.24458,6.0,356.0,3.0,RICK CALHOUN,,WDI3506,31,12,52,,,57,A
367689040,2022-01-01T18:53:32,30.37736,-91.23129,6.3,38.0,42.0,RICK CALHOUN,,WDI3506,31,12,52,,,57,A
367689040,2022-01-01T18:40:10,30.35786,-91.24447,5.9,9.0,17.0,RICK CALHOUN,,WDI3506,31,12,52,,,57,A
367689040,2022-01-01T18:44:50,30.36509,-91.24129,6.2,27.0,31.0,RICK CALHOUN,,WDI3506,31,12,52,,,57,A
367689040,2022-01-01T19:39:00,30.40428,-91.20293,0.3,225.0,36.0,RICK CALHOUN,,WDI3506,31,12,52,,,57,A
367689040,2022-01-01T19:02:11,30.38810,-91.21921,6.3,48.0,48.0,RICK CALHOUN,,WDI3506,31,12,52,,,57,A
367689040,2022-01-01T18:47:10,30.36859,-91.23903,6.2,31.4,37.0,RICK CALHOUN,,WDI3506,31,12,52,,,57,A
367689040,2022-01-01T08:05:14,30.11154,-91.00576,0.0,156.0,251.0,RICK CALHOUN,,WDI3506,31,12,52,,,57,A
367689040,2022-01-01T18:24:00,30.33856,-91.22602,6.6,288.0,293.0,RICK CALHOUN,,WDI3506,31,12,52,,,57,A
367689040,2022-01-01T18:25:11,30.33931,-91.22841,6.7,290.0,294.0,RICK CALHOUN,,WDI3506,31,12,52,,,57,A
367689040,2022-01-01T18:50:41,30.37353,-91.23498,6.2,38.5,41.0,RICK CALHOUN,,WDI3506,31,12,52,,,57,A
367689040,2022-01-01T19:07:00,30.39364,-91.21222,6.2,47.5,37.0,RICK CALHOUN,,WDI3506,31,12,52,,,57,A
367689040,2022-01-01T18:52:21,30.37579,-91.23285,6.3,41.0,42.0,RICK CALHOUN,,WDI3506,31,12,52,,,57,A
367689040,2022-01-01T18:54:41,30.37885,-91.22982,6.3,41.0,43.0,RICK CALHOUN,,WDI3506,31,12,52,,,57,A
367689040,2022-01-01T19:47:10,30.40395,-91.20335,0.5,218.0,37.0,RICK CALHOUN,,WDI3506,31,12,52,,,57,A
367689040,2022-01-01T19:08:01,30.39492,-91.21090,6.1,38.0,35.0,RICK CALHOUN,,WDI3506,31,12,52,,,57,A
367689040,2022-01-01T19:09:10,30.39648,-91.20951,6.2,37.0,35.0,RICK CALHOUN,,WDI3506,31,12,52,,,57,A
367689040,2022-01-01T18:34:20,30.34841,-91.24274,5.8,338.0,343.0,RICK CALHOUN,,WDI3506,31,12,52,,,57,A
367689040,2022-01-01T19:54:01,30.40376,-91.20370,0.2,277.5,40.0,RICK CALHOUN,,WDI3506,31,12,52,,,57,A
367689040,2022-01-01T18:36:42,30.35214,-91.24423,6.1,344.0,356.0,RICK CALHOUN,,WDI3506,31,12,52,,,57,A
367689040,2022-01-01T18:59:02,30.38438,-91.22388,6.2,48.5,47.0,RICK CALHOUN,,WDI3506,31,12,52,,,57,A
367689040,2022-01-01T18:56:52,30.38174,-91.22690,6.2,44.0,46.0,RICK CALHOUN,,WDI3506,31,12,52,,,57,A
367689040,2022-01-01T19:55:11,30.40373,-91.20365,0.2,125.0,39.0,RICK CALHOUN,,WDI3506,31,12,52,,,57,A
367689040,2022-01-01T19:18:30,30.40457,-91.20307,0.5,164.0,37.0,RICK CALHOUN,,WDI3506,31,12,52,,,57,A
367689040,2022-01-01T19:17:22,30.40470,-91.20316,0.4,98.0,40.0,RICK CALHOUN,,WDI3506,31,12,52,,,57,A
367689040,2022-01-01T19:03:21,30.38930,-91.21738,6.2,53.0,45.0,RICK CALHOUN,,WDI3506,31,12,52,,,57,A
367689040,2022-01-01T19:19:41,30.40447,-91.20305,0.1,174.0,37.0,RICK CALHOUN,,WDI3506,31,12,52,,,57,A
367689040,2022-01-01T20:01:11,30.40369,-91.20364,0.2,319.0,40.0,RICK CALHOUN,,WDI3506,31,12,52,,,57,A
367689040,2022-01-01T19:05:51,30.39218,-91.21371,6.1,44.0,38.0,RICK CALHOUN,,WDI3506,31,12,52,,,57,A
367689040,2022-01-01T19:11:30,30.39961,-91.20658,6.2,35.1,29.0,RICK CALHOUN,,WDI3506,31,12,52,,,57,A
367689040,2022-01-01T08:14:33,30.11158,-91.00578,0.0,156.7,251.0,RICK CALHOUN,,WDI3506,31,12,52,,,57,A
367689040,2022-01-01T19:12:41,30.40132,-91.20528,5.8,32.2,26.0,RICK CALHOUN,,WDI3506,31,12,52,,,57,A
367689040,2022-01-01T08:17:33,30.11157,-91.00578,0.0,156.0,250.0,RICK CALHOUN,,WDI3506,31,12,52,,,57,A
367689040,2022-01-01T19:15:02,30.40385,-91.20390,3.2,27.0,37.0,RICK CALHOUN,,WDI3506,31,12,52,,,57,A
367689040,2022-01-01T20:06:50,30.40381,-91.20363,0.1,313.0,43.0,RICK CALHOUN,,WDI3506,31,12,52,,,57,A
367689040,2022-01-01T08:21:03,30.11159,-91.00577,0.0,156.0,249.0,RICK CALHOUN,,WDI3506,31,12,52,,,57,A
367689040,2022-01-01T19:32:31,30.40418,-91.20303,0.1,220.3,36.0,RICK CALHOUN,,WDI3506,31,12,52,,,57,A
367689040,2022-01-01T19:16:11,30.40453,-91.20341,1.8,39.0,40.0,RICK CALHOUN,,WDI3506,31,12,52,,,57,A
367689040,2022-01-01T18:58:01,30.38317,-91.22531,6.3,43.0,47.0,RICK CALHOUN,,WDI3506,31,12,52,,,57,A
367689040,2022-01-01T19:34:01,30.40418,-91.20301,0.1,32.0,37.0,RICK CALHOUN,,WDI3506,31,12,52,,,57,A
367689040,2022-01-01T19:01:10,30.38691,-91.22073,6.2,46.0,48.0,RICK CALHOUN,,WDI3506,31,12,52,,,57,A
367689040,2022-01-01T19:24:21,30.40435,-91.20283,0.2,155.0,35.0,RICK CALHOUN,,WDI3506,31,12,52,,,57,A
367689040,2022-01-01T19:41:20,30.40415,-91.20311,0.2,236.0,36.0,RICK CALHOUN,,WDI3506,31,12,52,,,57,A
367689040,2022-01-01T08:24:23,30.11157,-91.00577,0.0,156.0,250.0,RICK CALHOUN,,WDI3506,31,12,52,,,57,A
367689040,2022-01-01T19:30:02,30.40424,-91.20297,0.1,14.0,35.0,RICK CALHOUN,,WDI3506,31,12,52,,,57,A
367689040,2022-01-01T19:25:32,30.40431,-91.20282,0.1,205.0,34.0,RICK CALHOUN,,WDI3506,31,12,52,,,57,A
367689040,2022-01-01T19:27:41,30.40425,-91.20287,0.2,235.0,34.0,RICK CALHOUN,,WDI3506,31,12,52,,,57,A
367689040,2022-01-01T19:28:50,30.40423,-91.20295,0.2,249.0,35.0,RICK CALHOUN,,WDI3506,31,12,52,,,57,A
367689040,2022-01-01T19:53:00,30.40373,-91.20363,0.3,306.0,38.0,RICK CALHOUN,,WDI3506,31,12,52,,,57,A
367689040,2022-01-01T19:31:11,30.40423,-91.20295,0.1,221.0,35.0,RICK CALHOUN,,WDI3506,31,12,52,,,57,A
367689040,2022-01-01T19:57:30,30.40372,-91.20360,0.1,158.0,39.0,RICK CALHOUN,,WDI3506,31,12,52,,,57,A
367689040,2022-01-01T20:37:15,30.40374,-91.20319,0.2,3.0,27.0,RICK CALHOUN,,WDI3506,31,1,52,,,57,A
367689040,2022-01-01T19:36:40,30.40434,-91.20288,0.2,28.0,36.0,RICK CALHOUN,,WDI3506,31,12,52,,,57,A
367689040,2022-01-01T19:22:00,30.40443,-91.20291,0.2,112.0,36.0,RICK CALHOUN,,WDI3506,31,12,52,,,57,A
367689040,2022-01-01T19:42:30,30.40412,-91.20315,0.0,228.0,37.0,RICK CALHOUN,,WDI3506,31,12,52,,,57,A
367689040,2022-01-01T20:00:00,30.40366,-91.20362,0.1,270.0,38.0,RICK CALHOUN,,WDI3506,31,12,52,,,57,A
367689040,2022-01-01T20:08:01,30.40382,-91.20365,0.0,314.0,44.0,RICK CALHOUN,,WDI3506,31,12,52,,,57,A
367689040,2022-01-01T19:43:41,30.40412,-91.20317,0.0,256.0,37.0,RICK CALHOUN,,WDI3506,31,12,52,,,57,A
367689040,2022-01-01T08:32:05,30.11154,-91.00575,0.1,154.0,251.0,RICK CALHOUN,,WDI3506,31,12,52,,,57,A
367689040,2022-01-01T19:56:21,30.40373,-91.20361,0.1,70.0,38.0,RICK CALHOUN,,WDI3506,31,12,52,,,57,A
367689040,2022-01-01T19:48:21,30.40379,-91.20346,0.5,205.0,37.0,RICK CALHOUN,,WDI3506,31,12,52,,,57,A
367689040,2022-01-01T19:51:50,30.40369,-91.20351,0.3,280.0,35.0,RICK CALHOUN,,WDI3506,31,12,52,,,57,A
367689040,2022-01-01T19:49:31,30.40369,-91.20343,0.3,120.3,35.0,RICK CALHOUN,,WDI3506,31,12,52,,,57,A
367689040,2022-01-01T19:35:30,30.40426,-91.20295,0.3,41.0,36.0,RICK CALHOUN,,WDI3506,31,12,52,,,57,A
367689040,2022-01-01T20:10:21,30.40381,-91.20363,0.0,314.0,43.0,RICK CALHOUN,,WDI3506,31,12,52,,,57,A
367689040,2022-01-01T20:12:41,30.40380,-91.20359,0.0,127.0,42.0,RICK CALHOUN,,WDI3506,31,12,52,,,57,A
367689040,2022-01-01T20:21:10,30.40367,-91.20344,0.1,135.0,38.0,RICK CALHOUN,,WDI3506,31,12,52,,,57,A
367689040,2022-01-01T20:15:02,30.40378,-91.20358,0.0,145.0,41.0,RICK CALHOUN,,WDI3506,31,12,52,,,57,A
367689040,2022-01-01T19:40:11,30.40421,-91.20301,0.3,230.7,36.0,RICK CALHOUN,,WDI3506,31,12,52,,,57,A
367689040,2022-01-01T20:03:30,30.40377,-91.20362,0.1,48.0,42.0,RICK CALHOUN,,WDI3506,31,12,52,,,57,A
367689040,2022-01-01T20:04:32,30.40378,-91.20359,0.0,88.0,42.0,RICK CALHOUN,,WDI3506,31,12,52,,,57,A
367689040,2022-01-01T20:17:22,30.40375,-91.20355,0.1,133.0,41.0,RICK CALHOUN,,WDI3506,31,12,52,,,57,A
367689040,2022-01-01T20:05:41,30.40379,-91.20361,0.1,311.0,42.0,RICK CALHOUN,,WDI3506,31,12,52,,,57,A
367689040,2022-01-01T19:58:40,30.40369,-91.20360,0.1,182.0,38.0,RICK CALHOUN,,WDI3506,31,12,52,,,57,A
367689040,2022-01-01T08:43:44,30.11146,-91.00575,0.0,154.0,254.0,RICK CALHOUN,,WDI3506,31,12,52,,,57,A
367689040,2022-01-01T20:28:02,30.40362,-91.20340,0.2,312.0,37.0,RICK CALHOUN,,WDI3506,31,12,52,,,57,A
367689040,2022-01-01T19:46:01,30.40406,-91.20322,0.3,215.0,37.0,RICK CALHOUN,,WDI3506,31,12,52,,,57,A
367689040,2022-01-01T20:29:11,30.40368,-91.20346,0.3,312.0,39.0,RICK CALHOUN,,WDI3506,31,12,52,,,57,A
367689040,2022-01-01T20:02:20,30.40374,-91.20366,0.2,11.0,42.0,RICK CALHOUN,,WDI3506,31,12,52,,,57,A
367689040,2022-01-01T19:50:41,30.40367,-91.20343,0.2,244.0,34.0,RICK CALHOUN,,WDI3506,31,12,52,,,57,A
367689040,2022-01-01T20:30:20,30.40376,-91.20354,0.3,315.6,41.0,RICK CALHOUN,,WDI3506,31,12,52,,,57,A
367689040,2022-01-01T08:46:03,30.11146,-91.00572,0.0,154.0,254.0,RICK CALHOUN,,WDI3506,31,12,52,,,57,A
367689040,2022-01-01T20:18:31,30.40372,-91.20351,0.1,135.0,40.0,RICK CALHOUN,,WDI3506,31,12,52,,,57,A
367689040,2022-01-01T20:20:02,30.40368,-91.20348,0.1,132.1,38.0,RICK CALHOUN,,WDI3506,31,12,52,,,57,A
367689040,2022-01-01T20:13:50,30.40378,-91.20357,0.0,145.0,41.0,RICK CALHOUN,,WDI3506,31,12,52,,,57,A
367689040,2022-01-01T19:59:51,30.40366,-91.20359,0.1,234.0,38.0,RICK CALHOUN,,WDI3506,31,12,52,,,57,A
367689040,2022-01-01T21:22:15,30.40378,-91.20341,0.1,307.4,38.0,RICK CALHOUN,,WDI3506,31,1,52,,,57,A
367689040,2022-01-01T20:23:22,30.40363,-91.20340,0.1,136.3,38.0,RICK CALHOUN,,WDI3506,31,12,52,,,57,A
367689040,2022-01-01T20:24:31,30.40361,-91.20338,0.1,129.0,37.0,RICK CALHOUN,,WDI3506,31,12,52,,,57,A
367689040,2022-01-01T08:54:04,30.11145,-91.00574,0.0,154.9,253.0,RICK CALHOUN,,WDI3506,31,12,52,,,57,A
367689040,2022-01-01T20:26:51,30.40360,-91.20336,0.0,133.0,36.0,RICK CALHOUN,,WDI3506,31,12,52,,,57,A
367689040,2022-01-01T20:22:11,30.40365,-91.20343,0.1,132.0,37.0,RICK CALHOUN,,WDI3506,31,12,52,,,57,A
367689040,2022-01-01T20:49:15,30.40427,-91.20347,0.2,278.9,26.0,RICK CALHOUN,,WDI3506,31,1,52,,,57,A
367689040,2022-01-01T20:16:10,30.40377,-91.20355,0.1,139.4,41.0,RICK CALHOUN,,WDI3506,31,12,52,,,57,A
367689040,2022-01-01T20:43:15,30.40399,-91.20321,0.4,292.0,24.0,RICK CALHOUN,,WDI3506,31,1,52,,,57,A
367689040,2022-01-01T21:01:15,30.40444,-91.20421,0.4,301.0,29.0,RICK CALHOUN,,WDI3506,31,1,52,,,57,A
367689040,2022-01-01T20:46:15,30.40414,-91.20328,0.2,357.0,23.0,RICK CALHOUN,,WDI3506,31,1,52,,,57,A
367689040,2022-01-01T20:52:15,30.40423,-91.20358,0.2,220.0,27.0,RICK CALHOUN,,WDI3506,31,1,52,,,57,A
367689040,2022-01-01T09:04:14,30.11144,-91.00571,0.0,154.9,253.0,RICK CALHOUN,,WDI3506,31,12,52,,,57,A
367689040,2022-01-01T21:58:15,30.40407,-91.20362,0.0,306.0,44.0,RICK CALHOUN,,WDI3506,31,1,52,,,57,A
367689040,2022-01-01T21:13:15,30.40417,-91.20412,0.7,125.0,46.0,RICK CALHOUN,,WDI3506,31,1,52,,,57,A
367689040,2022-01-01T21:04:15,30.40464,-91.20441,0.3,331.0,36.0,RICK CALHOUN,,WDI3506,31,1,52,,,57,A
367689040,2022-01-01T22:07:15,30.40398,-91.20351,0.0,135.0,42.0,RICK CALHOUN,,WDI3506,31,1,52,,,57,A
367689040,2022-01-01T09:11:23,30.11132,-91.00567,0.0,163.0,256.0,RICK CALHOUN,,WDI3506,31,12,52,,,57,A
367689040,2022-01-01T21:07:15,30.40462,-91.20450,0.2,207.2,42.0,RICK CALHOUN,,WDI3506,31,1,52,,,57,A
367689040,2022-01-01T09:15:14,30.11132,-91.00568,0.0,163.0,257.0,RICK CALHOUN,,WDI3506,31,12,52,,,57,A
367689040,2022-01-01T09:16:23,30.11134,-91.00569,0.0,163.0,257.0,RICK CALHOUN,,WDI3506,31,12,52,,,57,A
367689040,2022-01-01T20:58:15,30.40424,-91.20374,0.4,288.0,21.0,RICK CALHOUN,,WDI3506,31,1,52,,,57,A
367689040,2022-01-01T21:16:15,30.40388,-91.20363,0.5,130.0,40.0,RICK CALHOUN,,WDI3506,31,1,52,,,57,A
367689040,2022-01-01T21:49:15,30.40401,-91.20355,0.1,311.0,43.0,RICK CALHOUN,,WDI3506,31,1,52,,,57,A
367689040,2022-01-01T21:37:15,30.40389,-91.20364,0.0,308.7,42.0,RICK CALHOUN,,WDI3506,31,1,52,,,57,A
367689040,2022-01-01T22:40:15,30.40396,-91.20342,0.1,132.0,39.0,RICK CALHOUN,,WDI3506,31,1,52,,,57,A
367689040,2022-01-01T21:40:15,30.40386,-91.20351,0.2,89.3,39.0,RICK CALHOUN,,WDI3506,31,1,52,,,57,A
367689040,2022-01-01T21:19:15,30.40370,-91.20338,0.1,128.0,36.0,RICK CALHOUN,,WDI3506,31,1,52,,,57,A
367689040,2022-01-01T22:01:15,30.40407,-91.20363,0.0,306.0,44.0,RICK CALHOUN,,WDI3506,31,1,52,,,57,A
367689040,2022-01-01T21:28:15,30.40388,-91.20357,0.1,231.0,40.0,RICK CALHOUN,,WDI3506,31,1,52,,,57,A
367689040,2022-01-01T21:25:15,30.40382,-91.20354,0.1,288.0,39.0,RICK CALHOUN,,WDI3506,31,1,52,,,57,A
367689040,2022-01-01T22:58:15,30.40389,-91.20336,0.0,131.0,39.0,RICK CALHOUN,,WDI3506,31,1,52,,,57,A
367689040,2022-01-01T21:31:15,30.40387,-91.20363,0.0,334.0,40.0,RICK CALHOUN,,WDI3506,31,1,52,,,57,A
367689040,2022-01-01T22:13:15,30.40400,-91.20351,0.0,135.0,41.0,RICK CALHOUN,,WDI3506,31,1,52,,,57,A
367689040,2022-01-01T21:34:15,30.40390,-91.20366,0.0,308.0,42.0,RICK CALHOUN,,WDI3506,31,1,52,,,57,A
367689040,2022-01-01T09:38:24,30.11134,-91.00569,0.0,163.0,256.0,RICK CALHOUN,,WDI3506,31,12,52,,,57,A
367689040,2022-01-01T21:52:15,30.40404,-91.20362,0.0,311.1,43.0,RICK CALHOUN,,WDI3506,31,1,52,,,57,A
367689040,2022-01-01T21:43:15,30.40392,-91.20344,0.0,354.6,40.0,RICK CALHOUN,,WDI3506,31,1,52,,,57,A
367689040,2022-01-01T23:19:15,30.40392,-91.20337,0.0,131.9,39.0,RICK CALHOUN,,WDI3506,31,1,52,,,57,A
367689040,2022-01-01T22:16:15,30.40402,-91.20351,0.0,135.0,41.0,RICK CALHOUN,,WDI3506,31,1,52,,,57,A
367689040,2022-01-01T22:28:15,30.40393,-91.20341,0.0,133.9,39.0,RICK CALHOUN,,WDI3506,31,1,52,,,57,A
367689040,2022-01-01T22:43:15,30.40393,-91.20341,0.0,131.9,38.0,RICK CALHOUN,,WDI3506,31,1,52,,,57,A
367689040,2022-01-01T22:46:15,30.40393,-91.20342,0.0,131.0,39.0,RICK CALHOUN,,WDI3506,31,1,52,,,57,A
367689040,2022-01-01T23:40:10,30.40391,-91.20338,0.0,131.9,39.0,RICK CALHOUN,,WDI3506,31,12,52,,,57,A
367689040,2022-01-01T22:04:15,30.40403,-91.20359,0.1,135.0,42.0,RICK CALHOUN,,WDI3506,31,1,52,,,57,A
367689040,2022-01-01T22:19:15,30.40401,-91.20352,0.0,135.0,40.0,RICK CALHOUN,,WDI3506,31,1,52,,,57,A
367689040,2022-01-01T22:22:15,30.40397,-91.20346,0.1,135.3,39.0,RICK CALHOUN,,WDI3506,31,1,52,,,57,A
367689040,2022-01-01T09:52:33,30.11134,-91.00568,0.0,163.0,255.0,RICK CALHOUN,,WDI3506,31,12,52,,,57,A
367689040,2022-01-01T23:48:29,30.40387,-91.20333,0.0,132.0,37.0,RICK CALHOUN,,WDI3506,31,1,52,,,57,A
367689040,2022-01-01T22:34:15,30.40398,-91.20346,0.1,312.0,39.0,RICK CALHOUN,,WDI3506,31,1,52,,,57,A
367689040,2022-01-01T22:52:15,30.40393,-91.20342,0.0,131.9,39.0,RICK CALHOUN,,WDI3506,31,1,52,,,57,A
367689040,2022-01-01T23:16:15,30.40391,-91.20340,0.0,131.0,39.0,RICK CALHOUN,,WDI3506,31,1,52,,,57,A
367689040,2022-01-01T23:04:15,30.40390,-91.20338,0.0,131.0,40.0,RICK CALHOUN,,WDI3506,31,1,52,,,57,A
367689040,2022-01-01T23:22:15,30.40392,-91.20337,0.0,131.9,39.0,RICK CALHOUN,,WDI3506,31,1,52,,,57,A
367689040,2022-01-01T23:10:15,30.40393,-91.20341,0.0,131.0,40.0,RICK CALHOUN,,WDI3506,31,1,52,,,57,A
367689040,2022-01-01T23:13:15,30.40392,-91.20342,0.0,131.0,40.0,RICK CALHOUN,,WDI3506,31,1,52,,,57,A
367689040,2022-01-01T22:55:15,30.40391,-91.20337,0.0,131.0,39.0,RICK CALHOUN,,WDI3506,31,1,52,,,57,A
367689040,2022-01-01T10:06:24,30.11135,-91.00568,0.0,163.0,256.0,RICK CALHOUN,,WDI3506,31,12,52,,,57,A
367689040,2022-01-01T23:41:19,30.40390,-91.20338,0.0,131.0,39.0,RICK CALHOUN,,WDI3506,31,12,52,,,57,A
367689040,2022-01-01T23:28:15,30.40391,-91.20338,0.0,131.9,37.0,RICK CALHOUN,,WDI3506,31,1,52,,,57,A
367689040,2022-01-01T23:44:49,30.40390,-91.20336,0.1,131.0,39.0,RICK CALHOUN,,WDI3506,31,12,52,,,57,A
367689040,2022-01-01T23:34:15,30.40391,-91.20337,0.0,131.0,39.0,RICK CALHOUN,,WDI3506,31,1,52,,,57,A
367689040,2022-01-01T23:51:09,30.40390,-91.20337,0.0,314.0,38.0,RICK CALHOUN,,WDI3506,31,1,52,,,57,A
367689040,2022-01-01T23:07:15,30.40392,-91.20340,0.0,131.9,39.0,RICK CALHOUN,,WDI3506,31,1,52,,,57,A
367689040,2022-01-01T23:25:15,30.40392,-91.20340,0.0,131.0,39.0,RICK CALHOUN,,WDI3506,31,1,52,,,57,A
367689040,2022-01-01T23:47:19,30.40387,-91.20333,0.0,132.0,38.0,RICK CALHOUN,,WDI3506,31,12,52,,,57,A
367689040,2022-01-01T23:46:00,30.40388,-91.20335,0.1,133.0,38.0,RICK CALHOUN,,WDI3506,31,12,52,,,57,A
367689040,2022-01-01T10:16:43,30.11136,-91.00568,0.0,163.0,255.0,RICK CALHOUN,,WDI3506,31,12,52,,,57,A
367689040,2022-01-01T10:23:33,30.11133,-91.00565,0.0,163.0,256.0,RICK CALHOUN,,WDI3506,31,12,52,,,57,A
367689040,2022-01-01T10:27:04,30.11135,-91.00566,0.0,163.0,256.0,RICK CALHOUN,,WDI3506,31,12,52,,,57,A
367689040,2022-01-01T10:37:24,30.11136,-91.00567,0.0,163.0,256.0,RICK CALHOUN,,WDI3506,31,12,52,,,57,A
367689040,2022-01-01T11:10:49,30.11122,-91.00567,0.1,169.0,258.0,RICK CALHOUN,,WDI3506,31,1,52,,,57,A
367689040,2022-01-01T11:28:49,30.11121,-91.00589,0.0,293.0,259.0,RICK CALHOUN,,WDI3506,31,1,52,,,57,A
367689040,2022-01-01T11:46:49,30.11123,-91.00591,0.0,172.0,258.0,RICK CALHOUN,,WDI3506,31,1,52,,,57,A
367689040,2022-01-01T12:29:09,30.11292,-91.02232,5.8,292.0,297.0,RICK CALHOUN,,WDI3506,31,12,52,,,57,A
367689040,2022-01-01T12:38:39,30.12320,-91.03192,5.5,27.4,44.0,RICK CALHOUN,,WDI3506,31,12,52,,,57,A
367689040,2022-01-01T12:41:59,30.12758,-91.02755,6.8,47.0,55.0,RICK CALHOUN,,WDI3506,31,12,52,,,57,A
367689040,2022-01-01T12:53:39,30.13954,-91.00576,7.2,47.0,37.0,RICK CALHOUN,,WDI3506,31,12,52,,,57,A
367689040,2022-01-01T13:01:58,30.15210,-91.00152,6.1,351.2,347.0,RICK CALHOUN,,WDI3506,31,12,52,,,57,A
367689040,2022-01-01T13:06:39,30.15994,-91.00409,6.5,335.0,334.0,RICK CALHOUN,,WDI3506,31,12,52,,,57,A
367689040,2022-01-01T13:15:50,30.17570,-91.01344,7.2,331.0,328.0,RICK CALHOUN,,WDI3506,31,12,52,,,57,A
367689040,2022-01-01T13:18:08,30.17961,-91.01623,7.2,329.0,330.0,RICK CALHOUN,,WDI3506,31,12,52,,,57,A
367689040,2022-01-01T13:43:49,30.21154,-91.05764,6.9,283.0,278.0,RICK CALHOUN,,WDI3506,31,12,52,,,57,A
367689040,2022-01-01T13:44:50,30.21190,-91.05983,6.7,278.0,273.0,RICK CALHOUN,,WDI3506,31,12,52,,,57,A
367689040,2022-01-01T13:54:10,30.21172,-91.07888,6.2,258.3,256.0,RICK CALHOUN,,WDI3506,31,12,52,,,57,A
367689040,2022-01-01T13:57:30,30.21056,-91.08543,6.2,258.0,251.0,RICK CALHOUN,,WDI3506,31,12,52,,,57,A
367689040,2022-01-01T14:02:29,30.20772,-91.09467,6.2,243.0,243.0,RICK CALHOUN,,WDI3506,31,12,52,,,57,A
367689040,2022-01-01T14:10:30,30.20084,-91.10898,6.6,236.2,234.0,RICK CALHOUN,,WDI3506,31,12,52,,,57,A
367689040,2022-01-01T14:23:00,30.18649,-91.12980,6.8,220.0,221.0,RICK CALHOUN,,WDI3506,31,12,52,,,57,A
367689040,2022-01-01T14:41:20,30.18764,-91.16199,6.4,321.0,338.0,RICK CALHOUN,,WDI3506,31,12,52,,,57,A
367689040,2022-01-01T14:43:40,30.19123,-91.16381,6.0,350.0,357.0,RICK CALHOUN,,WDI3506,31,12,52,,,57,A
367689040,2022-01-01T15:02:20,30.22057,-91.15008,6.7,42.0,43.0,RICK CALHOUN,,WDI3506,31,12,52,,,57,A
367689040,2022-01-01T15:08:19,30.22944,-91.14166,7.0,43.0,54.0,RICK CALHOUN,,WDI3506,31,12,52,,,57,A
367689040,2022-01-01T15:11:49,30.23342,-91.13549,6.8,63.0,65.0,RICK CALHOUN,,WDI3506,31,12,52,,,57,A
367689040,2022-01-01T15:24:50,30.24548,-91.11119,5.8,29.0,5.0,RICK CALHOUN,,WDI3506,31,12,52,,,57,A
367689040,2022-01-01T15:29:29,30.25241,-91.11146,5.8,339.1,336.0,RICK CALHOUN,,WDI3506,31,12,52,,,57,A
367689040,2022-01-01T15:40:00,30.26672,-91.12398,6.5,314.0,307.0,RICK CALHOUN,,WDI3506,31,12,52,,,57,A
367689040,2022-01-01T15:49:01,30.27390,-91.13973,6.2,281.0,283.0,RICK CALHOUN,,WDI3506,31,12,52,,,57,A
367689040,2022-01-01T15:54:51,30.27584,-91.15124,6.4,279.0,279.0,RICK CALHOUN,,WDI3506,31,12,52,,,57,A
367689040,2022-01-01T16:11:09,30.27989,-91.18459,6.8,269.0,271.0,RICK CALHOUN,,WDI3506,31,12,52,,,57,A
367689040,2022-01-01T16:12:19,30.27992,-91.18718,6.8,273.0,273.0,RICK CALHOUN,,WDI3506,31,12,52,,,57,A
367689040,2022-01-01T16:27:40,30.28669,-91.21932,6.8,291.8,299.0,RICK CALHOUN,,WDI3506,31,12,52,,,57,A
367689040,2022-01-01T16:42:50,30.30738,-91.23060,5.8,51.0,53.0,RICK CALHOUN,,WDI3506,31,12,52,,,57,A
367689040,2022-01-01T16:47:50,30.31228,-91.22271,5.9,60.1,62.0,RICK CALHOUN,,WDI3506,31,12,52,,,57,A
367689040,2022-01-01T16:57:11,30.31901,-91.20618,6.2,67.3,82.0,RICK CALHOUN,,WDI3506,31,12,52,,,57,A
367689040,2022-01-01T17:01:11,30.32021,-91.19836,6.3,88.0,97.0,RICK CALHOUN,,WDI3506,31,12,52,,,57,A
367689040,2022-01-01T17:15:00,30.31623,-91.16909,6.7,97.0,98.0,RICK CALHOUN,,WDI3506,31,12,52,,,57,A
367689040,2022-01-01T17:19:42,30.31510,-91.15900,6.8,97.0,95.0,RICK CALHOUN,,WDI3506,31,12,52,,,57,A
367689040,2022-01-01T17:27:51,30.31743,-91.14325,5.1,48.2,27.0,RICK CALHOUN,,WDI3506,31,12,52,,,57,A
367689040,2022-01-01T17:34:21,30.32608,-91.14093,5.4,355.0,341.0,RICK CALHOUN,,WDI3506,31,12,52,,,57,A
367689040,2022-01-01T17:35:22,30.32754,-91.14123,5.3,346.0,333.0,RICK CALHOUN,,WDI3506,31,12,52,,,57,A
367689040,2022-01-01T17:43:21,30.33771,-91.14938,5.6,314.7,302.0,RICK CALHOUN,,WDI3506,31,12,52,,,57,A
367689040,2022-01-01T17:45:40,30.33982,-91.15268,5.5,298.0,292.0,RICK CALHOUN,,WDI3506,31,12,52,,,57,A
367689040,2022-01-01T17:56:10,30.34556,-91.17176,6.1,286.7,281.0,RICK CALHOUN,,WDI3506,31,12,52,,,57,A
367689040,2022-01-01T18:09:31,30.34564,-91.19725,6.2,257.0,250.0,RICK CALHOUN,,WDI3506,31,12,52,,,57,A
367689040,2022-01-01T18:11:50,30.34454,-91.20176,6.4,252.0,247.0,RICK CALHOUN,,WDI3506,31,12,52,,,57,A
367689040,2022-01-01T18:22:50,30.33814,-91.22361,6.5,276.0,288.0,RICK CALHOUN,,WDI3506,31,12,52,,,57,A
367689040,2022-01-01T18:39:01,30.35596,-91.24477,5.9,359.0,12.0,RICK CALHOUN,,WDI3506,31,12,52,,,57,A
367689040,2022-01-01T18:41:21,30.35974,-91.24399,5.9,14.0,23.0,RICK CALHOUN,,WDI3506,31,12,52,,,57,A
367689040,2022-01-01T18:55:51,30.38046,-91.22831,6.3,39.0,45.0,RICK CALHOUN,,WDI3506,31,12,52,,,57,A
367689040,2022-01-01T19:10:21,30.39808,-91.20799,6.3,38.0,33.0,RICK CALHOUN,,WDI3506,31,12,52,,,57,A
367689040,2022-01-01T19:13:51,30.40273,-91.20448,4.4,22.0,31.0,RICK CALHOUN,,WDI3506,31,12,52,,,57,A
367689040,2022-01-01T19:23:11,30.40440,-91.20285,0.2,144.0,36.0,RICK CALHOUN,,WDI3506,31,12,52,,,57,A
367689040,2022-01-01T19:37:52,30.40435,-91.20288,0.1,205.0,36.0,RICK CALHOUN,,WDI3506,31,12,52,,,57,A
367689040,2022-01-01T19:44:51,30.40411,-91.20317,0.1,256.0,37.0,RICK CALHOUN,,WDI3506,31,12,52,,,57,A
367689040,2022-01-01T20:09:11,30.40382,-91.20363,0.0,314.0,43.0,RICK CALHOUN,,WDI3506,31,12,52,,,57,A
367689040,2022-01-01T20:11:31,30.40380,-91.20361,0.0,314.0,42.0,RICK CALHOUN,,WDI3506,31,12,52,,,57,A
367689040,2022-01-01T20:25:41,30.40360,-91.20336,0.0,133.0,36.0,RICK CALHOUN,,WDI3506,31,12,52,,,57,A
367689040,2022-01-01T20:31:31,30.40382,-91.20363,0.3,315.0,42.0,RICK CALHOUN,,WDI3506,31,1,52,,,57,A
367689040,2022-01-01T20:34:15,30.40370,-91.20352,0.9,118.0,37.0,RICK CALHOUN,,WDI3506,31,1,52,,,57,A
367689040,2022-01-01T21:46:15,30.40396,-91.20352,0.1,311.0,42.0,RICK CALHOUN,,WDI3506,31,1,52,,,57,A
367689040,2022-01-01T22:25:15,30.40392,-91.20339,0.0,133.9,37.0,RICK CALHOUN,,WDI3506,31,1,52,,,57,A
367689040,2022-01-01T22:37:15,30.40398,-91.20345,0.1,138.1,39.0,RICK CALHOUN,,WDI3506,31,1,52,,,57,A
367689040,2022-01-01T22:49:15,30.40393,-91.20339,0.0,131.0,39.0,RICK CALHOUN,,WDI3506,31,1,52,,,57,A
367689040,2022-01-01T23:31:15,30.40390,-91.20337,0.0,131.9,38.0,RICK CALHOUN,,WDI3506,31,1,52,,,57,A
367689040,2022-01-01T23:37:15,30.40391,-91.20338,0.0,131.0,39.0,RICK CALHOUN,,WDI3506,31,1,52,,,57,A
367689040,2022-01-01T23:42:30,30.40391,-91.20338,0.0,131.0,39.0,RICK CALHOUN,,WDI3506,31,12,52,,,57,A
367689040,2022-01-01T23:43:39,30.40391,-91.20338,0.0,131.9,39.0,RICK CALHOUN,,WDI3506,31,12,52,,,57,A
367689040,2022-01-01T23:54:09,30.40392,-91.20337,0.0,313.0,38.0,RICK CALHOUN,,WDI3506,31,1,52,,,57,A
367689040,2022-01-01T23:57:09,30.40388,-91.20333,0.1,130.0,38.0,RICK CALHOUN,,WDI3506,31,1,52,,,57,A
367689040,2022-01-02T00:06:09,30.40384,-91.20330,0.1,127.2,36.0,RICK CALHOUN,,WDI3506,31,1,52,,,57,A
367689040,2022-01-02T00:03:09,30.40387,-91.20335,0.0,313.0,37.0,RICK CALHOUN,,WDI3506,31,1,52,,,57,A
367689040,2022-01-02T00:09:09,30.40380,-91.20325,0.1,128.0,34.0,RICK CALHOUN,,WDI3506,31,1,52,,,57,A
367689040,2022-01-02T00:12:09,30.40380,-91.20325,0.1,312.0,35.0,RICK CALHOUN,,WDI3506,31,1,52,,,57,A
367689040,2022-01-02T00:15:09,30.40387,-91.20335,0.1,310.0,37.0,RICK CALHOUN,,WDI3506,31,1,52,,,57,A
367689040,2022-01-02T00:18:09,30.40382,-91.20326,0.2,129.0,36.0,RICK CALHOUN,,WDI3506,31,1,52,,,57,A
367689040,2022-01-02T00:21:09,30.40376,-91.20315,0.0,124.0,34.0,RICK CALHOUN,,WDI3506,31,1,52,,,57,A
367689040,2022-01-02T00:24:09,30.40376,-91.20316,0.0,124.0,33.0,RICK CALHOUN,,WDI3506,31,1,52,,,57,A
367689040,2022-01-02T00:27:09,30.40378,-91.20320,0.0,309.3,34.0,RICK CALHOUN,,WDI3506,31,1,52,,,57,A
367689040,2022-01-02T00:33:09,30.40374,-91.20312,0.1,123.0,33.0,RICK CALHOUN,,WDI3506,31,1,52,,,57,A
367689040,2022-01-02T00:30:09,30.40378,-91.20320,0.0,309.3,34.0,RICK CALHOUN,,WDI3506,31,1,52,,,57,A
367689040,2022-01-02T00:36:09,30.40370,-91.20306,0.1,119.5,32.0,RICK CALHOUN,,WDI3506,31,1,52,,,57,A
367689040,2022-01-02T00:39:09,30.40369,-91.20304,0.0,125.0,31.0,RICK CALHOUN,,WDI3506,31,1,52,,,57,A
367689040,2022-01-02T00:48:09,30.40385,-91.20325,0.1,310.0,36.0,RICK CALHOUN,,WDI3506,31,1,52,,,57,A
367689040,2022-01-02T00:51:09,30.40385,-91.20328,0.0,316.0,37.0,RICK CALHOUN,,WDI3506,31,1,52,,,57,A
367689040,2022-01-02T00:54:09,30.40385,-91.20330,0.0,316.0,37.0,RICK CALHOUN,,WDI3506,31,1,52,,,57,A
367689040,2022-01-02T01:03:34,30.40388,-91.20340,0.5,261.0,38.0,RICK CALHOUN,,WDI3506,31,12,52,,,57,A
367689040,2022-01-02T00:57:09,30.40379,-91.20319,0.2,128.0,34.0,RICK CALHOUN,,WDI3506,31,1,52,,,57,A
367689040,2022-01-02T01:00:55,30.40369,-91.20306,0.1,305.0,32.0,RICK CALHOUN,,WDI3506,31,12,52,,,57,A
367689040,2022-01-02T01:02:25,30.40378,-91.20319,0.6,308.0,34.0,RICK CALHOUN,,WDI3506,31,12,52,,,57,A
367689040,2022-01-02T01:04:45,30.40361,-91.20366,1.4,214.0,37.0,RICK CALHOUN,,WDI3506,31,12,52,,,57,A
367689040,2022-01-02T01:06:25,30.40315,-91.20355,0.7,139.0,25.0,RICK CALHOUN,,WDI3506,31,12,52,,,57,A
367689040,2022-01-02T01:10:04,30.40443,-91.20305,2.8,11.9,14.0,RICK CALHOUN,,WDI3506,31,12,52,,,57,A
367689040,2022-01-02T01:08:44,30.40363,-91.20336,1.7,23.0,19.0,RICK CALHOUN,,WDI3506,31,12,52,,,57,A
367689040,2022-01-02T01:07:34,30.40322,-91.20347,0.8,16.3,20.0,RICK CALHOUN,,WDI3506,31,12,52,,,57,A
367689040,2022-01-02T01:13:25,30.40810,-91.20216,4.9,12.0,14.0,RICK CALHOUN,,WDI3506,31,12,52,,,57,A
367689040,2022-01-02T01:12:15,30.40660,-91.20250,4.3,11.0,14.0,RICK CALHOUN,,WDI3506,31,12,52,,,57,A
367689040,2022-01-02T01:17:54,30.41496,-91.20046,6.1,9.2,12.0,RICK CALHOUN,,WDI3506,31,12,52,,,57,A
367689040,2022-01-02T01:15:36,30.41122,-91.20125,5.6,11.0,12.0,RICK CALHOUN,,WDI3506,31,12,52,,,57,A
367689040,2022-01-02T01:11:06,30.40534,-91.20287,3.6,11.0,15.0,RICK CALHOUN,,WDI3506,31,12,52,,,57,A
367689040,2022-01-02T01:16:45,30.41306,-91.20083,5.9,11.0,11.0,RICK CALHOUN,,WDI3506,31,12,52,,,57,A
367689040,2022-01-02T01:14:34,30.40968,-91.20168,5.4,15.0,12.0,RICK CALHOUN,,WDI3506,31,12,52,,,57,A
367689040,2022-01-02T01:21:14,30.42065,-91.19907,6.3,13.0,7.0,RICK CALHOUN,,WDI3506,31,12,52,,,57,A
367689040,2022-01-02T01:19:04,30.41695,-91.20002,6.3,10.0,12.0,RICK CALHOUN,,WDI3506,31,12,52,,,57,A
367689040,2022-01-02T01:22:26,30.42272,-91.19867,6.3,8.0,4.0,RICK CALHOUN,,WDI3506,31,12,52,,,57,A
367689040,2022-01-02T01:20:05,30.41870,-91.19960,6.3,12.0,11.0,RICK CALHOUN,,WDI3506,31,12,52,,,57,A
367689040,2022-01-02T01:23:35,30.42476,-91.19842,6.3,5.9,3.0,RICK CALHOUN,,WDI3506,31,12,52,,,57,A
367689040,2022-01-02T01:29:15,30.43465,-91.19805,6.3,2.0,3.0,RICK CALHOUN,,WDI3506,31,12,52,,,57,A
367689040,2022-01-02T01:31:55,30.43928,-91.19781,6.2,4.0,7.0,RICK CALHOUN,,WDI3506,31,12,52,,,57,A
367689040,2022-01-02T01:24:44,30.42680,-91.19823,6.3,3.0,1.0,RICK CALHOUN,,WDI3506,31,12,52,,,57,A
367689040,2022-01-02T01:26:54,30.43056,-91.19815,6.3,356.0,1.0,RICK CALHOUN,,WDI3506,31,12,52,,,57,A
367689040,2022-01-02T01:33:04,30.44120,-91.19749,6.2,11.5,6.0,RICK CALHOUN,,WDI3506,31,12,52,,,57,A
367689040,2022-01-02T01:34:14,30.44315,-91.19696,6.0,10.0,358.0,RICK CALHOUN,,WDI3506,31,12,52,,,57,A
367689040,2022-01-02T01:36:45,30.44717,-91.19696,5.8,352.0,352.0,RICK CALHOUN,,WDI3506,31,12,52,,,57,A
367689040,2022-01-02T01:28:04,30.43259,-91.19818,6.3,1.2,3.0,RICK CALHOUN,,WDI3506,31,12,52,,,57,A
367689040,2022-01-02T01:30:46,30.43726,-91.19794,6.2,3.5,5.0,RICK CALHOUN,,WDI3506,31,12,52,,,57,A
367689040,2022-01-02T00:42:09,30.40373,-91.20310,0.1,308.0,32.0,RICK CALHOUN,,WDI3506,31,1,52,,,57,A
367689040,2022-01-02T01:39:04,30.45095,-91.19766,6.1,347.0,353.0,RICK CALHOUN,,WDI3506,31,12,52,,,57,A
367689040,2022-01-02T01:43:45,30.45897,-91.19874,6.3,357.0,1.0,RICK CALHOUN,,WDI3506,31,12,52,,,57,A
367689040,2022-01-02T01:35:26,30.44509,-91.19672,5.7,359.0,352.0,RICK CALHOUN,,WDI3506,31,12,52,,,57,A
367689040,2022-01-02T00:45:09,30.40378,-91.20317,0.1,308.0,34.0,RICK CALHOUN,,WDI3506,31,1,52,,,57,A
367689040,2022-01-02T01:41:24,30.45487,-91.19837,6.2,353.0,357.0,RICK CALHOUN,,WDI3506,31,12,52,,,57,A
367689040,2022-01-02T01:40:15,30.45293,-91.19808,6.2,351.0,355.0,RICK CALHOUN,,WDI3506,31,12,52,,,57,A
367689040,2022-01-02T01:48:14,30.46691,-91.19861,6.4,1.6,6.0,RICK CALHOUN,,WDI3506,31,12,52,,,57,A
367689040,2022-01-02T01:51:45,30.47294,-91.19766,6.1,4.0,359.0,RICK CALHOUN,,WDI3506,31,12,52,,,57,A
367689040,2022-01-02T01:45:54,30.46277,-91.19871,6.4,3.4,3.0,RICK CALHOUN,,WDI3506,31,12,52,,,57,A
367689040,2022-01-02T01:47:05,30.46487,-91.19864,6.4,0.0,4.0,RICK CALHOUN,,WDI3506,31,12,52,,,57,A
367689040,2022-01-02T01:49:24,30.46896,-91.19841,6.3,9.0,8.0,RICK CALHOUN,,WDI3506,31,12,52,,,57,A
367689040,2022-01-02T01:50:35,30.47097,-91.19794,6.2,9.9,3.0,RICK CALHOUN,,WDI3506,31,12,52,,,57,A
367689040,2022-01-02T01:57:25,30.48260,-91.19800,6.3,359.0,0.0,RICK CALHOUN,,WDI3506,31,12,52,,,57,A
367689040,2022-01-02T01:59:45,30.48671,-91.19808,6.4,358.0,0.0,RICK CALHOUN,,WDI3506,31,12,52,,,57,A
367689040,2022-01-02T01:56:15,30.48056,-91.19791,6.2,354.0,359.0,RICK CALHOUN,,WDI3506,31,12,52,,,57,A
367689040,2022-01-02T01:52:54,30.47487,-91.19759,6.0,359.7,358.0,RICK CALHOUN,,WDI3506,31,12,52,,,57,A
367689040,2022-01-02T01:55:05,30.47856,-91.19766,6.1,354.9,356.0,RICK CALHOUN,,WDI3506,31,12,52,,,57,A
367689040,2022-01-02T01:58:34,30.48465,-91.19803,6.3,359.0,0.0,RICK CALHOUN,,WDI3506,31,12,52,,,57,A
367689040,2022-01-02T02:02:25,30.49147,-91.19818,6.4,0.0,2.0,RICK CALHOUN,,WDI3506,31,12,52,,,57,A
367689040,2022-01-02T02:00:55,30.48876,-91.19812,6.4,358.0,1.0,RICK CALHOUN,,WDI3506,31,12,52,,,57,A
367689040,2022-01-02T02:05:55,30.49773,-91.19809,6.4,359.0,1.0,RICK CALHOUN,,WDI3506,31,12,52,,,57,A
367689040,2022-01-02T02:03:34,30.49352,-91.19812,6.4,0.0,1.0,RICK CALHOUN,,WDI3506,31,12,52,,,57,A
367689040,2022-01-02T02:09:15,30.50364,-91.19802,6.3,357.0,358.0,RICK CALHOUN,,WDI3506,31,12,52,,,57,A
367689040,2022-01-02T02:10:25,30.50566,-91.19801,6.2,359.0,357.0,RICK CALHOUN,,WDI3506,31,12,52,,,57,A
367689040,2022-01-02T02:06:56,30.49955,-91.19808,6.4,3.0,1.0,RICK CALHOUN,,WDI3506,31,12,52,,,57,A
367689040,2022-01-02T02:08:05,30.50156,-91.19803,6.4,0.0,359.0,RICK CALHOUN,,WDI3506,31,12,52,,,57,A
367689040,2022-01-02T02:12:45,30.50956,-91.19810,5.9,355.0,345.0,RICK CALHOUN,,WDI3506,31,12,52,,,57,A
367689040,2022-01-02T02:11:34,30.50758,-91.19790,6.0,0.0,351.0,RICK CALHOUN,,WDI3506,31,12,52,,,57,A
367689040,2022-01-02T02:19:45,30.51979,-91.20288,5.3,325.0,296.0,RICK CALHOUN,,WDI3506,31,12,52,,,57,A
367689040,2022-01-02T02:13:55,30.51143,-91.19835,5.6,343.0,337.0,RICK CALHOUN,,WDI3506,31,12,52,,,57,A
367689040,2022-01-02T02:16:14,30.51494,-91.19966,5.8,332.6,323.0,RICK CALHOUN,,WDI3506,31,12,52,,,57,A
367689040,2022-01-02T02:15:05,30.51323,-91.19891,5.7,343.0,330.0,RICK CALHOUN,,WDI3506,31,12,52,,,57,A
367689040,2022-01-02T02:18:36,30.51830,-91.20183,5.6,331.0,308.0,RICK CALHOUN,,WDI3506,31,12,52,,,57,A
367689040,2022-01-02T02:22:05,30.52207,-91.20548,4.7,301.0,272.0,RICK CALHOUN,,WDI3506,31,12,52,,,57,A
367689040,2022-01-02T02:17:25,30.51665,-91.20077,5.9,331.0,318.0,RICK CALHOUN,,WDI3506,31,12,52,,,57,A
367689040,2022-01-02T02:20:55,30.52106,-91.20406,5.0,316.0,284.0,RICK CALHOUN,,WDI3506,31,12,52,,,57,A
367689040,2022-01-02T02:30:15,30.52094,-91.21849,5.5,253.0,252.0,RICK CALHOUN,,WDI3506,31,12,52,,,57,A
367689040,2022-01-02T02:23:15,30.52247,-91.20707,4.6,279.4,266.0,RICK CALHOUN,,WDI3506,31,12,52,,,57,A
367689040,2022-01-02T02:26:45,30.52227,-91.21264,5.2,259.0,254.0,RICK CALHOUN,,WDI3506,31,12,52,,,57,A
367689040,2022-01-02T02:37:16,30.51716,-91.23018,5.6,244.0,246.0,RICK CALHOUN,,WDI3506,31,12,52,,,57,A
367689040,2022-01-02T02:38:26,30.51641,-91.23207,5.7,245.0,247.0,RICK CALHOUN,,WDI3506,31,12,52,,,57,A
367689040,2022-01-02T02:27:55,30.52192,-91.21450,5.3,255.6,253.0,RICK CALHOUN,,WDI3506,31,12,52,,,57,A
367689040,2022-01-02T02:31:26,30.52043,-91.22045,5.6,254.3,251.0,RICK CALHOUN,,WDI3506,31,12,52,,,57,A
367689040,2022-01-02T02:29:05,30.52141,-91.21647,5.5,252.0,253.0,RICK CALHOUN,,WDI3506,31,12,52,,,57,A
367689040,2022-01-02T02:33:45,30.51936,-91.22440,5.5,247.8,247.0,RICK CALHOUN,,WDI3506,31,12,52,,,57,A
367689040,2022-01-02T02:32:35,30.51998,-91.22249,5.5,253.0,248.0,RICK CALHOUN,,WDI3506,31,12,52,,,57,A
367689040,2022-01-02T02:36:04,30.51798,-91.22817,5.6,244.0,245.0,RICK CALHOUN,,WDI3506,31,12,52,,,57,A
367689040,2022-01-02T02:46:56,30.51059,-91.24585,5.6,241.0,242.0,RICK CALHOUN,,WDI3506,31,12,52,,,57,A
367689040,2022-01-02T02:48:05,30.50977,-91.24759,5.5,241.2,238.0,RICK CALHOUN,,WDI3506,31,12,52,,,57,A
367689040,2022-01-02T02:39:34,30.51574,-91.23403,5.7,250.0,247.0,RICK CALHOUN,,WDI3506,31,12,52,,,57,A
367689040,2022-01-02T02:40:44,30.51516,-91.23605,5.6,249.0,244.0,RICK CALHOUN,,WDI3506,31,12,52,,,57,A
367689040,2022-01-02T02:41:54,30.51441,-91.23796,5.5,243.0,242.0,RICK CALHOUN,,WDI3506,31,12,52,,,57,A
367689040,2022-01-02T02:45:45,30.51146,-91.24394,5.6,243.0,243.0,RICK CALHOUN,,WDI3506,31,12,52,,,57,A
367689040,2022-01-02T02:43:35,30.51317,-91.24057,5.6,237.0,241.0,RICK CALHOUN,,WDI3506,31,12,52,,,57,A
367689040,2022-01-02T02:55:04,30.50584,-91.25276,0.9,217.0,245.0,RICK CALHOUN,,WDI3506,31,12,52,,,57,A
367689040,2022-01-02T02:44:44,30.51221,-91.24231,5.7,239.0,244.0,RICK CALHOUN,,WDI3506,31,12,52,,,57,A
367689040,2022-01-02T02:56:16,30.50563,-91.25293,0.6,207.3,247.0,RICK CALHOUN,,WDI3506,31,12,52,,,57,A
367689040,2022-01-02T02:49:15,30.50889,-91.24930,4.8,233.0,235.0,RICK CALHOUN,,WDI3506,31,12,52,,,57,A
367689040,2022-01-02T02:58:35,30.50544,-91.25305,0.2,291.0,251.0,RICK CALHOUN,,WDI3506,31,12,52,,,57,A
367689040,2022-01-02T02:51:35,30.50720,-91.25140,3.2,221.0,239.0,RICK CALHOUN,,WDI3506,31,12,52,,,57,A
367689040,2022-01-02T01:25:45,30.42853,-91.19815,6.3,2.6,0.0,RICK CALHOUN,,WDI3506,31,12,52,,,57,A
367689040,2022-01-02T03:04:46,30.50543,-91.25352,0.5,176.0,241.0,RICK CALHOUN,,WDI3506,31,12,52,,,57,A
367689040,2022-01-02T02:57:25,30.50548,-91.25300,0.4,195.0,250.0,RICK CALHOUN,,WDI3506,31,12,52,,,57,A
367689040,2022-01-02T03:01:25,30.50553,-91.25331,0.4,292.0,245.0,RICK CALHOUN,,WDI3506,31,12,52,,,57,A
367689040,2022-01-02T03:02:35,30.50556,-91.25343,0.3,274.0,243.0,RICK CALHOUN,,WDI3506,31,12,52,,,57,A
367689040,2022-01-02T03:12:34,30.50473,-91.25422,0.6,290.0,252.0,RICK CALHOUN,,WDI3506,31,12,52,,,57,A
367689040,2022-01-02T03:03:45,30.50553,-91.25349,0.2,217.0,241.0,RICK CALHOUN,,WDI3506,31,12,52,,,57,A
367689040,2022-01-02T03:08:15,30.50485,-91.25355,0.4,212.0,251.0,RICK CALHOUN,,WDI3506,31,12,52,,,57,A
367689040,2022-01-02T03:05:55,30.50523,-91.25350,0.7,175.0,244.0,RICK CALHOUN,,WDI3506,31,12,52,,,57,A
367689040,2022-01-02T03:14:54,30.50486,-91.25431,0.3,36.4,249.0,RICK CALHOUN,,WDI3506,31,12,52,,,57,A
367689040,2022-01-02T01:37:55,30.44906,-91.19726,5.9,349.0,352.0,RICK CALHOUN,,WDI3506,31,12,52,,,57,A
367689040,2022-01-02T03:16:04,30.50495,-91.25420,0.5,57.0,249.0,RICK CALHOUN,,WDI3506,31,12,52,,,57,A
367689040,2022-01-02T03:11:04,30.50470,-91.25391,0.5,262.0,253.0,RICK CALHOUN,,WDI3506,31,12,52,,,57,A
367689040,2022-01-02T03:13:45,30.50479,-91.25432,0.3,322.0,250.0,RICK CALHOUN,,WDI3506,31,12,52,,,57,A
367689040,2022-01-02T03:09:55,30.50474,-91.25373,0.5,246.0,253.0,RICK CALHOUN,,WDI3506,31,12,52,,,57,A
367689040,2022-01-02T01:42:35,30.45694,-91.19861,6.2,354.0,359.0,RICK CALHOUN,,WDI3506,31,12,52,,,57,A
367689040,2022-01-02T01:44:46,30.46073,-91.19877,6.3,359.0,3.0,RICK CALHOUN,,WDI3506,31,12,52,,,57,A
367689040,2022-01-02T03:20:55,30.50563,-91.25354,0.5,21.0,242.0,RICK CALHOUN,,WDI3506,31,12,52,,,57,A
367689040,2022-01-02T03:24:16,30.50560,-91.25325,0.5,138.0,242.0,RICK CALHOUN,,WDI3506,31,12,52,,,57,A
367689040,2022-01-02T03:28:54,30.50495,-91.25373,2.3,242.0,251.0,RICK CALHOUN,,WDI3506,31,12,52,,,57,A
367689040,2022-01-02T03:27:45,30.50530,-91.25322,0.9,220.1,247.0,RICK CALHOUN,,WDI3506,31,12,52,,,57,A
367689040,2022-01-02T03:25:25,30.50550,-91.25317,0.3,147.1,244.0,RICK CALHOUN,,WDI3506,31,12,52,,,57,A
367689040,2022-01-02T03:17:25,30.50507,-91.25392,0.8,63.0,250.0,RICK CALHOUN,,WDI3506,31,12,52,,,57,A
367689040,2022-01-02T03:31:16,30.50416,-91.25624,4.5,250.0,254.0,RICK CALHOUN,,WDI3506,31,12,52,,,57,A
367689040,2022-01-02T03:30:04,30.50459,-91.25476,3.5,249.0,253.0,RICK CALHOUN,,WDI3506,31,12,52,,,57,A
367689040,2022-01-02T03:19:44,30.50541,-91.25361,0.7,15.9,246.0,RICK CALHOUN,,WDI3506,31,12,52,,,57,A
367689040,2022-01-02T03:33:34,30.50327,-91.25988,5.5,256.0,259.0,RICK CALHOUN,,WDI3506,31,12,52,,,57,A
367689040,2022-01-02T03:32:25,30.50368,-91.25799,5.1,253.0,257.0,RICK CALHOUN,,WDI3506,31,12,52,,,57,A
367689040,2022-01-02T03:23:15,30.50572,-91.25335,0.4,122.9,239.0,RICK CALHOUN,,WDI3506,31,12,52,,,57,A
367689040,2022-01-02T03:26:34,30.50543,-91.25313,0.2,176.0,245.0,RICK CALHOUN,,WDI3506,31,12,52,,,57,A
367689040,2022-01-02T03:37:15,30.50225,-91.26667,6.1,257.0,268.0,RICK CALHOUN,,WDI3506,31,12,52,,,57,A
367689040,2022-01-02T03:38:25,30.50182,-91.26888,6.0,263.8,280.0,RICK CALHOUN,,WDI3506,31,12,52,,,57,A
367689040,2022-01-02T03:41:55,30.50257,-91.27527,5.4,291.0,318.0,RICK CALHOUN,,WDI3506,31,12,52,,,57,A
367689040,2022-01-02T03:36:04,30.50256,-91.26440,5.9,263.0,264.0,RICK CALHOUN,,WDI3506,31,12,52,,,57,A
367689040,2022-01-02T03:44:15,30.50463,-91.27840,5.1,321.0,347.0,RICK CALHOUN,,WDI3506,31,12,52,,,57,A
367689040,2022-01-02T03:45:24,30.50603,-91.27914,4.9,347.0,359.0,RICK CALHOUN,,WDI3506,31,12,52,,,57,A
367689040,2022-01-02T03:34:56,30.50283,-91.26225,5.7,258.0,262.0,RICK CALHOUN,,WDI3506,31,12,52,,,57,A
367689040,2022-01-02T01:53:55,30.47659,-91.19759,6.1,1.8,357.0,RICK CALHOUN,,WDI3506,31,12,52,,,57,A
367689040,2022-01-02T03:43:04,30.50343,-91.27696,5.3,306.0,332.0,RICK CALHOUN,,WDI3506,31,12,52,,,57,A
367689040,2022-01-02T03:40:44,30.50206,-91.27326,5.7,280.5,303.0,RICK CALHOUN,,WDI3506,31,12,52,,,57,A
367689040,2022-01-02T03:39:35,30.50182,-91.27115,5.9,273.0,291.0,RICK CALHOUN,,WDI3506,31,12,52,,,57,A
367689040,2022-01-02T03:53:14,30.51826,-91.27737,5.6,30.0,47.0,RICK CALHOUN,,WDI3506,31,12,52,,,57,A
367689040,2022-01-02T03:46:25,30.50750,-91.27935,5.3,356.1,3.0,RICK CALHOUN,,WDI3506,31,12,52,,,57,A
367689040,2022-01-02T03:47:35,30.50930,-91.27940,5.7,359.0,8.0,RICK CALHOUN,,WDI3506,31,12,52,,,57,A
367689040,2022-01-02T04:00:16,30.52494,-91.26762,5.8,65.0,71.0,RICK CALHOUN,,WDI3506,31,12,52,,,57,A
367689040,2022-01-02T03:56:45,30.52233,-91.27327,5.5,56.1,64.0,RICK CALHOUN,,WDI3506,31,12,52,,,57,A
367689040,2022-01-02T04:01:24,30.52561,-91.26563,5.9,68.0,70.0,RICK CALHOUN,,WDI3506,31,12,52,,,57,A
367689040,2022-01-02T03:48:45,30.51117,-91.27936,5.9,2.4,15.0,RICK CALHOUN,,WDI3506,31,12,52,,,57,A
367689040,2022-01-02T03:50:56,30.51477,-91.27881,5.9,11.0,29.0,RICK CALHOUN,,WDI3506,31,12,52,,,57,A
367689040,2022-01-02T03:52:05,30.51659,-91.27824,5.8,18.0,39.0,RICK CALHOUN,,WDI3506,31,12,52,,,57,A
367689040,2022-01-02T04:03:44,30.52694,-91.26144,5.9,70.0,70.0,RICK CALHOUN,,WDI3506,31,12,52,,,57,A
367689040,2022-01-02T03:57:46,30.52315,-91.27169,5.6,60.0,66.0,RICK CALHOUN,,WDI3506,31,12,52,,,57,A
367689040,2022-01-02T04:08:35,30.52979,-91.25322,5.6,63.0,57.0,RICK CALHOUN,,WDI3506,31,12,52,,,57,A
367689040,2022-01-02T04:05:04,30.52764,-91.25906,5.8,70.0,67.0,RICK CALHOUN,,WDI3506,31,12,52,,,57,A
367689040,2022-01-02T04:06:15,30.52828,-91.25701,5.6,66.0,64.0,RICK CALHOUN,,WDI3506,31,12,52,,,57,A
367689040,2022-01-02T02:04:44,30.49558,-91.19811,6.4,359.7,1.0,RICK CALHOUN,,WDI3506,31,12,52,,,57,A
367689040,2022-01-02T03:55:35,30.52123,-91.27489,5.6,42.0,60.0,RICK CALHOUN,,WDI3506,31,12,52,,,57,A
367689040,2022-01-02T03:58:54,30.52397,-91.26992,5.7,62.1,69.0,RICK CALHOUN,,WDI3506,31,12,52,,,57,A
367689040,2022-01-02T04:07:34,30.52913,-91.25486,5.6,64.0,61.0,RICK CALHOUN,,WDI3506,31,12,52,,,57,A
367689040,2022-01-02T04:18:55,30.54021,-91.24090,5.2,19.0,13.0,RICK CALHOUN,,WDI3506,31,12,52,,,57,A
367689040,2022-01-02T04:15:35,30.53617,-91.24375,5.4,40.0,31.0,RICK CALHOUN,,WDI3506,31,12,52,,,57,A
367689040,2022-01-02T04:09:44,30.53068,-91.25145,5.5,60.0,54.0,RICK CALHOUN,,WDI3506,31,12,52,,,57,A
367689040,2022-01-02T04:13:15,30.53361,-91.24645,5.3,48.0,40.0,RICK CALHOUN,,WDI3506,31,12,52,,,57,A
367689040,2022-01-02T04:22:25,30.54525,-91.23940,5.3,9.4,1.0,RICK CALHOUN,,WDI3506,31,12,52,,,57,A
367689040,2022-01-02T04:23:36,30.54697,-91.23905,5.2,9.0,351.0,RICK CALHOUN,,WDI3506,31,12,52,,,57,A
367689040,2022-01-02T04:28:15,30.55308,-91.24045,5.0,332.2,325.0,RICK CALHOUN,,WDI3506,31,12,52,,,57,A
367689040,2022-01-02T04:10:45,30.53139,-91.24984,5.4,60.0,49.0,RICK CALHOUN,,WDI3506,31,12,52,,,57,A
367689040,2022-01-02T04:12:05,30.53252,-91.24802,5.3,53.0,45.0,RICK CALHOUN,,WDI3506,31,12,52,,,57,A
367689040,2022-01-02T04:20:04,30.54185,-91.24029,5.4,16.0,10.0,RICK CALHOUN,,WDI3506,31,12,52,,,57,A
367689040,2022-01-02T04:27:05,30.55162,-91.23964,4.9,336.0,329.0,RICK CALHOUN,,WDI3506,31,12,52,,,57,A
367689040,2022-01-02T04:24:45,30.54860,-91.23886,5.0,1.0,342.0,RICK CALHOUN,,WDI3506,31,12,52,,,57,A
367689040,2022-01-02T04:17:45,30.53870,-91.24170,5.2,29.3,18.0,RICK CALHOUN,,WDI3506,31,12,52,,,57,A
367689040,2022-01-02T04:34:04,30.55929,-91.24686,5.5,309.3,306.0,RICK CALHOUN,,WDI3506,31,12,52,,,57,A
367689040,2022-01-02T04:21:14,30.54354,-91.23978,5.4,12.0,6.0,RICK CALHOUN,,WDI3506,31,12,52,,,57,A
367689040,2022-01-02T04:35:14,30.56037,-91.24852,5.6,304.3,304.0,RICK CALHOUN,,WDI3506,31,12,52,,,57,A
367689040,2022-01-02T04:38:44,30.56350,-91.25384,5.7,305.1,300.0,RICK CALHOUN,,WDI3506,31,12,52,,,57,A
367689040,2022-01-02T04:29:25,30.55449,-91.24143,5.1,327.4,320.0,RICK CALHOUN,,WDI3506,31,12,52,,,57,A
367689040,2022-01-02T04:25:55,30.55017,-91.23907,4.8,347.4,334.0,RICK CALHOUN,,WDI3506,31,12,52,,,57,A
367689040,2022-01-02T04:31:46,30.55708,-91.24382,5.1,313.0,310.0,RICK CALHOUN,,WDI3506,31,12,52,,,57,A
367689040,2022-01-02T04:43:25,30.56664,-91.26084,5.0,288.6,287.0,RICK CALHOUN,,WDI3506,31,12,52,,,57,A
367689040,2022-01-02T04:36:24,30.56145,-91.25026,5.7,305.0,301.0,RICK CALHOUN,,WDI3506,31,12,52,,,57,A
367689040,2022-01-02T04:32:55,30.55818,-91.24533,5.3,310.0,309.0,RICK CALHOUN,,WDI3506,31,12,52,,,57,A
367689040,2022-01-02T04:46:54,30.56819,-91.26632,5.3,291.0,288.0,RICK CALHOUN,,WDI3506,31,12,52,,,57,A
367689040,2022-01-02T04:49:14,30.56946,-91.26999,5.3,292.0,287.0,RICK CALHOUN,,WDI3506,31,12,52,,,57,A
367689040,2022-01-02T04:39:55,30.56456,-91.25557,5.4,299.0,294.0,RICK CALHOUN,,WDI3506,31,12,52,,,57,A
367689040,2022-01-02T04:50:25,30.57018,-91.27190,5.4,295.0,286.0,RICK CALHOUN,,WDI3506,31,12,52,,,57,A
367689040,2022-01-02T04:52:45,30.57161,-91.27556,5.2,287.0,275.0,RICK CALHOUN,,WDI3506,31,12,52,,,57,A
367689040,2022-01-02T04:53:54,30.57204,-91.27740,5.1,280.0,271.0,RICK CALHOUN,,WDI3506,31,12,52,,,57,A
367689040,2022-01-02T04:42:14,30.56600,-91.25906,5.1,294.0,290.0,RICK CALHOUN,,WDI3506,31,12,52,,,57,A
367689040,2022-01-02T04:44:35,30.56711,-91.26265,5.1,285.0,287.0,RICK CALHOUN,,WDI3506,31,12,52,,,57,A
367689040,2022-01-02T04:45:45,30.56759,-91.26450,5.2,288.4,289.0,RICK CALHOUN,,WDI3506,31,12,52,,,57,A
367689040,2022-01-02T05:00:05,30.57182,-91.28789,5.6,267.0,269.0,RICK CALHOUN,,WDI3506,31,12,52,,,57,A
367689040,2022-01-02T04:48:06,30.56883,-91.26823,5.3,291.0,288.0,RICK CALHOUN,,WDI3506,31,12,52,,,57,A
367689040,2022-01-02T04:58:34,30.57204,-91.28520,5.4,263.0,267.0,RICK CALHOUN,,WDI3506,31,12,52,,,57,A
367689040,2022-01-02T02:24:25,30.52264,-91.20889,4.9,273.0,260.0,RICK CALHOUN,,WDI3506,31,12,52,,,57,A
367689040,2022-01-02T02:25:35,30.52254,-91.21072,5.0,261.0,257.0,RICK CALHOUN,,WDI3506,31,12,52,,,57,A
367689040,2022-01-02T04:51:34,30.57094,-91.27369,5.4,295.0,282.0,RICK CALHOUN,,WDI3506,31,12,52,,,57,A
367689040,2022-01-02T05:04:24,30.57168,-91.29572,5.7,274.0,273.0,RICK CALHOUN,,WDI3506,31,12,52,,,57,A
367689040,2022-01-02T05:07:55,30.57175,-91.30234,6.0,271.0,283.0,RICK CALHOUN,,WDI3506,31,12,52,,,57,A
367689040,2022-01-02T04:55:04,30.57223,-91.27929,5.2,276.0,269.0,RICK CALHOUN,,WDI3506,31,12,52,,,57,A
367689040,2022-01-02T05:12:34,30.57345,-91.31036,5.1,309.0,316.0,RICK CALHOUN,,WDI3506,31,12,52,,,57,A
367689040,2022-01-02T04:59:45,30.57185,-91.28732,5.5,266.0,269.0,RICK CALHOUN,,WDI3506,31,12,52,,,57,A
367689040,2022-01-02T04:56:14,30.57232,-91.28124,5.2,271.0,265.0,RICK CALHOUN,,WDI3506,31,12,52,,,57,A
367689040,2022-01-02T04:57:25,30.57221,-91.28321,5.3,262.3,265.0,RICK CALHOUN,,WDI3506,31,12,52,,,57,A
367689040,2022-01-02T05:18:15,30.57984,-91.31607,5.3,342.0,352.0,RICK CALHOUN,,WDI3506,31,12,52,,,57,A
367689040,2022-01-02T05:15:55,30.57681,-91.31425,5.3,322.1,337.0,RICK CALHOUN,,WDI3506,31,12,52,,,57,A
367689040,2022-01-02T02:34:54,30.51869,-91.22629,5.6,248.0,247.0,RICK CALHOUN,,WDI3506,31,12,52,,,57,A
367689040,2022-01-02T05:01:25,30.57170,-91.29030,5.6,266.0,270.0,RICK CALHOUN,,WDI3506,31,12,52,,,57,A
367689040,2022-01-02T05:20:24,30.58296,-91.31725,5.5,346.0,5.0,RICK CALHOUN,,WDI3506,31,12,52,,,57,A
367689040,2022-01-02T05:05:35,30.57180,-91.29789,5.8,271.0,273.0,RICK CALHOUN,,WDI3506,31,12,52,,,57,A
367689040,2022-01-02T05:09:05,30.57184,-91.30462,6.1,272.0,289.0,RICK CALHOUN,,WDI3506,31,12,52,,,57,A
367689040,2022-01-02T05:10:16,30.57202,-91.30685,5.7,280.7,300.0,RICK CALHOUN,,WDI3506,31,12,52,,,57,A
367689040,2022-01-02T05:06:44,30.57175,-91.30006,5.9,268.0,277.0,RICK CALHOUN,,WDI3506,31,12,52,,,57,A
367689040,2022-01-02T05:11:24,30.57251,-91.30880,5.2,293.4,312.0,RICK CALHOUN,,WDI3506,31,12,52,,,57,A
367689040,2022-01-02T05:26:15,30.59149,-91.31526,5.6,30.5,38.0,RICK CALHOUN,,WDI3506,31,12,52,,,57,A
367689040,2022-01-02T05:13:35,30.57431,-91.31175,5.2,306.3,323.0,RICK CALHOUN,,WDI3506,31,12,52,,,57,A
367689040,2022-01-02T05:33:25,30.60001,-91.30665,5.4,40.0,33.0,RICK CALHOUN,,WDI3506,31,12,52,,,57,A
367689040,2022-01-02T05:14:44,30.57548,-91.31305,5.0,325.0,330.0,RICK CALHOUN,,WDI3506,31,12,52,,,57,A
367689040,2022-01-02T05:29:45,30.59582,-91.31125,5.7,45.0,42.0,RICK CALHOUN,,WDI3506,31,12,52,,,57,A
367689040,2022-01-02T05:34:35,30.60142,-91.30554,5.4,30.0,34.0,RICK CALHOUN,,WDI3506,31,12,52,,,57,A
367689040,2022-01-02T05:35:45,30.60295,-91.30446,5.6,35.0,33.0,RICK CALHOUN,,WDI3506,31,12,52,,,57,A
367689040,2022-01-02T05:21:36,30.58476,-91.31756,5.3,358.0,17.0,RICK CALHOUN,,WDI3506,31,12,52,,,57,A
367689040,2022-01-02T05:19:16,30.58127,-91.31667,5.5,339.0,357.0,RICK CALHOUN,,WDI3506,31,12,52,,,57,A
367689040,2022-01-02T05:41:45,30.61113,-91.29875,5.7,16.0,21.0,RICK CALHOUN,,WDI3506,31,12,52,,,57,A
367689040,2022-01-02T05:25:05,30.58986,-91.31615,5.6,21.3,32.0,RICK CALHOUN,,WDI3506,31,12,52,,,57,A
367689040,2022-01-02T05:43:04,30.61313,-91.29793,6.0,22.0,25.0,RICK CALHOUN,,WDI3506,31,12,52,,,57,A
367689040,2022-01-02T05:40:35,30.60943,-91.29961,5.7,32.5,23.0,RICK CALHOUN,,WDI3506,31,12,52,,,57,A
367689040,2022-01-02T05:47:44,30.62032,-91.29433,6.1,26.0,21.0,RICK CALHOUN,,WDI3506,31,12,52,,,57,A
367689040,2022-01-02T05:28:35,30.59445,-91.31267,5.7,38.0,41.0,RICK CALHOUN,,WDI3506,31,12,52,,,57,A
367689040,2022-01-02T05:45:24,30.61669,-91.29610,6.0,21.5,22.0,RICK CALHOUN,,WDI3506,31,12,52,,,57,A
367689040,2022-01-02T05:30:55,30.59712,-91.30971,5.7,45.0,39.0,RICK CALHOUN,,WDI3506,31,12,52,,,57,A
367689040,2022-01-02T05:36:56,30.60451,-91.30329,5.6,26.0,32.0,RICK CALHOUN,,WDI3506,31,12,52,,,57,A
367689040,2022-01-02T05:55:55,30.63274,-91.29140,4.9,355.4,347.0,RICK CALHOUN,,WDI3506,31,12,52,,,57,A
367689040,2022-01-02T05:54:45,30.63106,-91.29115,5.4,354.0,348.0,RICK CALHOUN,,WDI3506,31,12,52,,,57,A
367689040,2022-01-02T05:39:25,30.60788,-91.30085,5.8,36.0,29.0,RICK CALHOUN,,WDI3506,31,12,52,,,57,A
367689040,2022-01-02T05:57:05,30.63425,-91.29142,4.4,358.0,340.0,RICK CALHOUN,,WDI3506,31,12,52,,,57,A
367689040,2022-01-02T05:44:15,30.61485,-91.29682,6.0,25.0,20.0,RICK CALHOUN,,WDI3506,31,12,52,,,57,A
367689040,2022-01-02T05:58:06,30.63539,-91.29158,3.9,345.0,333.0,RICK CALHOUN,,WDI3506,31,12,52,,,57,A
367689040,2022-01-02T06:03:55,30.64117,-91.29369,3.3,332.0,310.0,RICK CALHOUN,,WDI3506,31,12,52,,,57,A
367689040,2022-01-02T06:07:25,30.64341,-91.29621,3.4,305.0,302.0,RICK CALHOUN,,WDI3506,31,12,52,,,57,A
367689040,2022-01-02T06:01:35,30.63894,-91.29283,3.7,342.1,324.0,RICK CALHOUN,,WDI3506,31,12,52,,,57,A
367689040,2022-01-02T06:06:15,30.64278,-91.29523,3.2,313.0,302.0,RICK CALHOUN,,WDI3506,31,12,52,,,57,A
367689040,2022-01-02T02:50:24,30.50799,-91.25048,3.9,227.1,237.0,RICK CALHOUN,,WDI3506,31,12,52,,,57,A
367689040,2022-01-02T05:52:26,30.62754,-91.29142,5.6,11.0,0.0,RICK CALHOUN,,WDI3506,31,12,52,,,57,A
367689040,2022-01-02T05:49:05,30.62236,-91.29327,5.9,19.0,14.0,RICK CALHOUN,,WDI3506,31,12,52,,,57,A
367689040,2022-01-02T06:09:45,30.64471,-91.29831,3.5,300.0,297.0,RICK CALHOUN,,WDI3506,31,12,52,,,57,A
367689040,2022-01-02T05:50:16,30.62422,-91.29257,5.9,20.0,11.0,RICK CALHOUN,,WDI3506,31,12,52,,,57,A
367689040,2022-01-02T02:52:45,30.50653,-91.25207,2.3,223.0,242.0,RICK CALHOUN,,WDI3506,31,12,52,,,57,A
367689040,2022-01-02T06:08:35,30.64414,-91.29722,3.5,309.3,298.0,RICK CALHOUN,,WDI3506,31,12,52,,,57,A
367689040,2022-01-02T05:53:35,30.62932,-91.29114,5.5,4.0,352.0,RICK CALHOUN,,WDI3506,31,12,52,,,57,A
367689040,2022-01-02T06:14:25,30.64682,-91.30302,3.4,297.0,290.0,RICK CALHOUN,,WDI3506,31,12,52,,,57,A
367689040,2022-01-02T02:53:55,30.50611,-91.25252,1.5,221.4,245.0,RICK CALHOUN,,WDI3506,31,12,52,,,57,A
367689040,2022-01-02T06:12:05,30.64578,-91.30070,3.6,294.0,295.0,RICK CALHOUN,,WDI3506,31,12,52,,,57,A
367689040,2022-01-02T06:21:24,30.64910,-91.30984,3.4,291.0,289.0,RICK CALHOUN,,WDI3506,31,12,52,,,57,A
367689040,2022-01-02T06:22:34,30.64947,-91.31107,3.4,288.0,290.0,RICK CALHOUN,,WDI3506,31,12,52,,,57,A
367689040,2022-01-02T06:15:35,30.64714,-91.30419,3.4,289.2,292.0,RICK CALHOUN,,WDI3506,31,12,52,,,57,A
367689040,2022-01-02T06:16:45,30.64766,-91.30531,3.3,297.0,289.0,RICK CALHOUN,,WDI3506,31,12,52,,,57,A
367689040,2022-01-02T06:00:25,30.63778,-91.29244,3.9,352.0,329.0,RICK CALHOUN,,WDI3506,31,12,52,,,57,A
367689040,2022-01-02T06:02:45,30.64010,-91.29325,3.7,343.0,317.0,RICK CALHOUN,,WDI3506,31,12,52,,,57,A
367689040,2022-01-02T06:23:45,30.64989,-91.31229,3.5,288.0,289.0,RICK CALHOUN,,WDI3506,31,12,52,,,57,A
367689040,2022-01-02T06:05:05,30.64197,-91.29447,3.2,320.0,308.0,RICK CALHOUN,,WDI3506,31,12,52,,,57,A
367689040,2022-01-02T06:26:04,30.65053,-91.31480,3.5,287.0,289.0,RICK CALHOUN,,WDI3506,31,12,52,,,57,A
367689040,2022-01-02T02:59:45,30.50546,-91.25315,0.3,295.0,249.0,RICK CALHOUN,,WDI3506,31,12,52,,,57,A
367689040,2022-01-02T06:28:26,30.65117,-91.31737,3.6,290.0,294.0,RICK CALHOUN,,WDI3506,31,12,52,,,57,A
367689040,2022-01-02T06:29:34,30.65165,-91.31856,3.6,297.0,294.0,RICK CALHOUN,,WDI3506,31,12,52,,,57,A
367689040,2022-01-02T03:00:15,30.50548,-91.25320,0.3,297.2,248.0,RICK CALHOUN,,WDI3506,31,12,52,,,57,A
367689040,2022-01-02T06:10:54,30.64528,-91.29946,3.5,296.5,296.0,RICK CALHOUN,,WDI3506,31,12,52,,,57,A
367689040,2022-01-02T06:13:15,30.64625,-91.30191,3.5,296.0,296.0,RICK CALHOUN,,WDI3506,31,12,52,,,57,A
367689040,2022-01-02T06:36:15,30.65435,-91.32599,3.8,292.0,300.0,RICK CALHOUN,,WDI3506,31,12,52,,,57,A
367689040,2022-01-02T06:19:05,30.64845,-91.30751,3.2,289.0,288.0,RICK CALHOUN,,WDI3506,31,12,52,,,57,A
367689040,2022-01-02T06:35:14,30.65398,-91.32487,3.8,290.0,297.0,RICK CALHOUN,,WDI3506,31,12,52,,,57,A
367689040,2022-01-02T06:38:35,30.65565,-91.32862,4.5,304.6,302.0,RICK CALHOUN,,WDI3506,31,12,52,,,57,A
367689040,2022-01-02T03:07:04,30.50502,-91.25347,0.7,182.5,247.0,RICK CALHOUN,,WDI3506,31,12,52,,,57,A
367689040,2022-01-02T06:43:15,30.65950,-91.33529,5.6,303.0,312.0,RICK CALHOUN,,WDI3506,31,12,52,,,57,A
367689040,2022-01-02T06:20:16,30.64878,-91.30869,3.3,287.0,288.0,RICK CALHOUN,,WDI3506,31,12,52,,,57,A
367689040,2022-01-02T06:45:34,30.66176,-91.33836,5.3,315.4,320.0,RICK CALHOUN,,WDI3506,31,12,52,,,57,A
367689040,2022-01-02T06:24:56,30.65021,-91.31355,3.5,284.0,288.0,RICK CALHOUN,,WDI3506,31,12,52,,,57,A
367689040,2022-01-02T06:27:15,30.65080,-91.31609,3.5,284.0,292.0,RICK CALHOUN,,WDI3506,31,12,52,,,57,A
367689040,2022-01-02T06:46:46,30.66294,-91.33982,5.3,309.0,325.0,RICK CALHOUN,,WDI3506,31,12,52,,,57,A
367689040,2022-01-02T06:48:55,30.66521,-91.34225,5.1,324.0,339.0,RICK CALHOUN,,WDI3506,31,12,52,,,57,A
367689040,2022-01-02T06:50:04,30.66659,-91.34323,5.2,329.2,344.0,RICK CALHOUN,,WDI3506,31,12,52,,,57,A
367689040,2022-01-02T06:30:44,30.65209,-91.31983,3.7,292.5,295.0,RICK CALHOUN,,WDI3506,31,12,52,,,57,A
367689040,2022-01-02T06:33:05,30.65313,-91.32237,3.8,294.9,295.0,RICK CALHOUN,,WDI3506,31,12,52,,,57,A
367689040,2022-01-02T06:34:06,30.65355,-91.32352,3.8,291.0,295.0,RICK CALHOUN,,WDI3506,31,12,52,,,57,A
367689040,2022-01-02T06:58:05,30.67877,-91.34681,6.1,351.0,352.0,RICK CALHOUN,,WDI3506,31,12,52,,,57,A
367689040,2022-01-02T07:00:05,30.68222,-91.34738,6.3,352.4,352.0,RICK CALHOUN,,WDI3506,31,12,52,,,57,A
367689040,2022-01-02T06:56:55,30.67682,-91.34644,6.0,350.8,351.0,RICK CALHOUN,,WDI3506,31,12,52,,,57,A
367689040,2022-01-02T06:52:24,30.66978,-91.34474,5.4,342.0,350.0,RICK CALHOUN,,WDI3506,31,12,52,,,57,A
367689040,2022-01-02T03:18:34,30.50520,-91.25370,0.7,39.0,250.0,RICK CALHOUN,,WDI3506,31,12,52,,,57,A
367689040,2022-01-02T06:37:25,30.65491,-91.32729,3.8,300.0,303.0,RICK CALHOUN,,WDI3506,31,12,52,,,57,A
367689040,2022-01-02T06:39:45,30.65645,-91.33022,5.2,299.0,305.0,RICK CALHOUN,,WDI3506,31,12,52,,,57,A
367689040,2022-01-02T03:22:05,30.50572,-91.25346,0.3,45.2,239.0,RICK CALHOUN,,WDI3506,31,12,52,,,57,A
367689040,2022-01-02T06:54:36,30.67308,-91.34566,5.8,346.0,351.0,RICK CALHOUN,,WDI3506,31,12,52,,,57,A
367689040,2022-01-02T06:40:54,30.65742,-91.33182,5.5,305.0,306.0,RICK CALHOUN,,WDI3506,31,12,52,,,57,A
367689040,2022-01-02T07:07:25,30.69565,-91.34950,6.9,351.0,356.0,RICK CALHOUN,,WDI3506,31,12,52,,,57,A
367689040,2022-01-02T07:05:55,30.69283,-91.34901,6.8,350.0,354.0,RICK CALHOUN,,WDI3506,31,12,52,,,57,A
367689040,2022-01-02T07:09:55,30.70044,-91.34995,6.9,353.0,357.0,RICK CALHOUN,,WDI3506,31,12,52,,,57,A
367689040,2022-01-02T06:44:24,30.66063,-91.33687,5.4,310.0,315.0,RICK CALHOUN,,WDI3506,31,12,52,,,57,A
367689040,2022-01-02T07:12:16,30.70494,-91.35014,6.9,358.0,356.0,RICK CALHOUN,,WDI3506,31,12,52,,,57,A
367689040,2022-01-02T07:08:35,30.69788,-91.34981,6.9,355.0,358.0,RICK CALHOUN,,WDI3506,31,12,52,,,57,A
367689040,2022-01-02T07:11:04,30.70265,-91.35004,6.9,0.7,357.0,RICK CALHOUN,,WDI3506,31,12,52,,,57,A
367689040,2022-01-02T07:15:45,30.71153,-91.35055,6.8,355.0,352.0,RICK CALHOUN,,WDI3506,31,12,52,,,57,A
367689040,2022-01-02T06:51:15,30.66818,-91.34405,5.2,340.0,346.0,RICK CALHOUN,,WDI3506,31,12,52,,,57,A
367689040,2022-01-02T06:53:35,30.67157,-91.34524,5.6,346.0,350.0,RICK CALHOUN,,WDI3506,31,12,52,,,57,A
367689040,2022-01-02T06:55:45,30.67494,-91.34610,5.9,350.0,352.0,RICK CALHOUN,,WDI3506,31,12,52,,,57,A
367689040,2022-01-02T07:16:54,30.71369,-91.35079,6.7,354.0,348.0,RICK CALHOUN,,WDI3506,31,12,52,,,57,A
367689040,2022-01-02T07:17:55,30.71556,-91.35104,6.6,352.0,345.0,RICK CALHOUN,,WDI3506,31,12,52,,,57,A
367689040,2022-01-02T06:59:14,30.68077,-91.34717,6.3,351.0,352.0,RICK CALHOUN,,WDI3506,31,12,52,,,57,A
367689040,2022-01-02T07:26:34,30.72975,-91.35584,6.0,340.0,337.0,RICK CALHOUN,,WDI3506,31,12,52,,,57,A
367689040,2022-01-02T07:25:25,30.72798,-91.35518,6.0,340.0,340.0,RICK CALHOUN,,WDI3506,31,12,52,,,57,A
367689040,2022-01-02T07:01:14,30.68428,-91.34771,6.5,351.0,353.0,RICK CALHOUN,,WDI3506,31,12,52,,,57,A
367689040,2022-01-02T07:03:34,30.68847,-91.34830,6.6,352.0,352.0,RICK CALHOUN,,WDI3506,31,12,52,,,57,A
367689040,2022-01-02T07:28:56,30.73343,-91.35762,5.9,339.0,338.0,RICK CALHOUN,,WDI3506,31,12,52,,,57,A
367689040,2022-01-02T07:21:55,30.72240,-91.35286,6.2,344.8,339.0,RICK CALHOUN,,WDI3506,31,12,52,,,57,A
367689040,2022-01-02T07:04:45,30.69067,-91.34869,6.7,353.2,353.0,RICK CALHOUN,,WDI3506,31,12,52,,,57,A
367689040,2022-01-02T07:24:14,30.72614,-91.35440,6.0,342.0,339.0,RICK CALHOUN,,WDI3506,31,12,52,,,57,A
367689040,2022-01-02T07:02:24,30.68638,-91.34807,6.5,353.0,354.0,RICK CALHOUN,,WDI3506,31,12,52,,,57,A
367689040,2022-01-02T07:23:04,30.72426,-91.35356,6.1,340.0,338.0,RICK CALHOUN,,WDI3506,31,12,52,,,57,A
367689040,2022-01-02T07:37:06,30.74574,-91.36371,5.8,329.0,328.0,RICK CALHOUN,,WDI3506,31,12,52,,,57,A
367689040,2022-01-02T07:13:35,30.70742,-91.35030,6.8,357.0,355.0,RICK CALHOUN,,WDI3506,31,12,52,,,57,A
367689040,2022-01-02T07:31:15,30.73694,-91.35929,6.0,340.5,339.0,RICK CALHOUN,,WDI3506,31,12,52,,,57,A
367689040,2022-01-02T07:49:04,30.75777,-91.37831,5.1,294.0,281.0,RICK CALHOUN,,WDI3506,31,12,52,,,57,A
367689040,2022-01-02T07:20:14,30.71961,-91.35198,6.3,347.0,341.0,RICK CALHOUN,,WDI3506,31,12,52,,,57,A
367689040,2022-01-02T07:43:15,30.75343,-91.37005,5.3,316.0,303.0,RICK CALHOUN,,WDI3506,31,12,52,,,57,A
367689040,2022-01-02T07:44:25,30.75456,-91.37149,5.1,306.1,297.0,RICK CALHOUN,,WDI3506,31,12,52,,,57,A
367689040,2022-01-02T07:56:14,30.75941,-91.39019,5.3,257.0,250.0,RICK CALHOUN,,WDI3506,31,12,52,,,57,A
367689040,2022-01-02T07:27:45,30.73160,-91.35678,6.0,336.0,338.0,RICK CALHOUN,,WDI3506,31,12,52,,,57,A
367689040,2022-01-02T07:33:35,30.74057,-91.36088,5.9,338.0,334.0,RICK CALHOUN,,WDI3506,31,12,52,,,57,A
367689040,2022-01-02T07:50:14,30.75831,-91.38014,5.3,290.0,278.0,RICK CALHOUN,,WDI3506,31,12,52,,,57,A
367689040,2022-01-02T08:00:55,30.75693,-91.39851,6.1,248.0,248.0,RICK CALHOUN,,WDI3506,31,12,52,,,57,A
367689040,2022-01-02T07:35:56,30.74409,-91.36277,5.9,338.0,330.0,RICK CALHOUN,,WDI3506,31,12,52,,,57,A
367689040,2022-01-02T07:59:35,30.75778,-91.39608,6.0,248.0,248.0,RICK CALHOUN,,WDI3506,31,12,52,,,57,A
367689040,2022-01-02T08:03:14,30.75551,-91.40256,5.8,244.3,245.0,RICK CALHOUN,,WDI3506,31,12,52,,,57,A
367689040,2022-01-02T07:38:15,30.74739,-91.36473,5.7,335.0,325.0,RICK CALHOUN,,WDI3506,31,12,52,,,57,A
367689040,2022-01-02T07:40:25,30.75016,-91.36684,5.5,318.0,318.0,RICK CALHOUN,,WDI3506,31,12,52,,,57,A
367689040,2022-01-02T07:34:45,30.74231,-91.36177,5.9,332.0,332.0,RICK CALHOUN,,WDI3506,31,12,52,,,57,A
367689040,2022-01-02T08:04:26,30.75469,-91.40461,5.7,244.0,244.0,RICK CALHOUN,,WDI3506,31,12,52,,,57,A
367689040,2022-01-02T08:05:35,30.75396,-91.40649,5.6,246.0,243.0,RICK CALHOUN,,WDI3506,31,12,52,,,57,A
367689040,2022-01-02T07:45:35,30.75545,-91.37311,5.2,300.0,293.0,RICK CALHOUN,,WDI3506,31,12,52,,,57,A
367689040,2022-01-02T08:10:15,30.75067,-91.41387,5.4,244.8,239.0,RICK CALHOUN,,WDI3506,31,12,52,,,57,A
367689040,2022-01-02T07:52:35,30.75924,-91.38402,5.3,281.0,268.0,RICK CALHOUN,,WDI3506,31,12,52,,,57,A
367689040,2022-01-02T07:53:44,30.75950,-91.38594,5.3,275.0,262.0,RICK CALHOUN,,WDI3506,31,12,52,,,57,A
367689040,2022-01-02T07:47:55,30.75692,-91.37659,5.3,298.0,289.0,RICK CALHOUN,,WDI3506,31,12,52,,,57,A
367689040,2022-01-02T07:51:25,30.75883,-91.38203,5.3,284.0,273.0,RICK CALHOUN,,WDI3506,31,12,52,,,57,A
367689040,2022-01-02T07:55:05,30.75954,-91.38824,5.4,271.0,256.0,RICK CALHOUN,,WDI3506,31,12,52,,,57,A
367689040,2022-01-02T08:21:24,30.74226,-91.43183,6.0,233.0,242.0,RICK CALHOUN,,WDI3506,31,12,52,,,57,A
367689040,2022-01-02T07:57:15,30.75900,-91.39190,5.6,252.0,249.0,RICK CALHOUN,,WDI3506,31,12,52,,,57,A
367689040,2022-01-02T07:58:24,30.75844,-91.39395,5.8,252.0,249.0,RICK CALHOUN,,WDI3506,31,12,52,,,57,A
367689040,2022-01-02T08:17:24,30.74558,-91.42516,5.8,243.0,241.0,RICK CALHOUN,,WDI3506,31,12,52,,,57,A
367689040,2022-01-02T08:02:04,30.75629,-91.40057,6.0,253.0,246.0,RICK CALHOUN,,WDI3506,31,12,52,,,57,A
367689040,2022-01-02T08:28:25,30.73808,-91.44273,5.0,248.0,255.0,RICK CALHOUN,,WDI3506,31,12,52,,,57,A
367689040,2022-01-02T08:35:34,30.73665,-91.45348,4.6,273.0,281.0,RICK CALHOUN,,WDI3506,31,12,52,,,57,A
367689040,2022-01-02T08:06:45,30.75320,-91.40843,5.5,242.0,241.0,RICK CALHOUN,,WDI3506,31,12,52,,,57,A
367689040,2022-01-02T08:27:15,30.73861,-91.44095,5.0,249.1,253.0,RICK CALHOUN,,WDI3506,31,12,52,,,57,A
367689040,2022-01-02T08:37:15,30.73693,-91.45592,4.5,277.0,286.0,RICK CALHOUN,,WDI3506,31,12,52,,,57,A
367689040,2022-01-02T08:09:05,30.75150,-91.41208,5.5,238.0,240.0,RICK CALHOUN,,WDI3506,31,12,52,,,57,A
367689040,2022-01-02T03:49:55,30.51312,-91.27917,6.0,7.0,21.0,RICK CALHOUN,,WDI3506,31,12,52,,,57,A
367689040,2022-01-02T08:11:24,30.74973,-91.41555,5.5,234.0,241.0,RICK CALHOUN,,WDI3506,31,12,52,,,57,A
367689040,2022-01-02T08:12:35,30.74893,-91.41741,5.5,247.0,241.0,RICK CALHOUN,,WDI3506,31,12,52,,,57,A
367689040,2022-01-02T08:30:45,30.73698,-91.44621,4.9,252.8,267.0,RICK CALHOUN,,WDI3506,31,12,52,,,57,A
367689040,2022-01-02T08:15:14,30.74679,-91.42146,5.5,248.1,247.0,RICK CALHOUN,,WDI3506,31,12,52,,,57,A
367689040,2022-01-02T08:46:45,30.74138,-91.46763,4.0,304.0,297.0,RICK CALHOUN,,WDI3506,31,12,52,,,57,A
367689040,2022-01-02T08:33:04,30.73655,-91.44971,4.7,264.5,275.0,RICK CALHOUN,,WDI3506,31,12,52,,,57,A
367689040,2022-01-02T08:16:15,30.74632,-91.42320,5.7,251.8,243.0,RICK CALHOUN,,WDI3506,31,12,52,,,57,A
367689040,2022-01-02T03:54:25,30.51980,-91.27617,5.7,35.0,52.0,RICK CALHOUN,,WDI3506,31,12,52,,,57,A
367689040,2022-01-02T08:34:25,30.73662,-91.45173,4.7,272.0,278.0,RICK CALHOUN,,WDI3506,31,12,52,,,57,A
367689040,2022-01-02T08:19:04,30.74439,-91.42798,6.0,238.0,238.0,RICK CALHOUN,,WDI3506,31,12,52,,,57,A
367689040,2022-01-02T08:20:15,30.74330,-91.42994,6.1,237.0,240.0,RICK CALHOUN,,WDI3506,31,12,52,,,57,A
367689040,2022-01-02T08:40:55,30.73813,-91.46083,4.3,283.1,295.0,RICK CALHOUN,,WDI3506,31,12,52,,,57,A
367689040,2022-01-02T08:52:44,30.74417,-91.47462,4.2,286.7,286.0,RICK CALHOUN,,WDI3506,31,12,52,,,57,A
367689040,2022-01-02T08:53:45,30.74454,-91.47598,4.4,288.6,285.0,RICK CALHOUN,,WDI3506,31,12,52,,,57,A
367689040,2022-01-02T08:24:55,30.73974,-91.43742,5.2,245.0,250.0,RICK CALHOUN,,WDI3506,31,12,52,,,57,A
367689040,2022-01-02T08:23:46,30.74042,-91.43560,5.4,245.0,248.0,RICK CALHOUN,,WDI3506,31,12,52,,,57,A
367689040,2022-01-02T08:45:36,30.74058,-91.46637,4.1,305.6,300.0,RICK CALHOUN,,WDI3506,31,12,52,,,57,A
367689040,2022-01-02T08:57:16,30.74571,-91.48086,4.6,279.1,275.0,RICK CALHOUN,,WDI3506,31,12,52,,,57,A
367689040,2022-01-02T08:59:35,30.74605,-91.48441,4.9,278.0,269.0,RICK CALHOUN,,WDI3506,31,12,52,,,57,A
367689040,2022-01-02T09:02:24,30.74591,-91.48890,5.1,270.0,265.0,RICK CALHOUN,,WDI3506,31,12,52,,,57,A
367689040,2022-01-02T08:31:55,30.73680,-91.44794,4.7,263.0,268.0,RICK CALHOUN,,WDI3506,31,12,52,,,57,A
367689040,2022-01-02T08:29:35,30.73752,-91.44445,4.9,251.0,259.0,RICK CALHOUN,,WDI3506,31,12,52,,,57,A
367689040,2022-01-02T09:05:54,30.74530,-91.49465,5.2,265.0,258.0,RICK CALHOUN,,WDI3506,31,12,52,,,57,A
367689040,2022-01-02T09:10:34,30.74445,-91.50254,5.2,258.0,248.0,RICK CALHOUN,,WDI3506,31,12,52,,,57,A
367689040,2022-01-02T08:38:25,30.73725,-91.45754,4.4,287.4,289.0,RICK CALHOUN,,WDI3506,31,12,52,,,57,A
367689040,2022-01-02T08:39:45,30.73773,-91.45933,4.3,292.0,292.0,RICK CALHOUN,,WDI3506,31,12,52,,,57,A
367689040,2022-01-02T08:44:25,30.73986,-91.46509,4.1,310.0,301.0,RICK CALHOUN,,WDI3506,31,12,52,,,57,A
367689040,2022-01-02T04:02:34,30.52631,-91.26356,5.9,68.9,70.0,RICK CALHOUN,,WDI3506,31,12,52,,,57,A
367689040,2022-01-02T08:43:15,30.73923,-91.46374,4.2,290.0,299.0,RICK CALHOUN,,WDI3506,31,12,52,,,57,A
367689040,2022-01-02T09:18:45,30.73963,-91.51578,5.6,248.0,248.0,RICK CALHOUN,,WDI3506,31,12,52,,,57,A
367689040,2022-01-02T09:21:05,30.73827,-91.51959,5.5,246.0,248.0,RICK CALHOUN,,WDI3506,31,12,52,,,57,A
367689040,2022-01-02T08:47:55,30.74209,-91.46891,3.9,302.0,294.0,RICK CALHOUN,,WDI3506,31,12,52,,,57,A
367689040,2022-01-02T08:54:55,30.74499,-91.47757,4.5,289.1,283.0,RICK CALHOUN,,WDI3506,31,12,52,,,57,A
367689040,2022-01-02T09:06:55,30.74511,-91.49632,5.3,263.0,258.0,RICK CALHOUN,,WDI3506,31,12,52,,,57,A
367689040,2022-01-02T09:26:46,30.73512,-91.52867,5.2,248.0,250.0,RICK CALHOUN,,WDI3506,31,12,52,,,57,A
367689040,2022-01-02T08:56:04,30.74543,-91.47912,4.4,277.0,277.0,RICK CALHOUN,,WDI3506,31,12,52,,,57,A
367689040,2022-01-02T09:33:35,30.73204,-91.53938,5.1,261.0,260.0,RICK CALHOUN,,WDI3506,31,12,52,,,57,A
367689040,2022-01-02T09:04:44,30.74553,-91.49269,5.2,256.0,259.0,RICK CALHOUN,,WDI3506,31,12,52,,,57,A
367689040,2022-01-02T09:14:14,30.74252,-91.50836,5.5,245.0,245.0,RICK CALHOUN,,WDI3506,31,12,52,,,57,A
367689040,2022-01-02T09:23:24,30.73685,-91.52333,5.3,247.0,250.0,RICK CALHOUN,,WDI3506,31,12,52,,,57,A
367689040,2022-01-02T09:34:36,30.73176,-91.54095,5.1,258.3,261.0,RICK CALHOUN,,WDI3506,31,12,52,,,57,A
367689040,2022-01-02T09:01:16,30.74594,-91.48705,5.0,262.0,267.0,RICK CALHOUN,,WDI3506,31,12,52,,,57,A
367689040,2022-01-02T09:08:05,30.74492,-91.49833,5.3,261.0,257.0,RICK CALHOUN,,WDI3506,31,12,52,,,57,A
367689040,2022-01-02T09:13:04,30.74323,-91.50653,5.3,244.5,245.0,RICK CALHOUN,,WDI3506,31,12,52,,,57,A
367689040,2022-01-02T09:03:35,30.74586,-91.49082,5.1,263.0,258.0,RICK CALHOUN,,WDI3506,31,12,52,,,57,A
367689040,2022-01-02T09:44:04,30.73140,-91.55696,5.4,280.0,282.0,RICK CALHOUN,,WDI3506,31,12,52,,,57,A
367689040,2022-01-02T04:14:25,30.53487,-91.24507,5.3,39.0,35.0,RICK CALHOUN,,WDI3506,31,12,52,,,57,A
367689040,2022-01-02T09:32:24,30.73249,-91.53748,5.1,253.0,257.0,RICK CALHOUN,,WDI3506,31,12,52,,,57,A
367689040,2022-01-02T09:11:54,30.74388,-91.50469,5.3,253.0,245.0,RICK CALHOUN,,WDI3506,31,12,52,,,57,A
367689040,2022-01-02T09:22:14,30.73753,-91.52146,5.4,246.0,249.0,RICK CALHOUN,,WDI3506,31,12,52,,,57,A
367689040,2022-01-02T04:16:36,30.53730,-91.24266,5.1,37.0,24.0,RICK CALHOUN,,WDI3506,31,12,52,,,57,A
367689040,2022-01-02T09:19:54,30.73893,-91.51769,5.6,246.0,248.0,RICK CALHOUN,,WDI3506,31,12,52,,,57,A
367689040,2022-01-02T09:46:24,30.73204,-91.56095,5.4,285.0,288.0,RICK CALHOUN,,WDI3506,31,12,52,,,57,A
367689040,2022-01-02T09:24:35,30.73624,-91.52523,5.3,251.0,250.0,RICK CALHOUN,,WDI3506,31,12,52,,,57,A
367689040,2022-01-02T09:51:04,30.73435,-91.56888,5.6,288.4,296.0,RICK CALHOUN,,WDI3506,31,12,52,,,57,A
367689040,2022-01-02T09:38:15,30.73086,-91.54708,5.3,260.0,270.0,RICK CALHOUN,,WDI3506,31,12,52,,,57,A
367689040,2022-01-02T09:54:35,30.73673,-91.57453,5.6,298.0,300.0,RICK CALHOUN,,WDI3506,31,12,52,,,57,A
367689040,2022-01-02T09:17:34,30.74032,-91.51379,5.6,247.0,248.0,RICK CALHOUN,,WDI3506,31,12,52,,,57,A
367689040,2022-01-02T09:56:54,30.73858,-91.57814,5.6,302.0,306.0,RICK CALHOUN,,WDI3506,31,12,52,,,57,A
367689040,2022-01-02T09:27:54,30.73454,-91.53040,5.2,247.0,252.0,RICK CALHOUN,,WDI3506,31,12,52,,,57,A
367689040,2022-01-02T09:35:55,30.73145,-91.54315,5.2,259.2,262.0,RICK CALHOUN,,WDI3506,31,12,52,,,57,A
367689040,2022-01-02T09:47:34,30.73259,-91.56297,5.5,288.0,289.0,RICK CALHOUN,,WDI3506,31,12,52,,,57,A
367689040,2022-01-02T09:31:15,30.73291,-91.53559,5.1,253.0,256.0,RICK CALHOUN,,WDI3506,31,12,52,,,57,A
367689040,2022-01-02T10:01:25,30.74292,-91.58481,5.8,311.0,313.0,RICK CALHOUN,,WDI3506,31,12,52,,,57,A
367689040,2022-01-02T09:25:45,30.73570,-91.52707,5.2,249.0,249.0,RICK CALHOUN,,WDI3506,31,12,52,,,57,A
367689040,2022-01-02T09:42:54,30.73113,-91.55497,5.4,276.9,280.0,RICK CALHOUN,,WDI3506,31,12,52,,,57,A
367689040,2022-01-02T09:39:24,30.73065,-91.54900,5.2,268.4,276.0,RICK CALHOUN,,WDI3506,31,12,52,,,57,A
367689040,2022-01-02T09:28:55,30.73408,-91.53200,5.1,251.0,251.0,RICK CALHOUN,,WDI3506,31,12,52,,,57,A
367689040,2022-01-02T09:30:06,30.73338,-91.53381,5.1,250.0,255.0,RICK CALHOUN,,WDI3506,31,12,52,,,57,A
367689040,2022-01-02T04:30:36,30.55585,-91.24255,5.1,322.2,315.0,RICK CALHOUN,,WDI3506,31,12,52,,,57,A
367689040,2022-01-02T09:37:04,30.73109,-91.54508,5.3,259.0,267.0,RICK CALHOUN,,WDI3506,31,12,52,,,57,A
367689040,2022-01-02T10:09:25,30.75272,-91.59428,5.6,344.0,353.0,RICK CALHOUN,,WDI3506,31,12,52,,,57,A
367689040,2022-01-02T09:52:15,30.73510,-91.57079,5.5,293.0,297.0,RICK CALHOUN,,WDI3506,31,12,52,,,57,A
367689040,2022-01-02T09:40:35,30.73081,-91.55097,5.2,275.0,276.0,RICK CALHOUN,,WDI3506,31,12,52,,,57,A
367689040,2022-01-02T09:53:26,30.73586,-91.57273,5.5,299.0,300.0,RICK CALHOUN,,WDI3506,31,12,52,,,57,A
367689040,2022-01-02T10:04:45,30.74661,-91.58941,6.0,315.8,324.0,RICK CALHOUN,,WDI3506,31,12,52,,,57,A
367689040,2022-01-02T09:58:04,30.73963,-91.57984,5.7,306.4,306.0,RICK CALHOUN,,WDI3506,31,12,52,,,57,A
367689040,2022-01-02T09:45:15,30.73168,-91.55903,5.5,276.0,285.0,RICK CALHOUN,,WDI3506,31,12,52,,,57,A
367689040,2022-01-02T09:48:44,30.73317,-91.56493,5.5,288.0,291.0,RICK CALHOUN,,WDI3506,31,12,52,,,57,A
367689040,2022-01-02T10:16:24,30.76378,-91.59390,6.2,20.0,31.0,RICK CALHOUN,,WDI3506,31,12,52,,,57,A
367689040,2022-01-02T09:59:15,30.74074,-91.58161,5.7,306.8,308.0,RICK CALHOUN,,WDI3506,31,12,52,,,57,A
367689040,2022-01-02T10:17:34,30.76566,-91.59296,6.3,24.0,36.0,RICK CALHOUN,,WDI3506,31,12,52,,,57,A
367689040,2022-01-02T10:26:45,30.77466,-91.58083,5.8,71.0,80.0,RICK CALHOUN,,WDI3506,31,12,52,,,57,A
367689040,2022-01-02T09:55:45,30.73764,-91.57636,5.6,300.0,303.0,RICK CALHOUN,,WDI3506,31,12,52,,,57,A
367689040,2022-01-02T04:37:34,30.56249,-91.25205,5.7,301.0,300.0,RICK CALHOUN,,WDI3506,31,12,52,,,57,A
367689040,2022-01-02T10:02:26,30.74394,-91.58630,5.9,308.7,317.0,RICK CALHOUN,,WDI3506,31,12,52,,,57,A
367689040,2022-01-02T10:31:25,30.77589,-91.57235,5.5,77.0,78.0,RICK CALHOUN,,WDI3506,31,12,52,,,57,A
367689040,2022-01-02T10:29:06,30.77539,-91.57650,5.8,74.0,80.0,RICK CALHOUN,,WDI3506,31,12,52,,,57,A
367689040,2022-01-02T10:03:35,30.74526,-91.58786,5.9,316.0,320.0,RICK CALHOUN,,WDI3506,31,12,52,,,57,A
367689040,2022-01-02T10:30:15,30.77578,-91.57443,5.7,86.0,83.0,RICK CALHOUN,,WDI3506,31,12,52,,,57,A
367689040,2022-01-02T10:24:25,30.77341,-91.58488,5.5,67.7,74.0,RICK CALHOUN,,WDI3506,31,12,52,,,57,A
367689040,2022-01-02T10:00:15,30.74172,-91.58311,5.8,307.0,309.0,RICK CALHOUN,,WDI3506,31,12,52,,,57,A
367689040,2022-01-02T10:34:45,30.77691,-91.56649,5.7,76.0,76.0,RICK CALHOUN,,WDI3506,31,12,52,,,57,A
367689040,2022-01-02T04:41:05,30.56535,-91.25737,5.2,296.0,292.0,RICK CALHOUN,,WDI3506,31,12,52,,,57,A
367689040,2022-01-02T10:37:04,30.77777,-91.56229,5.8,77.0,72.0,RICK CALHOUN,,WDI3506,31,12,52,,,57,A
367689040,2022-01-02T10:38:15,30.77815,-91.56019,5.6,76.0,67.0,RICK CALHOUN,,WDI3506,31,12,52,,,57,A
367689040,2022-01-02T10:15:15,30.76193,-91.59462,6.0,17.0,26.0,RICK CALHOUN,,WDI3506,31,12,52,,,57,A
367689040,2022-01-02T10:05:55,30.74802,-91.59101,6.0,312.0,329.0,RICK CALHOUN,,WDI3506,31,12,52,,,57,A
367689040,2022-01-02T10:32:26,30.77631,-91.57063,5.6,77.0,81.0,RICK CALHOUN,,WDI3506,31,12,52,,,57,A
367689040,2022-01-02T10:18:45,30.76750,-91.59187,6.2,28.0,41.0,RICK CALHOUN,,WDI3506,31,12,52,,,57,A
367689040,2022-01-02T10:20:56,30.77065,-91.58982,5.7,33.0,60.0,RICK CALHOUN,,WDI3506,31,12,52,,,57,A
367689040,2022-01-02T10:10:34,30.75449,-91.59489,5.8,341.0,358.0,RICK CALHOUN,,WDI3506,31,12,52,,,57,A
367689040,2022-01-02T10:46:24,30.78343,-91.54763,5.0,57.0,47.0,RICK CALHOUN,,WDI3506,31,12,52,,,57,A
367689040,2022-01-02T10:23:16,30.77264,-91.58667,5.3,59.0,71.0,RICK CALHOUN,,WDI3506,31,12,52,,,57,A
367689040,2022-01-02T10:11:44,30.75630,-91.59522,5.6,355.0,6.0,RICK CALHOUN,,WDI3506,31,12,52,,,57,A
367689040,2022-01-02T10:12:55,30.75817,-91.59533,5.8,356.4,13.0,RICK CALHOUN,,WDI3506,31,12,52,,,57,A
367689040,2022-01-02T10:39:26,30.77875,-91.55827,5.4,65.0,62.0,RICK CALHOUN,,WDI3506,31,12,52,,,57,A
367689040,2022-01-02T10:41:45,30.78033,-91.55457,5.5,66.0,61.0,RICK CALHOUN,,WDI3506,31,12,52,,,57,A
367689040,2022-01-02T10:14:06,30.76008,-91.59509,5.8,9.0,19.0,RICK CALHOUN,,WDI3506,31,12,52,,,57,A
367689040,2022-01-02T10:22:04,30.77174,-91.58837,5.0,58.0,67.0,RICK CALHOUN,,WDI3506,31,12,52,,,57,A
367689040,2022-01-02T10:45:15,30.78262,-91.54925,5.1,63.0,51.0,RICK CALHOUN,,WDI3506,31,12,52,,,57,A
367689040,2022-01-02T10:19:55,30.76925,-91.59076,6.0,29.0,49.0,RICK CALHOUN,,WDI3506,31,12,52,,,57,A
367689040,2022-01-02T10:25:36,30.77403,-91.58282,5.7,69.0,74.0,RICK CALHOUN,,WDI3506,31,12,52,,,57,A
367689040,2022-01-02T11:00:55,30.79949,-91.53420,5.1,359.0,0.0,RICK CALHOUN,,WDI3506,31,12,52,,,57,A
367689040,2022-01-02T11:03:15,30.80299,-91.53453,5.6,351.2,3.0,RICK CALHOUN,,WDI3506,31,12,52,,,57,A
367689040,2022-01-02T10:40:35,30.77954,-91.55645,5.5,62.0,62.0,RICK CALHOUN,,WDI3506,31,12,52,,,57,A
367689040,2022-01-02T10:27:54,30.77501,-91.57871,5.8,84.0,79.0,RICK CALHOUN,,WDI3506,31,12,52,,,57,A
367689040,2022-01-02T10:33:35,30.77653,-91.56853,5.6,81.0,77.0,RICK CALHOUN,,WDI3506,31,12,52,,,57,A
367689040,2022-01-02T10:35:54,30.77727,-91.56438,5.7,75.1,73.0,RICK CALHOUN,,WDI3506,31,12,52,,,57,A
367689040,2022-01-02T11:16:55,30.82051,-91.53185,4.8,10.1,12.0,RICK CALHOUN,,WDI3506,31,12,52,,,57,A
367689040,2022-01-02T11:18:04,30.82207,-91.53153,4.9,11.0,14.0,RICK CALHOUN,,WDI3506,31,12,52,,,57,A
367689040,2022-01-02T10:53:25,30.79023,-91.54046,5.1,28.5,31.0,RICK CALHOUN,,WDI3506,31,12,52,,,57,A
367689040,2022-01-02T10:42:54,30.78103,-91.55274,5.3,62.0,55.0,RICK CALHOUN,,WDI3506,31,12,52,,,57,A
367689040,2022-01-02T11:21:25,30.82670,-91.53031,5.2,13.0,19.0,RICK CALHOUN,,WDI3506,31,12,52,,,57,A
367689040,2022-01-02T11:07:46,30.80919,-91.53444,4.5,10.7,11.0,RICK CALHOUN,,WDI3506,31,12,52,,,57,A
367689040,2022-01-02T10:47:34,30.78433,-91.54608,5.0,55.0,44.0,RICK CALHOUN,,WDI3506,31,12,52,,,57,A
367689040,2022-01-02T10:48:44,30.78522,-91.54456,4.7,51.0,36.0,RICK CALHOUN,,WDI3506,31,12,52,,,57,A
367689040,2022-01-02T10:51:06,30.78750,-91.54227,4.8,36.0,29.0,RICK CALHOUN,,WDI3506,31,12,52,,,57,A
367689040,2022-01-02T05:03:15,30.57159,-91.29359,5.7,268.1,272.0,RICK CALHOUN,,WDI3506,31,12,52,,,57,A
367689040,2022-01-02T11:02:04,30.80120,-91.53427,5.5,356.2,0.0,RICK CALHOUN,,WDI3506,31,12,52,,,57,A
367689040,2022-01-02T10:52:15,30.78881,-91.54129,4.9,27.0,28.0,RICK CALHOUN,,WDI3506,31,12,52,,,57,A
367689040,2022-01-02T11:28:25,30.83676,-91.52604,5.7,22.0,21.0,RICK CALHOUN,,WDI3506,31,12,52,,,57,A
367689040,2022-01-02T10:55:45,30.79290,-91.53808,5.2,34.0,27.0,RICK CALHOUN,,WDI3506,31,12,52,,,57,A
367689040,2022-01-02T10:54:35,30.79161,-91.53932,5.2,41.3,32.0,RICK CALHOUN,,WDI3506,31,12,52,,,57,A
367689040,2022-01-02T10:49:54,30.78630,-91.54340,4.6,41.0,33.0,RICK CALHOUN,,WDI3506,31,12,52,,,57,A
367689040,2022-01-02T10:56:55,30.79426,-91.53682,5.4,41.0,22.0,RICK CALHOUN,,WDI3506,31,12,52,,,57,A
367689040,2022-01-02T10:59:16,30.79721,-91.53486,5.3,28.0,10.0,RICK CALHOUN,,WDI3506,31,12,52,,,57,A
367689040,2022-01-02T11:08:55,30.81062,-91.53419,4.4,7.0,12.0,RICK CALHOUN,,WDI3506,31,12,52,,,57,A
367689040,2022-01-02T11:32:55,30.84354,-91.52311,5.8,25.0,24.0,RICK CALHOUN,,WDI3506,31,12,52,,,57,A
367689040,2022-01-02T11:11:14,30.81343,-91.53355,4.5,8.0,11.0,RICK CALHOUN,,WDI3506,31,12,52,,,57,A
367689040,2022-01-02T11:04:24,30.80477,-91.53476,5.4,351.0,6.0,RICK CALHOUN,,WDI3506,31,12,52,,,57,A
367689040,2022-01-02T11:38:44,30.85180,-91.51926,5.4,18.0,14.0,RICK CALHOUN,,WDI3506,31,12,52,,,57,A
367689040,2022-01-02T11:06:34,30.80774,-91.53483,4.6,8.0,13.0,RICK CALHOUN,,WDI3506,31,12,52,,,57,A
367689040,2022-01-02T10:58:04,30.79566,-91.53580,5.2,25.0,16.0,RICK CALHOUN,,WDI3506,31,12,52,,,57,A
367689040,2022-01-02T11:43:14,30.85846,-91.51745,5.5,13.0,9.0,RICK CALHOUN,,WDI3506,31,12,52,,,57,A
367689040,2022-01-02T11:27:14,30.83503,-91.52687,5.7,20.0,22.0,RICK CALHOUN,,WDI3506,31,12,52,,,57,A
367689040,2022-01-02T11:45:26,30.86175,-91.51694,5.5,6.0,5.0,RICK CALHOUN,,WDI3506,31,12,52,,,57,A
367689040,2022-01-02T11:46:35,30.86355,-91.51678,5.6,2.7,5.0,RICK CALHOUN,,WDI3506,31,12,52,,,57,A
367689040,2022-01-02T11:05:25,30.80624,-91.53497,5.0,356.0,11.0,RICK CALHOUN,,WDI3506,31,12,52,,,57,A
367689040,2022-01-02T11:13:35,30.81629,-91.53275,4.6,15.0,10.0,RICK CALHOUN,,WDI3506,31,12,52,,,57,A
367689040,2022-01-02T11:20:16,30.82505,-91.53075,5.2,13.9,17.0,RICK CALHOUN,,WDI3506,31,12,52,,,57,A
367689040,2022-01-02T11:53:45,30.87493,-91.51640,5.6,354.6,353.0,RICK CALHOUN,,WDI3506,31,12,52,,,57,A
367689040,2022-01-02T11:54:54,30.87672,-91.51659,5.5,356.0,351.0,RICK CALHOUN,,WDI3506,31,12,52,,,57,A
367689040,2022-01-02T11:10:06,30.81202,-91.53385,4.5,15.5,11.0,RICK CALHOUN,,WDI3506,31,12,52,,,57,A
367689040,2022-01-02T11:19:05,30.82345,-91.53122,5.0,12.5,16.0,RICK CALHOUN,,WDI3506,31,12,52,,,57,A
367689040,2022-01-02T11:57:15,30.88021,-91.51730,5.4,351.0,353.0,RICK CALHOUN,,WDI3506,31,12,52,,,57,A
367689040,2022-01-02T11:26:04,30.83332,-91.52762,5.6,20.8,21.0,RICK CALHOUN,,WDI3506,31,12,52,,,57,A
367689040,2022-01-02T11:12:25,30.81490,-91.53318,4.5,14.0,12.0,RICK CALHOUN,,WDI3506,31,12,52,,,57,A
367689040,2022-01-02T11:22:35,30.82835,-91.52975,5.3,19.0,21.0,RICK CALHOUN,,WDI3506,31,12,52,,,57,A
367689040,2022-01-02T11:59:34,30.88369,-91.51781,5.4,354.0,350.0,RICK CALHOUN,,WDI3506,31,12,52,,,57,A
367689040,2022-01-02T11:14:44,30.81774,-91.53239,4.6,10.3,10.0,RICK CALHOUN,,WDI3506,31,12,52,,,57,A
367689040,2022-01-02T11:15:45,30.81903,-91.53214,4.6,9.0,11.0,RICK CALHOUN,,WDI3506,31,12,52,,,57,A
367689040,2022-01-02T11:24:55,30.83168,-91.52838,5.5,19.0,22.0,RICK CALHOUN,,WDI3506,31,12,52,,,57,A
367689040,2022-01-02T12:01:25,30.88642,-91.51834,5.4,350.1,349.0,RICK CALHOUN,,WDI3506,31,12,52,,,57,A
367689040,2022-01-02T05:17:06,30.57825,-91.31538,5.3,328.7,347.0,RICK CALHOUN,,WDI3506,31,12,52,,,57,A
367689040,2022-01-02T12:03:44,30.88983,-91.51896,5.3,346.0,345.0,RICK CALHOUN,,WDI3506,31,12,52,,,57,A
367689040,2022-01-02T11:29:35,30.83851,-91.52532,5.8,17.0,21.0,RICK CALHOUN,,WDI3506,31,12,52,,,57,A
367689040,2022-01-02T12:06:05,30.89318,-91.51969,5.0,345.0,339.0,RICK CALHOUN,,WDI3506,31,12,52,,,57,A
367689040,2022-01-02T11:30:44,30.84027,-91.52460,5.8,18.0,22.0,RICK CALHOUN,,WDI3506,31,12,52,,,57,A
367689040,2022-01-02T11:31:54,30.84205,-91.52387,5.8,22.0,24.0,RICK CALHOUN,,WDI3506,31,12,52,,,57,A
367689040,2022-01-02T11:23:45,30.82998,-91.52909,5.4,18.4,21.0,RICK CALHOUN,,WDI3506,31,12,52,,,57,A
367689040,2022-01-02T12:11:56,30.89800,-91.52069,1.1,5.0,329.0,RICK CALHOUN,,WDI3506,31,12,52,,,57,A
367689040,2022-01-02T11:52:35,30.87312,-91.51629,5.7,356.5,355.0,RICK CALHOUN,,WDI3506,31,12,52,,,57,A
367689040,2022-01-02T11:35:15,30.84680,-91.52120,5.5,22.0,19.0,RICK CALHOUN,,WDI3506,31,12,52,,,57,A
367689040,2022-01-02T11:37:34,30.85014,-91.51988,5.4,17.0,16.0,RICK CALHOUN,,WDI3506,31,12,52,,,57,A
367689040,2022-01-02T11:40:55,30.85500,-91.51832,5.4,12.7,12.0,RICK CALHOUN,,WDI3506,31,12,52,,,57,A
367689040,2022-01-02T05:22:45,30.58645,-91.31739,5.4,9.0,23.0,RICK CALHOUN,,WDI3506,31,12,52,,,57,A
367689040,2022-01-02T11:39:45,30.85330,-91.51877,5.4,13.0,13.0,RICK CALHOUN,,WDI3506,31,12,52,,,57,A
367689040,2022-01-02T12:15:25,30.89834,-91.52059,0.2,190.0,325.0,RICK CALHOUN,,WDI3506,31,12,52,,,57,A
367689040,2022-01-02T12:16:34,30.89825,-91.52060,0.3,194.0,326.0,RICK CALHOUN,,WDI3506,31,12,52,,,57,A
367689040,2022-01-02T12:18:55,30.89799,-91.52079,0.3,218.0,330.0,RICK CALHOUN,,WDI3506,31,12,52,,,57,A
367689040,2022-01-02T12:20:05,30.89798,-91.52080,0.2,295.1,332.0,RICK CALHOUN,,WDI3506,31,12,52,,,57,A
367689040,2022-01-02T05:23:55,30.58815,-91.31691,5.5,16.1,28.0,RICK CALHOUN,,WDI3506,31,12,52,,,57,A
367689040,2022-01-02T11:36:25,30.84849,-91.52052,5.4,19.0,18.0,RICK CALHOUN,,WDI3506,31,12,52,,,57,A
367689040,2022-01-02T11:49:06,30.86753,-91.51643,5.7,4.0,1.0,RICK CALHOUN,,WDI3506,31,12,52,,,57,A
367689040,2022-01-02T12:07:14,30.89466,-91.52016,4.9,345.0,337.0,RICK CALHOUN,,WDI3506,31,12,52,,,57,A
367689040,2022-01-02T12:23:36,30.89821,-91.52062,0.5,80.0,331.0,RICK CALHOUN,,WDI3506,31,12,52,,,57,A
367689040,2022-01-02T12:08:24,30.89598,-91.52055,3.5,350.0,337.0,RICK CALHOUN,,WDI3506,31,12,52,,,57,A
367689040,2022-01-02T05:27:24,30.59296,-91.31399,5.7,37.0,38.0,RICK CALHOUN,,WDI3506,31,12,52,,,57,A
367689040,2022-01-02T11:51:24,30.87124,-91.51623,5.8,0.8,357.0,RICK CALHOUN,,WDI3506,31,12,52,,,57,A
367689040,2022-01-02T11:42:06,30.85674,-91.51793,5.5,11.0,11.0,RICK CALHOUN,,WDI3506,31,12,52,,,57,A
367689040,2022-01-02T12:28:14,30.89791,-91.52005,0.6,219.0,322.0,RICK CALHOUN,,WDI3506,31,12,52,,,57,A
367689040,2022-01-02T12:29:25,30.89780,-91.52024,0.7,249.0,326.0,RICK CALHOUN,,WDI3506,31,12,52,,,57,A
367689040,2022-01-02T11:56:05,30.87850,-91.51692,5.5,345.0,351.0,RICK CALHOUN,,WDI3506,31,12,52,,,57,A
367689040,2022-01-02T11:50:14,30.86936,-91.51635,5.8,2.0,0.0,RICK CALHOUN,,WDI3506,31,12,52,,,57,A
367689040,2022-01-02T12:00:15,30.88469,-91.51796,5.4,350.3,348.0,RICK CALHOUN,,WDI3506,31,12,52,,,57,A
367689040,2022-01-02T12:38:35,30.89883,-91.52106,0.8,331.0,317.0,RICK CALHOUN,,WDI3506,31,12,52,,,57,A
367689040,2022-01-02T12:02:34,30.88813,-91.51861,5.4,353.2,347.0,RICK CALHOUN,,WDI3506,31,12,52,,,57,A
367689040,2022-01-02T05:32:14,30.59869,-91.30815,5.7,38.0,38.0,RICK CALHOUN,,WDI3506,31,12,52,,,57,A
367689040,2022-01-02T12:24:44,30.89822,-91.52041,0.6,91.0,328.0,RICK CALHOUN,,WDI3506,31,12,52,,,57,A
367689040,2022-01-02T12:04:54,30.89151,-91.51932,5.2,350.8,343.0,RICK CALHOUN,,WDI3506,31,12,52,,,57,A
367689040,2022-01-02T11:58:25,30.88198,-91.51761,5.4,351.0,353.0,RICK CALHOUN,,WDI3506,31,12,52,,,57,A
367689040,2022-01-02T12:27:04,30.89805,-91.52001,0.6,145.0,322.0,RICK CALHOUN,,WDI3506,31,12,52,,,57,A
367689040,2022-01-02T12:45:45,30.90288,-91.52685,4.7,312.0,314.0,RICK CALHOUN,,WDI3506,31,12,52,,,57,A
367689040,2022-01-02T12:48:04,30.90517,-91.52939,4.9,318.0,315.0,RICK CALHOUN,,WDI3506,31,12,52,,,57,A
367689040,2022-01-02T12:09:35,30.89691,-91.52072,2.4,352.0,335.0,RICK CALHOUN,,WDI3506,31,12,52,,,57,A
367689040,2022-01-02T12:13:06,30.89826,-91.52064,0.6,16.0,326.0,RICK CALHOUN,,WDI3506,31,12,52,,,57,A
367689040,2022-01-02T12:53:55,30.91018,-91.53554,4.7,311.8,310.0,RICK CALHOUN,,WDI3506,31,12,52,,,57,A
367689040,2022-01-02T12:14:14,30.89836,-91.52059,0.2,28.0,324.0,RICK CALHOUN,,WDI3506,31,12,52,,,57,A
367689040,2022-01-02T12:55:16,30.91140,-91.53714,5.0,313.0,307.0,RICK CALHOUN,,WDI3506,31,12,52,,,57,A
367689040,2022-01-02T05:38:15,30.60637,-91.30212,5.8,34.0,33.0,RICK CALHOUN,,WDI3506,31,12,52,,,57,A
367689040,2022-01-02T12:21:14,30.89805,-91.52085,0.5,21.5,334.0,RICK CALHOUN,,WDI3506,31,12,52,,,57,A
367689040,2022-01-02T12:56:25,30.91249,-91.53855,5.1,310.0,303.0,RICK CALHOUN,,WDI3506,31,12,52,,,57,A
367689040,2022-01-02T12:17:45,30.89813,-91.52066,0.6,209.0,327.0,RICK CALHOUN,,WDI3506,31,12,52,,,57,A
367689040,2022-01-02T12:42:14,30.90018,-91.52325,3.6,306.0,315.0,RICK CALHOUN,,WDI3506,31,12,52,,,57,A
367689040,2022-01-02T13:00:15,30.91540,-91.54382,5.1,291.8,288.0,RICK CALHOUN,,WDI3506,31,12,52,,,57,A
367689040,2022-01-02T12:59:55,30.91522,-91.54333,5.1,293.7,288.0,RICK CALHOUN,,WDI3506,31,12,52,,,57,A
367689040,2022-01-02T12:46:54,30.90397,-91.52812,4.9,318.0,315.0,RICK CALHOUN,,WDI3506,31,12,52,,,57,A
367689040,2022-01-02T12:30:35,30.89779,-91.52044,0.4,295.1,328.0,RICK CALHOUN,,WDI3506,31,12,52,,,57,A
367689040,2022-01-02T12:25:54,30.89819,-91.52018,0.6,113.0,325.0,RICK CALHOUN,,WDI3506,31,12,52,,,57,A
367689040,2022-01-02T12:32:44,30.89803,-91.52053,0.5,358.7,327.0,RICK CALHOUN,,WDI3506,31,12,52,,,57,A
367689040,2022-01-02T13:11:44,30.91707,-91.56203,5.3,265.0,268.0,RICK CALHOUN,,WDI3506,31,12,52,,,57,A
367689040,2022-01-02T05:46:35,30.61853,-91.29521,6.1,20.0,21.0,RICK CALHOUN,,WDI3506,31,12,52,,,57,A
367689040,2022-01-02T12:31:36,30.89786,-91.52053,0.4,319.0,329.0,RICK CALHOUN,,WDI3506,31,12,52,,,57,A
367689040,2022-01-02T13:14:05,30.91688,-91.56602,5.3,270.0,271.0,RICK CALHOUN,,WDI3506,31,12,52,,,57,A
367689040,2022-01-02T13:15:15,30.91696,-91.56806,5.3,273.0,272.0,RICK CALHOUN,,WDI3506,31,12,52,,,57,A
367689040,2022-01-02T12:39:45,30.89906,-91.52141,1.7,296.0,315.0,RICK CALHOUN,,WDI3506,31,12,52,,,57,A
367689040,2022-01-02T12:33:55,30.89818,-91.52062,0.5,329.0,326.0,RICK CALHOUN,,WDI3506,31,12,52,,,57,A
367689040,2022-01-02T05:51:25,30.62600,-91.29185,5.8,17.0,5.0,RICK CALHOUN,,WDI3506,31,12,52,,,57,A
367689040,2022-01-02T12:35:04,30.89837,-91.52066,0.6,351.0,323.0,RICK CALHOUN,,WDI3506,31,12,52,,,57,A
367689040,2022-01-02T12:36:14,30.89852,-91.52078,0.6,322.0,322.0,RICK CALHOUN,,WDI3506,31,12,52,,,57,A
367689040,2022-01-02T12:43:25,30.90099,-91.52434,4.0,309.0,313.0,RICK CALHOUN,,WDI3506,31,12,52,,,57,A
367689040,2022-01-02T12:52:46,30.90926,-91.53425,4.4,308.0,310.0,RICK CALHOUN,,WDI3506,31,12,52,,,57,A
367689040,2022-01-02T13:24:35,30.91677,-91.58429,5.6,268.4,273.0,RICK CALHOUN,,WDI3506,31,12,52,,,57,A
367689040,2022-01-02T13:28:04,30.91709,-91.59057,5.5,275.0,273.0,RICK CALHOUN,,WDI3506,31,12,52,,,57,A
367689040,2022-01-02T05:59:15,30.63653,-91.29215,3.9,338.3,334.0,RICK CALHOUN,,WDI3506,31,12,52,,,57,A
367689040,2022-01-02T13:31:44,30.91747,-91.59710,5.6,267.0,269.0,RICK CALHOUN,,WDI3506,31,12,52,,,57,A
367689040,2022-01-02T13:32:54,30.91739,-91.59921,5.7,266.0,268.0,RICK CALHOUN,,WDI3506,31,12,52,,,57,A
367689040,2022-01-02T12:49:16,30.90643,-91.53049,4.9,323.0,311.0,RICK CALHOUN,,WDI3506,31,12,52,,,57,A
367689040,2022-01-02T13:19:55,30.91721,-91.57608,5.4,266.0,267.0,RICK CALHOUN,,WDI3506,31,12,52,,,57,A
367689040,2022-01-02T13:34:06,30.91727,-91.60137,5.8,265.0,270.0,RICK CALHOUN,,WDI3506,31,12,52,,,57,A
367689040,2022-01-02T12:50:25,30.90749,-91.53169,4.4,312.0,309.0,RICK CALHOUN,,WDI3506,31,12,52,,,57,A
367689040,2022-01-02T13:01:25,30.91604,-91.54560,5.1,290.4,286.0,RICK CALHOUN,,WDI3506,31,12,52,,,57,A
367689040,2022-01-02T12:51:34,30.90834,-91.53293,4.3,308.7,310.0,RICK CALHOUN,,WDI3506,31,12,52,,,57,A
367689040,2022-01-02T13:40:06,30.91736,-91.61247,5.5,281.0,280.0,RICK CALHOUN,,WDI3506,31,12,52,,,57,A
367689040,2022-01-02T13:35:36,30.91714,-91.60422,5.8,266.0,272.0,RICK CALHOUN,,WDI3506,31,12,52,,,57,A
367689040,2022-01-02T13:03:46,30.91709,-91.54915,4.8,281.7,276.0,RICK CALHOUN,,WDI3506,31,12,52,,,57,A
367689040,2022-01-02T13:04:54,30.91735,-91.55096,4.8,277.0,274.0,RICK CALHOUN,,WDI3506,31,12,52,,,57,A
367689040,2022-01-02T13:39:05,30.91706,-91.61069,5.5,277.6,280.0,RICK CALHOUN,,WDI3506,31,12,52,,,57,A
367689040,2022-01-02T13:41:15,30.91764,-91.61446,5.5,277.0,282.0,RICK CALHOUN,,WDI3506,31,12,52,,,57,A
367689040,2022-01-02T13:44:46,30.91886,-91.62040,5.4,284.0,285.0,RICK CALHOUN,,WDI3506,31,12,52,,,57,A
367689040,2022-01-02T12:58:45,30.91443,-91.54165,5.1,301.0,293.0,RICK CALHOUN,,WDI3506,31,12,52,,,57,A
367689040,2022-01-02T13:10:34,30.91716,-91.56005,5.2,266.0,269.0,RICK CALHOUN,,WDI3506,31,12,52,,,57,A
367689040,2022-01-02T13:45:55,30.91934,-91.62232,5.5,286.0,286.0,RICK CALHOUN,,WDI3506,31,12,52,,,57,A
367689040,2022-01-02T13:47:05,30.91982,-91.62435,5.5,288.0,289.0,RICK CALHOUN,,WDI3506,31,12,52,,,57,A
367689040,2022-01-02T13:17:35,30.91723,-91.57203,5.3,273.0,268.0,RICK CALHOUN,,WDI3506,31,12,52,,,57,A
367689040,2022-01-02T13:05:55,30.91747,-91.55248,4.8,269.0,271.0,RICK CALHOUN,,WDI3506,31,12,52,,,57,A
367689040,2022-01-02T13:54:05,30.92369,-91.63570,5.2,295.0,304.0,RICK CALHOUN,,WDI3506,31,12,52,,,57,A
367689040,2022-01-02T13:16:24,30.91708,-91.57003,5.3,275.0,271.0,RICK CALHOUN,,WDI3506,31,12,52,,,57,A
367689040,2022-01-02T13:22:14,30.91698,-91.58012,5.5,265.0,268.0,RICK CALHOUN,,WDI3506,31,12,52,,,57,A
367689040,2022-01-02T13:25:45,30.91682,-91.58645,5.6,272.8,273.0,RICK CALHOUN,,WDI3506,31,12,52,,,57,A
367689040,2022-01-02T13:18:44,30.91726,-91.57403,5.3,270.0,267.0,RICK CALHOUN,,WDI3506,31,12,52,,,57,A
367689040,2022-01-02T14:00:14,30.92924,-91.64391,5.4,317.0,318.0,RICK CALHOUN,,WDI3506,31,12,52,,,57,A
367689040,2022-01-02T13:43:36,30.91843,-91.61847,5.4,285.0,284.0,RICK CALHOUN,,WDI3506,31,12,52,,,57,A
367689040,2022-01-02T13:12:56,30.91690,-91.56408,5.4,264.0,270.0,RICK CALHOUN,,WDI3506,31,12,52,,,57,A
367689040,2022-01-02T13:26:55,30.91692,-91.58855,5.6,273.0,274.0,RICK CALHOUN,,WDI3506,31,12,52,,,57,A
367689040,2022-01-02T14:03:44,30.93318,-91.64802,5.5,319.0,321.0,RICK CALHOUN,,WDI3506,31,12,52,,,57,A
367689040,2022-01-02T13:21:06,30.91711,-91.57811,5.4,265.0,267.0,RICK CALHOUN,,WDI3506,31,12,52,,,57,A
367689040,2022-01-02T13:29:25,30.91734,-91.59295,5.5,276.0,271.0,RICK CALHOUN,,WDI3506,31,12,52,,,57,A
367689040,2022-01-02T14:04:45,30.93432,-91.64916,5.5,319.0,325.0,RICK CALHOUN,,WDI3506,31,12,52,,,57,A
367689040,2022-01-02T13:23:25,30.91684,-91.58225,5.5,266.0,271.0,RICK CALHOUN,,WDI3506,31,12,52,,,57,A
367689040,2022-01-02T13:51:45,30.92244,-91.63205,5.4,296.0,295.0,RICK CALHOUN,,WDI3506,31,12,52,,,57,A
367689040,2022-01-02T06:17:54,30.64801,-91.30640,3.2,293.0,290.0,RICK CALHOUN,,WDI3506,31,12,52,,,57,A
367689040,2022-01-02T13:37:56,30.91699,-91.60857,5.8,267.0,277.0,RICK CALHOUN,,WDI3506,31,12,52,,,57,A
367689040,2022-01-02T13:58:45,30.92763,-91.64218,5.3,315.0,318.0,RICK CALHOUN,,WDI3506,31,12,52,,,57,A
367689040,2022-01-02T13:36:46,30.91707,-91.60643,5.8,268.0,273.0,RICK CALHOUN,,WDI3506,31,12,52,,,57,A
367689040,2022-01-02T13:52:56,30.92303,-91.63389,5.3,289.0,298.0,RICK CALHOUN,,WDI3506,31,12,52,,,57,A
367689040,2022-01-02T14:26:44,30.96710,-91.66408,5.6,359.2,3.0,RICK CALHOUN,,WDI3506,31,12,52,,,57,A
367689040,2022-01-02T13:55:14,30.92456,-91.63737,5.2,302.5,307.0,RICK CALHOUN,,WDI3506,31,12,52,,,57,A
367689040,2022-01-02T13:57:36,30.92649,-91.64069,5.3,307.0,315.0,RICK CALHOUN,,WDI3506,31,12,52,,,57,A
367689040,2022-01-02T13:49:26,30.92106,-91.62825,5.5,289.0,291.0,RICK CALHOUN,,WDI3506,31,12,52,,,57,A
367689040,2022-01-02T14:35:04,30.98021,-91.66278,5.4,6.0,15.0,RICK CALHOUN,,WDI3506,31,12,52,,,57,A
367689040,2022-01-02T13:59:54,30.92889,-91.64355,5.4,318.0,318.0,RICK CALHOUN,,WDI3506,31,12,52,,,57,A
367689040,2022-01-02T13:48:14,30.92048,-91.62627,5.5,289.0,290.0,RICK CALHOUN,,WDI3506,31,12,52,,,57,A
367689040,2022-01-02T14:37:26,30.98354,-91.66181,5.2,22.0,31.0,RICK CALHOUN,,WDI3506,31,12,52,,,57,A
367689040,2022-01-02T13:50:34,30.92165,-91.63018,5.5,290.9,295.0,RICK CALHOUN,,WDI3506,31,12,52,,,57,A
367689040,2022-01-02T14:05:55,30.93568,-91.65057,5.6,318.0,329.0,RICK CALHOUN,,WDI3506,31,12,52,,,57,A
367689040,2022-01-02T14:08:15,30.93866,-91.65269,5.4,336.0,336.0,RICK CALHOUN,,WDI3506,31,12,52,,,57,A
367689040,2022-01-02T14:29:06,30.97084,-91.66406,5.7,2.0,7.0,RICK CALHOUN,,WDI3506,31,12,52,,,57,A
367689040,2022-01-02T14:01:24,30.93053,-91.64529,5.4,318.0,318.0,RICK CALHOUN,,WDI3506,31,12,52,,,57,A
367689040,2022-01-02T06:31:54,30.65260,-91.32110,3.7,295.0,295.0,RICK CALHOUN,,WDI3506,31,12,52,,,57,A
367689040,2022-01-02T14:12:45,30.94528,-91.65600,5.9,334.0,335.0,RICK CALHOUN,,WDI3506,31,12,52,,,57,A
367689040,2022-01-02T14:14:04,30.94726,-91.65707,6.0,334.0,334.0,RICK CALHOUN,,WDI3506,31,12,52,,,57,A
367689040,2022-01-02T14:16:25,30.95082,-91.65911,6.1,335.0,340.0,RICK CALHOUN,,WDI3506,31,12,52,,,57,A
367689040,2022-01-02T14:42:05,30.98950,-91.65710,5.8,43.0,44.0,RICK CALHOUN,,WDI3506,31,12,52,,,57,A
367689040,2022-01-02T14:38:36,30.98507,-91.66087,5.4,28.0,34.0,RICK CALHOUN,,WDI3506,31,12,52,,,57,A
367689040,2022-01-02T14:15:14,30.94901,-91.65810,6.1,332.0,337.0,RICK CALHOUN,,WDI3506,31,12,52,,,57,A
367689040,2022-01-02T14:19:44,30.95607,-91.66116,5.9,346.0,346.0,RICK CALHOUN,,WDI3506,31,12,52,,,57,A
367689040,2022-01-02T14:02:34,30.93183,-91.64665,5.4,318.0,319.0,RICK CALHOUN,,WDI3506,31,12,52,,,57,A
367689040,2022-01-02T14:20:54,30.95793,-91.66166,5.9,345.0,346.0,RICK CALHOUN,,WDI3506,31,12,52,,,57,A
367689040,2022-01-02T14:07:05,30.93713,-91.65174,5.4,326.0,333.0,RICK CALHOUN,,WDI3506,31,12,52,,,57,A
367689040,2022-01-02T14:09:24,30.94033,-91.65345,5.6,339.0,336.0,RICK CALHOUN,,WDI3506,31,12,52,,,57,A
367689040,2022-01-02T14:43:14,30.99078,-91.65559,5.8,47.0,43.0,RICK CALHOUN,,WDI3506,31,12,52,,,57,A
367689040,2022-01-02T14:18:35,30.95423,-91.66062,6.0,343.0,346.0,RICK CALHOUN,,WDI3506,31,12,52,,,57,A
367689040,2022-01-02T14:47:55,30.99592,-91.64938,5.6,50.0,50.0,RICK CALHOUN,,WDI3506,31,12,52,,,57,A
367689040,2022-01-02T14:44:25,30.99214,-91.65405,5.7,43.0,45.0,RICK CALHOUN,,WDI3506,31,12,52,,,57,A
367689040,2022-01-02T14:11:35,30.94356,-91.65501,5.8,334.0,335.0,RICK CALHOUN,,WDI3506,31,12,52,,,57,A
367689040,2022-01-02T14:50:14,30.99823,-91.64622,5.5,49.0,53.0,RICK CALHOUN,,WDI3506,31,12,52,,,57,A
367689040,2022-01-02T14:46:45,30.99470,-91.65098,5.6,45.0,48.0,RICK CALHOUN,,WDI3506,31,12,52,,,57,A
367689040,2022-01-02T14:24:25,30.96345,-91.66335,5.8,344.0,354.0,RICK CALHOUN,,WDI3506,31,12,52,,,57,A
367689040,2022-01-02T14:25:35,30.96532,-91.66386,5.8,346.7,359.0,RICK CALHOUN,,WDI3506,31,12,52,,,57,A
367689040,2022-01-02T14:10:25,30.94184,-91.65412,5.8,337.0,335.0,RICK CALHOUN,,WDI3506,31,12,52,,,57,A
367689040,2022-01-02T14:23:15,30.96165,-91.66279,5.9,345.0,350.0,RICK CALHOUN,,WDI3506,31,12,52,,,57,A
367689040,2022-01-02T14:58:15,31.00519,-91.63397,5.9,63.6,68.0,RICK CALHOUN,,WDI3506,31,12,52,,,57,A
367689040,2022-01-02T14:57:05,31.00432,-91.63584,5.8,62.0,66.0,RICK CALHOUN,,WDI3506,31,12,52,,,57,A
367689040,2022-01-02T14:59:24,31.00600,-91.63192,5.9,65.0,69.0,RICK CALHOUN,,WDI3506,31,12,52,,,57,A
367689040,2022-01-02T14:36:25,30.98216,-91.66239,5.3,13.0,25.0,RICK CALHOUN,,WDI3506,31,12,52,,,57,A
367689040,2022-01-02T15:02:24,31.00795,-91.62662,6.0,66.6,69.0,RICK CALHOUN,,WDI3506,31,12,52,,,57,A
367689040,2022-01-02T14:27:55,30.96894,-91.66412,5.6,1.0,5.0,RICK CALHOUN,,WDI3506,31,12,52,,,57,A
367689040,2022-01-02T15:10:24,31.01184,-91.61152,6.1,75.4,72.0,RICK CALHOUN,,WDI3506,31,12,52,,,57,A
367689040,2022-01-02T14:31:24,30.97452,-91.66372,5.8,7.0,8.0,RICK CALHOUN,,WDI3506,31,12,52,,,57,A
367689040,2022-01-02T14:40:55,30.98808,-91.65854,5.7,36.0,42.0,RICK CALHOUN,,WDI3506,31,12,52,,,57,A
367689040,2022-01-02T06:42:04,30.65845,-91.33354,5.6,305.0,307.0,RICK CALHOUN,,WDI3506,31,12,52,,,57,A
367689040,2022-01-02T15:09:14,31.01139,-91.61376,6.2,76.0,74.0,RICK CALHOUN,,WDI3506,31,12,52,,,57,A
367689040,2022-01-02T15:17:25,31.01592,-91.59808,6.4,67.0,67.0,RICK CALHOUN,,WDI3506,31,12,52,,,57,A
367689040,2022-01-02T15:20:54,31.01854,-91.59148,6.5,63.0,62.0,RICK CALHOUN,,WDI3506,31,12,52,,,57,A
367689040,2022-01-02T14:39:44,30.98657,-91.65985,5.6,32.0,39.0,RICK CALHOUN,,WDI3506,31,12,52,,,57,A
367689040,2022-01-02T14:32:34,30.97638,-91.66343,5.7,6.0,9.0,RICK CALHOUN,,WDI3506,31,12,52,,,57,A
367689040,2022-01-02T14:33:44,30.97820,-91.66311,5.6,9.0,11.0,RICK CALHOUN,,WDI3506,31,12,52,,,57,A
367689040,2022-01-02T15:25:25,31.02262,-91.58332,6.5,59.0,58.0,RICK CALHOUN,,WDI3506,31,12,52,,,57,A
367689040,2022-01-02T14:52:34,31.00056,-91.64298,5.6,52.2,61.0,RICK CALHOUN,,WDI3506,31,12,52,,,57,A
367689040,2022-01-02T15:22:04,31.01951,-91.58933,6.4,59.0,59.0,RICK CALHOUN,,WDI3506,31,12,52,,,57,A
367689040,2022-01-02T15:23:05,31.02044,-91.58750,6.5,57.0,59.0,RICK CALHOUN,,WDI3506,31,12,52,,,57,A
367689040,2022-01-02T14:54:54,31.00254,-91.63940,5.7,59.0,63.0,RICK CALHOUN,,WDI3506,31,12,52,,,57,A
367689040,2022-01-02T14:56:04,31.00351,-91.63755,5.8,57.0,65.0,RICK CALHOUN,,WDI3506,31,12,52,,,57,A
367689040,2022-01-02T14:49:05,30.99707,-91.64774,5.6,50.0,50.0,RICK CALHOUN,,WDI3506,31,12,52,,,57,A
367689040,2022-01-02T15:03:25,31.00861,-91.62484,6.0,65.2,71.0,RICK CALHOUN,,WDI3506,31,12,52,,,57,A
367689040,2022-01-02T14:45:35,30.99345,-91.65251,5.7,46.0,46.0,RICK CALHOUN,,WDI3506,31,12,52,,,57,A
367689040,2022-01-02T15:06:55,31.01052,-91.61829,6.2,75.0,76.0,RICK CALHOUN,,WDI3506,31,12,52,,,57,A
367689040,2022-01-02T15:28:54,31.02598,-91.57726,6.2,51.0,51.0,RICK CALHOUN,,WDI3506,31,12,52,,,57,A
367689040,2022-01-02T15:08:06,31.01097,-91.61599,6.2,77.0,76.0,RICK CALHOUN,,WDI3506,31,12,52,,,57,A
367689040,2022-01-02T15:33:35,31.03116,-91.57044,5.9,39.0,34.0,RICK CALHOUN,,WDI3506,31,12,52,,,57,A
367689040,2022-01-02T14:51:25,30.99942,-91.64462,5.6,48.0,56.0,RICK CALHOUN,,WDI3506,31,12,52,,,57,A
367689040,2022-01-02T15:47:24,31.05170,-91.56065,5.9,13.0,6.0,RICK CALHOUN,,WDI3506,31,12,52,,,57,A
367689040,2022-01-02T15:48:35,31.05354,-91.56014,5.9,11.0,2.0,RICK CALHOUN,,WDI3506,31,12,52,,,57,A
367689040,2022-01-02T15:41:34,31.04270,-91.56325,5.8,21.4,14.0,RICK CALHOUN,,WDI3506,31,12,52,,,57,A
367689040,2022-01-02T06:47:54,30.66408,-91.34121,5.1,319.0,333.0,RICK CALHOUN,,WDI3506,31,12,52,,,57,A
367689040,2022-01-02T15:15:04,31.01438,-91.60258,6.3,68.0,69.0,RICK CALHOUN,,WDI3506,31,12,52,,,57,A
367689040,2022-01-02T15:52:06,31.05926,-91.55911,5.8,2.0,345.0,RICK CALHOUN,,WDI3506,31,12,52,,,57,A
367689040,2022-01-02T15:16:15,31.01516,-91.60035,6.4,68.0,69.0,RICK CALHOUN,,WDI3506,31,12,52,,,57,A
367689040,2022-01-02T15:18:35,31.01674,-91.59585,6.4,67.0,65.0,RICK CALHOUN,,WDI3506,31,12,52,,,57,A
367689040,2022-01-02T15:11:35,31.01243,-91.60927,6.2,72.0,72.0,RICK CALHOUN,,WDI3506,31,12,52,,,57,A
367689040,2022-01-02T15:04:34,31.00937,-91.62273,6.1,69.0,75.0,RICK CALHOUN,,WDI3506,31,12,52,,,57,A
367689040,2022-01-02T15:13:56,31.01369,-91.60474,6.3,71.0,70.0,RICK CALHOUN,,WDI3506,31,12,52,,,57,A
367689040,2022-01-02T15:24:15,31.02155,-91.58539,6.5,57.0,59.0,RICK CALHOUN,,WDI3506,31,12,52,,,57,A
367689040,2022-01-02T15:26:35,31.02368,-91.58117,6.4,59.9,56.0,RICK CALHOUN,,WDI3506,31,12,52,,,57,A
367689040,2022-01-02T16:02:44,31.07345,-91.56874,6.1,310.0,311.0,RICK CALHOUN,,WDI3506,31,12,52,,,57,A
367689040,2022-01-02T15:56:44,31.06615,-91.56131,5.7,332.0,323.0,RICK CALHOUN,,WDI3506,31,12,52,,,57,A
367689040,2022-01-02T15:50:54,31.05736,-91.55929,5.9,6.0,353.0,RICK CALHOUN,,WDI3506,31,12,52,,,57,A
367689040,2022-01-02T15:27:45,31.02481,-91.57914,6.3,55.9,53.0,RICK CALHOUN,,WDI3506,31,12,52,,,57,A
367689040,2022-01-02T15:31:05,31.02827,-91.57380,6.1,53.4,44.0,RICK CALHOUN,,WDI3506,31,12,52,,,57,A
367689040,2022-01-02T15:32:25,31.02974,-91.57187,5.9,44.0,38.0,RICK CALHOUN,,WDI3506,31,12,52,,,57,A
367689040,2022-01-02T16:06:16,31.07743,-91.57397,6.1,307.0,304.0,RICK CALHOUN,,WDI3506,31,12,52,,,57,A
367689040,2022-01-02T16:00:24,31.07088,-91.56541,5.9,316.3,312.0,RICK CALHOUN,,WDI3506,31,12,52,,,57,A
367689040,2022-01-02T16:10:55,31.08214,-91.58159,6.4,307.0,308.0,RICK CALHOUN,,WDI3506,31,12,52,,,57,A
367689040,2022-01-02T15:37:35,31.03674,-91.56638,6.0,32.0,24.0,RICK CALHOUN,,WDI3506,31,12,52,,,57,A
367689040,2022-01-02T16:12:05,31.08348,-91.58345,6.5,309.0,308.0,RICK CALHOUN,,WDI3506,31,12,52,,,57,A
367689040,2022-01-02T15:36:25,31.03503,-91.56753,6.0,27.8,27.0,RICK CALHOUN,,WDI3506,31,12,52,,,57,A
367689040,2022-01-02T15:40:25,31.04094,-91.56407,5.9,23.0,17.0,RICK CALHOUN,,WDI3506,31,12,52,,,57,A
367689040,2022-01-02T15:19:45,31.01762,-91.59365,6.5,63.0,63.0,RICK CALHOUN,,WDI3506,31,12,52,,,57,A
367689040,2022-01-02T16:03:54,31.07480,-91.57039,6.1,313.6,309.0,RICK CALHOUN,,WDI3506,31,12,52,,,57,A
367689040,2022-01-02T16:13:14,31.08482,-91.58538,6.7,307.0,309.0,RICK CALHOUN,,WDI3506,31,12,52,,,57,A
367689040,2022-01-02T16:09:45,31.08087,-91.57969,6.3,307.0,307.0,RICK CALHOUN,,WDI3506,31,12,52,,,57,A
367689040,2022-01-02T15:49:45,31.05546,-91.55962,5.9,10.0,357.0,RICK CALHOUN,,WDI3506,31,12,52,,,57,A
367689040,2022-01-02T16:17:54,31.09101,-91.59303,7.2,315.8,312.0,RICK CALHOUN,,WDI3506,31,12,52,,,57,A
367689040,2022-01-02T15:30:04,31.02724,-91.57543,6.2,52.0,50.0,RICK CALHOUN,,WDI3506,31,12,52,,,57,A
367689040,2022-01-02T16:20:15,31.09430,-91.59700,7.3,313.0,309.0,RICK CALHOUN,,WDI3506,31,12,52,,,57,A
367689040,2022-01-02T16:25:15,31.10064,-91.60613,6.9,306.0,308.0,RICK CALHOUN,,WDI3506,31,12,52,,,57,A
367689040,2022-01-02T15:54:24,31.06284,-91.55961,5.5,342.0,331.0,RICK CALHOUN,,WDI3506,31,12,52,,,57,A
367689040,2022-01-02T15:42:45,31.04449,-91.56255,5.6,15.0,9.0,RICK CALHOUN,,WDI3506,31,12,52,,,57,A
367689040,2022-01-02T15:35:04,31.03312,-91.56887,5.8,32.5,30.0,RICK CALHOUN,,WDI3506,31,12,52,,,57,A
367689040,2022-01-02T15:45:06,31.04802,-91.56163,5.7,12.0,9.0,RICK CALHOUN,,WDI3506,31,12,52,,,57,A
367689040,2022-01-02T15:38:45,31.03844,-91.56540,5.9,25.0,21.0,RICK CALHOUN,,WDI3506,31,12,52,,,57,A
367689040,2022-01-02T16:21:24,31.09587,-91.59908,7.4,309.7,308.0,RICK CALHOUN,,WDI3506,31,12,52,,,57,A
367689040,2022-01-02T16:01:36,31.07224,-91.56700,5.9,311.0,309.0,RICK CALHOUN,,WDI3506,31,12,52,,,57,A
367689040,2022-01-02T16:35:56,31.11293,-91.62166,5.7,322.0,334.0,RICK CALHOUN,,WDI3506,31,12,52,,,57,A
367689040,2022-01-02T15:43:56,31.04623,-91.56209,5.6,11.0,9.0,RICK CALHOUN,,WDI3506,31,12,52,,,57,A
367689040,2022-01-02T15:53:15,31.06111,-91.55917,5.6,354.0,338.0,RICK CALHOUN,,WDI3506,31,12,52,,,57,A
367689040,2022-01-02T16:05:05,31.07614,-91.57217,6.1,309.0,306.0,RICK CALHOUN,,WDI3506,31,12,52,,,57,A
367689040,2022-01-02T16:07:26,31.07856,-91.57582,6.1,305.0,305.0,RICK CALHOUN,,WDI3506,31,12,52,,,57,A
367689040,2022-01-02T15:46:14,31.04983,-91.56120,5.8,13.0,8.0,RICK CALHOUN,,WDI3506,31,12,52,,,57,A
367689040,2022-01-02T16:28:45,31.10461,-91.61208,6.4,307.0,311.0,RICK CALHOUN,,WDI3506,31,12,52,,,57,A
367689040,2022-01-02T16:08:34,31.07966,-91.57770,6.2,303.0,305.0,RICK CALHOUN,,WDI3506,31,12,52,,,57,A
367689040,2022-01-02T16:14:25,31.08621,-91.58739,6.8,308.0,313.0,RICK CALHOUN,,WDI3506,31,12,52,,,57,A
367689040,2022-01-02T16:15:35,31.08775,-91.58930,7.0,315.0,314.0,RICK CALHOUN,,WDI3506,31,12,52,,,57,A
367689040,2022-01-02T16:37:05,31.11448,-91.62278,5.6,330.0,341.0,RICK CALHOUN,,WDI3506,31,12,52,,,57,A
367689040,2022-01-02T15:55:34,31.06454,-91.56033,5.6,337.0,326.0,RICK CALHOUN,,WDI3506,31,12,52,,,57,A
367689040,2022-01-02T16:16:45,31.08937,-91.59117,7.1,314.9,313.0,RICK CALHOUN,,WDI3506,31,12,52,,,57,A
367689040,2022-01-02T16:19:05,31.09268,-91.59498,7.3,315.2,310.0,RICK CALHOUN,,WDI3506,31,12,52,,,57,A
367689040,2022-01-02T15:57:54,31.06770,-91.56248,5.7,325.2,319.0,RICK CALHOUN,,WDI3506,31,12,52,,,57,A
367689040,2022-01-02T07:14:44,30.70959,-91.35039,6.8,356.0,354.0,RICK CALHOUN,,WDI3506,31,12,52,,,57,A
367689040,2022-01-02T15:59:05,31.06925,-91.56380,5.8,321.7,315.0,RICK CALHOUN,,WDI3506,31,12,52,,,57,A
367689040,2022-01-02T16:43:14,31.12396,-91.62580,6.0,347.0,352.0,RICK CALHOUN,,WDI3506,31,12,52,,,57,A
367689040,2022-01-02T16:44:24,31.12583,-91.62644,5.9,344.0,358.0,RICK CALHOUN,,WDI3506,31,12,52,,,57,A
367689040,2022-01-02T07:19:04,30.71763,-91.35147,6.4,348.0,343.0,RICK CALHOUN,,WDI3506,31,12,52,,,57,A
367689040,2022-01-02T16:57:45,31.14543,-91.61708,6.7,43.0,51.0,RICK CALHOUN,,WDI3506,31,12,52,,,57,A
367689040,2022-01-02T16:54:04,31.14004,-91.62223,6.7,37.6,39.0,RICK CALHOUN,,WDI3506,31,12,52,,,57,A
367689040,2022-01-02T16:51:34,31.13653,-91.62537,6.1,35.0,40.0,RICK CALHOUN,,WDI3506,31,12,52,,,57,A
367689040,2022-01-02T16:32:15,31.10846,-91.61738,5.8,312.0,321.0,RICK CALHOUN,,WDI3506,31,12,52,,,57,A
367689040,2022-01-02T16:39:34,31.11810,-91.62438,5.6,344.0,349.0,RICK CALHOUN,,WDI3506,31,12,52,,,57,A
367689040,2022-01-02T16:22:35,31.09741,-91.60129,7.3,307.0,308.0,RICK CALHOUN,,WDI3506,31,12,52,,,57,A
367689040,2022-01-02T16:23:44,31.09884,-91.60338,7.2,308.0,308.0,RICK CALHOUN,,WDI3506,31,12,52,,,57,A
367689040,2022-01-02T16:26:24,31.10195,-91.60816,6.8,307.0,310.0,RICK CALHOUN,,WDI3506,31,12,52,,,57,A
367689040,2022-01-02T16:49:14,31.13306,-91.62712,5.7,9.0,28.0,RICK CALHOUN,,WDI3506,31,12,52,,,57,A
367689040,2022-01-02T16:29:56,31.10588,-91.61394,6.2,307.0,313.0,RICK CALHOUN,,WDI3506,31,12,52,,,57,A
367689040,2022-01-02T17:11:04,31.16241,-91.59760,6.2,34.0,30.0,RICK CALHOUN,,WDI3506,31,12,52,,,57,A
367689040,2022-01-02T16:45:44,31.12786,-91.62708,5.4,349.9,7.0,RICK CALHOUN,,WDI3506,31,12,52,,,57,A
367689040,2022-01-02T16:46:54,31.12956,-91.62736,5.3,353.0,14.0,RICK CALHOUN,,WDI3506,31,12,52,,,57,A
367689040,2022-01-02T17:25:14,31.18177,-91.59009,4.9,11.0,8.0,RICK CALHOUN,,WDI3506,31,12,52,,,57,A
367689040,2022-01-02T16:31:05,31.10714,-91.61576,6.0,311.9,317.0,RICK CALHOUN,,WDI3506,31,12,52,,,57,A
367689040,2022-01-02T17:12:16,31.16396,-91.59614,5.7,35.2,21.0,RICK CALHOUN,,WDI3506,31,12,52,,,57,A
367689040,2022-01-02T17:13:26,31.16557,-91.59520,5.4,22.0,19.0,RICK CALHOUN,,WDI3506,31,12,52,,,57,A
367689040,2022-01-02T16:33:35,31.11000,-91.61905,5.6,324.0,326.0,RICK CALHOUN,,WDI3506,31,12,52,,,57,A
367689040,2022-01-02T07:30:05,30.73516,-91.35842,5.9,334.0,337.0,RICK CALHOUN,,WDI3506,31,12,52,,,57,A
367689040,2022-01-02T16:50:25,31.13492,-91.62651,5.9,22.0,38.0,RICK CALHOUN,,WDI3506,31,12,52,,,57,A
367689040,2022-01-02T17:16:55,31.17035,-91.59326,5.3,9.0,12.0,RICK CALHOUN,,WDI3506,31,12,52,,,57,A
367689040,2022-01-02T16:38:26,31.11635,-91.62377,5.6,340.0,347.0,RICK CALHOUN,,WDI3506,31,12,52,,,57,A
367689040,2022-01-02T16:56:24,31.14360,-91.61910,6.8,40.0,47.0,RICK CALHOUN,,WDI3506,31,12,52,,,57,A
367689040,2022-01-02T17:20:25,31.17523,-91.59150,5.0,13.0,11.0,RICK CALHOUN,,WDI3506,31,12,52,,,57,A
367689040,2022-01-02T16:40:45,31.11990,-91.62493,5.8,346.0,352.0,RICK CALHOUN,,WDI3506,31,12,52,,,57,A
367689040,2022-01-02T07:32:25,30.73881,-91.36002,6.0,340.0,335.0,RICK CALHOUN,,WDI3506,31,12,52,,,57,A
367689040,2022-01-02T16:42:05,31.12207,-91.62534,6.0,350.0,352.0,RICK CALHOUN,,WDI3506,31,12,52,,,57,A
367689040,2022-01-02T17:22:46,31.17839,-91.59074,4.9,12.8,9.0,RICK CALHOUN,,WDI3506,31,12,52,,,57,A
367689040,2022-01-02T17:07:34,31.15767,-91.60229,6.4,37.0,39.0,RICK CALHOUN,,WDI3506,31,12,52,,,57,A
367689040,2022-01-02T16:48:04,31.13130,-91.62737,5.4,3.6,22.0,RICK CALHOUN,,WDI3506,31,12,52,,,57,A
367689040,2022-01-02T17:05:15,31.15458,-91.60531,6.2,39.0,42.0,RICK CALHOUN,,WDI3506,31,12,52,,,57,A
367689040,2022-01-02T17:44:25,31.20475,-91.59228,4.3,343.7,326.0,RICK CALHOUN,,WDI3506,31,12,52,,,57,A
367689040,2022-01-02T17:36:15,31.19509,-91.59014,4.3,352.0,345.0,RICK CALHOUN,,WDI3506,31,12,52,,,57,A
367689040,2022-01-02T17:28:55,31.18641,-91.58910,4.4,7.0,356.0,RICK CALHOUN,,WDI3506,31,12,52,,,57,A
367689040,2022-01-02T17:09:54,31.16082,-91.59899,6.5,44.0,33.0,RICK CALHOUN,,WDI3506,31,12,52,,,57,A
367689040,2022-01-02T17:32:26,31.19044,-91.58954,4.3,353.0,350.0,RICK CALHOUN,,WDI3506,31,12,52,,,57,A
367689040,2022-01-02T07:39:24,30.74893,-91.36585,5.6,326.0,321.0,RICK CALHOUN,,WDI3506,31,12,52,,,57,A
367689040,2022-01-02T16:52:54,31.13842,-91.62371,6.4,38.0,40.0,RICK CALHOUN,,WDI3506,31,12,52,,,57,A
367689040,2022-01-02T17:41:04,31.20086,-91.59126,4.4,350.0,338.0,RICK CALHOUN,,WDI3506,31,12,52,,,57,A
367689040,2022-01-02T17:50:26,31.21066,-91.59737,5.0,324.0,313.0,RICK CALHOUN,,WDI3506,31,12,52,,,57,A
367689040,2022-01-02T07:42:05,30.75219,-91.36865,5.3,317.0,309.0,RICK CALHOUN,,WDI3506,31,12,52,,,57,A
367689040,2022-01-02T17:38:35,31.19788,-91.59068,4.4,355.0,342.0,RICK CALHOUN,,WDI3506,31,12,52,,,57,A
367689040,2022-01-02T17:15:45,31.16871,-91.59379,5.2,18.6,13.0,RICK CALHOUN,,WDI3506,31,12,52,,,57,A
367689040,2022-01-02T17:55:26,31.21545,-91.60351,5.4,308.0,306.0,RICK CALHOUN,,WDI3506,31,12,52,,,57,A
367689040,2022-01-02T16:58:54,31.14688,-91.61521,6.7,48.0,52.0,RICK CALHOUN,,WDI3506,31,12,52,,,57,A
367689040,2022-01-02T07:46:45,30.75630,-91.37481,5.1,293.0,288.0,RICK CALHOUN,,WDI3506,31,12,52,,,57,A
367689040,2022-01-02T17:06:24,31.15614,-91.60381,6.2,41.0,42.0,RICK CALHOUN,,WDI3506,31,12,52,,,57,A
367689040,2022-01-02T17:23:55,31.17997,-91.59046,4.9,11.0,9.0,RICK CALHOUN,,WDI3506,31,12,52,,,57,A
367689040,2022-01-02T18:02:34,31.22135,-91.61327,3.5,302.0,300.0,RICK CALHOUN,,WDI3506,31,12,52,,,57,A
367689040,2022-01-02T17:08:44,31.15930,-91.60073,6.6,39.0,37.0,RICK CALHOUN,,WDI3506,31,12,52,,,57,A
367689040,2022-01-02T17:49:15,31.20939,-91.59625,4.7,318.0,317.0,RICK CALHOUN,,WDI3506,31,12,52,,,57,A
367689040,2022-01-02T17:54:15,31.21434,-91.60194,5.2,308.0,307.0,RICK CALHOUN,,WDI3506,31,12,52,,,57,A
367689040,2022-01-02T17:14:35,31.16710,-91.59435,5.1,19.0,13.0,RICK CALHOUN,,WDI3506,31,12,52,,,57,A
367689040,2022-01-02T17:33:34,31.19182,-91.58975,4.4,354.5,349.0,RICK CALHOUN,,WDI3506,31,12,52,,,57,A
367689040,2022-01-02T17:56:35,31.21656,-91.60514,5.6,308.0,304.0,RICK CALHOUN,,WDI3506,31,12,52,,,57,A
367689040,2022-01-02T17:58:54,31.21869,-91.60863,5.8,304.0,301.0,RICK CALHOUN,,WDI3506,31,12,52,,,57,A
367689040,2022-01-02T18:01:25,31.22074,-91.61207,4.1,299.0,299.0,RICK CALHOUN,,WDI3506,31,12,52,,,57,A
367689040,2022-01-02T17:43:15,31.20342,-91.59192,4.2,343.9,332.0,RICK CALHOUN,,WDI3506,31,12,52,,,57,A
367689040,2022-01-02T17:27:46,31.18499,-91.58919,4.4,4.0,359.0,RICK CALHOUN,,WDI3506,31,12,52,,,57,A
367689040,2022-01-02T17:45:34,31.20608,-91.59280,4.3,336.0,320.0,RICK CALHOUN,,WDI3506,31,12,52,,,57,A
367689040,2022-01-02T18:23:05,31.22480,-91.62115,0.3,207.0,296.0,RICK CALHOUN,,WDI3506,31,12,52,,,57,A
367689040,2022-01-02T17:48:05,31.20830,-91.59503,4.4,315.0,317.0,RICK CALHOUN,,WDI3506,31,12,52,,,57,A
367689040,2022-01-02T17:31:16,31.18908,-91.58931,4.1,351.0,351.0,RICK CALHOUN,,WDI3506,31,12,52,,,57,A
367689040,2022-01-02T18:24:25,31.22468,-91.62114,0.4,171.3,298.0,RICK CALHOUN,,WDI3506,31,12,52,,,57,A
367689040,2022-01-02T17:35:04,31.19367,-91.58989,4.4,354.0,347.0,RICK CALHOUN,,WDI3506,31,12,52,,,57,A
367689040,2022-01-02T18:31:25,31.22460,-91.62130,0.5,307.8,297.0,RICK CALHOUN,,WDI3506,31,12,52,,,57,A
367689040,2022-01-02T17:39:45,31.19930,-91.59091,4.4,351.0,340.0,RICK CALHOUN,,WDI3506,31,12,52,,,57,A
367689040,2022-01-02T18:19:35,31.22475,-91.62086,0.6,345.0,298.0,RICK CALHOUN,,WDI3506,31,12,52,,,57,A
367689040,2022-01-02T18:40:55,31.22796,-91.62824,6.2,297.2,298.0,RICK CALHOUN,,WDI3506,31,12,52,,,57,A
367689040,2022-01-02T18:04:54,31.22247,-91.61508,2.7,302.0,296.0,RICK CALHOUN,,WDI3506,31,12,52,,,57,A
367689040,2022-01-02T17:51:44,31.21203,-91.59877,5.1,315.0,309.0,RICK CALHOUN,,WDI3506,31,12,52,,,57,A
367689040,2022-01-02T18:00:16,31.21994,-91.61068,5.2,305.0,301.0,RICK CALHOUN,,WDI3506,31,12,52,,,57,A
367689040,2022-01-02T17:53:05,31.21326,-91.60042,5.1,310.0,308.0,RICK CALHOUN,,WDI3506,31,12,52,,,57,A
367689040,2022-01-02T18:07:16,31.22322,-91.61672,2.3,295.0,295.0,RICK CALHOUN,,WDI3506,31,12,52,,,57,A
367689040,2022-01-02T18:45:46,31.23212,-91.63747,6.6,295.0,300.0,RICK CALHOUN,,WDI3506,31,12,52,,,57,A
367689040,2022-01-02T18:06:05,31.22289,-91.61593,2.4,298.0,295.0,RICK CALHOUN,,WDI3506,31,12,52,,,57,A
367689040,2022-01-02T18:10:15,31.22398,-91.61856,1.8,295.7,295.0,RICK CALHOUN,,WDI3506,31,12,52,,,57,A
367689040,2022-01-02T18:12:34,31.22433,-91.61961,1.3,286.6,296.0,RICK CALHOUN,,WDI3506,31,12,52,,,57,A
367689040,2022-01-02T18:11:24,31.22419,-91.61909,1.5,291.2,295.0,RICK CALHOUN,,WDI3506,31,12,52,,,57,A
367689040,2022-01-02T18:37:25,31.22561,-91.62301,3.6,306.0,297.0,RICK CALHOUN,,WDI3506,31,12,52,,,57,A
367689040,2022-01-02T18:03:44,31.22197,-91.61423,3.0,306.0,298.0,RICK CALHOUN,,WDI3506,31,12,52,,,57,A
367689040,2022-01-02T18:42:05,31.22892,-91.63041,6.5,298.0,299.0,RICK CALHOUN,,WDI3506,31,12,52,,,57,A
367689040,2022-01-02T18:58:44,31.24452,-91.65291,4.4,334.0,346.0,RICK CALHOUN,,WDI3506,31,12,52,,,57,A
367689040,2022-01-02T18:59:54,31.24584,-91.65328,4.2,352.0,350.0,RICK CALHOUN,,WDI3506,31,12,52,,,57,A
367689040,2022-01-02T18:18:24,31.22460,-91.62082,0.4,333.0,300.0,RICK CALHOUN,,WDI3506,31,12,52,,,57,A
367689040,2022-01-02T18:26:44,31.22440,-91.62108,0.3,161.0,300.0,RICK CALHOUN,,WDI3506,31,12,52,,,57,A
367689040,2022-01-02T18:09:05,31.22370,-91.61787,2.1,296.6,295.0,RICK CALHOUN,,WDI3506,31,12,52,,,57,A
367689040,2022-01-02T19:03:04,31.24968,-91.65404,4.5,352.0,358.0,RICK CALHOUN,,WDI3506,31,12,52,,,57,A
367689040,2022-01-02T18:46:54,31.23295,-91.63959,6.3,295.0,304.0,RICK CALHOUN,,WDI3506,31,12,52,,,57,A
367689040,2022-01-02T18:14:54,31.22447,-91.62030,0.7,280.9,299.0,RICK CALHOUN,,WDI3506,31,12,52,,,57,A
367689040,2022-01-02T18:51:55,31.23721,-91.64659,4.8,316.0,322.0,RICK CALHOUN,,WDI3506,31,12,52,,,57,A
367689040,2022-01-02T08:07:54,30.75237,-91.41021,5.5,242.0,241.0,RICK CALHOUN,,WDI3506,31,12,52,,,57,A
367689040,2022-01-02T18:29:04,31.22439,-91.62112,0.2,290.0,300.0,RICK CALHOUN,,WDI3506,31,12,52,,,57,A
367689040,2022-01-02T18:30:14,31.22447,-91.62117,0.5,339.0,300.0,RICK CALHOUN,,WDI3506,31,12,52,,,57,A
367689040,2022-01-02T18:35:05,31.22484,-91.62175,0.8,298.0,299.0,RICK CALHOUN,,WDI3506,31,12,52,,,57,A
367689040,2022-01-02T18:17:16,31.22452,-91.62071,0.4,278.0,301.0,RICK CALHOUN,,WDI3506,31,12,52,,,57,A
367689040,2022-01-02T18:21:54,31.22486,-91.62107,0.4,248.0,295.0,RICK CALHOUN,,WDI3506,31,12,52,,,57,A
367689040,2022-01-02T18:33:55,31.22471,-91.62156,0.5,329.4,299.0,RICK CALHOUN,,WDI3506,31,12,52,,,57,A
367689040,2022-01-02T18:20:45,31.22487,-91.62092,0.3,303.0,295.0,RICK CALHOUN,,WDI3506,31,12,52,,,57,A
367689040,2022-01-02T18:55:15,31.24083,-91.64972,5.1,314.0,326.0,RICK CALHOUN,,WDI3506,31,12,52,,,57,A
367689040,2022-01-02T18:39:46,31.22707,-91.62623,5.7,298.0,298.0,RICK CALHOUN,,WDI3506,31,12,52,,,57,A
367689040,2022-01-02T19:20:14,31.26971,-91.64351,4.7,49.0,79.0,RICK CALHOUN,,WDI3506,31,12,52,,,57,A
367689040,2022-01-02T18:25:34,31.22453,-91.62111,0.4,166.0,299.0,RICK CALHOUN,,WDI3506,31,12,52,,,57,A
367689040,2022-01-02T18:49:25,31.23498,-91.64360,5.2,306.0,316.0,RICK CALHOUN,,WDI3506,31,12,52,,,57,A
367689040,2022-01-02T18:43:15,31.22996,-91.63259,6.7,296.7,298.0,RICK CALHOUN,,WDI3506,31,12,52,,,57,A
367689040,2022-01-02T18:27:54,31.22438,-91.62107,0.0,130.0,300.0,RICK CALHOUN,,WDI3506,31,12,52,,,57,A
367689040,2022-01-02T19:05:24,31.25277,-91.65437,5.0,351.0,10.0,RICK CALHOUN,,WDI3506,31,12,52,,,57,A
367689040,2022-01-02T19:10:24,31.25973,-91.65263,5.3,18.0,31.0,RICK CALHOUN,,WDI3506,31,12,52,,,57,A
367689040,2022-01-02T19:06:45,31.25455,-91.65412,4.8,11.0,16.0,RICK CALHOUN,,WDI3506,31,12,52,,,57,A
367689040,2022-01-02T19:28:54,31.26981,-91.62986,5.4,105.0,105.0,RICK CALHOUN,,WDI3506,31,12,52,,,57,A
367689040,2022-01-02T18:32:35,31.22464,-91.62142,0.4,280.0,298.0,RICK CALHOUN,,WDI3506,31,12,52,,,57,A
367689040,2022-01-02T08:14:04,30.74775,-91.41967,5.7,230.7,242.0,RICK CALHOUN,,WDI3506,31,12,52,,,57,A
367689040,2022-01-02T18:56:24,31.24198,-91.65112,5.0,317.3,336.0,RICK CALHOUN,,WDI3506,31,12,52,,,57,A
367689040,2022-01-02T19:13:06,31.26281,-91.65072,4.4,46.8,48.0,RICK CALHOUN,,WDI3506,31,12,52,,,57,A
367689040,2022-01-02T19:09:05,31.25778,-91.65318,5.4,13.0,22.0,RICK CALHOUN,,WDI3506,31,12,52,,,57,A
367689040,2022-01-02T19:14:14,31.26380,-91.64951,4.7,48.1,49.0,RICK CALHOUN,,WDI3506,31,12,52,,,57,A
367689040,2022-01-02T18:50:54,31.23635,-91.64542,4.9,307.0,317.0,RICK CALHOUN,,WDI3506,31,12,52,,,57,A
367689040,2022-01-02T18:54:05,31.23954,-91.64865,4.9,328.2,326.0,RICK CALHOUN,,WDI3506,31,12,52,,,57,A
367689040,2022-01-02T19:35:35,31.26726,-91.61877,5.2,100.0,103.0,RICK CALHOUN,,WDI3506,31,12,52,,,57,A
367689040,2022-01-02T18:38:35,31.22626,-91.62448,4.8,294.0,298.0,RICK CALHOUN,,WDI3506,31,12,52,,,57,A
367689040,2022-01-02T18:48:14,31.23405,-91.64181,5.7,299.0,308.0,RICK CALHOUN,,WDI3506,31,12,52,,,57,A
367689040,2022-01-02T19:21:15,31.27031,-91.64219,4.3,74.0,88.0,RICK CALHOUN,,WDI3506,31,12,52,,,57,A
367689040,2022-01-02T19:40:25,31.26625,-91.61070,5.3,99.7,102.0,RICK CALHOUN,,WDI3506,31,12,52,,,57,A
367689040,2022-01-02T19:25:24,31.27057,-91.63582,5.1,94.0,97.0,RICK CALHOUN,,WDI3506,31,12,52,,,57,A
367689040,2022-01-02T19:04:14,31.25116,-91.65417,4.7,357.5,3.0,RICK CALHOUN,,WDI3506,31,12,52,,,57,A
367689040,2022-01-02T19:07:54,31.25610,-91.65373,5.1,16.0,20.0,RICK CALHOUN,,WDI3506,31,12,52,,,57,A
367689040,2022-01-02T19:30:04,31.26927,-91.62792,5.5,111.0,105.0,RICK CALHOUN,,WDI3506,31,12,52,,,57,A
367689040,2022-01-02T08:22:36,30.74124,-91.43377,5.7,243.0,245.0,RICK CALHOUN,,WDI3506,31,12,52,,,57,A
367689040,2022-01-02T19:01:34,31.24783,-91.65369,4.4,349.0,352.0,RICK CALHOUN,,WDI3506,31,12,52,,,57,A
367689040,2022-01-02T19:17:54,31.26744,-91.64583,4.8,36.1,56.0,RICK CALHOUN,,WDI3506,31,12,52,,,57,A
367689040,2022-01-02T19:15:25,31.26486,-91.64817,4.7,43.0,48.0,RICK CALHOUN,,WDI3506,31,12,52,,,57,A
367689040,2022-01-02T18:57:34,31.24326,-91.65203,4.5,332.6,339.0,RICK CALHOUN,,WDI3506,31,12,52,,,57,A
367689040,2022-01-02T19:59:54,31.26007,-91.57590,5.0,92.0,90.0,RICK CALHOUN,,WDI3506,31,12,52,,,57,A
367689040,2022-01-02T08:26:05,30.73913,-91.43920,5.0,252.5,252.0,RICK CALHOUN,,WDI3506,31,12,52,,,57,A
367689040,2022-01-02T19:45:15,31.26502,-91.60209,5.8,100.0,105.0,RICK CALHOUN,,WDI3506,31,12,52,,,57,A
367689040,2022-01-02T19:41:45,31.26593,-91.60837,5.5,98.0,102.0,RICK CALHOUN,,WDI3506,31,12,52,,,57,A
367689040,2022-01-02T20:06:15,31.25980,-91.56628,4.6,88.0,89.0,RICK CALHOUN,,WDI3506,31,12,52,,,57,A
367689040,2022-01-02T19:50:15,31.26310,-91.59294,5.8,115.0,107.0,RICK CALHOUN,,WDI3506,31,12,52,,,57,A
367689040,2022-01-02T19:27:45,31.27023,-91.63181,5.4,101.0,104.0,RICK CALHOUN,,WDI3506,31,12,52,,,57,A
367689040,2022-01-02T19:19:05,31.26875,-91.64478,4.7,41.4,69.0,RICK CALHOUN,,WDI3506,31,12,52,,,57,A
367689040,2022-01-02T19:49:05,31.26365,-91.59506,5.8,102.0,106.0,RICK CALHOUN,,WDI3506,31,12,52,,,57,A
367689040,2022-01-02T19:24:15,31.27063,-91.63768,5.1,81.0,93.0,RICK CALHOUN,,WDI3506,31,12,52,,,57,A
367689040,2022-01-02T19:26:36,31.27047,-91.63382,5.3,95.0,100.0,RICK CALHOUN,,WDI3506,31,12,52,,,57,A
367689040,2022-01-02T20:08:34,31.25986,-91.56284,4.6,86.0,90.0,RICK CALHOUN,,WDI3506,31,12,52,,,57,A
367689040,2022-01-02T19:42:55,31.26564,-91.60631,5.6,97.0,102.0,RICK CALHOUN,,WDI3506,31,12,52,,,57,A
367689040,2022-01-02T19:47:45,31.26419,-91.59752,5.9,97.0,106.0,RICK CALHOUN,,WDI3506,31,12,52,,,57,A
367689040,2022-01-02T19:32:34,31.26818,-91.62373,5.3,99.0,103.0,RICK CALHOUN,,WDI3506,31,12,52,,,57,A
367689040,2022-01-02T19:51:24,31.26256,-91.59089,5.8,104.0,104.0,RICK CALHOUN,,WDI3506,31,12,52,,,57,A
367689040,2022-01-02T19:34:04,31.26769,-91.62128,5.2,102.0,103.0,RICK CALHOUN,,WDI3506,31,12,52,,,57,A
367689040,2022-01-02T08:42:05,30.73864,-91.46230,4.2,295.0,297.0,RICK CALHOUN,,WDI3506,31,12,52,,,57,A
367689040,2022-01-02T20:35:35,31.26949,-91.52750,4.5,37.0,38.0,RICK CALHOUN,,WDI3506,31,12,52,,,57,A
367689040,2022-01-02T19:54:44,31.26124,-91.58490,5.7,105.0,99.0,RICK CALHOUN,,WDI3506,31,12,52,,,57,A
367689040,2022-01-02T19:39:15,31.26646,-91.61266,5.3,94.0,101.0,RICK CALHOUN,,WDI3506,31,12,52,,,57,A
367689040,2022-01-02T19:57:06,31.26054,-91.58069,5.6,103.8,93.0,RICK CALHOUN,,WDI3506,31,12,52,,,57,A
367689040,2022-01-02T20:21:45,31.26109,-91.54336,4.7,75.0,72.0,RICK CALHOUN,,WDI3506,31,12,52,,,57,A
367689040,2022-01-02T20:22:55,31.26138,-91.54164,4.5,72.0,67.0,RICK CALHOUN,,WDI3506,31,12,52,,,57,A
367689040,2022-01-02T19:44:04,31.26537,-91.60424,5.7,101.1,105.0,RICK CALHOUN,,WDI3506,31,12,52,,,57,A
367689040,2022-01-02T20:44:24,31.27818,-91.52030,4.2,27.1,16.0,RICK CALHOUN,,WDI3506,31,12,52,,,57,A
367689040,2022-01-02T20:03:55,31.25978,-91.56975,4.6,93.0,89.0,RICK CALHOUN,,WDI3506,31,12,52,,,57,A
367689040,2022-01-02T20:17:34,31.25999,-91.54939,4.4,79.0,78.0,RICK CALHOUN,,WDI3506,31,12,52,,,57,A
367689040,2022-01-02T20:28:24,31.26363,-91.53444,4.0,56.0,52.0,RICK CALHOUN,,WDI3506,31,12,52,,,57,A
367689040,2022-01-02T19:52:26,31.26211,-91.58902,5.8,102.0,103.0,RICK CALHOUN,,WDI3506,31,12,52,,,57,A
367689040,2022-01-02T20:07:24,31.25982,-91.56460,4.6,88.0,89.0,RICK CALHOUN,,WDI3506,31,12,52,,,57,A
367689040,2022-01-02T20:50:34,31.28537,-91.51867,4.8,3.6,11.0,RICK CALHOUN,,WDI3506,31,12,52,,,57,A
367689040,2022-01-02T19:53:34,31.26166,-91.58700,5.7,102.0,101.0,RICK CALHOUN,,WDI3506,31,12,52,,,57,A
367689040,2022-01-02T20:26:05,31.26247,-91.53722,4.3,68.0,59.0,RICK CALHOUN,,WDI3506,31,12,52,,,57,A
367689040,2022-01-02T20:02:05,31.25988,-91.57253,4.8,92.1,89.0,RICK CALHOUN,,WDI3506,31,12,52,,,57,A
367689040,2022-01-02T20:12:15,31.25991,-91.55728,4.7,91.0,90.0,RICK CALHOUN,,WDI3506,31,12,52,,,57,A
367689040,2022-01-02T19:55:54,31.26090,-91.58279,5.7,99.0,96.0,RICK CALHOUN,,WDI3506,31,12,52,,,57,A
367689040,2022-01-02T20:39:33,31.27337,-91.52397,4.4,32.0,29.0,RICK CALHOUN,,WDI3506,31,12,52,,,57,A
367689040,2022-01-02T08:49:15,30.74271,-91.47039,3.9,291.0,292.0,RICK CALHOUN,,WDI3506,31,12,52,,,57,A
367689040,2022-01-02T08:50:24,30.74319,-91.47174,4.0,292.0,291.0,RICK CALHOUN,,WDI3506,31,12,52,,,57,A
367689040,2022-01-02T19:58:36,31.26026,-91.57810,5.3,99.0,91.0,RICK CALHOUN,,WDI3506,31,12,52,,,57,A
367689040,2022-01-02T20:37:14,31.27108,-91.52600,4.5,39.0,35.0,RICK CALHOUN,,WDI3506,31,12,52,,,57,A
367689040,2022-01-02T08:51:34,30.74367,-91.47318,4.1,292.0,290.0,RICK CALHOUN,,WDI3506,31,12,52,,,57,A
367689040,2022-01-02T20:27:15,31.26302,-91.53580,4.1,63.0,56.0,RICK CALHOUN,,WDI3506,31,12,52,,,57,A
367689040,2022-01-02T20:24:34,31.26195,-91.53931,4.5,69.0,64.0,RICK CALHOUN,,WDI3506,31,12,52,,,57,A
367689040,2022-01-02T20:43:13,31.27693,-91.52102,4.2,32.4,18.0,RICK CALHOUN,,WDI3506,31,12,52,,,57,A
367689040,2022-01-02T20:34:05,31.26803,-91.52884,4.4,35.0,39.0,RICK CALHOUN,,WDI3506,31,12,52,,,57,A
367689040,2022-01-02T20:57:53,31.29522,-91.51682,5.0,7.7,11.0,RICK CALHOUN,,WDI3506,31,12,52,,,57,A
367689040,2022-01-02T20:38:24,31.27224,-91.52497,4.4,38.0,33.0,RICK CALHOUN,,WDI3506,31,12,52,,,57,A
367689040,2022-01-02T08:58:24,30.74586,-91.48260,4.8,276.0,274.0,RICK CALHOUN,,WDI3506,31,12,52,,,57,A
367689040,2022-01-02T21:21:54,31.31769,-91.51237,1.1,5.0,12.0,RICK CALHOUN,,WDI3506,31,12,52,,,57,A
367689040,2022-01-02T20:30:54,31.26525,-91.53182,4.1,47.1,44.0,RICK CALHOUN,,WDI3506,31,12,52,,,57,A
367689040,2022-01-02T20:42:03,31.27583,-91.52200,4.2,32.0,24.0,RICK CALHOUN,,WDI3506,31,12,52,,,57,A
367689040,2022-01-02T21:06:25,31.30709,-91.51429,5.2,8.0,9.0,RICK CALHOUN,,WDI3506,31,12,52,,,57,A
367689040,2022-01-02T21:07:45,31.30898,-91.51394,5.2,10.0,9.0,RICK CALHOUN,,WDI3506,31,12,52,,,57,A
367689040,2022-01-02T20:45:55,31.27978,-91.51952,4.2,23.0,12.0,RICK CALHOUN,,WDI3506,31,12,52,,,57,A
367689040,2022-01-02T20:55:34,31.29203,-91.51748,4.9,8.0,10.0,RICK CALHOUN,,WDI3506,31,12,52,,,57,A
367689040,2022-01-02T20:29:36,31.26434,-91.53311,4.1,58.0,48.0,RICK CALHOUN,,WDI3506,31,12,52,,,57,A
367689040,2022-01-02T21:09:03,31.31088,-91.51374,5.2,6.0,10.0,RICK CALHOUN,,WDI3506,31,12,52,,,57,A
367689040,2022-01-02T21:15:03,31.31528,-91.51288,1.6,13.0,12.0,RICK CALHOUN,,WDI3506,31,12,52,,,57,A
367689040,2022-01-02T20:48:14,31.28240,-91.51893,4.3,7.0,9.0,RICK CALHOUN,,WDI3506,31,12,52,,,57,A
367689040,2022-01-02T21:02:53,31.30216,-91.51537,5.1,7.0,11.0,RICK CALHOUN,,WDI3506,31,12,52,,,57,A
367689040,2022-01-02T21:04:05,31.30379,-91.51500,5.1,9.5,10.0,RICK CALHOUN,,WDI3506,31,12,52,,,57,A
367689040,2022-01-02T21:39:54,31.31842,-91.51159,0.3,312.3,9.0,RICK CALHOUN,,WDI3506,31,12,52,,,57,A
367689040,2022-01-02T21:01:45,31.30054,-91.51563,5.1,7.0,10.0,RICK CALHOUN,,WDI3506,31,12,52,,,57,A
367689040,2022-01-02T21:26:34,31.31834,-91.51203,0.2,106.0,10.0,RICK CALHOUN,,WDI3506,31,12,52,,,57,A
367689040,2022-01-02T21:43:34,31.31867,-91.51139,0.4,36.0,7.0,RICK CALHOUN,,WDI3506,31,12,52,,,57,A
367689040,2022-01-02T20:40:55,31.27474,-91.52289,4.4,38.0,28.0,RICK CALHOUN,,WDI3506,31,12,52,,,57,A
367689040,2022-01-02T09:09:24,30.74474,-91.50061,5.3,262.0,253.0,RICK CALHOUN,,WDI3506,31,12,52,,,57,A
367689040,2022-01-02T21:05:15,31.30543,-91.51457,5.2,10.0,9.0,RICK CALHOUN,,WDI3506,31,12,52,,,57,A
367689040,2022-01-02T21:45:54,31.31888,-91.51147,0.3,319.0,10.0,RICK CALHOUN,,WDI3506,31,12,52,,,57,A
367689040,2022-01-02T21:00:23,31.29865,-91.51604,5.1,10.0,10.0,RICK CALHOUN,,WDI3506,31,12,52,,,57,A
367689040,2022-01-02T20:47:03,31.28102,-91.51906,4.0,6.0,8.0,RICK CALHOUN,,WDI3506,31,12,52,,,57,A
367689040,2022-01-02T21:30:05,31.31824,-91.51191,0.3,293.0,7.0,RICK CALHOUN,,WDI3506,31,12,52,,,57,A
367689040,2022-01-02T20:49:23,31.28386,-91.51883,4.6,2.0,10.0,RICK CALHOUN,,WDI3506,31,12,52,,,57,A
367689040,2022-01-02T09:15:15,30.74180,-91.51000,5.6,242.0,246.0,RICK CALHOUN,,WDI3506,31,12,52,,,57,A
367689040,2022-01-02T09:16:24,30.74103,-91.51186,5.6,245.4,247.0,RICK CALHOUN,,WDI3506,31,12,52,,,57,A
367689040,2022-01-02T21:52:13,31.31975,-91.51108,2.8,18.0,16.0,RICK CALHOUN,,WDI3506,31,12,52,,,57,A
367689040,2022-01-02T21:19:14,31.31685,-91.51256,1.2,4.0,12.0,RICK CALHOUN,,WDI3506,31,12,52,,,57,A
367689040,2022-01-02T21:32:23,31.31842,-91.51207,0.2,355.0,15.0,RICK CALHOUN,,WDI3506,31,12,52,,,57,A
367689040,2022-01-02T20:53:05,31.28876,-91.51823,4.9,10.0,12.0,RICK CALHOUN,,WDI3506,31,12,52,,,57,A
367689040,2022-01-02T21:16:14,31.31576,-91.51271,1.5,16.0,11.0,RICK CALHOUN,,WDI3506,31,12,52,,,57,A
367689040,2022-01-02T21:17:24,31.31620,-91.51262,1.3,7.0,10.0,RICK CALHOUN,,WDI3506,31,12,52,,,57,A
367689040,2022-01-02T20:56:44,31.29364,-91.51712,5.0,10.0,10.0,RICK CALHOUN,,WDI3506,31,12,52,,,57,A
367689040,2022-01-02T21:20:43,31.31733,-91.51245,1.2,13.0,12.0,RICK CALHOUN,,WDI3506,31,12,52,,,57,A
367689040,2022-01-02T21:23:33,31.31812,-91.51224,0.8,23.7,12.0,RICK CALHOUN,,WDI3506,31,12,52,,,57,A
367689040,2022-01-02T21:12:34,31.31406,-91.51325,2.1,7.0,13.0,RICK CALHOUN,,WDI3506,31,12,52,,,57,A
367689040,2022-01-02T21:25:23,31.31833,-91.51211,0.3,50.0,11.0,RICK CALHOUN,,WDI3506,31,12,52,,,57,A
367689040,2022-01-02T22:03:04,31.33184,-91.50831,3.7,358.6,11.0,RICK CALHOUN,,WDI3506,31,12,52,,,57,A
367689040,2022-01-02T21:27:53,31.31829,-91.51195,0.2,129.1,9.0,RICK CALHOUN,,WDI3506,31,12,52,,,57,A
367689040,2022-01-02T21:47:04,31.31892,-91.51147,0.1,303.9,11.0,RICK CALHOUN,,WDI3506,31,12,52,,,57,A
367689040,2022-01-02T21:10:14,31.31230,-91.51350,3.7,8.0,11.0,RICK CALHOUN,,WDI3506,31,12,52,,,57,A
367689040,2022-01-02T21:54:45,31.32202,-91.50982,3.9,18.0,10.0,RICK CALHOUN,,WDI3506,31,12,52,,,57,A
367689040,2022-01-02T21:56:54,31.32441,-91.50901,4.2,4.0,5.0,RICK CALHOUN,,WDI3506,31,12,52,,,57,A
367689040,2022-01-02T21:35:54,31.31828,-91.51160,0.3,95.4,7.0,RICK CALHOUN,,WDI3506,31,12,52,,,57,A
367689040,2022-01-02T21:37:04,31.31829,-91.51150,0.2,73.0,5.0,RICK CALHOUN,,WDI3506,31,12,52,,,57,A
367689040,2022-01-02T21:28:54,31.31824,-91.51190,0.2,165.0,7.0,RICK CALHOUN,,WDI3506,31,12,52,,,57,A
367689040,2022-01-02T21:41:04,31.31848,-91.51162,0.3,39.0,10.0,RICK CALHOUN,,WDI3506,31,12,52,,,57,A
367689040,2022-01-02T22:15:44,31.33746,-91.50642,0.4,10.5,17.0,RICK CALHOUN,,WDI3506,31,12,52,,,57,A
367689040,2022-01-02T21:31:14,31.31832,-91.51205,0.4,320.0,12.0,RICK CALHOUN,,WDI3506,31,12,52,,,57,A
367689040,2022-01-02T21:59:34,31.32768,-91.50875,4.5,7.0,8.0,RICK CALHOUN,,WDI3506,31,12,52,,,57,A
367689040,2022-01-02T22:04:34,31.33317,-91.50810,3.0,10.0,14.0,RICK CALHOUN,,WDI3506,31,12,52,,,57,A
367689040,2022-01-02T21:38:24,31.31833,-91.51146,0.2,330.0,4.0,RICK CALHOUN,,WDI3506,31,12,52,,,57,A
367689040,2022-01-02T22:05:45,31.33412,-91.50787,2.8,19.0,17.0,RICK CALHOUN,,WDI3506,31,12,52,,,57,A
367689040,2022-01-02T22:09:55,31.33650,-91.50686,1.3,14.0,18.0,RICK CALHOUN,,WDI3506,31,12,52,,,57,A
367689040,2022-01-02T21:51:04,31.31909,-91.51140,1.5,17.0,16.0,RICK CALHOUN,,WDI3506,31,12,52,,,57,A
367689040,2022-01-02T22:18:05,31.33772,-91.50627,0.4,332.0,17.0,RICK CALHOUN,,WDI3506,31,12,52,,,57,A
367689040,2022-01-02T21:48:15,31.31890,-91.51145,0.3,117.0,12.0,RICK CALHOUN,,WDI3506,31,12,52,,,57,A
367689040,2022-01-02T22:14:34,31.33736,-91.50652,0.5,36.0,18.0,RICK CALHOUN,,WDI3506,31,12,52,,,57,A
367689040,2022-01-02T22:19:15,31.33780,-91.50633,0.2,329.0,18.0,RICK CALHOUN,,WDI3506,31,12,52,,,57,A
367689040,2022-01-02T21:49:33,31.31882,-91.51124,0.5,111.0,9.0,RICK CALHOUN,,WDI3506,31,12,52,,,57,A
367689040,2022-01-02T21:33:33,31.31842,-91.51194,0.6,104.0,14.0,RICK CALHOUN,,WDI3506,31,12,52,,,57,A
367689040,2022-01-02T22:39:23,31.34855,-91.49830,6.0,49.0,52.0,RICK CALHOUN,,WDI3506,31,12,52,,,57,A
367689040,2022-01-02T21:58:23,31.32621,-91.50888,4.5,4.0,7.0,RICK CALHOUN,,WDI3506,31,12,52,,,57,A
367689040,2022-01-02T22:06:55,31.33493,-91.50750,2.7,23.0,17.0,RICK CALHOUN,,WDI3506,31,12,52,,,57,A
367689040,2022-01-02T22:29:54,31.33887,-91.50612,0.5,5.3,22.0,RICK CALHOUN,,WDI3506,31,12,52,,,57,A
367689040,2022-01-02T22:30:55,31.33908,-91.50611,1.3,350.0,23.0,RICK CALHOUN,,WDI3506,31,12,52,,,57,A
367689040,2022-01-02T21:42:13,31.31856,-91.51151,0.4,43.0,9.0,RICK CALHOUN,,WDI3506,31,12,52,,,57,A
367689040,2022-01-02T22:27:24,31.33862,-91.50619,0.3,354.8,21.0,RICK CALHOUN,,WDI3506,31,12,52,,,57,A
367689040,2022-01-02T21:44:44,31.31879,-91.51134,0.4,333.8,6.0,RICK CALHOUN,,WDI3506,31,12,52,,,57,A
367689040,2022-01-02T22:32:05,31.33982,-91.50600,3.1,10.0,28.0,RICK CALHOUN,,WDI3506,31,12,52,,,57,A
367689040,2022-01-02T22:33:15,31.34105,-91.50560,4.4,25.0,37.0,RICK CALHOUN,,WDI3506,31,12,52,,,57,A
367689040,2022-01-02T22:12:14,31.33704,-91.50661,0.6,25.0,17.0,RICK CALHOUN,,WDI3506,31,12,52,,,57,A
367689040,2022-01-02T22:38:14,31.34711,-91.49984,6.0,41.8,46.0,RICK CALHOUN,,WDI3506,31,12,52,,,57,A
367689040,2022-01-02T22:26:14,31.33852,-91.50616,0.3,33.6,20.0,RICK CALHOUN,,WDI3506,31,12,52,,,57,A
367689040,2022-01-02T22:42:03,31.35128,-91.49433,5.8,54.0,62.0,RICK CALHOUN,,WDI3506,31,12,52,,,57,A
367689040,2022-01-02T09:41:44,30.73095,-91.55294,5.3,276.0,278.0,RICK CALHOUN,,WDI3506,31,12,52,,,57,A
367689040,2022-01-02T22:44:25,31.35312,-91.49051,5.7,63.0,61.0,RICK CALHOUN,,WDI3506,31,12,52,,,57,A
367689040,2022-01-02T22:25:04,31.33844,-91.50625,0.4,346.0,21.0,RICK CALHOUN,,WDI3506,31,12,52,,,57,A
367689040,2022-01-02T22:22:45,31.33816,-91.50623,0.5,23.0,19.0,RICK CALHOUN,,WDI3506,31,12,52,,,57,A
367689040,2022-01-02T22:01:45,31.33038,-91.50839,4.4,3.0,9.0,RICK CALHOUN,,WDI3506,31,12,52,,,57,A
367689040,2022-01-02T22:48:25,31.35594,-91.48436,5.1,54.2,49.0,RICK CALHOUN,,WDI3506,31,12,52,,,57,A
367689040,2022-01-02T22:28:34,31.33873,-91.50615,0.4,26.0,21.0,RICK CALHOUN,,WDI3506,31,12,52,,,57,A
367689040,2022-01-02T22:59:24,31.36686,-91.47115,5.0,42.0,27.0,RICK CALHOUN,,WDI3506,31,12,52,,,57,A
367689040,2022-01-02T22:11:04,31.33682,-91.50671,0.9,24.0,17.0,RICK CALHOUN,,WDI3506,31,12,52,,,57,A
367689040,2022-01-02T23:02:15,31.37002,-91.46882,4.7,40.0,25.0,RICK CALHOUN,,WDI3506,31,12,52,,,57,A
367689040,2022-01-02T23:06:54,31.37466,-91.46626,3.8,8.2,3.0,RICK CALHOUN,,WDI3506,31,12,52,,,57,A
367689040,2022-01-02T22:40:54,31.35030,-91.49617,5.9,49.0,60.0,RICK CALHOUN,,WDI3506,31,12,52,,,57,A
367689040,2022-01-02T09:49:54,30.73378,-91.56690,5.6,290.0,292.0,RICK CALHOUN,,WDI3506,31,12,52,,,57,A
367689040,2022-01-02T22:45:44,31.35400,-91.48833,5.5,61.4,58.0,RICK CALHOUN,,WDI3506,31,12,52,,,57,A
367689040,2022-01-02T23:24:14,31.39566,-91.47038,5.1,326.0,316.0,RICK CALHOUN,,WDI3506,31,12,52,,,57,A
367689040,2022-01-02T22:43:24,31.35236,-91.49214,5.7,61.0,62.0,RICK CALHOUN,,WDI3506,31,12,52,,,57,A
367689040,2022-01-02T23:05:44,31.37348,-91.46655,3.8,16.0,7.0,RICK CALHOUN,,WDI3506,31,12,52,,,57,A
367689040,2022-01-02T22:23:55,31.33829,-91.50616,0.4,354.0,19.0,RICK CALHOUN,,WDI3506,31,12,52,,,57,A
367689040,2022-01-02T23:29:05,31.40056,-91.47652,5.4,307.0,313.0,RICK CALHOUN,,WDI3506,31,12,52,,,57,A
367689040,2022-01-02T22:47:14,31.35500,-91.48600,5.3,62.3,53.0,RICK CALHOUN,,WDI3506,31,12,52,,,57,A
367689040,2022-01-02T22:51:24,31.35855,-91.48050,4.9,42.0,43.0,RICK CALHOUN,,WDI3506,31,12,52,,,57,A
367689040,2022-01-02T23:09:24,31.37741,-91.46599,4.0,358.6,357.0,RICK CALHOUN,,WDI3506,31,12,52,,,57,A
367689040,2022-01-02T23:31:25,31.40268,-91.47962,5.0,314.0,319.0,RICK CALHOUN,,WDI3506,31,12,52,,,57,A
367689040,2022-01-02T22:54:03,31.36124,-91.47746,5.3,44.0,43.0,RICK CALHOUN,,WDI3506,31,12,52,,,57,A
367689040,2022-01-02T23:20:44,31.39152,-91.46750,4.7,340.0,325.0,RICK CALHOUN,,WDI3506,31,12,52,,,57,A
367689040,2022-01-02T23:21:53,31.39288,-91.46831,4.9,330.6,323.0,RICK CALHOUN,,WDI3506,31,12,52,,,57,A
367689040,2022-01-02T22:34:33,31.34252,-91.50432,5.4,37.0,38.0,RICK CALHOUN,,WDI3506,31,12,52,,,57,A
367689040,2022-01-02T22:55:44,31.36296,-91.47542,5.3,46.0,40.0,RICK CALHOUN,,WDI3506,31,12,52,,,57,A
367689040,2022-01-02T23:27:55,31.39942,-91.47491,5.5,310.0,314.0,RICK CALHOUN,,WDI3506,31,12,52,,,57,A
367689040,2022-01-02T23:03:24,31.37115,-91.46781,4.1,29.4,17.0,RICK CALHOUN,,WDI3506,31,12,52,,,57,A
367689040,2022-01-02T23:44:25,31.41434,-91.49368,4.6,308.0,314.0,RICK CALHOUN,,WDI3506,31,12,52,,,57,A
367689040,2022-01-02T23:12:15,31.38086,-91.46606,4.6,359.4,350.0,RICK CALHOUN,,WDI3506,31,12,52,,,57,A
367689040,2022-01-02T23:48:44,31.41851,-91.49823,4.8,324.0,321.0,RICK CALHOUN,,WDI3506,31,12,52,,,57,A
367689040,2022-01-02T23:16:05,31.38574,-91.46635,4.5,359.0,343.0,RICK CALHOUN,,WDI3506,31,12,52,,,57,A
367689040,2022-01-02T23:10:54,31.37917,-91.46602,4.3,358.7,354.0,RICK CALHOUN,,WDI3506,31,12,52,,,57,A
367689040,2022-01-02T23:57:15,31.42797,-91.50611,4.9,330.0,332.0,RICK CALHOUN,,WDI3506,31,12,52,,,57,A
367689040,2022-01-02T22:56:53,31.36413,-91.47402,5.2,40.0,35.0,RICK CALHOUN,,WDI3506,31,12,52,,,57,A
367689040,2022-01-02T22:58:13,31.36567,-91.47257,5.3,44.0,34.0,RICK CALHOUN,,WDI3506,31,12,52,,,57,A
367689040,2022-01-02T23:25:24,31.39691,-91.47167,5.1,312.0,314.0,RICK CALHOUN,,WDI3506,31,12,52,,,57,A
367689040,2022-01-02T23:17:13,31.38712,-91.46648,4.4,354.0,340.0,RICK CALHOUN,,WDI3506,31,12,52,,,57,A
367689040,2022-01-02T23:26:34,31.39807,-91.47313,5.4,311.3,314.0,RICK CALHOUN,,WDI3506,31,12,52,,,57,A
367689040,2022-01-02T23:52:33,31.42265,-91.50190,5.0,324.0,322.0,RICK CALHOUN,,WDI3506,31,12,52,,,57,A
367689040,2022-01-02T23:51:04,31.42098,-91.50049,4.9,320.0,322.0,RICK CALHOUN,,WDI3506,31,12,52,,,57,A
367689040,2022-01-02T23:35:05,31.40637,-91.48331,4.7,317.0,314.0,RICK CALHOUN,,WDI3506,31,12,52,,,57,A
367689040,2022-01-02T10:07:05,30.74946,-91.59243,5.7,326.0,338.0,RICK CALHOUN,,WDI3506,31,12,52,,,57,A
367689040,2022-01-02T10:08:16,30.75108,-91.59347,5.7,334.0,347.0,RICK CALHOUN,,WDI3506,31,12,52,,,57,A
367689040,2022-01-02T23:38:54,31.40970,-91.48750,4.6,309.0,313.0,RICK CALHOUN,,WDI3506,31,12,52,,,57,A
367689040,2022-01-02T23:56:04,31.42662,-91.50513,4.9,324.0,328.0,RICK CALHOUN,,WDI3506,31,12,52,,,57,A
367689040,2022-01-02T23:14:34,31.38381,-91.46629,4.6,355.2,348.0,RICK CALHOUN,,WDI3506,31,12,52,,,57,A
367689040,2022-01-02T23:42:34,31.41278,-91.49164,4.6,311.8,314.0,RICK CALHOUN,,WDI3506,31,12,52,,,57,A
367689040,2022-01-02T23:58:24,31.42943,-91.50692,5.0,339.0,335.0,RICK CALHOUN,,WDI3506,31,12,52,,,57,A
367689040,2022-01-02T23:18:24,31.38858,-91.46671,4.4,347.0,337.0,RICK CALHOUN,,WDI3506,31,12,52,,,57,A
367689040,2022-01-02T23:19:34,31.39004,-91.46703,4.6,346.0,332.0,RICK CALHOUN,,WDI3506,31,12,52,,,57,A
367689040,2022-01-02T23:47:14,31.41695,-91.49673,4.8,318.0,319.0,RICK CALHOUN,,WDI3506,31,12,52,,,57,A
367689040,2022-01-02T23:23:05,31.39431,-91.46929,5.0,326.0,320.0,RICK CALHOUN,,WDI3506,31,12,52,,,57,A
367689040,2022-01-02T23:37:35,31.40863,-91.48602,4.6,312.0,312.0,RICK CALHOUN,,WDI3506,31,12,52,,,57,A
367689040,2022-01-02T23:30:14,31.40153,-91.47813,5.3,308.2,317.0,RICK CALHOUN,,WDI3506,31,12,52,,,57,A
367689040,2022-01-02T23:54:44,31.42508,-91.50400,5.0,327.8,327.0,RICK CALHOUN,,WDI3506,31,12,52,,,57,A
367689040,2022-01-02T23:46:05,31.41580,-91.49556,4.7,315.0,319.0,RICK CALHOUN,,WDI3506,31,12,52,,,57,A
367689040,2022-01-02T23:33:14,31.40452,-91.48145,4.8,319.0,318.0,RICK CALHOUN,,WDI3506,31,12,52,,,57,A
367689040,2022-01-02T23:59:34,31.43095,-91.50754,5.0,341.0,335.0,RICK CALHOUN,,WDI3506,31,12,52,,,57,A
367689040,2022-01-02T23:36:14,31.40744,-91.48457,4.6,313.0,313.0,RICK CALHOUN,,WDI3506,31,12,52,,,57,A
367689040,2022-01-02T23:40:13,31.41080,-91.48902,4.6,311.0,314.0,RICK CALHOUN,,WDI3506,31,12,52,,,57,A
367689040,2022-01-02T10:44:04,30.78187,-91.55103,5.3,62.0,55.0,RICK CALHOUN,,WDI3506,31,12,52,,,57,A
367689040,2022-01-02T11:34:05,30.84520,-91.52213,5.7,28.8,22.0,RICK CALHOUN,,WDI3506,31,12,52,,,57,A
367689040,2022-01-02T11:44:24,30.86021,-91.51715,5.5,8.0,6.0,RICK CALHOUN,,WDI3506,31,12,52,,,57,A
367689040,2022-01-02T11:47:44,30.86536,-91.51666,5.7,2.0,5.0,RICK CALHOUN,,WDI3506,31,12,52,,,57,A
367689040,2022-01-02T12:10:45,30.89754,-91.52075,1.7,2.5,332.0,RICK CALHOUN,,WDI3506,31,12,52,,,57,A
367689040,2022-01-02T12:22:25,30.89817,-91.52076,0.4,53.0,333.0,RICK CALHOUN,,WDI3506,31,12,52,,,57,A
367689040,2022-01-02T12:37:25,30.89868,-91.52089,0.6,310.0,320.0,RICK CALHOUN,,WDI3506,31,12,52,,,57,A
367689040,2022-01-02T12:41:04,30.89956,-91.52223,2.9,302.0,315.0,RICK CALHOUN,,WDI3506,31,12,52,,,57,A
367689040,2022-01-02T12:44:36,30.90189,-91.52562,4.4,312.0,314.0,RICK CALHOUN,,WDI3506,31,12,52,,,57,A
367689040,2022-01-02T12:57:35,30.91350,-91.54002,5.1,307.0,297.0,RICK CALHOUN,,WDI3506,31,12,52,,,57,A
367689040,2022-01-02T13:02:34,30.91662,-91.54735,5.0,289.2,281.0,RICK CALHOUN,,WDI3506,31,12,52,,,57,A
367689040,2022-01-02T13:07:05,30.91749,-91.55431,4.9,267.0,269.0,RICK CALHOUN,,WDI3506,31,12,52,,,57,A
367689040,2022-01-02T13:08:15,30.91744,-91.55621,5.0,267.0,268.0,RICK CALHOUN,,WDI3506,31,12,52,,,57,A
367689040,2022-01-02T13:09:24,30.91728,-91.55806,5.2,262.0,269.0,RICK CALHOUN,,WDI3506,31,12,52,,,57,A
367689040,2022-01-02T13:30:36,30.91746,-91.59505,5.5,272.0,270.0,RICK CALHOUN,,WDI3506,31,12,52,,,57,A
367689040,2022-01-02T13:42:25,30.91801,-91.61646,5.4,284.0,284.0,RICK CALHOUN,,WDI3506,31,12,52,,,57,A
367689040,2022-01-02T13:56:24,30.92551,-91.63905,5.3,304.0,310.0,RICK CALHOUN,,WDI3506,31,12,52,,,57,A
367689040,2022-01-02T14:17:34,30.95261,-91.66001,6.1,338.0,343.0,RICK CALHOUN,,WDI3506,31,12,52,,,57,A
367689040,2022-01-02T14:22:05,30.95981,-91.66219,5.9,346.1,347.0,RICK CALHOUN,,WDI3506,31,12,52,,,57,A
367689040,2022-01-02T14:30:15,30.97270,-91.66391,5.8,4.0,7.0,RICK CALHOUN,,WDI3506,31,12,52,,,57,A
367689040,2022-01-02T14:53:45,31.00160,-91.64120,5.6,56.8,63.0,RICK CALHOUN,,WDI3506,31,12,52,,,57,A
367689040,2022-01-02T15:05:44,31.00998,-91.62055,6.1,72.0,76.0,RICK CALHOUN,,WDI3506,31,12,52,,,57,A
367689040,2022-01-02T15:12:44,31.01305,-91.60706,6.2,71.0,71.0,RICK CALHOUN,,WDI3506,31,12,52,,,57,A
367689040,2022-01-02T16:27:35,31.10329,-91.61015,6.6,308.0,310.0,RICK CALHOUN,,WDI3506,31,12,52,,,57,A
367689040,2022-01-02T16:34:44,31.11146,-91.62029,5.7,321.0,328.0,RICK CALHOUN,,WDI3506,31,12,52,,,57,A
367689040,2022-01-02T16:55:14,31.14184,-91.62070,6.8,35.0,41.0,RICK CALHOUN,,WDI3506,31,12,52,,,57,A
367689040,2022-01-02T17:04:05,31.15304,-91.60691,6.3,43.0,43.0,RICK CALHOUN,,WDI3506,31,12,52,,,57,A
367689040,2022-01-02T17:18:05,31.17203,-91.59272,5.4,23.0,13.0,RICK CALHOUN,,WDI3506,31,12,52,,,57,A
367689040,2022-01-02T17:19:14,31.17362,-91.59207,5.3,21.0,12.0,RICK CALHOUN,,WDI3506,31,12,52,,,57,A
367689040,2022-01-02T17:21:34,31.17679,-91.59110,5.0,10.0,10.0,RICK CALHOUN,,WDI3506,31,12,52,,,57,A
367689040,2022-01-02T17:26:26,31.18333,-91.58961,4.8,15.4,5.0,RICK CALHOUN,,WDI3506,31,12,52,,,57,A
367689040,2022-01-02T17:30:06,31.18777,-91.58915,4.1,352.6,352.0,RICK CALHOUN,,WDI3506,31,12,52,,,57,A
367689040,2022-01-02T17:37:16,31.19627,-91.59032,4.3,349.0,343.0,RICK CALHOUN,,WDI3506,31,12,52,,,57,A
367689040,2022-01-02T17:42:05,31.20206,-91.59149,4.3,348.5,335.0,RICK CALHOUN,,WDI3506,31,12,52,,,57,A
367689040,2022-01-02T17:46:45,31.20724,-91.59367,4.1,316.0,315.0,RICK CALHOUN,,WDI3506,31,12,52,,,57,A
367689040,2022-01-02T17:57:46,31.21765,-91.60685,5.7,305.0,302.0,RICK CALHOUN,,WDI3506,31,12,52,,,57,A
367689040,2022-01-02T18:13:45,31.22442,-91.62000,1.0,282.0,297.0,RICK CALHOUN,,WDI3506,31,12,52,,,57,A
367689040,2022-01-02T18:16:05,31.22450,-91.62054,0.5,278.0,299.0,RICK CALHOUN,,WDI3506,31,12,52,,,57,A
367689040,2022-01-02T18:36:15,31.22504,-91.62217,1.8,299.0,301.0,RICK CALHOUN,,WDI3506,31,12,52,,,57,A
367689040,2022-01-02T18:44:25,31.23105,-91.63483,6.7,299.0,297.0,RICK CALHOUN,,WDI3506,31,12,52,,,57,A
367689040,2022-01-02T18:53:04,31.23844,-91.64764,4.8,323.0,322.0,RICK CALHOUN,,WDI3506,31,12,52,,,57,A
367689040,2022-01-02T19:11:25,31.26111,-91.65211,5.0,21.1,39.0,RICK CALHOUN,,WDI3506,31,12,52,,,57,A
367689040,2022-01-02T19:16:46,31.26621,-91.64690,4.8,33.0,51.0,RICK CALHOUN,,WDI3506,31,12,52,,,57,A
367689040,2022-01-02T19:22:24,31.27043,-91.64056,4.5,84.0,88.0,RICK CALHOUN,,WDI3506,31,12,52,,,57,A
367689040,2022-01-02T19:31:14,31.26868,-91.62598,5.4,107.0,103.0,RICK CALHOUN,,WDI3506,31,12,52,,,57,A
367689040,2022-01-02T19:36:45,31.26686,-91.61687,5.2,102.0,100.0,RICK CALHOUN,,WDI3506,31,12,52,,,57,A
367689040,2022-01-02T19:37:55,31.26665,-91.61495,5.2,96.0,100.0,RICK CALHOUN,,WDI3506,31,12,52,,,57,A
367689040,2022-01-02T19:46:24,31.26465,-91.59999,5.8,103.0,105.0,RICK CALHOUN,,WDI3506,31,12,52,,,57,A
367689040,2022-01-02T20:10:24,31.25990,-91.56010,4.7,85.7,90.0,RICK CALHOUN,,WDI3506,31,12,52,,,57,A
367689040,2022-01-02T20:14:15,31.25975,-91.55423,4.6,91.0,85.0,RICK CALHOUN,,WDI3506,31,12,52,,,57,A
367689040,2022-01-02T20:16:05,31.25981,-91.55154,4.5,85.0,82.0,RICK CALHOUN,,WDI3506,31,12,52,,,57,A
367689040,2022-01-02T20:18:45,31.26024,-91.54773,4.5,81.0,76.0,RICK CALHOUN,,WDI3506,31,12,52,,,57,A
367689040,2022-01-02T20:20:04,31.26059,-91.54585,4.6,77.0,74.0,RICK CALHOUN,,WDI3506,31,12,52,,,57,A
367689040,2022-01-02T20:51:45,31.28696,-91.51850,4.9,5.9,11.0,RICK CALHOUN,,WDI3506,31,12,52,,,57,A
367689040,2022-01-02T20:54:24,31.29049,-91.51789,4.9,11.0,12.0,RICK CALHOUN,,WDI3506,31,12,52,,,57,A
367689040,2022-01-02T20:59:04,31.29685,-91.51650,5.0,9.0,11.0,RICK CALHOUN,,WDI3506,31,12,52,,,57,A
367689040,2022-01-02T21:13:45,31.31469,-91.51309,1.9,19.0,12.0,RICK CALHOUN,,WDI3506,31,12,52,,,57,A
367689040,2022-01-02T21:53:23,31.32071,-91.51053,3.6,26.7,14.0,RICK CALHOUN,,WDI3506,31,12,52,,,57,A
367689040,2022-01-02T21:55:53,31.32326,-91.50930,4.2,18.5,8.0,RICK CALHOUN,,WDI3506,31,12,52,,,57,A
367689040,2022-01-02T22:08:34,31.33595,-91.50701,2.0,22.0,16.0,RICK CALHOUN,,WDI3506,31,12,52,,,57,A
367689040,2022-01-02T22:13:23,31.33720,-91.50653,0.5,3.0,17.0,RICK CALHOUN,,WDI3506,31,12,52,,,57,A
367689040,2022-01-02T22:16:55,31.33759,-91.50630,0.6,44.0,17.0,RICK CALHOUN,,WDI3506,31,12,52,,,57,A
367689040,2022-01-02T22:20:24,31.33789,-91.50634,0.3,8.0,19.0,RICK CALHOUN,,WDI3506,31,12,52,,,57,A
367689040,2022-01-02T22:21:34,31.33801,-91.50629,0.5,18.0,19.0,RICK CALHOUN,,WDI3506,31,12,52,,,57,A
367689040,2022-01-02T22:36:33,31.34504,-91.50199,6.0,37.0,42.0,RICK CALHOUN,,WDI3506,31,12,52,,,57,A
367689040,2022-01-02T22:52:34,31.35967,-91.47915,5.1,49.7,42.0,RICK CALHOUN,,WDI3506,31,12,52,,,57,A
367689040,2022-01-02T23:04:34,31.37230,-91.46707,4.0,24.0,12.0,RICK CALHOUN,,WDI3506,31,12,52,,,57,A
367689040,2022-01-02T23:08:03,31.37592,-91.46608,3.9,6.0,359.0,RICK CALHOUN,,WDI3506,31,12,52,,,57,A
367689040,2022-01-02T23:13:24,31.38232,-91.46613,4.6,353.0,348.0,RICK CALHOUN,,WDI3506,31,12,52,,,57,A
367689040,2022-01-02T23:41:25,31.41181,-91.49036,4.5,313.0,314.0,RICK CALHOUN,,WDI3506,31,12,52,,,57,A
367689040,2022-01-03T00:00:14,31.43183,-91.50787,5.0,340.0,334.0,RICK CALHOUN,,WDI3506,31,12,52,,,57,A
367689040,2022-01-03T00:01:24,31.43332,-91.50854,4.9,335.0,332.0,RICK CALHOUN,,WDI3506,31,12,52,,,57,A
367689040,2022-01-03T00:02:44,31.43492,-91.50953,4.9,329.0,333.0,RICK CALHOUN,,WDI3506,31,12,52,,,57,A
367689040,2022-01-03T00:03:55,31.43629,-91.51050,5.0,328.8,336.0,RICK CALHOUN,,WDI3506,31,12,52,,,57,A
367689040,2022-01-03T00:05:05,31.43775,-91.51140,5.0,335.0,339.0,RICK CALHOUN,,WDI3506,31,12,52,,,57,A
367689040,2022-01-03T00:06:13,31.43924,-91.51214,5.1,335.0,341.0,RICK CALHOUN,,WDI3506,31,12,52,,,57,A
367689040,2022-01-03T00:07:53,31.44150,-91.51309,5.2,343.0,345.0,RICK CALHOUN,,WDI3506,31,12,52,,,57,A
367689040,2022-01-03T00:09:54,31.44432,-91.51385,5.3,348.0,346.0,RICK CALHOUN,,WDI3506,31,12,52,,,57,A
367689040,2022-01-03T00:14:44,31.45140,-91.51553,5.5,355.0,357.0,RICK CALHOUN,,WDI3506,31,12,52,,,57,A
367689040,2022-01-03T00:15:54,31.45316,-91.51561,5.5,358.0,358.0,RICK CALHOUN,,WDI3506,31,12,52,,,57,A
367689040,2022-01-03T00:19:33,31.45880,-91.51579,5.6,357.0,356.0,RICK CALHOUN,,WDI3506,31,12,52,,,57,A
367689040,2022-01-03T00:21:03,31.46116,-91.51593,5.6,356.0,355.0,RICK CALHOUN,,WDI3506,31,12,52,,,57,A
367689040,2022-01-03T00:18:24,31.45703,-91.51567,5.5,355.2,355.0,RICK CALHOUN,,WDI3506,31,12,52,,,57,A
367689040,2022-01-03T00:22:15,31.46301,-91.51601,5.7,358.0,354.0,RICK CALHOUN,,WDI3506,31,12,52,,,57,A
367689040,2022-01-03T00:25:53,31.46891,-91.51657,6.0,351.0,355.0,RICK CALHOUN,,WDI3506,31,12,52,,,57,A
367689040,2022-01-03T00:27:34,31.47175,-91.51689,6.2,356.6,356.0,RICK CALHOUN,,WDI3506,31,12,52,,,57,A
367689040,2022-01-03T00:29:34,31.47523,-91.51724,6.3,351.0,359.0,RICK CALHOUN,,WDI3506,31,12,52,,,57,A
367689040,2022-01-03T00:32:05,31.47964,-91.51738,6.4,4.0,1.0,RICK CALHOUN,,WDI3506,31,12,52,,,57,A
367689040,2022-01-03T00:33:33,31.48228,-91.51702,6.6,7.0,358.0,RICK CALHOUN,,WDI3506,31,12,52,,,57,A
367689040,2022-01-03T00:46:13,31.50262,-91.51532,5.1,12.0,10.0,RICK CALHOUN,,WDI3506,31,12,52,,,57,A
367689040,2022-01-03T00:57:04,31.51600,-91.51049,5.0,44.0,46.0,RICK CALHOUN,,WDI3506,31,12,52,,,57,A
367689040,2022-01-03T00:59:34,31.51856,-91.50763,5.2,47.2,51.0,RICK CALHOUN,,WDI3506,31,12,52,,,57,A
367689040,2022-01-03T01:01:23,31.52028,-91.50522,5.3,51.0,53.0,RICK CALHOUN,,WDI3506,31,12,52,,,57,A
367689040,2022-01-03T01:03:05,31.52200,-91.50304,5.4,48.2,58.0,RICK CALHOUN,,WDI3506,31,12,52,,,57,A
367689040,2022-01-03T01:35:54,31.54422,-91.44691,6.2,60.7,59.0,RICK CALHOUN,,WDI3506,31,12,52,,,57,A
367689040,2022-01-03T01:41:54,31.54971,-91.43648,6.3,53.0,52.0,RICK CALHOUN,,WDI3506,31,12,52,,,57,A
367689040,2022-01-03T01:00:15,31.51921,-91.50674,5.2,49.0,52.0,RICK CALHOUN,,WDI3506,31,12,52,,,57,A
367689040,2022-01-03T02:11:24,31.58823,-91.40573,5.8,10.6,3.0,RICK CALHOUN,,WDI3506,31,12,52,,,57,A
367689040,2022-01-03T02:07:54,31.58257,-91.40675,5.9,12.0,7.0,RICK CALHOUN,,WDI3506,31,12,52,,,57,A
367689040,2022-01-03T01:37:54,31.54586,-91.44334,6.2,59.0,54.0,RICK CALHOUN,,WDI3506,31,12,52,,,57,A
367689040,2022-01-03T01:44:54,31.55282,-91.43148,6.3,53.0,52.0,RICK CALHOUN,,WDI3506,31,12,52,,,57,A
367689040,2022-01-04T23:55:14,33.57212,-91.17036,5.2,66.0,70.0,RICK CALHOUN,,WDI3506,31,12,52,,,57,A
367689040,2022-01-04T23:50:44,33.56997,-91.17731,4.8,78.0,71.0,RICK CALHOUN,,WDI3506,31,12,52,,,57,A
367689040,2022-01-05T00:13:15,33.58661,-91.14364,5.3,47.0,45.0,RICK CALHOUN,,WDI3506,31,12,52,,,57,A
367689040,2022-01-05T00:11:03,33.58440,-91.14647,5.4,54.0,47.0,RICK CALHOUN,,WDI3506,31,12,52,,,57,A
367689040,2022-01-05T00:14:44,33.58810,-91.14171,5.3,50.0,43.0,RICK CALHOUN,,WDI3506,31,12,52,,,57,A
367689040,2022-01-05T00:16:04,33.58940,-91.14002,5.0,40.0,37.0,RICK CALHOUN,,WDI3506,31,12,52,,,57,A
367689040,2022-01-05T01:22:14,33.65585,-91.19029,2.3,284.0,285.0,RICK CALHOUN,,WDI3506,31,12,52,,,57,A
367689040,2022-01-05T01:48:14,33.66880,-91.22744,4.9,303.0,331.0,RICK CALHOUN,,WDI3506,31,12,52,,,57,A
367689040,2022-01-05T01:57:53,33.68048,-91.23148,5.1,1.0,10.0,RICK CALHOUN,,WDI3506,31,12,52,,,57,A
367689040,2022-01-05T01:52:04,33.67271,-91.23006,4.5,346.0,348.0,RICK CALHOUN,,WDI3506,31,12,52,,,57,A
367689040,2022-01-05T01:53:14,33.67416,-91.23054,4.7,343.0,352.0,RICK CALHOUN,,WDI3506,31,12,52,,,57,A
367689040,2022-01-05T01:55:14,33.67683,-91.23105,4.9,350.0,357.0,RICK CALHOUN,,WDI3506,31,12,52,,,57,A
367689040,2022-01-05T01:56:23,33.67838,-91.23134,5.0,352.6,2.0,RICK CALHOUN,,WDI3506,31,12,52,,,57,A
367689040,2022-01-05T02:02:53,33.68748,-91.22929,5.5,19.0,26.0,RICK CALHOUN,,WDI3506,31,12,52,,,57,A
367689040,2022-01-05T02:04:24,33.68968,-91.22827,5.6,23.0,30.0,RICK CALHOUN,,WDI3506,31,12,52,,,57,A
367689040,2022-01-05T02:05:34,33.69137,-91.22737,5.7,26.0,33.0,RICK CALHOUN,,WDI3506,31,12,52,,,57,A
367689040,2022-01-05T02:30:03,33.70370,-91.18159,5.8,86.7,87.0,RICK CALHOUN,,WDI3506,31,12,52,,,57,A
367689040,2022-01-05T02:33:03,33.70391,-91.17584,5.7,87.0,80.0,RICK CALHOUN,,WDI3506,31,12,52,,,57,A
367689040,2022-01-05T02:46:15,33.71315,-91.15620,5.4,45.0,43.0,RICK CALHOUN,,WDI3506,31,12,52,,,57,A
367689040,2022-01-05T02:47:34,33.71448,-91.15440,5.4,48.0,43.0,RICK CALHOUN,,WDI3506,31,12,52,,,57,A
367689040,2022-01-05T02:51:04,33.71763,-91.14967,5.0,44.0,22.0,RICK CALHOUN,,WDI3506,31,12,52,,,57,A
367689040,2022-01-05T02:49:54,33.71653,-91.15116,5.2,52.0,32.0,RICK CALHOUN,,WDI3506,31,12,52,,,57,A
367689040,2022-01-05T03:01:14,33.73316,-91.14512,5.9,4.0,8.0,RICK CALHOUN,,WDI3506,31,12,52,,,57,A
367689040,2022-01-05T02:48:44,33.71549,-91.15273,5.3,56.0,37.0,RICK CALHOUN,,WDI3506,31,12,52,,,57,A
367689040,2022-01-05T02:52:15,33.71898,-91.14855,5.0,29.0,15.0,RICK CALHOUN,,WDI3506,31,12,52,,,57,A
367689040,2022-01-05T02:58:34,33.72875,-91.14588,6.0,7.0,8.0,RICK CALHOUN,,WDI3506,31,12,52,,,57,A
367689040,2022-01-05T03:05:24,33.73989,-91.14378,5.8,12.0,18.0,RICK CALHOUN,,WDI3506,31,12,52,,,57,A
367689040,2022-01-05T02:54:34,33.72224,-91.14726,5.7,14.0,10.0,RICK CALHOUN,,WDI3506,31,12,52,,,57,A
367689040,2022-01-05T03:04:16,33.73803,-91.14423,5.9,11.0,15.0,RICK CALHOUN,,WDI3506,31,12,52,,,57,A
367689040,2022-01-05T02:55:53,33.72432,-91.14666,5.9,12.0,8.0,RICK CALHOUN,,WDI3506,31,12,52,,,57,A
367689040,2022-01-05T03:00:03,33.73121,-91.14545,6.0,8.0,8.0,RICK CALHOUN,,WDI3506,31,12,52,,,57,A
367689040,2022-01-05T03:03:14,33.73642,-91.14459,5.9,9.0,13.0,RICK CALHOUN,,WDI3506,31,12,52,,,57,A
367689040,2022-01-05T03:13:45,33.75199,-91.13715,5.7,31.0,35.0,RICK CALHOUN,,WDI3506,31,12,52,,,57,A
367689040,2022-01-05T02:59:44,33.73069,-91.14552,6.0,7.0,8.0,RICK CALHOUN,,WDI3506,31,12,52,,,57,A
367689040,2022-01-05T03:06:34,33.74171,-91.14322,5.8,16.5,22.0,RICK CALHOUN,,WDI3506,31,12,52,,,57,A
367689040,2022-01-05T03:14:54,33.75357,-91.13598,5.6,34.4,38.0,RICK CALHOUN,,WDI3506,31,12,52,,,57,A
367689040,2022-01-05T03:07:44,33.74347,-91.14241,5.8,19.0,22.0,RICK CALHOUN,,WDI3506,31,12,52,,,57,A
367689040,2022-01-05T03:08:53,33.74522,-91.14169,5.7,22.4,28.0,RICK CALHOUN,,WDI3506,31,12,52,,,57,A
367689040,2022-01-05T03:12:35,33.75044,-91.13833,5.8,31.0,34.0,RICK CALHOUN,,WDI3506,31,12,52,,,57,A
367689040,2022-01-05T03:17:14,33.75648,-91.13360,5.3,36.3,44.0,RICK CALHOUN,,WDI3506,31,12,52,,,57,A
367689040,2022-01-05T03:16:05,33.75511,-91.13477,5.5,33.0,41.0,RICK CALHOUN,,WDI3506,31,12,52,,,57,A
367689040,2022-01-05T03:21:14,33.76078,-91.12893,5.0,50.0,56.0,RICK CALHOUN,,WDI3506,31,12,52,,,57,A
367689040,2022-01-05T03:22:24,33.76165,-91.12730,5.0,55.6,55.0,RICK CALHOUN,,WDI3506,31,12,52,,,57,A
367689040,2022-01-05T03:23:34,33.76260,-91.12572,5.2,56.0,55.0,RICK CALHOUN,,WDI3506,31,12,52,,,57,A
367689040,2022-01-05T03:18:53,33.75831,-91.13169,5.2,41.0,46.0,RICK CALHOUN,,WDI3506,31,12,52,,,57,A
367689040,2022-01-05T03:20:04,33.75959,-91.13033,5.2,40.0,50.0,RICK CALHOUN,,WDI3506,31,12,52,,,57,A
367689040,2022-01-05T03:24:45,33.76357,-91.12393,5.4,56.0,54.0,RICK CALHOUN,,WDI3506,31,12,52,,,57,A
367689040,2022-01-05T03:33:54,33.77244,-91.11173,4.8,58.0,69.0,RICK CALHOUN,,WDI3506,31,12,52,,,57,A
367689040,2022-01-05T03:26:55,33.76556,-91.12084,5.5,51.0,53.0,RICK CALHOUN,,WDI3506,31,12,52,,,57,A
367689040,2022-01-05T03:38:35,33.77502,-91.10441,5.5,70.0,76.0,RICK CALHOUN,,WDI3506,31,12,52,,,57,A
367689040,2022-01-05T03:32:44,33.77158,-91.11327,4.9,53.0,64.0,RICK CALHOUN,,WDI3506,31,12,52,,,57,A
367689040,2022-01-05T03:28:04,33.76669,-91.11915,5.5,50.3,52.0,RICK CALHOUN,,WDI3506,31,12,52,,,57,A
367689040,2022-01-05T03:25:53,33.76460,-91.12230,5.5,50.0,54.0,RICK CALHOUN,,WDI3506,31,12,52,,,57,A
367689040,2022-01-05T03:31:34,33.77052,-91.11476,5.2,44.0,60.0,RICK CALHOUN,,WDI3506,31,12,52,,,57,A
367689040,2022-01-05T03:35:05,33.77311,-91.10997,4.8,69.0,70.0,RICK CALHOUN,,WDI3506,31,12,52,,,57,A
367689040,2022-01-05T03:59:15,33.77717,-91.06419,5.1,76.9,75.0,RICK CALHOUN,,WDI3506,31,12,52,,,57,A
367689040,2022-01-05T03:57:03,33.77667,-91.06794,5.4,87.0,79.0,RICK CALHOUN,,WDI3506,31,12,52,,,57,A
367689040,2022-01-05T01:36:34,33.65922,-91.21159,5.6,277.0,296.0,RICK CALHOUN,,WDI3506,31,12,52,,,57,A
367689040,2022-01-05T04:01:04,33.77773,-91.06117,5.0,77.0,74.0,RICK CALHOUN,,WDI3506,31,12,52,,,57,A
367689040,2022-01-05T04:07:04,33.77992,-91.05228,4.6,75.0,65.0,RICK CALHOUN,,WDI3506,31,12,52,,,57,A
367689040,2022-01-05T04:02:15,33.77804,-91.05934,4.8,77.0,72.0,RICK CALHOUN,,WDI3506,31,12,52,,,57,A
367689040,2022-01-05T04:05:54,33.77957,-91.05406,4.6,74.0,71.0,RICK CALHOUN,,WDI3506,31,12,52,,,57,A
367689040,2022-01-05T03:58:14,33.77689,-91.06589,5.2,81.3,76.0,RICK CALHOUN,,WDI3506,31,12,52,,,57,A
367689040,2022-01-05T04:10:34,33.78159,-91.04758,4.5,56.0,50.0,RICK CALHOUN,,WDI3506,31,12,52,,,57,A
367689040,2022-01-05T04:14:03,33.78429,-91.04312,4.8,47.0,36.0,RICK CALHOUN,,WDI3506,31,12,52,,,57,A
367689040,2022-01-05T04:23:13,33.79501,-91.03636,4.9,12.0,352.0,RICK CALHOUN,,WDI3506,31,12,52,,,57,A
367689040,2022-01-05T04:16:14,33.78634,-91.04058,4.7,39.0,24.0,RICK CALHOUN,,WDI3506,31,12,52,,,57,A
367689040,2022-01-05T04:08:13,33.78025,-91.05055,4.5,76.1,57.0,RICK CALHOUN,,WDI3506,31,12,52,,,57,A
367689040,2022-01-05T04:25:34,33.79818,-91.03627,4.9,352.2,338.0,RICK CALHOUN,,WDI3506,31,12,52,,,57,A
367689040,2022-01-05T04:11:45,33.78243,-91.04604,4.7,57.0,47.0,RICK CALHOUN,,WDI3506,31,12,52,,,57,A
367689040,2022-01-05T04:09:25,33.78081,-91.04894,4.3,59.2,51.0,RICK CALHOUN,,WDI3506,31,12,52,,,57,A
367689040,2022-01-05T04:19:44,33.79041,-91.03814,4.9,21.0,13.0,RICK CALHOUN,,WDI3506,31,12,52,,,57,A
367689040,2022-01-05T04:31:14,33.80612,-91.03997,5.7,339.0,336.0,RICK CALHOUN,,WDI3506,31,12,52,,,57,A
367689040,2022-01-05T04:20:54,33.79190,-91.03748,4.9,20.6,8.0,RICK CALHOUN,,WDI3506,31,12,52,,,57,A
367689040,2022-01-05T04:24:25,33.79662,-91.03616,4.8,358.0,346.0,RICK CALHOUN,,WDI3506,31,12,52,,,57,A
367689040,2022-01-05T04:33:34,33.80955,-91.04154,5.7,334.0,332.0,RICK CALHOUN,,WDI3506,31,12,52,,,57,A
367689040,2022-01-05T04:15:04,33.78523,-91.04189,4.9,50.3,33.0,RICK CALHOUN,,WDI3506,31,12,52,,,57,A
367689040,2022-01-05T04:34:47,33.81097,-91.04236,5.8,333.1,332.0,RICK CALHOUN,,WDI3506,31,12,52,,,57,A
367689040,2022-01-05T04:28:55,33.80270,-91.03838,5.6,338.0,338.0,RICK CALHOUN,,WDI3506,31,12,52,,,57,A
367689040,2022-01-05T04:22:04,33.79346,-91.03694,5.0,14.0,1.0,RICK CALHOUN,,WDI3506,31,12,52,,,57,A
367689040,2022-01-05T04:40:33,33.81993,-91.04791,6.1,331.0,322.0,RICK CALHOUN,,WDI3506,31,12,52,,,57,A
367689040,2022-01-05T04:41:44,33.82155,-91.04923,5.9,319.0,319.0,RICK CALHOUN,,WDI3506,31,12,52,,,57,A
367689040,2022-01-05T04:42:45,33.82280,-91.05051,6.1,319.8,321.0,RICK CALHOUN,,WDI3506,31,12,52,,,57,A
367689040,2022-01-05T04:27:54,33.80128,-91.03768,5.4,337.6,337.0,RICK CALHOUN,,WDI3506,31,12,52,,,57,A
367689040,2022-01-05T04:35:54,33.81292,-91.04351,5.9,332.2,331.0,RICK CALHOUN,,WDI3506,31,12,52,,,57,A
367689040,2022-01-05T04:30:05,33.80442,-91.03919,5.6,339.0,338.0,RICK CALHOUN,,WDI3506,31,12,52,,,57,A
367689040,2022-01-05T04:46:15,33.82745,-91.05494,5.9,322.0,324.0,RICK CALHOUN,,WDI3506,31,12,52,,,57,A
367689040,2022-01-05T04:47:24,33.82891,-91.05634,5.7,323.0,326.0,RICK CALHOUN,,WDI3506,31,12,52,,,57,A
367689040,2022-01-05T04:32:25,33.80784,-91.04076,5.7,341.0,336.0,RICK CALHOUN,,WDI3506,31,12,52,,,57,A
367689040,2022-01-05T04:49:34,33.83172,-91.05856,5.5,324.0,326.0,RICK CALHOUN,,WDI3506,31,12,52,,,57,A
367689040,2022-01-05T04:37:03,33.81464,-91.04457,6.0,332.0,329.0,RICK CALHOUN,,WDI3506,31,12,52,,,57,A
367689040,2022-01-05T04:43:54,33.82434,-91.05208,6.2,317.9,322.0,RICK CALHOUN,,WDI3506,31,12,52,,,57,A
367689040,2022-01-05T04:45:05,33.82590,-91.05361,6.1,324.0,325.0,RICK CALHOUN,,WDI3506,31,12,52,,,57,A
367689040,2022-01-05T04:56:15,33.83942,-91.06500,4.8,326.0,333.0,RICK CALHOUN,,WDI3506,31,12,52,,,57,A
367689040,2022-01-05T04:39:15,33.81791,-91.04670,6.2,332.0,327.0,RICK CALHOUN,,WDI3506,31,12,52,,,57,A
367689040,2022-01-05T04:54:05,33.83703,-91.06302,4.9,325.0,327.0,RICK CALHOUN,,WDI3506,31,12,52,,,57,A
367689040,2022-01-05T04:59:34,33.84337,-91.06725,4.7,343.4,343.0,RICK CALHOUN,,WDI3506,31,12,52,,,57,A
367689040,2022-01-05T04:51:54,33.83465,-91.06083,5.1,329.0,325.0,RICK CALHOUN,,WDI3506,31,12,52,,,57,A
367689040,2022-01-05T04:52:55,33.83575,-91.06179,5.0,319.8,324.0,RICK CALHOUN,,WDI3506,31,12,52,,,57,A
367689040,2022-01-05T04:55:14,33.83832,-91.06406,4.8,324.0,329.0,RICK CALHOUN,,WDI3506,31,12,52,,,57,A
367689040,2022-01-05T05:06:45,33.85306,-91.07052,5.5,341.6,352.0,RICK CALHOUN,,WDI3506,31,12,52,,,57,A
367689040,2022-01-05T05:13:23,33.86153,-91.07256,4.0,352.0,6.0,RICK CALHOUN,,WDI3506,31,12,52,,,57,A
367689040,2022-01-05T04:58:33,33.84213,-91.06672,4.7,338.0,342.0,RICK CALHOUN,,WDI3506,31,12,52,,,57,A
367689040,2022-01-05T04:57:25,33.84078,-91.06594,4.8,330.0,337.0,RICK CALHOUN,,WDI3506,31,12,52,,,57,A
367689040,2022-01-05T05:00:03,33.84401,-91.06744,4.8,345.3,343.0,RICK CALHOUN,,WDI3506,31,12,52,,,57,A
367689040,2022-01-05T05:01:14,33.84552,-91.06794,4.8,342.0,344.0,RICK CALHOUN,,WDI3506,31,12,52,,,57,A
367689040,2022-01-05T05:07:54,33.85473,-91.07094,5.3,354.1,355.0,RICK CALHOUN,,WDI3506,31,12,52,,,57,A
367689040,2022-01-05T05:02:15,33.84682,-91.06832,4.8,345.8,344.0,RICK CALHOUN,,WDI3506,31,12,52,,,57,A
367689040,2022-01-05T05:11:13,33.85911,-91.07188,4.3,342.5,357.0,RICK CALHOUN,,WDI3506,31,12,52,,,57,A
367689040,2022-01-05T05:17:54,33.86666,-91.07207,4.5,10.0,17.0,RICK CALHOUN,,WDI3506,31,12,52,,,57,A
367689040,2022-01-05T05:12:14,33.86024,-91.07228,4.1,345.5,1.0,RICK CALHOUN,,WDI3506,31,12,52,,,57,A
367689040,2022-01-05T05:03:23,33.84833,-91.06888,5.0,343.0,347.0,RICK CALHOUN,,WDI3506,31,12,52,,,57,A
367689040,2022-01-05T05:04:34,33.84991,-91.06934,5.2,346.0,346.0,RICK CALHOUN,,WDI3506,31,12,52,,,57,A
367689040,2022-01-05T05:08:55,33.85622,-91.07112,5.1,353.0,354.0,RICK CALHOUN,,WDI3506,31,12,52,,,57,A
367689040,2022-01-05T05:21:24,33.87114,-91.07069,4.9,11.0,28.0,RICK CALHOUN,,WDI3506,31,12,52,,,57,A
367689040,2022-01-05T05:26:05,33.87668,-91.06730,4.7,51.0,45.0,RICK CALHOUN,,WDI3506,31,12,52,,,57,A
367689040,2022-01-05T05:28:24,33.87889,-91.06467,4.9,43.0,45.0,RICK CALHOUN,,WDI3506,31,12,52,,,57,A
367689040,2022-01-05T05:23:43,33.87415,-91.06939,5.0,20.9,38.0,RICK CALHOUN,,WDI3506,31,12,52,,,57,A
367689040,2022-01-05T05:20:15,33.86967,-91.07121,4.8,18.0,24.0,RICK CALHOUN,,WDI3506,31,12,52,,,57,A
367689040,2022-01-05T05:16:44,33.86530,-91.07246,4.2,17.0,17.0,RICK CALHOUN,,WDI3506,31,12,52,,,57,A
367689040,2022-01-05T05:27:15,33.87774,-91.06589,4.8,39.0,43.0,RICK CALHOUN,,WDI3506,31,12,52,,,57,A
367689040,2022-01-05T05:19:04,33.86817,-91.07174,4.7,12.0,22.0,RICK CALHOUN,,WDI3506,31,12,52,,,57,A
367689040,2022-01-05T05:22:34,33.87267,-91.07008,4.9,22.0,32.0,RICK CALHOUN,,WDI3506,31,12,52,,,57,A
367689040,2022-01-05T05:35:24,33.88510,-91.05602,4.9,51.0,51.0,RICK CALHOUN,,WDI3506,31,12,52,,,57,A
367689040,2022-01-05T05:24:56,33.87562,-91.06854,4.8,32.0,44.0,RICK CALHOUN,,WDI3506,31,12,52,,,57,A
367689040,2022-01-05T05:31:54,33.88224,-91.06050,4.9,44.0,51.0,RICK CALHOUN,,WDI3506,31,12,52,,,57,A
367689040,2022-01-05T05:34:13,33.88411,-91.05755,4.8,52.0,50.0,RICK CALHOUN,,WDI3506,31,12,52,,,57,A
367689040,2022-01-05T05:30:44,33.88109,-91.06187,5.0,45.0,49.0,RICK CALHOUN,,WDI3506,31,12,52,,,57,A
367689040,2022-01-05T05:41:05,33.88928,-91.04878,4.6,71.0,50.0,RICK CALHOUN,,WDI3506,31,12,52,,,57,A
367689040,2022-01-05T05:50:14,33.89723,-91.03917,5.0,36.4,41.0,RICK CALHOUN,,WDI3506,31,12,52,,,57,A
367689040,2022-01-05T05:36:25,33.88593,-91.05472,4.9,54.0,53.0,RICK CALHOUN,,WDI3506,31,12,52,,,57,A
367689040,2022-01-05T05:42:13,33.88995,-91.04740,4.1,48.5,44.0,RICK CALHOUN,,WDI3506,31,12,52,,,57,A
367689040,2022-01-05T05:37:35,33.88675,-91.05314,4.7,56.9,50.0,RICK CALHOUN,,WDI3506,31,12,52,,,57,A
367689040,2022-01-05T05:29:35,33.88003,-91.06331,5.0,45.0,49.0,RICK CALHOUN,,WDI3506,31,12,52,,,57,A
367689040,2022-01-05T05:52:24,33.89962,-91.03690,5.1,38.0,42.0,RICK CALHOUN,,WDI3506,31,12,52,,,57,A
367689040,2022-01-05T05:33:05,33.88321,-91.05903,4.8,56.0,51.0,RICK CALHOUN,,WDI3506,31,12,52,,,57,A
367689040,2022-01-05T05:47:53,33.89479,-91.04160,4.6,45.0,41.0,RICK CALHOUN,,WDI3506,31,12,52,,,57,A
367689040,2022-01-05T05:38:44,33.88768,-91.05172,4.6,48.0,50.0,RICK CALHOUN,,WDI3506,31,12,52,,,57,A
367689040,2022-01-05T05:44:24,33.89169,-91.04520,4.3,42.2,44.0,RICK CALHOUN,,WDI3506,31,12,52,,,57,A
367689040,2022-01-05T05:49:05,33.89597,-91.04032,4.8,40.0,40.0,RICK CALHOUN,,WDI3506,31,12,52,,,57,A
367689040,2022-01-05T06:05:53,33.91319,-91.02368,4.2,24.7,36.0,RICK CALHOUN,,WDI3506,31,12,52,,,57,A
367689040,2022-01-05T05:51:15,33.89832,-91.03814,5.0,37.0,41.0,RICK CALHOUN,,WDI3506,31,12,52,,,57,A
367689040,2022-01-05T05:53:34,33.90088,-91.03563,5.1,43.0,42.0,RICK CALHOUN,,WDI3506,31,12,52,,,57,A
367689040,2022-01-05T05:58:34,33.90593,-91.03013,4.7,42.0,39.0,RICK CALHOUN,,WDI3506,31,12,52,,,57,A
367689040,2022-01-05T05:55:04,33.90243,-91.03392,5.0,42.0,40.0,RICK CALHOUN,,WDI3506,31,12,52,,,57,A
367689040,2022-01-05T05:59:44,33.90700,-91.02886,4.7,42.0,36.0,RICK CALHOUN,,WDI3506,31,12,52,,,57,A
367689040,2022-01-05T06:00:03,33.90734,-91.02850,4.6,42.0,36.0,RICK CALHOUN,,WDI3506,31,12,52,,,57,A
367689040,2022-01-05T06:12:44,33.91913,-91.01722,4.4,55.0,39.0,RICK CALHOUN,,WDI3506,31,12,52,,,57,A
367689040,2022-01-05T06:17:24,33.92310,-91.01363,3.7,33.9,26.0,RICK CALHOUN,,WDI3506,31,12,52,,,57,A
367689040,2022-01-05T05:57:24,33.90478,-91.03138,4.8,41.0,39.0,RICK CALHOUN,,WDI3506,31,12,52,,,57,A
367689040,2022-01-05T06:02:24,33.90971,-91.02638,4.5,33.3,36.0,RICK CALHOUN,,WDI3506,31,12,52,,,57,A
367689040,2022-01-05T06:19:45,33.92510,-91.01210,3.8,30.0,12.0,RICK CALHOUN,,WDI3506,31,12,52,,,57,A
367689040,2022-01-05T06:20:55,33.92625,-91.01145,3.9,24.0,5.0,RICK CALHOUN,,WDI3506,31,12,52,,,57,A
367689040,2022-01-05T06:22:03,33.92745,-91.01092,4.1,15.0,355.0,RICK CALHOUN,,WDI3506,31,12,52,,,57,A
367689040,2022-01-05T06:23:15,33.92881,-91.01068,4.2,4.4,347.0,RICK CALHOUN,,WDI3506,31,12,52,,,57,A
367689040,2022-01-05T06:03:34,33.91084,-91.02528,4.4,42.0,35.0,RICK CALHOUN,,WDI3506,31,12,52,,,57,A
367689040,2022-01-05T06:25:35,33.93155,-91.01113,4.4,342.0,338.0,RICK CALHOUN,,WDI3506,31,12,52,,,57,A
367689040,2022-01-05T06:15:03,33.92103,-91.01511,3.7,30.0,32.0,RICK CALHOUN,,WDI3506,31,12,52,,,57,A
367689040,2022-01-05T06:11:35,33.91833,-91.01862,4.3,51.9,45.0,RICK CALHOUN,,WDI3506,31,12,52,,,57,A
367689040,2022-01-05T06:06:55,33.91424,-91.02298,4.2,29.0,39.0,RICK CALHOUN,,WDI3506,31,12,52,,,57,A
367689040,2022-01-05T06:29:03,33.93560,-91.01304,4.6,330.0,321.0,RICK CALHOUN,,WDI3506,31,12,52,,,57,A
367689040,2022-01-05T06:08:03,33.91540,-91.02217,4.3,31.0,42.0,RICK CALHOUN,,WDI3506,31,12,52,,,57,A
367689040,2022-01-05T06:30:15,33.93686,-91.01405,4.6,322.0,315.0,RICK CALHOUN,,WDI3506,31,12,52,,,57,A
367689040,2022-01-05T06:09:14,33.91651,-91.02112,4.3,46.0,46.0,RICK CALHOUN,,WDI3506,31,12,52,,,57,A
367689040,2022-01-05T06:13:54,33.92005,-91.01599,4.1,43.0,34.0,RICK CALHOUN,,WDI3506,31,12,52,,,57,A
367689040,2022-01-05T06:10:24,33.91746,-91.01989,4.3,49.0,46.0,RICK CALHOUN,,WDI3506,31,12,52,,,57,A
367689040,2022-01-05T06:18:35,33.92406,-91.01274,3.6,29.3,18.0,RICK CALHOUN,,WDI3506,31,12,52,,,57,A
367689040,2022-01-05T06:16:14,33.92206,-91.01438,3.7,32.0,30.0,RICK CALHOUN,,WDI3506,31,12,52,,,57,A
367689040,2022-01-05T06:38:25,33.94343,-91.02262,4.3,281.0,292.0,RICK CALHOUN,,WDI3506,31,12,52,,,57,A
367689040,2022-01-05T06:26:45,33.93295,-91.01153,4.6,347.8,331.0,RICK CALHOUN,,WDI3506,31,12,52,,,57,A
367689040,2022-01-05T06:27:53,33.93427,-91.01222,4.6,335.0,326.0,RICK CALHOUN,,WDI3506,31,12,52,,,57,A
367689040,2022-01-05T06:39:35,33.94368,-91.02426,4.4,277.7,296.0,RICK CALHOUN,,WDI3506,31,12,52,,,57,A
367689040,2022-01-05T06:40:44,33.94424,-91.02569,4.1,311.0,298.0,RICK CALHOUN,,WDI3506,31,12,52,,,57,A
367689040,2022-01-05T06:33:45,33.94039,-91.01768,4.8,327.0,310.0,RICK CALHOUN,,WDI3506,31,12,52,,,57,A
367689040,2022-01-05T06:24:24,33.93015,-91.01079,4.2,348.0,342.0,RICK CALHOUN,,WDI3506,31,12,52,,,57,A
367689040,2022-01-05T06:34:55,33.94170,-91.01853,4.3,326.3,299.0,RICK CALHOUN,,WDI3506,31,12,52,,,57,A
367689040,2022-01-05T06:46:25,33.94706,-91.03271,4.5,295.0,287.0,RICK CALHOUN,,WDI3506,31,12,52,,,57,A
367689040,2022-01-05T06:36:03,33.94268,-91.01956,4.1,310.0,290.0,RICK CALHOUN,,WDI3506,31,12,52,,,57,A
367689040,2022-01-05T06:47:35,33.94750,-91.03440,4.6,284.0,287.0,RICK CALHOUN,,WDI3506,31,12,52,,,57,A
367689040,2022-01-05T06:32:34,33.93923,-91.01644,4.7,314.0,310.0,RICK CALHOUN,,WDI3506,31,12,52,,,57,A
367689040,2022-01-05T06:31:24,33.93800,-91.01529,4.8,323.0,316.0,RICK CALHOUN,,WDI3506,31,12,52,,,57,A
367689040,2022-01-05T06:41:54,33.94496,-91.02700,4.2,298.0,295.0,RICK CALHOUN,,WDI3506,31,12,52,,,57,A
367689040,2022-01-05T06:42:55,33.94568,-91.02813,4.2,306.6,288.0,RICK CALHOUN,,WDI3506,31,12,52,,,57,A
367689040,2022-01-05T06:37:14,33.94327,-91.02101,4.2,279.0,286.0,RICK CALHOUN,,WDI3506,31,12,52,,,57,A
367689040,2022-01-05T06:57:54,33.95009,-91.04457,1.8,263.0,279.0,RICK CALHOUN,,WDI3506,31,12,52,,,57,A
367689040,2022-01-05T06:44:04,33.94611,-91.02957,4.1,278.0,288.0,RICK CALHOUN,,WDI3506,31,12,52,,,57,A
367689040,2022-01-05T06:45:13,33.94654,-91.03106,4.3,290.0,288.0,RICK CALHOUN,,WDI3506,31,12,52,,,57,A
367689040,2022-01-05T07:00:03,33.95003,-91.04544,0.8,269.0,284.0,RICK CALHOUN,,WDI3506,31,12,52,,,57,A
367689040,2022-01-05T07:02:14,33.95009,-91.04585,0.4,288.0,285.0,RICK CALHOUN,,WDI3506,31,12,52,,,57,A
367689040,2022-01-05T06:56:44,33.95000,-91.04376,2.7,296.0,279.0,RICK CALHOUN,,WDI3506,31,12,52,,,57,A
367689040,2022-01-05T07:04:24,33.95018,-91.04603,0.3,265.0,284.0,RICK CALHOUN,,WDI3506,31,12,52,,,57,A
367689040,2022-01-05T07:05:34,33.95020,-91.04611,0.2,305.0,285.0,RICK CALHOUN,,WDI3506,31,12,52,,,57,A
367689040,2022-01-05T06:54:23,33.94948,-91.04168,2.9,289.0,281.0,RICK CALHOUN,,WDI3506,31,12,52,,,57,A
367689040,2022-01-05T06:59:03,33.95003,-91.04512,1.2,268.4,283.0,RICK CALHOUN,,WDI3506,31,12,52,,,57,A
367689040,2022-01-05T06:50:54,33.94864,-91.03841,3.2,290.0,285.0,RICK CALHOUN,,WDI3506,31,12,52,,,57,A
367689040,2022-01-05T07:01:04,33.95004,-91.04568,0.6,284.0,285.0,RICK CALHOUN,,WDI3506,31,12,52,,,57,A
367689040,2022-01-05T07:15:43,33.95102,-91.04646,0.3,297.4,274.0,RICK CALHOUN,,WDI3506,31,12,52,,,57,A
367689040,2022-01-05T07:06:35,33.95025,-91.04614,0.2,338.5,285.0,RICK CALHOUN,,WDI3506,31,12,52,,,57,A
367689040,2022-01-05T07:11:14,33.95071,-91.04631,0.4,343.0,282.0,RICK CALHOUN,,WDI3506,31,12,52,,,57,A
367689040,2022-01-05T07:18:04,33.95089,-91.04661,0.4,197.0,274.0,RICK CALHOUN,,WDI3506,31,12,52,,,57,A
367689040,2022-01-05T07:13:24,33.95087,-91.04632,0.3,348.0,279.0,RICK CALHOUN,,WDI3506,31,12,52,,,57,A
367689040,2022-01-05T07:03:15,33.95014,-91.04592,0.3,320.0,284.0,RICK CALHOUN,,WDI3506,31,12,52,,,57,A
367689040,2022-01-05T07:12:15,33.95079,-91.04633,0.3,357.1,280.0,RICK CALHOUN,,WDI3506,31,12,52,,,57,A
367689040,2022-01-05T07:22:44,33.95053,-91.04664,0.3,198.2,278.0,RICK CALHOUN,,WDI3506,31,12,52,,,57,A
367689040,2022-01-05T02:57:04,33.72626,-91.14624,6.0,7.0,7.0,RICK CALHOUN,,WDI3506,31,12,52,,,57,A
367689040,2022-01-05T07:14:33,33.95096,-91.04640,0.3,328.0,276.0,RICK CALHOUN,,WDI3506,31,12,52,,,57,A
367689040,2022-01-05T07:20:24,33.95069,-91.04663,0.3,170.0,278.0,RICK CALHOUN,,WDI3506,31,12,52,,,57,A
367689040,2022-01-05T07:16:54,33.95100,-91.04654,0.3,226.0,273.0,RICK CALHOUN,,WDI3506,31,12,52,,,57,A
367689040,2022-01-05T07:19:14,33.95078,-91.04665,0.3,178.0,276.0,RICK CALHOUN,,WDI3506,31,12,52,,,57,A
367689040,2022-01-05T07:26:14,33.95034,-91.04672,0.1,10.0,283.0,RICK CALHOUN,,WDI3506,31,12,52,,,57,A
367689040,2022-01-05T07:29:45,33.95043,-91.04671,0.1,201.0,282.0,RICK CALHOUN,,WDI3506,31,12,52,,,57,A
367689040,2022-01-05T07:30:53,33.95040,-91.04675,0.2,216.0,284.0,RICK CALHOUN,,WDI3506,31,12,52,,,57,A
367689040,2022-01-05T07:40:14,33.95106,-91.04720,0.3,274.0,276.0,RICK CALHOUN,,WDI3506,31,12,52,,,57,A
367689040,2022-01-05T07:28:34,33.95045,-91.04672,0.1,19.0,281.0,RICK CALHOUN,,WDI3506,31,12,52,,,57,A
367689040,2022-01-05T07:23:54,33.95042,-91.04669,0.4,197.0,280.0,RICK CALHOUN,,WDI3506,31,12,52,,,57,A
367689040,2022-01-05T07:41:24,33.95103,-91.04730,0.3,241.0,276.0,RICK CALHOUN,,WDI3506,31,12,52,,,57,A
367689040,2022-01-05T07:25:03,33.95034,-91.04672,0.1,205.0,283.0,RICK CALHOUN,,WDI3506,31,12,52,,,57,A
367689040,2022-01-05T07:21:34,33.95061,-91.04663,0.2,191.3,278.0,RICK CALHOUN,,WDI3506,31,12,52,,,57,A
367689040,2022-01-05T07:33:14,33.95052,-91.04675,0.5,6.0,284.0,RICK CALHOUN,,WDI3506,31,12,52,,,57,A
367689040,2022-01-05T07:46:04,33.95069,-91.04748,0.1,163.0,279.0,RICK CALHOUN,,WDI3506,31,12,52,,,57,A
367689040,2022-01-05T07:48:23,33.95069,-91.04747,0.0,303.0,277.0,RICK CALHOUN,,WDI3506,31,12,52,,,57,A
367689040,2022-01-05T03:09:54,33.74667,-91.14083,5.7,27.0,29.0,RICK CALHOUN,,WDI3506,31,12,52,,,57,A
367689040,2022-01-05T07:47:13,33.95068,-91.04748,0.0,167.0,278.0,RICK CALHOUN,,WDI3506,31,12,52,,,57,A
367689040,2022-01-05T07:35:34,33.95074,-91.04679,0.3,331.0,281.0,RICK CALHOUN,,WDI3506,31,12,52,,,57,A
367689040,2022-01-05T07:43:44,33.95082,-91.04750,0.4,196.1,278.0,RICK CALHOUN,,WDI3506,31,12,52,,,57,A
367689040,2022-01-05T03:11:05,33.74834,-91.13976,5.8,29.0,32.0,RICK CALHOUN,,WDI3506,31,12,52,,,57,A
367689040,2022-01-05T07:37:54,33.95094,-91.04696,0.4,322.0,278.0,RICK CALHOUN,,WDI3506,31,12,52,,,57,A
367689040,2022-01-05T07:53:05,33.95040,-91.04762,0.1,288.0,282.0,RICK CALHOUN,,WDI3506,31,12,52,,,57,A
367689040,2022-01-05T07:50:44,33.95062,-91.04755,0.5,193.0,277.0,RICK CALHOUN,,WDI3506,31,12,52,,,57,A
367689040,2022-01-05T07:55:25,33.95046,-91.04783,0.6,237.0,281.0,RICK CALHOUN,,WDI3506,31,12,52,,,57,A
367689040,2022-01-05T07:42:33,33.95095,-91.04743,0.4,216.0,276.0,RICK CALHOUN,,WDI3506,31,12,52,,,57,A
367689040,2022-01-05T07:44:54,33.95074,-91.04750,0.2,160.0,279.0,RICK CALHOUN,,WDI3506,31,12,52,,,57,A
367689040,2022-01-05T08:07:03,33.95260,-91.06164,5.0,281.0,281.0,RICK CALHOUN,,WDI3506,31,12,52,,,57,A
367689040,2022-01-05T07:49:33,33.95069,-91.04751,0.1,268.0,276.0,RICK CALHOUN,,WDI3506,31,12,52,,,57,A
367689040,2022-01-05T08:08:05,33.95290,-91.06334,5.0,281.0,281.0,RICK CALHOUN,,WDI3506,31,12,52,,,57,A
367689040,2022-01-05T07:56:34,33.95039,-91.04802,0.5,297.0,285.0,RICK CALHOUN,,WDI3506,31,12,52,,,57,A
367689040,2022-01-05T07:57:43,33.95059,-91.04838,1.6,299.0,282.0,RICK CALHOUN,,WDI3506,31,12,52,,,57,A
367689040,2022-01-05T07:54:13,33.95047,-91.04769,0.4,318.0,280.0,RICK CALHOUN,,WDI3506,31,12,52,,,57,A
367689040,2022-01-05T07:58:54,33.95083,-91.04927,3.0,280.3,280.0,RICK CALHOUN,,WDI3506,31,12,52,,,57,A
367689040,2022-01-05T08:12:33,33.95407,-91.07083,5.1,279.0,280.0,RICK CALHOUN,,WDI3506,31,12,52,,,57,A
367689040,2022-01-05T08:01:15,33.95133,-91.05235,4.5,276.0,279.0,RICK CALHOUN,,WDI3506,31,12,52,,,57,A
367689040,2022-01-05T08:09:15,33.95325,-91.06526,5.1,282.0,280.0,RICK CALHOUN,,WDI3506,31,12,52,,,57,A
367689040,2022-01-05T08:05:55,33.95233,-91.05976,5.0,281.0,280.0,RICK CALHOUN,,WDI3506,31,12,52,,,57,A
367689040,2022-01-05T08:18:16,33.95558,-91.08058,5.2,277.0,291.0,RICK CALHOUN,,WDI3506,31,12,52,,,57,A
367689040,2022-01-05T08:04:44,33.95197,-91.05787,4.9,281.0,282.0,RICK CALHOUN,,WDI3506,31,12,52,,,57,A
367689040,2022-01-05T08:13:44,33.95434,-91.07282,5.2,279.0,281.0,RICK CALHOUN,,WDI3506,31,12,52,,,57,A
367689040,2022-01-05T08:22:45,33.95776,-91.08741,4.9,310.0,313.0,RICK CALHOUN,,WDI3506,31,12,52,,,57,A
367689040,2022-01-05T08:11:25,33.95383,-91.06888,5.1,278.0,279.0,RICK CALHOUN,,WDI3506,31,12,52,,,57,A
367689040,2022-01-05T08:17:15,33.95531,-91.07885,5.1,284.0,289.0,RICK CALHOUN,,WDI3506,31,12,52,,,57,A
367689040,2022-01-05T08:25:05,33.95980,-91.09052,5.2,314.0,332.0,RICK CALHOUN,,WDI3506,31,12,52,,,57,A
367689040,2022-01-05T08:16:05,33.95493,-91.07691,5.2,278.5,287.0,RICK CALHOUN,,WDI3506,31,12,52,,,57,A
367689040,2022-01-05T08:19:23,33.95574,-91.08260,5.2,275.0,298.0,RICK CALHOUN,,WDI3506,31,12,52,,,57,A
367689040,2022-01-05T08:20:33,33.95614,-91.08440,4.9,287.0,305.0,RICK CALHOUN,,WDI3506,31,12,52,,,57,A
367689040,2022-01-05T08:23:54,33.95860,-91.08911,5.1,305.0,324.0,RICK CALHOUN,,WDI3506,31,12,52,,,57,A
367689040,2022-01-05T08:33:14,33.97181,-91.09197,6.2,21.0,29.0,RICK CALHOUN,,WDI3506,31,12,52,,,57,A
367689040,2022-01-05T08:21:34,33.95676,-91.08585,4.8,303.0,310.0,RICK CALHOUN,,WDI3506,31,12,52,,,57,A
367689040,2022-01-05T08:29:44,33.96619,-91.09364,5.6,1.0,16.0,RICK CALHOUN,,WDI3506,31,12,52,,,57,A
367689040,2022-01-05T08:30:54,33.96800,-91.09328,5.9,10.4,19.0,RICK CALHOUN,,WDI3506,31,12,52,,,57,A
367689040,2022-01-05T08:32:03,33.96990,-91.09278,6.0,18.0,26.0,RICK CALHOUN,,WDI3506,31,12,52,,,57,A
367689040,2022-01-05T03:29:13,33.76789,-91.11759,5.5,44.0,52.0,RICK CALHOUN,,WDI3506,31,12,52,,,57,A
367689040,2022-01-05T08:45:54,33.97951,-91.08525,0.2,41.8,52.0,RICK CALHOUN,,WDI3506,31,12,52,,,57,A
367689040,2022-01-05T03:30:25,33.76924,-91.11617,5.4,41.0,55.0,RICK CALHOUN,,WDI3506,31,12,52,,,57,A
367689040,2022-01-05T08:35:35,33.97534,-91.09021,5.1,29.0,42.0,RICK CALHOUN,,WDI3506,31,12,52,,,57,A
367689040,2022-01-05T08:50:33,33.97971,-91.08513,0.3,345.0,51.0,RICK CALHOUN,,WDI3506,31,12,52,,,57,A
367689040,2022-01-05T08:51:45,33.97983,-91.08516,0.4,350.0,54.0,RICK CALHOUN,,WDI3506,31,12,52,,,57,A
367689040,2022-01-05T08:36:44,33.97669,-91.08934,4.5,24.0,49.0,RICK CALHOUN,,WDI3506,31,12,52,,,57,A
367689040,2022-01-05T08:39:04,33.97839,-91.08747,2.9,59.0,59.0,RICK CALHOUN,,WDI3506,31,12,52,,,57,A
367689040,2022-01-05T08:40:14,33.97880,-91.08658,2.4,62.0,57.0,RICK CALHOUN,,WDI3506,31,12,52,,,57,A
367689040,2022-01-05T08:37:55,33.97780,-91.08844,3.8,39.9,59.0,RICK CALHOUN,,WDI3506,31,12,52,,,57,A
367689040,2022-01-05T08:41:25,33.97912,-91.08588,1.7,60.0,55.0,RICK CALHOUN,,WDI3506,31,12,52,,,57,A
367689040,2022-01-05T08:52:54,33.97991,-91.08514,0.2,23.0,55.0,RICK CALHOUN,,WDI3506,31,12,52,,,57,A
367689040,2022-01-05T08:42:35,33.97930,-91.08547,0.9,63.0,52.0,RICK CALHOUN,,WDI3506,31,12,52,,,57,A
367689040,2022-01-05T08:55:15,33.97995,-91.08503,0.1,97.4,55.0,RICK CALHOUN,,WDI3506,31,12,52,,,57,A
367689040,2022-01-05T08:43:44,33.97940,-91.08530,0.3,12.0,51.0,RICK CALHOUN,,WDI3506,31,12,52,,,57,A
367689040,2022-01-05T08:58:34,33.97993,-91.08492,0.1,24.0,51.0,RICK CALHOUN,,WDI3506,31,12,52,,,57,A
367689040,2022-01-05T08:44:53,33.97946,-91.08528,0.2,18.6,52.0,RICK CALHOUN,,WDI3506,31,12,52,,,57,A
367689040,2022-01-05T08:48:15,33.97957,-91.08509,0.1,69.0,50.0,RICK CALHOUN,,WDI3506,31,12,52,,,57,A
367689040,2022-01-05T03:36:14,33.77369,-91.10823,5.0,68.1,71.0,RICK CALHOUN,,WDI3506,31,12,52,,,57,A
367689040,2022-01-05T08:49:24,33.97961,-91.08509,0.2,351.0,50.0,RICK CALHOUN,,WDI3506,31,12,52,,,57,A
367689040,2022-01-05T09:05:53,33.98018,-91.08488,0.3,165.0,60.0,RICK CALHOUN,,WDI3506,31,12,52,,,57,A
367689040,2022-01-05T03:37:24,33.77431,-91.10638,5.3,65.0,71.0,RICK CALHOUN,,WDI3506,31,12,52,,,57,A
367689040,2022-01-05T08:54:05,33.97994,-91.08509,0.2,69.7,55.0,RICK CALHOUN,,WDI3506,31,12,52,,,57,A
367689040,2022-01-05T08:47:05,33.97955,-91.08516,0.2,64.0,51.0,RICK CALHOUN,,WDI3506,31,12,52,,,57,A
367689040,2022-01-05T08:56:23,33.97993,-91.08500,0.1,124.8,54.0,RICK CALHOUN,,WDI3506,31,12,52,,,57,A
367689040,2022-01-05T08:59:45,33.98000,-91.08490,0.3,1.7,52.0,RICK CALHOUN,,WDI3506,31,12,52,,,57,A
367689040,2022-01-05T08:57:33,33.97991,-91.08495,0.1,94.0,52.0,RICK CALHOUN,,WDI3506,31,12,52,,,57,A
367689040,2022-01-05T09:01:14,33.98012,-91.08488,0.3,12.5,55.0,RICK CALHOUN,,WDI3506,31,12,52,,,57,A
367689040,2022-01-05T09:10:34,33.97995,-91.08467,0.1,68.3,55.0,RICK CALHOUN,,WDI3506,31,12,52,,,57,A
367689040,2022-01-05T09:03:34,33.98025,-91.08483,0.0,345.0,59.0,RICK CALHOUN,,WDI3506,31,12,52,,,57,A
367689040,2022-01-05T09:00:04,33.98003,-91.08490,0.3,1.0,53.0,RICK CALHOUN,,WDI3506,31,12,52,,,57,A
367689040,2022-01-05T09:04:44,33.98023,-91.08486,0.2,238.0,60.0,RICK CALHOUN,,WDI3506,31,12,52,,,57,A
367689040,2022-01-05T09:12:55,33.97998,-91.08454,0.2,63.0,55.0,RICK CALHOUN,,WDI3506,31,12,52,,,57,A
367689040,2022-01-05T09:09:24,33.97995,-91.08470,0.1,100.0,55.0,RICK CALHOUN,,WDI3506,31,12,52,,,57,A
367689040,2022-01-05T09:29:04,33.98039,-91.08413,0.3,323.0,52.0,RICK CALHOUN,,WDI3506,31,12,52,,,57,A
367689040,2022-01-05T09:14:03,33.98000,-91.08449,0.1,56.0,55.0,RICK CALHOUN,,WDI3506,31,12,52,,,57,A
367689040,2022-01-05T09:18:36,31.23972,-91.64876,5.0,331.0,325.0,RICK CALHOUN,,WDI3506,31,12,52,,,57,A
367689040,2022-01-05T09:33:43,33.98060,-91.08432,0.1,336.0,57.0,RICK CALHOUN,,WDI3506,31,12,52,,,57,A
367689040,2022-01-05T09:22:03,33.98029,-91.08423,0.3,84.0,58.0,RICK CALHOUN,,WDI3506,31,12,52,,,57,A
367689040,2022-01-05T09:17:33,33.98010,-91.08437,0.2,5.0,56.0,RICK CALHOUN,,WDI3506,31,12,52,,,57,A
367689040,2022-01-05T09:23:13,33.98029,-91.08413,0.3,94.4,56.0,RICK CALHOUN,,WDI3506,31,12,52,,,57,A
367689040,2022-01-05T09:19:44,33.98025,-91.08438,0.2,29.0,59.0,RICK CALHOUN,,WDI3506,31,12,52,,,57,A
367689040,2022-01-05T09:08:13,33.97998,-91.08472,0.2,140.0,55.0,RICK CALHOUN,,WDI3506,31,12,52,,,57,A
367689040,2022-01-05T09:39:25,33.98038,-91.08402,0.1,136.9,51.0,RICK CALHOUN,,WDI3506,31,12,52,,,57,A
367689040,2022-01-05T09:30:14,33.98049,-91.08424,0.4,321.0,55.0,RICK CALHOUN,,WDI3506,31,12,52,,,57,A
367689040,2022-01-05T09:16:23,33.98005,-91.08441,0.1,47.0,55.0,RICK CALHOUN,,WDI3506,31,12,52,,,57,A
367689040,2022-01-05T09:47:23,33.98036,-91.08401,0.1,316.0,50.0,RICK CALHOUN,,WDI3506,31,12,52,,,57,A
367689040,2022-01-05T09:34:44,33.98060,-91.08428,0.2,122.0,57.0,RICK CALHOUN,,WDI3506,31,12,52,,,57,A
367689040,2022-01-05T09:27:54,33.98036,-91.08411,0.2,130.3,53.0,RICK CALHOUN,,WDI3506,31,12,52,,,57,A
367689040,2022-01-05T09:37:04,33.98048,-91.08415,0.3,138.0,54.0,RICK CALHOUN,,WDI3506,31,12,52,,,57,A
367689040,2022-01-05T09:20:54,33.98028,-91.08433,0.2,71.0,58.0,RICK CALHOUN,,WDI3506,31,12,52,,,57,A
367689040,2022-01-05T09:43:55,33.98035,-91.08402,0.0,135.0,51.0,RICK CALHOUN,,WDI3506,31,12,52,,,57,A
367689040,2022-01-05T09:35:54,33.98055,-91.08422,0.2,135.0,55.0,RICK CALHOUN,,WDI3506,31,12,52,,,57,A
367689040,2022-01-05T09:31:23,33.98056,-91.08430,0.2,323.0,57.0,RICK CALHOUN,,WDI3506,31,12,52,,,57,A
367689040,2022-01-05T09:32:34,33.98060,-91.08431,0.1,332.0,58.0,RICK CALHOUN,,WDI3506,31,12,52,,,57,A
367689040,2022-01-05T09:40:35,33.98036,-91.08402,0.1,133.0,50.0,RICK CALHOUN,,WDI3506,31,12,52,,,57,A
367689040,2022-01-05T09:42:54,33.98034,-91.08399,0.0,135.4,50.0,RICK CALHOUN,,WDI3506,31,12,52,,,57,A
367689040,2022-01-05T09:41:45,33.98035,-91.08399,0.0,135.0,50.0,RICK CALHOUN,,WDI3506,31,12,52,,,57,A
367689040,2022-01-05T09:49:45,33.98040,-91.08406,0.1,319.0,51.0,RICK CALHOUN,,WDI3506,31,12,52,,,57,A
367689040,2022-01-05T09:57:44,33.98045,-91.08409,0.1,318.0,52.0,RICK CALHOUN,,WDI3506,31,12,52,,,57,A
367689040,2022-01-05T09:50:53,33.98043,-91.08410,0.2,318.0,52.0,RICK CALHOUN,,WDI3506,31,12,52,,,57,A
367689040,2022-01-05T09:46:14,33.98035,-91.08401,0.0,135.0,50.0,RICK CALHOUN,,WDI3506,31,12,52,,,57,A
367689040,2022-01-05T09:38:13,33.98042,-91.08408,0.2,138.5,52.0,RICK CALHOUN,,WDI3506,31,12,52,,,57,A
367689040,2022-01-05T09:48:34,33.98038,-91.08402,0.1,314.8,51.0,RICK CALHOUN,,WDI3506,31,12,52,,,57,A
367689040,2022-01-05T10:03:34,33.98050,-91.08416,0.0,141.0,54.0,RICK CALHOUN,,WDI3506,31,12,52,,,57,A
367689040,2022-01-05T10:04:45,33.98048,-91.08412,0.1,141.0,53.0,RICK CALHOUN,,WDI3506,31,12,52,,,57,A
367689040,2022-01-05T09:53:13,33.98054,-91.08420,0.1,324.4,55.0,RICK CALHOUN,,WDI3506,31,12,52,,,57,A
367689040,2022-01-05T09:54:24,33.98053,-91.08418,0.2,140.0,55.0,RICK CALHOUN,,WDI3506,31,12,52,,,57,A
367689040,2022-01-05T09:45:03,33.98035,-91.08402,0.0,135.0,50.0,RICK CALHOUN,,WDI3506,31,12,52,,,57,A
367689040,2022-01-05T10:08:13,33.98040,-91.08406,0.0,140.6,52.0,RICK CALHOUN,,WDI3506,31,12,52,,,57,A
367689040,2022-01-05T10:16:04,33.98055,-91.08414,0.0,87.0,55.0,RICK CALHOUN,,WDI3506,31,12,52,,,57,A
367689040,2022-01-05T09:56:34,33.98043,-91.08407,0.1,139.0,52.0,RICK CALHOUN,,WDI3506,31,12,52,,,57,A
367689040,2022-01-05T04:00:03,33.77744,-91.06288,5.1,76.0,75.0,RICK CALHOUN,,WDI3506,31,12,52,,,57,A
367689040,2022-01-05T10:13:44,33.98055,-91.08420,0.1,354.9,55.0,RICK CALHOUN,,WDI3506,31,12,52,,,57,A
367689040,2022-01-05T09:52:04,33.98049,-91.08414,0.2,320.0,54.0,RICK CALHOUN,,WDI3506,31,12,52,,,57,A
367689040,2022-01-05T10:00:04,33.98053,-91.08417,0.1,321.0,55.0,RICK CALHOUN,,WDI3506,31,12,52,,,57,A
367689040,2022-01-05T10:02:24,33.98051,-91.08416,0.1,142.8,54.0,RICK CALHOUN,,WDI3506,31,12,52,,,57,A
367689040,2022-01-05T04:03:25,33.77849,-91.05759,4.6,67.0,70.0,RICK CALHOUN,,WDI3506,31,12,52,,,57,A
367689040,2022-01-05T09:55:25,33.98048,-91.08413,0.3,139.0,53.0,RICK CALHOUN,,WDI3506,31,12,52,,,57,A
367689040,2022-01-05T10:07:04,33.98041,-91.08406,0.1,137.7,52.0,RICK CALHOUN,,WDI3506,31,12,52,,,57,A
367689040,2022-01-05T10:26:04,33.98067,-91.08402,0.1,216.0,56.0,RICK CALHOUN,,WDI3506,31,12,52,,,57,A
367689040,2022-01-05T10:27:14,33.98063,-91.08410,0.2,249.5,57.0,RICK CALHOUN,,WDI3506,31,12,52,,,57,A
367689040,2022-01-05T10:11:35,33.98048,-91.08415,0.2,321.0,54.0,RICK CALHOUN,,WDI3506,31,12,52,,,57,A
367689040,2022-01-05T04:04:45,33.77908,-91.05572,4.6,71.0,71.0,RICK CALHOUN,,WDI3506,31,12,52,,,57,A
367689040,2022-01-05T10:19:33,33.98058,-91.08410,0.0,87.0,55.0,RICK CALHOUN,,WDI3506,31,12,52,,,57,A
367689040,2022-01-05T10:20:34,33.98058,-91.08411,0.0,87.0,54.0,RICK CALHOUN,,WDI3506,31,12,52,,,57,A
367689040,2022-01-05T10:14:54,33.98056,-91.08418,0.1,102.0,55.0,RICK CALHOUN,,WDI3506,31,12,52,,,57,A
367689040,2022-01-05T10:17:14,33.98056,-91.08412,0.0,87.2,55.0,RICK CALHOUN,,WDI3506,31,12,52,,,57,A
367689040,2022-01-05T10:32:45,33.98065,-91.08414,0.1,208.4,61.0,RICK CALHOUN,,WDI3506,31,12,52,,,57,A
367689040,2022-01-05T10:18:24,33.98057,-91.08413,0.0,87.2,55.0,RICK CALHOUN,,WDI3506,31,12,52,,,57,A
367689040,2022-01-05T10:10:34,33.98045,-91.08411,0.1,318.0,53.0,RICK CALHOUN,,WDI3506,31,12,52,,,57,A
367689040,2022-01-05T10:24:54,33.98069,-91.08403,0.1,112.0,57.0,RICK CALHOUN,,WDI3506,31,12,52,,,57,A
367689040,2022-01-05T10:12:43,33.98053,-91.08418,0.2,324.8,55.0,RICK CALHOUN,,WDI3506,31,12,52,,,57,A
367689040,2022-01-05T10:21:44,33.98060,-91.08412,0.1,358.0,55.0,RICK CALHOUN,,WDI3506,31,12,52,,,57,A
367689040,2022-01-05T10:22:45,33.98065,-91.08412,0.1,14.8,56.0,RICK CALHOUN,,WDI3506,31,12,52,,,57,A
367689040,2022-01-05T10:29:33,33.98071,-91.08419,0.2,26.0,60.0,RICK CALHOUN,,WDI3506,31,12,52,,,57,A
367689040,2022-01-05T10:40:43,33.98246,-91.07824,5.4,70.0,75.0,RICK CALHOUN,,WDI3506,31,12,52,,,57,A
367689040,2022-01-05T10:31:44,33.98070,-91.08415,0.1,173.0,61.0,RICK CALHOUN,,WDI3506,31,12,52,,,57,A
367689040,2022-01-05T10:28:24,33.98064,-91.08418,0.2,306.4,58.0,RICK CALHOUN,,WDI3506,31,12,52,,,57,A
367689040,2022-01-05T10:45:24,33.98370,-91.07028,4.8,88.0,83.0,RICK CALHOUN,,WDI3506,31,12,52,,,57,A
367689040,2022-01-05T10:23:53,33.98068,-91.08406,0.2,52.9,57.0,RICK CALHOUN,,WDI3506,31,12,52,,,57,A
367689040,2022-01-05T10:36:05,33.98056,-91.08380,1.2,74.0,62.0,RICK CALHOUN,,WDI3506,31,12,52,,,57,A
367689040,2022-01-05T10:48:45,33.98422,-91.06548,4.2,80.0,84.0,RICK CALHOUN,,WDI3506,31,12,52,,,57,A
367689040,2022-01-05T10:49:53,33.98445,-91.06391,4.2,84.0,84.0,RICK CALHOUN,,WDI3506,31,12,52,,,57,A
367689040,2022-01-05T10:34:55,33.98059,-91.08410,0.2,117.2,64.0,RICK CALHOUN,,WDI3506,31,12,52,,,57,A
367689040,2022-01-05T04:12:55,33.78332,-91.04450,4.8,53.0,41.0,RICK CALHOUN,,WDI3506,31,12,52,,,57,A
367689040,2022-01-05T10:30:43,33.98072,-91.08414,0.1,133.0,61.0,RICK CALHOUN,,WDI3506,31,12,52,,,57,A
367689040,2022-01-05T10:37:14,33.98085,-91.08310,2.7,63.0,65.0,RICK CALHOUN,,WDI3506,31,12,52,,,57,A
367689040,2022-01-05T10:38:24,33.98138,-91.08188,4.1,62.5,70.0,RICK CALHOUN,,WDI3506,31,12,52,,,57,A
367689040,2022-01-05T10:43:03,33.98328,-91.07416,5.3,80.0,79.0,RICK CALHOUN,,WDI3506,31,12,52,,,57,A
367689040,2022-01-05T10:55:43,33.98481,-91.05575,4.2,81.9,82.0,RICK CALHOUN,,WDI3506,31,12,52,,,57,A
367689040,2022-01-05T10:53:24,33.98479,-91.05901,4.3,98.0,87.0,RICK CALHOUN,,WDI3506,31,12,52,,,57,A
367689040,2022-01-05T10:46:34,33.98376,-91.06849,4.4,84.0,79.0,RICK CALHOUN,,WDI3506,31,12,52,,,57,A
367689040,2022-01-05T10:56:54,33.98498,-91.05413,4.2,82.0,79.0,RICK CALHOUN,,WDI3506,31,12,52,,,57,A
367689040,2022-01-05T10:44:23,33.98356,-91.07191,5.0,80.0,81.0,RICK CALHOUN,,WDI3506,31,12,52,,,57,A
367689040,2022-01-05T04:17:24,33.78759,-91.03951,4.7,32.0,19.0,RICK CALHOUN,,WDI3506,31,12,52,,,57,A
367689040,2022-01-05T10:39:33,33.98197,-91.08021,5.0,73.1,74.0,RICK CALHOUN,,WDI3506,31,12,52,,,57,A
367689040,2022-01-05T04:18:34,33.78895,-91.03880,4.7,22.0,16.0,RICK CALHOUN,,WDI3506,31,12,52,,,57,A
367689040,2022-01-05T10:41:55,33.98297,-91.07618,5.4,77.3,78.0,RICK CALHOUN,,WDI3506,31,12,52,,,57,A
367689040,2022-01-05T11:03:34,33.98700,-91.04448,4.6,71.0,68.0,RICK CALHOUN,,WDI3506,31,12,52,,,57,A
367689040,2022-01-05T10:52:13,33.98478,-91.06070,4.2,84.0,87.0,RICK CALHOUN,,WDI3506,31,12,52,,,57,A
367689040,2022-01-05T10:54:34,33.98478,-91.05736,4.3,86.0,85.0,RICK CALHOUN,,WDI3506,31,12,52,,,57,A
367689040,2022-01-05T11:07:04,33.98848,-91.03951,4.6,62.7,63.0,RICK CALHOUN,,WDI3506,31,12,52,,,57,A
367689040,2022-01-05T10:47:44,33.98407,-91.06688,4.2,79.0,83.0,RICK CALHOUN,,WDI3506,31,12,52,,,57,A
367689040,2022-01-05T10:51:04,33.98477,-91.06227,4.2,81.0,89.0,RICK CALHOUN,,WDI3506,31,12,52,,,57,A
367689040,2022-01-05T11:01:14,33.98611,-91.04794,4.6,71.0,72.0,RICK CALHOUN,,WDI3506,31,12,52,,,57,A
367689040,2022-01-05T11:00:04,33.98568,-91.04966,4.4,78.0,73.0,RICK CALHOUN,,WDI3506,31,12,52,,,57,A
367689040,2022-01-05T11:02:24,33.98653,-91.04619,4.7,73.0,70.0,RICK CALHOUN,,WDI3506,31,12,52,,,57,A
367689040,2022-01-05T11:08:15,33.98909,-91.03785,4.6,67.9,62.0,RICK CALHOUN,,WDI3506,31,12,52,,,57,A
367689040,2022-01-05T11:04:44,33.98739,-91.04274,4.6,75.5,65.0,RICK CALHOUN,,WDI3506,31,12,52,,,57,A
367689040,2022-01-05T11:05:54,33.98784,-91.04108,4.5,67.0,62.0,RICK CALHOUN,,WDI3506,31,12,52,,,57,A
367689040,2022-01-05T11:18:33,33.99493,-91.02338,4.7,42.6,47.0,RICK CALHOUN,,WDI3506,31,12,52,,,57,A
367689040,2022-01-05T10:59:14,33.98548,-91.05082,4.4,80.0,76.0,RICK CALHOUN,,WDI3506,31,12,52,,,57,A
367689040,2022-01-05T04:26:45,33.79971,-91.03695,5.1,337.0,338.0,RICK CALHOUN,,WDI3506,31,12,52,,,57,A
367689040,2022-01-05T11:09:25,33.98972,-91.03616,4.7,65.0,62.0,RICK CALHOUN,,WDI3506,31,12,52,,,57,A
367689040,2022-01-05T11:12:55,33.99150,-91.03106,4.8,67.0,61.0,RICK CALHOUN,,WDI3506,31,12,52,,,57,A
367689040,2022-01-05T11:11:45,33.99092,-91.03280,4.7,70.0,62.0,RICK CALHOUN,,WDI3506,31,12,52,,,57,A
367689040,2022-01-05T11:27:44,34.00266,-91.01232,4.6,56.0,55.0,RICK CALHOUN,,WDI3506,31,12,52,,,57,A
367689040,2022-01-05T11:14:04,33.99207,-91.02936,4.8,68.0,60.0,RICK CALHOUN,,WDI3506,31,12,52,,,57,A
367689040,2022-01-05T11:31:13,34.00513,-91.00784,4.7,56.0,53.0,RICK CALHOUN,,WDI3506,31,12,52,,,57,A
367689040,2022-01-05T11:15:05,33.99251,-91.02785,4.8,68.0,56.0,RICK CALHOUN,,WDI3506,31,12,52,,,57,A
367689040,2022-01-05T11:17:24,33.99394,-91.02469,4.6,51.0,47.0,RICK CALHOUN,,WDI3506,31,12,52,,,57,A
367689040,2022-01-05T11:10:34,33.99037,-91.03452,4.7,63.2,63.0,RICK CALHOUN,,WDI3506,31,12,52,,,57,A
367689040,2022-01-05T11:19:44,33.99607,-91.02208,4.8,46.7,50.0,RICK CALHOUN,,WDI3506,31,12,52,,,57,A
367689040,2022-01-05T11:22:04,33.99830,-91.01945,4.8,46.8,53.0,RICK CALHOUN,,WDI3506,31,12,52,,,57,A
367689040,2022-01-05T11:39:23,34.01184,-90.99751,5.1,52.0,54.0,RICK CALHOUN,,WDI3506,31,12,52,,,57,A
367689040,2022-01-05T11:32:25,34.00598,-91.00630,4.6,53.9,51.0,RICK CALHOUN,,WDI3506,31,12,52,,,57,A
367689040,2022-01-05T11:20:55,33.99721,-91.02072,4.9,41.0,51.0,RICK CALHOUN,,WDI3506,31,12,52,,,57,A
367689040,2022-01-05T11:16:15,33.99311,-91.02611,4.6,61.0,49.0,RICK CALHOUN,,WDI3506,31,12,52,,,57,A
367689040,2022-01-05T11:24:14,34.00021,-91.01686,4.7,51.0,56.0,RICK CALHOUN,,WDI3506,31,12,52,,,57,A
367689040,2022-01-05T11:26:34,34.00182,-91.01382,4.6,58.0,55.0,RICK CALHOUN,,WDI3506,31,12,52,,,57,A
367689040,2022-01-05T11:30:04,34.00433,-91.00936,4.7,57.0,54.0,RICK CALHOUN,,WDI3506,31,12,52,,,57,A
367689040,2022-01-05T11:23:13,33.99937,-91.01809,4.8,45.0,55.0,RICK CALHOUN,,WDI3506,31,12,52,,,57,A
367689040,2022-01-05T11:45:04,34.01709,-90.98932,5.7,49.0,55.0,RICK CALHOUN,,WDI3506,31,12,52,,,57,A
367689040,2022-01-05T11:25:23,34.00105,-91.01539,4.6,57.0,56.0,RICK CALHOUN,,WDI3506,31,12,52,,,57,A
367689040,2022-01-05T11:48:34,34.02034,-90.98430,5.2,46.4,60.0,RICK CALHOUN,,WDI3506,31,12,52,,,57,A
367689040,2022-01-05T11:37:03,34.00981,-91.00058,4.9,51.0,51.0,RICK CALHOUN,,WDI3506,31,12,52,,,57,A
367689040,2022-01-05T11:35:53,34.00874,-91.00198,4.8,45.0,49.0,RICK CALHOUN,,WDI3506,31,12,52,,,57,A
367689040,2022-01-05T11:34:44,34.00776,-91.00338,4.7,54.0,51.0,RICK CALHOUN,,WDI3506,31,12,52,,,57,A
367689040,2022-01-05T11:41:43,34.01391,-90.99425,5.4,54.0,54.0,RICK CALHOUN,,WDI3506,31,12,52,,,57,A
367689040,2022-01-05T11:40:35,34.01288,-90.99586,5.3,53.2,54.0,RICK CALHOUN,,WDI3506,31,12,52,,,57,A
367689040,2022-01-05T04:38:14,33.81641,-91.04576,6.1,330.0,329.0,RICK CALHOUN,,WDI3506,31,12,52,,,57,A
367689040,2022-01-05T11:38:14,34.01085,-90.99907,5.0,50.0,52.0,RICK CALHOUN,,WDI3506,31,12,52,,,57,A
367689040,2022-01-05T11:47:24,34.01923,-90.98586,5.5,52.0,57.0,RICK CALHOUN,,WDI3506,31,12,52,,,57,A
367689040,2022-01-05T11:56:44,34.02408,-90.97563,3.6,67.0,73.0,RICK CALHOUN,,WDI3506,31,12,52,,,57,A
367689040,2022-01-05T11:42:53,34.01498,-90.99255,5.5,52.0,54.0,RICK CALHOUN,,WDI3506,31,12,52,,,57,A
367689040,2022-01-05T12:05:54,34.02728,-90.96262,5.4,71.4,90.0,RICK CALHOUN,,WDI3506,31,12,52,,,57,A
367689040,2022-01-05T11:43:54,34.01592,-90.99106,5.6,51.0,54.0,RICK CALHOUN,,WDI3506,31,12,52,,,57,A
367689040,2022-01-05T11:55:35,34.02373,-90.97690,3.4,73.6,73.0,RICK CALHOUN,,WDI3506,31,12,52,,,57,A
367689040,2022-01-05T11:52:04,34.02268,-90.98047,3.3,59.0,71.0,RICK CALHOUN,,WDI3506,31,12,52,,,57,A
367689040,2022-01-05T11:53:14,34.02304,-90.97929,3.1,76.0,71.0,RICK CALHOUN,,WDI3506,31,12,52,,,57,A
367689040,2022-01-05T11:50:55,34.02218,-90.98163,3.6,63.9,69.0,RICK CALHOUN,,WDI3506,31,12,52,,,57,A
367689040,2022-01-05T12:07:05,34.02772,-90.96057,5.3,80.1,100.0,RICK CALHOUN,,WDI3506,31,12,52,,,57,A
367689040,2022-01-05T11:49:44,34.02139,-90.98289,4.4,53.0,64.0,RICK CALHOUN,,WDI3506,31,12,52,,,57,A
367689040,2022-01-05T12:01:14,34.02567,-90.96990,4.4,79.0,82.0,RICK CALHOUN,,WDI3506,31,12,52,,,57,A
367689040,2022-01-05T12:03:34,34.02626,-90.96638,4.8,73.0,81.0,RICK CALHOUN,,WDI3506,31,12,52,,,57,A
367689040,2022-01-05T11:59:03,34.02487,-90.97288,4.0,67.8,75.0,RICK CALHOUN,,WDI3506,31,12,52,,,57,A
367689040,2022-01-05T12:00:03,34.02532,-90.97155,4.2,68.0,80.0,RICK CALHOUN,,WDI3506,31,12,52,,,57,A
367689040,2022-01-05T12:09:24,34.02725,-90.95655,5.4,99.0,100.0,RICK CALHOUN,,WDI3506,31,12,52,,,57,A
367689040,2022-01-05T12:23:23,34.02324,-90.93319,4.4,93.0,88.0,RICK CALHOUN,,WDI3506,31,12,52,,,57,A
367689040,2022-01-05T12:02:23,34.02590,-90.96819,4.6,78.0,81.0,RICK CALHOUN,,WDI3506,31,12,52,,,57,A
367689040,2022-01-05T12:24:43,34.02318,-90.93121,4.4,92.0,88.0,RICK CALHOUN,,WDI3506,31,12,52,,,57,A
367689040,2022-01-05T11:57:55,34.02451,-90.97426,3.8,73.0,75.0,RICK CALHOUN,,WDI3506,31,12,52,,,57,A
367689040,2022-01-05T12:08:15,34.02754,-90.95856,5.2,101.1,101.0,RICK CALHOUN,,WDI3506,31,12,52,,,57,A
367689040,2022-01-05T12:27:03,34.02328,-90.92779,4.5,89.3,87.0,RICK CALHOUN,,WDI3506,31,12,52,,,57,A
367689040,2022-01-05T12:15:14,34.02541,-90.94601,5.3,100.0,102.0,RICK CALHOUN,,WDI3506,31,12,52,,,57,A
367689040,2022-01-05T12:14:04,34.02593,-90.94805,5.5,114.0,105.0,RICK CALHOUN,,WDI3506,31,12,52,,,57,A
367689040,2022-01-05T12:04:43,34.02674,-90.96453,5.1,72.0,84.0,RICK CALHOUN,,WDI3506,31,12,52,,,57,A
367689040,2022-01-05T12:16:24,34.02512,-90.94396,5.3,100.0,104.0,RICK CALHOUN,,WDI3506,31,12,52,,,57,A
367689040,2022-01-05T12:17:33,34.02467,-90.94200,5.2,108.0,104.0,RICK CALHOUN,,WDI3506,31,12,52,,,57,A
367689040,2022-01-05T04:48:33,33.83046,-91.05749,5.6,326.0,324.0,RICK CALHOUN,,WDI3506,31,12,52,,,57,A
367689040,2022-01-05T12:29:23,34.02371,-90.92431,4.5,90.0,96.0,RICK CALHOUN,,WDI3506,31,12,52,,,57,A
367689040,2022-01-05T12:21:04,34.02354,-90.93662,4.5,95.0,92.0,RICK CALHOUN,,WDI3506,31,12,52,,,57,A
367689040,2022-01-05T12:22:14,34.02335,-90.93491,4.5,97.3,90.0,RICK CALHOUN,,WDI3506,31,12,52,,,57,A
367689040,2022-01-05T12:11:44,34.02681,-90.95224,5.7,97.0,104.0,RICK CALHOUN,,WDI3506,31,12,52,,,57,A
367689040,2022-01-05T12:18:44,34.02411,-90.94015,4.9,107.0,97.0,RICK CALHOUN,,WDI3506,31,12,52,,,57,A
367689040,2022-01-05T12:44:34,34.02406,-90.90378,3.6,69.7,74.0,RICK CALHOUN,,WDI3506,31,12,52,,,57,A
367689040,2022-01-05T12:37:33,34.02273,-90.91229,3.9,85.0,81.0,RICK CALHOUN,,WDI3506,31,12,52,,,57,A
367689040,2022-01-05T12:30:33,34.02359,-90.92255,4.6,96.9,97.0,RICK CALHOUN,,WDI3506,31,12,52,,,57,A
367689040,2022-01-05T12:19:53,34.02373,-90.93837,4.7,103.0,93.0,RICK CALHOUN,,WDI3506,31,12,52,,,57,A
367689040,2022-01-05T12:32:54,34.02316,-90.91890,4.6,95.0,94.0,RICK CALHOUN,,WDI3506,31,12,52,,,57,A
367689040,2022-01-05T12:25:54,34.02324,-90.92953,4.4,86.0,88.0,RICK CALHOUN,,WDI3506,31,12,52,,,57,A
367689040,2022-01-05T04:50:44,33.83320,-91.05971,5.4,325.4,326.0,RICK CALHOUN,,WDI3506,31,12,52,,,57,A
367689040,2022-01-05T12:36:25,34.02277,-90.91381,4.2,93.0,86.0,RICK CALHOUN,,WDI3506,31,12,52,,,57,A
367689040,2022-01-05T12:45:35,34.02434,-90.90264,3.7,75.7,75.0,RICK CALHOUN,,WDI3506,31,12,52,,,57,A
367689040,2022-01-05T12:57:13,34.02916,-90.89034,4.0,44.0,30.0,RICK CALHOUN,,WDI3506,31,12,52,,,57,A
367689040,2022-01-05T12:39:53,34.02305,-90.90942,3.7,88.0,80.0,RICK CALHOUN,,WDI3506,31,12,52,,,57,A
367689040,2022-01-05T12:43:24,34.02363,-90.90511,3.6,70.3,72.0,RICK CALHOUN,,WDI3506,31,12,52,,,57,A
367689040,2022-01-05T12:31:45,34.02335,-90.92067,4.7,100.0,96.0,RICK CALHOUN,,WDI3506,31,12,52,,,57,A
367689040,2022-01-05T12:52:44,34.02618,-90.89432,3.6,72.0,48.0,RICK CALHOUN,,WDI3506,31,12,52,,,57,A
367689040,2022-01-05T12:41:04,34.02331,-90.90799,3.8,76.0,79.0,RICK CALHOUN,,WDI3506,31,12,52,,,57,A
367689040,2022-01-05T13:03:34,34.03564,-90.88779,4.4,3.0,6.0,RICK CALHOUN,,WDI3506,31,12,52,,,57,A
367689040,2022-01-05T12:47:53,34.02473,-90.89987,3.5,76.0,68.0,RICK CALHOUN,,WDI3506,31,12,52,,,57,A
367689040,2022-01-05T12:46:44,34.02459,-90.90121,3.7,83.1,73.0,RICK CALHOUN,,WDI3506,31,12,52,,,57,A
367689040,2022-01-05T12:49:15,34.02505,-90.89832,3.5,73.0,63.0,RICK CALHOUN,,WDI3506,31,12,52,,,57,A
367689040,2022-01-05T13:01:14,34.03292,-90.88793,4.0,2.0,8.0,RICK CALHOUN,,WDI3506,31,12,52,,,57,A
367689040,2022-01-05T12:50:25,34.02550,-90.89702,3.6,63.0,62.0,RICK CALHOUN,,WDI3506,31,12,52,,,57,A
367689040,2022-01-05T12:51:33,34.02589,-90.89571,3.7,76.0,59.0,RICK CALHOUN,,WDI3506,31,12,52,,,57,A
367689040,2022-01-05T12:53:55,34.02674,-90.89320,3.3,44.0,41.0,RICK CALHOUN,,WDI3506,31,12,52,,,57,A
367689040,2022-01-05T12:56:05,34.02824,-90.89132,3.7,37.4,34.0,RICK CALHOUN,,WDI3506,31,12,52,,,57,A
367689040,2022-01-05T12:55:03,34.02750,-90.89219,3.6,51.0,38.0,RICK CALHOUN,,WDI3506,31,12,52,,,57,A
367689040,2022-01-05T12:58:16,34.03001,-90.88944,4.0,39.0,24.0,RICK CALHOUN,,WDI3506,31,12,52,,,57,A
367689040,2022-01-05T12:59:23,34.03104,-90.88854,3.9,31.6,16.0,RICK CALHOUN,,WDI3506,31,12,52,,,57,A
367689040,2022-01-05T13:12:34,34.04705,-90.88878,4.9,344.0,348.0,RICK CALHOUN,,WDI3506,31,12,52,,,57,A
367689040,2022-01-05T13:02:25,34.03427,-90.88786,4.2,1.0,7.0,RICK CALHOUN,,WDI3506,31,12,52,,,57,A
367689040,2022-01-05T13:14:55,34.05024,-90.88989,5.0,347.0,347.0,RICK CALHOUN,,WDI3506,31,12,52,,,57,A
367689040,2022-01-05T13:04:35,34.03686,-90.88769,4.5,1.0,4.0,RICK CALHOUN,,WDI3506,31,12,52,,,57,A
367689040,2022-01-05T13:09:15,34.04277,-90.88763,4.7,348.0,351.0,RICK CALHOUN,,WDI3506,31,12,52,,,57,A
367689040,2022-01-05T13:05:47,34.03838,-90.88754,4.7,8.0,3.0,RICK CALHOUN,,WDI3506,31,12,52,,,57,A
367689040,2022-01-05T13:06:55,34.03987,-90.88724,4.5,7.0,355.0,RICK CALHOUN,,WDI3506,31,12,52,,,57,A
367689040,2022-01-05T13:08:05,34.04131,-90.88739,4.5,354.2,354.0,RICK CALHOUN,,WDI3506,31,12,52,,,57,A
367689040,2022-01-05T13:31:26,34.07188,-90.89994,5.0,335.0,329.0,RICK CALHOUN,,WDI3506,31,12,52,,,57,A
367689040,2022-01-05T13:10:17,34.04406,-90.88786,4.7,350.0,349.0,RICK CALHOUN,,WDI3506,31,12,52,,,57,A
367689040,2022-01-05T05:05:35,33.85137,-91.06985,5.4,343.0,346.0,RICK CALHOUN,,WDI3506,31,12,52,,,57,A
367689040,2022-01-05T13:13:45,34.04864,-90.88936,5.0,344.0,346.0,RICK CALHOUN,,WDI3506,31,12,52,,,57,A
367689040,2022-01-05T13:17:20,34.05328,-90.89074,4.9,343.0,341.0,RICK CALHOUN,,WDI3506,31,12,52,,,57,A
367689040,2022-01-05T13:18:35,34.05501,-90.89150,4.9,338.0,338.0,RICK CALHOUN,,WDI3506,31,12,52,,,57,A
367689040,2022-01-05T13:29:09,34.06883,-90.89847,5.1,338.1,335.0,RICK CALHOUN,,WDI3506,31,12,52,,,57,A
367689040,2022-01-05T13:20:06,34.05695,-90.89244,5.0,333.0,335.0,RICK CALHOUN,,WDI3506,31,12,52,,,57,A
367689040,2022-01-05T05:10:03,33.85772,-91.07143,4.6,347.0,354.0,RICK CALHOUN,,WDI3506,31,12,52,,,57,A
367689040,2022-01-05T13:11:24,34.04554,-90.88827,4.8,345.3,348.0,RICK CALHOUN,,WDI3506,31,12,52,,,57,A
367689040,2022-01-05T13:33:44,34.07451,-90.90217,5.1,319.0,330.0,RICK CALHOUN,,WDI3506,31,12,52,,,57,A
367689040,2022-01-05T13:23:34,34.06140,-90.89500,5.2,337.0,337.0,RICK CALHOUN,,WDI3506,31,12,52,,,57,A
367689040,2022-01-05T13:22:26,34.05988,-90.89421,5.1,334.0,338.0,RICK CALHOUN,,WDI3506,31,12,52,,,57,A
367689040,2022-01-05T13:40:25,34.08327,-90.90693,5.4,340.0,329.0,RICK CALHOUN,,WDI3506,31,12,52,,,57,A
367689040,2022-01-05T13:27:06,34.06610,-90.89735,5.2,341.7,338.0,RICK CALHOUN,,WDI3506,31,12,52,,,57,A
367689040,2022-01-05T13:21:16,34.05838,-90.89333,5.0,333.0,336.0,RICK CALHOUN,,WDI3506,31,12,52,,,57,A
367689040,2022-01-05T05:14:33,33.86282,-91.07269,4.0,355.0,9.0,RICK CALHOUN,,WDI3506,31,12,52,,,57,A
367689040,2022-01-05T13:32:34,34.07323,-90.90090,4.9,322.0,326.0,RICK CALHOUN,,WDI3506,31,12,52,,,57,A
367689040,2022-01-05T13:44:36,34.08872,-90.90969,5.1,331.0,310.0,RICK CALHOUN,,WDI3506,31,12,52,,,57,A
367689040,2022-01-05T13:52:33,34.09580,-90.92139,5.5,306.0,309.0,RICK CALHOUN,,WDI3506,31,12,52,,,57,A
367689040,2022-01-05T13:45:45,34.08992,-90.91097,4.9,312.0,304.0,RICK CALHOUN,,WDI3506,31,12,52,,,57,A
367689040,2022-01-05T13:30:16,34.07037,-90.89921,5.0,338.0,333.0,RICK CALHOUN,,WDI3506,31,12,52,,,57,A
367689040,2022-01-05T05:15:43,33.86414,-91.07272,4.1,3.0,15.0,RICK CALHOUN,,WDI3506,31,12,52,,,57,A
367689040,2022-01-05T13:37:05,34.07871,-90.90483,5.1,336.0,332.0,RICK CALHOUN,,WDI3506,31,12,52,,,57,A
367689040,2022-01-05T13:35:56,34.07719,-90.90398,5.1,333.0,333.0,RICK CALHOUN,,WDI3506,31,12,52,,,57,A
367689040,2022-01-05T13:42:34,34.08616,-90.90815,4.9,333.0,319.0,RICK CALHOUN,,WDI3506,31,12,52,,,57,A
367689040,2022-01-05T13:39:16,34.08162,-90.90617,5.3,338.0,330.0,RICK CALHOUN,,WDI3506,31,12,52,,,57,A
367689040,2022-01-05T14:00:05,34.10232,-90.93142,5.1,304.0,304.0,RICK CALHOUN,,WDI3506,31,12,52,,,57,A
367689040,2022-01-05T13:46:47,34.09085,-90.91229,5.2,308.0,304.0,RICK CALHOUN,,WDI3506,31,12,52,,,57,A
367689040,2022-01-05T13:50:15,34.09385,-90.91775,5.8,300.2,305.0,RICK CALHOUN,,WDI3506,31,12,52,,,57,A
367689040,2022-01-05T13:49:04,34.09291,-90.91582,5.7,305.0,302.0,RICK CALHOUN,,WDI3506,31,12,52,,,57,A
367689040,2022-01-05T13:47:54,34.09187,-90.91397,5.5,302.0,303.0,RICK CALHOUN,,WDI3506,31,12,52,,,57,A
367689040,2022-01-05T13:51:25,34.09479,-90.91961,5.6,302.0,307.0,RICK CALHOUN,,WDI3506,31,12,52,,,57,A
367689040,2022-01-05T14:15:46,34.11504,-90.95118,4.6,316.2,320.0,RICK CALHOUN,,WDI3506,31,12,52,,,57,A
367689040,2022-01-05T13:56:04,34.09891,-90.92615,4.9,310.0,309.0,RICK CALHOUN,,WDI3506,31,12,52,,,57,A
367689040,2022-01-05T14:01:14,34.10321,-90.93312,5.1,301.0,304.0,RICK CALHOUN,,WDI3506,31,12,52,,,57,A
367689040,2022-01-05T13:59:35,34.10193,-90.93072,5.0,304.5,304.0,RICK CALHOUN,,WDI3506,31,12,52,,,57,A
367689040,2022-01-05T14:03:35,34.10501,-90.93650,5.1,304.0,305.0,RICK CALHOUN,,WDI3506,31,12,52,,,57,A
367689040,2022-01-05T14:05:54,34.10681,-90.93970,5.0,299.3,302.0,RICK CALHOUN,,WDI3506,31,12,52,,,57,A
367689040,2022-01-05T13:53:43,34.09683,-90.92306,5.2,305.3,309.0,RICK CALHOUN,,WDI3506,31,12,52,,,57,A
367689040,2022-01-05T13:54:55,34.09787,-90.92464,5.0,308.4,310.0,RICK CALHOUN,,WDI3506,31,12,52,,,57,A
367689040,2022-01-05T14:22:43,34.12102,-90.95766,3.9,324.0,345.0,RICK CALHOUN,,WDI3506,31,12,52,,,57,A
367689040,2022-01-05T13:57:14,34.09994,-90.92763,5.0,308.0,308.0,RICK CALHOUN,,WDI3506,31,12,52,,,57,A
367689040,2022-01-05T13:58:24,34.10095,-90.92911,5.0,307.6,305.0,RICK CALHOUN,,WDI3506,31,12,52,,,57,A
367689040,2022-01-05T14:20:24,34.11920,-90.95559,4.0,308.0,328.0,RICK CALHOUN,,WDI3506,31,12,52,,,57,A
367689040,2022-01-05T14:07:04,34.10762,-90.94141,5.0,297.0,306.0,RICK CALHOUN,,WDI3506,31,12,52,,,57,A
367689040,2022-01-05T14:10:26,34.11026,-90.94556,4.5,314.0,315.0,RICK CALHOUN,,WDI3506,31,12,52,,,57,A
367689040,2022-01-05T14:08:14,34.10845,-90.94299,4.8,305.0,311.0,RICK CALHOUN,,WDI3506,31,12,52,,,57,A
367689040,2022-01-05T14:04:45,34.10595,-90.93808,5.1,306.9,304.0,RICK CALHOUN,,WDI3506,31,12,52,,,57,A
367689040,2022-01-05T14:28:14,34.12692,-90.95996,4.8,329.0,348.0,RICK CALHOUN,,WDI3506,31,12,52,,,57,A
367689040,2022-01-05T14:33:46,34.13441,-90.96115,5.5,16.6,34.0,RICK CALHOUN,,WDI3506,31,12,52,,,57,A
367689040,2022-01-05T14:16:54,34.11616,-90.95234,4.5,318.6,323.0,RICK CALHOUN,,WDI3506,31,12,52,,,57,A
367689040,2022-01-05T14:18:05,34.11730,-90.95338,4.3,324.0,324.0,RICK CALHOUN,,WDI3506,31,12,52,,,57,A
367689040,2022-01-05T14:21:34,34.12006,-90.95672,3.9,318.0,336.0,RICK CALHOUN,,WDI3506,31,12,52,,,57,A
367689040,2022-01-05T14:23:45,34.12199,-90.95820,3.7,344.0,349.0,RICK CALHOUN,,WDI3506,31,12,52,,,57,A
367689040,2022-01-05T14:19:14,34.11836,-90.95436,4.0,319.0,322.0,RICK CALHOUN,,WDI3506,31,12,52,,,57,A
367689040,2022-01-05T14:24:54,34.12323,-90.95838,4.0,352.0,346.0,RICK CALHOUN,,WDI3506,31,12,52,,,57,A
367689040,2022-01-05T14:27:13,34.12579,-90.95930,4.3,336.0,345.0,RICK CALHOUN,,WDI3506,31,12,52,,,57,A
367689040,2022-01-05T14:29:16,34.12812,-90.96082,4.9,335.0,358.0,RICK CALHOUN,,WDI3506,31,12,52,,,57,A
367689040,2022-01-05T14:44:04,34.14507,-90.94681,5.4,51.0,51.0,RICK CALHOUN,,WDI3506,31,12,52,,,57,A
367689040,2022-01-05T14:30:27,34.12965,-90.96148,5.0,344.0,9.0,RICK CALHOUN,,WDI3506,31,12,52,,,57,A
367689040,2022-01-05T14:26:05,34.12451,-90.95873,4.1,343.0,344.0,RICK CALHOUN,,WDI3506,31,12,52,,,57,A
367689040,2022-01-05T14:32:45,34.13294,-90.96161,5.3,9.1,27.0,RICK CALHOUN,,WDI3506,31,12,52,,,57,A
367689040,2022-01-05T14:34:54,34.13609,-90.96042,5.6,24.0,44.0,RICK CALHOUN,,WDI3506,31,12,52,,,57,A
367689040,2022-01-05T14:37:14,34.13876,-90.95739,5.8,51.0,54.0,RICK CALHOUN,,WDI3506,31,12,52,,,57,A
367689040,2022-01-05T14:31:34,34.13121,-90.96169,5.1,359.2,17.0,RICK CALHOUN,,WDI3506,31,12,52,,,57,A
367689040,2022-01-05T14:38:23,34.13987,-90.95556,5.9,54.5,54.0,RICK CALHOUN,,WDI3506,31,12,52,,,57,A
367689040,2022-01-05T14:48:24,34.14890,-90.94067,5.2,55.9,55.0,RICK CALHOUN,,WDI3506,31,12,52,,,57,A
367689040,2022-01-05T05:39:54,33.88862,-91.05042,4.5,53.4,54.0,RICK CALHOUN,,WDI3506,31,12,52,,,57,A
367689040,2022-01-05T14:53:04,34.15256,-90.93450,4.6,52.0,61.0,RICK CALHOUN,,WDI3506,31,12,52,,,57,A
367689040,2022-01-05T14:36:05,34.13752,-90.95908,5.6,45.0,52.0,RICK CALHOUN,,WDI3506,31,12,52,,,57,A
367689040,2022-01-05T14:56:24,34.15364,-90.92979,4.5,85.5,67.0,RICK CALHOUN,,WDI3506,31,12,52,,,57,A
367689040,2022-01-05T14:39:25,34.14082,-90.95390,5.9,55.0,54.0,RICK CALHOUN,,WDI3506,31,12,52,,,57,A
367689040,2022-01-05T14:46:16,34.14713,-90.94377,5.3,53.0,55.0,RICK CALHOUN,,WDI3506,31,12,52,,,57,A
367689040,2022-01-05T14:57:34,34.15374,-90.92803,4.5,83.0,64.0,RICK CALHOUN,,WDI3506,31,12,52,,,57,A
367689040,2022-01-05T14:47:23,34.14810,-90.94208,5.3,56.0,55.0,RICK CALHOUN,,WDI3506,31,12,52,,,57,A
367689040,2022-01-05T15:01:24,34.15519,-90.92284,4.3,50.0,45.0,RICK CALHOUN,,WDI3506,31,12,52,,,57,A
367689040,2022-01-05T05:43:14,33.89072,-91.04639,4.1,48.0,43.0,RICK CALHOUN,,WDI3506,31,12,52,,,57,A
367689040,2022-01-05T14:50:45,34.15075,-90.93740,4.8,55.0,56.0,RICK CALHOUN,,WDI3506,31,12,52,,,57,A
367689040,2022-01-05T05:45:34,33.89273,-91.04403,4.4,41.6,43.0,RICK CALHOUN,,WDI3506,31,12,52,,,57,A
367689040,2022-01-05T05:46:43,33.89378,-91.04285,4.5,45.0,43.0,RICK CALHOUN,,WDI3506,31,12,52,,,57,A
367689040,2022-01-05T14:45:14,34.14618,-90.94517,5.4,49.0,52.0,RICK CALHOUN,,WDI3506,31,12,52,,,57,A
367689040,2022-01-05T15:06:55,34.16080,-90.91654,5.5,45.0,51.0,RICK CALHOUN,,WDI3506,31,12,52,,,57,A
367689040,2022-01-05T14:54:05,34.15315,-90.93320,4.4,68.4,67.0,RICK CALHOUN,,WDI3506,31,12,52,,,57,A
367689040,2022-01-05T14:49:35,34.14984,-90.93900,5.0,55.4,55.0,RICK CALHOUN,,WDI3506,31,12,52,,,57,A
367689040,2022-01-05T14:55:15,34.15346,-90.93151,4.4,80.0,69.0,RICK CALHOUN,,WDI3506,31,12,52,,,57,A
367689040,2022-01-05T14:58:45,34.15387,-90.92625,4.5,83.0,56.0,RICK CALHOUN,,WDI3506,31,12,52,,,57,A
367689040,2022-01-05T14:51:53,34.15163,-90.93592,4.7,51.0,56.0,RICK CALHOUN,,WDI3506,31,12,52,,,57,A
367689040,2022-01-05T15:11:43,34.16559,-90.90978,5.6,48.0,47.0,RICK CALHOUN,,WDI3506,31,12,52,,,57,A
367689040,2022-01-05T15:00:15,34.15445,-90.92424,4.2,64.0,49.0,RICK CALHOUN,,WDI3506,31,12,52,,,57,A
367689040,2022-01-05T15:14:56,34.16901,-90.90554,5.4,39.0,38.0,RICK CALHOUN,,WDI3506,31,12,52,,,57,A
367689040,2022-01-05T15:02:35,34.15622,-90.92156,4.6,42.0,44.0,RICK CALHOUN,,WDI3506,31,12,52,,,57,A
367689040,2022-01-05T15:04:15,34.15797,-90.91982,5.1,40.0,47.0,RICK CALHOUN,,WDI3506,31,12,52,,,57,A
367689040,2022-01-05T15:05:43,34.15956,-90.91804,5.3,44.0,49.0,RICK CALHOUN,,WDI3506,31,12,52,,,57,A
367689040,2022-01-05T15:10:13,34.16406,-90.91191,5.6,49.0,49.0,RICK CALHOUN,,WDI3506,31,12,52,,,57,A
367689040,2022-01-05T15:12:46,34.16657,-90.90831,5.6,48.0,44.0,RICK CALHOUN,,WDI3506,31,12,52,,,57,A
367689040,2022-01-05T15:13:55,34.16786,-90.90677,5.5,42.0,40.0,RICK CALHOUN,,WDI3506,31,12,52,,,57,A
367689040,2022-01-05T15:09:04,34.16288,-90.91352,5.5,47.0,48.0,RICK CALHOUN,,WDI3506,31,12,52,,,57,A
367689040,2022-01-05T15:08:03,34.16190,-90.91493,5.5,52.0,49.0,RICK CALHOUN,,WDI3506,31,12,52,,,57,A
367689040,2022-01-05T15:17:15,34.17183,-90.90304,5.2,32.0,38.0,RICK CALHOUN,,WDI3506,31,12,52,,,57,A
367689040,2022-01-05T15:32:44,34.18532,-90.88562,4.9,42.0,63.0,RICK CALHOUN,,WDI3506,31,12,52,,,57,A
367689040,2022-01-05T15:20:56,34.17578,-90.89962,4.5,45.0,51.0,RICK CALHOUN,,WDI3506,31,12,52,,,57,A
367689040,2022-01-05T15:16:05,34.17046,-90.90426,5.4,36.1,38.0,RICK CALHOUN,,WDI3506,31,12,52,,,57,A
367689040,2022-01-05T15:19:35,34.17453,-90.90097,4.7,35.4,47.0,RICK CALHOUN,,WDI3506,31,12,52,,,57,A
367689040,2022-01-05T15:18:24,34.17321,-90.90202,4.9,31.0,41.0,RICK CALHOUN,,WDI3506,31,12,52,,,57,A
367689040,2022-01-05T05:56:15,33.90357,-91.03258,4.9,42.0,38.0,RICK CALHOUN,,WDI3506,31,12,52,,,57,A
367689040,2022-01-05T15:27:34,34.18040,-90.89117,4.6,51.0,52.0,RICK CALHOUN,,WDI3506,31,12,52,,,57,A
367689040,2022-01-05T15:29:24,34.18186,-90.88899,4.6,46.9,49.0,RICK CALHOUN,,WDI3506,31,12,52,,,57,A
367689040,2022-01-05T15:23:53,34.17785,-90.89593,4.5,60.8,55.0,RICK CALHOUN,,WDI3506,31,12,52,,,57,A
367689040,2022-01-05T15:22:36,34.17704,-90.89764,4.5,55.0,55.0,RICK CALHOUN,,WDI3506,31,12,52,,,57,A
367689040,2022-01-05T15:34:54,34.18700,-90.88277,5.0,57.0,67.0,RICK CALHOUN,,WDI3506,31,12,52,,,57,A
367689040,2022-01-05T15:25:14,34.17864,-90.89414,4.6,67.5,52.0,RICK CALHOUN,,WDI3506,31,12,52,,,57,A
367689040,2022-01-05T06:01:14,33.90849,-91.02736,4.5,35.0,35.0,RICK CALHOUN,,WDI3506,31,12,52,,,57,A
367689040,2022-01-05T15:36:04,34.18779,-90.88105,5.0,63.0,69.0,RICK CALHOUN,,WDI3506,31,12,52,,,57,A
367689040,2022-01-05T06:04:44,33.91193,-91.02437,4.2,27.0,33.0,RICK CALHOUN,,WDI3506,31,12,52,,,57,A
367689040,2022-01-05T15:38:24,34.18912,-90.87740,5.1,67.0,67.0,RICK CALHOUN,,WDI3506,31,12,52,,,57,A
367689040,2022-01-05T15:33:53,34.18625,-90.88416,4.8,56.0,64.0,RICK CALHOUN,,WDI3506,31,12,52,,,57,A
367689040,2022-01-05T15:54:16,34.20135,-90.85430,5.0,41.0,42.0,RICK CALHOUN,,WDI3506,31,12,52,,,57,A
367689040,2022-01-05T15:41:54,34.19099,-90.87173,5.3,72.0,64.0,RICK CALHOUN,,WDI3506,31,12,52,,,57,A
367689040,2022-01-05T15:59:04,34.20583,-90.84910,4.1,38.0,30.0,RICK CALHOUN,,WDI3506,31,12,52,,,57,A
367689040,2022-01-05T15:37:15,34.18849,-90.87924,5.1,65.0,69.0,RICK CALHOUN,,WDI3506,31,12,52,,,57,A
367689040,2022-01-05T15:40:45,34.19049,-90.87368,5.3,70.0,69.0,RICK CALHOUN,,WDI3506,31,12,52,,,57,A
367689040,2022-01-05T15:43:04,34.19166,-90.86976,5.4,65.0,60.0,RICK CALHOUN,,WDI3506,31,12,52,,,57,A
367689040,2022-01-05T15:48:54,34.19610,-90.86100,5.1,50.0,47.0,RICK CALHOUN,,WDI3506,31,12,52,,,57,A
367689040,2022-01-05T16:04:45,34.21183,-90.84509,4.8,28.0,26.0,RICK CALHOUN,,WDI3506,31,12,52,,,57,A
367689040,2022-01-05T16:02:24,34.20914,-90.84671,4.4,21.5,24.0,RICK CALHOUN,,WDI3506,31,12,52,,,57,A
367689040,2022-01-05T15:51:45,34.19886,-90.85730,5.2,44.0,44.0,RICK CALHOUN,,WDI3506,31,12,52,,,57,A
367689040,2022-01-05T15:50:04,34.19719,-90.85943,5.2,48.0,45.0,RICK CALHOUN,,WDI3506,31,12,52,,,57,A
367689040,2022-01-05T16:05:56,34.21317,-90.84412,5.0,31.9,27.0,RICK CALHOUN,,WDI3506,31,12,52,,,57,A
367689040,2022-01-05T15:55:33,34.20267,-90.85281,4.9,42.0,41.0,RICK CALHOUN,,WDI3506,31,12,52,,,57,A
367689040,2022-01-05T16:12:05,34.22066,-90.83827,5.1,26.0,10.0,RICK CALHOUN,,WDI3506,31,12,52,,,57,A
367689040,2022-01-05T16:01:14,34.20788,-90.84740,4.2,29.6,24.0,RICK CALHOUN,,WDI3506,31,12,52,,,57,A
367689040,2022-01-05T16:00:04,34.20676,-90.84833,4.1,35.0,28.0,RICK CALHOUN,,WDI3506,31,12,52,,,57,A
367689040,2022-01-05T16:14:24,34.22379,-90.83730,5.1,6.0,3.0,RICK CALHOUN,,WDI3506,31,12,52,,,57,A
367689040,2022-01-05T15:57:45,34.20474,-90.85045,4.4,46.0,37.0,RICK CALHOUN,,WDI3506,31,12,52,,,57,A
367689040,2022-01-05T16:03:33,34.21044,-90.84595,4.6,28.5,25.0,RICK CALHOUN,,WDI3506,31,12,52,,,57,A
367689040,2022-01-05T16:17:45,34.22872,-90.83686,5.5,2.4,3.0,RICK CALHOUN,,WDI3506,31,12,52,,,57,A
367689040,2022-01-05T16:09:35,34.21760,-90.84050,5.4,33.0,22.0,RICK CALHOUN,,WDI3506,31,12,52,,,57,A
367689040,2022-01-05T16:08:25,34.21616,-90.84176,5.3,35.0,25.0,RICK CALHOUN,,WDI3506,31,12,52,,,57,A
367689040,2022-01-05T16:07:03,34.21454,-90.84310,5.1,34.6,27.0,RICK CALHOUN,,WDI3506,31,12,52,,,57,A
367689040,2022-01-05T16:33:54,34.25572,-90.83454,5.8,2.0,8.0,RICK CALHOUN,,WDI3506,31,12,52,,,57,A
367689040,2022-01-05T16:16:34,34.22693,-90.83697,5.4,2.7,2.0,RICK CALHOUN,,WDI3506,31,12,52,,,57,A
367689040,2022-01-05T16:13:15,34.22219,-90.83759,4.9,15.0,4.0,RICK CALHOUN,,WDI3506,31,12,52,,,57,A
367689040,2022-01-05T16:18:54,34.23047,-90.83673,5.6,2.6,2.0,RICK CALHOUN,,WDI3506,31,12,52,,,57,A
367689040,2022-01-05T16:20:03,34.23230,-90.83666,5.6,0.0,2.0,RICK CALHOUN,,WDI3506,31,12,52,,,57,A
367689040,2022-01-05T16:24:14,34.23884,-90.83607,5.8,8.7,7.0,RICK CALHOUN,,WDI3506,31,12,52,,,57,A
367689040,2022-01-05T16:25:24,34.24075,-90.83567,6.0,8.6,5.0,RICK CALHOUN,,WDI3506,31,12,52,,,57,A
367689040,2022-01-05T16:21:34,34.23467,-90.83662,5.6,1.1,4.0,RICK CALHOUN,,WDI3506,31,12,52,,,57,A
367689040,2022-01-05T16:22:45,34.23650,-90.83648,5.7,5.0,6.0,RICK CALHOUN,,WDI3506,31,12,52,,,57,A
367689040,2022-01-05T16:27:55,34.24506,-90.83496,6.4,8.0,3.0,RICK CALHOUN,,WDI3506,31,12,52,,,57,A
367689040,2022-01-05T16:32:45,34.25377,-90.83465,6.2,1.0,6.0,RICK CALHOUN,,WDI3506,31,12,52,,,57,A
367689040,2022-01-05T16:26:35,34.24273,-90.83530,6.2,6.0,4.0,RICK CALHOUN,,WDI3506,31,12,52,,,57,A
367689040,2022-01-05T16:30:05,34.24896,-90.83460,6.6,3.6,1.0,RICK CALHOUN,,WDI3506,31,12,52,,,57,A
367689040,2022-01-05T16:52:33,34.28059,-90.82445,5.6,53.0,70.0,RICK CALHOUN,,WDI3506,31,12,52,,,57,A
367689040,2022-01-05T06:48:36,33.94791,-91.03579,4.5,289.0,286.0,RICK CALHOUN,,WDI3506,31,12,52,,,57,A
367689040,2022-01-05T06:49:44,33.94825,-91.03721,3.6,286.0,287.0,RICK CALHOUN,,WDI3506,31,12,52,,,57,A
367689040,2022-01-05T06:52:05,33.94899,-91.03954,2.9,289.0,282.0,RICK CALHOUN,,WDI3506,31,12,52,,,57,A
367689040,2022-01-05T06:53:14,33.94919,-91.04062,2.9,285.8,283.0,RICK CALHOUN,,WDI3506,31,12,52,,,57,A
367689040,2022-01-05T06:55:34,33.94965,-91.04278,2.8,281.0,283.0,RICK CALHOUN,,WDI3506,31,12,52,,,57,A
367689040,2022-01-05T07:07:44,33.95034,-91.04618,0.3,348.0,284.0,RICK CALHOUN,,WDI3506,31,12,52,,,57,A
367689040,2022-01-05T18:58:04,34.35912,-90.76752,4.2,28.0,38.0,RICK CALHOUN,,WDI3506,31,12,52,,,57,A
367689040,2022-01-05T07:08:54,33.95046,-91.04622,0.4,345.0,283.0,RICK CALHOUN,,WDI3506,31,12,52,,,57,A
367689040,2022-01-05T07:10:04,33.95058,-91.04627,0.4,341.0,282.0,RICK CALHOUN,,WDI3506,31,12,52,,,57,A
367689040,2022-01-05T18:53:14,34.35381,-90.76926,4.4,0.0,11.0,RICK CALHOUN,,WDI3506,31,12,52,,,57,A
367689040,2022-01-05T07:27:25,33.95040,-91.04673,0.2,12.0,283.0,RICK CALHOUN,,WDI3506,31,12,52,,,57,A
367689040,2022-01-05T07:32:03,33.95039,-91.04678,0.1,336.0,286.0,RICK CALHOUN,,WDI3506,31,12,52,,,57,A
367689040,2022-01-05T07:34:25,33.95065,-91.04676,0.3,351.0,282.0,RICK CALHOUN,,WDI3506,31,12,52,,,57,A
367689040,2022-01-05T07:36:45,33.95083,-91.04688,0.4,334.0,280.0,RICK CALHOUN,,WDI3506,31,12,52,,,57,A
367689040,2022-01-05T07:39:05,33.95103,-91.04708,0.3,300.0,276.0,RICK CALHOUN,,WDI3506,31,12,52,,,57,A
367689040,2022-01-05T20:32:13,34.38045,-90.66244,4.6,46.0,55.0,RICK CALHOUN,,WDI3506,31,12,52,,,57,A
367689040,2022-01-05T07:51:53,33.95047,-91.04760,0.4,191.0,280.0,RICK CALHOUN,,WDI3506,31,12,52,,,57,A
367689040,2022-01-05T21:11:23,34.39505,-90.60297,4.1,56.0,58.0,RICK CALHOUN,,WDI3506,31,12,52,,,57,A
367689040,2022-01-05T21:12:44,34.39581,-90.60139,4.0,54.0,58.0,RICK CALHOUN,,WDI3506,31,12,52,,,57,A
367689040,2022-01-05T21:15:13,34.39670,-90.59909,2.1,74.9,55.0,RICK CALHOUN,,WDI3506,31,12,52,,,57,A
367689040,2022-01-05T21:16:23,34.39681,-90.59852,1.2,79.0,53.0,RICK CALHOUN,,WDI3506,31,12,52,,,57,A
367689040,2022-01-05T21:13:54,34.39632,-90.60016,3.2,60.4,57.0,RICK CALHOUN,,WDI3506,31,12,52,,,57,A
367689040,2022-01-05T08:00:04,33.95107,-91.05066,4.0,284.0,280.0,RICK CALHOUN,,WDI3506,31,12,52,,,57,A
367689040,2022-01-05T21:24:15,34.39866,-90.59578,3.3,40.6,45.0,RICK CALHOUN,,WDI3506,31,12,52,,,57,A
367689040,2022-01-05T08:02:24,33.95149,-91.05411,4.7,277.0,280.0,RICK CALHOUN,,WDI3506,31,12,52,,,57,A
367689040,2022-01-05T08:03:34,33.95171,-91.05599,4.9,277.0,281.0,RICK CALHOUN,,WDI3506,31,12,52,,,57,A
367689040,2022-01-05T21:23:04,34.39782,-90.59652,2.8,31.9,43.0,RICK CALHOUN,,WDI3506,31,12,52,,,57,A
367689040,2022-01-05T21:29:34,34.40248,-90.59140,3.5,41.0,34.0,RICK CALHOUN,,WDI3506,31,12,52,,,57,A
367689040,2022-01-05T21:32:05,34.40467,-90.59010,3.6,27.0,29.0,RICK CALHOUN,,WDI3506,31,12,52,,,57,A
367689040,2022-01-05T21:17:33,34.39679,-90.59814,0.8,109.0,50.0,RICK CALHOUN,,WDI3506,31,12,52,,,57,A
367689040,2022-01-05T21:38:53,34.41164,-90.58645,4.3,33.0,25.0,RICK CALHOUN,,WDI3506,31,12,52,,,57,A
367689040,2022-01-05T21:25:33,34.39957,-90.59473,3.5,43.7,44.0,RICK CALHOUN,,WDI3506,31,12,52,,,57,A
367689040,2022-01-05T21:08:14,34.39320,-90.60658,4.0,63.0,58.0,RICK CALHOUN,,WDI3506,31,12,52,,,57,A
367689040,2022-01-05T21:10:14,34.39440,-90.60433,4.0,58.0,59.0,RICK CALHOUN,,WDI3506,31,12,52,,,57,A
367689040,2022-01-05T21:35:23,34.40805,-90.58873,4.1,26.0,28.0,RICK CALHOUN,,WDI3506,31,12,52,,,57,A
367689040,2022-01-05T21:30:54,34.40357,-90.59064,3.5,21.8,31.0,RICK CALHOUN,,WDI3506,31,12,52,,,57,A
367689040,2022-01-05T21:34:15,34.40683,-90.58928,4.0,13.0,28.0,RICK CALHOUN,,WDI3506,31,12,52,,,57,A
367689040,2022-01-05T21:40:23,34.41328,-90.58547,4.5,24.0,22.0,RICK CALHOUN,,WDI3506,31,12,52,,,57,A
367689040,2022-01-05T08:10:24,33.95360,-91.06722,5.1,281.0,279.0,RICK CALHOUN,,WDI3506,31,12,52,,,57,A
367689040,2022-01-05T21:21:44,34.39713,-90.59709,1.7,32.5,42.0,RICK CALHOUN,,WDI3506,31,12,52,,,57,A
367689040,2022-01-05T21:37:44,34.41039,-90.58709,4.1,25.0,23.0,RICK CALHOUN,,WDI3506,31,12,52,,,57,A
367689040,2022-01-05T21:57:24,34.43423,-90.58150,4.8,354.0,354.0,RICK CALHOUN,,WDI3506,31,12,52,,,57,A
367689040,2022-01-05T21:27:04,34.40066,-90.59347,3.6,43.0,43.0,RICK CALHOUN,,WDI3506,31,12,52,,,57,A
367689040,2022-01-05T21:45:34,34.41921,-90.58267,4.5,16.0,15.0,RICK CALHOUN,,WDI3506,31,12,52,,,57,A
367689040,2022-01-05T21:51:54,34.42703,-90.58082,4.7,358.4,359.0,RICK CALHOUN,,WDI3506,31,12,52,,,57,A
367689040,2022-01-05T21:33:13,34.40579,-90.58965,3.8,16.0,28.0,RICK CALHOUN,,WDI3506,31,12,52,,,57,A
367689040,2022-01-05T08:14:54,33.95464,-91.07487,5.3,279.0,282.0,RICK CALHOUN,,WDI3506,31,12,52,,,57,A
367689040,2022-01-05T21:50:33,34.42529,-90.58089,4.7,9.5,2.0,RICK CALHOUN,,WDI3506,31,12,52,,,57,A
367689040,2022-01-05T22:06:33,34.44618,-90.58270,4.6,356.0,352.0,RICK CALHOUN,,WDI3506,31,12,52,,,57,A
367689040,2022-01-05T21:48:04,34.42215,-90.58150,4.5,15.0,9.0,RICK CALHOUN,,WDI3506,31,12,52,,,57,A
367689040,2022-01-05T22:09:14,34.44957,-90.58279,4.5,353.0,347.0,RICK CALHOUN,,WDI3506,31,12,52,,,57,A
367689040,2022-01-05T21:56:15,34.43269,-90.58125,4.8,352.0,354.0,RICK CALHOUN,,WDI3506,31,12,52,,,57,A
367689040,2022-01-05T21:36:33,34.40932,-90.58806,4.2,29.0,30.0,RICK CALHOUN,,WDI3506,31,12,52,,,57,A
367689040,2022-01-05T22:03:43,34.44257,-90.58247,4.7,357.0,351.0,RICK CALHOUN,,WDI3506,31,12,52,,,57,A
367689040,2022-01-05T21:43:05,34.41629,-90.58390,4.4,25.0,17.0,RICK CALHOUN,,WDI3506,31,12,52,,,57,A
367689040,2022-01-05T21:58:33,34.43579,-90.58177,4.8,358.0,354.0,RICK CALHOUN,,WDI3506,31,12,52,,,57,A
367689040,2022-01-05T21:54:54,34.43094,-90.58097,4.7,352.0,355.0,RICK CALHOUN,,WDI3506,31,12,52,,,57,A
367689040,2022-01-05T22:10:15,34.45085,-90.58292,4.6,0.0,345.0,RICK CALHOUN,,WDI3506,31,12,52,,,57,A
367689040,2022-01-05T22:05:24,34.44472,-90.58267,4.7,6.3,352.0,RICK CALHOUN,,WDI3506,31,12,52,,,57,A
367689040,2022-01-05T21:46:54,34.42076,-90.58188,4.5,18.0,10.0,RICK CALHOUN,,WDI3506,31,12,52,,,57,A
367689040,2022-01-05T21:49:25,34.42382,-90.58107,4.6,11.8,3.0,RICK CALHOUN,,WDI3506,31,12,52,,,57,A
367689040,2022-01-05T21:59:53,34.43750,-90.58206,4.8,349.0,355.0,RICK CALHOUN,,WDI3506,31,12,52,,,57,A
367689040,2022-01-05T22:17:23,34.46036,-90.58534,5.3,340.7,343.0,RICK CALHOUN,,WDI3506,31,12,52,,,57,A
367689040,2022-01-05T22:02:35,34.44108,-90.58244,4.7,355.0,355.0,RICK CALHOUN,,WDI3506,31,12,52,,,57,A
367689040,2022-01-05T21:53:33,34.42920,-90.58083,4.7,359.0,357.0,RICK CALHOUN,,WDI3506,31,12,52,,,57,A
367689040,2022-01-05T22:21:54,34.46652,-90.58801,5.1,338.0,346.0,RICK CALHOUN,,WDI3506,31,12,52,,,57,A
367689040,2022-01-05T22:23:04,34.46807,-90.58862,5.0,348.8,349.0,RICK CALHOUN,,WDI3506,31,12,52,,,57,A
367689040,2022-01-05T22:11:25,34.45226,-90.58327,4.6,340.0,347.0,RICK CALHOUN,,WDI3506,31,12,52,,,57,A
367689040,2022-01-05T22:24:24,34.46987,-90.58919,5.0,346.0,351.0,RICK CALHOUN,,WDI3506,31,12,52,,,57,A
367689040,2022-01-05T22:32:03,34.48022,-90.59077,5.0,356.0,3.0,RICK CALHOUN,,WDI3506,31,12,52,,,57,A
367689040,2022-01-05T22:00:15,34.43801,-90.58215,4.8,354.0,355.0,RICK CALHOUN,,WDI3506,31,12,52,,,57,A
367689040,2022-01-05T08:26:14,33.96107,-91.09180,5.2,327.0,345.0,RICK CALHOUN,,WDI3506,31,12,52,,,57,A
367689040,2022-01-05T22:20:43,34.46493,-90.58736,5.2,336.0,345.0,RICK CALHOUN,,WDI3506,31,12,52,,,57,A
367689040,2022-01-05T08:27:23,33.96262,-91.09281,5.6,334.0,355.0,RICK CALHOUN,,WDI3506,31,12,52,,,57,A
367689040,2022-01-05T08:28:35,33.96440,-91.09347,5.6,347.0,6.0,RICK CALHOUN,,WDI3506,31,12,52,,,57,A
367689040,2022-01-05T22:41:44,34.49375,-90.58833,5.1,10.5,14.0,RICK CALHOUN,,WDI3506,31,12,52,,,57,A
367689040,2022-01-05T22:14:23,34.45619,-90.58400,5.0,347.0,343.0,RICK CALHOUN,,WDI3506,31,12,52,,,57,A
367689040,2022-01-05T22:45:23,34.49878,-90.58692,5.1,13.0,22.0,RICK CALHOUN,,WDI3506,31,12,52,,,57,A
367689040,2022-01-05T22:12:33,34.45374,-90.58346,4.7,354.1,345.0,RICK CALHOUN,,WDI3506,31,12,52,,,57,A
367689040,2022-01-05T22:30:53,34.47859,-90.59069,5.0,357.0,0.0,RICK CALHOUN,,WDI3506,31,12,52,,,57,A
367689040,2022-01-05T22:19:14,34.46290,-90.58639,5.3,337.6,344.0,RICK CALHOUN,,WDI3506,31,12,52,,,57,A
367689040,2022-01-05T22:15:33,34.45780,-90.58446,5.2,347.0,343.0,RICK CALHOUN,,WDI3506,31,12,52,,,57,A
367689040,2022-01-05T22:50:04,34.50482,-90.58367,5.1,22.0,21.0,RICK CALHOUN,,WDI3506,31,12,52,,,57,A
367689040,2022-01-05T08:34:25,33.97366,-91.09109,6.0,22.5,34.0,RICK CALHOUN,,WDI3506,31,12,52,,,57,A
367689040,2022-01-05T22:27:03,34.47341,-90.59007,4.9,349.0,354.0,RICK CALHOUN,,WDI3506,31,12,52,,,57,A
367689040,2022-01-05T22:57:15,34.51406,-90.57873,4.4,33.0,35.0,RICK CALHOUN,,WDI3506,31,12,52,,,57,A
367689040,2022-01-05T22:40:34,34.49212,-90.58871,5.2,2.2,13.0,RICK CALHOUN,,WDI3506,31,12,52,,,57,A
367689040,2022-01-05T22:25:54,34.47187,-90.58971,4.9,348.0,352.0,RICK CALHOUN,,WDI3506,31,12,52,,,57,A
367689040,2022-01-05T22:42:54,34.49537,-90.58796,5.1,6.0,16.0,RICK CALHOUN,,WDI3506,31,12,52,,,57,A
367689040,2022-01-05T22:38:14,34.48881,-90.58932,5.1,12.0,9.0,RICK CALHOUN,,WDI3506,31,12,52,,,57,A
367689040,2022-01-05T22:33:43,34.48257,-90.59072,5.1,3.0,7.0,RICK CALHOUN,,WDI3506,31,12,52,,,57,A
367689040,2022-01-05T23:02:54,34.51955,-90.57482,4.0,31.0,46.0,RICK CALHOUN,,WDI3506,31,12,52,,,57,A
367689040,2022-01-05T22:46:34,34.50027,-90.58615,5.1,29.0,23.0,RICK CALHOUN,,WDI3506,31,12,52,,,57,A
367689040,2022-01-05T22:47:44,34.50178,-90.58532,5.1,24.0,23.0,RICK CALHOUN,,WDI3506,31,12,52,,,57,A
367689040,2022-01-05T23:05:13,34.52151,-90.57285,4.0,49.0,53.0,RICK CALHOUN,,WDI3506,31,12,52,,,57,A
367689040,2022-01-05T23:00:03,34.51685,-90.57676,4.0,29.0,41.0,RICK CALHOUN,,WDI3506,31,12,52,,,57,A
367689040,2022-01-05T22:35:04,34.48441,-90.59038,5.1,8.4,8.0,RICK CALHOUN,,WDI3506,31,12,52,,,57,A
367689040,2022-01-05T22:44:04,34.49699,-90.58750,4.8,19.3,19.0,RICK CALHOUN,,WDI3506,31,12,52,,,57,A
367689040,2022-01-05T23:09:04,34.52452,-90.56855,4.6,52.0,59.0,RICK CALHOUN,,WDI3506,31,12,52,,,57,A
367689040,2022-01-05T22:51:14,34.50639,-90.58296,5.2,18.3,22.0,RICK CALHOUN,,WDI3506,31,12,52,,,57,A
367689040,2022-01-05T22:37:04,34.48721,-90.58976,5.1,9.0,9.0,RICK CALHOUN,,WDI3506,31,12,52,,,57,A
367689040,2022-01-05T23:12:44,34.52704,-90.56349,4.8,61.0,61.0,RICK CALHOUN,,WDI3506,31,12,52,,,57,A
367689040,2022-01-05T22:39:24,34.49045,-90.58890,5.1,5.0,9.0,RICK CALHOUN,,WDI3506,31,12,52,,,57,A
367689040,2022-01-05T22:56:03,34.51272,-90.57961,4.8,21.5,31.0,RICK CALHOUN,,WDI3506,31,12,52,,,57,A
367689040,2022-01-05T22:58:24,34.51524,-90.57788,4.2,33.2,37.0,RICK CALHOUN,,WDI3506,31,12,52,,,57,A
367689040,2022-01-05T22:53:45,34.50974,-90.58124,5.2,26.0,26.0,RICK CALHOUN,,WDI3506,31,12,52,,,57,A
367689040,2022-01-05T23:15:04,34.52826,-90.56016,4.5,67.0,56.0,RICK CALHOUN,,WDI3506,31,12,52,,,57,A
367689040,2022-01-05T22:54:53,34.51125,-90.58042,5.2,26.0,28.0,RICK CALHOUN,,WDI3506,31,12,52,,,57,A
367689040,2022-01-05T23:23:23,34.53361,-90.55145,2.6,53.0,51.0,RICK CALHOUN,,WDI3506,31,12,52,,,57,A
367689040,2022-01-05T23:04:03,34.52058,-90.57394,4.0,38.0,50.0,RICK CALHOUN,,WDI3506,31,12,52,,,57,A
367689040,2022-01-05T23:17:25,34.52973,-90.55712,4.4,58.0,51.0,RICK CALHOUN,,WDI3506,31,12,52,,,57,A
367689040,2022-01-05T23:18:34,34.53052,-90.55570,4.4,53.0,48.0,RICK CALHOUN,,WDI3506,31,12,52,,,57,A
367689040,2022-01-05T23:06:23,34.52239,-90.57165,4.2,50.0,55.0,RICK CALHOUN,,WDI3506,31,12,52,,,57,A
367689040,2022-01-05T22:48:45,34.50310,-90.58457,5.2,23.0,22.0,RICK CALHOUN,,WDI3506,31,12,52,,,57,A
367689040,2022-01-05T23:29:15,34.53503,-90.54729,2.0,80.4,53.0,RICK CALHOUN,,WDI3506,31,12,52,,,57,A
367689040,2022-01-05T23:26:53,34.53468,-90.54892,2.3,78.7,55.0,RICK CALHOUN,,WDI3506,31,12,52,,,57,A
367689040,2022-01-05T23:33:15,34.53555,-90.54497,1.7,72.0,38.0,RICK CALHOUN,,WDI3506,31,12,52,,,57,A
367689040,2022-01-05T23:11:24,34.52618,-90.56542,4.8,58.0,61.0,RICK CALHOUN,,WDI3506,31,12,52,,,57,A
367689040,2022-01-05T23:13:45,34.52763,-90.56209,4.7,68.6,61.0,RICK CALHOUN,,WDI3506,31,12,52,,,57,A
367689040,2022-01-05T22:59:34,34.51637,-90.57707,4.1,25.0,39.0,RICK CALHOUN,,WDI3506,31,12,52,,,57,A
367689040,2022-01-05T23:39:05,34.53719,-90.54315,0.7,77.0,38.0,RICK CALHOUN,,WDI3506,31,12,52,,,57,A
367689040,2022-01-05T23:34:25,34.53587,-90.54461,1.4,35.4,37.0,RICK CALHOUN,,WDI3506,31,12,52,,,57,A
367689040,2022-01-05T23:16:15,34.52898,-90.55863,4.5,58.0,54.0,RICK CALHOUN,,WDI3506,31,12,52,,,57,A
367689040,2022-01-05T23:42:24,34.53703,-90.54279,0.3,187.0,32.0,RICK CALHOUN,,WDI3506,31,12,52,,,57,A
367689040,2022-01-05T23:19:53,34.53152,-90.55422,4.4,53.3,47.0,RICK CALHOUN,,WDI3506,31,12,52,,,57,A
367689040,2022-01-05T23:21:03,34.53239,-90.55313,3.2,42.0,48.0,RICK CALHOUN,,WDI3506,31,12,52,,,57,A
367689040,2022-01-05T23:22:14,34.53307,-90.55226,2.8,49.0,50.0,RICK CALHOUN,,WDI3506,31,12,52,,,57,A
367689040,2022-01-05T23:41:23,34.53711,-90.54281,0.3,147.0,34.0,RICK CALHOUN,,WDI3506,31,12,52,,,57,A
367689040,2022-01-05T23:51:53,34.53692,-90.54343,0.2,290.0,39.0,RICK CALHOUN,,WDI3506,31,12,52,,,57,A
367689040,2022-01-05T23:46:04,34.53688,-90.54320,0.2,255.0,36.0,RICK CALHOUN,,WDI3506,31,12,52,,,57,A
367689040,2022-01-05T23:30:54,34.53516,-90.54623,1.8,75.0,46.0,RICK CALHOUN,,WDI3506,31,12,52,,,57,A
367689040,2022-01-05T09:02:23,33.98021,-91.08485,0.2,22.0,57.0,RICK CALHOUN,,WDI3506,31,12,52,,,57,A
367689040,2022-01-05T23:55:35,34.53655,-90.54356,0.5,235.0,36.0,RICK CALHOUN,,WDI3506,31,12,52,,,57,A
367689040,2022-01-05T23:37:55,34.53708,-90.54347,1.3,54.0,40.0,RICK CALHOUN,,WDI3506,31,12,52,,,57,A
367689040,2022-01-05T23:56:53,34.53650,-90.54376,0.4,259.0,38.0,RICK CALHOUN,,WDI3506,31,12,52,,,57,A
367689040,2022-01-05T23:40:15,34.53718,-90.54291,0.5,109.3,36.0,RICK CALHOUN,,WDI3506,31,12,52,,,57,A
367689040,2022-01-05T23:43:44,34.53690,-90.54290,0.4,233.0,31.0,RICK CALHOUN,,WDI3506,31,12,52,,,57,A
367689040,2022-01-05T23:44:54,34.53687,-90.54310,0.5,275.0,34.0,RICK CALHOUN,,WDI3506,31,12,52,,,57,A
367689040,2022-01-05T23:32:04,34.53536,-90.54563,1.6,65.0,44.0,RICK CALHOUN,,WDI3506,31,12,52,,,57,A
367689040,2022-01-05T09:07:04,33.98007,-91.08481,0.4,147.4,57.0,RICK CALHOUN,,WDI3506,31,12,52,,,57,A
367689040,2022-01-05T23:47:14,34.53683,-90.54322,0.2,170.7,35.0,RICK CALHOUN,,WDI3506,31,12,52,,,57,A
367689040,2022-01-05T23:48:23,34.53679,-90.54323,0.1,176.8,34.0,RICK CALHOUN,,WDI3506,31,12,52,,,57,A
367689040,2022-01-05T23:35:34,34.53628,-90.54433,1.6,26.7,39.0,RICK CALHOUN,,WDI3506,31,12,52,,,57,A
367689040,2022-01-05T23:49:34,34.53681,-90.54324,0.1,312.0,34.0,RICK CALHOUN,,WDI3506,31,12,52,,,57,A
367689040,2022-01-05T09:11:45,33.97996,-91.08461,0.1,71.0,55.0,RICK CALHOUN,,WDI3506,31,12,52,,,57,A
367689040,2022-01-05T23:59:03,34.53645,-90.54396,0.0,202.0,41.0,RICK CALHOUN,,WDI3506,31,12,52,,,57,A
367689040,2022-01-05T09:15:15,33.98003,-91.08444,0.1,47.0,55.0,RICK CALHOUN,,WDI3506,31,12,52,,,57,A
367689040,2022-01-05T23:53:04,34.53688,-90.54348,0.3,191.0,40.0,RICK CALHOUN,,WDI3506,31,12,52,,,57,A
367689040,2022-01-05T09:24:25,33.98029,-91.08406,0.1,51.0,54.0,RICK CALHOUN,,WDI3506,31,12,52,,,57,A
367689040,2022-01-05T09:25:33,33.98031,-91.08407,0.1,314.7,54.0,RICK CALHOUN,,WDI3506,31,12,52,,,57,A
367689040,2022-01-05T09:26:43,33.98038,-91.08415,0.1,338.0,55.0,RICK CALHOUN,,WDI3506,31,12,52,,,57,A
367689040,2022-01-05T09:58:55,33.98049,-91.08415,0.2,319.0,54.0,RICK CALHOUN,,WDI3506,31,12,52,,,57,A
367689040,2022-01-05T10:01:14,33.98054,-91.08418,0.1,321.0,55.0,RICK CALHOUN,,WDI3506,31,12,52,,,57,A
367689040,2022-01-05T10:05:53,33.98045,-91.08409,0.2,140.2,53.0,RICK CALHOUN,,WDI3506,31,12,52,,,57,A
367689040,2022-01-05T10:09:25,33.98042,-91.08408,0.1,318.0,53.0,RICK CALHOUN,,WDI3506,31,12,52,,,57,A
367689040,2022-01-05T10:33:54,33.98062,-91.08414,0.1,176.3,62.0,RICK CALHOUN,,WDI3506,31,12,52,,,57,A
367689040,2022-01-05T10:58:04,33.98520,-91.05248,4.3,81.0,77.0,RICK CALHOUN,,WDI3506,31,12,52,,,57,A
367689040,2022-01-05T11:28:54,34.00346,-91.01090,4.6,55.0,54.0,RICK CALHOUN,,WDI3506,31,12,52,,,57,A
367689040,2022-01-05T11:33:34,34.00689,-91.00489,4.7,53.0,52.0,RICK CALHOUN,,WDI3506,31,12,52,,,57,A
367689040,2022-01-05T11:46:14,34.01826,-90.98759,5.6,58.0,58.0,RICK CALHOUN,,WDI3506,31,12,52,,,57,A
367689040,2022-01-05T11:54:24,34.02340,-90.97812,3.2,65.8,72.0,RICK CALHOUN,,WDI3506,31,12,52,,,57,A
367689040,2022-01-05T12:10:34,34.02701,-90.95445,5.6,95.0,100.0,RICK CALHOUN,,WDI3506,31,12,52,,,57,A
367689040,2022-01-05T12:12:54,34.02649,-90.95006,5.6,102.8,107.0,RICK CALHOUN,,WDI3506,31,12,52,,,57,A
367689040,2022-01-05T12:28:15,34.02350,-90.92601,4.6,74.0,90.0,RICK CALHOUN,,WDI3506,31,12,52,,,57,A
367689040,2022-01-05T12:34:04,34.02297,-90.91718,4.5,97.0,92.0,RICK CALHOUN,,WDI3506,31,12,52,,,57,A
367689040,2022-01-05T12:35:14,34.02282,-90.91548,4.3,94.0,88.0,RICK CALHOUN,,WDI3506,31,12,52,,,57,A
367689040,2022-01-05T12:38:45,34.02292,-90.91079,3.7,74.0,81.0,RICK CALHOUN,,WDI3506,31,12,52,,,57,A
367689040,2022-01-05T12:42:14,34.02343,-90.90652,3.8,86.0,76.0,RICK CALHOUN,,WDI3506,31,12,52,,,57,A
367689040,2022-01-05T13:00:05,34.03170,-90.88812,3.8,22.0,11.0,RICK CALHOUN,,WDI3506,31,12,52,,,57,A
367689040,2022-01-05T13:24:45,34.06293,-90.89577,5.2,334.0,337.0,RICK CALHOUN,,WDI3506,31,12,52,,,57,A
367689040,2022-01-05T13:26:05,34.06474,-90.89671,5.3,340.0,338.0,RICK CALHOUN,,WDI3506,31,12,52,,,57,A
367689040,2022-01-05T13:28:07,34.06745,-90.89791,5.2,340.0,337.0,RICK CALHOUN,,WDI3506,31,12,52,,,57,A
367689040,2022-01-05T13:34:45,34.07571,-90.90307,5.1,332.0,334.0,RICK CALHOUN,,WDI3506,31,12,52,,,57,A
367689040,2022-01-05T13:38:15,34.08024,-90.90557,5.2,338.1,332.0,RICK CALHOUN,,WDI3506,31,12,52,,,57,A
367689040,2022-01-05T13:41:33,34.08489,-90.90753,5.3,344.0,324.0,RICK CALHOUN,,WDI3506,31,12,52,,,57,A
367689040,2022-01-05T13:43:35,34.08743,-90.90894,5.1,331.0,318.0,RICK CALHOUN,,WDI3506,31,12,52,,,57,A
367689040,2022-01-05T14:02:24,34.10409,-90.93480,5.1,302.0,304.0,RICK CALHOUN,,WDI3506,31,12,52,,,57,A
367689040,2022-01-05T14:09:24,34.10936,-90.94444,4.6,310.0,315.0,RICK CALHOUN,,WDI3506,31,12,52,,,57,A
367689040,2022-01-05T14:40:33,34.14191,-90.95202,5.7,52.0,53.0,RICK CALHOUN,,WDI3506,31,12,52,,,57,A
367689040,2022-01-05T14:41:44,34.14295,-90.95023,5.6,55.0,52.0,RICK CALHOUN,,WDI3506,31,12,52,,,57,A
367689040,2022-01-05T14:42:54,34.14401,-90.94850,5.5,53.0,52.0,RICK CALHOUN,,WDI3506,31,12,52,,,57,A
367689040,2022-01-05T15:26:24,34.17945,-90.89259,4.6,53.0,50.0,RICK CALHOUN,,WDI3506,31,12,52,,,57,A
367689040,2022-01-05T15:31:34,34.18407,-90.88684,4.9,38.0,55.0,RICK CALHOUN,,WDI3506,31,12,52,,,57,A
367689040,2022-01-05T15:39:35,34.18982,-90.87557,5.2,63.0,67.0,RICK CALHOUN,,WDI3506,31,12,52,,,57,A
367689040,2022-01-05T15:52:54,34.20000,-90.85589,5.1,44.6,43.0,RICK CALHOUN,,WDI3506,31,12,52,,,57,A
367689040,2022-01-05T16:15:25,34.22520,-90.83713,5.2,5.7,2.0,RICK CALHOUN,,WDI3506,31,12,52,,,57,A
367689040,2022-01-05T16:29:04,34.24712,-90.83472,6.5,3.9,2.0,RICK CALHOUN,,WDI3506,31,12,52,,,57,A
367689040,2022-01-05T19:58:23,34.36732,-90.68701,3.8,58.0,56.0,RICK CALHOUN,,WDI3506,31,12,52,,,57,A
367689040,2022-01-05T21:19:15,34.39666,-90.59775,0.6,83.1,44.0,RICK CALHOUN,,WDI3506,31,12,52,,,57,A
367689040,2022-01-05T21:28:24,34.40165,-90.59238,3.6,47.0,41.0,RICK CALHOUN,,WDI3506,31,12,52,,,57,A
367689040,2022-01-05T21:42:04,34.41514,-90.58438,4.3,12.0,17.0,RICK CALHOUN,,WDI3506,31,12,52,,,57,A
367689040,2022-01-05T22:01:24,34.43952,-90.58231,4.7,355.0,355.0,RICK CALHOUN,,WDI3506,31,12,52,,,57,A
367689040,2022-01-05T22:07:45,34.44770,-90.58273,4.5,354.0,350.0,RICK CALHOUN,,WDI3506,31,12,52,,,57,A
367689040,2022-01-05T22:28:15,34.47497,-90.59042,4.9,350.0,357.0,RICK CALHOUN,,WDI3506,31,12,52,,,57,A
367689040,2022-01-05T22:29:24,34.47656,-90.59055,4.9,357.0,359.0,RICK CALHOUN,,WDI3506,31,12,52,,,57,A
367689040,2022-01-05T22:52:33,34.50818,-90.58211,5.3,14.2,25.0,RICK CALHOUN,,WDI3506,31,12,52,,,57,A
367689040,2022-01-05T23:01:43,34.51844,-90.57565,4.0,26.0,44.0,RICK CALHOUN,,WDI3506,31,12,52,,,57,A
367689040,2022-01-05T23:07:53,34.52349,-90.56991,4.4,48.7,54.0,RICK CALHOUN,,WDI3506,31,12,52,,,57,A
367689040,2022-01-05T23:10:15,34.52537,-90.56704,4.8,57.0,61.0,RICK CALHOUN,,WDI3506,31,12,52,,,57,A
367689040,2022-01-05T23:24:34,34.53410,-90.55059,2.5,63.0,54.0,RICK CALHOUN,,WDI3506,31,12,52,,,57,A
367689040,2022-01-05T23:25:44,34.53441,-90.54973,2.3,60.2,54.0,RICK CALHOUN,,WDI3506,31,12,52,,,57,A
367689040,2022-01-05T23:28:03,34.53487,-90.54810,2.1,73.1,54.0,RICK CALHOUN,,WDI3506,31,12,52,,,57,A
367689040,2022-01-05T23:36:43,34.53673,-90.54397,1.7,43.0,40.0,RICK CALHOUN,,WDI3506,31,12,52,,,57,A
367689040,2022-01-05T23:50:43,34.53685,-90.54332,0.3,311.0,36.0,RICK CALHOUN,,WDI3506,31,12,52,,,57,A
367689040,2022-01-05T23:54:25,34.53669,-90.54350,0.6,182.0,38.0,RICK CALHOUN,,WDI3506,31,12,52,,,57,A
367689040,2022-01-05T23:57:54,34.53645,-90.54388,0.4,266.0,39.0,RICK CALHOUN,,WDI3506,31,12,52,,,57,A
367689040,2022-01-06T00:00:03,34.53650,-90.54394,0.3,72.0,41.0,RICK CALHOUN,,WDI3506,31,12,52,,,57,A
367689040,2022-01-06T00:01:13,34.53651,-90.54382,0.3,79.3,39.0,RICK CALHOUN,,WDI3506,31,12,52,,,57,A
367689040,2022-01-06T00:02:23,34.53657,-90.54377,0.3,8.0,39.0,RICK CALHOUN,,WDI3506,31,12,52,,,57,A
367689040,2022-01-06T00:03:34,34.53661,-90.54369,0.3,81.0,38.0,RICK CALHOUN,,WDI3506,31,12,52,,,57,A
367689040,2022-01-06T00:04:44,34.53668,-90.54364,0.3,10.0,38.0,RICK CALHOUN,,WDI3506,31,12,52,,,57,A
367689040,2022-01-06T00:05:53,34.53676,-90.54358,0.3,79.0,39.0,RICK CALHOUN,,WDI3506,31,12,52,,,57,A
367689040,2022-01-06T00:07:04,34.53672,-90.54337,0.5,103.0,36.0,RICK CALHOUN,,WDI3506,31,12,52,,,57,A
367689040,2022-01-06T00:08:14,34.53676,-90.54327,0.4,29.0,35.0,RICK CALHOUN,,WDI3506,31,12,52,,,57,A
367689040,2022-01-06T00:12:53,34.53692,-90.54301,0.1,312.0,30.0,RICK CALHOUN,,WDI3506,31,12,52,,,57,A
367689040,2022-01-06T00:11:43,34.53692,-90.54303,0.2,112.0,31.0,RICK CALHOUN,,WDI3506,31,12,52,,,57,A
367689040,2022-01-06T00:14:04,34.53696,-90.54305,0.2,304.0,31.0,RICK CALHOUN,,WDI3506,31,12,52,,,57,A
367689040,2022-01-06T00:10:34,34.53693,-90.54311,0.2,53.4,33.0,RICK CALHOUN,,WDI3506,31,12,52,,,57,A
367689040,2022-01-06T00:09:24,34.53686,-90.54315,0.3,37.6,34.0,RICK CALHOUN,,WDI3506,31,12,52,,,57,A
367689040,2022-01-06T00:16:24,34.53695,-90.54316,0.3,169.0,33.0,RICK CALHOUN,,WDI3506,31,12,52,,,57,A
367689040,2022-01-06T00:15:14,34.53700,-90.54316,0.2,282.0,33.0,RICK CALHOUN,,WDI3506,31,12,52,,,57,A
367689040,2022-01-06T00:17:33,34.53691,-90.54300,0.9,80.0,28.0,RICK CALHOUN,,WDI3506,31,12,52,,,57,A
367689040,2022-01-06T00:20:55,34.53888,-90.54121,3.7,30.0,6.0,RICK CALHOUN,,WDI3506,31,12,52,,,57,A
367689040,2022-01-06T00:18:44,34.53739,-90.54272,2.3,24.0,27.0,RICK CALHOUN,,WDI3506,31,12,52,,,57,A
367689040,2022-01-06T00:22:04,34.54006,-90.54098,4.0,348.0,359.0,RICK CALHOUN,,WDI3506,31,12,52,,,57,A
367689040,2022-01-06T00:23:13,34.54139,-90.54138,4.4,342.1,0.0,RICK CALHOUN,,WDI3506,31,12,52,,,57,A
367689040,2022-01-06T00:19:45,34.53799,-90.54202,3.2,46.0,20.0,RICK CALHOUN,,WDI3506,31,12,52,,,57,A
367689040,2022-01-06T00:27:55,34.54685,-90.54301,4.1,1.0,17.0,RICK CALHOUN,,WDI3506,31,12,52,,,57,A
367689040,2022-01-06T00:25:34,34.54409,-90.54255,4.4,343.7,5.0,RICK CALHOUN,,WDI3506,31,12,52,,,57,A
367689040,2022-01-06T00:24:24,34.54276,-90.54197,4.4,340.1,1.0,RICK CALHOUN,,WDI3506,31,12,52,,,57,A
367689040,2022-01-06T00:31:23,34.54995,-90.54138,3.1,6.0,357.0,RICK CALHOUN,,WDI3506,31,12,52,,,57,A
367689040,2022-01-06T00:29:04,34.54801,-90.54256,3.8,35.0,18.0,RICK CALHOUN,,WDI3506,31,12,52,,,57,A
367689040,2022-01-06T00:26:45,34.54550,-90.54294,4.2,350.6,11.0,RICK CALHOUN,,WDI3506,31,12,52,,,57,A
367689040,2022-01-06T00:30:13,34.54897,-90.54171,3.4,27.0,5.0,RICK CALHOUN,,WDI3506,31,12,52,,,57,A
367689040,2022-01-06T00:35:04,34.55344,-90.54206,3.9,352.3,354.0,RICK CALHOUN,,WDI3506,31,12,52,,,57,A
367689040,2022-01-06T00:32:43,34.55110,-90.54135,3.2,353.0,352.0,RICK CALHOUN,,WDI3506,31,12,52,,,57,A
367689040,2022-01-06T00:33:53,34.55221,-90.54174,3.7,341.9,353.0,RICK CALHOUN,,WDI3506,31,12,52,,,57,A
367689040,2022-01-06T00:36:13,34.55471,-90.54223,3.9,355.0,353.0,RICK CALHOUN,,WDI3506,31,12,52,,,57,A
367689040,2022-01-06T00:37:24,34.55600,-90.54224,4.0,0.0,350.0,RICK CALHOUN,,WDI3506,31,12,52,,,57,A
367689040,2022-01-06T00:38:34,34.55731,-90.54227,4.0,357.0,345.0,RICK CALHOUN,,WDI3506,31,12,52,,,57,A
367689040,2022-01-06T00:40:54,34.55994,-90.54264,4.2,350.0,342.0,RICK CALHOUN,,WDI3506,31,12,52,,,57,A
367689040,2022-01-06T00:39:45,34.55863,-90.54242,4.1,355.0,343.0,RICK CALHOUN,,WDI3506,31,12,52,,,57,A
367689040,2022-01-06T00:50:45,34.56921,-90.54820,4.2,315.0,318.0,RICK CALHOUN,,WDI3506,31,12,52,,,57,A
367689040,2022-01-06T00:51:53,34.57021,-90.54938,4.4,320.0,320.0,RICK CALHOUN,,WDI3506,31,12,52,,,57,A
367689040,2022-01-06T00:49:24,34.56792,-90.54716,4.2,328.6,322.0,RICK CALHOUN,,WDI3506,31,12,52,,,57,A
367689040,2022-01-06T00:47:45,34.56642,-90.54573,4.1,321.0,321.0,RICK CALHOUN,,WDI3506,31,12,52,,,57,A
367689040,2022-01-06T00:46:05,34.56497,-90.54433,3.8,320.8,321.0,RICK CALHOUN,,WDI3506,31,12,52,,,57,A
367689040,2022-01-06T00:57:43,34.57553,-90.55533,4.6,323.0,323.0,RICK CALHOUN,,WDI3506,31,12,52,,,57,A
367689040,2022-01-06T00:56:35,34.57439,-90.55426,4.5,319.0,323.0,RICK CALHOUN,,WDI3506,31,12,52,,,57,A
367689040,2022-01-06T00:54:24,34.57247,-90.55186,4.5,311.6,319.0,RICK CALHOUN,,WDI3506,31,12,52,,,57,A
367689040,2022-01-06T00:55:34,34.57348,-90.55317,4.5,311.5,321.0,RICK CALHOUN,,WDI3506,31,12,52,,,57,A
367689040,2022-01-06T00:53:14,34.57152,-90.55059,4.4,317.0,317.0,RICK CALHOUN,,WDI3506,31,12,52,,,57,A
367689040,2022-01-06T00:58:55,34.57676,-90.55640,4.6,327.0,323.0,RICK CALHOUN,,WDI3506,31,12,52,,,57,A
367689040,2022-01-06T01:02:34,34.58065,-90.55963,4.8,317.2,319.0,RICK CALHOUN,,WDI3506,31,12,52,,,57,A
367689040,2022-01-06T01:01:33,34.57965,-90.55863,4.7,323.0,318.0,RICK CALHOUN,,WDI3506,31,12,52,,,57,A
367689040,2022-01-06T01:07:24,34.58608,-90.56457,5.2,327.9,322.0,RICK CALHOUN,,WDI3506,31,12,52,,,57,A
367689040,2022-01-06T01:04:54,34.58313,-90.56219,5.1,324.0,322.0,RICK CALHOUN,,WDI3506,31,12,52,,,57,A
367689040,2022-01-06T01:10:53,34.59007,-90.56841,5.3,311.0,316.0,RICK CALHOUN,,WDI3506,31,12,52,,,57,A
367689040,2022-01-06T01:00:25,34.57843,-90.55760,4.6,326.1,319.0,RICK CALHOUN,,WDI3506,31,12,52,,,57,A
367689040,2022-01-06T01:09:44,34.58893,-90.56692,5.2,321.0,314.0,RICK CALHOUN,,WDI3506,31,12,52,,,57,A
367689040,2022-01-06T01:12:03,34.59120,-90.56997,5.3,312.5,319.0,RICK CALHOUN,,WDI3506,31,12,52,,,57,A
367689040,2022-01-06T01:13:24,34.59260,-90.57165,5.1,317.0,323.0,RICK CALHOUN,,WDI3506,31,12,52,,,57,A
367689040,2022-01-06T01:03:43,34.58184,-90.56091,5.0,319.0,321.0,RICK CALHOUN,,WDI3506,31,12,52,,,57,A
367689040,2022-01-06T01:20:14,34.59998,-90.57793,4.5,324.0,328.0,RICK CALHOUN,,WDI3506,31,12,52,,,57,A
367689040,2022-01-06T01:06:14,34.58464,-90.56354,5.2,326.0,323.0,RICK CALHOUN,,WDI3506,31,12,52,,,57,A
367689040,2022-01-06T01:21:25,34.60114,-90.57896,4.5,324.0,329.0,RICK CALHOUN,,WDI3506,31,12,52,,,57,A
367689040,2022-01-06T01:15:43,34.59512,-90.57396,4.8,324.4,326.0,RICK CALHOUN,,WDI3506,31,12,52,,,57,A
367689040,2022-01-06T01:22:44,34.60249,-90.58004,4.4,324.0,330.0,RICK CALHOUN,,WDI3506,31,12,52,,,57,A
367689040,2022-01-06T01:18:03,34.59774,-90.57594,4.7,327.0,325.0,RICK CALHOUN,,WDI3506,31,12,52,,,57,A
367689040,2022-01-06T01:28:35,34.60839,-90.58431,3.9,337.0,338.0,RICK CALHOUN,,WDI3506,31,12,52,,,57,A
367689040,2022-01-06T01:27:24,34.60721,-90.58363,4.0,331.0,335.0,RICK CALHOUN,,WDI3506,31,12,52,,,57,A
367689040,2022-01-06T01:19:04,34.59879,-90.57685,4.6,321.9,326.0,RICK CALHOUN,,WDI3506,31,12,52,,,57,A
367689040,2022-01-06T01:29:44,34.60954,-90.58486,3.9,337.0,336.0,RICK CALHOUN,,WDI3506,31,12,52,,,57,A
367689040,2022-01-06T01:08:34,34.58755,-90.56571,5.3,324.4,318.0,RICK CALHOUN,,WDI3506,31,12,52,,,57,A
367689040,2022-01-06T01:26:14,34.60607,-90.58283,4.3,327.0,333.0,RICK CALHOUN,,WDI3506,31,12,52,,,57,A
367689040,2022-01-06T01:37:45,34.61790,-90.58815,4.2,350.4,352.0,RICK CALHOUN,,WDI3506,31,12,52,,,57,A
367689040,2022-01-06T01:30:54,34.61065,-90.58562,4.0,327.0,338.0,RICK CALHOUN,,WDI3506,31,12,52,,,57,A
367689040,2022-01-06T01:36:44,34.61677,-90.58786,4.1,347.4,351.0,RICK CALHOUN,,WDI3506,31,12,52,,,57,A
367689040,2022-01-06T01:16:53,34.59641,-90.57500,4.8,325.4,326.0,RICK CALHOUN,,WDI3506,31,12,52,,,57,A
367689040,2022-01-06T01:14:33,34.59382,-90.57286,4.9,324.0,326.0,RICK CALHOUN,,WDI3506,31,12,52,,,57,A
367689040,2022-01-06T01:43:34,34.62475,-90.58983,4.5,343.3,353.0,RICK CALHOUN,,WDI3506,31,12,52,,,57,A
367689040,2022-01-06T01:44:44,34.62615,-90.59039,4.7,341.0,358.0,RICK CALHOUN,,WDI3506,31,12,52,,,57,A
367689040,2022-01-06T01:45:54,34.62761,-90.59086,4.7,350.0,3.0,RICK CALHOUN,,WDI3506,31,12,52,,,57,A
367689040,2022-01-06T01:35:34,34.61547,-90.58758,4.0,350.0,350.0,RICK CALHOUN,,WDI3506,31,12,52,,,57,A
367689040,2022-01-06T01:47:03,34.62913,-90.59110,4.8,353.3,8.0,RICK CALHOUN,,WDI3506,31,12,52,,,57,A
367689040,2022-01-06T01:38:53,34.61922,-90.58851,4.3,346.8,354.0,RICK CALHOUN,,WDI3506,31,12,52,,,57,A
367689040,2022-01-06T01:23:55,34.60370,-90.58103,4.4,329.0,332.0,RICK CALHOUN,,WDI3506,31,12,52,,,57,A
367689040,2022-01-06T01:25:04,34.60489,-90.58194,4.3,327.0,332.0,RICK CALHOUN,,WDI3506,31,12,52,,,57,A
367689040,2022-01-06T01:50:33,34.63384,-90.59086,5.0,1.0,17.0,RICK CALHOUN,,WDI3506,31,12,52,,,57,A
367689040,2022-01-06T01:41:13,34.62198,-90.58906,4.3,349.0,353.0,RICK CALHOUN,,WDI3506,31,12,52,,,57,A
367689040,2022-01-06T01:51:44,34.63538,-90.59038,4.9,22.8,18.0,RICK CALHOUN,,WDI3506,31,12,52,,,57,A
367689040,2022-01-06T01:53:04,34.63704,-90.58951,4.9,20.0,12.0,RICK CALHOUN,,WDI3506,31,12,52,,,57,A
367689040,2022-01-06T01:32:03,34.61176,-90.58637,3.9,334.2,344.0,RICK CALHOUN,,WDI3506,31,12,52,,,57,A
367689040,2022-01-06T01:57:34,34.64303,-90.58814,5.0,12.3,13.0,RICK CALHOUN,,WDI3506,31,12,52,,,57,A
367689040,2022-01-06T01:33:13,34.61295,-90.58687,3.9,344.0,348.0,RICK CALHOUN,,WDI3506,31,12,52,,,57,A
367689040,2022-01-06T01:48:14,34.63067,-90.59106,4.8,6.6,12.0,RICK CALHOUN,,WDI3506,31,12,52,,,57,A
367689040,2022-01-06T01:59:53,34.64625,-90.58743,5.3,3.0,13.0,RICK CALHOUN,,WDI3506,31,12,52,,,57,A
367689040,2022-01-06T01:49:24,34.63222,-90.59078,4.9,5.0,9.0,RICK CALHOUN,,WDI3506,31,12,52,,,57,A
367689040,2022-01-06T01:54:13,34.63855,-90.58907,4.8,8.0,11.0,RICK CALHOUN,,WDI3506,31,12,52,,,57,A
367689040,2022-01-06T01:55:15,34.63993,-90.58883,4.9,7.0,11.0,RICK CALHOUN,,WDI3506,31,12,52,,,57,A
367689040,2022-01-06T02:03:53,34.65234,-90.58539,6.0,26.0,33.0,RICK CALHOUN,,WDI3506,31,12,52,,,57,A
367689040,2022-01-06T01:56:24,34.64146,-90.58853,4.9,11.0,12.0,RICK CALHOUN,,WDI3506,31,12,52,,,57,A
367689040,2022-01-06T02:06:04,34.65550,-90.58303,6.1,35.0,39.0,RICK CALHOUN,,WDI3506,31,12,52,,,57,A
367689040,2022-01-06T01:34:23,34.61418,-90.58728,3.9,347.0,349.0,RICK CALHOUN,,WDI3506,31,12,52,,,57,A
367689040,2022-01-06T01:58:43,34.64462,-90.58768,5.1,10.0,10.0,RICK CALHOUN,,WDI3506,31,12,52,,,57,A
367689040,2022-01-06T02:08:24,34.65839,-90.57997,5.7,42.0,42.0,RICK CALHOUN,,WDI3506,31,12,52,,,57,A
367689040,2022-01-06T01:40:05,34.62064,-90.58882,4.3,351.0,353.0,RICK CALHOUN,,WDI3506,31,12,52,,,57,A
367689040,2022-01-06T02:10:43,34.66064,-90.57694,4.7,51.0,40.0,RICK CALHOUN,,WDI3506,31,12,52,,,57,A
367689040,2022-01-06T01:42:24,34.62337,-90.58941,4.3,345.0,352.0,RICK CALHOUN,,WDI3506,31,12,52,,,57,A
367689040,2022-01-06T02:01:34,34.64873,-90.58693,5.6,14.0,22.0,RICK CALHOUN,,WDI3506,31,12,52,,,57,A
367689040,2022-01-06T02:00:23,34.64698,-90.58736,5.3,6.0,17.0,RICK CALHOUN,,WDI3506,31,12,52,,,57,A
367689040,2022-01-06T02:04:54,34.65383,-90.58442,6.1,31.0,36.0,RICK CALHOUN,,WDI3506,31,12,52,,,57,A
367689040,2022-01-06T02:15:25,34.66449,-90.57212,4.2,47.4,37.0,RICK CALHOUN,,WDI3506,31,12,52,,,57,A
367689040,2022-01-06T02:02:43,34.65055,-90.58632,6.0,14.6,28.0,RICK CALHOUN,,WDI3506,31,12,52,,,57,A
367689040,2022-01-06T02:13:03,34.66259,-90.57448,4.2,49.0,39.0,RICK CALHOUN,,WDI3506,31,12,52,,,57,A
367689040,2022-01-06T02:21:23,34.66967,-90.56665,4.0,32.0,11.0,RICK CALHOUN,,WDI3506,31,12,52,,,57,A
367689040,2022-01-06T02:16:33,34.66541,-90.57091,4.3,47.1,36.0,RICK CALHOUN,,WDI3506,31,12,52,,,57,A
367689040,2022-01-06T02:14:14,34.66354,-90.57332,4.1,44.0,38.0,RICK CALHOUN,,WDI3506,31,12,52,,,57,A
367689040,2022-01-06T02:18:54,34.66735,-90.56846,4.2,44.0,24.0,RICK CALHOUN,,WDI3506,31,12,52,,,57,A
367689040,2022-01-06T02:28:13,34.67827,-90.56575,5.0,359.0,356.0,RICK CALHOUN,,WDI3506,31,12,52,,,57,A
367689040,2022-01-06T02:30:55,34.68208,-90.56602,5.1,352.0,353.0,RICK CALHOUN,,WDI3506,31,12,52,,,57,A
367689040,2022-01-06T02:17:44,34.66638,-90.56970,4.2,43.0,32.0,RICK CALHOUN,,WDI3506,31,12,52,,,57,A
367689040,2022-01-06T02:24:54,34.67374,-90.56596,4.7,3.0,2.0,RICK CALHOUN,,WDI3506,31,12,52,,,57,A
367689040,2022-01-06T02:25:55,34.67509,-90.56594,4.8,0.0,1.0,RICK CALHOUN,,WDI3506,31,12,52,,,57,A
367689040,2022-01-06T02:27:05,34.67670,-90.56582,5.0,4.0,358.0,RICK CALHOUN,,WDI3506,31,12,52,,,57,A
367689040,2022-01-06T02:07:14,34.65698,-90.58149,5.9,41.0,40.0,RICK CALHOUN,,WDI3506,31,12,52,,,57,A
367689040,2022-01-06T02:36:45,34.69067,-90.56711,5.4,350.0,351.0,RICK CALHOUN,,WDI3506,31,12,52,,,57,A
367689040,2022-01-06T02:40:13,34.69562,-90.56831,5.1,337.0,349.0,RICK CALHOUN,,WDI3506,31,12,52,,,57,A
367689040,2022-01-06T02:45:04,34.70195,-90.56995,4.5,357.2,4.0,RICK CALHOUN,,WDI3506,31,12,52,,,57,A
367689040,2022-01-06T02:11:55,34.66165,-90.57560,4.3,44.8,39.0,RICK CALHOUN,,WDI3506,31,12,52,,,57,A
367689040,2022-01-06T02:37:53,34.69237,-90.56740,5.3,353.0,349.0,RICK CALHOUN,,WDI3506,31,12,52,,,57,A
367689040,2022-01-06T02:29:24,34.67994,-90.56582,5.0,357.0,355.0,RICK CALHOUN,,WDI3506,31,12,52,,,57,A
367689040,2022-01-06T02:33:14,34.68547,-90.56638,5.3,359.0,353.0,RICK CALHOUN,,WDI3506,31,12,52,,,57,A
367689040,2022-01-06T02:34:23,34.68717,-90.56653,5.3,352.8,351.0,RICK CALHOUN,,WDI3506,31,12,52,,,57,A
367689040,2022-01-06T02:42:35,34.69878,-90.56927,4.8,354.0,355.0,RICK CALHOUN,,WDI3506,31,12,52,,,57,A
367689040,2022-01-06T02:52:04,34.71091,-90.56757,5.3,4.4,0.0,RICK CALHOUN,,WDI3506,31,12,52,,,57,A
367689040,2022-01-06T02:35:35,34.68895,-90.56678,5.4,353.0,351.0,RICK CALHOUN,,WDI3506,31,12,52,,,57,A
367689040,2022-01-06T02:56:54,34.71863,-90.56769,5.5,1.0,5.0,RICK CALHOUN,,WDI3506,31,12,52,,,57,A
367689040,2022-01-06T02:22:35,34.67093,-90.56627,4.0,9.0,6.0,RICK CALHOUN,,WDI3506,31,12,52,,,57,A
367689040,2022-01-06T02:59:14,34.72205,-90.56747,5.2,9.0,5.0,RICK CALHOUN,,WDI3506,31,12,52,,,57,A
367689040,2022-01-06T02:09:34,34.65964,-90.57844,5.3,47.0,43.0,RICK CALHOUN,,WDI3506,31,12,52,,,57,A
367689040,2022-01-06T02:49:45,34.70777,-90.56819,4.7,16.0,1.0,RICK CALHOUN,,WDI3506,31,12,52,,,57,A
367689040,2022-01-06T02:41:23,34.69718,-90.56898,5.0,343.0,355.0,RICK CALHOUN,,WDI3506,31,12,52,,,57,A
367689040,2022-01-06T02:50:54,34.70928,-90.56784,4.9,10.0,0.0,RICK CALHOUN,,WDI3506,31,12,52,,,57,A
367689040,2022-01-06T03:08:55,34.73430,-90.56560,4.0,30.0,38.0,RICK CALHOUN,,WDI3506,31,12,52,,,57,A
367689040,2022-01-06T03:04:14,34.72905,-90.56726,4.5,5.0,15.0,RICK CALHOUN,,WDI3506,31,12,52,,,57,A
367689040,2022-01-06T03:13:24,34.73834,-90.56204,4.2,45.0,56.0,RICK CALHOUN,,WDI3506,31,12,52,,,57,A
367689040,2022-01-06T02:54:34,34.71490,-90.56752,6.0,355.0,0.0,RICK CALHOUN,,WDI3506,31,12,52,,,57,A
367689040,2022-01-06T02:55:45,34.71684,-90.56768,5.8,358.0,3.0,RICK CALHOUN,,WDI3506,31,12,52,,,57,A
367689040,2022-01-06T03:15:43,34.74029,-90.55953,4.5,53.0,70.0,RICK CALHOUN,,WDI3506,31,12,52,,,57,A
367689040,2022-01-06T02:20:04,34.66841,-90.56753,4.1,35.0,19.0,RICK CALHOUN,,WDI3506,31,12,52,,,57,A
367689040,2022-01-06T03:05:23,34.73045,-90.56701,4.4,7.0,19.0,RICK CALHOUN,,WDI3506,31,12,52,,,57,A
367689040,2022-01-06T03:06:34,34.73183,-90.56675,4.2,11.0,26.0,RICK CALHOUN,,WDI3506,31,12,52,,,57,A
367689040,2022-01-06T02:23:44,34.67226,-90.56606,4.4,6.0,4.0,RICK CALHOUN,,WDI3506,31,12,52,,,57,A
367689040,2022-01-06T03:14:34,34.73938,-90.56086,4.5,44.0,62.0,RICK CALHOUN,,WDI3506,31,12,52,,,57,A
367689040,2022-01-06T03:25:04,34.74228,-90.54591,4.7,96.0,103.0,RICK CALHOUN,,WDI3506,31,12,52,,,57,A
367689040,2022-01-06T03:10:04,34.73540,-90.56488,4.0,27.0,42.0,RICK CALHOUN,,WDI3506,31,12,52,,,57,A
367689040,2022-01-06T03:18:04,34.74179,-90.55636,4.5,69.0,81.0,RICK CALHOUN,,WDI3506,31,12,52,,,57,A
367689040,2022-01-06T02:43:44,34.70028,-90.56948,4.7,349.0,355.0,RICK CALHOUN,,WDI3506,31,12,52,,,57,A
367689040,2022-01-06T03:12:23,34.73749,-90.56299,4.1,37.0,51.0,RICK CALHOUN,,WDI3506,31,12,52,,,57,A
367689040,2022-01-06T02:46:14,34.70343,-90.56980,4.5,13.0,9.0,RICK CALHOUN,,WDI3506,31,12,52,,,57,A
367689040,2022-01-06T03:07:45,34.73313,-90.56630,4.1,18.0,32.0,RICK CALHOUN,,WDI3506,31,12,52,,,57,A
367689040,2022-01-06T02:48:34,34.70630,-90.56870,4.7,14.0,4.0,RICK CALHOUN,,WDI3506,31,12,52,,,57,A
367689040,2022-01-06T02:32:05,34.68377,-90.56627,5.3,354.0,355.0,RICK CALHOUN,,WDI3506,31,12,52,,,57,A
367689040,2022-01-06T03:35:34,34.73705,-90.52968,4.8,117.0,118.0,RICK CALHOUN,,WDI3506,31,12,52,,,57,A
367689040,2022-01-06T03:30:54,34.73963,-90.53682,5.1,111.0,113.0,RICK CALHOUN,,WDI3506,31,12,52,,,57,A
367689040,2022-01-06T02:53:23,34.71296,-90.56744,5.7,359.0,359.0,RICK CALHOUN,,WDI3506,31,12,52,,,57,A
367689040,2022-01-06T03:22:44,34.74252,-90.54952,4.5,93.0,95.0,RICK CALHOUN,,WDI3506,31,12,52,,,57,A
367689040,2022-01-06T03:40:23,34.73417,-90.52278,4.7,119.0,120.0,RICK CALHOUN,,WDI3506,31,12,52,,,57,A
367689040,2022-01-06T03:19:13,34.74226,-90.55472,4.5,71.0,86.0,RICK CALHOUN,,WDI3506,31,12,52,,,57,A
367689040,2022-01-06T02:39:05,34.69409,-90.56768,5.1,349.0,346.0,RICK CALHOUN,,WDI3506,31,12,52,,,57,A
367689040,2022-01-06T02:58:04,34.72035,-90.56770,5.3,359.0,7.0,RICK CALHOUN,,WDI3506,31,12,52,,,57,A
367689040,2022-01-06T03:38:05,34.73559,-90.52599,4.8,115.0,120.0,RICK CALHOUN,,WDI3506,31,12,52,,,57,A
367689040,2022-01-06T03:32:03,34.73908,-90.53498,5.2,109.0,115.0,RICK CALHOUN,,WDI3506,31,12,52,,,57,A
367689040,2022-01-06T03:52:14,34.72724,-90.50535,5.0,110.0,108.0,RICK CALHOUN,,WDI3506,31,12,52,,,57,A
367689040,2022-01-06T03:45:15,34.73130,-90.51582,4.8,113.2,117.0,RICK CALHOUN,,WDI3506,31,12,52,,,57,A
367689040,2022-01-06T03:53:24,34.72679,-90.50347,5.1,105.0,109.0,RICK CALHOUN,,WDI3506,31,12,52,,,57,A
367689040,2022-01-06T03:54:43,34.72618,-90.50130,5.2,113.0,109.0,RICK CALHOUN,,WDI3506,31,12,52,,,57,A
367689040,2022-01-06T03:51:03,34.72789,-90.50713,5.0,115.0,112.0,RICK CALHOUN,,WDI3506,31,12,52,,,57,A
367689040,2022-01-06T03:44:14,34.73190,-90.51725,4.8,117.9,119.0,RICK CALHOUN,,WDI3506,31,12,52,,,57,A
367689040,2022-01-06T03:57:04,34.72483,-90.49774,4.5,106.0,95.0,RICK CALHOUN,,WDI3506,31,12,52,,,57,A
367689040,2022-01-06T03:34:24,34.73780,-90.53131,4.9,116.0,119.0,RICK CALHOUN,,WDI3506,31,12,52,,,57,A
367689040,2022-01-06T02:47:23,34.70484,-90.56928,4.6,17.0,8.0,RICK CALHOUN,,WDI3506,31,12,52,,,57,A
367689040,2022-01-06T04:01:33,34.72458,-90.49112,4.6,84.3,86.0,RICK CALHOUN,,WDI3506,31,12,52,,,57,A
367689040,2022-01-06T03:16:55,34.74110,-90.55798,4.7,54.2,75.0,RICK CALHOUN,,WDI3506,31,12,52,,,57,A
367689040,2022-01-06T04:03:54,34.72467,-90.48741,4.8,85.0,82.0,RICK CALHOUN,,WDI3506,31,12,52,,,57,A
367689040,2022-01-06T03:58:14,34.72454,-90.49602,4.3,97.0,90.0,RICK CALHOUN,,WDI3506,31,12,52,,,57,A
367689040,2022-01-06T03:59:24,34.72444,-90.49437,4.3,93.2,87.0,RICK CALHOUN,,WDI3506,31,12,52,,,57,A
367689040,2022-01-06T04:07:14,34.72529,-90.48200,5.0,78.9,81.0,RICK CALHOUN,,WDI3506,31,12,52,,,57,A
367689040,2022-01-06T03:20:24,34.74251,-90.55299,4.4,83.8,91.0,RICK CALHOUN,,WDI3506,31,12,52,,,57,A
367689040,2022-01-06T03:21:34,34.74253,-90.55128,4.4,91.0,92.0,RICK CALHOUN,,WDI3506,31,12,52,,,57,A
367689040,2022-01-06T04:10:45,34.72612,-90.47599,5.1,80.0,75.0,RICK CALHOUN,,WDI3506,31,12,52,,,57,A
367689040,2022-01-06T04:05:04,34.72485,-90.48551,4.9,86.0,82.0,RICK CALHOUN,,WDI3506,31,12,52,,,57,A
367689040,2022-01-06T03:23:55,34.74246,-90.54771,4.6,92.0,98.0,RICK CALHOUN,,WDI3506,31,12,52,,,57,A
367689040,2022-01-06T03:49:53,34.72867,-90.50890,5.0,120.0,115.0,RICK CALHOUN,,WDI3506,31,12,52,,,57,A
367689040,2022-01-06T04:00:24,34.72451,-90.49287,4.4,88.0,88.0,RICK CALHOUN,,WDI3506,31,12,52,,,57,A
367689040,2022-01-06T04:08:24,34.72555,-90.48000,5.1,80.0,78.0,RICK CALHOUN,,WDI3506,31,12,52,,,57,A
367689040,2022-01-06T04:17:43,34.72851,-90.46639,4.2,65.8,60.0,RICK CALHOUN,,WDI3506,31,12,52,,,57,A
367689040,2022-01-06T04:09:35,34.72583,-90.47796,5.2,77.0,76.0,RICK CALHOUN,,WDI3506,31,12,52,,,57,A
367689040,2022-01-06T03:27:15,34.74165,-90.54256,4.8,111.0,112.0,RICK CALHOUN,,WDI3506,31,12,52,,,57,A
367689040,2022-01-06T03:28:23,34.74100,-90.54083,5.0,112.0,112.0,RICK CALHOUN,,WDI3506,31,12,52,,,57,A
367689040,2022-01-06T04:11:54,34.72632,-90.47407,4.9,87.0,73.0,RICK CALHOUN,,WDI3506,31,12,52,,,57,A
367689040,2022-01-06T04:23:24,34.73170,-90.45963,4.1,64.4,57.0,RICK CALHOUN,,WDI3506,31,12,52,,,57,A
367689040,2022-01-06T04:02:43,34.72462,-90.48928,4.7,90.7,85.0,RICK CALHOUN,,WDI3506,31,12,52,,,57,A
367689040,2022-01-06T04:13:04,34.72651,-90.47228,4.3,76.0,66.0,RICK CALHOUN,,WDI3506,31,12,52,,,57,A
367689040,2022-01-06T04:19:54,34.72970,-90.46380,4.0,54.3,60.0,RICK CALHOUN,,WDI3506,31,12,52,,,57,A
367689040,2022-01-06T03:36:44,34.73636,-90.52796,4.8,114.0,119.0,RICK CALHOUN,,WDI3506,31,12,52,,,57,A
367689040,2022-01-06T04:22:13,34.73110,-90.46107,4.1,63.1,60.0,RICK CALHOUN,,WDI3506,31,12,52,,,57,A
367689040,2022-01-06T03:11:14,34.73649,-90.56401,3.9,38.0,47.0,RICK CALHOUN,,WDI3506,31,12,52,,,57,A
367689040,2022-01-06T04:34:03,34.74000,-90.44966,4.5,27.0,14.0,RICK CALHOUN,,WDI3506,31,12,52,,,57,A
367689040,2022-01-06T03:41:33,34.73351,-90.52113,4.7,115.0,120.0,RICK CALHOUN,,WDI3506,31,12,52,,,57,A
367689040,2022-01-06T03:42:55,34.73271,-90.51917,4.8,114.0,119.0,RICK CALHOUN,,WDI3506,31,12,52,,,57,A
367689040,2022-01-06T04:28:04,34.73445,-90.45426,4.0,51.0,38.0,RICK CALHOUN,,WDI3506,31,12,52,,,57,A
367689040,2022-01-06T04:14:14,34.72685,-90.47072,4.1,72.0,63.0,RICK CALHOUN,,WDI3506,31,12,52,,,57,A
367689040,2022-01-06T03:46:25,34.73065,-90.51408,4.8,115.0,116.0,RICK CALHOUN,,WDI3506,31,12,52,,,57,A
367689040,2022-01-06T04:35:15,34.74136,-90.44891,4.6,27.0,11.0,RICK CALHOUN,,WDI3506,31,12,52,,,57,A
367689040,2022-01-06T04:36:24,34.74261,-90.44802,4.4,29.0,1.0,RICK CALHOUN,,WDI3506,31,12,52,,,57,A
367689040,2022-01-06T04:30:44,34.73654,-90.45168,4.0,40.0,23.0,RICK CALHOUN,,WDI3506,31,12,52,,,57,A
367689040,2022-01-06T03:26:05,34.74213,-90.54429,4.7,99.0,109.0,RICK CALHOUN,,WDI3506,31,12,52,,,57,A
367689040,2022-01-06T04:32:54,34.73875,-90.45045,4.3,23.0,18.0,RICK CALHOUN,,WDI3506,31,12,52,,,57,A
367689040,2022-01-06T03:55:55,34.72546,-90.49939,5.1,116.0,105.0,RICK CALHOUN,,WDI3506,31,12,52,,,57,A
367689040,2022-01-06T03:29:24,34.74045,-90.53925,5.0,112.0,112.0,RICK CALHOUN,,WDI3506,31,12,52,,,57,A
367689040,2022-01-06T04:25:45,34.73295,-90.45686,4.0,52.0,48.0,RICK CALHOUN,,WDI3506,31,12,52,,,57,A
367689040,2022-01-06T04:40:04,34.74661,-90.44739,4.1,351.0,342.0,RICK CALHOUN,,WDI3506,31,12,52,,,57,A
367689040,2022-01-06T04:41:24,34.74816,-90.44795,4.6,342.0,342.0,RICK CALHOUN,,WDI3506,31,12,52,,,57,A
367689040,2022-01-06T04:43:44,34.75121,-90.44909,5.1,344.0,339.0,RICK CALHOUN,,WDI3506,31,12,52,,,57,A
367689040,2022-01-06T04:29:15,34.73531,-90.45310,4.0,46.0,31.0,RICK CALHOUN,,WDI3506,31,12,52,,,57,A
367689040,2022-01-06T04:46:14,34.75453,-90.45070,5.0,337.0,340.0,RICK CALHOUN,,WDI3506,31,12,52,,,57,A
367689040,2022-01-06T04:58:03,34.76913,-90.45906,5.1,327.0,328.0,RICK CALHOUN,,WDI3506,31,12,52,,,57,A
367689040,2022-01-06T04:06:13,34.72501,-90.48359,4.9,79.0,80.0,RICK CALHOUN,,WDI3506,31,12,52,,,57,A
367689040,2022-01-06T04:38:53,34.74529,-90.44734,4.0,8.0,348.0,RICK CALHOUN,,WDI3506,31,12,52,,,57,A
367689040,2022-01-06T04:52:15,34.76208,-90.45433,4.9,333.0,331.0,RICK CALHOUN,,WDI3506,31,12,52,,,57,A
367689040,2022-01-06T03:33:14,34.73848,-90.53308,5.0,111.0,118.0,RICK CALHOUN,,WDI3506,31,12,52,,,57,A
367689040,2022-01-06T04:44:54,34.75277,-90.44983,5.1,336.0,340.0,RICK CALHOUN,,WDI3506,31,12,52,,,57,A
367689040,2022-01-06T04:56:54,34.76774,-90.45807,5.0,334.1,329.0,RICK CALHOUN,,WDI3506,31,12,52,,,57,A
367689040,2022-01-06T05:03:34,34.77563,-90.46469,5.1,323.5,329.0,RICK CALHOUN,,WDI3506,31,12,52,,,57,A
367689040,2022-01-06T05:04:45,34.77699,-90.46585,5.0,324.2,330.0,RICK CALHOUN,,WDI3506,31,12,52,,,57,A
367689040,2022-01-06T04:53:33,34.76365,-90.45536,5.0,333.0,331.0,RICK CALHOUN,,WDI3506,31,12,52,,,57,A
367689040,2022-01-06T05:05:54,34.77831,-90.46682,4.8,331.8,331.0,RICK CALHOUN,,WDI3506,31,12,52,,,57,A
367689040,2022-01-06T05:02:25,34.77430,-90.46351,5.2,323.0,327.0,RICK CALHOUN,,WDI3506,31,12,52,,,57,A
367689040,2022-01-06T03:39:14,34.73489,-90.52435,4.7,118.0,120.0,RICK CALHOUN,,WDI3506,31,12,52,,,57,A
367689040,2022-01-06T04:49:53,34.75918,-90.45266,4.8,333.0,333.0,RICK CALHOUN,,WDI3506,31,12,52,,,57,A
367689040,2022-01-06T04:16:34,34.72795,-90.46785,4.1,61.0,62.0,RICK CALHOUN,,WDI3506,31,12,52,,,57,A
367689040,2022-01-06T05:09:24,34.78233,-90.46970,4.8,324.7,331.0,RICK CALHOUN,,WDI3506,31,12,52,,,57,A
367689040,2022-01-06T04:54:44,34.76506,-90.45638,5.0,327.0,331.0,RICK CALHOUN,,WDI3506,31,12,52,,,57,A
367689040,2022-01-06T05:14:03,34.78675,-90.47342,3.9,304.0,326.0,RICK CALHOUN,,WDI3506,31,12,52,,,57,A
367689040,2022-01-06T05:17:35,34.78858,-90.47591,2.2,355.6,347.0,RICK CALHOUN,,WDI3506,31,12,52,,,57,A
367689040,2022-01-06T05:16:34,34.78804,-90.47552,2.7,311.0,342.0,RICK CALHOUN,,WDI3506,31,12,52,,,57,A
367689040,2022-01-06T03:47:33,34.73007,-90.51240,4.8,111.0,117.0,RICK CALHOUN,,WDI3506,31,12,52,,,57,A
367689040,2022-01-06T04:21:05,34.73047,-90.46246,4.1,58.0,61.0,RICK CALHOUN,,WDI3506,31,12,52,,,57,A
367689040,2022-01-06T04:59:04,34.77039,-90.45987,5.2,329.0,325.0,RICK CALHOUN,,WDI3506,31,12,52,,,57,A
367689040,2022-01-06T05:18:44,34.78934,-90.47594,2.4,349.0,344.0,RICK CALHOUN,,WDI3506,31,12,52,,,57,A
367689040,2022-01-06T05:00:04,34.77164,-90.46085,5.2,326.0,323.0,RICK CALHOUN,,WDI3506,31,12,52,,,57,A
367689040,2022-01-06T03:48:44,34.72943,-90.51059,5.0,114.0,118.0,RICK CALHOUN,,WDI3506,31,12,52,,,57,A
367689040,2022-01-06T05:08:15,34.78109,-90.46864,4.8,328.4,329.0,RICK CALHOUN,,WDI3506,31,12,52,,,57,A
367689040,2022-01-06T05:01:13,34.77291,-90.46221,5.3,316.0,325.0,RICK CALHOUN,,WDI3506,31,12,52,,,57,A
367689040,2022-01-06T05:10:33,34.78360,-90.47068,4.5,333.0,333.0,RICK CALHOUN,,WDI3506,31,12,52,,,57,A
367689040,2022-01-06T04:24:34,34.73230,-90.45821,4.1,63.0,52.0,RICK CALHOUN,,WDI3506,31,12,52,,,57,A
367689040,2022-01-06T05:19:54,34.79010,-90.47611,2.5,350.0,341.0,RICK CALHOUN,,WDI3506,31,12,52,,,57,A
367689040,2022-01-06T05:21:05,34.79082,-90.47662,2.5,335.0,346.0,RICK CALHOUN,,WDI3506,31,12,52,,,57,A
367689040,2022-01-06T05:24:35,34.79191,-90.47738,0.2,100.0,348.0,RICK CALHOUN,,WDI3506,31,12,52,,,57,A
367689040,2022-01-06T04:31:53,34.73765,-90.45094,4.0,19.6,18.0,RICK CALHOUN,,WDI3506,31,12,52,,,57,A
367689040,2022-01-06T05:31:44,34.79222,-90.47772,1.1,269.7,353.0,RICK CALHOUN,,WDI3506,31,12,52,,,57,A
367689040,2022-01-06T05:34:04,34.79234,-90.47771,0.3,12.0,354.0,RICK CALHOUN,,WDI3506,31,12,52,,,57,A
367689040,2022-01-06T05:37:33,34.79275,-90.47774,0.8,325.0,352.0,RICK CALHOUN,,WDI3506,31,12,52,,,57,A
367689040,2022-01-06T04:37:44,34.74401,-90.44753,3.8,4.3,353.0,RICK CALHOUN,,WDI3506,31,12,52,,,57,A
367689040,2022-01-06T05:40:04,34.79392,-90.47807,2.5,339.6,1.0,RICK CALHOUN,,WDI3506,31,12,52,,,57,A
367689040,2022-01-06T05:29:25,34.79203,-90.47750,0.6,18.6,351.0,RICK CALHOUN,,WDI3506,31,12,52,,,57,A
367689040,2022-01-06T05:28:23,34.79191,-90.47745,0.5,32.0,349.0,RICK CALHOUN,,WDI3506,31,12,52,,,57,A
367689040,2022-01-06T05:23:23,34.79186,-90.47736,0.8,308.0,350.0,RICK CALHOUN,,WDI3506,31,12,52,,,57,A
367689040,2022-01-06T05:35:15,34.79245,-90.47762,0.7,283.0,349.0,RICK CALHOUN,,WDI3506,31,12,52,,,57,A
367689040,2022-01-06T04:42:33,34.74962,-90.44854,4.9,339.0,340.0,RICK CALHOUN,,WDI3506,31,12,52,,,57,A
367689040,2022-01-06T05:48:24,34.80047,-90.47521,3.3,44.0,19.0,RICK CALHOUN,,WDI3506,31,12,52,,,57,A
367689040,2022-01-06T05:49:25,34.80118,-90.47475,2.9,23.0,18.0,RICK CALHOUN,,WDI3506,31,12,52,,,57,A
367689040,2022-01-06T05:51:45,34.80300,-90.47426,3.2,353.0,21.0,RICK CALHOUN,,WDI3506,31,12,52,,,57,A
367689040,2022-01-06T05:42:33,34.79586,-90.47807,3.1,13.1,9.0,RICK CALHOUN,,WDI3506,31,12,52,,,57,A
367689040,2022-01-06T05:54:05,34.80499,-90.47388,3.2,12.0,30.0,RICK CALHOUN,,WDI3506,31,12,52,,,57,A
367689040,2022-01-06T04:48:44,34.75775,-90.45196,4.9,350.0,336.0,RICK CALHOUN,,WDI3506,31,12,52,,,57,A
367689040,2022-01-06T05:43:44,34.79695,-90.47820,3.5,346.0,17.0,RICK CALHOUN,,WDI3506,31,12,52,,,57,A
367689040,2022-01-06T05:44:55,34.79798,-90.47795,3.4,29.0,24.0,RICK CALHOUN,,WDI3506,31,12,52,,,57,A
367689040,2022-01-06T05:55:14,34.80588,-90.47334,3.1,38.1,32.0,RICK CALHOUN,,WDI3506,31,12,52,,,57,A
367689040,2022-01-06T05:46:03,34.79887,-90.47711,3.5,42.4,24.0,RICK CALHOUN,,WDI3506,31,12,52,,,57,A
367689040,2022-01-06T04:15:24,34.72733,-90.46924,4.0,66.0,61.0,RICK CALHOUN,,WDI3506,31,12,52,,,57,A
367689040,2022-01-06T05:36:24,34.79254,-90.47786,0.5,345.0,355.0,RICK CALHOUN,,WDI3506,31,12,52,,,57,A
367689040,2022-01-06T04:18:53,34.72911,-90.46496,4.1,61.0,60.0,RICK CALHOUN,,WDI3506,31,12,52,,,57,A
367689040,2022-01-06T05:50:34,34.80202,-90.47423,2.9,22.8,15.0,RICK CALHOUN,,WDI3506,31,12,52,,,57,A
367689040,2022-01-06T05:41:14,34.79476,-90.47806,2.8,8.0,4.0,RICK CALHOUN,,WDI3506,31,12,52,,,57,A
367689040,2022-01-06T06:02:04,34.81173,-90.46890,4.0,36.0,42.0,RICK CALHOUN,,WDI3506,31,12,52,,,57,A
367689040,2022-01-06T06:05:55,34.81508,-90.46538,4.2,50.0,53.0,RICK CALHOUN,,WDI3506,31,12,52,,,57,A
367689040,2022-01-06T06:08:15,34.81684,-90.46279,4.3,46.1,56.0,RICK CALHOUN,,WDI3506,31,12,52,,,57,A
367689040,2022-01-06T05:47:14,34.79971,-90.47618,3.4,43.0,22.0,RICK CALHOUN,,WDI3506,31,12,52,,,57,A
367689040,2022-01-06T06:13:05,34.81987,-90.45692,4.3,61.0,67.0,RICK CALHOUN,,WDI3506,31,12,52,,,57,A
367689040,2022-01-06T06:15:24,34.82095,-90.45382,4.3,69.0,69.0,RICK CALHOUN,,WDI3506,31,12,52,,,57,A
367689040,2022-01-06T06:07:04,34.81590,-90.46404,4.3,53.3,53.0,RICK CALHOUN,,WDI3506,31,12,52,,,57,A
367689040,2022-01-06T06:16:33,34.82142,-90.45225,4.4,69.0,68.0,RICK CALHOUN,,WDI3506,31,12,52,,,57,A
367689040,2022-01-06T04:26:53,34.73367,-90.45556,4.1,56.0,44.0,RICK CALHOUN,,WDI3506,31,12,52,,,57,A
367689040,2022-01-06T06:04:23,34.81386,-90.46695,4.2,40.0,49.0,RICK CALHOUN,,WDI3506,31,12,52,,,57,A
367689040,2022-01-06T05:58:44,34.80869,-90.47116,3.7,24.0,33.0,RICK CALHOUN,,WDI3506,31,12,52,,,57,A
367689040,2022-01-06T05:07:04,34.77969,-90.46774,4.8,331.9,331.0,RICK CALHOUN,,WDI3506,31,12,52,,,57,A
367689040,2022-01-06T06:22:24,34.82397,-90.44387,4.6,77.0,78.0,RICK CALHOUN,,WDI3506,31,12,52,,,57,A
367689040,2022-01-06T06:09:24,34.81775,-90.46149,4.3,55.0,61.0,RICK CALHOUN,,WDI3506,31,12,52,,,57,A
367689040,2022-01-06T06:03:15,34.81278,-90.46792,4.1,35.0,44.0,RICK CALHOUN,,WDI3506,31,12,52,,,57,A
367689040,2022-01-06T06:30:34,34.82511,-90.43177,4.3,101.0,90.0,RICK CALHOUN,,WDI3506,31,12,52,,,57,A
367689040,2022-01-06T06:14:15,34.82044,-90.45537,4.3,67.9,69.0,RICK CALHOUN,,WDI3506,31,12,52,,,57,A
367689040,2022-01-06T06:31:44,34.82486,-90.43014,4.2,99.0,88.0,RICK CALHOUN,,WDI3506,31,12,52,,,57,A
367689040,2022-01-06T06:32:54,34.82474,-90.42849,4.1,90.0,89.0,RICK CALHOUN,,WDI3506,31,12,52,,,57,A
367689040,2022-01-06T06:34:03,34.82452,-90.42688,4.2,104.0,89.0,RICK CALHOUN,,WDI3506,31,12,52,,,57,A
367689040,2022-01-06T06:20:03,34.82313,-90.44738,4.6,72.0,75.0,RICK CALHOUN,,WDI3506,31,12,52,,,57,A
367689040,2022-01-06T05:15:24,34.78738,-90.47497,2.8,312.0,340.0,RICK CALHOUN,,WDI3506,31,12,52,,,57,A
367689040,2022-01-06T06:36:15,34.82402,-90.42391,4.2,108.0,85.0,RICK CALHOUN,,WDI3506,31,12,52,,,57,A
367689040,2022-01-06T06:38:53,34.82394,-90.42047,3.8,83.7,79.0,RICK CALHOUN,,WDI3506,31,12,52,,,57,A
367689040,2022-01-06T06:24:45,34.82469,-90.44031,4.6,74.0,80.0,RICK CALHOUN,,WDI3506,31,12,52,,,57,A
367689040,2022-01-06T06:27:05,34.82529,-90.43683,4.5,76.0,86.0,RICK CALHOUN,,WDI3506,31,12,52,,,57,A
367689040,2022-01-06T06:17:44,34.82198,-90.45061,4.4,66.0,69.0,RICK CALHOUN,,WDI3506,31,12,52,,,57,A
367689040,2022-01-06T06:29:24,34.82534,-90.43342,4.3,94.0,91.0,RICK CALHOUN,,WDI3506,31,12,52,,,57,A
367689040,2022-01-06T06:18:54,34.82259,-90.44903,4.5,63.9,72.0,RICK CALHOUN,,WDI3506,31,12,52,,,57,A
367689040,2022-01-06T05:22:14,34.79154,-90.47700,2.1,326.0,346.0,RICK CALHOUN,,WDI3506,31,12,52,,,57,A
367689040,2022-01-06T04:47:34,34.75619,-90.45157,4.9,336.0,342.0,RICK CALHOUN,,WDI3506,31,12,52,,,57,A
367689040,2022-01-06T06:28:15,34.82547,-90.43513,4.4,94.1,91.0,RICK CALHOUN,,WDI3506,31,12,52,,,57,A
367689040,2022-01-06T06:46:05,34.82543,-90.41065,4.2,89.0,80.0,RICK CALHOUN,,WDI3506,31,12,52,,,57,A
367689040,2022-01-06T06:23:34,34.82430,-90.44210,4.6,75.0,78.0,RICK CALHOUN,,WDI3506,31,12,52,,,57,A
367689040,2022-01-06T04:51:04,34.76057,-90.45353,4.9,333.0,333.0,RICK CALHOUN,,WDI3506,31,12,52,,,57,A
367689040,2022-01-06T06:35:04,34.82432,-90.42553,4.1,95.0,88.0,RICK CALHOUN,,WDI3506,31,12,52,,,57,A
367689040,2022-01-06T06:49:34,34.82600,-90.40580,4.2,80.0,78.0,RICK CALHOUN,,WDI3506,31,12,52,,,57,A
367689040,2022-01-06T06:37:45,34.82384,-90.42197,3.8,88.0,80.0,RICK CALHOUN,,WDI3506,31,12,52,,,57,A
367689040,2022-01-06T05:27:04,34.79176,-90.47769,0.2,50.0,353.0,RICK CALHOUN,,WDI3506,31,12,52,,,57,A
367689040,2022-01-06T06:41:14,34.82444,-90.41739,4.1,82.0,79.0,RICK CALHOUN,,WDI3506,31,12,52,,,57,A
367689040,2022-01-06T04:55:53,34.76647,-90.45729,5.0,332.0,330.0,RICK CALHOUN,,WDI3506,31,12,52,,,57,A
367689040,2022-01-06T06:47:13,34.82562,-90.40905,4.2,80.0,80.0,RICK CALHOUN,,WDI3506,31,12,52,,,57,A
367689040,2022-01-06T06:48:14,34.82578,-90.40768,4.2,74.9,79.0,RICK CALHOUN,,WDI3506,31,12,52,,,57,A
367689040,2022-01-06T05:32:54,34.79227,-90.47764,0.8,73.0,352.0,RICK CALHOUN,,WDI3506,31,12,52,,,57,A
367689040,2022-01-06T07:01:34,34.83014,-90.38962,4.3,46.0,56.0,RICK CALHOUN,,WDI3506,31,12,52,,,57,A
367689040,2022-01-06T06:50:44,34.82633,-90.40416,4.3,85.0,81.0,RICK CALHOUN,,WDI3506,31,12,52,,,57,A
367689040,2022-01-06T07:09:54,34.83570,-90.37969,4.2,70.1,65.0,RICK CALHOUN,,WDI3506,31,12,52,,,57,A
367689040,2022-01-06T07:11:14,34.83633,-90.37796,4.2,59.0,62.0,RICK CALHOUN,,WDI3506,31,12,52,,,57,A
367689040,2022-01-06T06:56:34,34.82749,-90.39576,4.3,70.0,72.0,RICK CALHOUN,,WDI3506,31,12,52,,,57,A
367689040,2022-01-06T07:13:54,34.83766,-90.37453,4.2,68.3,61.0,RICK CALHOUN,,WDI3506,31,12,52,,,57,A
367689040,2022-01-06T07:00:13,34.82911,-90.39107,4.2,44.0,57.0,RICK CALHOUN,,WDI3506,31,12,52,,,57,A
367689040,2022-01-06T07:21:54,34.84240,-90.36527,4.0,52.0,55.0,RICK CALHOUN,,WDI3506,31,12,52,,,57,A
367689040,2022-01-06T07:23:03,34.84310,-90.36398,4.0,58.4,55.0,RICK CALHOUN,,WDI3506,31,12,52,,,57,A
367689040,2022-01-06T05:11:44,34.78495,-90.47136,4.2,336.0,327.0,RICK CALHOUN,,WDI3506,31,12,52,,,57,A
367689040,2022-01-06T07:08:44,34.83495,-90.38109,4.2,53.0,61.0,RICK CALHOUN,,WDI3506,31,12,52,,,57,A
367689040,2022-01-06T06:53:04,34.82672,-90.40081,4.4,80.0,78.0,RICK CALHOUN,,WDI3506,31,12,52,,,57,A
367689040,2022-01-06T05:12:53,34.78597,-90.47223,3.9,309.0,323.0,RICK CALHOUN,,WDI3506,31,12,52,,,57,A
367689040,2022-01-06T07:12:24,34.83702,-90.37651,4.3,60.0,64.0,RICK CALHOUN,,WDI3506,31,12,52,,,57,A
367689040,2022-01-06T07:28:43,34.84668,-90.35748,4.2,49.0,52.0,RICK CALHOUN,,WDI3506,31,12,52,,,57,A
367689040,2022-01-06T06:55:24,34.82711,-90.39741,4.4,82.0,73.0,RICK CALHOUN,,WDI3506,31,12,52,,,57,A
367689040,2022-01-06T07:29:44,34.84746,-90.35636,4.3,51.0,53.0,RICK CALHOUN,,WDI3506,31,12,52,,,57,A
367689040,2022-01-06T07:31:05,34.84846,-90.35479,4.4,50.0,53.0,RICK CALHOUN,,WDI3506,31,12,52,,,57,A
367689040,2022-01-06T06:58:53,34.82823,-90.39254,4.1,67.0,60.0,RICK CALHOUN,,WDI3506,31,12,52,,,57,A
367689040,2022-01-06T07:32:14,34.84934,-90.35352,4.4,51.5,53.0,RICK CALHOUN,,WDI3506,31,12,52,,,57,A
367689040,2022-01-06T07:18:24,34.84018,-90.36917,4.0,57.0,57.0,RICK CALHOUN,,WDI3506,31,12,52,,,57,A
367689040,2022-01-06T05:52:55,34.80393,-90.47399,3.1,16.1,22.0,RICK CALHOUN,,WDI3506,31,12,52,,,57,A
367689040,2022-01-06T07:35:35,34.85168,-90.34969,4.1,53.0,52.0,RICK CALHOUN,,WDI3506,31,12,52,,,57,A
367689040,2022-01-06T07:38:35,34.85368,-90.34634,4.1,50.0,50.0,RICK CALHOUN,,WDI3506,31,12,52,,,57,A
367689040,2022-01-06T07:40:54,34.85537,-90.34375,4.2,47.0,48.0,RICK CALHOUN,,WDI3506,31,12,52,,,57,A
367689040,2022-01-06T07:37:04,34.85267,-90.34803,4.1,53.0,51.0,RICK CALHOUN,,WDI3506,31,12,52,,,57,A
367689040,2022-01-06T05:57:33,34.80763,-90.47182,3.5,37.0,30.0,RICK CALHOUN,,WDI3506,31,12,52,,,57,A
367689040,2022-01-06T07:24:13,34.84381,-90.36266,4.0,55.0,55.0,RICK CALHOUN,,WDI3506,31,12,52,,,57,A
367689040,2022-01-06T07:42:04,34.85620,-90.34246,4.1,49.0,45.0,RICK CALHOUN,,WDI3506,31,12,52,,,57,A
367689040,2022-01-06T05:25:55,34.79179,-90.47755,1.2,248.0,350.0,RICK CALHOUN,,WDI3506,31,12,52,,,57,A
367689040,2022-01-06T07:26:33,34.84519,-90.35994,4.1,50.0,52.0,RICK CALHOUN,,WDI3506,31,12,52,,,57,A
367689040,2022-01-06T05:59:55,34.80976,-90.47048,3.8,29.0,36.0,RICK CALHOUN,,WDI3506,31,12,52,,,57,A
367689040,2022-01-06T07:44:24,34.85809,-90.34008,4.3,45.0,42.0,RICK CALHOUN,,WDI3506,31,12,52,,,57,A
367689040,2022-01-06T07:15:03,34.83827,-90.37308,4.1,64.0,60.0,RICK CALHOUN,,WDI3506,31,12,52,,,57,A
367689040,2022-01-06T07:49:03,34.86239,-90.33522,4.7,48.0,41.0,RICK CALHOUN,,WDI3506,31,12,52,,,57,A
367689040,2022-01-06T07:33:24,34.85026,-90.35220,4.3,53.0,54.0,RICK CALHOUN,,WDI3506,31,12,52,,,57,A
367689040,2022-01-06T07:34:34,34.85100,-90.35081,4.1,54.0,52.0,RICK CALHOUN,,WDI3506,31,12,52,,,57,A
367689040,2022-01-06T07:52:55,34.86616,-90.33115,4.7,35.0,39.0,RICK CALHOUN,,WDI3506,31,12,52,,,57,A
367689040,2022-01-06T05:30:35,34.79222,-90.47735,0.5,316.0,346.0,RICK CALHOUN,,WDI3506,31,12,52,,,57,A
367689040,2022-01-06T07:19:33,34.84089,-90.36786,4.0,55.0,56.0,RICK CALHOUN,,WDI3506,31,12,52,,,57,A
367689040,2022-01-06T07:20:44,34.84165,-90.36654,4.0,60.0,55.0,RICK CALHOUN,,WDI3506,31,12,52,,,57,A
367689040,2022-01-06T07:55:15,34.86844,-90.32888,4.5,31.6,39.0,RICK CALHOUN,,WDI3506,31,12,52,,,57,A
367689040,2022-01-06T07:39:44,34.85451,-90.34505,4.2,48.0,50.0,RICK CALHOUN,,WDI3506,31,12,52,,,57,A
367689040,2022-01-06T07:54:03,34.86728,-90.33003,4.6,44.0,40.0,RICK CALHOUN,,WDI3506,31,12,52,,,57,A
367689040,2022-01-06T07:25:24,34.84449,-90.36128,4.0,60.0,54.0,RICK CALHOUN,,WDI3506,31,12,52,,,57,A
367689040,2022-01-06T06:11:44,34.81910,-90.45859,4.2,59.0,64.0,RICK CALHOUN,,WDI3506,31,12,52,,,57,A
367689040,2022-01-06T07:43:14,34.85711,-90.34127,4.2,45.0,43.0,RICK CALHOUN,,WDI3506,31,12,52,,,57,A
367689040,2022-01-06T08:02:24,34.87460,-90.32185,4.1,57.0,58.0,RICK CALHOUN,,WDI3506,31,12,52,,,57,A
367689040,2022-01-06T05:38:44,34.79313,-90.47803,1.6,0.0,359.0,RICK CALHOUN,,WDI3506,31,12,52,,,57,A
367689040,2022-01-06T07:47:55,34.86132,-90.33643,4.7,41.0,41.0,RICK CALHOUN,,WDI3506,31,12,52,,,57,A
367689040,2022-01-06T08:08:24,34.87823,-90.31490,4.2,59.0,59.0,RICK CALHOUN,,WDI3506,31,12,52,,,57,A
367689040,2022-01-06T08:04:44,34.87599,-90.31916,4.1,70.0,58.0,RICK CALHOUN,,WDI3506,31,12,52,,,57,A
367689040,2022-01-06T08:09:34,34.87900,-90.31353,4.2,58.0,62.0,RICK CALHOUN,,WDI3506,31,12,52,,,57,A
367689040,2022-01-06T08:10:44,34.87973,-90.31215,4.2,57.0,63.0,RICK CALHOUN,,WDI3506,31,12,52,,,57,A
367689040,2022-01-06T08:13:04,34.88116,-90.30923,4.3,60.0,69.0,RICK CALHOUN,,WDI3506,31,12,52,,,57,A
367689040,2022-01-06T08:06:03,34.87673,-90.31761,4.1,58.0,58.0,RICK CALHOUN,,WDI3506,31,12,52,,,57,A
367689040,2022-01-06T06:25:55,34.82510,-90.43858,4.5,80.0,84.0,RICK CALHOUN,,WDI3506,31,12,52,,,57,A
367689040,2022-01-06T07:57:34,34.87086,-90.32693,4.4,37.4,49.0,RICK CALHOUN,,WDI3506,31,12,52,,,57,A
367689040,2022-01-06T08:17:24,34.88295,-90.30333,4.4,72.0,76.0,RICK CALHOUN,,WDI3506,31,12,52,,,57,A
367689040,2022-01-06T08:01:14,34.87378,-90.32311,4.2,46.0,55.0,RICK CALHOUN,,WDI3506,31,12,52,,,57,A
367689040,2022-01-06T08:19:45,34.88348,-90.29985,4.4,85.0,81.0,RICK CALHOUN,,WDI3506,31,12,52,,,57,A
367689040,2022-01-06T08:20:55,34.88358,-90.29818,4.4,88.0,81.0,RICK CALHOUN,,WDI3506,31,12,52,,,57,A
367689040,2022-01-06T08:15:04,34.88210,-90.30654,4.3,72.7,73.0,RICK CALHOUN,,WDI3506,31,12,52,,,57,A
367689040,2022-01-06T08:03:35,34.87538,-90.32054,4.1,49.0,60.0,RICK CALHOUN,,WDI3506,31,12,52,,,57,A
367689040,2022-01-06T05:56:24,34.80674,-90.47265,3.3,30.0,32.0,RICK CALHOUN,,WDI3506,31,12,52,,,57,A
367689040,2022-01-06T07:51:34,34.86484,-90.33254,4.7,41.4,40.0,RICK CALHOUN,,WDI3506,31,12,52,,,57,A
367689040,2022-01-06T08:25:34,34.88432,-90.29147,4.2,82.0,77.0,RICK CALHOUN,,WDI3506,31,12,52,,,57,A
367689040,2022-01-06T06:00:55,34.81069,-90.46977,3.9,32.0,39.0,RICK CALHOUN,,WDI3506,31,12,52,,,57,A
367689040,2022-01-06T07:56:25,34.86975,-90.32800,4.5,33.0,45.0,RICK CALHOUN,,WDI3506,31,12,52,,,57,A
367689040,2022-01-06T08:31:43,34.88588,-90.28297,4.2,78.1,74.0,RICK CALHOUN,,WDI3506,31,12,52,,,57,A
367689040,2022-01-06T08:23:14,34.88380,-90.29474,4.3,80.9,76.0,RICK CALHOUN,,WDI3506,31,12,52,,,57,A
367689040,2022-01-06T06:40:04,34.82413,-90.41896,3.9,77.0,77.0,RICK CALHOUN,,WDI3506,31,12,52,,,57,A
367689040,2022-01-06T08:24:25,34.88405,-90.29305,4.3,79.0,76.0,RICK CALHOUN,,WDI3506,31,12,52,,,57,A
367689040,2022-01-06T06:43:45,34.82507,-90.41393,4.2,79.0,80.0,RICK CALHOUN,,WDI3506,31,12,52,,,57,A
367689040,2022-01-06T06:44:53,34.82522,-90.41233,4.2,77.0,79.0,RICK CALHOUN,,WDI3506,31,12,52,,,57,A
367689040,2022-01-06T06:10:35,34.81846,-90.46005,4.2,62.0,63.0,RICK CALHOUN,,WDI3506,31,12,52,,,57,A
367689040,2022-01-06T08:22:03,34.88368,-90.29647,4.4,83.0,79.0,RICK CALHOUN,,WDI3506,31,12,52,,,57,A
367689040,2022-01-06T08:39:45,34.88885,-90.27168,4.5,66.0,65.0,RICK CALHOUN,,WDI3506,31,12,52,,,57,A
367689040,2022-01-06T08:40:55,34.88932,-90.27004,4.4,77.0,63.0,RICK CALHOUN,,WDI3506,31,12,52,,,57,A
367689040,2022-01-06T08:43:14,34.89052,-90.26708,4.1,55.0,53.0,RICK CALHOUN,,WDI3506,31,12,52,,,57,A
367689040,2022-01-06T08:38:34,34.88840,-90.27340,4.5,66.0,68.0,RICK CALHOUN,,WDI3506,31,12,52,,,57,A
367689040,2022-01-06T08:30:34,34.88555,-90.28455,4.2,67.0,74.0,RICK CALHOUN,,WDI3506,31,12,52,,,57,A
367689040,2022-01-06T08:47:53,34.89416,-90.26206,4.4,46.0,49.0,RICK CALHOUN,,WDI3506,31,12,52,,,57,A
367689040,2022-01-06T08:28:04,34.88488,-90.28799,4.2,80.0,76.0,RICK CALHOUN,,WDI3506,31,12,52,,,57,A
367689040,2022-01-06T06:54:14,34.82689,-90.39910,4.3,78.0,76.0,RICK CALHOUN,,WDI3506,31,12,52,,,57,A
367689040,2022-01-06T08:29:24,34.88520,-90.28615,4.2,72.1,74.0,RICK CALHOUN,,WDI3506,31,12,52,,,57,A
367689040,2022-01-06T08:36:14,34.88737,-90.27666,4.4,74.7,71.0,RICK CALHOUN,,WDI3506,31,12,52,,,57,A
367689040,2022-01-06T08:49:03,34.89516,-90.26074,4.5,46.0,49.0,RICK CALHOUN,,WDI3506,31,12,52,,,57,A
367689040,2022-01-06T06:21:15,34.82359,-90.44559,4.6,70.7,76.0,RICK CALHOUN,,WDI3506,31,12,52,,,57,A
367689040,2022-01-06T08:35:03,34.88698,-90.27834,4.3,74.1,73.0,RICK CALHOUN,,WDI3506,31,12,52,,,57,A
367689040,2022-01-06T08:52:33,34.89806,-90.25662,4.6,44.0,45.0,RICK CALHOUN,,WDI3506,31,12,52,,,57,A
367689040,2022-01-06T08:56:55,34.90211,-90.25218,4.5,34.0,34.0,RICK CALHOUN,,WDI3506,31,12,52,,,57,A
367689040,2022-01-06T08:42:04,34.88986,-90.26852,4.2,63.6,57.0,RICK CALHOUN,,WDI3506,31,12,52,,,57,A
367689040,2022-01-06T09:01:14,34.90683,-90.24887,4.6,18.5,23.0,RICK CALHOUN,,WDI3506,31,12,52,,,57,A
367689040,2022-01-06T09:07:03,34.91394,-90.24572,4.7,10.0,9.0,RICK CALHOUN,,WDI3506,31,12,52,,,57,A
367689040,2022-01-06T09:02:24,34.90826,-90.24820,4.7,23.0,23.0,RICK CALHOUN,,WDI3506,31,12,52,,,57,A
367689040,2022-01-06T08:32:44,34.88618,-90.28158,4.3,76.5,74.0,RICK CALHOUN,,WDI3506,31,12,52,,,57,A
367689040,2022-01-06T09:03:34,34.90968,-90.24752,4.7,20.0,22.0,RICK CALHOUN,,WDI3506,31,12,52,,,57,A
367689040,2022-01-06T08:33:54,34.88654,-90.27994,4.3,75.0,73.0,RICK CALHOUN,,WDI3506,31,12,52,,,57,A
367689040,2022-01-06T09:04:44,34.91108,-90.24676,4.6,20.0,17.0,RICK CALHOUN,,WDI3506,31,12,52,,,57,A
367689040,2022-01-06T08:37:23,34.88785,-90.27504,4.5,69.0,69.0,RICK CALHOUN,,WDI3506,31,12,52,,,57,A
367689040,2022-01-06T09:16:24,34.91966,-90.24584,0.5,45.0,13.0,RICK CALHOUN,,WDI3506,31,12,52,,,57,A
367689040,2022-01-06T09:08:13,34.91547,-90.24546,4.8,8.5,6.0,RICK CALHOUN,,WDI3506,31,12,52,,,57,A
367689040,2022-01-06T07:16:04,34.83883,-90.37188,4.0,57.0,59.0,RICK CALHOUN,,WDI3506,31,12,52,,,57,A
367689040,2022-01-06T06:42:33,34.82470,-90.41560,4.2,72.7,77.0,RICK CALHOUN,,WDI3506,31,12,52,,,57,A
367689040,2022-01-06T08:58:05,34.90331,-90.25117,4.5,29.0,31.0,RICK CALHOUN,,WDI3506,31,12,52,,,57,A
367689040,2022-01-06T07:17:14,34.83948,-90.37053,4.0,61.0,58.0,RICK CALHOUN,,WDI3506,31,12,52,,,57,A
367689040,2022-01-06T09:11:44,34.91847,-90.24580,1.8,350.4,11.0,RICK CALHOUN,,WDI3506,31,12,52,,,57,A
367689040,2022-01-06T09:25:44,34.92032,-90.24555,0.3,0.3,11.0,RICK CALHOUN,,WDI3506,31,12,52,,,57,A
367689040,2022-01-06T09:26:45,34.92040,-90.24547,0.4,45.0,10.0,RICK CALHOUN,,WDI3506,31,12,52,,,57,A
367689040,2022-01-06T09:19:53,34.92000,-90.24567,0.3,348.0,10.0,RICK CALHOUN,,WDI3506,31,12,52,,,57,A
367689040,2022-01-06T06:51:54,34.82652,-90.40250,4.3,76.7,80.0,RICK CALHOUN,,WDI3506,31,12,52,,,57,A
367689040,2022-01-06T08:50:15,34.89617,-90.25934,4.6,48.6,48.0,RICK CALHOUN,,WDI3506,31,12,52,,,57,A
367689040,2022-01-06T08:51:25,34.89715,-90.25797,4.6,55.0,47.0,RICK CALHOUN,,WDI3506,31,12,52,,,57,A
367689040,2022-01-06T09:23:24,34.92018,-90.24545,0.1,8.0,9.0,RICK CALHOUN,,WDI3506,31,12,52,,,57,A
367689040,2022-01-06T08:53:35,34.89898,-90.25548,4.6,46.0,43.0,RICK CALHOUN,,WDI3506,31,12,52,,,57,A
367689040,2022-01-06T09:15:14,34.91952,-90.24599,0.6,13.0,15.0,RICK CALHOUN,,WDI3506,31,12,52,,,57,A
367689040,2022-01-06T06:57:44,34.82782,-90.39411,4.3,78.0,67.0,RICK CALHOUN,,WDI3506,31,12,52,,,57,A
367689040,2022-01-06T09:10:33,34.91778,-90.24561,2.6,346.0,7.0,RICK CALHOUN,,WDI3506,31,12,52,,,57,A
367689040,2022-01-06T09:17:33,34.91978,-90.24577,0.4,19.0,12.0,RICK CALHOUN,,WDI3506,31,12,52,,,57,A
367689040,2022-01-06T09:14:03,34.91927,-90.24590,1.1,330.0,12.0,RICK CALHOUN,,WDI3506,31,12,52,,,57,A
367689040,2022-01-06T08:59:14,34.90452,-90.25029,4.5,26.2,27.0,RICK CALHOUN,,WDI3506,31,12,52,,,57,A
367689040,2022-01-06T09:33:54,34.92079,-90.24549,0.4,29.0,6.0,RICK CALHOUN,,WDI3506,31,12,52,,,57,A
367689040,2022-01-06T09:24:34,34.92023,-90.24552,0.3,321.0,10.0,RICK CALHOUN,,WDI3506,31,12,52,,,57,A
367689040,2022-01-06T09:35:05,34.92102,-90.24549,1.0,11.0,6.0,RICK CALHOUN,,WDI3506,31,12,52,,,57,A
367689040,2022-01-06T09:40:53,34.92688,-90.24407,5.4,16.0,4.0,RICK CALHOUN,,WDI3506,31,12,52,,,57,A
367689040,2022-01-06T09:51:14,34.93862,-90.24323,3.3,357.5,346.0,RICK CALHOUN,,WDI3506,31,12,52,,,57,A
367689040,2022-01-06T09:09:23,34.91681,-90.24544,3.6,356.0,4.0,RICK CALHOUN,,WDI3506,31,12,52,,,57,A
367689040,2022-01-06T09:27:55,34.92047,-90.24536,0.4,58.0,7.0,RICK CALHOUN,,WDI3506,31,12,52,,,57,A
367689040,2022-01-06T09:43:13,34.93018,-90.24331,4.9,11.0,358.0,RICK CALHOUN,,WDI3506,31,12,52,,,57,A
367689040,2022-01-06T09:44:23,34.93167,-90.24314,4.4,359.0,354.0,RICK CALHOUN,,WDI3506,31,12,52,,,57,A
367689040,2022-01-06T09:47:44,34.93539,-90.24340,3.7,12.0,355.0,RICK CALHOUN,,WDI3506,31,12,52,,,57,A
367689040,2022-01-06T07:50:24,34.86368,-90.33378,4.7,45.4,40.0,RICK CALHOUN,,WDI3506,31,12,52,,,57,A
367689040,2022-01-06T09:58:23,34.94583,-90.24527,4.0,341.0,335.0,RICK CALHOUN,,WDI3506,31,12,52,,,57,A
367689040,2022-01-06T07:27:34,34.84587,-90.35880,4.2,58.0,53.0,RICK CALHOUN,,WDI3506,31,12,52,,,57,A
367689040,2022-01-06T10:11:54,34.95653,-90.25807,4.5,291.0,294.0,RICK CALHOUN,,WDI3506,31,12,52,,,57,A
367689040,2022-01-06T10:01:13,34.94859,-90.24649,3.8,321.0,320.0,RICK CALHOUN,,WDI3506,31,12,52,,,57,A
367689040,2022-01-06T10:13:04,34.95703,-90.25975,4.6,290.0,295.0,RICK CALHOUN,,WDI3506,31,12,52,,,57,A
367689040,2022-01-06T07:58:43,34.87181,-90.32576,4.2,47.0,51.0,RICK CALHOUN,,WDI3506,31,12,52,,,57,A
367689040,2022-01-06T10:14:14,34.95757,-90.26147,4.7,293.0,297.0,RICK CALHOUN,,WDI3506,31,12,52,,,57,A
367689040,2022-01-06T09:45:25,34.93290,-90.24323,4.2,355.1,353.0,RICK CALHOUN,,WDI3506,31,12,52,,,57,A
367689040,2022-01-06T09:46:35,34.93419,-90.24359,4.0,348.0,359.0,RICK CALHOUN,,WDI3506,31,12,52,,,57,A
367689040,2022-01-06T09:50:05,34.93761,-90.24315,3.2,1.7,348.0,RICK CALHOUN,,WDI3506,31,12,52,,,57,A
367689040,2022-01-06T09:59:34,34.94716,-90.24544,4.1,353.6,325.0,RICK CALHOUN,,WDI3506,31,12,52,,,57,A
367689040,2022-01-06T09:30:14,34.92055,-90.24520,0.2,46.0,2.0,RICK CALHOUN,,WDI3506,31,12,52,,,57,A
367689040,2022-01-06T09:31:24,34.92061,-90.24528,0.5,295.0,1.0,RICK CALHOUN,,WDI3506,31,12,52,,,57,A
367689040,2022-01-06T09:55:53,34.94309,-90.24459,3.9,354.0,342.0,RICK CALHOUN,,WDI3506,31,12,52,,,57,A
367689040,2022-01-06T09:57:14,34.94455,-90.24493,4.1,353.0,339.0,RICK CALHOUN,,WDI3506,31,12,52,,,57,A
367689040,2022-01-06T09:38:34,34.92372,-90.24513,4.4,8.0,9.0,RICK CALHOUN,,WDI3506,31,12,52,,,57,A
367689040,2022-01-06T10:02:23,34.94962,-90.24740,4.0,317.5,316.0,RICK CALHOUN,,WDI3506,31,12,52,,,57,A
367689040,2022-01-06T10:04:44,34.95178,-90.24947,4.3,323.0,310.0,RICK CALHOUN,,WDI3506,31,12,52,,,57,A
367689040,2022-01-06T10:21:15,34.96201,-90.27117,3.8,307.0,312.0,RICK CALHOUN,,WDI3506,31,12,52,,,57,A
367689040,2022-01-06T08:11:54,34.88048,-90.31072,4.3,53.0,66.0,RICK CALHOUN,,WDI3506,31,12,52,,,57,A
367689040,2022-01-06T10:22:23,34.96279,-90.27210,3.1,318.0,312.0,RICK CALHOUN,,WDI3506,31,12,52,,,57,A
367689040,2022-01-06T09:42:03,34.92856,-90.24365,5.2,6.0,0.0,RICK CALHOUN,,WDI3506,31,12,52,,,57,A
367689040,2022-01-06T10:07:03,34.95374,-90.25183,4.2,310.1,300.0,RICK CALHOUN,,WDI3506,31,12,52,,,57,A
367689040,2022-01-06T07:45:34,34.85912,-90.33890,4.4,40.4,41.0,RICK CALHOUN,,WDI3506,31,12,52,,,57,A
367689040,2022-01-06T10:24:54,34.96419,-90.27358,2.4,320.0,309.0,RICK CALHOUN,,WDI3506,31,12,52,,,57,A
367689040,2022-01-06T07:46:44,34.86016,-90.33768,4.6,41.6,40.0,RICK CALHOUN,,WDI3506,31,12,52,,,57,A
367689040,2022-01-06T10:16:35,34.95893,-90.26480,4.8,297.9,301.0,RICK CALHOUN,,WDI3506,31,12,52,,,57,A
367689040,2022-01-06T10:08:25,34.95462,-90.25346,4.4,306.0,299.0,RICK CALHOUN,,WDI3506,31,12,52,,,57,A
367689040,2022-01-06T08:18:35,34.88338,-90.30162,4.4,75.0,82.0,RICK CALHOUN,,WDI3506,31,12,52,,,57,A
367689040,2022-01-06T10:23:44,34.96362,-90.27289,2.6,319.0,309.0,RICK CALHOUN,,WDI3506,31,12,52,,,57,A
367689040,2022-01-06T10:37:44,34.96757,-90.28036,4.2,282.0,301.0,RICK CALHOUN,,WDI3506,31,12,52,,,57,A
367689040,2022-01-06T09:53:34,34.94078,-90.24376,3.5,343.0,340.0,RICK CALHOUN,,WDI3506,31,12,52,,,57,A
367689040,2022-01-06T10:27:05,34.96518,-90.27475,2.2,318.1,307.0,RICK CALHOUN,,WDI3506,31,12,52,,,57,A
367689040,2022-01-06T10:18:54,34.96044,-90.26818,4.9,298.4,304.0,RICK CALHOUN,,WDI3506,31,12,52,,,57,A
367689040,2022-01-06T08:00:05,34.87288,-90.32437,4.1,55.0,54.0,RICK CALHOUN,,WDI3506,31,12,52,,,57,A
367689040,2022-01-06T10:29:34,34.96576,-90.27560,0.9,322.0,306.0,RICK CALHOUN,,WDI3506,31,12,52,,,57,A
367689040,2022-01-06T10:28:24,34.96555,-90.27529,1.3,300.0,307.0,RICK CALHOUN,,WDI3506,31,12,52,,,57,A
367689040,2022-01-06T10:00:05,34.94768,-90.24563,3.7,336.0,320.0,RICK CALHOUN,,WDI3506,31,12,52,,,57,A
367689040,2022-01-06T10:48:23,34.97504,-90.29151,4.0,322.0,315.0,RICK CALHOUN,,WDI3506,31,12,52,,,57,A
367689040,2022-01-06T10:31:53,34.96601,-90.27597,0.6,346.0,306.0,RICK CALHOUN,,WDI3506,31,12,52,,,57,A
367689040,2022-01-06T08:26:54,34.88459,-90.28961,4.2,76.0,76.0,RICK CALHOUN,,WDI3506,31,12,52,,,57,A
367689040,2022-01-06T10:03:34,34.95068,-90.24842,4.3,325.0,314.0,RICK CALHOUN,,WDI3506,31,12,52,,,57,A
367689040,2022-01-06T10:26:04,34.96473,-90.27419,2.2,307.0,308.0,RICK CALHOUN,,WDI3506,31,12,52,,,57,A
367689040,2022-01-06T10:35:23,34.96689,-90.27753,3.1,295.0,297.0,RICK CALHOUN,,WDI3506,31,12,52,,,57,A
367689040,2022-01-06T08:07:13,34.87745,-90.31624,4.1,52.0,57.0,RICK CALHOUN,,WDI3506,31,12,52,,,57,A
367689040,2022-01-06T10:55:25,34.98027,-90.29798,3.5,324.8,325.0,RICK CALHOUN,,WDI3506,31,12,52,,,57,A
367689040,2022-01-06T10:40:04,34.96857,-90.28345,4.2,299.0,311.0,RICK CALHOUN,,WDI3506,31,12,52,,,57,A
367689040,2022-01-06T10:57:44,34.98207,-90.29963,3.5,322.0,330.0,RICK CALHOUN,,WDI3506,31,12,52,,,57,A
367689040,2022-01-06T10:41:15,34.96937,-90.28474,4.2,308.1,311.0,RICK CALHOUN,,WDI3506,31,12,52,,,57,A
367689040,2022-01-06T10:09:34,34.95547,-90.25483,4.3,300.0,293.0,RICK CALHOUN,,WDI3506,31,12,52,,,57,A
367689040,2022-01-06T08:16:14,34.88255,-90.30491,4.3,69.0,74.0,RICK CALHOUN,,WDI3506,31,12,52,,,57,A
367689040,2022-01-06T10:15:24,34.95815,-90.26320,4.7,296.5,301.0,RICK CALHOUN,,WDI3506,31,12,52,,,57,A
367689040,2022-01-06T10:38:55,34.96806,-90.28191,4.2,294.0,305.0,RICK CALHOUN,,WDI3506,31,12,52,,,57,A
367689040,2022-01-06T10:53:04,34.97859,-90.29602,3.9,305.0,319.0,RICK CALHOUN,,WDI3506,31,12,52,,,57,A
367689040,2022-01-06T11:10:25,34.99492,-90.30540,4.3,9.0,11.0,RICK CALHOUN,,WDI3506,31,12,52,,,57,A
367689040,2022-01-06T11:16:25,35.00229,-90.30390,4.2,11.0,26.0,RICK CALHOUN,,WDI3506,31,12,52,,,57,A
367689040,2022-01-06T11:04:33,34.98832,-90.30388,4.0,345.0,346.0,RICK CALHOUN,,WDI3506,31,12,52,,,57,A
367689040,2022-01-06T08:45:34,34.89226,-90.26456,4.3,45.0,50.0,RICK CALHOUN,,WDI3506,31,12,52,,,57,A
367689040,2022-01-06T10:50:44,34.97687,-90.29377,4.0,312.1,316.0,RICK CALHOUN,,WDI3506,31,12,52,,,57,A
367689040,2022-01-06T10:51:53,34.97774,-90.29485,3.9,314.0,317.0,RICK CALHOUN,,WDI3506,31,12,52,,,57,A
367689040,2022-01-06T11:01:04,34.98496,-90.30179,3.9,324.0,334.0,RICK CALHOUN,,WDI3506,31,12,52,,,57,A
367689040,2022-01-06T11:25:45,35.00616,-90.30086,1.1,130.0,30.0,RICK CALHOUN,,WDI3506,31,12,52,,,57,A
367689040,2022-01-06T10:36:34,34.96724,-90.27884,3.7,288.0,298.0,RICK CALHOUN,,WDI3506,31,12,52,,,57,A
367689040,2022-01-06T11:29:13,35.00696,-90.30111,2.1,329.0,24.0,RICK CALHOUN,,WDI3506,31,12,52,,,57,A
367689040,2022-01-06T11:13:54,34.99918,-90.30419,4.5,7.0,12.0,RICK CALHOUN,,WDI3506,31,12,52,,,57,A
367689040,2022-01-06T11:06:55,34.99088,-90.30502,4.3,339.8,354.0,RICK CALHOUN,,WDI3506,31,12,52,,,57,A
367689040,2022-01-06T10:42:25,34.97010,-90.28616,4.1,310.0,315.0,RICK CALHOUN,,WDI3506,31,12,52,,,57,A
367689040,2022-01-06T08:44:25,34.89131,-90.26577,4.1,45.0,50.0,RICK CALHOUN,,WDI3506,31,12,52,,,57,A
367689040,2022-01-06T11:17:35,35.00353,-90.30341,3.8,21.0,29.0,RICK CALHOUN,,WDI3506,31,12,52,,,57,A
367689040,2022-01-06T10:43:33,34.97100,-90.28727,4.0,315.0,315.0,RICK CALHOUN,,WDI3506,31,12,52,,,57,A
367689040,2022-01-06T11:12:45,34.99777,-90.30449,4.5,10.0,10.0,RICK CALHOUN,,WDI3506,31,12,52,,,57,A
367689040,2022-01-06T08:46:45,34.89325,-90.26329,4.4,46.0,50.0,RICK CALHOUN,,WDI3506,31,12,52,,,57,A
367689040,2022-01-06T11:19:54,35.00529,-90.30231,2.4,26.0,33.0,RICK CALHOUN,,WDI3506,31,12,52,,,57,A
367689040,2022-01-06T10:47:15,34.97408,-90.29055,4.0,314.0,315.0,RICK CALHOUN,,WDI3506,31,12,52,,,57,A
367689040,2022-01-06T11:39:45,35.01246,-90.29755,3.5,65.4,56.0,RICK CALHOUN,,WDI3506,31,12,52,,,57,A
367689040,2022-01-06T11:15:14,35.00085,-90.30401,4.5,1.0,18.0,RICK CALHOUN,,WDI3506,31,12,52,,,57,A
367689040,2022-01-06T11:37:24,35.01120,-90.29968,3.0,43.0,48.0,RICK CALHOUN,,WDI3506,31,12,52,,,57,A
367689040,2022-01-06T08:54:43,34.89995,-90.25422,4.5,45.0,38.0,RICK CALHOUN,,WDI3506,31,12,52,,,57,A
367689040,2022-01-06T08:55:54,34.90107,-90.25309,4.5,41.1,37.0,RICK CALHOUN,,WDI3506,31,12,52,,,57,A
367689040,2022-01-06T09:05:55,34.91250,-90.24619,4.7,17.7,14.0,RICK CALHOUN,,WDI3506,31,12,52,,,57,A
367689040,2022-01-06T10:54:13,34.97935,-90.29710,3.6,318.0,323.0,RICK CALHOUN,,WDI3506,31,12,52,,,57,A
367689040,2022-01-06T11:11:35,34.99633,-90.30496,4.6,19.0,12.0,RICK CALHOUN,,WDI3506,31,12,52,,,57,A
367689040,2022-01-06T11:23:25,35.00637,-90.30125,0.5,41.0,36.0,RICK CALHOUN,,WDI3506,31,12,52,,,57,A
367689040,2022-01-06T11:50:14,35.01802,-90.28722,3.6,51.0,69.0,RICK CALHOUN,,WDI3506,31,12,52,,,57,A
367689040,2022-01-06T10:58:55,34.98306,-90.30036,3.6,332.0,332.0,RICK CALHOUN,,WDI3506,31,12,52,,,57,A
367689040,2022-01-06T11:32:44,35.00874,-90.30159,1.7,15.0,38.0,RICK CALHOUN,,WDI3506,31,12,52,,,57,A
367689040,2022-01-06T09:00:03,34.90548,-90.24969,4.6,28.0,27.0,RICK CALHOUN,,WDI3506,31,12,52,,,57,A
367689040,2022-01-06T11:02:14,34.98602,-90.30271,3.9,329.0,339.0,RICK CALHOUN,,WDI3506,31,12,52,,,57,A
367689040,2022-01-06T11:18:44,35.00453,-90.30286,3.2,20.0,32.0,RICK CALHOUN,,WDI3506,31,12,52,,,57,A
367689040,2022-01-06T09:12:54,34.91892,-90.24581,1.2,8.9,11.0,RICK CALHOUN,,WDI3506,31,12,52,,,57,A
367689040,2022-01-06T11:03:24,34.98713,-90.30340,3.8,339.0,344.0,RICK CALHOUN,,WDI3506,31,12,52,,,57,A
367689040,2022-01-06T11:58:23,35.02028,-90.27600,4.7,77.0,81.0,RICK CALHOUN,,WDI3506,31,12,52,,,57,A
367689040,2022-01-06T11:31:34,35.00817,-90.30165,1.7,358.0,35.0,RICK CALHOUN,,WDI3506,31,12,52,,,57,A
367689040,2022-01-06T11:08:04,34.99219,-90.30550,4.2,347.0,1.0,RICK CALHOUN,,WDI3506,31,12,52,,,57,A
367689040,2022-01-06T11:43:14,35.01386,-90.29401,3.4,66.0,57.0,RICK CALHOUN,,WDI3506,31,12,52,,,57,A
367689040,2022-01-06T09:18:44,34.91989,-90.24566,0.4,33.6,10.0,RICK CALHOUN,,WDI3506,31,12,52,,,57,A
367689040,2022-01-06T11:26:54,35.00612,-90.30061,0.5,19.0,21.0,RICK CALHOUN,,WDI3506,31,12,52,,,57,A
367689040,2022-01-06T11:38:34,35.01191,-90.29875,3.4,54.5,54.0,RICK CALHOUN,,WDI3506,31,12,52,,,57,A
367689040,2022-01-06T09:21:05,34.92009,-90.24567,0.3,20.0,12.0,RICK CALHOUN,,WDI3506,31,12,52,,,57,A
367689040,2022-01-06T11:28:04,35.00646,-90.30076,1.3,338.0,20.0,RICK CALHOUN,,WDI3506,31,12,52,,,57,A
367689040,2022-01-06T09:22:15,34.92015,-90.24556,0.4,71.0,10.0,RICK CALHOUN,,WDI3506,31,12,52,,,57,A
367689040,2022-01-06T12:08:14,35.02120,-90.25960,4.8,98.0,94.0,RICK CALHOUN,,WDI3506,31,12,52,,,57,A
367689040,2022-01-06T11:44:25,35.01432,-90.29269,3.7,68.0,58.0,RICK CALHOUN,,WDI3506,31,12,52,,,57,A
367689040,2022-01-06T11:45:34,35.01477,-90.29130,3.8,69.0,56.0,RICK CALHOUN,,WDI3506,31,12,52,,,57,A
367689040,2022-01-06T12:09:23,35.02092,-90.25772,4.8,101.0,94.0,RICK CALHOUN,,WDI3506,31,12,52,,,57,A
367689040,2022-01-06T11:46:45,35.01531,-90.28999,3.7,60.0,52.0,RICK CALHOUN,,WDI3506,31,12,52,,,57,A
367689040,2022-01-06T11:52:35,35.01905,-90.28451,4.0,73.0,77.0,RICK CALHOUN,,WDI3506,31,12,52,,,57,A
367689040,2022-01-06T12:15:14,35.01954,-90.24867,4.5,105.0,94.0,RICK CALHOUN,,WDI3506,31,12,52,,,57,A
367689040,2022-01-06T11:21:04,35.00586,-90.30190,1.8,51.0,36.0,RICK CALHOUN,,WDI3506,31,12,52,,,57,A
367689040,2022-01-06T12:17:34,35.01929,-90.24533,4.2,93.3,93.0,RICK CALHOUN,,WDI3506,31,12,52,,,57,A
367689040,2022-01-06T12:19:54,35.01887,-90.24207,4.1,102.5,91.0,RICK CALHOUN,,WDI3506,31,12,52,,,57,A
367689040,2022-01-06T11:24:34,35.00634,-90.30102,0.8,126.4,34.0,RICK CALHOUN,,WDI3506,31,12,52,,,57,A
367689040,2022-01-06T11:59:34,35.02062,-90.27409,4.9,76.4,82.0,RICK CALHOUN,,WDI3506,31,12,52,,,57,A
367689040,2022-01-06T09:29:03,34.92052,-90.24529,0.2,53.0,6.0,RICK CALHOUN,,WDI3506,31,12,52,,,57,A
367689040,2022-01-06T12:02:24,35.02150,-90.26936,5.1,81.5,90.0,RICK CALHOUN,,WDI3506,31,12,52,,,57,A
367689040,2022-01-06T09:32:34,34.92069,-90.24553,0.5,303.6,7.0,RICK CALHOUN,,WDI3506,31,12,52,,,57,A
367689040,2022-01-06T12:07:04,35.02147,-90.26150,4.8,97.2,95.0,RICK CALHOUN,,WDI3506,31,12,52,,,57,A
367689040,2022-01-06T09:36:15,34.92153,-90.24542,2.1,0.3,5.0,RICK CALHOUN,,WDI3506,31,12,52,,,57,A
367689040,2022-01-06T12:00:05,35.02082,-90.27326,5.0,71.0,83.0,RICK CALHOUN,,WDI3506,31,12,52,,,57,A
367689040,2022-01-06T09:37:24,34.92244,-90.24539,3.4,9.0,9.0,RICK CALHOUN,,WDI3506,31,12,52,,,57,A
367689040,2022-01-06T11:36:15,35.01057,-90.30047,2.4,50.0,46.0,RICK CALHOUN,,WDI3506,31,12,52,,,57,A
367689040,2022-01-06T11:54:53,35.01953,-90.28128,4.4,80.0,80.0,RICK CALHOUN,,WDI3506,31,12,52,,,57,A
367689040,2022-01-06T12:04:43,35.02171,-90.26536,5.1,84.6,94.0,RICK CALHOUN,,WDI3506,31,12,52,,,57,A
367689040,2022-01-06T12:05:55,35.02170,-90.26336,5.0,95.7,96.0,RICK CALHOUN,,WDI3506,31,12,52,,,57,A
367689040,2022-01-06T11:57:14,35.01996,-90.27777,4.6,77.0,80.0,RICK CALHOUN,,WDI3506,31,12,52,,,57,A
367689040,2022-01-06T09:39:43,34.92522,-90.24466,5.1,19.0,9.0,RICK CALHOUN,,WDI3506,31,12,52,,,57,A
367689040,2022-01-06T12:39:23,35.02165,-90.21719,4.1,61.0,55.0,RICK CALHOUN,,WDI3506,31,12,52,,,57,A
367689040,2022-01-06T11:40:54,35.01296,-90.29637,3.4,61.9,57.0,RICK CALHOUN,,WDI3506,31,12,52,,,57,A
367689040,2022-01-06T12:03:34,35.02165,-90.26734,5.1,87.0,92.0,RICK CALHOUN,,WDI3506,31,12,52,,,57,A
367689040,2022-01-06T12:12:53,35.02023,-90.25222,4.7,102.0,97.0,RICK CALHOUN,,WDI3506,31,12,52,,,57,A
367689040,2022-01-06T09:48:53,34.93650,-90.24333,3.4,7.0,355.0,RICK CALHOUN,,WDI3506,31,12,52,,,57,A
367689040,2022-01-06T11:47:53,35.01604,-90.28889,3.6,40.0,50.0,RICK CALHOUN,,WDI3506,31,12,52,,,57,A
367689040,2022-01-06T12:50:35,35.03082,-90.20467,4.5,42.8,40.0,RICK CALHOUN,,WDI3506,31,12,52,,,57,A
367689040,2022-01-06T12:18:45,35.01916,-90.24368,4.1,96.0,94.0,RICK CALHOUN,,WDI3506,31,12,52,,,57,A
367689040,2022-01-06T11:51:24,35.01869,-90.28597,3.8,60.0,76.0,RICK CALHOUN,,WDI3506,31,12,52,,,57,A
367689040,2022-01-06T09:52:25,34.93971,-90.24344,3.4,345.0,343.0,RICK CALHOUN,,WDI3506,31,12,52,,,57,A
367689040,2022-01-06T12:26:45,35.01872,-90.23333,3.8,86.0,83.0,RICK CALHOUN,,WDI3506,31,12,52,,,57,A
367689040,2022-01-06T12:27:53,35.01881,-90.23184,3.8,78.0,80.0,RICK CALHOUN,,WDI3506,31,12,52,,,57,A
367689040,2022-01-06T12:21:05,35.01865,-90.24050,4.0,96.0,89.0,RICK CALHOUN,,WDI3506,31,12,52,,,57,A
367689040,2022-01-06T11:53:44,35.01933,-90.28293,4.2,83.6,79.0,RICK CALHOUN,,WDI3506,31,12,52,,,57,A
367689040,2022-01-06T12:30:15,35.01930,-90.22881,3.9,87.0,82.0,RICK CALHOUN,,WDI3506,31,12,52,,,57,A
367689040,2022-01-06T09:54:44,34.94188,-90.24437,3.8,335.0,344.0,RICK CALHOUN,,WDI3506,31,12,52,,,57,A
367689040,2022-01-06T12:56:15,35.03665,-90.19927,4.8,41.0,43.0,RICK CALHOUN,,WDI3506,31,12,52,,,57,A
367689040,2022-01-06T12:25:44,35.01861,-90.23461,3.8,83.8,84.0,RICK CALHOUN,,WDI3506,31,12,52,,,57,A
367689040,2022-01-06T12:34:54,35.02001,-90.22277,3.9,85.2,70.0,RICK CALHOUN,,WDI3506,31,12,52,,,57,A
367689040,2022-01-06T12:22:13,35.01851,-90.23901,3.8,96.0,87.0,RICK CALHOUN,,WDI3506,31,12,52,,,57,A
367689040,2022-01-06T12:01:14,35.02125,-90.27134,5.0,79.7,88.0,RICK CALHOUN,,WDI3506,31,12,52,,,57,A
367689040,2022-01-06T12:23:23,35.01845,-90.23754,3.7,92.9,84.0,RICK CALHOUN,,WDI3506,31,12,52,,,57,A
367689040,2022-01-06T12:29:04,35.01912,-90.23037,3.9,77.7,82.0,RICK CALHOUN,,WDI3506,31,12,52,,,57,A
367689040,2022-01-06T13:03:33,35.04371,-90.19140,4.6,39.0,43.0,RICK CALHOUN,,WDI3506,31,12,52,,,57,A
367689040,2022-01-06T12:32:34,35.01953,-90.22577,3.9,84.0,75.0,RICK CALHOUN,,WDI3506,31,12,52,,,57,A
367689040,2022-01-06T12:33:45,35.01979,-90.22429,3.9,72.9,74.0,RICK CALHOUN,,WDI3506,31,12,52,,,57,A
367689040,2022-01-06T13:08:03,35.04629,-90.18669,3.2,78.0,42.0,RICK CALHOUN,,WDI3506,31,12,52,,,57,A
367689040,2022-01-06T13:06:55,35.04596,-90.18790,3.3,65.0,45.0,RICK CALHOUN,,WDI3506,31,12,52,,,57,A
367689040,2022-01-06T13:09:04,35.04646,-90.18570,3.0,82.0,40.0,RICK CALHOUN,,WDI3506,31,12,52,,,57,A
367689040,2022-01-06T10:05:55,34.95273,-90.25070,4.3,312.0,307.0,RICK CALHOUN,,WDI3506,31,12,52,,,57,A
367689040,2022-01-06T12:46:14,35.02683,-90.20929,4.5,43.0,44.0,RICK CALHOUN,,WDI3506,31,12,52,,,57,A
367689040,2022-01-06T13:17:14,35.04989,-90.18198,0.7,41.4,33.0,RICK CALHOUN,,WDI3506,31,12,52,,,57,A
367689040,2022-01-06T12:48:33,35.02904,-90.20694,4.7,43.9,45.0,RICK CALHOUN,,WDI3506,31,12,52,,,57,A
367689040,2022-01-06T12:49:34,35.02996,-90.20577,4.6,48.0,44.0,RICK CALHOUN,,WDI3506,31,12,52,,,57,A
367689040,2022-01-06T12:47:25,35.02796,-90.20816,4.6,40.0,45.0,RICK CALHOUN,,WDI3506,31,12,52,,,57,A
367689040,2022-01-06T10:10:45,34.95600,-90.25648,4.4,290.0,293.0,RICK CALHOUN,,WDI3506,31,12,52,,,57,A
367689040,2022-01-06T13:23:05,35.04970,-90.18175,0.2,25.8,30.0,RICK CALHOUN,,WDI3506,31,12,52,,,57,A
367689040,2022-01-06T12:44:04,35.02512,-90.21186,4.5,50.0,49.0,RICK CALHOUN,,WDI3506,31,12,52,,,57,A
367689040,2022-01-06T12:45:05,35.02588,-90.21059,4.5,53.0,46.0,RICK CALHOUN,,WDI3506,31,12,52,,,57,A
367689040,2022-01-06T13:27:34,35.04958,-90.18180,0.3,206.5,29.0,RICK CALHOUN,,WDI3506,31,12,52,,,57,A
367689040,2022-01-06T12:51:44,35.03197,-90.20356,4.5,37.0,40.0,RICK CALHOUN,,WDI3506,31,12,52,,,57,A
367689040,2022-01-06T12:58:33,35.03890,-90.19666,4.8,42.0,43.0,RICK CALHOUN,,WDI3506,31,12,52,,,57,A
367689040,2022-01-06T12:54:03,35.03435,-90.20137,4.7,34.0,40.0,RICK CALHOUN,,WDI3506,31,12,52,,,57,A
367689040,2022-01-06T10:17:45,34.95968,-90.26650,4.9,303.0,302.0,RICK CALHOUN,,WDI3506,31,12,52,,,57,A
367689040,2022-01-06T10:20:04,34.96131,-90.26971,4.8,301.0,305.0,RICK CALHOUN,,WDI3506,31,12,52,,,57,A
367689040,2022-01-06T13:35:34,35.04902,-90.18218,0.1,289.8,29.0,RICK CALHOUN,,WDI3506,31,12,52,,,57,A
367689040,2022-01-06T13:00:03,35.04034,-90.19498,4.7,40.0,42.0,RICK CALHOUN,,WDI3506,31,12,52,,,57,A
367689040,2022-01-06T13:37:55,35.04908,-90.18219,0.2,335.0,29.0,RICK CALHOUN,,WDI3506,31,12,52,,,57,A
367689040,2022-01-06T13:04:35,35.04465,-90.19036,4.4,47.0,45.0,RICK CALHOUN,,WDI3506,31,12,52,,,57,A
367689040,2022-01-06T12:57:23,35.03777,-90.19798,4.8,45.0,43.0,RICK CALHOUN,,WDI3506,31,12,52,,,57,A
367689040,2022-01-06T13:36:43,35.04905,-90.18221,0.1,336.0,30.0,RICK CALHOUN,,WDI3506,31,12,52,,,57,A
367689040,2022-01-06T12:31:24,35.01940,-90.22731,3.9,81.0,79.0,RICK CALHOUN,,WDI3506,31,12,52,,,57,A
367689040,2022-01-06T13:01:14,35.04148,-90.19375,4.6,42.0,43.0,RICK CALHOUN,,WDI3506,31,12,52,,,57,A
367689040,2022-01-06T13:12:34,35.04733,-90.18346,2.3,28.0,28.0,RICK CALHOUN,,WDI3506,31,12,52,,,57,A
367689040,2022-01-06T13:46:05,35.04924,-90.18190,0.2,31.7,28.0,RICK CALHOUN,,WDI3506,31,12,52,,,57,A
367689040,2022-01-06T13:43:44,35.04921,-90.18202,0.3,104.0,30.0,RICK CALHOUN,,WDI3506,31,12,52,,,57,A
367689040,2022-01-06T12:37:03,35.02058,-90.22006,3.9,74.1,63.0,RICK CALHOUN,,WDI3506,31,12,52,,,57,A
367689040,2022-01-06T13:48:24,35.04935,-90.18192,0.1,334.0,29.0,RICK CALHOUN,,WDI3506,31,12,52,,,57,A
367689040,2022-01-06T10:34:15,34.96654,-90.27655,2.3,304.0,298.0,RICK CALHOUN,,WDI3506,31,12,52,,,57,A
367689040,2022-01-06T13:11:24,35.04682,-90.18394,1.7,58.0,27.0,RICK CALHOUN,,WDI3506,31,12,52,,,57,A
367689040,2022-01-06T10:30:45,34.96590,-90.27581,0.6,292.0,307.0,RICK CALHOUN,,WDI3506,31,12,52,,,57,A
367689040,2022-01-06T12:41:44,35.02328,-90.21452,4.3,55.0,51.0,RICK CALHOUN,,WDI3506,31,12,52,,,57,A
367689040,2022-01-06T10:33:05,34.96619,-90.27602,0.7,320.2,303.0,RICK CALHOUN,,WDI3506,31,12,52,,,57,A
367689040,2022-01-06T13:50:44,35.04938,-90.18191,0.1,309.0,27.0,RICK CALHOUN,,WDI3506,31,12,52,,,57,A
367689040,2022-01-06T13:51:53,35.04937,-90.18191,0.0,154.0,24.0,RICK CALHOUN,,WDI3506,31,12,52,,,57,A
367689040,2022-01-06T13:55:24,35.05053,-90.18174,2.9,6.0,20.0,RICK CALHOUN,,WDI3506,31,12,52,,,57,A
367689040,2022-01-06T13:19:35,35.04976,-90.18191,0.4,163.0,33.0,RICK CALHOUN,,WDI3506,31,12,52,,,57,A
367689040,2022-01-06T13:57:44,35.05267,-90.18121,3.6,10.0,19.0,RICK CALHOUN,,WDI3506,31,12,52,,,57,A
367689040,2022-01-06T13:18:24,35.04988,-90.18191,0.3,177.0,33.0,RICK CALHOUN,,WDI3506,31,12,52,,,57,A
367689040,2022-01-06T13:58:53,35.05379,-90.18084,3.7,22.7,19.0,RICK CALHOUN,,WDI3506,31,12,52,,,57,A
367689040,2022-01-06T10:44:44,34.97193,-90.28837,4.0,322.5,316.0,RICK CALHOUN,,WDI3506,31,12,52,,,57,A
367689040,2022-01-06T13:30:54,35.04937,-90.18202,0.4,217.0,30.0,RICK CALHOUN,,WDI3506,31,12,52,,,57,A
367689040,2022-01-06T10:46:04,34.97304,-90.28954,4.0,318.0,316.0,RICK CALHOUN,,WDI3506,31,12,52,,,57,A
367689040,2022-01-06T13:24:15,35.04975,-90.18174,0.0,345.0,30.0,RICK CALHOUN,,WDI3506,31,12,52,,,57,A
367689040,2022-01-06T13:21:54,35.04964,-90.18174,0.1,36.0,30.0,RICK CALHOUN,,WDI3506,31,12,52,,,57,A
367689040,2022-01-06T14:04:44,35.05958,-90.17905,3.9,1.0,8.0,RICK CALHOUN,,WDI3506,31,12,52,,,57,A
367689040,2022-01-06T14:05:54,35.06093,-90.17897,4.2,6.0,8.0,RICK CALHOUN,,WDI3506,31,12,52,,,57,A
367689040,2022-01-06T10:49:35,34.97601,-90.29265,4.0,316.0,315.0,RICK CALHOUN,,WDI3506,31,12,52,,,57,A
367689040,2022-01-06T14:07:03,35.06228,-90.17872,4.3,8.0,7.0,RICK CALHOUN,,WDI3506,31,12,52,,,57,A
367689040,2022-01-06T14:09:23,35.06515,-90.17842,4.5,5.0,5.0,RICK CALHOUN,,WDI3506,31,12,52,,,57,A
367689040,2022-01-06T13:40:14,35.04916,-90.18214,0.2,9.8,29.0,RICK CALHOUN,,WDI3506,31,12,52,,,57,A
367689040,2022-01-06T14:12:54,35.06961,-90.17817,4.7,356.1,359.0,RICK CALHOUN,,WDI3506,31,12,52,,,57,A
367689040,2022-01-06T13:02:23,35.04259,-90.19256,4.5,40.0,42.0,RICK CALHOUN,,WDI3506,31,12,52,,,57,A
367689040,2022-01-06T14:15:13,35.07270,-90.17843,4.9,357.0,358.0,RICK CALHOUN,,WDI3506,31,12,52,,,57,A
367689040,2022-01-06T14:16:23,35.07428,-90.17853,5.0,356.0,355.0,RICK CALHOUN,,WDI3506,31,12,52,,,57,A
367689040,2022-01-06T13:05:44,35.04545,-90.18913,3.7,54.0,46.0,RICK CALHOUN,,WDI3506,31,12,52,,,57,A
367689040,2022-01-06T10:56:34,34.98119,-90.29872,3.5,323.6,325.0,RICK CALHOUN,,WDI3506,31,12,52,,,57,A
367689040,2022-01-06T14:22:13,35.08234,-90.17988,5.0,349.0,353.0,RICK CALHOUN,,WDI3506,31,12,52,,,57,A
367689040,2022-01-06T11:00:03,34.98409,-90.30102,3.8,326.0,331.0,RICK CALHOUN,,WDI3506,31,12,52,,,57,A
367689040,2022-01-06T13:44:53,35.04921,-90.18194,0.1,59.1,29.0,RICK CALHOUN,,WDI3506,31,12,52,,,57,A
367689040,2022-01-06T14:24:34,35.08550,-90.18067,5.0,343.0,355.0,RICK CALHOUN,,WDI3506,31,12,52,,,57,A
367689040,2022-01-06T13:49:34,35.04939,-90.18193,0.0,3.0,29.0,RICK CALHOUN,,WDI3506,31,12,52,,,57,A
367689040,2022-01-06T11:05:44,34.98961,-90.30433,4.2,341.0,346.0,RICK CALHOUN,,WDI3506,31,12,52,,,57,A
367689040,2022-01-06T13:53:04,35.04937,-90.18184,0.5,74.0,21.0,RICK CALHOUN,,WDI3506,31,12,52,,,57,A
367689040,2022-01-06T13:54:15,35.04975,-90.18188,1.9,0.0,21.0,RICK CALHOUN,,WDI3506,31,12,52,,,57,A
367689040,2022-01-06T11:09:14,34.99356,-90.30568,4.1,0.0,8.0,RICK CALHOUN,,WDI3506,31,12,52,,,57,A
367689040,2022-01-06T13:56:34,35.05151,-90.18146,3.4,11.0,18.0,RICK CALHOUN,,WDI3506,31,12,52,,,57,A
367689040,2022-01-06T13:20:45,35.04965,-90.18181,0.3,129.0,30.0,RICK CALHOUN,,WDI3506,31,12,52,,,57,A
367689040,2022-01-06T14:37:23,35.09626,-90.17668,1.1,354.0,4.0,RICK CALHOUN,,WDI3506,31,12,52,,,57,A
367689040,2022-01-06T14:10:34,35.06663,-90.17822,4.5,4.0,2.0,RICK CALHOUN,,WDI3506,31,12,52,,,57,A
367689040,2022-01-06T14:08:15,35.06372,-90.17852,4.4,4.7,5.0,RICK CALHOUN,,WDI3506,31,12,52,,,57,A
367689040,2022-01-06T14:46:45,35.09620,-90.17700,0.0,297.7,18.0,RICK CALHOUN,,WDI3506,31,12,52,,,57,A
367689040,2022-01-06T13:29:44,35.04944,-90.18191,0.3,213.0,30.0,RICK CALHOUN,,WDI3506,31,12,52,,,57,A
367689040,2022-01-06T13:32:04,35.04926,-90.18210,0.4,226.0,31.0,RICK CALHOUN,,WDI3506,31,12,52,,,57,A
367689040,2022-01-06T11:22:14,35.00618,-90.30148,1.3,47.0,35.0,RICK CALHOUN,,WDI3506,31,12,52,,,57,A
367689040,2022-01-06T13:33:14,35.04915,-90.18212,0.4,180.0,31.0,RICK CALHOUN,,WDI3506,31,12,52,,,57,A
367689040,2022-01-06T13:34:25,35.04905,-90.18216,0.2,214.0,30.0,RICK CALHOUN,,WDI3506,31,12,52,,,57,A
367689040,2022-01-06T14:21:03,35.08074,-90.17955,5.0,349.7,353.0,RICK CALHOUN,,WDI3506,31,12,52,,,57,A
367689040,2022-01-06T14:18:44,35.07754,-90.17890,5.1,352.4,353.0,RICK CALHOUN,,WDI3506,31,12,52,,,57,A
367689040,2022-01-06T14:19:53,35.07914,-90.17924,5.1,350.0,353.0,RICK CALHOUN,,WDI3506,31,12,52,,,57,A
367689040,2022-01-06T14:23:23,35.08389,-90.18025,4.9,349.0,354.0,RICK CALHOUN,,WDI3506,31,12,52,,,57,A
367689040,2022-01-06T13:41:24,35.04920,-90.18215,0.1,19.0,30.0,RICK CALHOUN,,WDI3506,31,12,52,,,57,A
367689040,2022-01-06T11:30:24,35.00757,-90.30153,1.9,341.0,30.0,RICK CALHOUN,,WDI3506,31,12,52,,,57,A
367689040,2022-01-06T14:26:54,35.08866,-90.18137,4.9,356.0,6.0,RICK CALHOUN,,WDI3506,31,12,52,,,57,A
367689040,2022-01-06T11:33:54,35.00935,-90.30142,2.2,12.0,40.0,RICK CALHOUN,,WDI3506,31,12,52,,,57,A
367689040,2022-01-06T14:33:53,35.09497,-90.17734,2.3,61.7,7.0,RICK CALHOUN,,WDI3506,31,12,52,,,57,A
367689040,2022-01-06T11:35:04,35.01007,-90.30114,2.2,30.0,47.0,RICK CALHOUN,,WDI3506,31,12,52,,,57,A
367689040,2022-01-06T15:02:24,35.09623,-90.17709,0.0,295.0,21.0,RICK CALHOUN,,WDI3506,31,12,52,,,57,A
367689040,2022-01-06T14:29:14,35.09173,-90.18109,4.5,18.0,21.0,RICK CALHOUN,,WDI3506,31,12,52,,,57,A
367689040,2022-01-06T15:03:33,35.09622,-90.17707,0.0,295.0,20.0,RICK CALHOUN,,WDI3506,31,12,52,,,57,A
367689040,2022-01-06T14:30:25,35.09304,-90.18014,4.8,35.0,22.0,RICK CALHOUN,,WDI3506,31,12,52,,,57,A
367689040,2022-01-06T14:36:15,35.09585,-90.17666,1.6,7.0,3.0,RICK CALHOUN,,WDI3506,31,12,52,,,57,A
367689040,2022-01-06T15:09:15,35.09623,-90.17709,0.0,295.0,20.0,RICK CALHOUN,,WDI3506,31,12,52,,,57,A
367689040,2022-01-06T11:42:04,35.01343,-90.29521,3.2,66.0,57.0,RICK CALHOUN,,WDI3506,31,12,52,,,57,A
367689040,2022-01-06T14:45:34,35.09620,-90.17696,0.1,293.0,17.0,RICK CALHOUN,,WDI3506,31,12,52,,,57,A
367689040,2022-01-06T15:15:04,35.09622,-90.17708,0.0,295.1,21.0,RICK CALHOUN,,WDI3506,31,12,52,,,57,A
367689040,2022-01-06T15:11:34,35.09623,-90.17709,0.0,295.0,20.0,RICK CALHOUN,,WDI3506,31,12,52,,,57,A
367689040,2022-01-06T11:49:04,35.01714,-90.28818,3.9,30.0,61.0,RICK CALHOUN,,WDI3506,31,12,52,,,57,A
367689040,2022-01-06T14:00:03,35.05491,-90.18030,3.7,20.0,17.0,RICK CALHOUN,,WDI3506,31,12,52,,,57,A
367689040,2022-01-06T14:01:14,35.05606,-90.17979,3.7,17.0,14.0,RICK CALHOUN,,WDI3506,31,12,52,,,57,A
367689040,2022-01-06T15:22:14,35.09624,-90.17713,0.0,292.0,21.0,RICK CALHOUN,,WDI3506,31,12,52,,,57,A
367689040,2022-01-06T14:11:44,35.06808,-90.17807,4.6,1.0,359.0,RICK CALHOUN,,WDI3506,31,12,52,,,57,A
367689040,2022-01-06T11:56:05,35.01971,-90.27949,4.5,83.0,80.0,RICK CALHOUN,,WDI3506,31,12,52,,,57,A
367689040,2022-01-06T14:56:15,35.09625,-90.17711,0.0,295.0,21.0,RICK CALHOUN,,WDI3506,31,12,52,,,57,A
367689040,2022-01-06T14:53:54,35.09625,-90.17713,0.0,295.1,21.0,RICK CALHOUN,,WDI3506,31,12,52,,,57,A
367689040,2022-01-06T15:28:03,35.09625,-90.17713,0.0,292.0,20.0,RICK CALHOUN,,WDI3506,31,12,52,,,57,A
367689040,2022-01-06T15:31:34,35.09625,-90.17712,0.0,292.0,20.0,RICK CALHOUN,,WDI3506,31,12,52,,,57,A
367689040,2022-01-06T15:05:45,35.09622,-90.17708,0.0,295.0,19.0,RICK CALHOUN,,WDI3506,31,12,52,,,57,A
367689040,2022-01-06T15:01:15,35.09624,-90.17712,0.0,295.1,21.0,RICK CALHOUN,,WDI3506,31,12,52,,,57,A
367689040,2022-01-06T15:06:55,35.09622,-90.17708,0.0,295.0,20.0,RICK CALHOUN,,WDI3506,31,12,52,,,57,A
367689040,2022-01-06T15:38:25,35.09625,-90.17712,0.0,292.0,21.0,RICK CALHOUN,,WDI3506,31,12,52,,,57,A
367689040,2022-01-06T15:08:04,35.09622,-90.17707,0.0,295.0,20.0,RICK CALHOUN,,WDI3506,31,12,52,,,57,A
367689040,2022-01-06T12:11:44,35.02054,-90.25407,4.7,97.0,97.0,RICK CALHOUN,,WDI3506,31,12,52,,,57,A
367689040,2022-01-06T15:44:13,35.09624,-90.17714,0.0,292.0,20.0,RICK CALHOUN,,WDI3506,31,12,52,,,57,A
367689040,2022-01-06T15:13:55,35.09623,-90.17710,0.0,295.1,20.0,RICK CALHOUN,,WDI3506,31,12,52,,,57,A
367689040,2022-01-06T12:10:33,35.02072,-90.25593,4.7,96.0,95.0,RICK CALHOUN,,WDI3506,31,12,52,,,57,A
367689040,2022-01-06T12:14:04,35.01990,-90.25045,4.6,105.0,96.0,RICK CALHOUN,,WDI3506,31,12,52,,,57,A
367689040,2022-01-06T15:46:34,35.09624,-90.17713,0.0,292.0,20.0,RICK CALHOUN,,WDI3506,31,12,52,,,57,A
367689040,2022-01-06T15:18:45,35.09623,-90.17710,0.0,295.0,20.0,RICK CALHOUN,,WDI3506,31,12,52,,,57,A
367689040,2022-01-06T15:45:23,35.09624,-90.17710,0.0,292.0,20.0,RICK CALHOUN,,WDI3506,31,12,52,,,57,A
367689040,2022-01-06T15:48:54,35.09623,-90.17711,0.0,292.0,20.0,RICK CALHOUN,,WDI3506,31,12,52,,,57,A
367689040,2022-01-06T14:38:33,35.09646,-90.17683,0.7,290.0,8.0,RICK CALHOUN,,WDI3506,31,12,52,,,57,A
367689040,2022-01-06T15:24:35,35.09625,-90.17715,0.0,292.0,20.0,RICK CALHOUN,,WDI3506,31,12,52,,,57,A
367689040,2022-01-06T12:16:24,35.01936,-90.24698,4.3,92.0,92.0,RICK CALHOUN,,WDI3506,31,12,52,,,57,A
367689040,2022-01-06T14:40:45,35.09634,-90.17709,0.4,199.0,15.0,RICK CALHOUN,,WDI3506,31,12,52,,,57,A
367689040,2022-01-06T14:41:55,35.09620,-90.17711,0.4,179.0,16.0,RICK CALHOUN,,WDI3506,31,12,52,,,57,A
367689040,2022-01-06T12:24:33,35.01850,-90.23612,3.7,84.0,84.0,RICK CALHOUN,,WDI3506,31,12,52,,,57,A
367689040,2022-01-06T15:19:55,35.09624,-90.17711,0.0,292.0,21.0,RICK CALHOUN,,WDI3506,31,12,52,,,57,A
367689040,2022-01-06T15:26:54,35.09625,-90.17713,0.0,292.0,20.0,RICK CALHOUN,,WDI3506,31,12,52,,,57,A
367689040,2022-01-06T16:01:13,35.09624,-90.17710,0.0,292.0,20.0,RICK CALHOUN,,WDI3506,31,12,52,,,57,A
367689040,2022-01-06T15:55:35,35.09624,-90.17713,0.0,292.0,21.0,RICK CALHOUN,,WDI3506,31,12,52,,,57,A
367689040,2022-01-06T15:56:44,35.09624,-90.17713,0.0,292.1,21.0,RICK CALHOUN,,WDI3506,31,12,52,,,57,A
367689040,2022-01-06T15:35:03,35.09625,-90.17713,0.0,292.1,20.0,RICK CALHOUN,,WDI3506,31,12,52,,,57,A
367689040,2022-01-06T16:04:45,35.09624,-90.17711,0.0,292.0,20.0,RICK CALHOUN,,WDI3506,31,12,52,,,57,A
367689040,2022-01-06T14:51:24,35.09624,-90.17707,0.1,294.0,20.0,RICK CALHOUN,,WDI3506,31,12,52,,,57,A
367689040,2022-01-06T12:38:14,35.02107,-90.21859,4.1,66.0,60.0,RICK CALHOUN,,WDI3506,31,12,52,,,57,A
367689040,2022-01-06T15:37:15,35.09625,-90.17712,0.0,292.0,21.0,RICK CALHOUN,,WDI3506,31,12,52,,,57,A
367689040,2022-01-06T16:02:25,35.09624,-90.17711,0.0,292.1,20.0,RICK CALHOUN,,WDI3506,31,12,52,,,57,A
367689040,2022-01-06T15:33:54,35.09625,-90.17713,0.0,292.0,20.0,RICK CALHOUN,,WDI3506,31,12,52,,,57,A
367689040,2022-01-06T15:43:05,35.09624,-90.17713,0.0,292.0,21.0,RICK CALHOUN,,WDI3506,31,12,52,,,57,A
367689040,2022-01-06T14:57:24,35.09625,-90.17712,0.0,295.0,21.0,RICK CALHOUN,,WDI3506,31,12,52,,,57,A
367689040,2022-01-06T15:40:44,35.09624,-90.17713,0.0,292.1,21.0,RICK CALHOUN,,WDI3506,31,12,52,,,57,A
367689040,2022-01-06T15:41:54,35.09624,-90.17713,0.0,292.1,21.0,RICK CALHOUN,,WDI3506,31,12,52,,,57,A
367689040,2022-01-06T14:59:45,35.09625,-90.17712,0.0,295.0,21.0,RICK CALHOUN,,WDI3506,31,12,52,,,57,A
367689040,2022-01-06T16:10:35,35.09624,-90.17712,0.0,292.1,20.0,RICK CALHOUN,,WDI3506,31,12,52,,,57,A
367689040,2022-01-06T15:00:03,35.09624,-90.17712,0.0,295.0,21.0,RICK CALHOUN,,WDI3506,31,12,52,,,57,A
367689040,2022-01-06T16:11:44,35.09624,-90.17709,0.0,292.1,20.0,RICK CALHOUN,,WDI3506,31,12,52,,,57,A
367689040,2022-01-06T16:15:14,35.09623,-90.17710,0.0,292.0,20.0,RICK CALHOUN,,WDI3506,31,12,52,,,57,A
367689040,2022-01-06T16:14:03,35.09623,-90.17712,0.0,292.0,20.0,RICK CALHOUN,,WDI3506,31,12,52,,,57,A
367689040,2022-01-06T15:04:35,35.09622,-90.17708,0.0,295.0,20.0,RICK CALHOUN,,WDI3506,31,12,52,,,57,A
367689040,2022-01-06T15:47:44,35.09624,-90.17713,0.0,292.0,20.0,RICK CALHOUN,,WDI3506,31,12,52,,,57,A
367689040,2022-01-06T15:50:05,35.09623,-90.17712,0.0,292.0,20.0,RICK CALHOUN,,WDI3506,31,12,52,,,57,A
367689040,2022-01-06T12:35:55,35.02024,-90.22153,3.8,73.0,67.0,RICK CALHOUN,,WDI3506,31,12,52,,,57,A
367689040,2022-01-06T12:52:55,35.03317,-90.20245,4.6,37.4,40.0,RICK CALHOUN,,WDI3506,31,12,52,,,57,A
367689040,2022-01-06T12:40:35,35.02240,-90.21581,4.2,49.0,52.0,RICK CALHOUN,,WDI3506,31,12,52,,,57,A
367689040,2022-01-06T12:55:04,35.03547,-90.20050,4.7,35.0,43.0,RICK CALHOUN,,WDI3506,31,12,52,,,57,A
367689040,2022-01-06T15:57:54,35.09624,-90.17713,0.0,292.1,21.0,RICK CALHOUN,,WDI3506,31,12,52,,,57,A
367689040,2022-01-06T12:42:55,35.02421,-90.21317,4.4,46.0,50.0,RICK CALHOUN,,WDI3506,31,12,52,,,57,A
367689040,2022-01-06T12:59:43,35.04002,-90.19531,4.8,43.0,42.0,RICK CALHOUN,,WDI3506,31,12,52,,,57,A
367689040,2022-01-06T16:03:33,35.09623,-90.17712,0.0,292.0,20.0,RICK CALHOUN,,WDI3506,31,12,52,,,57,A
367689040,2022-01-06T16:30:53,35.09620,-90.17705,0.0,292.1,20.0,RICK CALHOUN,,WDI3506,31,12,52,,,57,A
367689040,2022-01-06T15:25:45,35.09625,-90.17715,0.0,292.1,20.0,RICK CALHOUN,,WDI3506,31,12,52,,,57,A
367689040,2022-01-06T16:06:05,35.09624,-90.17713,0.0,292.0,20.0,RICK CALHOUN,,WDI3506,31,12,52,,,57,A
367689040,2022-01-06T15:32:44,35.09625,-90.17712,0.0,292.0,20.0,RICK CALHOUN,,WDI3506,31,12,52,,,57,A
367689040,2022-01-06T16:17:34,35.09622,-90.17710,0.0,292.0,20.0,RICK CALHOUN,,WDI3506,31,12,52,,,57,A
367689040,2022-01-06T16:40:15,35.09621,-90.17706,0.0,292.0,19.0,RICK CALHOUN,,WDI3506,31,12,52,,,57,A
367689040,2022-01-06T15:36:05,35.09625,-90.17713,0.0,292.0,20.0,RICK CALHOUN,,WDI3506,31,12,52,,,57,A
367689040,2022-01-06T16:18:55,35.09622,-90.17709,0.0,292.0,20.0,RICK CALHOUN,,WDI3506,31,12,52,,,57,A
367689040,2022-01-06T13:13:45,35.04808,-90.18303,2.7,22.5,28.0,RICK CALHOUN,,WDI3506,31,12,52,,,57,A
367689040,2022-01-06T16:43:43,35.09621,-90.17706,0.1,108.0,19.0,RICK CALHOUN,,WDI3506,31,12,52,,,57,A
367689040,2022-01-06T15:39:34,35.09624,-90.17712,0.0,292.0,21.0,RICK CALHOUN,,WDI3506,31,12,52,,,57,A
367689040,2022-01-06T13:16:04,35.04955,-90.18220,1.8,26.2,31.0,RICK CALHOUN,,WDI3506,31,12,52,,,57,A
367689040,2022-01-06T16:27:15,35.09622,-90.17707,0.0,292.0,21.0,RICK CALHOUN,,WDI3506,31,12,52,,,57,A
367689040,2022-01-06T16:21:14,35.09622,-90.17710,0.0,292.0,20.0,RICK CALHOUN,,WDI3506,31,12,52,,,57,A
367689040,2022-01-06T16:22:23,35.09622,-90.17710,0.0,292.0,20.0,RICK CALHOUN,,WDI3506,31,12,52,,,57,A
367689040,2022-01-06T16:23:33,35.09622,-90.17710,0.0,292.0,20.0,RICK CALHOUN,,WDI3506,31,12,52,,,57,A
367689040,2022-01-06T16:32:05,35.09620,-90.17702,0.0,292.1,19.0,RICK CALHOUN,,WDI3506,31,12,52,,,57,A
367689040,2022-01-06T17:00:15,35.09570,-90.17660,1.5,356.0,1.0,RICK CALHOUN,,WDI3506,31,12,52,,,57,A
367689040,2022-01-06T17:01:34,35.09651,-90.17673,2.7,355.0,4.0,RICK CALHOUN,,WDI3506,31,12,52,,,57,A
367689040,2022-01-06T13:26:25,35.04966,-90.18174,0.3,202.0,29.0,RICK CALHOUN,,WDI3506,31,12,52,,,57,A
367689040,2022-01-06T17:07:25,35.10399,-90.17668,5.4,354.1,8.0,RICK CALHOUN,,WDI3506,31,12,52,,,57,A
367689040,2022-01-06T15:59:03,35.09624,-90.17713,0.0,292.0,21.0,RICK CALHOUN,,WDI3506,31,12,52,,,57,A
367689040,2022-01-06T16:00:04,35.09624,-90.17713,0.0,292.1,21.0,RICK CALHOUN,,WDI3506,31,12,52,,,57,A
367689040,2022-01-06T13:10:14,35.04662,-90.18467,2.4,79.1,34.0,RICK CALHOUN,,WDI3506,31,12,52,,,57,A
367689040,2022-01-06T17:12:43,35.11096,-90.17485,4.9,16.0,22.0,RICK CALHOUN,,WDI3506,31,12,52,,,57,A
367689040,2022-01-06T16:46:05,35.09619,-90.17700,0.1,111.2,17.0,RICK CALHOUN,,WDI3506,31,12,52,,,57,A
367689040,2022-01-06T13:14:53,35.04889,-90.18258,2.8,25.0,28.0,RICK CALHOUN,,WDI3506,31,12,52,,,57,A
367689040,2022-01-06T13:39:04,35.04911,-90.18218,0.2,51.2,29.0,RICK CALHOUN,,WDI3506,31,12,52,,,57,A
367689040,2022-01-06T16:07:14,35.09624,-90.17713,0.0,292.0,20.0,RICK CALHOUN,,WDI3506,31,12,52,,,57,A
367689040,2022-01-06T16:49:33,35.09618,-90.17698,0.0,104.8,17.0,RICK CALHOUN,,WDI3506,31,12,52,,,57,A
367689040,2022-01-06T16:47:14,35.09618,-90.17696,0.0,104.0,17.0,RICK CALHOUN,,WDI3506,31,12,52,,,57,A
367689040,2022-01-06T16:09:24,35.09624,-90.17711,0.0,292.0,19.0,RICK CALHOUN,,WDI3506,31,12,52,,,57,A
367689040,2022-01-06T16:12:54,35.09623,-90.17709,0.0,292.0,20.0,RICK CALHOUN,,WDI3506,31,12,52,,,57,A
367689040,2022-01-06T17:22:05,35.12210,-90.16677,4.9,45.0,47.0,RICK CALHOUN,,WDI3506,31,12,52,,,57,A
367689040,2022-01-06T16:52:53,35.09618,-90.17698,0.0,104.0,17.0,RICK CALHOUN,,WDI3506,31,12,52,,,57,A
367689040,2022-01-06T17:23:14,35.12320,-90.16537,4.9,43.5,48.0,RICK CALHOUN,,WDI3506,31,12,52,,,57,A
367689040,2022-01-06T13:25:24,35.04972,-90.18174,0.1,205.2,30.0,RICK CALHOUN,,WDI3506,31,12,52,,,57,A
367689040,2022-01-06T13:47:13,35.04931,-90.18191,0.3,336.9,29.0,RICK CALHOUN,,WDI3506,31,12,52,,,57,A
367689040,2022-01-06T16:16:24,35.09622,-90.17710,0.0,292.1,20.0,RICK CALHOUN,,WDI3506,31,12,52,,,57,A
367689040,2022-01-06T16:59:44,35.09553,-90.17660,0.9,3.6,2.0,RICK CALHOUN,,WDI3506,31,12,52,,,57,A
367689040,2022-01-06T16:58:34,35.09545,-90.17670,0.9,134.0,6.0,RICK CALHOUN,,WDI3506,31,12,52,,,57,A
367689040,2022-01-06T17:27:53,35.12739,-90.15983,4.7,53.0,60.0,RICK CALHOUN,,WDI3506,31,12,52,,,57,A
367689040,2022-01-06T13:28:35,35.04951,-90.18184,0.3,222.0,30.0,RICK CALHOUN,,WDI3506,31,12,52,,,57,A
367689040,2022-01-06T17:02:45,35.09761,-90.17680,3.8,359.0,6.0,RICK CALHOUN,,WDI3506,31,12,52,,,57,A
367689040,2022-01-06T17:03:54,35.09899,-90.17671,4.5,3.0,5.0,RICK CALHOUN,,WDI3506,31,12,52,,,57,A
367689040,2022-01-06T17:35:53,35.13212,-90.14780,5.0,60.0,84.0,RICK CALHOUN,,WDI3506,31,12,52,,,57,A
367689040,2022-01-06T17:06:15,35.10226,-90.17661,5.4,357.0,5.0,RICK CALHOUN,,WDI3506,31,12,52,,,57,A
367689040,2022-01-06T17:08:34,35.10572,-90.17687,5.0,3.0,17.0,RICK CALHOUN,,WDI3506,31,12,52,,,57,A
367689040,2022-01-06T16:24:44,35.09622,-90.17709,0.0,292.0,20.0,RICK CALHOUN,,WDI3506,31,12,52,,,57,A
367689040,2022-01-06T17:40:23,35.13262,-90.14096,4.6,89.0,97.0,RICK CALHOUN,,WDI3506,31,12,52,,,57,A
367689040,2022-01-06T16:28:24,35.09622,-90.17708,0.0,292.0,20.0,RICK CALHOUN,,WDI3506,31,12,52,,,57,A
367689040,2022-01-06T14:02:23,35.05718,-90.17936,3.7,15.0,10.0,RICK CALHOUN,,WDI3506,31,12,52,,,57,A
367689040,2022-01-06T17:13:54,35.11245,-90.17412,4.9,22.0,24.0,RICK CALHOUN,,WDI3506,31,12,52,,,57,A
367689040,2022-01-06T14:03:33,35.05835,-90.17909,3.7,4.1,7.0,RICK CALHOUN,,WDI3506,31,12,52,,,57,A
367689040,2022-01-06T13:42:33,35.04922,-90.18211,0.1,63.9,31.0,RICK CALHOUN,,WDI3506,31,12,52,,,57,A
367689040,2022-01-06T17:45:55,35.13235,-90.13376,2.8,95.0,106.0,RICK CALHOUN,,WDI3506,31,12,52,,,57,A
367689040,2022-01-06T16:34:25,35.09621,-90.17704,0.0,292.0,19.0,RICK CALHOUN,,WDI3506,31,12,52,,,57,A
367689040,2022-01-06T16:35:33,35.09621,-90.17707,0.0,292.0,19.0,RICK CALHOUN,,WDI3506,31,12,52,,,57,A
367689040,2022-01-06T17:49:15,35.13203,-90.13065,2.4,99.0,113.0,RICK CALHOUN,,WDI3506,31,12,52,,,57,A
367689040,2022-01-06T17:15:04,35.11394,-90.17336,5.0,25.6,29.0,RICK CALHOUN,,WDI3506,31,12,52,,,57,A
367689040,2022-01-06T16:37:54,35.09620,-90.17704,0.0,292.0,19.0,RICK CALHOUN,,WDI3506,31,12,52,,,57,A
367689040,2022-01-06T17:17:24,35.11682,-90.17141,5.2,31.0,32.0,RICK CALHOUN,,WDI3506,31,12,52,,,57,A
367689040,2022-01-06T17:18:35,35.11840,-90.17059,5.1,27.0,41.0,RICK CALHOUN,,WDI3506,31,12,52,,,57,A
367689040,2022-01-06T14:14:05,35.07115,-90.17831,4.8,356.0,359.0,RICK CALHOUN,,WDI3506,31,12,52,,,57,A
367689040,2022-01-06T16:42:33,35.09621,-90.17708,0.0,292.0,20.0,RICK CALHOUN,,WDI3506,31,12,52,,,57,A
367689040,2022-01-06T17:26:45,35.12646,-90.16124,4.8,45.0,56.0,RICK CALHOUN,,WDI3506,31,12,52,,,57,A
367689040,2022-01-06T17:59:55,35.12698,-90.12112,5.0,131.3,123.0,RICK CALHOUN,,WDI3506,31,12,52,,,57,A
367689040,2022-01-06T14:17:33,35.07590,-90.17867,5.0,355.6,354.0,RICK CALHOUN,,WDI3506,31,12,52,,,57,A
367689040,2022-01-06T17:28:54,35.12814,-90.15849,4.7,57.8,65.0,RICK CALHOUN,,WDI3506,31,12,52,,,57,A
367689040,2022-01-06T17:25:34,35.12540,-90.16262,4.8,47.9,52.0,RICK CALHOUN,,WDI3506,31,12,52,,,57,A
367689040,2022-01-06T18:04:54,35.12337,-90.11471,4.3,118.0,115.0,RICK CALHOUN,,WDI3506,31,12,52,,,57,A
367689040,2022-01-06T17:31:14,35.12953,-90.15516,5.0,61.9,69.0,RICK CALHOUN,,WDI3506,31,12,52,,,57,A
367689040,2022-01-06T16:50:34,35.09618,-90.17697,0.0,104.8,17.0,RICK CALHOUN,,WDI3506,31,12,52,,,57,A
367689040,2022-01-06T18:07:24,35.12208,-90.11147,4.2,119.4,111.0,RICK CALHOUN,,WDI3506,31,12,52,,,57,A
367689040,2022-01-06T17:33:34,35.13078,-90.15140,5.1,69.0,73.0,RICK CALHOUN,,WDI3506,31,12,52,,,57,A
367689040,2022-01-06T18:03:44,35.12400,-90.11625,4.4,123.0,116.0,RICK CALHOUN,,WDI3506,31,12,52,,,57,A
367689040,2022-01-06T17:34:44,35.13146,-90.14960,5.0,71.0,79.0,RICK CALHOUN,,WDI3506,31,12,52,,,57,A
367689040,2022-01-06T17:41:34,35.13261,-90.13913,4.8,83.0,99.0,RICK CALHOUN,,WDI3506,31,12,52,,,57,A
367689040,2022-01-06T18:13:24,35.11969,-90.10359,4.1,105.0,96.0,RICK CALHOUN,,WDI3506,31,12,52,,,57,A
367689040,2022-01-06T16:57:25,35.09578,-90.17691,1.3,166.0,12.0,RICK CALHOUN,,WDI3506,31,12,52,,,57,A
367689040,2022-01-06T18:10:54,35.12050,-90.10696,4.1,109.0,102.0,RICK CALHOUN,,WDI3506,31,12,52,,,57,A
367689040,2022-01-06T14:32:43,35.09459,-90.17826,2.6,57.0,16.0,RICK CALHOUN,,WDI3506,31,12,52,,,57,A
367689040,2022-01-06T17:48:14,35.13215,-90.13151,2.9,98.0,111.0,RICK CALHOUN,,WDI3506,31,12,52,,,57,A
367689040,2022-01-06T17:42:43,35.13255,-90.13734,4.2,91.0,100.0,RICK CALHOUN,,WDI3506,31,12,52,,,57,A
367689040,2022-01-06T17:43:44,35.13254,-90.13597,3.9,94.0,103.0,RICK CALHOUN,,WDI3506,31,12,52,,,57,A
367689040,2022-01-06T17:05:04,35.10054,-90.17664,5.0,2.0,4.0,RICK CALHOUN,,WDI3506,31,12,52,,,57,A
367689040,2022-01-06T17:50:23,35.13191,-90.12985,1.9,105.1,115.0,RICK CALHOUN,,WDI3506,31,12,52,,,57,A
367689040,2022-01-06T17:51:34,35.13176,-90.12923,1.5,102.0,118.0,RICK CALHOUN,,WDI3506,31,12,52,,,57,A
367689040,2022-01-06T18:20:15,35.11947,-90.09442,4.2,77.0,72.0,RICK CALHOUN,,WDI3506,31,12,52,,,57,A
367689040,2022-01-06T18:23:43,35.12080,-90.08956,4.6,63.0,59.0,RICK CALHOUN,,WDI3506,31,12,52,,,57,A
367689040,2022-01-06T18:21:24,35.11978,-90.09284,4.2,70.6,67.0,RICK CALHOUN,,WDI3506,31,12,52,,,57,A
367689040,2022-01-06T14:43:05,35.09617,-90.17704,0.3,60.0,17.0,RICK CALHOUN,,WDI3506,31,12,52,,,57,A
367689040,2022-01-06T18:29:24,35.12475,-90.08195,4.7,52.3,49.0,RICK CALHOUN,,WDI3506,31,12,52,,,57,A
367689040,2022-01-06T14:47:54,35.09621,-90.17700,0.0,297.0,18.0,RICK CALHOUN,,WDI3506,31,12,52,,,57,A
367689040,2022-01-06T17:53:55,35.13134,-90.12807,2.0,118.0,122.0,RICK CALHOUN,,WDI3506,31,12,52,,,57,A
367689040,2022-01-06T17:16:13,35.11536,-90.17245,5.1,26.0,31.0,RICK CALHOUN,,WDI3506,31,12,52,,,57,A
367689040,2022-01-06T17:55:03,35.13085,-90.12721,3.4,124.0,124.0,RICK CALHOUN,,WDI3506,31,12,52,,,57,A
367689040,2022-01-06T14:50:14,35.09623,-90.17704,0.1,292.0,19.0,RICK CALHOUN,,WDI3506,31,12,52,,,57,A
367689040,2022-01-06T17:19:44,35.11971,-90.16943,5.0,39.0,44.0,RICK CALHOUN,,WDI3506,31,12,52,,,57,A
367689040,2022-01-06T14:52:45,35.09625,-90.17711,0.1,294.0,20.0,RICK CALHOUN,,WDI3506,31,12,52,,,57,A
367689040,2022-01-06T18:37:04,35.13116,-90.07461,3.9,25.0,30.0,RICK CALHOUN,,WDI3506,31,12,52,,,57,A
367689040,2022-01-06T18:00:04,35.12685,-90.12092,4.9,128.0,123.0,RICK CALHOUN,,WDI3506,31,12,52,,,57,A
367689040,2022-01-06T17:24:24,35.12432,-90.16401,4.9,45.0,50.0,RICK CALHOUN,,WDI3506,31,12,52,,,57,A
367689040,2022-01-06T18:12:04,35.12015,-90.10536,4.1,106.6,100.0,RICK CALHOUN,,WDI3506,31,12,52,,,57,A
367689040,2022-01-06T17:30:03,35.12885,-90.15688,4.8,66.3,67.0,RICK CALHOUN,,WDI3506,31,12,52,,,57,A
367689040,2022-01-06T18:46:34,35.14078,-90.06860,4.5,23.0,27.0,RICK CALHOUN,,WDI3506,31,12,52,,,57,A
367689040,2022-01-06T18:16:45,35.11897,-90.09918,4.0,97.0,83.0,RICK CALHOUN,,WDI3506,31,12,52,,,57,A
367689040,2022-01-06T18:44:04,35.13807,-90.07014,4.1,24.0,27.0,RICK CALHOUN,,WDI3506,31,12,52,,,57,A
367689040,2022-01-06T14:25:44,35.08711,-90.18115,5.0,349.0,0.0,RICK CALHOUN,,WDI3506,31,12,52,,,57,A
367689040,2022-01-06T18:17:53,35.11903,-90.09765,4.0,85.0,80.0,RICK CALHOUN,,WDI3506,31,12,52,,,57,A
367689040,2022-01-06T14:28:04,35.09024,-90.18140,4.8,356.0,13.0,RICK CALHOUN,,WDI3506,31,12,52,,,57,A
367689040,2022-01-06T18:50:04,35.14442,-90.06599,4.1,28.0,18.0,RICK CALHOUN,,WDI3506,31,12,52,,,57,A
367689040,2022-01-06T18:22:33,35.12025,-90.09122,4.4,71.0,63.0,RICK CALHOUN,,WDI3506,31,12,52,,,57,A
367689040,2022-01-06T18:26:04,35.12231,-90.08640,4.7,52.7,54.0,RICK CALHOUN,,WDI3506,31,12,52,,,57,A
367689040,2022-01-06T14:31:33,35.09401,-90.17918,3.5,45.0,20.0,RICK CALHOUN,,WDI3506,31,12,52,,,57,A
367689040,2022-01-06T18:52:25,35.14676,-90.06445,3.9,20.4,11.0,RICK CALHOUN,,WDI3506,31,12,52,,,57,A
367689040,2022-01-06T18:27:13,35.12309,-90.08484,4.7,56.0,53.0,RICK CALHOUN,,WDI3506,31,12,52,,,57,A
367689040,2022-01-06T15:10:24,35.09623,-90.17709,0.0,295.0,20.0,RICK CALHOUN,,WDI3506,31,12,52,,,57,A
367689040,2022-01-06T18:33:33,35.12802,-90.07711,4.0,45.0,35.0,RICK CALHOUN,,WDI3506,31,12,52,,,57,A
367689040,2022-01-06T14:35:05,35.09534,-90.17685,1.5,31.0,2.0,RICK CALHOUN,,WDI3506,31,12,52,,,57,A
367689040,2022-01-06T18:32:13,35.12697,-90.07845,4.4,48.0,41.0,RICK CALHOUN,,WDI3506,31,12,52,,,57,A
367689040,2022-01-06T19:05:34,35.16143,-90.06268,4.3,11.0,6.0,RICK CALHOUN,,WDI3506,31,12,52,,,57,A
367689040,2022-01-06T15:12:45,35.09623,-90.17710,0.0,295.1,20.0,RICK CALHOUN,,WDI3506,31,12,52,,,57,A
367689040,2022-01-06T18:24:53,35.12149,-90.08795,4.7,64.0,56.0,RICK CALHOUN,,WDI3506,31,12,52,,,57,A
367689040,2022-01-06T19:08:44,35.16518,-90.06217,4.3,2.2,2.0,RICK CALHOUN,,WDI3506,31,12,52,,,57,A
367689040,2022-01-06T18:35:53,35.13003,-90.07538,3.8,29.0,30.0,RICK CALHOUN,,WDI3506,31,12,52,,,57,A
367689040,2022-01-06T18:59:25,35.15423,-90.06347,4.1,2.0,3.0,RICK CALHOUN,,WDI3506,31,12,52,,,57,A
367689040,2022-01-06T14:39:34,35.09644,-90.17701,0.4,246.0,12.0,RICK CALHOUN,,WDI3506,31,12,52,,,57,A
367689040,2022-01-06T19:03:04,35.15852,-90.06328,4.3,7.0,7.0,RICK CALHOUN,,WDI3506,31,12,52,,,57,A
367689040,2022-01-06T18:38:14,35.13228,-90.07388,4.0,26.6,30.0,RICK CALHOUN,,WDI3506,31,12,52,,,57,A
367689040,2022-01-06T15:17:25,35.09622,-90.17708,0.0,295.0,20.0,RICK CALHOUN,,WDI3506,31,12,52,,,57,A
367689040,2022-01-06T18:40:34,35.13470,-90.07247,4.2,22.0,34.0,RICK CALHOUN,,WDI3506,31,12,52,,,57,A
367689040,2022-01-06T19:15:44,35.17353,-90.06191,4.2,2.0,0.0,RICK CALHOUN,,WDI3506,31,12,52,,,57,A
367689040,2022-01-06T18:41:44,35.13573,-90.07147,4.1,44.7,29.0,RICK CALHOUN,,WDI3506,31,12,52,,,57,A
367689040,2022-01-06T14:44:25,35.09619,-90.17692,0.1,108.7,16.0,RICK CALHOUN,,WDI3506,31,12,52,,,57,A
367689040,2022-01-06T18:42:53,35.13681,-90.07072,4.0,15.0,25.0,RICK CALHOUN,,WDI3506,31,12,52,,,57,A
367689040,2022-01-06T15:21:04,35.09624,-90.17713,0.0,292.0,21.0,RICK CALHOUN,,WDI3506,31,12,52,,,57,A
367689040,2022-01-06T17:57:24,35.12915,-90.12443,4.9,124.0,125.0,RICK CALHOUN,,WDI3506,31,12,52,,,57,A
367689040,2022-01-06T14:49:05,35.09622,-90.17701,0.1,293.0,18.0,RICK CALHOUN,,WDI3506,31,12,52,,,57,A
367689040,2022-01-06T19:14:33,35.17211,-90.06203,4.3,2.0,2.0,RICK CALHOUN,,WDI3506,31,12,52,,,57,A
367689040,2022-01-06T18:48:54,35.14327,-90.06682,4.4,37.0,22.0,RICK CALHOUN,,WDI3506,31,12,52,,,57,A
367689040,2022-01-06T15:29:13,35.09625,-90.17713,0.0,292.0,20.0,RICK CALHOUN,,WDI3506,31,12,52,,,57,A
367689040,2022-01-06T14:55:04,35.09625,-90.17714,0.0,295.1,21.0,RICK CALHOUN,,WDI3506,31,12,52,,,57,A
367689040,2022-01-06T14:58:33,35.09625,-90.17712,0.0,295.0,21.0,RICK CALHOUN,,WDI3506,31,12,52,,,57,A
367689040,2022-01-06T19:35:25,35.19657,-90.06289,3.9,356.0,355.0,RICK CALHOUN,,WDI3506,31,12,52,,,57,A
367689040,2022-01-06T18:58:15,35.15287,-90.06345,4.1,357.0,3.0,RICK CALHOUN,,WDI3506,31,12,52,,,57,A
367689040,2022-01-06T18:51:15,35.14560,-90.06509,4.1,33.0,13.0,RICK CALHOUN,,WDI3506,31,12,52,,,57,A
367689040,2022-01-06T18:53:33,35.14789,-90.06400,3.8,16.0,8.0,RICK CALHOUN,,WDI3506,31,12,52,,,57,A
367689040,2022-01-06T18:54:45,35.14911,-90.06362,3.8,6.0,3.0,RICK CALHOUN,,WDI3506,31,12,52,,,57,A
367689040,2022-01-06T19:07:35,35.16385,-90.06229,4.3,7.0,3.0,RICK CALHOUN,,WDI3506,31,12,52,,,57,A
367689040,2022-01-06T19:33:14,35.19419,-90.06292,4.0,359.0,357.0,RICK CALHOUN,,WDI3506,31,12,52,,,57,A
367689040,2022-01-06T19:42:23,35.20410,-90.06389,4.0,342.0,340.0,RICK CALHOUN,,WDI3506,31,12,52,,,57,A
367689040,2022-01-06T19:12:15,35.16936,-90.06206,4.2,355.0,0.0,RICK CALHOUN,,WDI3506,31,12,52,,,57,A
367689040,2022-01-06T19:38:53,35.20035,-90.06301,3.9,357.5,348.0,RICK CALHOUN,,WDI3506,31,12,52,,,57,A
367689040,2022-01-06T19:41:15,35.20288,-90.06357,3.9,346.0,343.0,RICK CALHOUN,,WDI3506,31,12,52,,,57,A
367689040,2022-01-06T19:48:14,35.21048,-90.06701,4.4,332.7,330.0,RICK CALHOUN,,WDI3506,31,12,52,,,57,A
367689040,2022-01-06T19:18:04,35.17624,-90.06159,4.2,7.0,355.0,RICK CALHOUN,,WDI3506,31,12,52,,,57,A
367689040,2022-01-06T19:09:55,35.16660,-90.06212,4.3,2.0,2.0,RICK CALHOUN,,WDI3506,31,12,52,,,57,A
367689040,2022-01-06T19:20:25,35.17885,-90.06171,4.1,355.0,354.0,RICK CALHOUN,,WDI3506,31,12,52,,,57,A
367689040,2022-01-06T15:16:14,35.09622,-90.17708,0.0,295.1,21.0,RICK CALHOUN,,WDI3506,31,12,52,,,57,A
367689040,2022-01-06T19:21:33,35.18020,-90.06180,4.1,355.0,353.0,RICK CALHOUN,,WDI3506,31,12,52,,,57,A
367689040,2022-01-06T19:13:24,35.17074,-90.06206,4.3,3.0,2.0,RICK CALHOUN,,WDI3506,31,12,52,,,57,A
367689040,2022-01-06T19:22:43,35.18152,-90.06205,4.2,350.0,354.0,RICK CALHOUN,,WDI3506,31,12,52,,,57,A
367689040,2022-01-06T19:56:05,35.21858,-90.07311,4.3,322.9,326.0,RICK CALHOUN,,WDI3506,31,12,52,,,57,A
367689040,2022-01-06T19:19:13,35.17753,-90.06162,4.1,358.2,354.0,RICK CALHOUN,,WDI3506,31,12,52,,,57,A
367689040,2022-01-06T20:00:24,35.22254,-90.07677,4.0,324.0,331.0,RICK CALHOUN,,WDI3506,31,12,52,,,57,A
367689040,2022-01-06T15:23:24,35.09625,-90.17715,0.0,292.0,21.0,RICK CALHOUN,,WDI3506,31,12,52,,,57,A
367689040,2022-01-06T19:28:24,35.18840,-90.06277,4.5,3.0,358.0,RICK CALHOUN,,WDI3506,31,12,52,,,57,A
367689040,2022-01-06T15:30:24,35.09625,-90.17712,0.0,292.1,19.0,RICK CALHOUN,,WDI3506,31,12,52,,,57,A
367689040,2022-01-06T18:45:25,35.13950,-90.06937,4.3,30.0,27.0,RICK CALHOUN,,WDI3506,31,12,52,,,57,A
367689040,2022-01-06T19:34:15,35.19531,-90.06294,4.0,355.4,357.0,RICK CALHOUN,,WDI3506,31,12,52,,,57,A
367689040,2022-01-06T19:43:34,35.20536,-90.06437,4.0,337.9,337.0,RICK CALHOUN,,WDI3506,31,12,52,,,57,A
367689040,2022-01-06T20:11:14,35.23327,-90.08322,4.2,335.0,335.0,RICK CALHOUN,,WDI3506,31,12,52,,,57,A
367689040,2022-01-06T20:14:43,35.23700,-90.08503,4.1,331.0,330.0,RICK CALHOUN,,WDI3506,31,12,52,,,57,A
367689040,2022-01-06T18:55:54,35.15034,-90.06352,3.9,4.4,3.0,RICK CALHOUN,,WDI3506,31,12,52,,,57,A
367689040,2022-01-06T19:45:53,35.20788,-90.06560,4.2,338.0,334.0,RICK CALHOUN,,WDI3506,31,12,52,,,57,A
367689040,2022-01-06T16:08:15,35.09624,-90.17713,0.0,292.0,20.0,RICK CALHOUN,,WDI3506,31,12,52,,,57,A
367689040,2022-01-06T19:47:04,35.20914,-90.06627,4.4,333.8,333.0,RICK CALHOUN,,WDI3506,31,12,52,,,57,A
367689040,2022-01-06T19:04:14,35.15989,-90.06303,4.2,10.8,7.0,RICK CALHOUN,,WDI3506,31,12,52,,,57,A
367689040,2022-01-06T19:58:15,35.22061,-90.07507,4.2,323.0,328.0,RICK CALHOUN,,WDI3506,31,12,52,,,57,A
367689040,2022-01-06T19:52:34,35.21510,-90.07014,4.3,327.0,326.0,RICK CALHOUN,,WDI3506,31,12,52,,,57,A
367689040,2022-01-06T20:22:54,35.24514,-90.09055,4.2,320.0,324.0,RICK CALHOUN,,WDI3506,31,12,52,,,57,A
367689040,2022-01-06T19:53:43,35.21626,-90.07105,4.4,324.0,326.0,RICK CALHOUN,,WDI3506,31,12,52,,,57,A
367689040,2022-01-06T19:54:53,35.21742,-90.07204,4.4,325.0,326.0,RICK CALHOUN,,WDI3506,31,12,52,,,57,A
367689040,2022-01-06T20:27:34,35.24945,-90.09523,4.6,327.0,334.0,RICK CALHOUN,,WDI3506,31,12,52,,,57,A
367689040,2022-01-06T20:32:14,35.25458,-90.09880,4.6,330.0,342.0,RICK CALHOUN,,WDI3506,31,12,52,,,57,A
367689040,2022-01-06T15:51:14,35.09623,-90.17712,0.0,292.1,20.0,RICK CALHOUN,,WDI3506,31,12,52,,,57,A
367689040,2022-01-06T15:52:23,35.09624,-90.17711,0.0,292.0,20.0,RICK CALHOUN,,WDI3506,31,12,52,,,57,A
367689040,2022-01-06T19:59:24,35.22166,-90.07600,4.0,325.4,329.0,RICK CALHOUN,,WDI3506,31,12,52,,,57,A
367689040,2022-01-06T15:53:24,35.09624,-90.17713,0.0,292.1,20.0,RICK CALHOUN,,WDI3506,31,12,52,,,57,A
367689040,2022-01-06T20:38:14,35.26180,-90.10193,4.5,348.9,345.0,RICK CALHOUN,,WDI3506,31,12,52,,,57,A
367689040,2022-01-06T20:01:55,35.22396,-90.07779,3.9,336.0,333.0,RICK CALHOUN,,WDI3506,31,12,52,,,57,A
367689040,2022-01-06T19:16:53,35.17487,-90.06176,4.2,2.0,358.0,RICK CALHOUN,,WDI3506,31,12,52,,,57,A
367689040,2022-01-06T15:54:25,35.09624,-90.17713,0.0,292.0,21.0,RICK CALHOUN,,WDI3506,31,12,52,,,57,A
367689040,2022-01-06T20:34:33,35.25732,-90.10029,4.6,340.0,344.0,RICK CALHOUN,,WDI3506,31,12,52,,,57,A
367689040,2022-01-06T20:39:24,35.26322,-90.10227,4.5,351.0,345.0,RICK CALHOUN,,WDI3506,31,12,52,,,57,A
367689040,2022-01-06T20:06:33,35.22833,-90.08085,3.9,331.0,335.0,RICK CALHOUN,,WDI3506,31,12,52,,,57,A
367689040,2022-01-06T20:47:34,35.27278,-90.10501,4.4,345.9,344.0,RICK CALHOUN,,WDI3506,31,12,52,,,57,A
367689040,2022-01-06T19:23:45,35.18271,-90.06218,4.2,353.0,353.0,RICK CALHOUN,,WDI3506,31,12,52,,,57,A
367689040,2022-01-06T20:41:44,35.26611,-90.10286,4.4,346.0,342.0,RICK CALHOUN,,WDI3506,31,12,52,,,57,A
367689040,2022-01-06T19:24:54,35.18409,-90.06244,4.4,352.1,356.0,RICK CALHOUN,,WDI3506,31,12,52,,,57,A
367689040,2022-01-06T16:29:44,35.09621,-90.17706,0.0,292.0,20.0,RICK CALHOUN,,WDI3506,31,12,52,,,57,A
367689040,2022-01-06T19:29:35,35.18987,-90.06272,4.5,2.0,357.0,RICK CALHOUN,,WDI3506,31,12,52,,,57,A
367689040,2022-01-06T20:15:54,35.23816,-90.08584,4.1,328.0,330.0,RICK CALHOUN,,WDI3506,31,12,52,,,57,A
367689040,2022-01-06T20:54:44,35.28119,-90.10720,4.3,346.0,351.0,RICK CALHOUN,,WDI3506,31,12,52,,,57,A
367689040,2022-01-06T19:32:05,35.19282,-90.06277,4.2,351.0,355.0,RICK CALHOUN,,WDI3506,31,12,52,,,57,A
367689040,2022-01-06T16:36:45,35.09621,-90.17704,0.0,292.0,19.0,RICK CALHOUN,,WDI3506,31,12,52,,,57,A
367689040,2022-01-06T20:20:35,35.24292,-90.08875,4.1,335.4,326.0,RICK CALHOUN,,WDI3506,31,12,52,,,57,A
367689040,2022-01-06T19:36:33,35.19782,-90.06291,3.9,0.0,354.0,RICK CALHOUN,,WDI3506,31,12,52,,,57,A
367689040,2022-01-06T20:24:04,35.24616,-90.09168,4.3,316.0,324.0,RICK CALHOUN,,WDI3506,31,12,52,,,57,A
367689040,2022-01-06T16:39:05,35.09620,-90.17704,0.0,292.0,19.0,RICK CALHOUN,,WDI3506,31,12,52,,,57,A
367689040,2022-01-06T19:40:04,35.20159,-90.06327,3.9,352.0,346.0,RICK CALHOUN,,WDI3506,31,12,52,,,57,A
367689040,2022-01-06T16:41:25,35.09622,-90.17706,0.0,292.0,20.0,RICK CALHOUN,,WDI3506,31,12,52,,,57,A
367689040,2022-01-06T21:03:53,35.29224,-90.10835,4.3,4.3,358.0,RICK CALHOUN,,WDI3506,31,12,52,,,57,A
367689040,2022-01-06T20:40:33,35.26468,-90.10256,4.6,352.0,344.0,RICK CALHOUN,,WDI3506,31,12,52,,,57,A
367689040,2022-01-06T20:33:24,35.25594,-90.09953,4.6,335.0,342.0,RICK CALHOUN,,WDI3506,31,12,52,,,57,A
367689040,2022-01-06T20:42:54,35.26747,-90.10325,4.3,343.9,341.0,RICK CALHOUN,,WDI3506,31,12,52,,,57,A
367689040,2022-01-06T21:07:15,35.29621,-90.10865,4.2,358.0,0.0,RICK CALHOUN,,WDI3506,31,12,52,,,57,A
367689040,2022-01-06T16:20:05,35.09622,-90.17709,0.0,292.0,20.0,RICK CALHOUN,,WDI3506,31,12,52,,,57,A
367689040,2022-01-06T16:44:53,35.09620,-90.17703,0.1,109.3,19.0,RICK CALHOUN,,WDI3506,31,12,52,,,57,A
367689040,2022-01-06T21:12:24,35.30221,-90.10850,4.2,1.9,4.0,RICK CALHOUN,,WDI3506,31,12,52,,,57,A
367689040,2022-01-06T19:50:24,35.21284,-90.06842,4.4,330.2,327.0,RICK CALHOUN,,WDI3506,31,12,52,,,57,A
367689040,2022-01-06T16:48:25,35.09618,-90.17696,0.0,104.0,17.0,RICK CALHOUN,,WDI3506,31,12,52,,,57,A
367689040,2022-01-06T21:14:54,35.30517,-90.10829,4.3,6.0,9.0,RICK CALHOUN,,WDI3506,31,12,52,,,57,A
367689040,2022-01-06T21:18:15,35.30908,-90.10748,4.3,9.3,10.0,RICK CALHOUN,,WDI3506,31,12,52,,,57,A
367689040,2022-01-06T21:17:04,35.30768,-90.10785,4.3,10.0,11.0,RICK CALHOUN,,WDI3506,31,12,52,,,57,A
367689040,2022-01-06T16:25:54,35.09622,-90.17709,0.0,292.0,20.0,RICK CALHOUN,,WDI3506,31,12,52,,,57,A
367689040,2022-01-06T20:50:04,35.27570,-90.10606,4.3,345.4,349.0,RICK CALHOUN,,WDI3506,31,12,52,,,57,A
367689040,2022-01-06T21:01:34,35.28947,-90.10845,4.5,352.0,359.0,RICK CALHOUN,,WDI3506,31,12,52,,,57,A
367689040,2022-01-06T21:24:25,35.31636,-90.10543,4.4,12.0,13.0,RICK CALHOUN,,WDI3506,31,12,52,,,57,A
367689040,2022-01-06T21:25:33,35.31772,-90.10505,4.3,12.0,13.0,RICK CALHOUN,,WDI3506,31,12,52,,,57,A
367689040,2022-01-06T20:57:03,35.28392,-90.10784,4.3,349.1,354.0,RICK CALHOUN,,WDI3506,31,12,52,,,57,A
367689040,2022-01-06T21:29:04,35.32187,-90.10388,4.4,9.9,16.0,RICK CALHOUN,,WDI3506,31,12,52,,,57,A
367689040,2022-01-06T16:33:14,35.09621,-90.17702,0.0,292.0,19.0,RICK CALHOUN,,WDI3506,31,12,52,,,57,A
367689040,2022-01-06T20:05:25,35.22726,-90.08005,3.9,327.0,334.0,RICK CALHOUN,,WDI3506,31,12,52,,,57,A
367689040,2022-01-06T21:37:54,35.33168,-90.09965,4.2,21.0,16.0,RICK CALHOUN,,WDI3506,31,12,52,,,57,A
367689040,2022-01-06T21:31:24,35.32455,-90.10300,4.2,15.9,17.0,RICK CALHOUN,,WDI3506,31,12,52,,,57,A
367689040,2022-01-06T20:07:43,35.22948,-90.08154,4.0,339.0,337.0,RICK CALHOUN,,WDI3506,31,12,52,,,57,A
367689040,2022-01-06T20:10:05,35.23197,-90.08267,4.2,338.6,336.0,RICK CALHOUN,,WDI3506,31,12,52,,,57,A
367689040,2022-01-06T17:11:15,35.10903,-90.17563,4.7,18.0,18.0,RICK CALHOUN,,WDI3506,31,12,52,,,57,A
367689040,2022-01-06T20:12:24,35.23457,-90.08372,4.2,340.0,333.0,RICK CALHOUN,,WDI3506,31,12,52,,,57,A
367689040,2022-01-06T21:44:13,35.33881,-90.09653,4.3,21.0,16.0,RICK CALHOUN,,WDI3506,31,12,52,,,57,A
367689040,2022-01-06T21:10:54,35.30047,-90.10871,4.2,355.9,5.0,RICK CALHOUN,,WDI3506,31,12,52,,,57,A
367689040,2022-01-06T20:17:03,35.23933,-90.08662,4.1,334.0,330.0,RICK CALHOUN,,WDI3506,31,12,52,,,57,A
367689040,2022-01-06T21:41:54,35.33622,-90.09774,4.3,17.0,18.0,RICK CALHOUN,,WDI3506,31,12,52,,,57,A
367689040,2022-01-06T20:19:25,35.24173,-90.08809,4.1,335.4,329.0,RICK CALHOUN,,WDI3506,31,12,52,,,57,A
367689040,2022-01-06T21:51:34,35.34700,-90.09386,4.1,15.0,21.0,RICK CALHOUN,,WDI3506,31,12,52,,,57,A
367689040,2022-01-06T21:52:35,35.34811,-90.09338,4.1,22.0,21.0,RICK CALHOUN,,WDI3506,31,12,52,,,57,A
367689040,2022-01-06T17:20:53,35.12090,-90.16814,5.0,42.0,45.0,RICK CALHOUN,,WDI3506,31,12,52,,,57,A
367689040,2022-01-06T21:13:44,35.30373,-90.10840,4.2,5.0,6.0,RICK CALHOUN,,WDI3506,31,12,52,,,57,A
367689040,2022-01-06T21:57:04,35.35300,-90.09080,4.3,25.0,24.0,RICK CALHOUN,,WDI3506,31,12,52,,,57,A
367689040,2022-01-06T21:15:55,35.30632,-90.10811,4.3,10.0,10.0,RICK CALHOUN,,WDI3506,31,12,52,,,57,A
367689040,2022-01-06T20:26:23,35.24823,-90.09413,4.6,318.1,331.0,RICK CALHOUN,,WDI3506,31,12,52,,,57,A
367689040,2022-01-06T17:32:23,35.13020,-90.15334,5.1,67.0,72.0,RICK CALHOUN,,WDI3506,31,12,52,,,57,A
367689040,2022-01-06T16:51:44,35.09618,-90.17697,0.0,104.0,17.0,RICK CALHOUN,,WDI3506,31,12,52,,,57,A
367689040,2022-01-06T20:28:43,35.25066,-90.09622,4.5,327.0,337.0,RICK CALHOUN,,WDI3506,31,12,52,,,57,A
367689040,2022-01-06T20:29:54,35.25196,-90.09710,4.6,331.0,339.0,RICK CALHOUN,,WDI3506,31,12,52,,,57,A
367689040,2022-01-06T20:31:04,35.25326,-90.09787,4.5,333.0,339.0,RICK CALHOUN,,WDI3506,31,12,52,,,57,A
367689040,2022-01-06T21:23:15,35.31500,-90.10575,4.4,12.0,12.0,RICK CALHOUN,,WDI3506,31,12,52,,,57,A
367689040,2022-01-06T22:06:14,35.36189,-90.08489,2.8,37.0,40.0,RICK CALHOUN,,WDI3506,31,12,52,,,57,A
367689040,2022-01-06T16:54:05,35.09618,-90.17698,0.0,104.0,16.0,RICK CALHOUN,,WDI3506,31,12,52,,,57,A
367689040,2022-01-06T17:37:03,35.13262,-90.14607,4.5,77.0,93.0,RICK CALHOUN,,WDI3506,31,12,52,,,57,A
367689040,2022-01-06T16:55:13,35.09616,-90.17696,0.1,144.0,16.0,RICK CALHOUN,,WDI3506,31,12,52,,,57,A
367689040,2022-01-06T20:35:43,35.25870,-90.10090,4.6,338.0,344.0,RICK CALHOUN,,WDI3506,31,12,52,,,57,A
367689040,2022-01-06T16:56:24,35.09606,-90.17694,0.6,179.3,15.0,RICK CALHOUN,,WDI3506,31,12,52,,,57,A
367689040,2022-01-06T22:09:54,35.36264,-90.08322,0.7,78.0,30.0,RICK CALHOUN,,WDI3506,31,12,52,,,57,A
367689040,2022-01-06T21:27:54,35.32048,-90.10429,4.4,17.5,15.0,RICK CALHOUN,,WDI3506,31,12,52,,,57,A
367689040,2022-01-06T21:40:33,35.33467,-90.09835,4.3,19.0,16.0,RICK CALHOUN,,WDI3506,31,12,52,,,57,A
367689040,2022-01-06T21:30:15,35.32325,-90.10337,4.3,16.1,15.0,RICK CALHOUN,,WDI3506,31,12,52,,,57,A
367689040,2022-01-06T21:36:33,35.33021,-90.10037,4.2,21.0,18.0,RICK CALHOUN,,WDI3506,31,12,52,,,57,A
367689040,2022-01-06T17:44:54,35.13243,-90.13472,2.8,94.0,104.0,RICK CALHOUN,,WDI3506,31,12,52,,,57,A
367689040,2022-01-06T21:32:43,35.32604,-90.10241,4.2,18.1,18.0,RICK CALHOUN,,WDI3506,31,12,52,,,57,A
367689040,2022-01-06T17:47:04,35.13230,-90.13263,2.9,94.0,109.0,RICK CALHOUN,,WDI3506,31,12,52,,,57,A
367689040,2022-01-06T22:16:54,35.36341,-90.08282,0.5,356.0,30.0,RICK CALHOUN,,WDI3506,31,12,52,,,57,A
367689040,2022-01-06T20:45:24,35.27032,-90.10420,4.2,345.1,343.0,RICK CALHOUN,,WDI3506,31,12,52,,,57,A
367689040,2022-01-06T20:48:55,35.27440,-90.10552,4.4,346.0,345.0,RICK CALHOUN,,WDI3506,31,12,52,,,57,A
367689040,2022-01-06T21:45:25,35.34014,-90.09592,4.3,22.0,16.0,RICK CALHOUN,,WDI3506,31,12,52,,,57,A
367689040,2022-01-06T22:13:23,35.36290,-90.08293,0.5,354.0,28.0,RICK CALHOUN,,WDI3506,31,12,52,,,57,A
367689040,2022-01-06T17:58:44,35.12800,-90.12268,5.0,125.8,124.0,RICK CALHOUN,,WDI3506,31,12,52,,,57,A
367689040,2022-01-06T21:46:34,35.34138,-90.09537,4.2,17.4,16.0,RICK CALHOUN,,WDI3506,31,12,52,,,57,A
367689040,2022-01-06T21:55:54,35.35173,-90.09153,4.4,25.0,22.0,RICK CALHOUN,,WDI3506,31,12,52,,,57,A
367689040,2022-01-06T18:01:13,35.12588,-90.11943,4.8,129.0,122.0,RICK CALHOUN,,WDI3506,31,12,52,,,57,A
367689040,2022-01-06T21:49:04,35.34416,-90.09447,4.1,10.0,15.0,RICK CALHOUN,,WDI3506,31,12,52,,,57,A
367689040,2022-01-06T17:10:04,35.10763,-90.17628,4.6,17.8,19.0,RICK CALHOUN,,WDI3506,31,12,52,,,57,A
367689040,2022-01-06T21:50:15,35.34550,-90.09421,4.2,12.0,17.0,RICK CALHOUN,,WDI3506,31,12,52,,,57,A
367689040,2022-01-06T20:59:24,35.28674,-90.10821,4.4,355.0,356.0,RICK CALHOUN,,WDI3506,31,12,52,,,57,A
367689040,2022-01-06T22:00:13,35.35624,-90.08862,4.0,29.0,25.0,RICK CALHOUN,,WDI3506,31,12,52,,,57,A
367689040,2022-01-06T22:33:35,35.36462,-90.08237,0.5,8.9,33.0,RICK CALHOUN,,WDI3506,31,12,52,,,57,A
367689040,2022-01-06T18:06:05,35.12278,-90.11318,4.3,116.0,114.0,RICK CALHOUN,,WDI3506,31,12,52,,,57,A
367689040,2022-01-06T22:02:34,35.35856,-90.08732,4.0,22.7,29.0,RICK CALHOUN,,WDI3506,31,12,52,,,57,A
367689040,2022-01-06T21:53:45,35.34935,-90.09274,4.2,22.0,21.0,RICK CALHOUN,,WDI3506,31,12,52,,,57,A
367689040,2022-01-06T21:59:34,35.35559,-90.08902,4.1,26.0,24.0,RICK CALHOUN,,WDI3506,31,12,52,,,57,A
367689040,2022-01-06T21:05:04,35.29363,-90.10837,4.3,355.0,357.0,RICK CALHOUN,,WDI3506,31,12,52,,,57,A
367689040,2022-01-06T21:06:05,35.29478,-90.10853,4.3,353.0,358.0,RICK CALHOUN,,WDI3506,31,12,52,,,57,A
367689040,2022-01-06T18:08:34,35.12156,-90.10996,4.2,114.0,109.0,RICK CALHOUN,,WDI3506,31,12,52,,,57,A
367689040,2022-01-06T22:01:23,35.35738,-90.08798,3.9,24.0,27.0,RICK CALHOUN,,WDI3506,31,12,52,,,57,A
367689040,2022-01-06T21:08:25,35.29758,-90.10871,4.2,2.0,1.0,RICK CALHOUN,,WDI3506,31,12,52,,,57,A
367689040,2022-01-06T21:09:43,35.29909,-90.10878,4.2,1.0,4.0,RICK CALHOUN,,WDI3506,31,12,52,,,57,A
367689040,2022-01-06T22:04:54,35.36080,-90.08574,4.2,34.0,36.0,RICK CALHOUN,,WDI3506,31,12,52,,,57,A
367689040,2022-01-06T22:12:13,35.36277,-90.08298,0.4,37.0,28.0,RICK CALHOUN,,WDI3506,31,12,52,,,57,A
367689040,2022-01-06T18:14:45,35.11931,-90.10185,4.1,105.9,92.0,RICK CALHOUN,,WDI3506,31,12,52,,,57,A
367689040,2022-01-06T22:40:45,35.36518,-90.08179,0.4,16.0,29.0,RICK CALHOUN,,WDI3506,31,12,52,,,57,A
367689040,2022-01-06T22:14:34,35.36306,-90.08287,0.6,50.0,29.0,RICK CALHOUN,,WDI3506,31,12,52,,,57,A
367689040,2022-01-06T22:42:03,35.36531,-90.08176,0.4,28.0,29.0,RICK CALHOUN,,WDI3506,31,12,52,,,57,A
367689040,2022-01-06T22:44:33,35.36560,-90.08173,0.5,353.0,27.0,RICK CALHOUN,,WDI3506,31,12,52,,,57,A
367689040,2022-01-06T22:45:45,35.36571,-90.08167,0.3,35.0,27.0,RICK CALHOUN,,WDI3506,31,12,52,,,57,A
367689040,2022-01-06T22:20:24,35.36369,-90.08277,0.5,307.0,28.0,RICK CALHOUN,,WDI3506,31,12,52,,,57,A
367689040,2022-01-06T22:48:05,35.36593,-90.08163,0.4,357.5,29.0,RICK CALHOUN,,WDI3506,31,12,52,,,57,A
367689040,2022-01-06T21:20:44,35.31204,-90.10685,4.4,17.0,14.0,RICK CALHOUN,,WDI3506,31,12,52,,,57,A
367689040,2022-01-06T22:15:44,35.36321,-90.08277,0.6,355.6,27.0,RICK CALHOUN,,WDI3506,31,12,52,,,57,A
367689040,2022-01-06T21:26:45,35.31914,-90.10466,4.4,10.2,13.0,RICK CALHOUN,,WDI3506,31,12,52,,,57,A
367689040,2022-01-06T22:19:14,35.36361,-90.08275,0.2,21.8,28.0,RICK CALHOUN,,WDI3506,31,12,52,,,57,A
367689040,2022-01-06T22:23:54,35.36395,-90.08308,0.2,354.5,33.0,RICK CALHOUN,,WDI3506,31,12,52,,,57,A
367689040,2022-01-06T18:28:23,35.12398,-90.08328,4.8,57.0,52.0,RICK CALHOUN,,WDI3506,31,12,52,,,57,A
367689040,2022-01-06T22:29:04,35.36414,-90.08268,0.3,43.0,32.0,RICK CALHOUN,,WDI3506,31,12,52,,,57,A
367689040,2022-01-06T18:31:04,35.12602,-90.07985,4.7,50.0,45.0,RICK CALHOUN,,WDI3506,31,12,52,,,57,A
367689040,2022-01-06T22:58:44,35.36776,-90.07965,3.5,18.5,15.0,RICK CALHOUN,,WDI3506,31,12,52,,,57,A
367689040,2022-01-06T23:11:23,35.38350,-90.07471,4.5,21.0,21.0,RICK CALHOUN,,WDI3506,31,12,52,,,57,A
367689040,2022-01-06T22:25:33,35.36406,-90.08305,0.2,5.0,36.0,RICK CALHOUN,,WDI3506,31,12,52,,,57,A
367689040,2022-01-06T23:12:35,35.38492,-90.07399,4.7,20.0,21.0,RICK CALHOUN,,WDI3506,31,12,52,,,57,A
367689040,2022-01-06T23:13:44,35.38632,-90.07339,4.8,19.4,21.0,RICK CALHOUN,,WDI3506,31,12,52,,,57,A
367689040,2022-01-06T21:33:54,35.32736,-90.10190,4.2,18.0,19.0,RICK CALHOUN,,WDI3506,31,12,52,,,57,A
367689040,2022-01-06T22:30:13,35.36422,-90.08256,0.4,48.0,32.0,RICK CALHOUN,,WDI3506,31,12,52,,,57,A
367689040,2022-01-06T18:34:45,35.12908,-90.07634,3.7,28.1,33.0,RICK CALHOUN,,WDI3506,31,12,52,,,57,A
367689040,2022-01-06T22:26:45,35.36407,-90.08294,0.4,96.4,35.0,RICK CALHOUN,,WDI3506,31,12,52,,,57,A
367689040,2022-01-06T23:16:04,35.38920,-90.07189,4.9,20.0,19.0,RICK CALHOUN,,WDI3506,31,12,52,,,57,A
367689040,2022-01-06T22:27:54,35.36406,-90.08276,0.4,73.0,32.0,RICK CALHOUN,,WDI3506,31,12,52,,,57,A
367689040,2022-01-06T22:34:54,35.36480,-90.08231,0.4,22.0,36.0,RICK CALHOUN,,WDI3506,31,12,52,,,57,A
367689040,2022-01-06T17:38:04,35.13265,-90.14459,4.5,94.0,95.0,RICK CALHOUN,,WDI3506,31,12,52,,,57,A
367689040,2022-01-06T17:39:15,35.13264,-90.14273,4.6,89.0,96.0,RICK CALHOUN,,WDI3506,31,12,52,,,57,A
367689040,2022-01-06T22:31:24,35.36433,-90.08245,0.4,32.0,31.0,RICK CALHOUN,,WDI3506,31,12,52,,,57,A
367689040,2022-01-06T18:39:25,35.13348,-90.07312,4.1,26.0,30.0,RICK CALHOUN,,WDI3506,31,12,52,,,57,A
367689040,2022-01-06T22:43:24,35.36545,-90.08169,0.4,1.0,27.0,RICK CALHOUN,,WDI3506,31,12,52,,,57,A
367689040,2022-01-06T23:21:53,35.39632,-90.06808,4.9,38.0,33.0,RICK CALHOUN,,WDI3506,31,12,52,,,57,A
367689040,2022-01-06T23:24:24,35.39921,-90.06563,5.0,33.0,38.0,RICK CALHOUN,,WDI3506,31,12,52,,,57,A
367689040,2022-01-06T22:37:15,35.36489,-90.08201,0.3,32.0,30.0,RICK CALHOUN,,WDI3506,31,12,52,,,57,A
367689040,2022-01-06T22:46:53,35.36579,-90.08161,0.3,11.0,26.0,RICK CALHOUN,,WDI3506,31,12,52,,,57,A
367689040,2022-01-06T23:32:04,35.40661,-90.05841,4.0,51.0,56.0,RICK CALHOUN,,WDI3506,31,12,52,,,57,A
367689040,2022-01-06T22:51:34,35.36608,-90.08116,0.5,71.0,27.0,RICK CALHOUN,,WDI3506,31,12,52,,,57,A
367689040,2022-01-06T23:37:44,35.41031,-90.05144,4.6,52.0,55.0,RICK CALHOUN,,WDI3506,31,12,52,,,57,A
367689040,2022-01-06T22:49:15,35.36600,-90.08153,0.4,71.0,29.0,RICK CALHOUN,,WDI3506,31,12,52,,,57,A
367689040,2022-01-06T22:52:44,35.36613,-90.08094,0.6,76.0,26.0,RICK CALHOUN,,WDI3506,31,12,52,,,57,A
367689040,2022-01-06T23:38:55,35.41126,-90.05004,4.6,48.0,57.0,RICK CALHOUN,,WDI3506,31,12,52,,,57,A
367689040,2022-01-06T22:53:53,35.36617,-90.08066,0.8,80.0,22.0,RICK CALHOUN,,WDI3506,31,12,52,,,57,A
367689040,2022-01-06T22:50:25,35.36602,-90.08134,0.4,73.0,27.0,RICK CALHOUN,,WDI3506,31,12,52,,,57,A
367689040,2022-01-06T17:52:44,35.13162,-90.12865,1.5,119.0,121.0,RICK CALHOUN,,WDI3506,31,12,52,,,57,A
367689040,2022-01-06T22:56:25,35.36648,-90.08032,0.9,19.0,19.0,RICK CALHOUN,,WDI3506,31,12,52,,,57,A
367689040,2022-01-06T21:58:15,35.35425,-90.09001,4.3,28.4,25.0,RICK CALHOUN,,WDI3506,31,12,52,,,57,A
367689040,2022-01-06T22:59:54,35.36903,-90.07921,4.3,14.0,13.0,RICK CALHOUN,,WDI3506,31,12,52,,,57,A
367689040,2022-01-06T22:57:34,35.36688,-90.08008,2.0,27.0,17.0,RICK CALHOUN,,WDI3506,31,12,52,,,57,A
367689040,2022-01-06T19:00:03,35.15497,-90.06352,4.2,357.0,3.0,RICK CALHOUN,,WDI3506,31,12,52,,,57,A
367689040,2022-01-06T19:01:34,35.15672,-90.06352,4.2,4.2,7.0,RICK CALHOUN,,WDI3506,31,12,52,,,57,A
367689040,2022-01-06T23:03:13,35.37343,-90.07840,5.0,8.0,17.0,RICK CALHOUN,,WDI3506,31,12,52,,,57,A
367689040,2022-01-06T17:56:15,35.13004,-90.12595,4.4,128.0,123.0,RICK CALHOUN,,WDI3506,31,12,52,,,57,A
367689040,2022-01-06T23:07:55,35.37950,-90.07677,4.5,22.0,23.0,RICK CALHOUN,,WDI3506,31,12,52,,,57,A
367689040,2022-01-06T23:09:04,35.38082,-90.07609,4.5,24.0,22.0,RICK CALHOUN,,WDI3506,31,12,52,,,57,A
367689040,2022-01-06T23:05:43,35.37673,-90.07762,4.8,14.0,19.0,RICK CALHOUN,,WDI3506,31,12,52,,,57,A
367689040,2022-01-06T18:02:24,35.12492,-90.11792,4.6,124.0,118.0,RICK CALHOUN,,WDI3506,31,12,52,,,57,A
367689040,2022-01-06T23:18:25,35.39232,-90.07085,4.9,15.0,27.0,RICK CALHOUN,,WDI3506,31,12,52,,,57,A
367689040,2022-01-06T23:20:45,35.39511,-90.06922,4.7,31.0,35.0,RICK CALHOUN,,WDI3506,31,12,52,,,57,A
367689040,2022-01-06T23:49:44,35.41711,-90.03488,4.5,67.0,67.0,RICK CALHOUN,,WDI3506,31,12,52,,,57,A
367689040,2022-01-06T23:14:55,35.38778,-90.07264,4.8,24.0,20.0,RICK CALHOUN,,WDI3506,31,12,52,,,57,A
367689040,2022-01-06T18:09:44,35.12105,-90.10842,4.2,109.0,108.0,RICK CALHOUN,,WDI3506,31,12,52,,,57,A
367689040,2022-01-06T23:54:15,35.41970,-90.02826,5.1,65.6,69.0,RICK CALHOUN,,WDI3506,31,12,52,,,57,A
367689040,2022-01-06T23:57:43,35.42157,-90.02264,5.1,66.9,67.0,RICK CALHOUN,,WDI3506,31,12,52,,,57,A
367689040,2022-01-06T23:29:15,35.40441,-90.06124,4.4,36.0,51.0,RICK CALHOUN,,WDI3506,31,12,52,,,57,A
367689040,2022-01-06T22:22:43,35.36386,-90.08300,0.3,326.9,31.0,RICK CALHOUN,,WDI3506,31,12,52,,,57,A
367689040,2022-01-06T18:19:05,35.11923,-90.09599,4.1,80.0,76.0,RICK CALHOUN,,WDI3506,31,12,52,,,57,A
367689040,2022-01-06T19:26:03,35.18547,-90.06260,4.4,355.6,356.0,RICK CALHOUN,,WDI3506,31,12,52,,,57,A
367689040,2022-01-06T23:26:53,35.40192,-90.06327,4.7,38.0,43.0,RICK CALHOUN,,WDI3506,31,12,52,,,57,A
367689040,2022-01-06T22:32:25,35.36446,-90.08239,0.5,11.0,32.0,RICK CALHOUN,,WDI3506,31,12,52,,,57,A
367689040,2022-01-06T23:40:05,35.41225,-90.04865,4.6,49.5,58.0,RICK CALHOUN,,WDI3506,31,12,52,,,57,A
367689040,2022-01-06T22:36:04,35.36484,-90.08215,0.5,85.0,33.0,RICK CALHOUN,,WDI3506,31,12,52,,,57,A
367689040,2022-01-06T23:36:43,35.40957,-90.05271,4.5,54.0,55.0,RICK CALHOUN,,WDI3506,31,12,52,,,57,A
367689040,2022-01-06T22:39:34,35.36509,-90.08190,0.4,53.0,30.0,RICK CALHOUN,,WDI3506,31,12,52,,,57,A
367689040,2022-01-06T19:37:43,35.19911,-90.06292,3.9,2.0,351.0,RICK CALHOUN,,WDI3506,31,12,52,,,57,A
367689040,2022-01-06T23:46:14,35.41579,-90.03994,4.7,80.0,71.0,RICK CALHOUN,,WDI3506,31,12,52,,,57,A
367689040,2022-01-06T23:47:24,35.41609,-90.03817,4.5,72.0,68.0,RICK CALHOUN,,WDI3506,31,12,52,,,57,A
367689040,2022-01-06T23:56:33,35.42100,-90.02455,5.2,68.0,69.0,RICK CALHOUN,,WDI3506,31,12,52,,,57,A
367689040,2022-01-06T23:50:45,35.41765,-90.03347,4.6,64.3,67.0,RICK CALHOUN,,WDI3506,31,12,52,,,57,A
367689040,2022-01-06T23:58:53,35.42215,-90.02078,4.9,74.6,65.0,RICK CALHOUN,,WDI3506,31,12,52,,,57,A
367689040,2022-01-06T23:55:24,35.42038,-90.02645,5.2,65.0,69.0,RICK CALHOUN,,WDI3506,31,12,52,,,57,A
367689040,2022-01-06T19:51:25,35.21392,-90.06922,4.4,327.0,326.0,RICK CALHOUN,,WDI3506,31,12,52,,,57,A
367689040,2022-01-06T18:47:44,35.14204,-90.06770,4.4,31.0,24.0,RICK CALHOUN,,WDI3506,31,12,52,,,57,A
367689040,2022-01-06T23:04:25,35.37504,-90.07805,4.9,11.0,18.0,RICK CALHOUN,,WDI3506,31,12,52,,,57,A
367689040,2022-01-06T18:57:03,35.15159,-90.06344,3.9,1.0,3.0,RICK CALHOUN,,WDI3506,31,12,52,,,57,A
367689040,2022-01-06T20:03:15,35.22525,-90.07865,3.9,336.0,333.0,RICK CALHOUN,,WDI3506,31,12,52,,,57,A
367689040,2022-01-06T20:04:24,35.22635,-90.07940,3.8,331.3,333.0,RICK CALHOUN,,WDI3506,31,12,52,,,57,A
367689040,2022-01-06T19:11:04,35.16798,-90.06210,4.2,1.0,2.0,RICK CALHOUN,,WDI3506,31,12,52,,,57,A
367689040,2022-01-06T23:19:44,35.39395,-90.07001,4.7,28.0,32.0,RICK CALHOUN,,WDI3506,31,12,52,,,57,A
367689040,2022-01-06T23:28:04,35.40319,-90.06227,4.6,31.1,47.0,RICK CALHOUN,,WDI3506,31,12,52,,,57,A
367689040,2022-01-06T23:30:54,35.40581,-90.05965,4.0,50.0,55.0,RICK CALHOUN,,WDI3506,31,12,52,,,57,A
367689040,2022-01-06T20:21:43,35.24405,-90.08955,4.1,324.0,324.0,RICK CALHOUN,,WDI3506,31,12,52,,,57,A
367689040,2022-01-06T23:35:35,35.40874,-90.05411,4.3,56.0,54.0,RICK CALHOUN,,WDI3506,31,12,52,,,57,A
367689040,2022-01-06T19:27:14,35.18692,-90.06275,4.4,356.0,358.0,RICK CALHOUN,,WDI3506,31,12,52,,,57,A
367689040,2022-01-06T23:41:14,35.41326,-90.04722,4.7,50.0,63.0,RICK CALHOUN,,WDI3506,31,12,52,,,57,A
367689040,2022-01-06T19:30:54,35.19148,-90.06265,4.3,358.0,355.0,RICK CALHOUN,,WDI3506,31,12,52,,,57,A
367689040,2022-01-06T23:48:34,35.41654,-90.03649,4.4,69.0,67.0,RICK CALHOUN,,WDI3506,31,12,52,,,57,A
367689040,2022-01-06T23:51:54,35.41834,-90.03185,4.7,62.0,68.0,RICK CALHOUN,,WDI3506,31,12,52,,,57,A
367689040,2022-01-06T20:37:05,35.26035,-90.10152,4.6,342.0,345.0,RICK CALHOUN,,WDI3506,31,12,52,,,57,A
367689040,2022-01-06T19:44:44,35.20661,-90.06498,4.2,339.8,337.0,RICK CALHOUN,,WDI3506,31,12,52,,,57,A
367689040,2022-01-06T19:49:15,35.21160,-90.06766,4.4,330.0,329.0,RICK CALHOUN,,WDI3506,31,12,52,,,57,A
367689040,2022-01-06T20:53:34,35.27978,-90.10689,4.3,350.0,350.0,RICK CALHOUN,,WDI3506,31,12,52,,,57,A
367689040,2022-01-06T19:57:14,35.21963,-90.07418,4.4,315.0,328.0,RICK CALHOUN,,WDI3506,31,12,52,,,57,A
367689040,2022-01-06T20:08:54,35.23071,-90.08212,4.1,340.0,337.0,RICK CALHOUN,,WDI3506,31,12,52,,,57,A
367689040,2022-01-06T20:13:34,35.23584,-90.08432,4.2,337.0,331.0,RICK CALHOUN,,WDI3506,31,12,52,,,57,A
367689040,2022-01-06T20:18:13,35.24050,-90.08737,4.1,332.9,330.0,RICK CALHOUN,,WDI3506,31,12,52,,,57,A
367689040,2022-01-06T21:21:55,35.31342,-90.10631,4.4,17.0,14.0,RICK CALHOUN,,WDI3506,31,12,52,,,57,A
367689040,2022-01-06T20:25:14,35.24715,-90.09291,4.4,316.0,328.0,RICK CALHOUN,,WDI3506,31,12,52,,,57,A
367689040,2022-01-06T20:44:03,35.26880,-90.10372,4.2,344.0,342.0,RICK CALHOUN,,WDI3506,31,12,52,,,57,A
367689040,2022-01-06T21:39:04,35.33300,-90.09909,4.3,19.0,17.0,RICK CALHOUN,,WDI3506,31,12,52,,,57,A
367689040,2022-01-06T20:46:33,35.27162,-90.10464,4.2,338.0,343.0,RICK CALHOUN,,WDI3506,31,12,52,,,57,A
367689040,2022-01-06T20:51:14,35.27705,-90.10637,4.3,347.0,350.0,RICK CALHOUN,,WDI3506,31,12,52,,,57,A
367689040,2022-01-06T20:52:25,35.27844,-90.10662,4.3,348.0,350.0,RICK CALHOUN,,WDI3506,31,12,52,,,57,A
367689040,2022-01-06T20:55:55,35.28256,-90.10754,4.3,352.3,352.0,RICK CALHOUN,,WDI3506,31,12,52,,,57,A
367689040,2022-01-06T21:47:54,35.34287,-90.09488,4.1,14.7,16.0,RICK CALHOUN,,WDI3506,31,12,52,,,57,A
367689040,2022-01-06T20:58:14,35.28536,-90.10805,4.4,354.0,354.0,RICK CALHOUN,,WDI3506,31,12,52,,,57,A
367689040,2022-01-06T21:02:45,35.29087,-90.10834,4.4,7.2,358.0,RICK CALHOUN,,WDI3506,31,12,52,,,57,A
367689040,2022-01-06T21:54:53,35.35060,-90.09213,4.3,21.0,22.0,RICK CALHOUN,,WDI3506,31,12,52,,,57,A
367689040,2022-01-06T22:03:45,35.35973,-90.08667,4.0,29.0,35.0,RICK CALHOUN,,WDI3506,31,12,52,,,57,A
367689040,2022-01-06T21:19:25,35.31047,-90.10729,4.4,7.5,14.0,RICK CALHOUN,,WDI3506,31,12,52,,,57,A
367689040,2022-01-06T22:11:05,35.36268,-90.08305,0.3,20.7,28.0,RICK CALHOUN,,WDI3506,31,12,52,,,57,A
367689040,2022-01-06T22:18:04,35.36354,-90.08280,0.3,20.0,29.0,RICK CALHOUN,,WDI3506,31,12,52,,,57,A
367689040,2022-01-06T21:35:04,35.32864,-90.10128,4.3,23.8,20.0,RICK CALHOUN,,WDI3506,31,12,52,,,57,A
367689040,2022-01-06T21:43:04,35.33754,-90.09717,4.3,18.6,18.0,RICK CALHOUN,,WDI3506,31,12,52,,,57,A
367689040,2022-01-06T22:38:25,35.36500,-90.08197,0.4,8.0,31.0,RICK CALHOUN,,WDI3506,31,12,52,,,57,A
367689040,2022-01-06T22:07:34,35.36245,-90.08417,1.8,59.9,40.0,RICK CALHOUN,,WDI3506,31,12,52,,,57,A
367689040,2022-01-06T22:08:44,35.36259,-90.08359,1.4,82.3,34.0,RICK CALHOUN,,WDI3506,31,12,52,,,57,A
367689040,2022-01-06T22:55:15,35.36628,-90.08043,0.5,24.0,19.0,RICK CALHOUN,,WDI3506,31,12,52,,,57,A
367689040,2022-01-06T22:21:34,35.36379,-90.08294,0.4,308.6,31.0,RICK CALHOUN,,WDI3506,31,12,52,,,57,A
367689040,2022-01-06T23:06:45,35.37805,-90.07725,4.7,9.0,20.0,RICK CALHOUN,,WDI3506,31,12,52,,,57,A
367689040,2022-01-06T23:10:14,35.38217,-90.07539,4.5,21.0,22.0,RICK CALHOUN,,WDI3506,31,12,52,,,57,A
367689040,2022-01-06T23:17:15,35.39073,-90.07134,5.0,13.0,20.0,RICK CALHOUN,,WDI3506,31,12,52,,,57,A
367689040,2022-01-06T23:25:45,35.40073,-90.06436,4.9,33.0,42.0,RICK CALHOUN,,WDI3506,31,12,52,,,57,A
367689040,2022-01-06T23:00:54,35.37027,-90.07889,4.7,8.8,13.0,RICK CALHOUN,,WDI3506,31,12,52,,,57,A
367689040,2022-01-06T23:02:03,35.37182,-90.07867,4.9,7.0,15.0,RICK CALHOUN,,WDI3506,31,12,52,,,57,A
367689040,2022-01-06T23:33:13,35.40736,-90.05706,4.2,60.5,57.0,RICK CALHOUN,,WDI3506,31,12,52,,,57,A
367689040,2022-01-06T23:23:15,35.39786,-90.06680,5.0,35.0,35.0,RICK CALHOUN,,WDI3506,31,12,52,,,57,A
367689040,2022-01-06T23:53:04,35.41901,-90.03012,4.9,64.1,68.0,RICK CALHOUN,,WDI3506,31,12,52,,,57,A
367689040,2022-01-06T23:34:24,35.40803,-90.05557,4.3,60.0,56.0,RICK CALHOUN,,WDI3506,31,12,52,,,57,A
367689040,2022-01-06T23:42:24,35.41417,-90.04575,4.8,55.0,68.0,RICK CALHOUN,,WDI3506,31,12,52,,,57,A
367689040,2022-01-06T23:43:34,35.41492,-90.04406,4.7,66.5,72.0,RICK CALHOUN,,WDI3506,31,12,52,,,57,A
367689040,2022-01-06T23:44:54,35.41550,-90.04204,4.7,74.0,74.0,RICK CALHOUN,,WDI3506,31,12,52,,,57,A
